-0.434248 0
-0.449678 0.01543
-0.451101 0.00902144
-0.455549 0.00777694
-0.461927 0.00877308
-0.460792 0.00725259
-0.459516 0.006261
-0.457282 0.00586406
-0.458639 0.00534672
-0.455616 0.00565789
-0.457386 0.00541529
-0.452206 0.00716056
-0.450549 0.006792
-0.451086 0.00631112
-0.447463 0.00690292
-0.449004 0.00663843
-0.445581 0.00711352
-0.446123 0.00672859
-0.445201 0.00643104
-0.444541 0.00613657
-0.444417 0.00583836
-0.443461 0.00564825
-0.443921 0.0054167
-0.443944 0.00518614
-0.443887 0.0049747
-0.441544 0.00532287
-0.443012 0.00532799
-0.443637 0.00517217
-0.442298 0.00516722
-0.440227 0.00540474
-0.440118 0.00522862
-0.438664 0.00526725
-0.438644 0.00510518
-0.439186 0.00498227
-0.43938 0.00484171
-0.439122 0.00471236
-0.439673 0.00461622
-0.440388 0.00454962
-0.439715 0.00448217
-0.440456 0.00443108
-0.440236 0.00432728
-0.44106 0.00430262
-0.440292 0.00427081
-0.44023 0.00417308
-0.44015 0.00408008
-0.440599 0.00401563
-0.441374 0.00400485
-0.440734 0.00397236
-0.440765 0.00389057
-0.440076 0.00387373
-0.439986 0.00379808
-0.440457 0.00375397
-0.439762 0.0037475
-0.440161 0.00369905
-0.440585 0.00365586
-0.441133 0.00363157
-0.440964 0.0035713
-0.440882 0.00351014
-0.440704 0.00345476
-0.441594 0.00351153
-0.441953 0.00347211
-0.441378 0.0034637
-0.440716 0.00347213
-0.440732 0.00341749
-0.440129 0.0034182
-0.439587 0.00340935
-0.439673 0.00335917
-0.439589 0.00331047
-0.439272 0.00327748
-0.439628 0.0032499
-0.439932 0.0032182
-0.439889 0.00317349
-0.439701 0.00313538
-0.4392 0.00313294
-0.439022 0.00309604
-0.438821 0.00306161
-0.438907 0.0030228
-0.438956 0.00298419
-0.439432 0.00298446
-0.439618 0.00295276
-0.440205 0.00297465
-0.440126 0.00293923
-0.440057 0.00290442
-0.440002 0.00287015
-0.440184 0.00284199
-0.440548 0.00283224
-0.440881 0.00281923
-0.439988 0.00292646
-0.439808 0.00289902
-0.439572 0.00287628
-0.439407 0.00284928
-0.439229 0.00282375
-0.43955 0.00281153
-0.439809 0.0027935
-0.440062 0.00277552
-0.440215 0.0027507
-0.440487 0.00273574
-0.440774 0.00272288
-0.440473 0.002712
-0.440753 0.00269931
