7.66362
7.59345
7.53557
7.4836
7.44149
7.42527
7.4226
7.43843
7.46286
7.49645
7.53245
7.56447
7.60193
7.64842
7.69884
7.75924
7.82137
7.87163
7.90038
7.88999
7.85108
7.7813
7.69339
7.60585
7.53193
7.46487
7.42092
7.39793
7.40947
7.45235
7.52494
7.61787
7.71539
7.80104
7.86648
7.90068
7.90025
7.87444
7.81887
7.76004
7.69414
7.6506
7.63096
7.63361
7.66454
7.71926
7.77393
7.8272
7.86959
7.89492
7.90315
7.88665
7.8604
7.83958
7.82672
7.81836
7.82911
7.84626
7.86097
7.86785
7.86447
7.83309
7.77616
7.6901
7.5904
7.47733
7.37616
7.28938
7.22502
7.18171
7.16879
7.18665
7.21887
7.26771
7.30889
7.34829
7.38158
7.41486
7.44992
7.49373
7.543
7.60639
7.67402
7.73967
7.78692
7.81757
7.82663
7.81918
7.7979
7.77611
7.76259
7.75857
7.7721
7.79808
7.84169
7.8948
7.95307
8.00489
8.03967
8.06316
8.07519
8.08083
8.08199
8.09164
8.09612
8.08298
8.04878
7.98384
7.8921
7.78199
7.67093
7.55943
7.46166
7.36926
7.30183
7.26189
7.25238
7.26387
7.292
7.32621
7.36861
7.41824
7.47251
7.52746
7.58783
7.66151
7.73832
7.8131
7.87562
7.91836
7.9344
7.9192
7.8765
7.80922
7.71853
7.62382
7.53063
7.44692
7.38502
7.35561
7.3613
7.40344
7.47647
7.55233
7.61953
7.66378
7.68844
7.69181
7.68179
7.68181
7.68323
7.6901
7.68389
7.65757
7.61074
7.53811
7.44791
7.35996
7.28627
7.2495
7.25474
7.30374
7.39694
7.5194
7.65447
7.78692
7.89871
7.98539
8.04098
8.06112
8.05632
8.02762
7.9814
7.93157
7.89284
7.86782
7.85486
7.85285
7.85734
7.85401
7.83647
7.81053
7.77827
7.7386
7.68955
7.64447
7.59466
7.54085
7.49888
7.48637
7.50634
7.57009
7.66204
7.76421
7.85332
7.90247
7.90313
7.8648
7.79493
7.72703
7.67734
7.65199
7.6602
7.69048
7.73189
7.76074
7.76139
7.73022
7.66746
7.59268
7.5137
7.42638
7.34632
7.27213
7.21062
7.15557
7.12699
7.13526
7.18322
7.27517
7.40908
7.57053
7.74111
7.90074
8.02545
8.09239
8.09478
8.03967
7.9396
7.82208
7.70114
7.58711
7.48788
7.40596
7.3459
7.31024
7.30369
7.31764
7.34986
7.39247
7.43706
7.47901
7.51657
7.55619
7.60546
7.66786
7.74909
7.84592
7.95705
8.06645
8.15944
8.21068
8.22546
8.19566
8.13473
8.04359
7.94438
7.85241
7.78199
7.74533
7.74571
7.78365
7.85013
7.93294
8.02093
8.10415
8.17134
8.20849
8.201
8.14703
8.04638
7.90664
7.73771
7.56614
7.39178
7.23043
7.08896
6.98284
6.91428
6.88339
6.90008
6.96742
7.07149
7.21751
7.38471
7.56763
7.74911
7.89839
7.99848
8.03718
8.01014
7.92445
7.78809
7.64125
7.49759
7.38729
7.31953
7.30482
7.34197
7.42417
7.52904
7.6422
7.73176
7.78949
7.8151
7.81621
7.8161
7.8236
7.85165
7.89004
7.93786
7.96499
7.96676
7.93289
7.86156
7.76907
7.65126
7.5213
7.38786
7.27298
7.18124
7.13756
7.12875
7.16553
7.23415
7.32792
7.43604
7.54417
7.65476
7.75246
7.83643
7.91087
7.96484
8.00485
8.02878
8.04232
8.03977
8.02886
8.00825
7.97179
7.92548
7.8684
7.80676
7.7453
7.69221
7.64505
7.60458
7.5766
7.55143
7.53149
7.52005
7.50775
7.50791
7.51561
7.53546
7.56424
7.60337
7.65076
7.69722
7.73564
7.77141
7.79168
7.7983
7.77952
7.74552
7.6968
7.64499
7.60113
7.56463
7.54826
7.5513
7.57864
7.62846
7.70072
7.77966
7.85906
7.92058
7.95632
7.95973
7.92925
7.87036
7.80007
7.72388
7.65744
7.60397
7.56694
7.54385
7.52845
7.51855
7.51119
7.51898
7.55164
7.61687
7.71134
7.82777
7.94801
8.05665
8.1445
8.18744
8.18806
8.14285
8.06018
7.9467
7.82112
7.69833
7.59227
7.51793
7.4759
7.47115
7.49648
7.55909
7.652
7.76255
7.88998
8.02176
8.13706
8.20939
8.21516
8.1376
7.98813
7.78276
7.54924
7.31859
7.11262
6.93893
6.81802
6.73499
6.70373
6.72287
6.77633
6.8748
7.0084
7.18634
7.3867
7.59929
7.79456
7.94362
8.0427
8.0837
8.0753
8.04041
7.9938
7.95835
7.94416
7.95819
7.99356
8.04526
8.10066
8.13933
8.15291
8.13103
8.08298
8.02853
7.97222
7.91688
7.85905
7.80551
7.73519
7.66615
7.59935
7.53662
7.48646
7.44791
7.43187
7.43397
7.4619
7.50811
7.57037
7.63819
7.71041
7.78068
7.8437
7.89444
7.92355
7.93187
7.91884
7.86888
7.77445
7.6546
7.52212
7.39097
7.28746
7.2262
7.21524
7.25051
7.3313
7.43064
7.53859
7.64064
7.72382
7.78499
7.82167
7.84025
7.84461
7.83907
7.8287
7.80099
7.75777
7.70045
7.63414
7.56745
7.51081
7.46706
7.45241
7.46246
7.50955
7.56725
7.63013
7.6794
7.71524
7.72553
7.72126
7.70249
7.68323
7.6689
7.65994
7.66139
7.66886
7.68003
7.69494
7.7075
7.7094
7.69855
7.68097
7.66625
7.65581
7.67104
7.70631
7.7723
7.85732
7.94013
8.00309
8.0368
8.04221
8.02122
7.98435
7.93298
7.87994
7.84064
7.8088
7.78954
7.76942
7.74242
7.71287
7.68457
7.6442
7.59709
7.55095
7.50284
7.45137
7.40262
7.3591
7.33081
7.30393
7.30016
7.30378
7.32133
7.34522
7.37904
7.42222
7.47513
7.53856
7.61734
7.70743
7.79545
7.87522
7.9367
7.98185
8.00613
8.01422
8.02065
8.00687
7.98288
7.94045
7.87954
7.79828
7.70722
7.62605
7.55931
7.52753
7.52558
7.53032
7.53886
7.53994
7.52687
7.49087
7.43118
7.35957
7.28963
7.24089
7.22651
7.25527
7.30609
7.37873
7.45618
7.51285
7.53664
7.53646
7.50416
7.45684
7.40702
7.37047
7.35487
7.36519
7.40001
7.45129
7.50974
7.56636
7.62363
7.68938
7.76666
7.84542
7.93426
8.03106
8.11541
8.18581
8.22758
8.23923
8.22689
8.192
8.14475
8.09199
8.04738
8.00694
7.97559
7.94265
7.91121
7.86844
7.81857
7.75512
7.69104
7.62501
7.57085
7.51604
7.46051
7.39887
7.32293
7.24204
7.1601
7.09743
7.05883
7.06518
7.11729
7.22688
7.37725
7.56132
7.75835
7.94715
8.10369
8.21495
8.28441
8.30392
8.29153
8.24227
8.17773
8.09746
8.00797
7.9036
7.79482
7.68139
7.55945
7.44202
7.32792
7.23814
7.17822
7.1473
7.15097
7.19538
7.2644
7.36499
7.47761
7.59313
7.70411
7.79467
7.87396
7.92666
7.95735
7.9655
7.95931
7.93006
7.88954
7.83887
7.77716
7.72638
7.68519
7.65798
7.63926
7.61718
7.59086
7.56958
7.57504
7.61283
7.67788
7.76267
7.84873
7.91621
7.96009
7.97689
7.97477
7.95901
7.93338
7.90671
7.87164
7.83187
7.80143
7.78741
7.80307
7.85378
7.94106
8.04888
8.17794
8.29796
8.37967
8.39019
8.3191
8.1641
7.95253
7.69891
7.44548
7.20085
7.00167
6.84758
6.74359
6.69605
6.68233
6.71694
6.78208
6.85895
6.94886
7.0364
7.11734
7.19231
7.25838
7.32521
7.38961
7.45972
7.54639
7.64366
7.74659
7.84855
7.94703
8.03168
8.10672
8.15775
8.17697
8.16574
8.11872
8.0477
7.96448
7.89747
7.85371
7.83492
7.84692
7.87038
7.88766
7.88568
7.86
7.81034
7.74303
7.68362
7.65175
7.65527
7.69412
7.75838
7.83436
7.90514
7.95965
7.99632
7.99434
7.96052
7.90675
7.84229
7.77112
7.70262
7.63797
7.57588
7.51454
7.45103
7.38065
7.30855
7.23726
7.17782
7.14783
7.1595
7.2026
7.2877
7.39616
7.52042
7.6467
7.77248
7.87835
7.97098
8.03736
8.04832
7.9992
7.87483
7.6873
7.44955
7.19664
6.95591
6.74773
6.59559
6.51244
6.50667
6.57889
6.72253
6.91016
7.12479
7.34484
7.54408
7.71914
7.86877
7.98903
8.08329
8.14575
8.18058
8.19086
8.17635
8.15194
8.11014
8.06632
8.01965
7.97038
7.92794
7.89827
7.89509
7.91439
7.94821
7.98257
8.01882
8.04172
8.03788
7.99578
7.92599
7.82931
7.71806
7.60657
7.50076
7.40971
7.33937
7.27303
7.22893
7.20418
7.20163
7.22647
7.27663
7.34559
7.42291
7.5072
7.60096
7.69959
7.81315
7.93775
8.05729
8.16467
8.23988
8.27979
8.27379
8.23851
8.18798
8.12642
8.07841
8.04808
8.02979
8.02177
8.01991
8.00644
7.97623
7.93537
7.8855
7.83887
7.81077
7.79582
7.78771
7.78448
7.76841
7.73141
7.67306
7.61552
7.56652
7.51351
7.47832
7.45567
7.44938
7.45828
7.48421
7.52896
7.58454
7.63889
7.68844
7.7327
7.76813
7.78662
7.7954
7.79028
7.76973
7.72887
7.66773
7.6021
7.53767
7.495
7.47913
7.49643
7.54168
7.61247
7.693
7.76751
7.83029
7.86658
7.8746
7.84431
7.77225
7.66787
7.54036
7.41206
7.29301
7.21198
7.16316
7.15319
7.17984
7.23393
7.30919
7.39492
7.46723
7.51919
7.54831
7.56152
7.57394
7.59199
7.62059
7.65192
7.68125
7.70928
7.72968
7.7326
7.73678
7.73648
7.74463
7.75937
7.78974
7.81955
7.8732
7.94225
8.03229
8.14118
8.27472
8.41148
8.53434
8.63151
8.67757
8.65046
8.54923
8.38451
8.17565
7.9537
7.74434
7.55738
7.4094
7.3033
7.23549
7.19725
7.18559
7.17932
7.17044
7.15331
7.12112
7.08937
7.0641
7.05535
7.06433
7.1058
7.16972
7.24997
7.35154
7.45813
7.57749
7.6876
7.79819
7.90349
7.99177
8.06066
8.11021
8.11657
8.0875
8.01433
7.91225
7.80073
7.70249
7.63058
7.58395
7.5702
7.58727
7.62564
7.68558
7.75947
7.83873
7.91515
7.99642
8.06695
8.11687
8.14453
