0.8
0.808452
0.817118
0.82493
0.831015
0.834671
0.835574
0.834028
0.830823
0.826955
0.823176
0.819649
0.81592
0.81116
0.804668
0.796474
0.787642
0.780024
0.775603
0.775756
0.780706
0.789544
0.80065
0.812251
0.822898
0.831511
0.837273
0.83944
0.837341
0.830703
0.820046
0.806726
0.792715
0.780005
0.770256
0.764611
0.763658
0.767281
0.774572
0.783861
0.793077
0.80031
0.804193
0.804127
0.800332
0.793613
0.785288
0.776918
0.770071
0.765955
0.765125
0.767228
0.771124
0.775224
0.778121
0.778902
0.777446
0.774379
0.77084
0.768202
0.767873
0.77101
0.778157
0.788957
0.80229
0.816681
0.830539
0.842527
0.85162
0.85722
0.859186
0.857927
0.854391
0.849778
0.845283
0.841647
0.839017
0.836904
0.834363
0.830363
0.824267
0.816107
0.80671
0.797352
0.789487
0.784205
0.781888
0.78224
0.784444
0.787363
0.789908
0.791121
0.790301
0.786949
0.781007
0.773052
0.764308
0.756296
0.750272
0.746649
0.74486
0.743782
0.742402
0.740351
0.738326
0.738036
0.741478
0.749698
0.762226
0.777569
0.794094
0.810526
0.825836
0.83897
0.848884
0.854792
0.856556
0.854928
0.851176
0.84632
0.840855
0.834791
0.828086
0.820676
0.812437
0.803286
0.793366
0.783306
0.774325
0.767943
0.765444
0.767349
0.773303
0.782456
0.793865
0.806528
0.819316
0.830888
0.83962
0.843926
0.842834
0.836432
0.826145
0.814574
0.804561
0.798076
0.795404
0.795406
0.796468
0.797238
0.796893
0.795641
0.794785
0.796144
0.801261
0.810548
0.823017
0.83644
0.848057
0.855281
0.856372
0.850766
0.839119
0.823133
0.805042
0.787245
0.771778
0.75998
0.752403
0.748961
0.74924
0.752515
0.757681
0.763357
0.768085
0.770756
0.771101
0.76979
0.768307
0.768141
0.77012
0.774102
0.779311
0.785098
0.791332
0.798243
0.805886
0.813523
0.819591
0.822048
0.819099
0.810124
0.796232
0.780293
0.766262
0.757803
0.756991
0.763404
0.774408
0.786317
0.795815
0.800888
0.801071
0.797471
0.792432
0.788897
0.789099
0.793693
0.801795
0.811882
0.822638
0.8333
0.843492
0.852992
0.861451
0.868122
0.871824
0.871248
0.865262
0.853312
0.835584
0.813324
0.789036
0.7663
0.748978
0.740059
0.740563
0.749364
0.763887
0.781224
0.798823
0.814863
0.828302
0.838714
0.845991
0.85009
0.850938
0.84848
0.843301
0.836651
0.830092
0.82463
0.82027
0.816124
0.810946
0.803616
0.793481
0.780615
0.76587
0.75087
0.737764
0.7287
0.725269
0.72804
0.736457
0.74897
0.763282
0.776638
0.78657
0.791536
0.791092
0.785778
0.776735
0.765274
0.752824
0.740963
0.731297
0.725559
0.725477
0.732247
0.74592
0.765238
0.78811
0.812395
0.83633
0.858453
0.877483
0.892313
0.902104
0.906291
0.904576
0.896884
0.883393
0.864609
0.841522
0.816008
0.790763
0.769092
0.754172
0.748263
0.752124
0.764725
0.783459
0.804839
0.825317
0.841771
0.851857
0.854249
0.848831
0.83681
0.820721
0.804003
0.790128
0.781415
0.778196
0.778858
0.780627
0.780854
0.778137
0.772791
0.766639
0.762079
0.761122
0.764834
0.773322
0.78602
0.801886
0.819455
0.836884
0.852191
0.863678
0.870127
0.871004
0.866472
0.857354
0.845004
0.830929
0.816533
0.802799
0.790275
0.77928
0.770018
0.762721
0.757476
0.754194
0.752721
0.752888
0.754645
0.75805
0.763145
0.769831
0.777784
0.786399
0.794941
0.802791
0.80956
0.815106
0.819529
0.823035
0.825835
0.827978
0.829416
0.829942
0.829322
0.827368
0.823993
0.819215
0.813261
0.806572
0.799822
0.79384
0.789484
0.787459
0.788155
0.791444
0.796658
0.802695
0.808296
0.812342
0.814054
0.812918
0.808689
0.801464
0.791767
0.780647
0.76963
0.760529
0.755031
0.75427
0.758452
0.766724
0.777417
0.788534
0.798318
0.805757
0.810688
0.813708
0.815741
0.817453
0.818729
0.8186
0.815645
0.808693
0.79754
0.783101
0.767171
0.752095
0.740194
0.733356
0.732722
0.738515
0.750007
0.765541
0.782944
0.799914
0.814505
0.825311
0.831582
0.833131
0.830187
0.823084
0.812038
0.797277
0.779461
0.760277
0.742688
0.730508
0.727383
0.735505
0.754618
0.782199
0.814375
0.847085
0.876989
0.901847
0.920419
0.932341
0.937788
0.937166
0.930838
0.918885
0.901182
0.877911
0.850272
0.820901
0.7934
0.77128
0.75669
0.749886
0.749484
0.753202
0.75847
0.76284
0.764376
0.762015
0.755772
0.746885
0.73759
0.730509
0.727833
0.730297
0.736967
0.745791
0.754797
0.763082
0.770904
0.779123
0.788404
0.798702
0.80927
0.819111
0.827249
0.833037
0.836036
0.836036
0.833157
0.827742
0.820357
0.811727
0.802645
0.793828
0.785832
0.779075
0.773955
0.771207
0.772018
0.777646
0.78871
0.804509
0.822982
0.841242
0.856342
0.865937
0.86869
0.864503
0.854471
0.840562
0.825218
0.810757
0.798901
0.790452
0.785244
0.782469
0.78131
0.781298
0.782516
0.785482
0.790584
0.797765
0.80641
0.815444
0.823556
0.829537
0.832314
0.83118
0.826124
0.818161
0.809233
0.801635
0.796989
0.79563
0.796828
0.79934
0.801985
0.803829
0.80429
0.803202
0.800745
0.797459
0.794057
0.791368
0.790133
0.790819
0.793326
0.796712
0.799336
0.7994
0.795666
0.788046
0.777768
0.766983
0.75803
0.752724
0.751873
0.755177
0.761413
0.768879
0.775915
0.781422
0.785135
0.787549
0.789587
0.792027
0.795276
0.799343
0.804138
0.809653
0.815957
0.823012
0.83052
0.837888
0.844353
0.849305
0.852413
0.853662
0.853279
0.851568
0.848755
0.844852
0.839638
0.832702
0.823659
0.812391
0.799485
0.78624
0.774267
0.764725
0.757987
0.753815
0.751578
0.750709
0.750913
0.752472
0.756387
0.763875
0.775222
0.788921
0.802148
0.812276
0.818056
0.819841
0.818974
0.817189
0.816257
0.817759
0.822756
0.83128
0.842003
0.852471
0.859929
0.862387
0.85919
0.851231
0.840555
0.829754
0.821239
0.816754
0.816983
0.821345
0.828226
0.835407
0.840652
0.842351
0.840057
0.83456
0.827421
0.820099
0.813327
0.806901
0.800185
0.792423
0.783115
0.772218
0.76037
0.748905
0.739505
0.733599
0.73184
0.733974
0.738988
0.745594
0.752588
0.758976
0.764153
0.768052
0.771282
0.774857
0.779701
0.786108
0.793598
0.80128
0.808351
0.814536
0.820136
0.82604
0.83322
0.842293
0.853011
0.864199
0.874075
0.880514
0.881583
0.875868
0.862752
0.842839
0.817892
0.790703
0.76461
0.742615
0.726724
0.717689
0.715223
0.718286
0.725426
0.735243
0.746712
0.759266
0.772754
0.7872
0.802607
0.818688
0.834692
0.849566
0.862102
0.871099
0.875695
0.875325
0.869955
0.8601
0.846828
0.831535
0.815762
0.800904
0.788068
0.777902
0.770597
0.766047
0.764018
0.764247
0.766544
0.770693
0.776194
0.782192
0.787629
0.791657
0.794277
0.796531
0.799857
0.804513
0.808974
0.810677
0.807837
0.800545
0.790555
0.780323
0.771983
0.766686
0.764607
0.76524
0.767806
0.771578
0.776072
0.780978
0.785838
0.789798
0.791616
0.789867
0.783336
0.771446
0.754795
0.735521
0.717157
0.704111
0.700489
0.708731
0.728807
0.758291
0.793209
0.829183
0.862457
0.890344
0.911407
0.92519
0.931949
0.932471
0.927811
0.919292
0.90841
0.896564
0.884966
0.87443
0.865251
0.857219
0.849699
0.841876
0.83296
0.822525
0.810552
0.797421
0.783769
0.770394
0.758062
0.747579
0.7399
0.736194
0.737558
0.744162
0.75467
0.766369
0.776364
0.7826
0.784378
0.782307
0.778038
0.773882
0.772207
0.774631
0.781129
0.789719
0.797308
0.801035
0.799382
0.792495
0.78189
0.769794
0.758502
0.749948
0.745457
0.745609
0.750224
0.758287
0.768258
0.77865
0.788447
0.797298
0.805429
0.813427
0.821972
0.831576
0.842133
0.852691
0.861717
0.867418
0.868294
0.863635
0.853719
0.839802
0.823789
0.807457
0.791894
0.777469
0.764668
0.754937
0.750879
0.755349
0.769925
0.793955
0.824704
0.858287
0.89068
0.918355
0.938524
0.949267
0.949534
0.939323
0.919858
0.893587
0.863722
0.833648
0.805953
0.782085
0.762519
0.747156
0.735795
0.728276
0.724526
0.724272
0.726902
0.731612
0.737766
0.745015
0.75305
0.761215
0.768346
0.773135
0.774802
0.773276
0.769251
0.763852
0.758626
0.755307
0.755504
0.760339
0.769981
0.783451
0.799045
0.814924
0.829655
0.842414
0.852859
0.860945
0.866552
0.869409
0.869184
0.865687
0.859086
0.849934
0.838946
0.8268
0.813788
0.799687
0.784118
0.767114
0.749707
0.733925
0.722122
0.71588
0.715498
0.719972
0.727452
0.735841
0.743245
0.748328
0.7507
0.751014
0.750731
0.75169
0.755258
0.76165
0.769695
0.777422
0.783052
0.785879
0.786713
0.787392
0.789879
0.795026
0.802326
0.810525
0.818399
0.825072
0.829978
0.832721
0.832972
0.830604
0.825792
0.819006
0.811005
0.802684
0.794977
0.788591
0.783839
0.780691
0.779108
0.779363
0.781969
0.787284
0.795081
0.804314
0.813283
0.82006
0.823061
0.821511
0.815612
0.806429
0.795591
0.784809
0.775659
0.769521
0.767602
0.770863
0.779675
0.793502
0.810694
0.828687
0.84475
0.856777
0.86372
0.865434
0.862207
0.854667
0.843982
0.83215
0.821614
0.814294
0.81067
0.809733
0.809624
0.808687
0.806088
0.802072
0.797564
0.793624
0.790931
0.789518
0.788908
0.788434
0.787582
0.786084
0.78372
0.780112
0.77468
0.766718
0.755633
0.741318
0.724328
0.706015
0.688485
0.674499
0.667197
0.66947
0.682679
0.705682
0.735127
0.766783
0.797012
0.823286
0.844219
0.85926
0.868552
0.872991
0.874134
0.873824
0.87381
0.875255
0.878315
0.882243
0.885632
0.886978
0.885157
0.879655
0.87054
0.858498
0.844504
0.829368
0.813706
0.797886
0.782236
0.767284
0.753892
0.743119
0.736221
0.734523
0.738938
0.749279
0.763937
0.780307
0.795654
0.807825
0.815562
0.818443
0.816752
0.811312
0.803093
0.793127
0.782261
0.771097
0.760287
0.750702
0.743374
0.739092
