0.8
0.787103
0.778234
0.773974
0.77276
0.772764
0.772884
0.772701
0.772403
0.772685
0.774613
0.779466
0.788333
0.801533
0.818339
0.837115
0.855558
0.871229
0.88179
0.885442
0.881256
0.869405
0.851435
0.829909
0.807641
0.786831
0.76845
0.752596
0.739324
0.729681
0.725692
0.729203
0.740539
0.757887
0.777835
0.796579
0.811028
0.819369
0.821168
0.817261
0.809576
0.800813
0.793674
0.789635
0.788371
0.788125
0.786934
0.783683
0.778318
0.771673
0.764892
0.759064
0.755161
0.754125
0.756883
0.764186
0.776426
0.793305
0.813515
0.834667
0.853639
0.867364
0.87355
0.871303
0.8613
0.845549
0.826799
0.807727
0.790207
0.775176
0.76294
0.753674
0.747654
0.745253
0.746847
0.752658
0.762498
0.775525
0.790295
0.804925
0.817278
0.825402
0.82781
0.823813
0.8139
0.799904
0.784746
0.771756
0.763739
0.762166
0.766927
0.776783
0.79005
0.805143
0.82057
0.834806
0.846272
0.853624
0.856211
0.854299
0.848887
0.841343
0.832876
0.824444
0.816853
0.811036
0.808205
0.809553
0.815907
0.827138
0.842024
0.858485
0.874024
0.886293
0.893334
0.893774
0.887007
0.873326
0.854034
0.831425
0.808384
0.787675
0.771407
0.760743
0.755916
0.756358
0.760891
0.767833
0.775259
0.781229
0.78416
0.782958
0.777213
0.76721
0.753897
0.738782
0.723956
0.711916
0.705172
0.705421
0.712934
0.726455
0.743789
0.762623
0.781036
0.797692
0.811812
0.823059
0.831454
0.837352
0.841344
0.844095
0.845955
0.846935
0.846637
0.84456
0.84033
0.833906
0.825554
0.815673
0.804685
0.792911
0.780564
0.767915
0.755478
0.744285
0.735787
0.731637
0.733149
0.740625
0.752982
0.768013
0.78314
0.796326
0.806586
0.813889
0.818759
0.821751
0.823224
0.823474
0.822863
0.821974
0.821589
0.822467
0.8251
0.829458
0.834887
0.840239
0.844178
0.845529
0.843506
0.837789
0.828501
0.816043
0.801198
0.785295
0.770145
0.757944
0.750618
0.749015
0.752478
0.75915
0.766604
0.772545
0.775403
0.774724
0.771065
0.765609
0.759776
0.754833
0.751892
0.752039
0.756386
0.765731
0.779981
0.79781
0.816863
0.834513
0.848695
0.8584
0.863591
0.864797
0.862675
0.857857
0.850989
0.842902
0.834642
0.827263
0.821575
0.81801
0.816755
0.817803
0.820905
0.825373
0.829901
0.832748
0.832314
0.827677
0.819034
0.807629
0.795294
0.783865
0.77456
0.767998
0.764374
0.763654
0.765514
0.7694
0.774619
0.780498
0.786673
0.79296
0.799257
0.805407
0.811163
0.816264
0.820535
0.82383
0.825832
0.826
0.823636
0.818124
0.809117
0.796627
0.781097
0.763449
0.7449
0.727006
0.711398
0.699608
0.692912
0.692087
0.697447
0.7088
0.725449
0.746114
0.768975
0.791895
0.812813
0.830276
0.843559
0.852569
0.857682
0.85952
0.858832
0.856373
0.852743
0.848254
0.842987
0.836927
0.830061
0.822401
0.813828
0.80406
0.792943
0.780944
0.769567
0.761262
0.758362
0.761796
0.770456
0.781999
0.794159
0.805525
0.815492
0.823727
0.829771
0.832911
0.832242
0.82703
0.817092
0.803245
0.787488
0.772834
0.762462
0.75876
0.762473
0.772566
0.786624
0.801616
0.814656
0.823577
0.827467
0.826702
0.822664
0.817228
0.812157
0.808722
0.807534
0.808716
0.812153
0.817657
0.824792
0.8325
0.839089
0.842505
0.841018
0.833731
0.820992
0.804436
0.786454
0.769405
0.755197
0.745072
0.739697
0.739129
0.742785
0.749563
0.75799
0.76662
0.774261
0.780035
0.783355
0.783879
0.781435
0.775936
0.767503
0.756688
0.74466
0.73343
0.725498
0.723189
0.727946
0.739896
0.757925
0.780041
0.803846
0.827051
0.847757
0.864511
0.876193
0.882011
0.881652
0.87528
0.863475
0.847193
0.827645
0.80628
0.784688
0.764542
0.747494
0.735019
0.728305
0.728058
0.73433
0.746356
0.762608
0.780995
0.79907
0.814448
0.82518
0.830192
0.829425
0.823619
0.814063
0.802377
0.7904
0.78013
0.773551
0.772183
0.776531
0.785948
0.798847
0.81317
0.826847
0.838078
0.845558
0.848621
0.847239
0.841917
0.833431
0.822744
0.810964
0.799434
0.789655
0.782919
0.779853
0.780176
0.782733
0.786011
0.788685
0.78983
0.789199
0.787196
0.784775
0.783128
0.783359
0.786006
0.790811
0.796749
0.802511
0.807064
0.810092
0.811961
0.813469
0.815342
0.817848
0.820774
0.823606
0.825893
0.827582
0.828971
0.830285
0.830992
0.82984
0.825426
0.81709
0.80532
0.791629
0.777978
0.766195
0.757605
0.753186
0.753585
0.758944
0.768475
0.780343
0.792054
0.801303
0.806757
0.808451
0.807492
0.805347
0.803285
0.802092
0.802278
0.804245
0.80836
0.814991
0.824336
0.836294
0.850165
0.864254
0.876082
0.883023
0.883121
0.875666
0.861256
0.841526
0.818818
0.795835
0.775313
0.759599
0.75011
0.747175
0.750181
0.757938
0.768916
0.781479
0.794039
0.805076
0.813306
0.817718
0.817554
0.812508
0.802847
0.789585
0.774466
0.759607
0.747017
0.738184
0.733971
0.734675
0.740104
0.749596
0.76213
0.77651
0.791798
0.807464
0.823346
0.839146
0.853915
0.866129
0.874369
0.877973
0.877117
0.872533
0.865247
0.856174
0.846023
0.835365
0.824758
0.814858
0.80628
0.799397
0.794
0.789232
0.783957
0.777341
0.769276
0.760544
0.752483
0.746597
0.744015
0.74525
0.750159
0.758228
0.768795
0.781197
0.794763
0.80874
0.82215
0.833716
0.842095
0.846012
0.844528
0.837133
0.824015
0.806112
0.785137
0.763499
0.744111
0.729886
0.722861
0.723473
0.730421
0.741294
0.753461
0.764702
0.773362
0.778578
0.780147
0.778594
0.775047
0.770805
0.766926
0.764054
0.762542
0.762778
0.76523
0.770238
0.777747
0.787277
0.797953
0.808864
0.819269
0.828673
0.836755
0.843096
0.847198
0.848728
0.847853
0.845447
0.842959
0.842028
0.843673
0.847811
0.853105
0.857399
0.858366
0.854436
0.845182
0.831406
0.814771
0.797402
0.781494
0.76887
0.760792
0.757631
0.758853
0.763146
0.769053
0.775483
0.781994
0.788578
0.795498
0.803111
0.811854
0.821885
0.832744
0.843076
0.851104
0.855205
0.85438
0.848503
0.838288
0.82508
0.810431
0.795845
0.78253
0.771419
0.763051
0.757366
0.753694
0.751103
0.748878
0.746805
0.745202
0.744742
0.746236
0.750205
0.756684
0.765218
0.774972
0.784894
0.793855
0.800694
0.804559
0.805085
0.802715
0.798655
0.794572
0.792005
0.791801
0.793825
0.796968
0.799727
0.800794
0.799499
0.79593
0.790679
0.784287
0.777057
0.76922
0.761689
0.756693
0.757168
0.764871
0.778914
0.796668
0.815424
0.833334
0.849138
0.861817
0.870463
0.874438
0.873796
0.869395
0.862783
0.855619
0.849042
0.843399
0.838357
0.833284
0.827617
0.821236
0.814806
0.809718
0.807495
0.808758
0.812607
0.816983
0.819709
0.819249
0.814982
0.806939
0.795568
0.781639
0.766239
0.750879
0.7373
0.727301
0.722191
0.722498
0.72785
0.736983
0.748026
0.758642
0.766644
0.770809
0.77152
0.770626
0.770356
0.772247
0.776616
0.783027
0.790659
0.798487
0.805295
0.809863
0.81135
0.809572
0.804897
0.798047
0.790191
0.783106
0.779139
0.78058
0.788643
0.802667
0.820109
0.837303
0.850667
0.857613
0.856913
0.848495
0.83315
0.81267
0.789798
0.767931
0.750671
0.741071
0.741047
0.750944
0.769455
0.793978
0.821124
0.847261
0.868975
0.883662
0.889701
0.886705
0.875589
0.858363
0.837887
0.817408
0.799799
0.787153
0.780298
0.778693
0.78075
0.784211
0.786785
0.786718
0.78323
0.776553
0.767814
0.758709
0.751044
0.746293
0.745187
0.747572
0.752602
0.759165
0.766301
0.77344
0.780471
0.787568
0.794967
0.802814
0.811097
0.819677
0.828189
0.836035
0.842415
0.846317
0.84683
0.843424
0.836379
0.826913
0.816854
0.808077
0.801933
0.798936
0.798665
0.800079
0.802135
0.803995
0.805083
0.804812
0.802469
0.797302
0.788805
0.777043
0.762737
0.747132
0.731701
0.717794
0.706525
0.698863
0.695679
0.697817
0.705868
0.719907
0.739366
0.763085
0.78954
0.816932
0.843139
0.8657
0.882168
0.890638
0.890229
0.881342
0.865803
0.84673
0.82802
0.813528
0.806097
0.806849
0.815048
0.828396
0.843978
0.858981
0.871137
0.879037
0.882087
0.880246
0.87382
0.863292
0.849199
0.832314
0.813586
0.794232
0.775619
0.758926
0.744752
0.733061
0.723418
0.715319
0.708395
0.702498
0.697465
0.693156
0.689625
0.687299
0.686991
0.689726
0.696245
0.706771
0.720803
0.737219
0.754745
0.77227
0.789123
0.804933
0.81938
0.832001
0.842353
0.850219
0.855862
0.859796
0.862492
0.864088
0.864333
0.862858
0.859354
0.853755
0.846304
0.837523
0.828337
0.819899
0.813579
0.81067
0.811786
0.816556
0.823633
0.831182
0.837367
0.84069
0.840211
0.835637
0.827442
0.816843
0.805516
0.795028
0.786394
0.779893
0.775377
0.772501
0.7709
0.770122
0.769726
0.769484
0.769675
0.771119
0.774784
0.781156
0.789734
0.799147
0.807635
0.813714
0.816515
0.815822
0.811942
0.805554
0.797644
0.78965
0.783
0.778587
0.776444
0.775858
0.775818
0.775364
0.773903
0.771478
0.769001
0.768299
0.771692
0.780995
0.796586
0.816964
0.839145
0.85981
0.876098
0.886318
0.889929
0.887527
0.880482
0.870562
0.859511
0.848675
0.838755
0.829807
0.821473
0.813221
0.804663
0.795691
0.786594
0.778157
0.77166
0.768521
0.769811
0.775698
0.785079
0.795491
0.803767
0.807023
0.803617
0.793745
0.779303
0.763382
0.749481
0.740378
0.737435
0.740326
0.747267
0.755526
0.762223
0.765084
0.763159
0.757035
0.748748
0.741093
0.736912
0.738365
0.746513
0.761133
0.780626
0.802393
0.823535
0.841672
0.85551
0.864825
0.870294
0.873019
0.874036
0.873898
0.872579
0.869543
0.864219
0.85637
0.846168
0.834161
0.821219
0.808594
0.79795
0.791122
0.789623
0.794282
0.804963
0.820269
0.837738
0.854317
0.866995
0.87353
0.872746
0.864599
0.850183
0.831716
0.812168
0.794461
0.780617
0.771337
0.766363
0.764811
0.765567
0.767502
0.769685
0.771612
0.772992
0.773625
0.773248
0.771684
0.769049
0.765909
0.763054
0.761228
0.760926
0.762374
0.765596
0.770398
0.775991
0.7808
0.782915
0.780895
0.774345
0.763994
0.751352
0.73848
0.727668
0.721141
0.720604
0.726809
0.739263
0.756349
0.775645
0.794499
0.810585
0.822367
0.829248
0.831625
0.830448
0.826731
0.821457
0.815654
0.810614
0.807838
0.808723
0.813895
0.822773
0.833416
0.843155
0.849397
0.850519
0.846369
0.838001
0.827202
0.815803
0.805182
0.796302
0.78985
0.786437
0.786497
0.790079
0.796633
0.805004
0.81363
0.820931
0.825546
0.826522
0.823477
0.816627
0.806908
0.795738
0.784472
0.773806
0.763709
0.754031
0.745188
0.73853
0.735905
0.738866
0.748051
0.762802
0.781424
0.801769
0.821731
0.839481
0.853542
0.862892
0.866859
0.865018
0.857126
0.843181
0.823614
0.799483
0.772637
0.745617
0.721395
0.70286
0.692345
0.69121
0.699688
0.716892
0.7409
0.768745
0.796788
0.821377
0.839436
0.848922
0.849106
0.840708
0.825881
0.807896
0.79072
0.77807
0.77233
0.774165
0.782552
0.795441
0.810408
0.825152
0.837988
0.848158
0.855892
0.861967
0.867179
0.871906
0.875867
0.878191
0.877962
0.874644
0.868335
0.859828
0.850198
0.840251
0.830317
0.820188
0.809466
0.797916
0.785516
0.77241
0.758881
0.745348
0.732563
0.721696
0.714101
0.71095
0.71311
0.721189
0.735293
0.754637
0.777326
0.80077
0.822397
0.840111
0.852545
0.859083
0.859761
0.855116
0.845907
0.8329
0.816842
0.798547
0.779177
0.760356
0.744254
0.733385
0.729979
0.735247
0.748793
0.768462
0.790875
0.8123
0.829585
0.840912
0.846073
0.846141
0.842847
0.837772
0.831863
0.825506
0.818657
0.811117
0.802772
0.793821
0.784758
0.776293
0.769125
0.763678
0.760106
0.758269
0.75807
0.759688
0.763642
0.770602
0.78101
0.794739
0.810967
0.828342
0.845198
0.859905
0.870926
0.87713
0.877866
0.87296
0.862832
0.84844
0.831162
0.812677
0.794771
0.77941
0.768731
0.764815
0.768778
0.779642
0.794093
0.807531
0.8159
0.816813
0.810097
0.798301
0.78632
0.779022
0.7782
0.78248
0.789515
0.797752
0.806392
0.814753
0.822137
0.828126
0.832721
0.835988
0.837825
0.837772
0.835084
0.829017
0.819057
0.805178
0.788185
0.769923
0.753181
0.741256
0.736822
0.740952
0.752678
0.769388
0.787862
0.805309
0.819978
0.831151
0.838874
0.843402
0.844833
0.843024
0.837887
0.82991
0.820606
0.812231
0.806793
0.805057
0.806417
0.809499
0.81262
0.813769
0.810923
0.802785
0.789431
0.772486
0.75477
0.739544
0.729614
0.726621
0.730649
0.740361
0.753554
0.767829
0.781102
0.791901
0.799489
0.803841
0.80564
0.806099
0.806647
0.808555
0.812666
0.819131
0.827268
0.835723
0.842848
0.8472
0.847957
0.845003
0.838786
0.830051
0.819695
0.808511
0.797019
0.785356
0.773343
0.760827
0.74797
0.735174
0.722868
0.711408
0.701136
0.692663
0.68706
0.685846
0.690571
0.702025
0.719817
0.74236
0.76744
0.792832
0.816743
0.837679
0.854412
0.865889
0.871425
0.87084
0.864632
0.853988
0.840599
0.826591
0.814107
0.804757
0.79927
0.797436
0.798383
0.801125
0.804954
0.809558
0.814987
0.821441
0.828995
0.837463
0.846243
0.854293
0.860317
0.862926
0.861027
0.854024
0.841957
0.825595
0.806376
0.786375
0.768165
0.754236
0.7464
0.745216
0.750052
0.759555
0.772007
0.785494
0.797762
0.806623
0.810516
0.809097
0.803444
0.795684
0.788104
0.782288
0.778873
0.777824
0.778885
0.781949
0.786909
0.793646
0.801797
0.810813
0.820002
0.828757
0.836586
0.843261
0.848753
0.853077
0.856068
0.857296
0.856046
0.851534
0.843256
0.831472
0.81727
0.802507
0.789279
0.779123
0.772446
0.768518
0.765963
0.763519
0.760532
0.757048
0.753638
0.75103
0.749903
0.750792
0.754024
0.759728
0.767781
0.777781
0.789089
0.800903
0.812491
0.823329
0.833061
0.841319
0.847569
0.851214
0.851628
0.848334
0.841271
0.830936
0.818362
0.804944
0.792099
0.781003
0.772477
0.767023
0.764971
0.766415
0.771075
0.778046
0.785659
0.791746
0.794306
0.792489
0.787087
0.780348
0.775071
0.773262
0.77527
0.779986
0.78547
0.790018
0.792757
0.793855
0.79436
0.795693
0.79914
0.805324
0.813931
0.823764
0.833107
0.840349
0.844405
0.844741
0.841409
0.834895
0.82597
0.815664
0.805295
0.796306
0.790105
0.787652
0.789017
0.793347
0.79917
0.804941
0.809449
0.812102
0.812901
0.812227
0.810583
0.808314
0.805366
0.801275
0.795365
0.787143
0.776696
0.765181
0.754736
0.747917
0.746768
0.751904
0.762111
0.774698
0.786586
0.795539
0.800774
0.802814
0.802885
0.802135
0.801164
0.799982
0.798455
0.796991
0.796938
0.800584
0.810291
0.82708
0.849476
0.873621
0.895246
0.911256
0.920354
0.922575
0.918721
0.90984
0.897025
0.881265
0.863343
0.843705
0.822547
0.800089
0.776819
0.753587
0.731527
0.711818
0.695759
0.68507
0.681842
0.687982
0.704236
0.729215
0.759323
0.78974
0.815773
0.833957
0.842612
0.841982
0.834071
0.822037
0.809238
0.798436
0.791347
0.788539
0.789723
0.794151
0.800751
0.808271
0.815287
0.820275
0.821969
0.819606
0.813331
0.804267
0.794311
0.785641
0.780079
0.778548
0.780816
0.785765
0.791882
0.797798
0.80259
0.805844
0.807446
0.807483
0.806034
0.803215
0.79937
0.795158
0.791867
0.791265
0.795344
0.805765
0.822952
0.845556
0.870526
0.893793
0.911504
0.920884
0.920609
0.910561
0.891529
0.864939
0.832894
0.798154
0.764084
0.734215
0.711548
0.697949
0.693616
0.697168
0.705981
0.717157
0.728342
0.738106
0.746143
0.753106
0.760287
0.769175
0.780999
0.796218
0.814239
0.833402
0.851385
0.865736
0.874426
0.876274
0.871034
0.859487
0.843026
0.823216
0.801463
0.779129
0.757984
0.7403
0.728354
0.723458
0.725269
0.732159
0.742318
0.754495
0.767986
0.782186
0.796279
0.809257
0.820102
0.827941
0.832139
0.832398
0.828677
0.821219
0.810759
0.798479
0.785762
0.773956
0.764008
0.75633
0.75083
0.747213
0.745135
0.744502
0.745539
0.748824
0.755006
0.764434
0.776715
0.790348
0.8032
0.813093
0.818633
0.819532
0.816789
0.812295
0.80835
0.807076
0.809808
0.81653
0.825565
0.834028
0.838759
0.837347
0.828861
0.814262
0.796498
0.780095
0.769998
0.769679
0.779434
0.796227
0.815357
0.832637
0.845442
0.852729
0.854563
0.851544
0.844682
0.8352
0.824173
0.81228
0.799885
0.787512
0.776345
0.768067
0.764248
0.765799
0.772902
0.785293
0.80236
0.822656
0.843604
0.861711
0.873612
0.877147
0.871935
0.859256
0.841767
0.822861
0.805937
0.793703
0.787443
0.786606
0.789025
0.791809
0.792635
0.790575
0.786342
0.781645
0.778106
0.776412
0.775978
0.775596
0.774338
0.772291
0.770772
0.771717
0.776443
0.784586
0.794233
0.80321
0.810079
0.814536
0.817171
0.819112
0.8216
0.825719
0.831913
0.839738
0.848057
0.855593
0.861326
0.864827
0.866178
0.86571
0.863713
0.860191
0.854876
0.847506
0.837957
0.826447
0.813594
0.80042
0.788121
0.777737
0.769774
0.763957
0.759303
0.754534
0.748671
0.741607
0.734252
0.728339
0.725938
0.728601
0.736686
0.749203
0.764102
0.778955
0.791623
0.800759
0.805926
0.807308
0.805482
0.80122
0.795372
0.788806
0.782367
0.776877
0.773166
0.772024
0.774082
0.779733
0.788796
0.800313
0.812713
0.824202
0.833261
0.838794
0.840178
0.8372
0.829956
0.818832
0.804281
0.786969
0.768004
0.749115
0.732582
0.721011
0.716826
0.721645
0.735509
0.756597
0.781604
0.806628
0.827972
0.842942
0.850243
0.850083
0.844024
0.83444
0.823987
0.815058
0.80957
0.80891
0.813753
0.823856
0.837799
0.853297
0.867707
0.878743
0.884913
0.885589
0.880989
0.871725
0.858503
0.842001
0.823092
0.80304
0.783714
0.767278
0.755596
0.749556
0.748774
0.751783
0.756751
0.762075
0.76695
0.771531
0.776777
0.784049
0.794403
0.807995
0.823861
0.840264
0.855395
0.867903
0.877109
0.88275
0.884642
0.882384
0.875367
0.863079
0.845674
0.824152
0.800458
0.7769
0.755713
0.738565
0.726383
0.71966
0.718684
0.723683
0.734546
0.750416
0.769526
0.789449
0.807516
0.821325
0.828974
0.829164
0.821359
0.805846
0.783887
0.757773
0.730756
0.70651
0.688366
0.678506
0.677545
0.684652
0.698045
0.715492
0.734772
0.753931
0.771559
0.786754
0.799188
0.809017
0.81681
0.823267
0.829245
0.835678
0.843431
0.853067
0.864527
0.87711
0.88968
0.900916
0.909438
0.913572
0.911669
0.902779
0.887163
0.86628
0.842251
0.817049
0.792152
0.76859
0.747318
0.729572
0.716931
0.710872
0.712206
0.720523
0.734226
0.751037
0.768736
0.78558
0.800307
0.811824
0.818968
0.820848
0.817395
0.809749
0.799984
0.790442
0.783034
0.778858
0.778116
0.780284
0.784631
0.79051
0.797453
0.805334
0.814149
0.823802
0.833881
0.843577
0.85168
0.856873
0.858059
0.854752
0.847214
0.836538
0.824372
0.812574
0.802648
0.795373
0.790834
0.788611
0.788087
0.788778
0.790573
0.793712
0.798834
0.80657
0.816976
0.829063
0.840687
0.849192
0.852191
0.848227
0.837072
0.819686
0.797815
0.773711
0.749906
0.729145
0.714283
0.707843
0.711347
0.724702
0.746064
0.772488
0.800577
0.827073
0.849204
0.864982
0.873225
0.873688
0.867048
0.854454
0.837425
0.817561
0.796465
0.775757
0.756969
0.741527
0.730612
0.724798
0.723972
0.727352
0.733724
0.74153
0.74914
0.755088
0.758563
0.759676
0.759497
0.759727
0.762147
0.768103
0.778153
0.79197
0.808482
0.826138
0.843307
0.858559
0.870856
0.879656
0.884855
0.886822
0.886365
0.88457
0.882396
0.880094
0.876987
0.871672
0.862637
0.849145
0.83166
0.812076
0.79341
0.779049
0.77164
0.772143
0.779279
0.789939
0.800643
0.808878
0.813487
0.814344
0.811665
0.805603
0.796208
0.783535
0.768004
0.750614
0.732952
0.716934
0.70443
0.69683
0.695005
0.699582
0.710977
0.729177
0.753259
0.781067
0.809432
0.834895
0.854617
0.866824
0.870795
0.86662
0.854994
0.837056
0.814608
0.790243
0.76751
0.750394
0.742435
0.745746
0.760239
0.783564
0.811767
0.840245
0.864908
0.882828
0.892604
0.894261
0.888959
0.87859
0.865357
0.851321
0.837978
0.826196
0.816222
0.807852
0.800648
0.794044
0.78735
0.779797
0.770703
0.759935
0.748578
0.739051
0.734441
0.737219
0.748112
0.765835
0.787384
0.808969
0.827199
0.839804
0.845995
0.846152
0.841389
0.833146
0.823005
0.812577
0.803567
0.797479
0.795311
0.797123
0.801824
0.807411
0.811641
0.812702
0.809635
0.802487
0.792269
0.780747
0.770061
0.762165
0.758379
0.759217
0.764287
0.772433
0.78202
0.791077
0.797719
0.800695
0.799722
0.795692
0.790521
0.786622
0.786134
0.790033
0.797807
0.807649
0.817254
0.824735
0.829178
0.83061
0.829598
0.826809
0.822731
0.817831
0.813084
0.810018
0.810189
0.81433
0.821961
0.8314
0.840587
0.847659
0.851518
0.851866
0.849183
0.844526
0.839317
0.834799
0.83162
0.829536
0.827513
0.824117
0.818005
0.808278
0.794735
0.777746
0.758255
0.737687
0.717795
0.700649
0.688355
0.682634
0.684371
0.693309
0.707969
0.725892
0.744357
0.761089
0.774791
0.785233
0.792974
0.798897
0.803726
0.807721
0.810773
0.812697
0.813314
0.81236
0.809332
0.803618
0.794964
0.784235
0.773804
0.767132
0.767149
0.77476
0.788507
0.805609
0.823248
0.839325
0.852595
0.862524
0.869043
0.872408
0.873082
0.871597
0.868515
0.864276
0.858983
0.852455
0.844404
0.834716
0.823745
0.812368
0.80168
0.792557
0.785268
0.779531
0.774785
0.770509
0.766353
0.762171
0.757998
0.754058
0.750679
0.748191
0.746921
0.747356
0.750091
0.755607
0.76387
0.774459
0.786743
0.80002
0.81364
0.826897
0.839141
0.849869
0.85865
0.865004
0.868424
0.868498
0.865168
0.85865
0.849362
0.837749
0.824237
0.809416
0.794225
0.77988
0.767659
0.758436
0.752211
0.748252
0.745666
0.744232
0.744565
0.747576
0.753783
0.763127
0.775046
0.788814
0.803608
0.818455
0.832242
0.843785
0.852061
0.856498
0.85713
0.854509
0.849662
0.843901
0.838589
0.834851
0.833217
0.833533
0.835108
0.836978
0.838047
0.837396
0.834616
0.829777
0.82362
0.817241
0.811629
0.807224
0.803668
0.799953
0.794837
0.78739
0.777574
0.766275
0.755022
0.745427
0.738587
0.734905
0.734166
0.736001
0.740081
0.746221
0.754269
0.764019
0.775248
0.787787
0.801131
0.814203
0.825426
0.833203
0.836508
0.835256
0.830379
0.823488
0.816447
0.810966
0.808173
0.808488
0.811495
0.816065
0.820797
0.824293
0.825455
0.823564
0.818362
0.810037
0.799165
0.786915
0.775038
0.765757
0.761163
0.76236
0.768919
0.779031
0.790133
0.799866
0.80667
0.809992
0.81016
0.808045
0.804725
0.80112
0.797843
0.795257
0.793589
0.79329
0.794937
0.798909
0.805001
0.812372
0.819897
0.826655
0.832002
0.83548
0.83684
0.836006
0.833158
0.828821
0.823814
0.81933
0.816539
0.816201
0.818342
0.822159
0.826351
0.82952
0.830394
0.828011
0.821772
0.81158
0.797927
0.781943
0.765246
0.749598
0.736646
0.727625
0.723211
0.723468
0.727863
0.73547
0.745111
0.755582
0.765695
0.774329
0.78035
0.782795
0.781081
0.775287
0.766201
0.755345
0.744626
0.736137
0.73182
0.733071
0.740472
0.75354
0.771055
0.791504
0.81344
0.835424
0.855933
0.873418
0.8865
0.894304
0.896646
0.894105
0.887612
0.878037
0.866075
0.852158
0.836876
0.821365
0.807361
0.796801
0.79093
0.789564
0.791109
0.793105
0.793114
0.789338
0.781379
0.770523
0.759405
0.751135
0.748057
0.750968
0.759008
0.770251
0.782695
0.794771
0.805566
0.814749
0.822397
0.828856
0.834644
0.840077
0.845149
0.84941
0.852008
0.851883
0.848077
0.839933
0.827315
0.8107
0.791285
0.770942
0.752009
0.736822
0.72733
0.724645
0.72891
0.739269
0.754096
0.771264
0.788543
0.804128
0.816771
0.825904
0.831508
0.833924
0.833617
0.831277
0.827823
0.824309
0.821723
0.820544
0.820537
0.820669
0.819542
0.815948
0.809579
0.801266
0.792797
0.786102
0.782422
0.782092
0.784904
0.790435
0.797886
0.80579
0.81203
0.814526
0.811958
0.804205
0.792229
0.77765
0.762477
0.748958
0.739215
0.734839
0.736563
0.743919
0.755227
0.768182
0.780793
0.792208
0.803026
0.81483
0.828965
0.845464
0.862684
0.877828
0.887971
0.890821
0.885271
0.871634
0.851662
0.828156
0.804347
0.783075
0.766287
0.754857
0.748547
0.746364
0.747076
0.74962
0.753409
0.758128
0.763622
0.769879
0.777127
0.785917
0.796737
0.809535
0.823387
0.836565
0.847022
0.853011
0.853666
0.849201
0.840928
0.830885
0.820985
0.8125
0.805808
0.800777
0.797264
0.795231
0.794648
0.795414
0.79741
0.800707
0.805473
0.811949
0.8202
0.829851
0.839868
0.848537
0.853752
0.853608
0.846887
0.83341
0.81394
0.789894
0.76307
0.735523
0.709567
0.687742
0.672524
0.665956
0.669128
0.681864
0.702727
0.729326
0.758817
0.788465
0.815955
0.83949
0.857739
0.869958
0.87589
0.875902
0.870999
0.862641
0.852465
0.842021
0.832571
0.825003
0.819829
0.817223
0.816986
0.81851
0.820707
0.822147
0.82142
0.81741
0.809463
0.797451
0.781862
0.763717
0.744659
0.726837
0.712772
0.704773
0.704374
0.711588
0.724781
0.74113
0.757609
0.771929
0.782786
0.78992
0.793726
0.795151
0.795473
0.796149
0.798549
0.803682
0.811931
0.823028
0.835954
0.849215
0.861144
0.870229
0.875485
0.876491
0.873411
0.866877
0.857895
0.847552
0.836771
0.826151
0.815977
0.806284
0.797012
0.788348
0.780985
0.776044
0.774424
0.776098
0.779897
0.784298
0.788321
0.791781
0.794955
0.797972
0.800452
0.801338
0.799281
0.793202
0.78298
0.769772
0.755772
0.7435
0.735097
0.731804
0.733989
0.741506
0.753851
0.77026
0.789571
0.810165
0.830115
0.847486
0.860589
0.868356
0.870388
0.867079
0.859309
0.848187
0.834764
0.81977
0.803689
0.786993
0.770242
0.754099
0.739229
0.726211
0.7156
0.707791
0.702949
0.701112
0.702189
0.706307
0.713938
0.725736
0.742138
0.763092
0.787758
0.814475
0.841019
0.864884
0.883733
0.895616
0.899342
0.894585
0.881948
0.862823
0.839231
0.813583
0.788674
0.76742
0.752607
0.746341
0.749604
0.761886
0.781326
0.805278
0.830968
0.855879
0.877868
0.895109
0.906057
0.909606
0.905352
0.893808
0.87636
0.855069
0.832471
0.811198
0.793663
0.781642
0.775865
0.775837
0.780195
0.787334
0.79587
0.804805
0.813279
0.820142
0.823785
0.822306
0.814121
0.798842
0.77786
0.754453
0.733023
0.717671
0.710908
0.712896
0.721734
0.734404
0.74801
0.760584
0.771288
0.780141
0.787542
0.79381
0.79896
0.802908
0.805547
0.807058
0.807818
0.808208
0.808522
0.808859
0.809032
0.808447
0.806328
0.802073
0.795744
0.788182
0.780778
0.774876
0.771505
0.771172
0.774017
0.779823
0.787901
0.797228
0.806613
0.814804
0.820592
0.822952
0.821315
0.815898
0.807924
0.799194
0.791473
0.786154
0.784059
0.785585
0.790704
0.798926
0.809191
0.820043
0.829967
0.837818
0.842975
0.845059
0.84382
0.839055
0.830743
0.819146
0.804906
0.788759
0.77153
0.754252
0.738365
0.725869
0.719294
0.720865
0.731123
0.748273
0.768866
0.7895
0.807986
0.823469
0.836077
0.846498
0.855387
0.862822
0.868185
0.870468
0.868882
0.863267
0.854168
0.842535
0.829596
0.816662
0.804897
0.795309
0.788502
0.784699
0.783706
0.785036
0.788119
0.792487
0.79778
0.803645
0.809624
0.815186
0.819926
0.823675
0.826603
0.828981
0.830696
0.83116
0.829539
0.825164
0.818132
0.809416
0.800607
0.793487
0.789239
0.787987
0.788873
0.790674
0.792335
0.793233
0.793051
0.791601
0.788856
0.785049
0.780844
0.777038
0.773912
0.771039
0.767729
0.763698
0.759584
0.75673
0.756439
0.759346
0.765142
0.772913
0.781741
0.79099
0.80036
0.809635
0.818471
0.82635
0.832694
0.837167
0.839848
0.841221
0.841897
0.84213
0.841588
0.839415
0.834648
0.82692
0.816699
0.805425
0.794885
0.786381
0.780235
0.775923
0.772768
0.770412
0.76889
0.768501
0.769519
0.771923
0.775397
0.779379
0.783269
0.78662
0.789192
0.790976
0.792045
0.79249
0.792437
0.79208
0.791584
0.791055
0.790304
0.788848
0.786282
0.782754
0.779216
0.777296
0.778691
0.784282
0.793561
0.804812
0.815889
0.825202
0.832122
0.836818
0.839613
0.840689
0.839957
0.837312
0.832683
0.826002
0.817256
0.806684
0.794864
0.782799
0.771706
0.762706
0.756512
0.753244
0.752406
0.753095
0.754348
0.755558
0.756707
0.758355
0.761327
0.766288
0.773307
0.781926
0.791292
0.800304
0.807833
0.813
0.815343
0.814893
0.81218
0.808094
0.803965
0.801281
0.801336
0.80483
0.811479
0.82
0.828411
0.834609
0.837143
0.835823
0.831935
0.827735
0.825514
0.826669
0.831215
0.837987
0.845277
0.851262
0.85395
0.85114
0.840921
0.82244
0.796765
0.767242
0.739082
0.717985
0.708243
0.711209
0.725198
0.746695
0.772031
0.798304
0.823721
0.847333
0.868549
0.886601
0.900278
0.908078
0.908499
0.900353
0.883177
0.85762
0.825988
0.792204
0.761184
0.737218
0.722618
0.71753
0.720874
0.731333
0.74761
0.768265
0.791512
0.815135
0.836732
0.854048
0.865368
0.869897
0.867679
0.859572
0.846973
0.831678
0.815532
0.800322
0.787475
0.777949
0.771867
0.768426
0.766049
0.76269
0.756861
0.748289
0.738129
0.728635
0.722265
0.720821
0.724881
0.733613
0.745135
0.757313
0.768387
0.777497
0.78481
0.791234
0.797888
0.80556
0.814542
0.824782
0.836153
0.848385
0.860857
0.872409
0.88146
0.886341
0.885872
0.879812
0.869129
0.855959
0.843118
0.833276
0.827989
0.82701
0.828327
0.829196
0.8273
0.821466
0.811699
0.798878
0.784178
0.768841
0.754064
0.741157
0.731587
0.726876
0.728318
0.736192
0.749333
0.765301
0.781368
0.795381
0.806093
0.813089
0.816556
0.817146
0.815969
0.814494
0.81429
0.816578
0.821787
0.829382
0.838144
0.846692
0.853988
0.859547
0.863291
0.865122
0.86458
0.861046
0.854241
0.844419
0.83235
0.818924
0.804862
0.790669
0.776856
0.764101
0.753266
0.745069
0.739832
0.737414
0.73736
0.739084
0.741989
0.745615
0.749784
0.754642
0.760588
0.768077
0.777301
0.78807
0.799681
0.810886
0.820198
0.826216
0.827756
0.824268
0.816078
0.804645
0.792421
0.78232
0.777153
0.778495
0.785939
0.797239
0.809135
0.818548
0.823519
0.823469
0.81908
0.811944
0.804006
0.7972
0.793005
0.792182
0.794729
0.800092
0.807461
0.815868
0.824246
0.831474
0.836186
0.837024
0.832931
0.82368
0.810338
0.795531
0.78286
0.77564
0.775387
0.781491
0.792019
0.804861
0.818463
0.831657
0.843244
0.851873
0.856189
0.855347
0.849366
0.839259
0.826849
0.814311
0.80352
0.795782
0.791872
0.792176
0.796648
0.804518
0.814168
0.823598
0.830955
0.835081
0.835673
0.833098
0.828042
0.821266
0.813278
0.804238
0.793844
0.781744
0.768071
0.75378
0.740543
0.729999
0.723009
0.719493
0.718936
0.721055
0.725977
0.733846
0.744366
0.756574
0.76899
0.780156
0.789105
0.795617
0.800299
0.80417
0.808289
0.813186
0.818673
0.823848
0.827405
0.828105
0.825263
0.819314
0.811908
0.805782
0.803764
0.807302
0.815712
0.826441
0.836443
0.843644
0.847535
0.848891
0.849147
0.84945
0.85017
0.850864
0.850522
0.848092
0.842959
0.835206
0.825634
0.815656
0.807024
0.801347
0.799657
0.801935
0.806942
0.812555
0.816482
0.816991
0.813235
0.805251
0.793636
0.779386
0.763771
0.748181
0.733968
0.722245
0.713757
0.708936
0.708078
0.711499
0.719362
0.731488
0.747145
0.76515
0.783889
0.801662
0.81689
0.828395
0.835667
0.838894
0.838936
0.837094
0.834659
0.832441
0.83055
0.828482
0.825515
0.82118
0.815444
0.808821
0.802246
0.796664
0.792753
0.790582
0.789574
0.788877
0.787887
0.786503
0.785175
0.784562
0.785155
0.787213
0.790902
0.796541
0.804651
0.815835
0.830462
0.848308
0.868209
0.888309
0.906361
0.920136
0.927805
0.9281
0.920399
0.904731
0.881815
0.853093
0.820846
0.788277
0.759012
0.736308
0.722082
0.716349
0.717324
0.722129
0.727716
0.731583
0.732434
0.730473
0.727112
0.724272
0.723682
0.726326
0.732432
0.741658
0.753432
0.767095
0.781781
0.796393
0.809539
0.819804
0.826154
0.828378
0.827207
0.824023
0.820316
0.817206
0.815443
0.815537
0.817757
0.822045
0.827966
0.834679
0.841183
0.846523
0.850021
0.851492
0.851396
0.850758
0.850657
0.851678
0.853415
0.854724
0.854314
0.851093
0.844403
0.833958
0.820116
0.804262
0.788852
0.776554
0.769242
0.767389
0.769903
0.77472
0.779595
0.782679
0.782945
0.780198
0.77493
0.768202
0.761522
0.756666
0.755512
0.759577
0.769458
0.78445
0.802639
0.821547
0.838883
0.852908
0.862643
0.867576
0.867395
0.861851
0.850986
0.835435
0.816663
0.796876
0.778454
0.76325
0.752125
0.745095
0.741702
0.741386
0.743796
0.748842
0.756498
0.766466
0.778102
0.790487
0.802656
0.813789
0.82326
0.830477
0.834685
0.835144
0.831585
0.824605
0.815767
0.80692
0.799809
0.795713
0.795491
0.799498
0.807443
0.818284
0.830456
0.842265
0.852196
0.859085
0.862186
0.861067
0.855672
0.846409
0.834154
0.820359
0.806827
0.795499
0.788088
0.785653
0.788278
0.794909
0.803353
0.810825
0.814988
0.814676
0.809975
0.801995
0.792226
0.781962
0.772061
0.762903
0.754478
0.746707
0.739649
0.733668
0.729548
0.728429
0.731632
0.740267
0.754863
0.775
0.799253
0.825355
0.850611
0.872389
0.888681
0.898341
0.901128
0.897728
0.889463
0.877865
0.864447
0.850312
0.83613
0.822196
0.808547
0.795128
0.782042
0.769548
0.758181
0.748675
0.741919
0.738717
0.739559
0.744546
0.753287
0.764927
0.778178
0.791402
0.802799
0.81069
0.814023
0.812613
0.807153
0.798843
0.788892
0.77847
0.768869
0.761703
0.758571
0.760447
0.767006
0.776582
0.786823
0.795672
0.802087
0.80605
0.808106
0.809
0.809609
0.810794
0.813118
0.816612
0.820653
0.824262
0.826596
0.827313
0.826533
0.824437
0.820664
0.814137
0.803478
0.787878
0.767741
0.745087
0.723497
0.707718
0.702739
0.712063
0.736052
0.77149
0.812758
0.853636
0.888872
0.91488
0.92973
0.93296
0.925374
0.908766
0.885683
0.859135
0.832184
0.807644
0.787684
0.773734
0.76641
0.765488
0.77002
0.778467
0.788885
0.799169
0.807283
0.811718
0.811766
0.807723
0.8009
0.793083
0.786153
0.781645
0.780314
0.78209
0.786276
0.791704
0.797075
0.801251
0.803587
0.804051
0.803076
0.801351
0.799626
0.79869
0.79945
0.802655
0.808431
0.815901
0.823256
0.828139
0.828367
0.822761
0.811444
0.795874
0.778513
0.762303
0.750046
0.743678
0.743919
0.750243
0.761162
0.774473
0.787751
0.798691
0.805438
0.806916
0.802898
0.794072
0.782038
0.769005
0.757338
0.748865
0.744458
0.743924
0.746352
0.750742
0.756234
0.762205
0.768143
0.773529
0.777887
0.780994
0.783053
0.784713
0.786793
0.790093
0.795007
0.801467
0.809057
0.817236
0.825615
0.834063
0.842602
0.851146
0.859391
0.866716
0.872117
0.874464
0.872731
0.866382
0.855623
0.841718
0.82673
0.812767
0.801096
0.791684
0.783775
0.776927
0.771578
0.768871
0.769801
0.774428
0.781581
0.789234
0.79527
0.798093
0.796987
0.792168
0.784607
0.775767
0.767347
0.761088
0.758536
0.760662
0.767575
0.778348
0.791233
0.80429
0.815986
0.825599
0.833252
0.83962
0.845531
0.851507
0.857439
0.8625
0.865268
0.864177
0.858076
0.846783
0.831042
0.811969
0.790535
0.767624
0.744454
0.722834
0.705038
0.693102
0.687987
0.689217
0.695389
0.704934
0.716726
0.73015
0.744735
0.759726
0.774063
0.786656
0.796811
0.804594
0.810737
0.816284
0.822178
0.828721
0.835597
0.842215
0.848177
0.853419
0.85826
0.862881
0.866982
0.86971
0.870081
0.867495
0.862193
0.855297
0.848453
0.843146
0.840115
0.839039
0.838828
0.838067
0.8356
0.830902
0.824361
0.817139
0.81049
0.804974
0.800406
0.79615
0.791544
0.786198
0.780006
0.773167
0.7661
0.759409
0.753653
0.749239
0.746278
0.744567
0.743763
0.743644
0.744424
0.746773
0.751469
0.759073
0.769589
0.78245
0.79677
0.811642
0.826262
0.839817
0.85127
0.85908
0.861382
0.856256
0.842463
0.820067
0.790778
0.758017
0.726385
0.700816
0.685411
0.682471
0.692007
0.711972
0.738938
0.768898
0.79793
0.82285
0.84136
0.85227
0.855482
0.851824
0.842877
0.830666
0.817478
0.805581
0.796881
0.792794
0.794164
0.801109
0.812776
0.827224
0.841766
0.853573
0.860324
0.860695
0.854396
0.842051
0.824961
0.804951
0.784158
0.764814
0.749005
0.738334
0.733532
0.734279
0.739335
0.74699
0.755707
0.764376
0.772469
0.77983
0.78649
0.79249
0.797899
0.802873
0.807605
0.812194
0.816377
0.819506
0.820926
0.820315
0.818021
0.815075
0.812908
0.812893
0.815577
0.820202
0.825076
0.828512
0.829722
0.828919
0.826969
0.824672
0.822454
0.820358
0.818397
0.816881
0.816483
0.818127
0.822452
0.829393
0.837934
0.846492
0.853358
0.85716
0.85713
0.853109
0.845571
0.835375
0.823411
0.810471
0.797282
0.78475
0.774113
0.766724
0.763585
0.764869
0.769776
0.776651
0.78347
0.788421
0.790286
0.788642
0.783705
0.776103
0.766735
0.756657
0.747054
0.738914
0.732938
0.72948
0.728767
0.731065
0.736488
0.744847
0.755648
0.768221
0.781889
0.795994
0.809712
0.822032
0.832141
0.839768
0.845354
0.8497
0.853518
0.856803
0.858801
0.858276
0.854006
0.845198
0.831933
0.815419
0.797773
0.781618
0.769405
0.762738
0.762017
0.766625
0.775507
0.787756
0.802664
0.81963
0.837604
0.854857
0.868992
0.877399
0.877967
0.869872
0.854135
0.833523
0.811859
0.792898
0.779381
0.772429
0.771602
0.775395
0.781861
0.789231
0.796103
0.801565
0.805028
0.806108
0.804648
0.800845
0.795245
0.7889
0.783071
0.778969
0.777268
0.777808
0.779663
0.781403
0.781454
0.778351
0.771117
0.759596
0.744807
0.72911
0.715743
0.707973
0.708098
0.716705
0.732556
0.753057
0.775011
0.795531
0.812647
0.825673
0.835159
0.842451
0.848961
0.85558
0.862309
0.86843
0.872863
0.874619
0.872999
0.867825
0.859398
0.848501
0.836156
0.823272
0.810343
0.797682
0.786078
0.77728
0.773464
0.775755
0.782959
0.791641
0.797823
0.799107
0.79579
0.790601
0.787027
0.787309
0.791518
0.798166
0.805286
0.811309
0.815494
0.817981
0.819403
0.820427
0.821332
0.821868
0.821512
0.819828
0.816862
0.813243
0.809972
0.807873
0.807269
0.808076
0.810009
0.812598
0.814958
0.815815
0.813715
0.807482
0.796991
0.783501
0.769179
0.75608
0.745209
0.736588
0.729926
0.72539
0.723793
0.726316
0.733709
0.745554
0.760188
0.775215
0.788524
0.799156
0.80738
0.814171
0.820409
0.826478
0.832346
0.837647
0.841662
0.84348
0.842259
0.837888
0.830993
0.822662
0.813749
0.804483
0.794445
0.783014
0.770091
0.756791
0.745651
0.740237
0.743906
0.758173
0.781625
0.810323
0.83925
0.863969
0.881547
0.89069
0.89159
0.885494
0.874239
0.859727
0.843651
0.827269
0.811461
0.796987
0.784674
0.775397
0.769903
0.76844
0.77061
0.775502
0.781909
0.788661
0.794804
0.799582
0.8024
0.802885
0.801116
0.797684
0.79346
0.789344
0.785937
0.783419
0.781911
0.781752
0.783658
0.788275
0.795462
0.803853
0.81121
0.81542
0.815425
0.811496
0.80505
0.798285
0.793666
0.793229
0.797657
0.805912
0.81575
0.824739
0.83122
0.834688
0.835568
0.834657
0.832459
0.828965
0.823674
0.815973
0.805482
0.792445
0.777923
0.76358
0.751323
0.742794
0.73891
0.73961
0.743916
0.750374
0.757456
0.763879
0.768657
0.771239
0.771626
0.770436
0.768736
0.767863
0.769057
0.773136
0.7803
0.790111
0.801629
0.81362
0.824818
0.834576
0.84329
0.852294
0.862903
0.875191
0.887739
0.898448
0.905492
0.907684
0.904525
0.896147
0.883267
0.866954
0.84835
0.828532
0.808333
0.788375
0.76918
0.751354
0.7357
0.723283
0.715291
0.712809
0.716443
0.72598
0.740306
0.75772
0.776434
0.794956
0.812348
0.828149
0.842115
0.853962
0.863107
0.868653
0.869496
0.864864
0.854707
0.840012
0.822603
0.804618
0.788042
0.774324
0.764271
0.758155
0.755775
0.756483
0.759105
0.762171
0.764515
0.765683
0.766135
0.766982
0.769268
0.773459
0.779226
0.785523
0.790926
0.794138
0.7943
0.79129
0.785876
0.779627
0.77466
0.773019
0.775887
0.783219
0.793746
0.805565
0.816732
0.825645
0.831332
0.833514
0.832541
0.829132
0.824155
0.818556
0.813339
0.809645
0.808596
0.810903
0.816487
0.824201
0.832103
0.83816
0.840821
0.839472
0.83438
0.826282
0.816111
0.804651
0.792451
0.780136
0.768559
0.758924
0.752786
0.75152
0.755665
0.764523
0.776419
0.789329
0.801661
0.812597
0.822034
0.830222
0.837341
0.843172
0.847061
0.848145
0.845528
0.838392
0.826122
0.808631
0.786614
0.761794
0.736839
0.714959
0.699109
0.691223
0.691666
0.699459
0.712878
0.730075
0.749553
0.770276
0.791494
0.812455
0.83237
0.850503
0.866291
0.879443
0.889944
0.897944
0.903538
0.906614
0.906754
0.903435
0.896292
0.885438
0.871717
0.856571
0.841569
0.827839
0.815697
0.80471
0.794048
0.782909
0.770739
0.757297
0.742908
0.728757
0.716962
0.71022
0.710776
0.719182
0.733703
0.750969
0.767375
0.780422
0.789353
0.795032
0.79908
0.802856
0.806788
0.810545
0.813506
0.815352
0.816366
0.817406
0.819468
0.823056
0.827825
0.83267
0.836076
0.836944
0.834934
0.830622
0.825238
0.820193
0.816474
0.814286
0.813179
0.812239
0.810521
0.807441
0.802762
0.796638
0.78959
0.782479
0.776317
0.772112
0.770512
0.771741
0.775597
0.781681
0.789559
0.798825
0.809181
0.820393
0.83201
0.843277
0.853076
0.860242
0.863825
0.863259
0.858266
0.848793
0.834986
0.817394
0.797216
0.776282
0.756981
0.741753
0.732478
0.729886
0.73336
0.741273
0.751682
0.762772
0.773176
0.781971
0.788688
0.793387
0.796474
0.798441
0.799669
0.800349
0.800589
0.800579
0.800674
0.8014
0.803281
0.806647
0.811321
0.816401
0.82053
0.822531
0.821912
0.818765
0.813507
0.806735
0.79927
0.792172
0.786524
0.783303
0.783261
0.786681
0.793209
0.80183
0.811103
0.819455
0.825534
0.828448
0.827804
0.824001
0.818158
0.811806
0.806427
0.80303
0.801801
0.802254
0.803553
0.804799
0.805131
0.803814
0.800509
0.79547
0.789629
0.784391
0.781194
0.781006
0.78407
0.78979
0.796859
0.803516
0.807852
0.808222
0.803639
0.793958
0.780166
0.764365
0.749364
0.738042
0.732483
0.733481
0.74049
0.75207
0.766562
0.782511
0.798846
0.814687
0.829126
0.841027
0.849202
0.852659
0.851148
0.845518
0.837699
0.830069
0.824713
0.822593
0.823366
0.825849
0.828624
0.830298
0.829683
0.825983
0.818936
0.808964
0.797068
0.784662
0.773707
0.766546
0.765327
0.770674
0.780807
0.792089
0.800925
0.80547
0.805859
0.803606
0.800604
0.798461
0.797973
0.798988
0.800637
0.801832
0.801854
0.800687
0.798947
0.797471
0.797021
0.798174
0.801188
0.805885
0.811555
0.816972
0.820668
0.821403
0.818544
0.812434
0.804463
0.796703
0.791332
0.789841
0.792544
0.798393
0.805408
0.811443
0.814891
0.815085
0.812439
0.808232
0.804254
0.802269
0.803326
0.807326
0.813012
0.818221
0.820562
0.818167
0.810401
0.798271
0.784294
0.771508
0.762152
0.756763
0.754382
0.753724
0.75407
0.755531
0.7586
0.763603
0.77036
0.778033
0.785243
0.790396
0.792029
0.789236
0.782006
0.771504
0.760031
0.750566
0.745933
0.74785
0.756481
0.77051
0.787655
0.805361
0.821251
0.833676
0.841849
0.8459
0.846698
0.84544
0.843411
0.84173
0.841311
0.842716
0.846033
0.850707
0.855542
0.859074
0.860099
0.85821
0.853722
0.847368
0.839705
0.830847
0.820595
0.808805
0.795854
0.782856
0.7715
0.763475
0.759956
0.761191
0.766405
0.774144
0.782835
0.791194
0.79847
0.804302
0.808357
0.809984
0.808276
0.802399
0.792202
0.778549
0.763254
0.748601
0.736629
0.728536
0.724493
0.723944
0.726102
0.730382
0.73654
0.744388
0.753556
0.763294
0.772489
0.779993
0.785092
0.787672
0.788169
0.787383
0.786122
0.784963
0.784236
0.78416
0.785114
0.787737
0.792955
0.801808
0.815048
0.832651
0.853795
0.876739
0.899031
0.917895
0.930712
0.935411
0.930756
0.916438
0.893174
0.862658
0.827558
0.791252
0.757295
0.72865
0.707446
0.695066
0.692302
0.699377
0.715729
0.739732
0.768696
0.799114
0.827232
0.849711
0.864323
0.870215
0.867808
0.858347
0.843462
0.825287
0.806505
0.790198
0.779033
0.774281
0.775346
0.780093
0.785573
0.788904
0.787908
0.781792
0.771752
0.760841
0.752608
0.748998
0.749029
0.749523
0.747303
0.741234
0.732668
0.72452
0.720039
0.721686
0.730581
0.746329
0.767447
0.791809
0.816983
0.840631
0.860761
0.876076
0.886153
0.891391
0.892688
0.891123
0.887671
0.883384
0.879545
0.877505
0.878103
0.881065
0.884872
0.887301
0.88616
0.879788
0.86744
0.849432
0.827275
0.803342
0.780382
0.760877
0.746609
0.738234
0.735305
0.736772
0.741518
0.748548
0.756897
0.76547
0.773211
0.779373
0.783895
0.787379
0.790666
0.794081
0.797096
0.798598
0.797429
0.793
0.78538
0.775348
0.764279
0.753822
0.74576
0.741661
0.742329
0.747763
0.757293
0.769788
0.783675
0.797212
0.80867
0.81676
0.820802
0.820659
0.816788
0.810233
0.802446
0.794932
0.788808
0.784507
0.781797
0.780035
0.778579
0.777145
0.775952
0.775741
0.777557
0.782399
0.790824
0.80267
0.817091
0.832684
0.847874
0.861132
0.871089
0.876509
0.876359
0.870053
0.85769
0.840238
0.819333
0.796865
0.774636
0.754262
0.737445
0.726117
0.722205
0.726952
0.7402
0.760212
0.784205
0.809151
0.832236
0.851338
0.864864
0.871728
0.8712
0.86297
0.847443
0.826011
0.801152
0.776265
0.755132
0.741075
0.73598
0.739832
0.750935
0.766638
0.784118
0.800891
0.814986
0.825077
0.830662
0.832031
0.830174
0.826167
0.820855
0.814556
0.80731
0.799205
0.790599
0.782096
0.774315
0.76773
0.762579
0.759049
0.757548
0.758765
0.763472
0.772279
0.785164
0.801278
0.819165
0.837061
0.853414
0.867192
0.877914
0.885545
0.890064
0.891232
0.888522
0.881281
0.869313
0.853187
0.834211
0.81419
0.794894
0.777657
0.763121
0.751336
0.742333
0.736605
0.735111
0.738537
0.74648
0.757467
0.769632
0.78142
0.791887
0.800644
0.807582
0.812733
0.816378
0.819025
0.821097
0.822595
0.823003
0.821552
0.817623
0.811255
0.803242
0.794926
0.787745
0.782663
0.779887
0.778828
0.778504
0.778071
0.777204
0.776349
0.776497
0.778785
0.783908
0.791623
0.800789
0.80979
0.817126
0.821776
0.823321
0.82185
0.817708
0.811371
0.803521
0.794948
0.786621
0.779524
0.774484
0.771774
0.771128
0.771886
0.773297
0.774889
0.776617
0.778809
0.781965
0.786329
0.791669
0.797075
0.801409
0.803821
0.804044
0.802288
0.799088
0.795215
0.791717
0.78981
0.790517
0.794324
0.800907
0.809059
0.816937
0.822692
0.825057
0.823959
0.820528
0.816606
0.813995
0.813584
0.815024
0.816991
0.817829
0.816148
0.811243
0.803228
0.792804
0.780984
0.768803
0.757103
0.74636
0.73677
0.728352
0.721117
0.715189
0.710994
0.709356
0.711499
0.718792
0.732198
0.751651
0.775753
0.801968
0.827395
0.849483
0.86649
0.877408
0.881915
0.880238
0.873132
0.861816
0.847723
0.832417
0.817668
0.805368
0.797249
0.79466
0.798461
0.808493
0.823021
0.838923
0.852681
0.861524
0.864031
0.86019
0.851147
0.838883
0.825684
0.813612
0.804016
0.797364
0.79323
0.790629
0.788456
0.785931
0.782748
0.779221
0.775986
0.773601
0.772235
0.771471
0.770621
0.769433
0.768654
0.769802
0.77391
0.780464
0.787433
0.792275
0.793238
0.790022
0.783872
0.777248
0.773163
0.774053
0.780828
0.792394
0.806172
0.819002
0.828147
0.831834
0.829493
0.821873
0.810798
0.79878
0.788335
0.781296
0.778423
0.779346
0.782963
0.7878
0.792434
0.795571
0.796157
0.793494
0.787463
0.778892
0.769742
0.762427
0.7587
0.758761
0.761406
0.765046
0.768717
0.77238
0.776703
0.782557
0.790355
0.799643
0.809124
0.817124
0.822251
0.824027
0.822962
0.820283
0.81753
0.815986
0.816299
0.818257
0.821092
0.823873
0.825897
0.826912
0.826965
0.826228
0.824859
0.822995
0.820832
0.818549
0.816261
0.813924
0.811261
0.807763
0.802878
0.796427
0.788718
0.78043
0.772386
0.765292
0.759689
0.756016
0.754655
0.755964
0.759951
0.766042
0.773227
0.780452
0.786963
0.792354
0.796363
0.79876
0.799433
0.798619
0.796948
0.79516
0.794007
0.794249
0.796616
0.801403
0.80799
0.814765
0.819648
0.820805
0.817337
0.809483
0.798851
0.78789
0.77933
0.775306
0.776829
0.783638
0.794338
0.80679
0.818799
0.828774
0.836002
0.840527
0.842786
0.843212
0.841985
0.839126
0.83473
0.829088
0.822569
0.815402
0.807592
0.799198
0.790765
0.783541
0.779184
0.778892
0.782639
0.788887
0.795287
0.79966
0.800674
0.797953
0.791888
0.783442
0.773978
0.765067
0.758154
0.754134
0.753198
0.75502
0.759079
0.765187
0.773571
0.784553
0.7982
0.813919
0.830318
0.845472
0.857264
0.863981
0.864666
0.859451
0.849314
0.835813
0.820671
0.805445
0.791351
0.779031
0.768769
0.760652
0.754784
0.751529
0.751389
0.754767
0.761749
0.772074
0.78516
0.800172
0.815913
0.8308
0.843009
0.850834
0.853032
0.848985
0.838656
0.822843
0.803363
0.78292
0.764241
0.749247
0.738725
0.732888
0.732032
0.736496
0.746219
0.760396
0.777573
0.796042
0.814257
0.831153
0.846196
0.859261
0.870128
0.878286
0.883042
0.883827
0.880433
0.872884
0.861459
0.846525
0.828747
0.809318
0.789805
0.771923
0.757039
0.746027
0.739245
0.736734
0.73826
0.743342
0.751276
0.76133
0.772976
0.785964
0.800149
0.815061
0.829584
0.842046
0.850753
0.854575
0.853315
0.847659
0.839024
0.829084
0.819412
0.811305
0.805665
0.803017
0.803314
0.805742
0.808813
0.810736
0.809948
0.805517
0.797361
0.786153
0.773134
0.759712
0.747084
0.736075
0.727076
0.72036
0.716396
0.716174
0.721032
0.731868
0.74852
0.769419
0.79199
0.813485
0.831704
0.845384
0.854305
0.859154
0.861071
0.861114
0.859782
0.85688
0.851732
0.843534
0.831733
0.816086
0.796908
0.775306
0.753451
0.734582
0.722415
0.72008
0.728831
0.74749
0.772778
0.800534
0.826924
0.84921
0.866073
0.877376
0.883672
0.885689
0.883876
0.878233
0.868524
0.854728
0.837398
0.817869
0.798137
0.780449
0.766633
0.757751
0.754068
0.755289
0.760632
0.76861
0.777127
0.784246
0.788949
0.79125
0.79161
0.790264
0.787008
0.781482
0.773723
0.764707
0.75645
0.751548
0.752312
0.759752
0.773033
0.789733
0.806845
0.821756
0.83285
0.839555
0.842115
0.841386
0.838454
0.834442
0.830237
0.826218
0.8222
0.817499
0.811255
0.802834
0.792302
0.780575
0.769199
0.759716
0.753097
0.749662
0.749216
0.751339
0.755721
0.762087
0.770152
0.779515
0.789709
0.800304
0.810954
0.821282
0.830849
0.839182
0.845878
0.850684
0.853428
0.85414
0.853085
0.850779
0.847753
0.844298
0.840415
0.835926
0.8309
0.825772
0.820979
0.8162
0.810041
0.800746
0.78761
0.771851
0.756434
0.744898
0.739985
0.742737
0.752588
0.767973
0.786955
0.807536
0.827854
0.846079
0.860604
0.870221
0.874408
0.873654
0.869274
0.862622
0.853977
0.842266
0.826046
0.805169
0.781802
0.760233
0.74512
0.739331
0.742665
0.752496
0.765112
0.777132
0.786224
0.791296
0.792453
0.790727
0.78758
0.784353
0.781935
0.780711
0.780693
0.781783
0.784031
0.787637
0.792706
0.798748
0.804493
0.808226
0.808534
0.80514
0.79927
0.79312
0.788683
0.78664
0.78652
0.787143
0.787221
0.785969
0.783424
0.78062
0.77941
0.781617
0.788266
0.799042
0.812466
0.826699
0.840176
0.852022
0.862053
0.870544
0.877946
0.884538
0.890131
0.894173
0.895987
0.89497
0.890703
0.883001
0.871772
0.856861
0.838255
0.81629
0.791901
0.766834
0.743584
0.724804
0.71255
0.707672
0.70959
0.716599
0.726418
0.736781
0.745799
0.752297
0.755955
0.757341
0.757612
0.757914
0.758725
0.759621
0.759719
0.758452
0.755917
0.752852
0.750147
0.748354
0.747495
0.747316
0.747716
0.749068
0.752367
0.758743
0.768898
0.782647
0.798951
0.816042
0.832019
0.845316
0.855021
0.861079
0.864194
0.865263
0.864913
0.863177
0.859643
0.853653
0.844889
0.833694
0.821219
0.809351
0.800284
0.795852
0.796893
0.803063
0.812984
0.824778
0.83667
0.847394
0.85625
0.862897
0.866858
0.867445
0.863947
0.856245
0.845164
0.832268
0.819069
0.80626
0.79378
0.781591
0.770024
0.75962
0.750805
0.74377
0.738553
0.735252
0.734107
0.735242
0.738504
0.743332
0.748991
0.754779
0.760345
0.76566
0.770856
0.776276
0.78236
0.789428
0.797322
0.805207
0.811654
0.815191
0.814888
0.810976
0.804727
0.797977
0.792294
0.788485
0.786606
0.786587
0.788581
0.792822
0.799229
0.806946
0.814564
0.820688
0.824495
0.825974
0.825664
0.824232
0.82212
0.819361
0.815725
0.811011
0.805391
0.799258
0.792917
0.786414
0.779541
0.772179
0.764592
0.7575
0.752086
0.749859
0.75234
0.760693
0.775215
0.795001
0.8179
0.841156
0.862049
0.878329
0.888657
0.892563
0.890295
0.882467
0.869776
0.852914
0.832637
0.810057
0.786759
0.76485
0.74672
0.734483
0.729326
0.731092
0.73842
0.749213
0.761148
0.772214
0.781008
0.786945
0.790311
0.792129
0.793687
0.796123
0.800015
0.805163
0.810622
0.815068
0.817031
0.815247
0.808961
0.798348
0.784908
0.771115
0.759323
0.750799
0.74574
0.743939
0.745253
0.749548
0.756595
0.766006
0.777169
0.789211
0.801142
0.812175
0.821891
0.830106
0.836394
0.839799
0.838867
0.832044
0.818375
0.798606
0.775935
0.755368
0.741601
0.736748
0.740413
0.751269
0.768192
0.790251
0.816016
0.843407
0.869868
0.892748
0.909807
0.919724
0.922404
0.918841
0.910546
0.898766
0.884189
0.867214
0.848373
0.828376
0.807856
0.787299
0.767207
0.748379
0.732101
0.719991
0.713504
0.713302
0.7189
0.72887
0.741471
0.75522
0.768981
0.781834
0.793078
0.802278
0.809364
0.814776
0.819132
0.822776
0.825535
0.826724
0.825427
0.820851
0.812668
0.801145
0.787318
0.773045
0.760805
0.753275
0.752626
0.759802
0.774063
0.793118
0.813665
0.83231
0.846379
0.854302
0.855794
0.851596
0.843107
0.831999
0.819929
0.808298
0.798118
0.790038
0.784416
0.781383
0.780991
0.783212
0.787761
0.79402
0.80121
0.808514
0.815118
0.820315
0.823505
0.824184
0.821884
0.816427
0.808193
0.798327
0.788602
0.780989
0.777056
0.777464
0.781784
0.788697
0.79653
0.803996
0.81056
0.816358
0.82187
0.827396
0.832804
0.837709
0.841618
0.844079
0.844788
0.843524
0.840324
0.835596
0.83013
0.824963
0.821001
0.818685
0.817913
0.818276
0.819199
0.820053
0.820186
0.819017
0.816086
0.81119
0.804312
0.795689
0.785905
0.775824
0.766371
0.758247
0.751679
0.74671
0.743509
0.742454
0.743988
0.74836
0.755376
0.764337
0.774226
0.784003
0.792952
0.80068
0.80701
0.811885
0.815408
0.81797
0.820252
0.823012
0.826683
0.831249
0.836122
0.840327
0.84283
0.842833
0.839967
0.834276
0.826216
0.816497
0.805766
0.794363
0.782395
0.770169
0.758652
0.749377
0.744095
0.744089
0.749628
0.759687
0.772147
0.784415
0.794108
0.799533
0.799785
0.794662
0.784524
0.770263
0.753548
0.73687
0.723452
0.716596
0.718782
0.730725
0.751162
0.77728
0.805646
0.833136
0.857402
0.876966
0.891009
0.899088
0.900956
0.896456
0.885671
0.86912
0.848053
0.824623
0.801555
0.781514
0.766372
0.75678
0.752442
0.752785
0.757129
0.76472
0.774673
0.785843
0.796947
0.80673
0.814181
0.818622
0.819781
0.817775
0.813076
0.80656
0.799342
0.792651
0.787466
0.784279
0.783203
0.78417
0.787122
0.792263
0.799818
0.809752
0.82139
0.833158
0.842743
0.847587
0.845564
0.835572
0.818096
0.795456
0.771422
0.750433
0.736298
0.730985
0.7345
0.745319
0.761101
0.779319
0.797712
0.814644
0.82921
0.840764
0.848604
0.851882
0.849808
0.842246
0.830069
0.815077
0.79985
0.787073
0.778756
0.775716
0.777627
0.783397
0.791944
0.802502
0.814685
0.828296
0.842961
0.857825
0.871523
0.882291
0.888249
0.887621
0.879076
0.862018
0.837115
0.806787
0.775457
0.748869
0.73187
0.725925
0.728573
0.73549
0.743005
0.749502
0.755322
0.761867
0.770545
0.781909
0.795306
0.809223
0.821802
0.831336
0.836643
0.83717
0.833115
0.825339
0.815275
0.804492
0.794459
0.786433
0.78139
0.780065
0.782764
0.789244
0.798648
0.809535
0.820055
0.828209
0.83231
0.831432
0.825741
0.816417
0.805335
0.794622
0.786144
0.781235
0.780535
0.783935
0.790696
0.799689
0.809775
0.819989
0.829644
0.838266
0.84545
0.850719
0.853514
0.85335
0.849947
0.843392
0.834095
0.822792
0.81046
0.79836
0.787989
0.780816
0.777782
0.77892
0.783257
0.789139
0.794818
0.798994
0.800933
0.800581
0.79838
0.794998
0.790943
0.78617
0.780252
0.77305
0.765185
0.758231
0.75409
0.754055
0.758135
0.765166
0.773523
0.781867
0.78947
0.796155
0.802041
0.80715
0.811114
0.813162
0.812378
0.808374
0.801918
0.795195
0.79094
0.790875
0.794671
0.800494
0.806315
0.810736
0.813169
0.813539
0.812086
0.809254
0.805695
0.802214
0.799675
0.798742
0.799749
0.802701
0.807247
0.812915
0.819056
0.824959
0.830188
0.834716
0.83882
0.84275
0.84642
0.849327
0.850629
0.849296
0.84447
0.83581
0.823799
0.809655
0.795324
0.782934
0.77436
0.770612
0.7716
0.776275
0.783115
0.790576
0.79745
0.802851
0.806119
0.806782
0.804656
0.800002
0.793765
0.787308
0.782009
0.778796
0.777966
0.779458
0.783169
0.789013
0.796845
0.806212
0.816274
0.825754
0.833163
0.837299
0.837787
0.835113
0.830456
0.825045
0.819479
0.813663
0.807075
0.79953
0.791533
0.784102
0.778305
0.774698
0.773106
0.772808
0.772928
0.772913
0.772712
0.772649
0.773192
0.774578
0.776786
0.779651
0.782875
0.786183
0.789474
0.792786
0.796275
0.800083
0.804047
0.807773
0.810804
0.813147
0.815531
0.819117
0.824611
0.831619
0.838741
0.844172
0.846774
0.846234
0.842957
0.837939
0.832435
0.827642
0.824354
0.822547
0.821441
0.819844
0.81695
0.812531
0.807079
0.801512
0.79651
0.792352
0.788922
0.785984
0.783433
0.7812
0.779115
0.776837
0.773865
0.769741
0.764308
0.757876
0.751135
0.744906
0.739718
0.735889
0.733827
0.734321
0.738672
0.748228
0.763333
0.782563
0.802841
0.820695
0.833676
0.841258
0.844633
0.845894
0.846821
0.848
0.84881
0.848072
0.845044
0.840049
0.834507
0.830279
0.828365
0.828029
0.827249
0.823975
0.817315
0.807582
0.795864
0.783454
0.771703
0.761888
0.755185
0.752517
0.754499
0.761312
0.772553
0.787061
0.803008
0.818012
0.829673
0.836304
0.83764
0.834966
0.830538
0.826039
0.821857
0.817513
0.812952
0.809064
0.807254
0.808464
0.812592
0.818377
0.823878
0.827111
0.82657
0.821735
0.813167
0.802224
0.790527
0.779475
0.770117
0.763244
0.759521
0.75954
0.763649
0.771654
0.782695
0.795257
0.807538
0.817959
0.825385
0.82909
0.828607
0.823505
0.813551
0.799031
0.781058
0.761585
0.74309
0.727941
0.717954
0.713965
0.715993
0.723631
0.736103
0.752359
0.770897
0.789869
0.807318
0.821356
0.830541
0.834053
0.831882
0.824888
0.814663
0.803277
0.792908
0.785292
0.781325
0.780952
0.783359
0.787482
0.792324
0.797146
0.801465
0.804983
0.807573
0.809232
0.810049
0.81029
0.810356
0.810781
0.812191
0.815051
0.819521
0.825371
0.832193
0.839427
0.846595
0.853239
0.858845
0.862919
0.865146
0.865553
0.864563
0.862914
0.861497
0.860892
0.861228
0.861933
0.861649
0.858366
0.849907
0.834859
0.813563
0.788502
0.763547
0.742397
0.727122
0.717958
0.714033
0.714579
0.719089
0.726981
0.737141
0.747893
0.757425
0.764339
0.767888
0.768132
0.765867
0.762329
0.758999
0.757189
0.757953
0.761919
0.769076
0.778668
0.789364
0.799623
0.808216
0.814443
0.818304
0.820325
0.821361
0.822548
0.825043
0.829703
0.836677
0.84535
0.854531
0.862908
0.8693
0.872826
0.872866
0.869064
0.861309
0.849817
0.835126
0.818065
0.799694
0.781242
0.764025
0.749446
0.738698
0.732608
0.73142
0.734742
0.741681
0.751033
0.761343
0.771168
0.779239
0.784717
0.78737
0.787685
0.786782
0.786089
0.786969
0.790268
0.796095
0.804054
0.813587
0.824322
0.836124
0.848762
0.861738
0.874086
0.884441
0.891374
0.893706
0.89073
0.882356
0.868895
0.850886
0.829115
0.804609
0.778924
0.754115
0.732493
0.716346
0.707469
0.706849
0.714436
0.729136
0.74887
0.770852
0.791989
0.809569
0.821869
0.828431
0.830021
0.828247
0.825199
0.822923
0.822769
0.824822
0.82802
0.830817
0.83182
0.829974
0.82471
0.815785
0.803316
0.787856
0.770402
0.752552
0.736314
0.724074
0.718229
0.720573
0.731652
0.750172
0.773128
0.79682
0.818146
0.835339
0.848046
0.856883
0.862791
0.866586
0.868786
0.86964
0.869068
0.86676
0.8622
0.85487
0.844395
0.830724
0.814342
0.796287
0.77809
0.761772
0.749384
0.742441
0.74134
0.745236
0.752336
0.760439
0.767483
0.771908
0.772843
0.770103
0.764207
0.756364
0.748485
0.742893
0.741965
0.747453
0.759918
0.778235
0.799784
0.821172
0.839171
0.851563
0.857294
0.856482
0.850072
0.839559
0.826446
0.8119
0.796818
0.782154
0.769539
0.761395
0.7601
0.766553
0.779327
0.795556
0.8122
0.826906
0.838053
0.844587
0.845648
0.840654
0.829486
0.812862
0.792708
0.772126
0.754892
0.744441
0.742839
0.75029
0.765569
0.786652
0.811093
0.836037
0.858615
0.876479
0.888142
0.893064
0.891484
0.88405
0.871631
0.85526
0.836169
0.815895
0.796417
0.78002
0.768618
0.763241
0.763488
0.767755
0.773891
0.780087
0.785449
0.789944
0.794046
0.79832
0.803128
0.808514
0.814295
0.820049
0.825075
0.828454
0.829159
0.826368
0.819933
0.810548
0.799697
0.78918
0.780713
0.775554
0.774423
0.777524
0.784379
0.793942
0.804797
0.815557
0.825172
0.832952
0.838385
0.840981
0.84047
0.836875
0.830513
0.821833
0.811263
0.799201
0.786199
0.7731
0.761063
0.751341
0.745104
0.743268
0.746242
0.753815
0.764961
0.778223
0.792038
0.805034
0.816323
0.825625
0.833013
0.838578
0.842233
0.843569
0.841884
0.836535
0.827254
0.814386
0.799063
0.783022
0.768105
0.755563
0.745917
0.738956
0.734082
0.730761
0.728844
0.728711
0.731153
0.736998
0.746669
0.759952
0.775897
0.792981
0.809411
0.823438
0.833611
0.839256
0.840672
0.839248
0.837219
0.836855
0.839705
0.846157
0.855455
0.866316
0.877193
0.886362
0.891862
0.891494
0.883198
0.865742
0.839189
0.805514
0.768395
0.732542
0.702506
0.681632
0.671568
0.672059
0.681206
0.696046
0.713276
0.730072
0.74453
0.755785
0.763845
0.769197
0.772532
0.774555
0.776268
0.779034
0.784266
0.792554
0.803275
0.814925
0.826079
0.83606
0.84512
0.854048
0.863566
0.873775
0.884046
0.893021
0.899182
0.901258
0.898571
0.89129
0.880381
0.867367
0.853944
0.841522
0.831091
0.823066
0.817237
0.812932
0.809311
0.805596
0.801279
0.796161
0.790235
0.783614
0.776575
0.769515
0.762843
0.756885
0.751923
0.748208
0.74607
0.745905
0.748007
0.752201
0.757789
0.763432
0.767401
0.768048
0.76441
0.756655
0.746208
0.735455
0.727185
0.723941
0.727549
0.738614
0.756168
0.777843
0.80053
0.821373
0.838361
0.850669
0.858414
0.86217
0.862626
0.86038
0.855935
0.849748
0.842197
0.833612
0.824548
0.815823
0.808405
0.803018
0.799707
0.797892
0.796634
0.795042
0.792649
0.789461
0.785906
0.782741
0.780996
0.781869
0.786281
0.794353
0.805088
0.816535
0.826459
0.832957
0.834728
0.831395
0.824055
0.81594
0.812153
0.816936
0.830201
0.847433
0.863193
0.8741
0.879216
0.879033
0.874424
0.866059
0.854303
0.839521
0.822289
0.803412
0.783878
0.764769
0.747404
0.733357
0.724338
0.721586
0.725366
0.734707
0.747623
0.761561
0.774084
0.783583
0.789738
0.793394
0.795766
0.797572
0.798944
0.799815
0.800284
0.800541
0.800733
0.800908
0.801053
0.801139
0.801145
0.801109
0.80122
0.80173
0.80286
0.804603
0.806811
0.809047
0.810587
0.810556
0.808141
0.802955
0.795492
0.787207
0.780179
0.776435
0.777132
0.782081
0.789892
0.798716
0.806741
0.812686
0.815948
0.816565
0.814982
0.811744
0.807173
0.801229
0.79376
0.784946
0.775788
0.767918
0.762918
0.761464
0.763091
0.766867
0.772118
0.778573
0.78592
0.793397
0.79993
0.804589
0.807115
0.807817
0.807335
0.806284
0.805216
0.804656
0.805103
0.806978
0.810628
0.816241
0.823752
0.832707
0.842239
0.85112
0.85801
0.861822
0.861817
0.857819
0.850148
0.839624
0.827405
0.815054
0.804224
0.796111
0.790863
0.787569
0.785151
0.783123
0.78171
0.781245
0.78163
0.782237
0.782492
0.78242
0.782911
0.785304
0.790548
0.798537
0.807995
0.817078
0.824059
0.827888
0.828027
0.824347
0.816873
0.805915
0.792184
0.77678
0.761136
0.747202
0.737696
0.735817
0.743895
0.761901
0.787084
0.814892
0.840412
0.859663
0.870434
0.872292
0.866269
0.85446
0.83955
0.824346
0.811301
0.801977
0.796696
0.794697
0.794773
0.795975
0.797904
0.800404
0.802881
0.804223
0.803456
0.800249
0.795165
0.789344
0.783853
0.779388
0.776235
0.774519
0.774501
0.776664
0.781621
0.7897
0.800551
0.813137
0.826049
0.837838
0.847216
0.853125
0.854893
0.852066
0.844448
0.832173
0.815952
0.797216
0.778212
0.761779
0.750568
0.746333
0.749302
0.758078
0.770115
0.782508
0.792859
0.799797
0.80299
0.80298
0.800864
0.79801
0.795946
0.795959
0.79878
0.804305
0.811613
0.819288
0.825824
0.829835
0.830389
0.827106
0.820088
0.809879
0.797351
0.783489
0.769335
0.755985
0.744675
0.736839
0.733996
0.73738
0.747474
0.763431
0.783031
0.803175
0.820739
0.83344
0.840313
0.841509
0.837962
0.831087
0.822378
0.81338
0.805578
0.800417
0.799181
0.802674
0.811134
0.823882
0.839379
0.85547
0.869935
0.880939
0.887063
0.887461
0.882023
0.871379
0.856819
0.83994
0.822244
0.804872
0.788524
0.773547
0.760181
0.748728
0.739697
0.733723
0.731576
0.733927
0.740913
0.751895
0.765289
0.778924
0.790603
0.798586
0.801947
0.800751
0.795935
0.789041
0.781712
0.775225
0.770337
0.767492
0.767173
0.770152
0.777176
0.788382
0.802787
0.818123
0.831363
0.839456
0.840335
0.833326
0.819312
0.800359
0.779331
0.759306
0.743071
0.7327
0.729255
0.732643
0.741505
0.753565
0.765953
0.776063
0.782352
0.78491
0.785525
0.78681
0.790716
0.797575
0.806224
0.815147
0.823241
0.830264
0.836681
0.843197
0.850401
0.858453
0.866865
0.874505
0.879761
0.881041
0.877236
0.868112
0.854409
0.837459
0.818659
0.799196
0.779997
0.76197
0.746196
0.733908
0.726156
0.723549
0.726257
0.733995
0.746018
0.761181
0.77792
0.794579
0.80953
0.821526
0.829781
0.834085
0.834732
0.832533
0.828792
0.825063
0.822595
0.821814
0.822272
0.822795
0.82191
0.818376
0.811442
0.80106
0.787811
0.772746
0.75725
0.742866
0.731162
0.723724
0.721927
0.726779
0.73849
0.756138
0.777606
0.799941
0.819972
0.834895
0.842907
0.843485
0.837349
0.826339
0.812998
0.800042
0.789847
0.783723
0.781651
0.782652
0.785576
0.789537
0.793896
0.798158
0.802128
0.806046
0.810528
0.816075
0.822829
0.830532
0.838549
0.845999
0.851764
0.854715
0.853906
0.849139
0.841205
0.831585
0.821899
0.813075
0.80529
0.798268
0.7917
0.785632
0.780338
0.776148
0.773323
0.771951
0.772113
0.773873
0.77718
0.781651
0.786454
0.790465
0.792594
0.792023
0.788366
0.781698
0.772589
0.762185
0.75213
0.744295
0.740206
0.740506
0.744805
0.751878
0.7602
0.768629
0.776734
0.784846
0.79369
0.80375
0.815007
0.826833
0.838127
0.847577
0.853946
0.856218
0.853804
0.846718
0.835841
0.822864
0.810085
0.800102
0.795359
0.797791
0.8082
0.825837
0.84821
0.871476
0.891103
0.902912
0.903914
0.892945
0.870958
0.840753
0.80643
0.772668
0.743949
0.723944
0.714954
0.717482
0.729875
0.748508
0.768791
0.786544
0.799075
0.805587
0.807032
0.805616
0.803967
0.804483
0.808762
0.817108
0.828535
0.841021
0.852027
0.859076
0.860449
0.855446
0.844422
0.828552
0.809673
0.789887
0.771547
0.756935
0.747896
0.745173
0.748157
0.755016
0.763406
0.771193
0.777174
0.781136
0.783676
0.785815
0.788473
0.792011
0.796074
0.799799
0.802161
0.802364
0.800053
0.795438
0.789113
0.781856
0.774489
0.767823
0.762631
0.759696
0.759851
0.763786
0.77191
0.784251
0.800388
0.819391
0.839797
0.859799
0.87749
0.891218
0.899835
0.902679
0.899399
0.889659
0.873172
0.850009
0.821026
0.788034
0.753826
0.72176
0.695189
0.677149
0.669967
0.674791
0.690885
0.715522
0.744774
0.774901
0.803289
0.828457
0.849621
0.866079
0.876982
0.881418
0.878651
0.868529
0.851555
0.82905
0.80331
0.777649
0.755999
0.741959
0.737579
0.742729
0.755688
0.774104
0.795928
0.819444
0.842815
0.863855
0.880141
0.889652
0.891434
0.88579
0.874023
0.857999
0.839767
0.821332
0.804449
0.790516
0.780396
0.774369
0.772113
0.772705
0.774927
0.777777
0.781246
0.786529
0.795242
0.807964
0.823433
0.83899
0.851733
0.859485
0.861268
0.857316
0.848703
0.836812
0.822929
0.807941
0.792476
0.777286
0.763426
0.752306
0.745345
0.743495
0.746953
0.755014
0.766224
0.778773
0.790818
0.801017
0.808673
0.813706
0.816256
0.816328
0.813847
0.809045
0.802569
0.79525
0.787918
0.781366
0.77633
0.773415
0.773003
0.775269
0.780306
0.787941
0.797572
0.807944
0.817264
0.823547
0.825045
0.820825
0.811177
0.797491
0.782007
0.767198
0.755187
0.747224
0.743627
0.743969
0.747438
0.753143
0.760394
0.768701
0.777776
0.787341
0.796984
0.806311
0.815036
0.823138
0.830739
0.837976
0.844896
0.851594
0.858169
0.864624
0.87068
0.875801
0.87918
0.880075
0.877971
0.872792
0.864921
0.855009
0.843974
0.832953
0.822986
0.814748
0.808231
0.802855
0.797704
0.791805
0.784306
0.774559
0.762311
0.747835
0.732266
0.717695
0.707
0.703259
0.708658
0.723275
0.744637
0.768599
0.790813
0.808
0.818523
0.822306
0.820546
0.815291
0.80902
0.804155
0.802697
0.805727
0.813086
0.823119
0.833266
0.840784
0.843651
0.841026
0.833519
0.822878
0.811363
0.801176
0.793784
0.789601
0.788127
0.78823
0.788502
0.787502
0.783969
0.777052
0.766513
0.752906
0.737806
0.723734
0.713874
0.711245
0.717514
0.732253
0.753156
0.777006
0.800813
0.822328
0.840148
0.853563
0.862292
0.866044
0.864547
0.857634
0.845704
0.829994
0.812808
0.796977
0.785133
0.778851
0.778294
0.782188
0.788201
0.793612
0.796268
0.795569
0.7926
0.789255
0.786965
0.786318
0.787734
0.791844
0.799125
0.80938
0.8215
0.833649
0.843884
0.850899
0.85434
0.854753
0.853053
0.849728
0.844364
0.835838
0.823114
0.806046
0.78597
0.765594
0.748025
0.735636
0.729297
0.728406
0.73147
0.73663
0.742251
0.747219
0.751172
0.754393
0.757647
0.761878
0.768065
0.777118
0.789849
0.806593
0.826754
0.848544
0.869254
0.885997
0.89648
0.899568
0.895459
0.885508
0.871816
0.8567
0.842191
0.829719
0.819803
0.811958
0.804927
0.797316
0.788201
0.777684
0.767011
0.758144
0.752865
0.752107
0.755732
0.762693
0.771392
0.780019
0.786781
0.790102
0.789001
0.783431
0.774458
0.764296
0.755907
0.752192
0.755189
0.765186
0.780483
0.797797
0.813199
0.823187
0.825709
0.820652
0.809859
0.796623
0.78477
0.777402
0.775938
0.779957
0.787492
0.795854
0.802379
0.805166
0.803746
0.799322
0.794401
0.791672
0.792802
0.798054
0.806599
0.817187
0.828457
0.83919
0.848227
0.854413
0.856595
0.85386
0.845778
0.832651
0.815668
0.796687
0.777847
0.761138
0.74791
0.738794
0.733714
0.73212
0.73339
0.737144
0.743228
0.751411
0.761331
0.772729
0.785558
0.799679
0.814612
0.829297
0.842328
0.852459
0.858889
0.861432
0.860449
0.856643
0.850954
0.844439
0.838068
0.832569
0.828359
0.825623
0.824199
0.82359
0.823071
0.821766
0.818855
0.813754
0.806355
0.796815
0.785559
0.773077
0.759987
0.747034
0.734989
0.72455
0.716248
0.710398
0.707231
0.707134
0.710777
0.719059
0.732753
0.752006
0.775941
0.802685
0.829792
0.854914
0.876041
0.891702
0.901036
0.903748
0.900209
0.891526
0.879486
0.866313
0.854082
0.844225
0.837147
0.832293
0.828594
0.825221
0.82179
0.818091
0.813752
0.808013
0.799834
0.788632
0.774679
0.759289
0.744488
0.732357
0.72433
0.720793
0.721064
0.723869
0.727843
0.732026
0.736163
0.740687
0.746491
0.754561
0.765547
0.779359
0.795038
0.811031
0.825812
0.838186
0.847242
0.852271
0.852698
0.848263
0.839016
0.825384
0.808443
0.790218
0.773772
0.762382
0.758374
0.762156
0.77236
0.786667
0.802621
0.818259
0.832105
0.843145
0.850547
0.853708
0.852441
0.847023
0.838299
0.827573
0.81637
0.805966
0.797051
0.78979
0.784085
0.779907
0.777496
0.77717
0.779227
0.783802
0.79079
0.799713
0.809911
0.820594
0.830864
0.839667
0.845762
0.847752
0.844438
0.835356
0.82127
0.804478
0.788228
0.77551
0.767935
0.765405
0.766834
0.771019
0.776998
0.783983
0.791216
0.797918
0.80334
0.807014
0.808598
0.80797
0.805253
0.800923
0.795719
0.79051
0.785985
0.78266
0.781048
0.781686
0.784964
0.790943
0.799287
0.809249
0.819794
0.829553
0.837009
0.84069
0.839442
0.83258
0.819967
0.802308
0.781343
0.759913
0.741379
0.7288
0.724114
0.727768
0.738626
0.754506
0.772689
0.790613
0.806279
0.818546
0.827158
0.832611
0.835851
0.837944
0.839577
0.840923
0.841653
0.841258
0.839397
0.836146
0.831902
0.827268
0.822818
0.818839
0.815381
0.812365
0.80959
0.806926
0.804309
0.801721
0.799199
0.796678
0.79396
0.79073
0.78684
0.782705
0.779557
0.779177
0.782714
0.78945
0.796981
0.802585
0.804671
0.803136
0.799073
0.794163
0.790194
0.788536
0.789876
0.794094
0.800353
0.807206
0.8129
0.815662
0.81412
0.807946
0.798491
0.788655
0.781627
0.779443
0.781943
0.787441
0.794107
0.800999
0.808126
0.815721
0.823439
0.830121
0.834128
0.833892
0.828452
0.81784
0.8032
0.786755
0.771386
0.759965
0.754489
0.75534
0.761392
0.770842
0.78208
0.794298
0.807303
0.820904
0.834366
0.846174
0.854376
0.857111
0.853237
0.842805
0.827368
0.809733
0.793003
0.779382
0.769474
0.762309
0.756376
0.750701
0.745335
0.74121
0.739657
0.741872
0.748478
0.759506
0.77442
0.79231
0.812045
0.832374
0.851954
0.869353
0.883192
0.892199
0.895264
0.891627
0.881005
0.863713
0.840865
0.814589
0.787872
0.764115
0.746314
0.736133
0.733367
0.736136
0.741769
0.747688
0.752011
0.754023
0.754375
0.75493
0.758008
0.765146
0.776073
0.788626
0.799645
0.806327
0.807251
0.802742
0.794665
0.785798
0.778946
0.776314
0.778862
0.786247
0.797389
0.811098
0.826448
0.842735
0.859232
0.874895
0.888217
0.897373
0.900657
0.89686
0.885731
0.868091
0.845695
0.820848
0.795834
0.772543
0.752258
0.735891
0.724032
0.716888
0.714035
0.714527
0.717325
0.721939
0.728319
0.736346
0.745141
0.753103
0.758584
0.760607
0.759462
0.756704
0.754557
0.755079
0.759533
0.768119
0.780183
0.794681
0.810372
0.825819
0.839288
0.84899
0.853478
0.852165
0.84569
0.835938
0.825608
0.817389
0.812856
0.812092
0.813843
0.816455
0.818506
0.819186
0.818335
0.816207
0.813071
0.808845
0.802934
0.794564
0.783554
0.770913
0.759004
0.751033
0.75007
0.757691
0.773093
0.793356
0.814593
0.833252
0.846854
0.854223
0.855335
0.85084
0.841918
0.83015
0.81744
0.805937
0.797613
0.793795
0.794788
0.799729
0.806765
0.813427
0.817244
0.816192
0.809139
0.796374
0.779974
0.763488
0.750731
0.744289
0.74508
0.752977
0.767163
0.78603
0.807302
0.828578
0.847785
0.86341
0.874473
0.880401
0.880812
0.875417
0.864214
0.847719
0.827468
0.806016
0.78656
0.771934
0.763715
0.761829
0.764861
0.770696
0.777135
0.782447
0.785669
0.786775
0.786405
0.785482
0.784686
0.784081
0.783008
0.780374
0.775047
0.76644
0.754977
0.742206
0.730457
0.722491
0.720862
0.72732
0.742181
0.764148
0.790558
0.818071
0.843464
0.864102
0.878252
0.88513
0.884762
0.877924
0.866017
0.850786
0.833929
0.816737
0.800116
0.784784
0.771431
0.760673
0.752821
0.747806
0.745422
0.745626
0.748647
0.754804
0.764374
0.777526
0.794415
0.814858
0.837725
0.860665
0.880762
0.895549
0.903494
0.903942
0.896779
0.882564
0.862575
0.838737
0.813334
0.788847
0.767894
0.752933
0.745772
0.746984
0.75557
0.769092
0.784418
0.798507
0.809125
0.815164
0.816606
0.814105
0.808615
0.801169
0.792791
0.784514
0.777414
0.772497
0.770565
0.772061
0.776686
0.783446
0.790979
0.797942
0.803423
0.807024
0.809102
0.810582
0.812625
0.816069
0.82114
0.827445
0.834254
0.840778
0.846297
0.849984
0.851074
0.849031
0.843807
0.836125
0.827337
0.819084
0.812686
0.808662
0.80652
0.804933
0.802451
0.798147
0.79197
0.784848
0.778279
0.773795
0.772448
0.774567
0.77985
0.787549
0.796768
0.806391
0.814962
0.82078
0.822437
0.819278
0.811652
0.800541
0.787039
0.771994
0.755895
0.739038
0.721949
0.705752
0.692352
0.684161
0.683419
0.691531
0.708464
0.732746
0.761726
0.792124
0.820636
0.844468
0.861563
0.870892
0.872432
0.867161
0.856934
0.844361
0.832322
0.823325
0.818938
0.819388
0.823665
0.830044
0.836692
0.842048
0.84508
0.845339
0.842889
0.8382
0.832155
0.825968
0.8208
0.817516
0.816379
0.816995
0.818444
0.819548
0.818928
0.815205
0.807168
0.794271
0.777158
0.757667
0.738513
0.722322
0.71077
0.703972
0.700949
0.700714
0.703362
0.710414
0.724153
0.74631
0.776772
0.813104
0.851232
0.886559
0.915043
0.933869
0.941592
0.937889
0.923315
0.899153
0.867347
0.830525
0.791906
0.75524
0.724414
0.702738
0.691941
0.691925
0.701081
0.717053
0.737075
0.758311
0.778349
0.795614
0.80946
0.819935
0.827488
0.832875
0.836988
0.840547
0.843796
0.846506
0.848188
0.848648
0.848205
0.847648
0.848111
0.850544
0.855307
0.861863
0.868863
0.874577
0.877381
0.876249
0.87092
0.861921
0.850445
0.837848
0.825383
0.813727
0.80296
0.792574
0.781846
0.770147
0.757229
0.743444
0.729638
0.717074
0.707143
0.701014
0.699273
0.70162
0.706998
0.713954
0.721084
0.727408
0.732676
0.737344
0.742335
0.74866
0.757017
0.767515
0.779514
0.791567
0.801664
0.807956
0.809525
0.806924
0.802276
0.798501
0.798059
0.801989
0.809647
0.819186
0.828483
0.835813
0.840169
0.841335
0.839523
0.8351
0.828489
0.820151
0.810742
0.801186
0.792784
0.786958
0.785061
0.788014
0.796099
0.808771
0.824534
0.841345
0.856953
0.869172
0.87612
0.8764
0.869094
0.85407
0.832832
0.809622
0.791556
0.785091
0.79095
0.80402
0.818423
0.830935
0.8407
0.847823
0.852517
0.854617
0.853367
0.847591
0.836471
0.820117
0.799655
0.776935
0.753976
0.732678
0.714916
0.702514
0.696831
0.698624
0.707798
0.723199
0.742572
0.762881
0.780966
0.79436
0.801726
0.802872
0.798627
0.790593
0.78087
0.77175
0.765315
0.763035
0.765475
0.772153
0.781769
0.792534
0.802595
0.810427
0.815119
0.816342
0.814391
0.810058
0.804535
0.799261
0.795544
0.794308
0.795982
0.800376
0.806657
0.813394
0.818809
0.821196
0.819459
0.813723
0.805534
0.797277
0.791234
0.788901
0.790687
0.79588
0.802946
0.809813
0.81449
0.815793
0.813659
0.808963
0.80292
0.796657
0.790928
0.786088
0.782384
0.780063
0.779358
0.78028
0.782505
0.785518
0.788915
0.792645
0.796948
0.802254
0.808939
0.817107
0.826479
0.83622
0.844971
0.851206
0.853655
0.851744
0.84564
0.835887
0.823186
0.808257
0.792098
0.776426
0.763741
0.756783
0.75726
0.764756
0.776701
0.789405
0.799486
0.804659
0.804186
0.798607
0.789223
0.777708
0.765634
0.75407
0.743816
0.735594
0.73063
0.73096
0.73915
0.757242
0.784978
0.818727
0.852656
0.881119
0.900318
0.908633
0.906041
0.893714
0.873611
0.848253
0.820581
0.79347
0.769577
0.751205
0.740167
0.737489
0.74304
0.755379
0.772084
0.790378
0.807654
0.821958
0.832214
0.838048
0.839599
0.837228
0.8314
0.822627
0.811429
0.798472
0.784736
0.771643
0.760919
0.753961
0.751404
0.753002
0.757988
0.76536
0.774136
0.783587
0.79312
0.802257
0.810598
0.817754
0.823463
0.827579
0.830193
0.831383
0.831178
0.829444
0.825931
0.820402
0.812787
0.803282
0.792038
0.779204
0.765104
0.750534
0.736955
0.726213
0.719967
0.719003
0.723007
0.730683
0.740298
0.749978
0.758057
0.763392
0.765839
0.766414
0.767249
0.770837
0.77888
0.791454
0.806952
0.822888
0.836834
0.846983
0.852416
0.853177
0.850106
0.844657
0.838782
0.834663
0.834491
0.839784
0.850873
0.866307
0.883141
0.897699
0.906405
0.906734
0.897667
0.879979
0.855746
0.827517
0.797666
0.768139
0.740746
0.717366
0.699865
0.689705
0.687644
0.693706
0.707473
0.727991
0.753643
0.782006
0.809993
0.834287
0.852041
0.861583
0.86279
0.857056
0.846742
0.83448
0.822391
0.811435
0.801522
0.791919
0.781944
0.771557
0.761456
0.752862
0.747024
0.744646
0.745781
0.749946
0.756739
0.76624
0.77912
0.795933
0.816367
0.838719
0.860106
0.877302
0.887694
0.889838
0.883572
0.869965
0.850987
0.829076
0.806602
0.78548
0.767066
0.752278
0.741781
0.735989
0.734953
0.738145
0.744351
0.752019
0.759626
0.766226
0.77166
0.776326
0.780727
0.785099
0.789167
0.79238
0.794482
0.79583
0.797287
0.799874
0.804283
0.810686
0.818703
0.827598
0.836389
0.843791
0.848607
0.850101
0.848408
0.84471
0.841062
0.839619
0.841722
0.84714
0.854014
0.859627
0.861401
0.857568
0.847768
0.832976
0.815312
0.797464
0.781975
0.770707
0.764356
0.762415
0.763511
0.765837
0.767675
0.76768
0.765172
0.76027
0.753935
0.747653
0.742958
0.741025
0.742303
0.746533
0.752935
0.760505
0.768095
0.774489
0.77845
0.779001
0.775762
0.769257
0.760971
0.753259
0.748815
0.750031
0.758285
0.773447
0.793801
0.81644
0.837968
0.8553
0.866354
0.870492
0.868534
0.862305
0.853858
0.844906
0.836594
0.829335
0.823125
0.817603
0.812386
0.807283
0.802373
0.79806
0.794945
0.793575
0.793895
0.795059
0.795609
0.794115
0.789879
0.783258
0.775666
0.768972
0.764835
0.764104
0.766574
0.771178
0.776554
0.781611
0.785873
0.789485
0.792868
0.796364
0.799998
0.803486
0.806389
0.808409
0.809575
0.810369
0.811526
0.813846
0.817956
0.823991
0.831573
0.839826
0.847543
0.853249
0.855411
0.852806
0.844936
0.832279
0.816235
0.798695
0.781628
0.766528
0.754222
0.745042
0.739093
0.736465
0.737237
0.741251
0.74786
0.755932
0.764167
0.771712
0.778514
0.785358
0.793437
0.80378
0.816866
0.832309
0.848853
0.864741
0.878075
0.887198
0.890993
0.889082
0.881767
0.869974
0.854901
0.837627
0.819024
0.799805
0.780459
0.76132
0.742568
0.724363
0.707547
0.694399
0.688596
0.693323
0.708638
0.730983
0.755449
0.778143
0.79692
0.81102
0.820483
0.825801
0.827559
0.826323
0.822618
0.817115
0.8107
0.804536
0.799811
0.797565
0.798507
0.80264
0.809148
0.816537
0.823015
0.826897
0.82707
0.823259
0.816138
0.807123
0.798135
0.791087
0.787385
0.787598
0.791355
0.797566
0.80466
0.810986
0.81519
0.816586
0.815246
0.811907
0.807471
0.802561
0.797307
0.791339
0.783989
0.774957
0.764841
0.755276
0.748746
0.747772
0.753745
0.766277
0.783624
0.803606
0.824342
0.844292
0.861926
0.875607
0.883919
0.886106
0.882478
0.874308
0.863419
0.851468
0.839508
0.827983
0.816887
0.806078
0.795728
0.78641
0.779134
0.775065
0.774846
0.778232
0.783776
0.789181
0.792077
0.790713
0.784636
0.774707
0.762952
0.752043
0.744622
0.742598
0.746645
0.756126
0.769404
0.78402
0.797113
0.806026
0.809118
0.806297
0.798912
0.789191
0.779405
0.771352
0.766265
0.764853
0.767301
0.773119
0.781403
0.791259
0.802055
0.813299
0.824251
0.83394
0.841386
0.846007
0.847652
0.846427
0.842548
0.836249
0.827827
0.817788
0.806954
0.796433
0.787478
0.78113
0.777912
0.777502
0.778891
0.780714
0.781732
0.781295
0.779425
0.77656
0.773306
0.770294
0.768149
0.767264
0.767551
0.76855
0.769864
0.771657
0.774703
0.780039
0.788435
0.799908
0.813724
0.828481
0.842425
0.853977
0.862215
0.867192
0.869729
0.870998
0.871905
0.872645
0.872855
0.8718
0.868781
0.863435
0.855869
0.846584
0.836341
0.825912
0.816002
0.807283
0.800427
0.79616
0.795154
0.797621
0.802968
0.809619
0.815323
0.817796
0.815434
0.807824
0.795666
0.780482
0.764235
0.748941
0.736499
0.728366
0.725212
0.726725
0.7318
0.739067
0.747389
0.756223
0.765536
0.775455
0.785828
0.79612
0.805692
0.814021
0.820978
0.826749
0.831612
0.835692
0.83869
0.839944
0.838617
0.833993
0.825734
0.814018
0.799535
0.783467
0.767262
0.752394
0.740067
0.731199
0.726459
0.726466
0.731703
0.742244
0.7574
0.775752
0.795236
0.813524
0.828376
0.837993
0.841372
0.838679
0.831585
0.822854
0.815429
0.811217
0.810462
0.812078
0.814518
0.816443
0.817201
0.816948
0.816401
0.816519
0.81806
0.821312
0.826055
0.83169
0.837295
0.841725
0.843667
0.842034
0.836284
0.826713
0.814632
0.802119
0.791477
0.784517
0.78181
0.782645
0.785284
0.787643
0.787889
0.784905
0.778315
0.768478
0.756485
0.744075
0.733364
0.726518
0.725276
0.730568
0.742203
0.758848
0.778418
0.798535
0.816902
0.831711
0.842156
0.848666
0.8525
0.855061
0.857132
0.858797
0.859887
0.860418
0.860608
0.860602
0.860127
0.858394
0.854386
0.847289
0.836937
0.823828
0.809119
0.794329
0.781001
0.770435
0.763456
0.760356
0.761117
0.765488
0.772882
0.782268
0.792386
0.80189
0.809623
0.81462
0.816149
0.813739
0.80741
0.797915
0.786845
0.776288
0.768052
0.763053
0.761286
0.762205
0.765045
0.768895
0.772788
0.775835
0.777526
0.777979
0.778028
0.778985
0.782145
0.788357
0.797816
0.810017
0.823914
0.838187
0.851496
0.862736
0.871144
0.876247
0.877631
0.874631
0.866453
0.852692
0.834252
0.81366
0.794692
0.781212
0.775567
0.777392
0.783855
0.791002
0.795419
0.795303
0.790704
0.783035
0.774417
0.766885
0.761747
0.759488
0.75994
0.7626
0.766874
0.772141
0.777862
0.783711
0.789752
0.796436
0.804312
0.813616
0.823893
0.834087
0.842758
0.848503
0.850258
0.847331
0.839462
0.826962
0.810973
0.79365
0.778126
0.767999
0.766178
0.773362
0.787277
0.803631
0.817895
0.826767
0.82859
0.823311
0.811977
0.796374
0.778655
0.761029
0.745444
0.733368
0.725757
0.722984
0.724953
0.731056
0.740326
0.751555
0.763598
0.775578
0.786972
0.797662
0.80788
0.818269
0.829564
0.842118
0.855423
0.867771
0.876476
0.87857
0.871933
0.856089
0.832433
0.804028
0.775008
0.75009
0.733737
0.729327
0.738079
0.758276
0.785649
0.814798
0.840858
0.860567
0.872443
0.876487
0.873608
0.86516
0.852543
0.837108
0.820149
0.80306
0.78766
0.776057
0.769864
0.769393
0.773398
0.779633
0.785936
0.79102
0.794642
0.797383
0.800237
0.804021
0.809026
0.814781
0.820119
0.823508
0.823477
0.818929
0.809467
0.795628
0.779064
0.762503
0.749306
0.742804
0.745193
0.756777
0.775671
0.798369
0.820882
0.839759
0.852941
0.860037
0.861937
0.860015
0.855242
0.847848
0.837687
0.82479
0.809939
0.794799
0.781596
0.772289
0.767963
0.768655
0.773724
0.782362
0.793869
0.807383
0.821739
0.835382
0.846454
0.853128
0.854032
0.848553
0.837193
0.821472
0.803883
0.787413
0.774794
0.767682
0.766259
0.769222
0.774465
0.779894
0.784059
0.786424
0.787256
0.787216
0.787
0.787177
0.788162
0.790315
0.793949
0.799285
0.806357
0.814958
0.824416
0.83346
0.840272
0.843016
0.84069
0.833618
0.823484
0.812516
0.80264
0.795005
0.790004
0.787436
0.786759
0.787515
0.789479
0.792722
0.797284
0.802763
0.808047
0.811601
0.812093
0.808846
0.802015
0.792577
0.781922
0.771661
0.763356
0.758333
0.757512
0.761307
0.769541
0.781455
0.795832
0.811287
0.826619
0.841045
0.853984
0.864732
0.872173
0.874844
0.871378
0.861172
0.845077
0.825525
0.806128
0.790573
0.781523
0.780044
0.785537
0.796093
0.808978
0.821122
0.829998
0.834071
0.833033
0.827654
0.819444
0.810224
0.801575
0.794549
0.78958
0.786487
0.784837
0.784095
0.783763
0.783403
0.782673
0.781201
0.778805
0.775632
0.772421
0.770423
0.771062
0.775412
0.7836
0.794729
0.807207
0.819279
0.829423
0.836674
0.840654
0.841466
0.839664
0.836039
0.831321
0.825878
0.819662
0.812403
0.803777
0.793636
0.782176
0.769896
0.757591
0.746372
0.737574
0.732637
0.732844
0.738962
0.750962
0.767829
0.787667
0.808018
0.826383
0.840798
0.850023
0.853597
0.851675
0.844847
0.834149
0.821148
0.807818
0.796251
0.788242
0.784898
0.786556
0.792719
0.802243
0.813504
0.824595
0.833725
0.839481
0.841224
0.839068
0.833697
0.826049
0.816929
0.806843
0.796001
0.784379
0.771748
0.757974
0.743329
0.729145
0.718529
0.71622
0.7264
0.749337
0.780539
0.813458
0.842856
0.866056
0.882307
0.891789
0.894878
0.891928
0.883395
0.869862
0.852291
0.831979
0.810613
0.790098
0.772329
0.759036
0.751502
0.750312
0.755165
0.764721
0.776747
0.788599
0.79777
0.80242
0.801934
0.797069
0.789761
0.782572
0.777975
0.777604
0.781841
0.789973
0.800459
0.811493
0.821461
0.829302
0.83452
0.837051
0.837295
0.836047
0.834294
0.832983
0.832608
0.83297
0.833461
0.833571
0.833296
0.833086
0.833305
0.833717
0.833441
0.831591
0.827561
0.821092
0.812176
0.800852
0.787253
0.771591
0.75442
0.736813
0.720352
0.706855
0.698135
0.695718
0.700422
0.712084
0.729371
0.749972
0.771101
0.790091
0.804949
0.814557
0.818713
0.818026
0.813717
0.807422
0.800929
0.795687
0.792432
0.791201
0.791427
0.792261
0.792849
0.792644
0.791552
0.789917
0.78845
0.788093
0.789877
0.794586
0.802566
0.813527
0.826544
0.840271
0.853136
0.863538
0.870061
0.871676
0.8678
0.858311
0.84365
0.82489
0.803612
0.781524
0.759986
0.740111
0.723084
0.710515
0.70424
0.705552
0.71432
0.72894
0.746946
0.765999
0.784525
0.801711
0.817082
0.830277
0.840943
0.848735
0.853636
0.855999
0.85657
0.856301
0.855905
0.855706
0.855491
0.854535
0.85176
0.846064
0.83662
0.823088
0.805806
0.785813
0.764702
0.744581
0.72793
0.71718
0.713934
0.718238
0.72831
0.741181
0.75373
0.763449
0.768952
0.770095
0.767932
0.764256
0.760957
0.759393
0.760202
0.763389
0.768695
0.775864
0.784624
0.794532
0.804813
0.814321
0.821856
0.826374
0.827275
0.824516
0.81873
0.811197
0.80346
0.79698
0.792682
0.791019
0.792163
0.796191
0.803338
0.813713
0.827061
0.8424
0.857912
0.871058
0.878989
0.879273
0.8705
0.852775
0.827876
0.799135
0.770923
0.747842
0.733752
0.730766
0.738769
0.75566
0.778001
0.802006
0.824351
0.842454
0.854664
0.860208
0.859238
0.852815
0.84253
0.83014
0.8173
0.805552
0.796451
0.791356
0.790879
0.794319
0.799631
0.804302
0.806489
0.8054
0.801251
0.794725
0.786663
0.777894
0.769272
0.762029
0.757859
0.758383
0.76424
0.774292
0.785909
0.79606
0.802377
0.803654
0.799871
0.79208
0.782172
0.772555
0.765667
0.763401
0.766621
0.774965
0.786956
0.800608
0.814106
0.826187
0.836084
0.843387
0.847657
0.848296
0.844704
0.836637
0.824515
0.809522
0.79359
0.779031
0.76799
0.761622
0.759857
0.761485
0.764724
0.76792
0.769934
0.770434
0.770051
0.770261
0.77287
0.779358
0.79014
0.8044
0.820472
0.83639
0.850458
0.861426
0.868469
0.871088
0.869125
0.862991
0.853665
0.842793
0.832373
0.824244
0.819614
0.81871
0.820667
0.823901
0.826716
0.82764
0.825903
0.821681
0.81585
0.809725
0.804428
0.800473
0.797494
0.79457
0.790532
0.784404
0.775841
0.76527
0.753691
0.74225
0.73185
0.7229
0.715497
0.709625
0.705227
0.702215
0.700521
0.700069
0.700987
0.703742
0.709116
0.717978
0.730883
0.747763
0.767856
0.789798
0.811825
0.831887
0.848075
0.858941
0.864128
0.864554
0.862215
0.85949
0.858077
0.858329
0.8594
0.859933
0.858733
0.855244
0.849617
0.842561
0.834975
0.827667
0.821096
0.815551
0.811433
0.809381
0.810058
0.813767
0.820217
0.828488
0.837315
0.845425
0.851902
0.856104
0.857557
0.855805
0.850438
0.841322
0.828824
0.813824
0.797414
0.780746
0.764803
0.7504
0.7382
0.728638
0.721752
0.717304
0.714938
0.714314
0.715198
0.717388
0.720576
0.724378
0.728457
0.732531
0.736284
0.739277
0.740986
0.741036
0.739494
0.737168
0.735493
0.736052
0.73987
0.746872
0.755904
0.765321
0.77363
0.780069
0.784823
0.788893
0.793712
0.80062
0.810321
0.822443
0.835543
0.847376
0.855617
0.858566
0.855713
0.847816
0.836579
0.823895
0.811251
0.799502
0.788993
0.779976
0.772918
0.768561
0.767639
0.770438
0.776439
0.784489
0.793112
0.801055
0.807466
0.811899
0.813978
0.813396
0.810061
0.804415
0.797585
0.791159
0.786768
0.785615
0.788145
0.793947
0.802011
0.811103
0.820085
0.828202
0.835027
0.840316
0.843894
0.845631
0.845515
0.843633
0.840046
0.834584
0.826806
0.816279
0.802939
0.78775
0.772666
0.76018
0.752129
0.748714
0.748709
0.750692
0.754302
0.760158
0.768892
0.780304
0.792942
0.804641
0.813409
0.818272
0.819416
0.818043
0.815793
0.8142
0.814154
0.815471
0.817181
0.818157
0.817667
0.815649
0.812736
0.810016
0.808718
0.809592
0.812524
0.816461
0.819764
0.820939
0.819163
0.814428
0.807562
0.800021
0.79367
0.790141
0.789997
0.792386
0.79564
0.798132
0.798941
0.798003
0.79591
0.793559
0.79173
0.790675
0.790131
0.7896
0.788912
0.7886
0.789648
0.792615
0.796839
0.800646
0.802544
0.802181
0.800401
0.798612
0.797724
0.797771
0.798114
0.797984
0.796868
0.794548
0.791164
0.78708
0.782817
0.778978
0.776159
0.774969
0.775866
0.778976
0.784211
0.791498
0.800974
0.81279
0.82643
0.840201
0.851637
0.858408
0.85914
0.853662
0.842915
0.828599
0.812631
0.7969
0.783078
0.772544
0.766602
0.76641
0.772563
0.784941
0.802233
0.822059
0.841326
0.856958
0.866628
0.869497
0.866465
0.859726
0.851917
0.844861
0.838915
0.833042
0.825578
0.815229
0.801709
0.785918
0.7697
0.755114
0.74352
0.735312
0.730304
0.728264
0.729353
0.73409
0.743036
0.756511
0.774013
0.793919
0.81352
0.829556
0.839311
0.841768
0.838069
0.830709
0.822112
0.813572
0.805584
0.7987
0.793566
0.790448
0.78887
0.78774
0.785874
0.782579
0.7779
0.772759
0.768758
0.767702
0.770609
0.777081
0.785314
0.793038
0.798455
0.800824
0.800528
0.798749
0.797083
0.796902
0.7989
0.802922
0.808327
0.814304
0.820064
0.824685
0.827264
0.827176
0.824352
0.819429
0.813643
0.808704
0.806426
0.808256
0.814861
0.825927
0.840224
0.85586
0.870681
0.88262
0.889921
0.891331
0.886143
0.87431
0.856448
0.833994
0.809181
0.78478
0.763575
0.747828
0.738935
0.73744
0.74312
0.755126
0.771967
0.791613
0.811623
0.829293
0.842021
0.847587
0.8447
0.833366
0.815033
0.792251
0.768214
0.746107
0.728552
0.717227
0.712935
0.715745
0.725134
0.740062
0.759058
0.780268
0.801718
0.821688
0.838963
0.852806
0.862852
0.868875
0.870741
0.868442
0.862088
0.852038
0.838877
0.823339
0.806335
0.788885
0.772259
0.758152
0.748728
0.746275
0.752224
0.766159
0.785499
0.806516
0.825595
0.840203
0.849101
0.852016
0.849298
0.841496
0.829361
0.81384
0.796209
0.778181
0.761623
0.748293
0.739521
0.736055
0.738193
0.74592
0.758898
0.776313
0.796754
0.818178
0.838236
0.854765
0.866171
0.871606
0.870987
0.864734
0.853521
0.838003
0.819098
0.79806
0.776684
0.757461
0.743238
0.736291
0.737156
0.74414
0.754126
0.764091
0.772022
0.777312
0.780394
0.782256
0.783867
0.785927
0.788863
0.792726
0.797164
0.801553
0.805479
0.809037
0.812818
0.817606
0.824066
0.832379
0.841912
0.85132
0.858875
0.863263
0.864083
0.861861
0.85761
0.852356
0.846806
0.841324
0.835743
0.829359
0.821103
0.810178
0.796583
0.781416
0.766709
0.754966
0.74837
0.748189
0.754397
0.765817
0.78038
0.795724
0.809441
0.819347
0.823702
0.821378
0.812212
0.797396
0.779434
0.761733
0.747589
0.738991
0.736186
0.738087
0.743136
0.749968
0.757737
0.766143
0.775228
0.785132
0.795789
0.806853
0.817659
0.827276
0.834784
0.839499
0.841129
0.839722
0.835516
0.828821
0.820072
0.810044
0.800064
0.791827
0.787254
0.787992
0.79471
0.80681
0.822468
0.839221
0.854563
0.866589
0.874044
0.876567
0.874498
0.868477
0.859028
0.8463
0.830131
0.810525
0.788261
0.765153
0.743647
0.726173
0.71447
0.709149
0.709752
0.715146
0.72397
0.735012
0.747326
0.760294
0.773577
0.787094
0.800878
0.81495
0.829131
0.84288
0.855193
0.864897
0.871149
0.873841
0.8738
0.872506
0.871294
0.870677
0.869853
0.866974
0.860002
0.847708
0.830408
0.809718
0.787937
0.767111
0.748489
0.73262
0.719575
0.709121
0.700938
0.695159
0.692729
0.695207
0.703848
0.718627
0.737777
0.758507
0.778355
0.796052
0.811188
0.823177
0.830762
0.8325
0.827627
0.81662
0.801344
0.784894
0.770861
0.762495
0.762025
0.770103
0.785784
0.806766
0.830052
0.852558
0.871689
0.885674
0.893705
0.895842
0.892684
0.885034
0.873415
0.857986
0.838886
0.816901
0.794226
0.774073
0.758902
0.749067
0.743565
0.741779
0.744028
0.750768
0.761753
0.775719
0.790655
0.804484
0.815638
0.823284
0.82713
0.827053
0.823092
0.815836
0.806789
0.798136
0.791847
0.788663
0.788014
0.788744
0.789855
0.791092
0.792867
0.795901
0.800786
0.80759
0.815646
0.82356
0.829608
0.832089
0.829949
0.823196
0.812816
0.80061
0.788761
0.779231
0.773345
0.771611
0.77374
0.77874
0.78514
0.791178
0.795115
