-6.33521
-6.33623
-6.33356
-6.33239
-6.33336
-6.33102
-6.33159
-6.3316
-6.33305
-6.3327
-6.33145
-6.33179
-6.33072
-6.32888
-6.33022
-6.33132
-6.33233
-6.33366
-6.33362
-6.3363
-6.33632
-6.33776
-6.33989
-6.33984
-6.33636
-6.33631
-6.33517
-6.33652
-6.33616
-6.33615
-6.33531
-6.33345
-6.33157
-6.33094
-6.3302
-6.33087
-6.33288
-6.33254
-6.33492
-6.3331
-6.3352
-6.33348
-6.33128
-6.33102
-6.32921
-6.32531
-6.32617
-6.32759
-6.32922
-6.33035
-6.32954
-6.33152
-6.33296
-6.33157
-6.33032
-6.33321
-6.33356
-6.33502
-6.33797
-6.34049
-6.33932
-6.33926
-6.33791
-6.33839
-6.33735
-6.33965
-6.3388
-6.33811
-6.33729
-6.33901
-6.33945
-6.33709
-6.33652
-6.3329
-6.33364
-6.33347
-6.33359
-6.33231
-6.33118
-6.3296
-6.33056
-6.32966
-6.32892
-6.32743
-6.32873
-6.32917
-6.33025
-6.33092
-6.33272
-6.33306
-6.3313
-6.32975
-6.32681
-6.32609
-6.32508
-6.32551
-6.32552
-6.32575
-6.3274
-6.32676
-6.32566
-6.32502
-6.32687
-6.32615
-6.32692
-6.32994
-6.33127
-6.33263
-6.33382
-6.3354
-6.33417
-6.33374
-6.3309
-6.33275
-6.33348
-6.33415
-6.33357
-6.33381
-6.33326
-6.3338
-6.33306
-6.33135
-6.32995
-6.33081
-6.33197
-6.32989
-6.32852
-6.32794
-6.32887
-6.33003
-6.33068
-6.33132
-6.33122
-6.33162
-6.33512
-6.33619
-6.33611
-6.3358
-6.33491
-6.3335
-6.33331
-6.33325
-6.33124
-6.33226
-6.33301
-6.33425
-6.33347
-6.33438
-6.33766
-6.33623
-6.33605
-6.33438
-6.33587
-6.33862
-6.33893
-6.33886
-6.33853
-6.33619
-6.33505
-6.3326
-6.3316
-6.33257
-6.33275
-6.33324
-6.33409
-6.33432
-6.33544
-6.33509
-6.3341
-6.3347
-6.33359
-6.33298
-6.33381
-6.33441
-6.33287
-6.33154
-6.33219
-6.33335
-6.33281
-6.33277
-6.33375
-6.33335
-6.3325
-6.33321
-6.33653
-6.33568
-6.33477
-6.33596
-6.33686
-6.3355
-6.33558
-6.33342
-6.33256
-6.33256
-6.33252
-6.33423
-6.33605
-6.33535
-6.33671
-6.33558
-6.33404
-6.33492
-6.33489
-6.33546
-6.33419
-6.33301
-6.33237
-6.33202
-6.33437
-6.33487
-6.33392
-6.33614
-6.33605
-6.3356
-6.33345
-6.33536
-6.3361
-6.33503
-6.33416
-6.33294
-6.33117
-6.33098
-6.33257
-6.33378
-6.33358
-6.33336
-6.33311
-6.33287
-6.33446
-6.33401
-6.33291
-6.33225
-6.33213
-6.33329
-6.33443
-6.33492
-6.33313
-6.33298
-6.33363
-6.33484
-6.33593
-6.33612
-6.33623
-6.33584
-6.33494
-6.33487
-6.33443
-6.3344
-6.33229
-6.33015
-6.32802
-6.33105
-6.33229
-6.33418
-6.33265
-6.33245
-6.33088
-6.32954
-6.32952
-6.33001
-6.33084
-6.33019
-6.32876
-6.32787
-6.32785
-6.32806
-6.32821
-6.32894
-6.33153
-6.33324
-6.3342
-6.33489
-6.33718
-6.33562
-6.33609
-6.33636
-6.33774
-6.33703
-6.33623
-6.3373
-6.33672
-6.33325
-6.33241
-6.32973
-6.33084
-6.33165
-6.33098
-6.33243
-6.33398
-6.33447
-6.33395
-6.33281
-6.33573
-6.33518
-6.33607
-6.33428
-6.33286
-6.33102
-6.32959
-6.3278
-6.3281
-6.32669
-6.32799
-6.32917
-6.32958
-6.3306
-6.32956
-6.32982
-6.32903
-6.33038
-6.32851
-6.3299
-6.33056
-6.33194
-6.33456
-6.33285
-6.33225
-6.33171
-6.33347
-6.33397
-6.33685
-6.33474
-6.33552
-6.33378
-6.3332
-6.33251
-6.33172
-6.33274
-6.33095
-6.33116
-6.33238
-6.33169
-6.33329
-6.33391
-6.33485
-6.33413
-6.33502
-6.33428
-6.3326
-6.33284
-6.33274
-6.33385
-6.33519
-6.33674
-6.3366
-6.33707
-6.33818
-6.33706
-6.33759
-6.33814
-6.33707
-6.33889
-6.33808
-6.33757
-6.33575
-6.33423
-6.33209
-6.32936
-6.32865
-6.33097
-6.33116
-6.33243
-6.33186
-6.33389
-6.33456
-6.33606
-6.33673
-6.33559
-6.33658
-6.33651
-6.33735
-6.33753
-6.33744
-6.33519
-6.33445
-6.33299
-6.33342
-6.33408
-6.33451
-6.33488
-6.33537
-6.33331
-6.33225
-6.33032
-6.32929
-6.3283
-6.32712
-6.32639
-6.32571
-6.3272
-6.32817
-6.32828
-6.32699
-6.32576
-6.32442
-6.32503
-6.32698
-6.32697
-6.33012
-6.33174
-6.33299
-6.33276
-6.33352
-6.33393
-6.33466
-6.33579
-6.33515
-6.33509
-6.33407
-6.33472
-6.33249
-6.32933
-6.32946
-6.33008
-6.33073
-6.33127
-6.33208
-6.33335
-6.33702
-6.33948
-6.34175
-6.34339
-6.34284
-6.3406
-6.34036
-6.33678
-6.33806
-6.33744
-6.3343
-6.33475
-6.33325
-6.334
-6.33129
-6.33049
-6.3276
-6.32495
-6.32532
-6.32426
-6.32502
-6.32807
-6.3301
-6.33239
-6.33208
-6.33057
-6.32802
-6.32751
-6.3276
-6.32743
-6.32861
-6.32873
-6.33043
-6.33221
-6.33073
-6.32936
-6.32925
-6.33119
-6.32969
-6.33279
-6.33257
-6.33091
-6.33007
-6.3291
-6.33065
-6.33118
-6.33332
-6.33324
-6.33322
-6.33233
-6.33286
-6.33253
-6.33165
-6.33052
-6.32976
-6.33199
-6.33438
-6.33373
-6.33388
-6.33726
-6.33816
-6.33769
-6.3387
-6.33833
-6.33705
-6.33501
-6.33403
-6.33071
-6.33097
-6.3316
-6.33189
-6.33237
-6.33192
-6.33203
-6.33199
-6.33251
-6.33299
-6.33095
-6.33093
-6.33126
-6.33186
-6.33265
-6.33325
-6.33301
-6.33454
-6.33366
-6.33435
-6.33058
-6.33093
-6.33162
-6.33425
-6.33378
-6.33456
-6.33355
-6.33429
-6.3339
-6.33275
-6.33252
-6.33165
-6.3318
-6.3327
-6.33243
-6.33163
-6.33222
-6.33414
-6.33532
-6.33437
-6.3354
-6.33359
-6.3346
-6.33311
-6.33029
-6.32911
-6.33053
-6.33344
-6.33508
-6.33562
-6.33398
-6.33467
-6.33676
-6.33649
-6.33754
-6.33612
-6.33581
-6.33721
-6.33734
-6.33454
-6.3353
-6.33735
-6.33715
-6.33627
-6.3363
-6.33621
-6.33699
-6.33576
-6.33969
-6.33877
-6.33953
-6.33806
-6.33725
-6.33546
-6.33361
-6.33267
-6.3333
-6.33332
-6.33252
-6.33292
-6.33258
-6.33267
-6.33114
-6.33083
-6.33139
-6.328
-6.33011
-6.33232
-6.3357
-6.33727
-6.33777
-6.33726
-6.33501
-6.33634
-6.33504
-6.33194
-6.3333
-6.33493
-6.33649
-6.33631
-6.33557
-6.33506
-6.33391
-6.33364
-6.33364
-6.33377
-6.33167
-6.33401
-6.33446
-6.33271
-6.33289
-6.33521
-6.33363
-6.33381
-6.33305
-6.33258
-6.33213
-6.33315
-6.33486
-6.33579
-6.33535
-6.33378
-6.33322
-6.33291
-6.33085
-6.32741
-6.32813
-6.32857
-6.32723
-6.32904
-6.32948
-6.33105
-6.33265
-6.33251
-6.33317
-6.33395
-6.33554
-6.33474
-6.33518
-6.33471
-6.3363
-6.33546
-6.33538
-6.33332
-6.33374
-6.33337
-6.33518
-6.33376
-6.33406
-6.33387
-6.33315
-6.33441
-6.33458
-6.33581
-6.33447
-6.33476
-6.33285
-6.33241
-6.32937
-6.32912
-6.32889
-6.32915
-6.32925
-6.33103
-6.3343
-6.335
-6.33754
-6.33664
-6.33875
-6.33808
-6.33795
-6.33712
-6.33888
-6.3387
-6.33721
-6.33759
-6.33652
-6.3382
-6.3371
-6.33455
-6.33383
-6.33404
-6.33235
-6.33434
-6.33329
-6.33344
-6.33381
-6.33308
-6.33474
-6.33225
-6.3317
-6.33113
-6.33148
-6.32986
-6.33113
-6.33105
-6.33119
-6.33507
-6.33619
-6.3379
-6.3384
-6.3375
-6.33707
-6.33719
-6.33825
-6.33733
-6.33628
-6.33637
-6.33519
-6.33341
-6.33349
-6.33398
-6.33573
-6.3364
-6.33597
-6.33514
-6.33166
-6.33039
-6.33162
-6.33204
-6.33257
-6.33161
-6.33017
-6.32873
-6.33204
-6.33255
-6.33272
-6.33226
-6.33392
-6.33545
-6.33837
-6.33786
-6.33961
-6.33782
-6.3404
-6.33912
-6.33901
-6.33954
-6.33724
-6.34027
-6.33863
-6.33623
-6.33696
-6.33563
-6.33542
-6.33562
-6.33485
-6.33497
-6.33337
-6.3339
-6.33499
-6.33281
-6.33001
-6.32761
-6.32663
-6.32576
-6.32728
-6.32666
-6.32749
-6.32981
-6.32997
-6.33036
-6.3301
-6.33198
-6.33152
-6.33151
-6.33313
-6.3317
-6.3309
-6.33177
-6.33327
-6.33296
-6.33151
-6.33223
-6.3328
-6.3327
-6.33284
-6.3328
-6.33273
-6.33238
-6.33267
-6.33288
-6.32967
-6.33071
-6.33325
-6.33462
-6.33478
-6.33604
-6.33687
-6.33771
-6.33862
-6.33898
-6.33846
-6.33831
-6.3371
-6.33698
-6.3379
-6.33727
-6.33387
-6.33434
-6.33266
-6.33318
-6.33334
-6.33373
-6.33162
-6.33376
-6.33441
-6.33409
-6.33778
-6.33924
-6.34141
-6.34167
-6.34335
-6.34311
-6.34166
-6.34135
-6.3407
-6.34015
-6.33919
-6.33736
-6.33356
-6.33247
-6.33156
-6.33015
-6.33195
-6.33356
-6.33355
-6.33352
-6.33216
-6.33241
-6.33264
-6.33247
-6.33414
-6.33342
-6.33587
-6.33568
-6.33447
-6.3344
-6.33478
-6.33662
-6.3358
-6.33407
-6.3328
-6.33466
-6.33418
-6.33298
-6.33232
-6.33436
-6.33405
-6.33417
-6.33433
-6.3336
-6.33367
-6.33301
-6.33007
-6.33294
-6.33385
-6.33503
-6.33616
-6.33535
-6.33298
-6.33039
-6.33017
-6.33101
-6.33087
-6.33229
-6.33141
-6.3293
-6.32971
-6.32951
-6.33091
-6.33084
-6.3336
-6.33484
-6.33382
-6.33509
-6.33319
-6.3302
-6.32982
-6.33091
-6.33097
-6.33291
-6.3353
-6.33501
-6.33478
-6.33457
-6.33222
-6.33183
-6.33361
-6.33279
-6.33187
-6.33226
-6.33572
-6.33575
-6.33238
-6.3341
-6.33282
-6.33247
-6.3324
-6.33364
-6.33492
-6.33403
-6.3323
-6.33233
-6.33281
-6.33176
-6.32974
-6.33029
-6.32989
-6.32956
-6.32866
-6.32874
-6.33099
-6.33173
-6.33379
-6.33364
-6.33364
-6.33295
-6.33301
-6.33135
-6.32994
-6.33041
-6.33012
-6.33133
-6.33107
-6.33125
-6.33271
-6.33336
-6.33464
-6.33453
-6.33696
-6.33527
-6.33545
-6.335
-6.33398
-6.33438
-6.33502
-6.3344
-6.33608
-6.33761
-6.33876
-6.33934
-6.3377
-6.33554
-6.3327
-6.3319
-6.33257
-6.33143
-6.32969
-6.33212
-6.33186
-6.33377
-6.33369
-6.33358
-6.33018
-6.33222
-6.33027
-6.33016
-6.33064
-6.33244
-6.33052
-6.32982
-6.33112
-6.33094
-6.33122
-6.3338
-6.33573
-6.33632
-6.33727
-6.33728
-6.33585
-6.33642
-6.33587
-6.33466
-6.33385
-6.33453
-6.33321
-6.3338
-6.33461
-6.33486
-6.33733
-6.33735
-6.3365
-6.33479
-6.33523
-6.33272
-6.33158
-6.33251
-6.33035
-6.32991
-6.32565
-6.32631
-6.32604
-6.32556
-6.3275
-6.32961
-6.32803
-6.32988
-6.3292
-6.33096
-6.33335
-6.33532
-6.33464
-6.33178
-6.33106
-6.33034
-6.32972
-6.33117
-6.33149
-6.33098
-6.33089
-6.33284
-6.33102
-6.32967
-6.33008
-6.33057
