   0.4462  -0.4278  -0.4215
  -0.3953  -0.2455  -0.4153
   0.4489  -0.2347  -0.2346
  -0.3981  -0.3961  -0.2356
  -0.2278  -0.4077  -0.4019
  -0.0680  -0.2559  -0.4001
  -0.2366  -0.2575  -0.2373
  -0.0664  -0.4225  -0.2489
   0.1053  -0.4034  -0.4017
   0.2734  -0.2315  -0.4030
   0.0951  -0.2498  -0.2301
   0.2897  -0.3876  -0.2604
   0.4391  -0.0842  -0.3982
  -0.3962   0.0794  -0.3686
   0.4259   0.0796  -0.2406
  -0.3938  -0.0859  -0.1910
  -0.2430  -0.0855  -0.4109
  -0.0719   0.0620  -0.4052
  -0.2307   0.0789  -0.2262
  -0.0648  -0.0768  -0.2243
   0.1091  -0.0788  -0.3924
   0.2762   0.0897  -0.4002
   0.1123   0.0802  -0.2263
   0.2727  -0.0860  -0.2412
   0.4371   0.2577  -0.3946
  -0.3951   0.4101  -0.4007
   0.4393   0.4281  -0.2377
  -0.4059   0.2497  -0.2256
  -0.2438   0.2381  -0.3825
  -0.0702   0.4099  -0.3942
  -0.2235   0.3981  -0.2264
  -0.0660   0.2444  -0.2441
   0.0964   0.2444  -0.3968
   0.2828   0.4187  -0.4045
   0.1229   0.4074  -0.2325
   0.2676   0.2503  -0.2433
   0.4237  -0.4117  -0.0767
  -0.4108  -0.2661  -0.0487
   0.4331  -0.2486   0.1033
  -0.3956  -0.4243   0.1194
  -0.2264  -0.4093  -0.0536
  -0.0613  -0.2669  -0.0673
  -0.2103  -0.2469   0.1028
  -0.0085  -0.4259   0.1057
   0.1282  -0.4162  -0.0756
   0.2856  -0.2435  -0.0647
   0.1338  -0.2421   0.1069
   0.2795  -0.4194   0.1261
   0.4366  -0.0907  -0.0631
  -0.4035   0.0839  -0.0681
   0.4210   0.0817   0.0836
  -0.3862  -0.0753   0.0911
  -0.2072  -0.1019  -0.0695
  -0.0319   0.0711  -0.0779
  -0.2402   0.0865   0.1119
  -0.0517  -0.0985   0.0913
   0.1202  -0.0846  -0.0629
   0.2778   0.0968  -0.0721
   0.1055   0.0711   0.0985
   0.2776  -0.0743   0.1011
   0.4205   0.2445  -0.0626
  -0.3886   0.4139  -0.0633
   0.4460   0.3977   0.1062
  -0.3985   0.2348   0.0993
  -0.2264   0.2313  -0.0540
  -0.0642   0.4165  -0.0784
  -0.2229   0.4235   0.1119
  -0.0443   0.2414   0.0976
   0.1101   0.2565  -0.0653
   0.2698   0.4045  -0.0567
   0.1286   0.4108   0.1069
   0.2803   0.2406   0.1315
   0.4457  -0.4301   0.2813
  -0.3948  -0.2438   0.2589
   0.4549  -0.2538   0.4275
  -0.3881  -0.4095   0.4391
  -0.2279  -0.4124   0.2696
  -0.0649  -0.2426   0.2610
  -0.2281  -0.2563   0.4133
  -0.0558  -0.4268   0.4482
   0.1143  -0.3973   0.2933
   0.2941  -0.2497   0.2739
   0.0946  -0.2440   0.4400
   0.2780  -0.4278   0.4464
   0.4520  -0.0812   0.2516
  -0.4080   0.0743   0.2623
   0.4401   0.0973   0.4355
  -0.3985  -0.0728   0.4414
  -0.2271  -0.0926   0.2608
  -0.0393   0.0625   0.2692
  -0.2433   0.0744   0.4231
  -0.0626  -0.0943   0.4344
   0.1494  -0.0911   0.2723
   0.2854   0.0772   0.2729
   0.1208   0.0804   0.4386
   0.3119  -0.0784   0.4173
   0.4386   0.2451   0.2761
  -0.3894   0.4069   0.2660
   0.4447   0.3938   0.4327
  -0.4019   0.2204   0.4182
  -0.2001   0.2475   0.2656
  -0.0610   0.4256   0.2748
  -0.2569   0.4207   0.4414
  -0.0742   0.2442   0.4498
   0.0867   0.2441   0.2805
   0.2693   0.4193   0.2837
   0.0904   0.4104   0.4366
   0.2535   0.2604   0.4344
