   0.2169   0.1878  -0.3100
   0.0598  -0.1323   0.2794
   0.3149  -0.1648   0.4488
  -0.2840  -0.0542   0.3369
   0.4785  -0.3816  -0.0957
   0.3469  -0.3911  -0.0677
   0.0833   0.2853   0.4492
  -0.2011  -0.1526   0.3512
   0.4151   0.1684   0.2501
  -0.3829   0.1608   0.2035
  -0.3686   0.0211  -0.4548
   0.0715   0.1828   0.2893
  -0.3561   0.0387   0.3227
   0.0641  -0.4123   0.3302
   0.4347  -0.1272   0.1876
   0.3049   0.1442  -0.2735
   0.0217   0.4038   0.0451
   0.1992  -0.0414   0.3839
   0.4872   0.2688   0.1980
  -0.4727   0.4710  -0.1157
   0.0741   0.2182  -0.3359
   0.4442   0.2013  -0.3787
  -0.2985  -0.0251  -0.4481
  -0.0733  -0.3473   0.1775
   0.1586   0.2382   0.4276
  -0.2577   0.0687  -0.1493
   0.3625  -0.1515  -0.0555
   0.1868  -0.1660  -0.3347
  -0.1143   0.1643  -0.2952
  -0.4629  -0.3421   0.3593
  -0.4669  -0.1454   0.0809
  -0.3691   0.4549   0.4311
   0.1319   0.1561  -0.3610
  -0.3621   0.0867   0.2538
   0.4670  -0.3509   0.1601
   0.0064  -0.2968   0.4643
   0.2108  -0.4878  -0.4329
  -0.1311   0.4548   0.0403
   0.2696   0.2230   0.0826
   0.2306   0.2769  -0.4744
  -0.2927   0.3167   0.1490
   0.2788  -0.0946   0.3175
  -0.4378  -0.2313   0.4656
   0.1588  -0.1174   0.3311
   0.1503  -0.4295  -0.4920
  -0.3597  -0.0453  -0.1276
   0.4134  -0.4255  -0.1099
  -0.0140  -0.3701   0.1337
  -0.1321   0.3899   0.1011
  -0.4011   0.2242  -0.2865
  -0.4263  -0.0097   0.3676
  -0.0882   0.3870  -0.3230
  -0.2977   0.3628  -0.0789
  -0.3026  -0.1234  -0.1261
   0.1667  -0.0847   0.0312
  -0.0481  -0.3682  -0.0509
   0.3083   0.1454   0.3699
   0.4007  -0.4842  -0.1850
   0.1958   0.1995   0.0190
  -0.4573  -0.2102  -0.4193
   0.4810   0.4899  -0.0404
   0.0805  -0.0731  -0.3565
   0.3602   0.1675  -0.3815
   0.2617   0.2240   0.4203
  -0.2019   0.4972   0.3760
   0.4179   0.3126  -0.4116
   0.3575  -0.0082  -0.3083
   0.4314  -0.3109   0.2962
   0.1835  -0.3176   0.4693
   0.1849   0.2876  -0.3731
   0.1131   0.1194  -0.4451
  -0.2651  -0.1087   0.1946
   0.4662  -0.1586  -0.2422
   0.4654  -0.1009   0.2992
   0.4618  -0.4399   0.2424
   0.3397   0.2945  -0.2753
  -0.3240   0.0362  -0.1851
  -0.4429   0.0521   0.3063
   0.3938   0.0477   0.4548
  -0.2916  -0.0921  -0.2722
   0.4188  -0.0734  -0.0681
  -0.2973  -0.3920   0.4719
  -0.3508   0.1914  -0.0295
   0.4022   0.0748  -0.3049
  -0.2032   0.1605  -0.4885
  -0.1642  -0.1464   0.0435
   0.4323  -0.4614   0.3143
  -0.0279  -0.1174  -0.4800
   0.0112   0.2859  -0.1198
  -0.2066   0.2948   0.2296
  -0.3375   0.3356   0.0427
  -0.0003   0.1571  -0.1674
  -0.1500   0.3414  -0.1509
   0.4761  -0.4720  -0.2511
   0.2172   0.1895   0.2979
   0.1412  -0.2900  -0.4734
  -0.4016   0.0701   0.4065
  -0.1112  -0.0996  -0.4260
   0.2859  -0.4137   0.3911
  -0.0584  -0.3885   0.2994
  -0.4121  -0.1205  -0.1613
   0.4455   0.2276  -0.0227
   0.1624  -0.2765  -0.2502
   0.4254   0.2076   0.3531
   0.3140   0.2041   0.2644
   0.4892   0.2258  -0.4541
   0.3202  -0.1311  -0.1210
  -0.2920   0.0043  -0.3589
