   0.3618  -0.3408   0.2395
   0.2596   0.0515  -0.3689
  -0.0450  -0.3313  -0.1685
  -0.2751   0.2292  -0.4380
   0.4117   0.0925  -0.2876
   0.2280   0.2139  -0.4693
  -0.1236  -0.2089   0.2007
   0.0848  -0.1396  -0.1338
   0.2689  -0.4777  -0.2252
   0.1129  -0.4553  -0.0078
   0.0595   0.3551   0.0428
   0.3667  -0.4975  -0.4544
   0.2231  -0.1936   0.3420
  -0.2673  -0.3862  -0.1758
   0.4856   0.1228  -0.2638
   0.0018   0.4319  -0.0237
   0.0926  -0.2018  -0.0704
  -0.4789   0.3776  -0.0075
   0.4907   0.3741  -0.4463
  -0.1966   0.2008   0.1757
  -0.2318   0.3437   0.1203
  -0.2206   0.1356   0.2425
   0.1307  -0.4829  -0.2266
  -0.3076   0.1750   0.0613
   0.1388  -0.4618  -0.4787
   0.0227   0.4328  -0.2983
   0.0602  -0.4316   0.2362
  -0.1672  -0.3224   0.3985
   0.0975   0.0167  -0.4098
   0.0062  -0.4779  -0.2813
   0.2078   0.0796   0.2861
  -0.4872  -0.3043   0.4643
   0.2310   0.2760  -0.2847
   0.1299  -0.0804   0.1676
   0.1529  -0.4186   0.4217
   0.2619  -0.2580   0.1583
   0.3112  -0.3644   0.0835
   0.0445  -0.4789  -0.4833
  -0.1274  -0.4366  -0.1014
   0.2850  -0.0424   0.2515
   0.1600   0.2885  -0.4833
   0.4516   0.0309   0.4425
   0.0689  -0.4738  -0.3398
  -0.0656   0.0494   0.4623
   0.3381  -0.2142   0.1913
   0.4587   0.4669  -0.4640
   0.0653  -0.3114  -0.3588
  -0.4960   0.0962   0.4790
  -0.2644   0.4272   0.2572
   0.4920   0.1985  -0.2308
  -0.0723  -0.0892  -0.1596
  -0.2645  -0.0459   0.2892
  -0.1166   0.1044   0.3259
  -0.0217  -0.4003   0.3401
   0.3877  -0.0904  -0.4735
  -0.0050  -0.4753  -0.3566
  -0.1850   0.0754  -0.2018
  -0.3853   0.2266   0.0690
   0.0629  -0.4086   0.3654
  -0.3413  -0.1195   0.2145
   0.4224   0.1067  -0.4903
   0.3829  -0.4364  -0.1338
   0.1488  -0.0609   0.2528
   0.3682  -0.3497   0.3193
  -0.0388   0.1878   0.2249
   0.1942  -0.4075  -0.1525
  -0.2780   0.0808  -0.0251
   0.3406   0.2608  -0.3101
   0.3134   0.4529  -0.0246
   0.4060   0.2485   0.2664
   0.3014  -0.4219  -0.3002
  -0.1266  -0.4304  -0.0127
  -0.4383  -0.1406   0.2687
  -0.1904  -0.3497   0.0220
   0.3853   0.2514   0.1467
  -0.2795   0.1812   0.3398
   0.4881   0.0533   0.2769
   0.1435  -0.3899   0.1364
   0.3518   0.0299  -0.4246
   0.1343  -0.3127   0.0784
  -0.3827   0.0850  -0.2989
  -0.2302  -0.3604   0.4808
  -0.1536  -0.2115  -0.1093
  -0.0745   0.1565  -0.4629
   0.2037   0.4787   0.2619
  -0.1985   0.4969  -0.3538
   0.1210   0.3468   0.2080
   0.1600   0.2009   0.2362
   0.2366   0.0786   0.3757
   0.0676  -0.2535  -0.1276
   0.4780   0.2832   0.3413
   0.2768   0.1605  -0.3009
  -0.4126   0.3612   0.3722
   0.4126  -0.2570   0.1240
  -0.0540   0.4612  -0.3322
  -0.3734   0.3273  -0.4847
  -0.4147  -0.2266  -0.0613
   0.2250  -0.0331   0.3022
   0.0403  -0.3313   0.3370
   0.4888  -0.0259  -0.0492
   0.0617   0.1852   0.2497
  -0.3718  -0.0976   0.3959
   0.4675  -0.2701  -0.2288
   0.2687   0.4252  -0.1304
  -0.4259  -0.1845   0.2098
   0.0087   0.0242  -0.3762
   0.0654   0.4850   0.2025
  -0.3765  -0.0703   0.4682
