   0.2158   0.4668   0.1494
   0.3742  -0.3689   0.1826
   0.1893  -0.3607   0.3207
   0.3822   0.4450   0.3239
  -0.4634   0.4467   0.1640
  -0.2936  -0.3795   0.1560
  -0.4436  -0.3612   0.3181
  -0.3056   0.4354   0.3372
  -0.1348   0.4307   0.1530
   0.0373  -0.3709   0.1472
  -0.1314  -0.4075   0.3316
   0.0469   0.4403   0.3231
   0.2033  -0.2124   0.1596
   0.3608  -0.0248   0.1519
   0.1990  -0.0375   0.3493
   0.3519  -0.1975   0.3224
  -0.4606  -0.1985   0.1706
  -0.2841  -0.0558   0.1667
  -0.4709  -0.0468   0.3219
  -0.2998  -0.2186   0.3398
  -0.1265  -0.2294   0.1689
   0.0493  -0.0552   0.1586
  -0.1186  -0.0624   0.3310
   0.0310  -0.2169   0.3307
   0.2018   0.1080   0.1382
   0.3604   0.2724   0.1570
   0.2088   0.2763   0.3345
   0.3761   0.1124   0.3396
  -0.4734   0.1121   0.1549
  -0.3144   0.2847   0.1441
  -0.4611   0.2678   0.3261
  -0.2923   0.1124   0.2912
  -0.1271   0.1305   0.1535
   0.0391   0.2695   0.1568
  -0.1256   0.2962   0.3358
   0.0328   0.1017   0.3125
   0.2011   0.4364   0.4794
   0.3737  -0.3596   0.4786
   0.1873  -0.3703  -0.3373
   0.3443   0.4597  -0.3421
  -0.4617   0.4551   0.4878
  -0.2866  -0.3850   0.4845
  -0.4585  -0.3841  -0.3593
  -0.2815   0.4515  -0.3378
  -0.1142   0.4443   0.4875
   0.0353  -0.3656   0.4902
  -0.1256  -0.3931  -0.3533
   0.0636   0.4431  -0.3298
   0.1981  -0.2015  -0.4888
   0.3726  -0.0398   0.4880
   0.2021  -0.0554  -0.3368
   0.3657  -0.2264  -0.3544
  -0.4639  -0.2146   0.4849
  -0.2821  -0.0568   0.4962
  -0.4703  -0.0480  -0.3468
  -0.2891  -0.2279  -0.3508
  -0.1101  -0.2171  -0.4911
   0.0400  -0.0402   0.4902
  -0.1270  -0.0578  -0.3486
   0.0299  -0.2219  -0.3263
   0.1924   0.1220  -0.4928
   0.3804   0.2900   0.4870
   0.2085   0.2876  -0.3353
   0.3861   0.1306  -0.3495
  -0.4488   0.1078   0.4778
  -0.2835   0.2913  -0.4934
  -0.4660   0.2992  -0.3363
  -0.2936   0.1222  -0.3286
  -0.1442   0.1085   0.4819
   0.0401   0.2793   0.4846
  -0.1090   0.2961  -0.3466
   0.0127   0.1301  -0.3547
   0.2123   0.4541  -0.1637
   0.3698  -0.3676  -0.1836
   0.1939  -0.3801  -0.0091
   0.3755   0.4419  -0.0091
  -0.4708   0.4688  -0.1838
  -0.2876  -0.3906  -0.1796
  -0.4760  -0.3975  -0.0085
  -0.2942   0.4388  -0.0204
  -0.1087   0.4569  -0.1669
   0.0404  -0.4002  -0.1719
  -0.1247  -0.3901   0.0177
   0.0406   0.4478  -0.0098
   0.1983  -0.2103  -0.1659
   0.3782  -0.0539  -0.1727
   0.1898  -0.0470  -0.0279
   0.3749  -0.2225   0.0113
  -0.4533  -0.2104  -0.1565
  -0.2739  -0.0631  -0.1722
  -0.4413  -0.0349  -0.0116
  -0.2841  -0.2277   0.0075
  -0.1244  -0.2255  -0.1762
   0.0317  -0.0524  -0.1844
  -0.1245  -0.0546  -0.0101
   0.0084  -0.2013  -0.0047
   0.2062   0.1150  -0.1831
   0.3653   0.2807  -0.1701
   0.1874   0.2925  -0.0019
   0.3547   0.1243  -0.0135
  -0.4534   0.1107  -0.1771
  -0.2651   0.2804  -0.1822
  -0.4484   0.2813  -0.0209
  -0.2696   0.1182  -0.0163
  -0.1195   0.1000  -0.1806
   0.0356   0.2790  -0.1691
  -0.1221   0.2789  -0.0171
   0.0333   0.1214  -0.0229
