1      0.0480355      0.0480355              0
2      0.0473145       0.047675    0.000360513
3      0.0511127      0.0488209     0.00116465
4      0.0492202      0.0489208     0.00082956
5      0.0444322       0.048023     0.00110399
6      0.0447977      0.0474855     0.00104953
7      0.0504159      0.0479041     0.00098084
8       0.046368      0.0477121    0.000870863
9      0.0462485      0.0475495    0.000785056
10      0.0506849       0.047863    0.000768997
11      0.0466198        0.04775    0.000704706
12      0.0481195      0.0477808    0.000644042
13      0.0474725      0.0477571    0.000592907
14      0.0487452      0.0478277    0.000553444
15      0.0504716      0.0480039    0.000544544
16      0.0462899      0.0478968    0.000520517
17      0.0468798       0.047837    0.000492587
18       0.048192      0.0478567    0.000464834
19      0.0483221      0.0478812    0.000440371
20      0.0482335      0.0478988    0.000418144
21      0.0475744      0.0478834    0.000398034
22      0.0449898      0.0477518    0.000401656
23      0.0521336      0.0479424    0.000428478
24      0.0497825       0.048019     0.00041734
25      0.0427793      0.0478094    0.000451848
26      0.0457525      0.0477303    0.000441272
27      0.0478462      0.0477346    0.000424636
28      0.0428483      0.0475601    0.000444848
29      0.0427588      0.0473945    0.000460057
30      0.0501888      0.0474877    0.000454112
31      0.0453561      0.0474189    0.000444569
32       0.050218      0.0475064     0.00043925
33      0.0445202      0.0474159    0.000435242
34      0.0454764      0.0473589    0.000426082
35      0.0447949      0.0472856    0.000420165
36      0.0526122      0.0474336    0.000434307
37      0.0461086      0.0473978    0.000423922
38      0.0487018      0.0474321    0.000414039
39      0.0453141      0.0473778    0.000406924
40      0.0479709      0.0473926    0.000396897
41      0.0445116      0.0473223    0.000393422
42      0.0410196      0.0471723    0.000412226
43      0.0506814      0.0472539    0.000410714
44      0.0493276       0.047301     0.00040403
45      0.0496283      0.0473527    0.000398321
46      0.0476887        0.04736    0.000389634
47       0.049151      0.0473981    0.000383154
48      0.0494465      0.0474408    0.000377506
49      0.0485449      0.0474633    0.000370408
50      0.0484823      0.0474837    0.000363496
51      0.0524781      0.0475816     0.00036951
52       0.048221      0.0475939    0.000362543
53      0.0497619      0.0476348    0.000357981
54      0.0477251      0.0476365    0.000351293
55      0.0507407       0.047693    0.000349435
56      0.0500601      0.0477352    0.000345733
57      0.0483119      0.0477453    0.000339764
58      0.0491482      0.0477695    0.000334729
59      0.0497989      0.0478039      0.0003308
60      0.0461127      0.0477757    0.000326459
61      0.0492973      0.0478007     0.00032203
62      0.0524367      0.0478755    0.000325499
63       0.050407      0.0479156    0.000322801
64      0.0486445       0.047927    0.000317921
65      0.0493884      0.0479495    0.000313799
66      0.0522913      0.0480153    0.000315932
67      0.0492508      0.0480337    0.000311727
68      0.0481923      0.0480361    0.000307117
69      0.0535443      0.0481159    0.000312986
70      0.0532803      0.0481897    0.000317182
71      0.0483797      0.0481923    0.000312694
72      0.0548696      0.0482851    0.000321966
73      0.0471656      0.0482698    0.000317895
74      0.0486933      0.0482755    0.000313622
75      0.0481724      0.0482741    0.000309415
76      0.0519027      0.0483218    0.000309027
77      0.0488663      0.0483289     0.00030507
78      0.0499206      0.0483493    0.000301824
79      0.0485041      0.0483513    0.000297985
80        0.05341      0.0484145    0.000300955
81      0.0495813      0.0484289    0.000297565
82      0.0462197       0.048402    0.000295146
83      0.0467619      0.0483822    0.000292237
84      0.0479627      0.0483772     0.00028878
85      0.0458942       0.048348    0.000286854
86      0.0483401      0.0483479    0.000283499
87       0.052083      0.0483909    0.000283491
88      0.0502414      0.0484119    0.000281039
89      0.0503885      0.0484341    0.000278749
90      0.0504767      0.0484568    0.000276567
91      0.0498682      0.0484723    0.000273951
92       0.049555      0.0484841    0.000271212
93      0.0490752      0.0484904    0.000268355
94      0.0489218       0.048495    0.000265525
95      0.0492848      0.0485033    0.000262846
96      0.0440435      0.0484569     0.00026421
97      0.0473201      0.0484452    0.000261735
98       0.047369      0.0484342    0.000259283
99      0.0499878      0.0484499     0.00025713
100      0.0501573      0.0484669    0.000255117
