1      -0.422151      -0.422151              0
2      -0.506741      -0.464446      0.0422952
3      -0.511404      -0.480099      0.0290051
4      -0.482131      -0.480607       0.020516
5      -0.462043      -0.476894      0.0163196
6      -0.412662      -0.466189      0.0170926
7      -0.435508      -0.461806      0.0150962
8       -0.42705      -0.457461      0.0137766
9      -0.417674       -0.45304      0.0129291
10      -0.447771      -0.452513      0.0115761
11      -0.428677      -0.450346      0.0106929
12      -0.390828      -0.445387      0.0109491
13      -0.411571      -0.442785      0.0104022
14      -0.385116      -0.438666      0.0104745
15      -0.422995      -0.437621     0.00980703
16      -0.463446      -0.439235     0.00931454
17      -0.478971      -0.441573     0.00905632
18      -0.473501      -0.443347     0.00872067
19       -0.41422      -0.441814     0.00839017
20      -0.460571      -0.442751     0.00801467
21      -0.455748       -0.44337     0.00764856
22      -0.426168      -0.442588     0.00733441
23      -0.462606      -0.443459     0.00706211
24      -0.466125      -0.444403      0.0068271
25      -0.470766      -0.445458     0.00663268
26      -0.458073      -0.445943     0.00639092
27      -0.471027      -0.446872     0.00621945
28       -0.44851       -0.44693     0.00599349
29      -0.477259      -0.447976     0.00587693
30      -0.492466      -0.449459     0.00586813
31      -0.501199      -0.451128       0.005916
32      -0.488849      -0.452307     0.00584817
33      -0.477884      -0.453082     0.00572093
34      -0.489356      -0.454149     0.00565172
35      -0.507305      -0.455668     0.00569415
36      -0.458227      -0.455739     0.00553418
37      -0.471079      -0.456153     0.00539847
38      -0.471591       -0.45656     0.00527017
39      -0.434617      -0.455997       0.005164
40      -0.419095      -0.455074     0.00511709
41      -0.440455      -0.454718     0.00500344
42      -0.481611      -0.455358     0.00492467
43      -0.469757      -0.455693     0.00482042
44      -0.488637      -0.456442     0.00476874
45      -0.481829      -0.457006     0.00469557
46      -0.456748         -0.457     0.00459237
47      -0.430216       -0.45643     0.00452959
48      -0.396663      -0.455185     0.00460572
49       -0.38931      -0.453841     0.00470683
50      -0.412094      -0.453006      0.0046867
51       -0.44036      -0.452758     0.00460057
52      -0.419281      -0.452114     0.00455694
53      -0.366548        -0.4505     0.00475274
54      -0.324882      -0.448174     0.00521185
55      -0.349787      -0.446385     0.00541993
56      -0.333017       -0.44436     0.00569428
57       -0.35799      -0.442845     0.00579509
58       -0.37659      -0.441703     0.00580775
59      -0.370959      -0.440504     0.00583304
60      -0.369109      -0.439314     0.00585714
61      -0.413136      -0.438885     0.00577628
62      -0.424378      -0.438651     0.00568717
63      -0.407757       -0.43816     0.00561761
64      -0.421531        -0.4379     0.00553524
65      -0.452437      -0.438124     0.00545401
66      -0.396997      -0.437501     0.00540676
67      -0.390828      -0.436804     0.00537082
68      -0.379623      -0.435963     0.00535765
69       -0.36785      -0.434976     0.00537093
70      -0.358433      -0.433883      0.0054054
71      -0.353767      -0.432754     0.00544689
72      -0.345145      -0.431538     0.00550682
73      -0.352354      -0.430453     0.00553813
74      -0.333835      -0.429147     0.00561664
75      -0.335964      -0.427905     0.00567882
76      -0.339063      -0.426736     0.00572423
77       -0.37082       -0.42601     0.00569588
78      -0.367242      -0.425256     0.00567264
79      -0.369545      -0.424551      0.0056446
80      -0.429592      -0.424614     0.00557396
81      -0.438719      -0.424788     0.00550746
82      -0.425553      -0.424797     0.00543989
83      -0.411946      -0.424643     0.00537618
84      -0.443914      -0.424872     0.00531675
85      -0.415159      -0.424758     0.00525507
86      -0.417234       -0.42467     0.00519434
87      -0.422693      -0.424648     0.00513434
88      -0.413568      -0.424522     0.00507722
89      -0.409216       -0.42435     0.00502279
90      -0.370399       -0.42375     0.00500271
91      -0.420478      -0.423714     0.00494757
92      -0.407594      -0.423539     0.00489663
93      -0.400395       -0.42329     0.00485008
94      -0.385307      -0.422886     0.00481519
95      -0.384185      -0.422479     0.00478162
96      -0.399885      -0.422243      0.0047374
97      -0.390294      -0.421914     0.00469986
98      -0.373321      -0.421418     0.00467801
99      -0.441548      -0.421621     0.00463498
100      -0.444382      -0.421849     0.00459403
