0.0715159 0
0.0312348 0.0402811
0.0132721 0.0293856
-0.000111082 0.0247157
0.000621111 0.0191587
0.0172082 0.0227999
0.010401 0.0204364
0.0128975 0.0178737
0.00274062 0.018752
-0.000833475 0.0171489
-0.00190836 0.0155489
-0.00480512 0.0144867
-0.00882228 0.0139182
-0.0115898 0.0131796
-0.0135192 0.0124203
-0.00627634 0.0136909
-0.00958013 0.0132779
-0.00745148 0.0126982
-0.00607325 0.0120901
-0.00703426 0.0115099
-0.00696111 0.0109483
-0.00903764 0.0106434
-0.00734954 0.0103092
-0.00777609 0.00987956
-0.00683047 0.0095232
-0.00693625 0.00915021
-0.00902797 0.00904984
-0.00946538 0.00873161
-0.0113727 0.00863834
-0.00807434 0.0089736
-0.00586661 0.00895569
-0.0058452 0.00867133
-0.0042435 0.00855572
-0.00408233 0.00830184
-0.00447656 0.00807079
-0.00461814 0.00784467
-0.00591076 0.00773843
-0.00623157 0.00753886
-0.00719149 0.00740549
-0.00630458 0.00727227
-0.00583146 0.00710844
-0.00442301 0.00707866
-0.00317469 0.0070239
-0.00139622 0.00708912
-0.00166854 0.00693514
-0.00244754 0.00682729
-0.00169153 0.00672309
-0.00247453 0.00662795
-0.00206362 0.00650427
-0.00316968 0.00646813
-0.0028057 0.00635047
-0.00205888 0.00627177
-0.00220574 0.00615405
-0.00255566 0.00604914
-0.00237972 0.00594075
-0.00235679 0.00583374
-0.00117384 0.00585131
0.000924172 0.00612036
-2.94302e-05 0.00609085
0.000647736 0.00602664
-2.57858e-05 0.00596516
-0.000210928 0.00587108
0.000666814 0.00584344
0.00257286 0.00605902
0.00183759 0.00601022
0.00131846 0.00594118
0.00086751 0.00586918
0.000772085 0.00578301
7.35155e-06 0.00574967
-0.00101942 0.0057592
-7.36803e-05 0.00575574
0.000964016 0.00576932
0.00058732 0.0057022
0.000668993 0.00562521
0.000281813 0.00556319
-0.000169138 0.00550799
-0.000888907 0.00548343
0.000180614 0.00551733
0.00023237 0.00544729
0.000549816 0.00538813
0.000269757 0.00532855
-4.25124e-05 0.00527243
0.000536636 0.00524062
-0.00024621 0.0052367
-0.00064408 0.00518999
-5.65723e-05 0.00516283
0.000114505 0.00510601
0.0008501 0.00510097
0.00110563 0.0050498
0.00208294 0.00508812
0.00170374 0.00504616
0.00225117 0.00502094
0.00253376 0.00497469
0.00295211 0.00493923
0.00292752 0.00488703
0.00220574 0.00488942
0.00241218 0.00484315
0.00202608 0.004809
0.00131466 0.00481305
0.00212959 0.00483386
