-0.00664432 0
-0.0324588 0.0258145
0.00767955 0.0428161
-0.0144989 0.0375299
-0.0110872 0.02927
0.016548 0.0365358
0.0057151 0.0327235
0.0191983 0.0313834
0.0105545 0.0289959
0.012408 0.0260008
0.0112538 0.023547
0.0148371 0.021792
0.0192814 0.0205325
0.0141769 0.0196828
0.0122838 0.0184212
-0.000320632 0.0213493
0.0102466 0.022668
0.0101965 0.0213716
0.00999385 0.0202165
0.00960871 0.019183
0.0103679 0.0182624
0.00299366 0.0189097
0.00267733 0.0180716
0.00240485 0.0173044
0.003332 0.0166236
0.00612308 0.0162135
0.00708193 0.0156309
0.00523875 0.0151747
0.00220871 0.0149523
0.000298914 0.014571
-0.00270264 0.0144092
-0.00378613 0.0139937
-0.0045953 0.0135871
-0.00544936 0.0132091
-0.00642118 0.0128629
-0.00495979 0.0125856
-0.00313986 0.0123753
-0.00422707 0.0120942
-0.00449279 0.011783
-0.00277739 0.011612
-0.00279704 0.0113253
-0.000957588 0.0112044
0.00164082 0.011245
0.00131306 0.0109914
0.0011058 0.0107464
0.00172147 0.0105282
0.00121296 0.0103143
-0.00270371 0.0108301
-0.00280052 0.0106072
-0.00190443 0.0104315
0.000188349 0.0104369
-0.000713873 0.0102739
0.00073988 0.0101825
0.000944327 0.00999424
0.000826399 0.00981156
-0.000983207 0.00980322
-0.00175815 0.00966083
-0.00306109 0.00958181
-0.00232876 0.00944643
-0.0029459 0.00930814
-0.00290579 0.00915436
-0.0036196 0.00903375
-0.00405848 0.00890003
-0.00536681 0.00885702
-0.00585975 0.00873362
-0.00409456 0.00877956
-0.0043245 0.00865058
-0.00645772 0.00878534
-0.00730266 0.00869822
-0.00750914 0.00857554
-0.00915081 0.00861182
-0.0105759 0.00861012
-0.00942681 0.00856874
-0.00873155 0.0084807
-0.00791586 0.00840653
-0.00462507 0.00892408
-0.00196773 0.00919958
0.000150093 0.00932455
0.00135809 0.00928469
-0.000881672 0.00943752
0.000259345 0.00938986
-0.000946829 0.00935275
0.000558082 0.00936114
0.000123276 0.00925924
0.000844863 0.00917807
0.00100812 0.00907219
0.000827475 0.00896912
0.00059975 0.00886954
0.000542055 0.0087695
0.000210697 0.00867785
0.00327806 0.00911365
0.00418901 0.00905996
0.00451913 0.00896809
0.00406277 0.0088839
0.00335075 0.00881868
0.00502645 0.00888577
0.00576517 0.00882466
0.00549342 0.00873837
0.00384144 0.008806
0.00467954 0.00875769
