           1    0.409611    0.409611           0
           2    0.430287    0.419949  0.00731001
           3    0.404744    0.414881  0.00639336
           4     0.43679    0.420358  0.00674483
           5    0.432288    0.422744  0.00580257
           6    0.402942    0.419444  0.00569721
           7    0.430662    0.421046  0.00510376
           8    0.417716     0.42063  0.00448273
           9    0.416842    0.420209  0.00400436
          10     0.41863    0.420051  0.00360704
          11    0.436608    0.421556  0.00357942
          12    0.403489    0.420051  0.00358382
          13    0.415008    0.419663  0.00332907
          14    0.413903    0.419251   0.0031166
          15    0.417584     0.41914  0.00291081
          16    0.405754    0.418304  0.00284658
          17    0.433883     0.41922   0.0028228
          18    0.431069    0.419878  0.00274165
          19    0.409144    0.419313  0.00265492
          20    0.410581    0.418877  0.00255782
          21    0.422917    0.419069  0.00244325
          22    0.420527    0.419135  0.00233309
          23    0.424909    0.419386  0.00224512
          24    0.430163    0.419835  0.00219602
          25    0.408734    0.419391  0.00215261
          26    0.404162    0.418806  0.00214803
          27    0.425049    0.419037  0.00208088
          28    0.428102    0.419361  0.00203159
          29    0.413364    0.419154  0.00197203
          30    0.430095    0.419519  0.00193973
          31    0.413019    0.419309  0.00188846
          32    0.414004    0.419143   0.0018367
          33    0.425754    0.419343  0.00179194
          34    0.423747    0.419473  0.00174391
          35    0.414591    0.419333  0.00169965
          36    0.445914    0.420072   0.0018057
          37    0.408111    0.419749   0.0017856
          38    0.426812    0.419934  0.00174825
          39    0.440898    0.420472  0.00178415
          40    0.422664    0.420527  0.00174039
          41    0.412658    0.420335  0.00170849
          42    0.409053    0.420066  0.00168879
          43    0.423788    0.420153  0.00165173
          44    0.412903    0.419988  0.00162239
          45    0.433992    0.420299  0.00161591
          46    0.434496    0.420608  0.00160998
          47    0.412886    0.420444  0.00158408
          48    0.404222    0.420106  0.00158672
          49    0.433082     0.42037  0.00157628
          50    0.417899    0.420321  0.00154553
          51    0.422888    0.420371  0.00151605
          52     0.41101    0.420191  0.00149754
          53    0.413571    0.420066  0.00147449
          54    0.426038    0.420177  0.00145132
          55    0.411292    0.420015   0.0014339
          56    0.425324     0.42011  0.00141142
          57    0.434918     0.42037  0.00141037
          58    0.428995    0.420519  0.00139387
          59    0.420408    0.420517  0.00137025
          60     0.42224    0.420546  0.00134771
          61    0.408406    0.420347  0.00134023
          62     0.42615     0.42044  0.00132188
          63     0.41829    0.420406  0.00130133
          64    0.418113     0.42037  0.00128149
          65    0.404064    0.420119   0.0012861
          66    0.415967    0.420056  0.00126815
          67    0.427532    0.420168  0.00125412
          68    0.419407    0.420157  0.00123573
          69    0.408072    0.419982  0.00123017
          70    0.431808    0.420151  0.00122414
          71    0.414541    0.420072  0.00120945
          72    0.431378    0.420229   0.0012028
          73    0.416754    0.420181  0.00118727
          74    0.414458    0.420104  0.00117374
          75    0.397666    0.419805  0.00119561
          76    0.422537     0.41984  0.00118041
          77    0.416445    0.419796  0.00116591
          78    0.406589    0.419627  0.00116319
          79    0.436437     0.41984  0.00116777
          80    0.430214     0.41997  0.00116035
          81    0.410238    0.419849  0.00115222
          82    0.418237     0.41983  0.00113834
          83    0.410171    0.419713  0.00113056
          84    0.418065    0.419694  0.00111727
          85     0.41258     0.41961  0.00110726
          86    0.437738    0.419821  0.00111427
          87    0.425757    0.419889  0.00110355
          88      0.4363    0.420076  0.00110665
          89    0.416863    0.420039  0.00109481
          90    0.414585    0.419979  0.00108432
          91    0.412949    0.419902  0.00107515
          92    0.417662    0.419877  0.00106374
          93    0.427442    0.419959  0.00105541
          94    0.418904    0.419947  0.00104424
          95    0.411085    0.419854   0.0010374
          96    0.407768    0.419728  0.00103421
          97    0.445196    0.419991  0.00105635
          98    0.420584    0.419997  0.00104559
          99    0.433558    0.420134  0.00104396
         100    0.420536    0.420138  0.00103353
