-3.51423
-3.51364
-3.51296
-3.51019
-3.50662
-3.50129
-3.49626
-3.49094
-3.4866
-3.48312
-3.48102
-3.47943
-3.48063
-3.48382
-3.48743
-3.49153
-3.49618
-3.49922
-3.5018
-3.50351
-3.50328
-3.5033
-3.50342
-3.50276
-3.50291
-3.5023
-3.50301
-3.50232
-3.50342
-3.50425
-3.50352
-3.50327
-3.5023
-3.50249
-3.50194
-3.5002
-3.49847
-3.49846
-3.49847
-3.49868
-3.49816
-3.49755
-3.49855
-3.49851
-3.49917
-3.49824
-3.49668
-3.49554
-3.49499
-3.49474
-3.49547
-3.49621
-3.49605
-3.49596
-3.49649
-3.49724
-3.49808
-3.49707
-3.49665
-3.49757
-3.4978
-3.49659
-3.49785
-3.49865
-3.49788
-3.49963
-3.5026
-3.50304
-3.50365
-3.50382
-3.50419
-3.50316
-3.50222
-3.50216
-3.50131
-3.50071
-3.49989
-3.49874
-3.49733
-3.49726
-3.49652
-3.49606
-3.49647
-3.49633
-3.49649
-3.49663
-3.49747
-3.49804
-3.50003
-3.49908
-3.49902
-3.4979
-3.49719
-3.49525
-3.49511
-3.49457
-3.49369
-3.49477
-3.49488
-3.49561
-3.49535
-3.49627
-3.49726
-3.49853
-3.49817
-3.49852
-3.49885
-3.49959
-3.50047
-3.50058
-3.50171
-3.50202
-3.50265
-3.50192
-3.50241
-3.50112
-3.50146
-3.50168
-3.50216
-3.5009
-3.50124
-3.5006
-3.50025
-3.50064
-3.50092
-3.50047
-3.50048
-3.49976
-3.50056
-3.50091
-3.5013
-3.50066
-3.50097
-3.50011
-3.49962
-3.49926
-3.49838
-3.49841
-3.49774
-3.49781
-3.49864
-3.49953
-3.49903
-3.49807
-3.49766
-3.49791
-3.49811
-3.49731
-3.49679
-3.49604
-3.49522
-3.49436
-3.49469
-3.4951
-3.49555
-3.4952
-3.49529
-3.49616
-3.49801
-3.49906
-3.49878
-3.49893
-3.49938
-3.49919
-3.49885
-3.49878
-3.49786
-3.49694
-3.49607
-3.49478
-3.49457
-3.49317
-3.49279
-3.49324
-3.49311
-3.49332
-3.4942
-3.49466
-3.49527
-3.49583
-3.49739
-3.49732
-3.49688
-3.49646
-3.49714
-3.49725
-3.49691
-3.49668
-3.49531
-3.49551
-3.49488
-3.49463
-3.49421
-3.4932
-3.49467
-3.495
-3.49568
-3.49668
-3.49602
-3.49644
-3.49616
-3.4961
-3.49671
-3.49706
-3.49586
-3.49579
-3.49547
-3.49507
-3.49465
-3.49533
-3.49445
-3.49473
-3.49429
-3.49322
-3.49313
-3.49285
-3.4942
-3.49536
-3.49522
-3.4956
-3.49518
-3.49524
-3.49512
-3.49527
-3.49568
-3.49718
-3.49704
-3.49704
-3.49684
-3.4967
-3.49552
-3.49553
-3.49522
-3.49453
-3.49289
-3.49238
-3.49289
-3.493
-3.49485
-3.49645
-3.49748
-3.49848
-3.4985
-3.49829
-3.49801
-3.49881
-3.49794
-3.49735
-3.4955
-3.4967
-3.49586
-3.49613
-3.49599
-3.49696
-3.49664
-3.49767
-3.49868
-3.49868
-3.499
-3.49941
-3.49987
-3.49938
-3.49855
-3.49753
-3.49638
-3.49533
-3.49398
-3.4926
-3.49208
-3.49364
-3.49484
-3.49536
-3.49525
-3.49572
-3.49592
-3.4956
-3.49556
-3.49433
-3.49342
-3.49422
-3.49432
-3.49447
-3.49461
-3.49605
-3.49629
-3.49529
-3.49577
-3.49596
-3.49564
-3.49567
-3.49635
-3.49733
-3.49799
-3.49856
-3.49918
-3.49837
-3.49868
-3.49831
-3.49772
-3.49796
-3.49846
-3.49927
-3.50046
-3.50051
-3.50196
-3.50184
-3.50128
-3.50101
-3.49966
-3.49909
-3.49827
-3.49803
-3.49768
-3.49627
-3.49614
-3.49583
-3.4961
-3.49642
-3.49636
-3.49751
-3.49789
-3.49769
-3.4974
-3.49605
-3.49546
-3.49505
-3.49524
-3.49412
-3.49452
-3.49572
-3.4982
-3.49847
-3.49858
-3.49807
-3.49802
-3.49793
-3.49746
-3.49751
-3.49726
-3.49723
-3.49723
-3.49727
-3.49784
-3.49759
-3.49861
-3.49942
-3.50021
-3.50101
-3.50047
-3.50047
-3.49973
-3.49942
-3.49973
-3.50046
-3.50152
-3.5019
-3.50322
-3.50403
-3.50434
-3.50303
-3.50175
-3.50014
-3.5003
-3.49932
-3.49802
-3.49823
-3.49805
-3.49772
-3.49851
-3.50114
-3.50093
-3.50073
-3.50029
-3.49924
-3.49864
-3.49805
-3.49792
-3.49804
-3.49805
-3.49851
-3.49971
-3.50062
-3.49986
-3.49921
-3.49894
-3.49842
-3.49811
-3.49871
-3.49724
-3.49677
-3.49658
-3.49613
-3.4968
-3.49658
-3.49637
-3.49582
-3.49716
-3.49861
-3.49892
-3.49995
-3.50108
-3.50228
-3.50153
-3.50174
-3.50112
-3.50011
-3.50032
-3.50126
-3.50028
-3.5002
-3.50056
-3.50001
-3.49954
-3.49785
-3.49731
-3.49677
-3.49598
-3.49596
-3.49572
-3.49608
-3.49624
-3.49661
-3.49669
-3.4971
-3.49756
-3.49803
-3.49776
-3.49854
-3.49949
-3.50022
-3.50133
-3.50204
-3.50181
-3.50255
-3.50379
-3.50448
-3.50424
-3.50373
-3.50433
-3.5035
-3.50215
-3.50174
-3.5016
-3.50082
-3.50021
-3.50075
-3.50168
-3.50061
-3.50102
-3.50239
-3.50262
-3.50375
-3.50367
-3.50487
-3.50423
-3.5034
-3.5016
-3.50105
-3.49965
-3.49947
-3.50038
-3.50091
-3.50032
-3.50083
-3.50047
-3.49961
-3.49852
-3.49791
-3.4976
-3.49749
-3.4981
-3.49852
-3.49897
-3.49932
-3.49989
-3.50018
-3.50185
-3.50177
-3.50255
-3.50329
-3.50293
-3.50201
-3.50184
-3.50057
-3.49973
-3.49819
-3.49657
-3.49657
-3.49625
-3.4966
-3.49737
-3.49753
-3.49881
-3.4991
-3.50019
-3.50062
-3.50101
-3.50124
-3.50119
-3.50132
-3.50152
-3.5014
-3.50113
-3.50137
-3.50229
-3.50191
-3.5008
-3.49986
-3.49892
-3.4982
-3.49882
-3.49982
-3.49943
-3.49946
-3.50072
-3.5029
-3.50414
-3.50501
-3.50588
-3.50572
-3.50451
-3.50412
-3.50278
-3.50182
-3.50052
-3.50001
-3.49988
-3.50015
-3.49941
-3.49907
-3.49914
-3.49919
-3.5
-3.50139
-3.50126
-3.50112
-3.50161
-3.50149
-3.50104
-3.49913
-3.4994
-3.50002
-3.50004
-3.49972
-3.50012
-3.49958
-3.49921
-3.50047
-3.501
-3.5007
-3.50148
-3.50234
-3.50214
-3.50234
-3.50273
-3.50339
-3.50293
-3.50345
-3.50348
-3.50429
-3.50413
-3.50325
-3.50309
-3.50115
-3.50079
-3.50094
-3.50047
-3.50095
-3.50137
-3.5008
-3.50109
-3.50157
-3.50156
-3.50154
-3.50221
-3.50298
-3.50269
-3.50306
-3.50312
-3.50198
-3.50175
-3.49919
-3.4979
-3.49714
-3.4959
-3.49441
-3.49296
-3.49263
-3.4927
-3.49263
-3.49364
-3.49399
-3.49482
-3.49569
-3.49762
-3.49821
-3.49858
-3.50006
-3.50112
-3.50129
-3.50179
-3.50195
-3.5018
-3.50148
-3.50007
-3.49991
-3.49889
-3.49928
-3.499
-3.49888
-3.49884
-3.50007
-3.50087
-3.50159
-3.50215
-3.50199
-3.50331
-3.50308
-3.50316
-3.50302
-3.50232
-3.50208
-3.50162
-3.50248
-3.50227
-3.50263
-3.50293
-3.50401
-3.50498
-3.50428
-3.50383
-3.50477
-3.5038
-3.50287
-3.5023
-3.50114
-3.50076
-3.50027
-3.50074
-3.49961
-3.50031
-3.49994
-3.49851
-3.4985
-3.49871
-3.49822
-3.49629
-3.49515
-3.49474
-3.49383
-3.49431
-3.49604
-3.4975
-3.49891
-3.49826
-3.49845
-3.49808
-3.49674
-3.49592
-3.49567
-3.49509
-3.49504
-3.49456
-3.49469
-3.49399
-3.49287
-3.49267
-3.49413
-3.49493
-3.4959
-3.49587
-3.49551
-3.49483
-3.49612
-3.49557
-3.49612
-3.49653
-3.49675
-3.49643
-3.49577
-3.4954
-3.49646
-3.49648
-3.4957
-3.49669
-3.49611
-3.49729
-3.4958
-3.49541
-3.49488
-3.49367
-3.49278
-3.49353
-3.49385
-3.49338
-3.49362
-3.49414
-3.49217
-3.49247
-3.49121
-3.49175
-3.49136
-3.49171
-3.49241
-3.49459
-3.49632
-3.4971
-3.49893
-3.49953
-3.49905
-3.49855
-3.49742
-3.49756
-3.49667
-3.49608
-3.49623
-3.4974
-3.49781
-3.49763
-3.49732
-3.49727
-3.49748
-3.4958
-3.49548
-3.49518
-3.49516
-3.49537
-3.4957
-3.49701
-3.49655
-3.49633
-3.49626
-3.49468
-3.49488
-3.49469
-3.49485
-3.49389
-3.49353
-3.49344
-3.49327
-3.4943
-3.495
-3.49581
-3.49726
-3.49764
-3.4987
-3.49871
-3.49698
-3.49603
-3.49584
-3.49576
-3.49517
-3.49481
-3.49499
-3.49527
-3.49482
-3.49435
-3.4948
-3.49551
-3.49566
-3.49498
-3.496
-3.49608
-3.49661
-3.49778
-3.49958
-3.50012
-3.50013
-3.4999
-3.49954
-3.49942
-3.49871
-3.49826
-3.49797
-3.49765
-3.49759
-3.49777
-3.49789
-3.4973
-3.49744
-3.49706
-3.4971
-3.49767
-3.49759
-3.49945
-3.49963
-3.49952
-3.5
-3.50097
-3.50018
-3.49941
-3.49973
-3.49999
-3.50011
-3.49917
-3.49854
-3.49739
-3.49697
-3.49716
-3.49588
-3.49574
-3.49513
-3.49424
-3.49427
-3.49505
-3.49482
-3.49488
-3.49445
-3.49444
-3.49394
-3.49473
-3.49484
-3.49479
-3.49503
-3.49527
-3.49495
-3.49483
-3.49534
-3.49592
-3.49649
-3.49665
-3.49719
-3.49652
-3.49737
-3.49818
-3.49881
-3.49846
-3.49858
-3.49829
-3.49769
-3.497
-3.49657
-3.49642
-3.49569
-3.49551
-3.49656
-3.49528
-3.49443
-3.49385
-3.49528
-3.49665
-3.49767
-3.49835
-3.49897
-3.49818
-3.49811
-3.49712
-3.49581
-3.49644
-3.49574
-3.49469
-3.4935
-3.49311
-3.49114
-3.49053
-3.48965
-3.48982
-3.48966
-3.49123
-3.4925
-3.49444
-3.49686
-3.49673
-3.49567
-3.49607
-3.49656
-3.49729
-3.49647
-3.4958
-3.49593
-3.49469
-3.49413
-3.49371
-3.49442
-3.49479
-3.49451
-3.49533
-3.49636
-3.49608
-3.4965
-3.49588
-3.49651
-3.49618
-3.49593
-3.49603
-3.49678
-3.49749
-3.49767
-3.49776
-3.49776
-3.49669
-3.49704
-3.49791
-3.49777
-3.49823
-3.49832
-3.49921
-3.49972
-3.50029
-3.49985
-3.49972
-3.49947
-3.49818
-3.4972
-3.49726
-3.49861
-3.49927
-3.50042
-3.5009
-3.50072
-3.50028
-3.50073
-3.50016
-3.50042
-3.50071
-3.50026
-3.49996
-3.49882
-3.49795
-3.4968
-3.49634
-3.49541
-3.49466
-3.49471
-3.49398
-3.49466
-3.49622
-3.49825
-3.49882
-3.50042
-3.50071
-3.50057
-3.49823
-3.49578
-3.49541
-3.49532
-3.49539
-3.49567
-3.49678
-3.49691
-3.49718
-3.49756
-3.49747
-3.49673
-3.49537
-3.49529
-3.49466
-3.4944
-3.49491
-3.496
-3.49634
-3.49579
-3.49673
-3.4971
-3.49622
-3.49769
-3.49899
-3.50073
-3.50117
-3.5011
-3.49969
-3.49884
-3.49862
-3.49768
-3.49737
-3.49662
-3.49765
-3.49757
-3.49653
-3.49633
-3.49625
-3.49569
-3.49461
-3.49454
-3.49486
-3.4954
-3.49631
-3.49676
-3.49667
-3.49737
-3.49796
-3.49804
-3.4988
-3.49933
-3.49983
-3.49964
-3.49965
-3.49838
-3.49755
-3.49652
-3.49567
-3.49525
-3.4949
-3.4953
-3.49601
-3.49609
-3.49631
-3.49727
-3.49794
-3.49794
-2.21984
-2.21846
-2.21479
-2.21288
-2.21256
-2.21016
-2.20863
-2.20712
-2.20685
-2.20855
-2.21203
-2.21611
-2.21801
-2.2188
-2.21816
-2.21834
-2.21931
-2.2205
-2.22329
-2.22509
-2.22536
-2.22419
-2.22323
-2.22116
-2.219
-2.21651
-2.21397
-2.21325
-2.21363
-2.21632
-2.22006
-2.22079
-2.22008
-2.21907
-2.21884
-2.21865
-2.21693
-2.21542
-2.21253
-2.21139
-2.21036
-2.21212
-2.21425
-2.21559
-2.21747
-2.21728
-2.21783
-2.21771
-2.2169
-2.21672
-2.21718
-2.21826
-2.22063
-2.22196
-2.22271
-2.22201
-2.22223
-2.22033
-2.22021
-2.21928
-2.21879
-2.21807
-2.21746
-2.21628
-2.21589
-2.21545
-2.21562
-2.21647
-2.21906
-2.22258
-2.2233
-2.22399
-2.2243
-2.22491
-2.22489
-2.22384
-2.22231
-2.22098
-2.21858
-2.21738
-2.21677
-2.2171
-2.21766
-2.21929
-2.21984
-2.22065
-2.22104
-2.22064
-2.22086
-2.22107
-2.22126
-2.21969
-2.21961
-2.22085
-2.21977
-2.2197
-2.21929
-2.22027
-2.22136
-2.22211
-2.22225
-2.22124
-2.22058
-2.21939
-2.21834
-2.21758
-2.21646
-2.21603
-2.21626
-2.21711
-2.21688
-2.21657
-2.21653
-2.21488
-2.21522
-2.21743
-2.21883
-2.22031
-2.22213
-2.22301
-2.22417
-2.22483
-2.22621
-2.22689
-2.22604
-2.22536
-2.22247
-2.22121
-2.2201
-2.22094
-2.22266
-2.2244
-2.22343
-2.22145
-2.21969
-2.21738
-2.21666
-2.2174
-2.21696
-2.2178
-2.21867
-2.22022
-2.21984
-2.21887
-2.21928
-2.21998
-2.21915
-2.22002
-2.21897
-2.21849
-2.21748
-2.21692
-2.21668
-2.21752
-2.22013
-2.22107
-2.22187
-2.22092
-2.21968
-2.21903
-2.21752
-2.21701
-2.21765
-2.21916
-2.22123
-2.22307
-2.22344
-2.22358
-2.22411
-2.22293
-2.22325
-2.22318
-2.22447
-2.22343
-2.22191
-2.22088
-2.22011
-2.21941
-2.21992
-2.22025
-2.21994
-2.21861
-2.21758
-2.21746
-2.21928
-2.22145
-2.22334
-2.22385
-2.22426
-2.22493
-2.22526
-2.22515
-2.22382
-2.22381
-2.22319
-2.22411
-2.22413
-2.22396
-2.22357
-2.2215
-2.21985
-2.21771
-2.21682
-2.21735
-2.21947
-2.22058
-2.22265
-2.22183
-2.22125
-2.22045
-2.21861
-2.21641
-2.21418
-2.21396
-2.21469
-2.21605
-2.21737
-2.21895
-2.22102
-2.2218
-2.22206
-2.22181
-2.22122
-2.22034
-2.21779
-2.21739
-2.21659
-2.2173
-2.21844
-2.22001
-2.22087
-2.22038
-2.22119
-2.22032
-2.22123
-2.22287
-2.22384
-2.22507
-2.22571
-2.22379
-2.2217
-2.21926
-2.21466
-2.21391
-2.21407
-2.21555
-2.21732
-2.2182
-2.21914
-2.22047
-2.22036
-2.22163
-2.22096
-2.22165
-2.22364
-2.22525
-2.22784
-2.22996
-2.23056
-2.22911
-2.22668
-2.22584
-2.22579
-2.22608
-2.2251
-2.22486
-2.22492
-2.2247
-2.22441
-2.22465
-2.22576
-2.22656
-2.22601
-2.22681
-2.22595
-2.22625
-2.22503
-2.22495
-2.2258
-2.22576
-2.22601
-2.22665
-2.2251
-2.22337
-2.22143
-2.21884
-2.2182
-2.22007
-2.22296
-2.22632
-2.22849
-2.23011
-2.22965
-2.22896
-2.22655
-2.22508
-2.22349
-2.22148
-2.21916
-2.21791
-2.21752
-2.21836
-2.21967
-2.21891
-2.21769
-2.21642
-2.2153
-2.21399
-2.21631
-2.21888
-2.2219
-2.22531
-2.22573
-2.22432
-2.2231
-2.22053
-2.21905
-2.21619
-2.21537
-2.21608
-2.21554
-2.21501
-2.21679
-2.21648
-2.2166
-2.21701
-2.21825
-2.22056
-2.22168
-2.22364
-2.22365
-2.2249
-2.22392
-2.2231
-2.22132
-2.2197
-2.2188
-2.21898
-2.21818
-2.21893
-2.21918
-2.22012
-2.21999
-2.21917
-2.21996
-2.22009
-2.21966
-2.21903
-2.21766
-2.21616
-2.2166
-2.21611
-2.21645
-2.21675
-2.21706
-2.21802
-2.2173
-2.21842
-2.21832
-2.21841
-2.22001
-2.22183
-2.22197
-2.22365
-2.22323
-2.22465
-2.22591
-2.22589
-2.22572
-2.22619
-2.22737
-2.22692
-2.2258
-2.22447
-2.22295
-2.22186
-2.22071
-2.22161
-2.22219
-2.22278
-2.22244
-2.22163
-2.21893
-2.2172
-2.2165
-2.21813
-2.22119
-2.22338
-2.2241
-2.22206
-2.21895
-2.21722
-2.21609
-2.2173
-2.2198
-2.2214
-2.22135
-2.222
-2.22105
-2.21944
-2.2189
-2.21834
-2.21758
-2.21675
-2.21576
-2.2159
-2.21519
-2.21412
-2.21431
-2.21463
-2.21512
-2.21621
-2.2183
-2.21976
-2.22346
-2.22525
-2.22599
-2.2272
-2.22624
-2.22592
-2.22586
-2.22504
-2.22441
-2.223
-2.22317
-2.22255
-2.22201
-2.22091
-2.22029
-2.21943
-2.22102
-2.22321
-2.22448
-2.22358
-2.22297
-2.22147
-2.21918
-2.21831
-2.21702
-2.2163
-2.21562
-2.21664
-2.2181
-2.21977
-2.21975
-2.21997
-2.21927
-2.22033
-2.22037
-2.22004
-2.22043
-2.2215
-2.22114
-2.22061
-2.22125
-2.22157
-2.22137
-2.22163
-2.22168
-2.2238
-2.22377
-2.22443
-2.22456
-2.22345
-2.22239
-2.22061
-2.22001
-2.22094
-2.22302
-2.22396
-2.22592
-2.22807
-2.22929
-2.2289
-2.2263
-2.22409
-2.22266
-2.22313
-2.22421
-2.22461
-2.22525
-2.22417
-2.22469
-2.22453
-2.22643
-2.22775
-2.22835
-2.22865
-2.2277
-2.22712
-2.22701
-2.22528
-2.22435
-2.22322
-2.22288
-2.22385
-2.22219
-2.22254
-2.22142
-2.22191
-2.22269
-2.22339
-2.22464
-2.22587
-2.22463
-2.22389
-2.22254
-2.22119
-2.21902
-2.21794
-2.21712
-2.21692
-2.21842
-2.21974
-2.22052
-2.22049
-2.21987
-2.2216
-2.22208
-2.22126
-2.22199
-2.22313
-2.2225
-2.22388
-2.22388
-2.22196
-2.22067
-2.21923
-2.21832
-2.21826
-2.21709
-2.21826
-2.21805
-2.21955
-2.2184
-2.21962
-2.21967
-2.22072
-2.22101
-2.21972
-2.21717
-2.21535
-2.21382
-2.21097
-2.21037
-2.21228
-2.21411
-2.21753
-2.2208
-2.22387
-2.22543
-2.22499
-2.22376
-2.22102
-2.21966
-2.21863
-2.2197
-2.22113
-2.22202
-2.22191
-2.22249
-2.22147
-2.22109
-2.22157
-2.22127
-2.22124
-2.2211
-2.22166
-2.22342
-2.22374
-2.22411
-2.22518
-2.22643
-2.22629
-2.22644
-2.22526
-2.22423
-2.22317
-2.22031
-2.21821
-2.21734
-2.21711
-2.21693
-2.21692
-2.21654
-2.21543
-2.21482
-2.21391
-2.21269
-2.21267
-2.21546
-2.21754
-2.21979
-2.22122
-2.21913
-2.21922
-2.21849
-2.21694
-2.2153
-2.21341
-2.21123
-2.21174
-2.21386
-2.21714
-2.22039
-2.22097
-2.21919
-2.21669
-2.21416
-2.21238
-2.21079
-2.2097
-2.21193
-2.21181
-2.2128
-2.21568
-2.21822
-2.22085
-2.22142
-2.22278
-2.22276
-2.22199
-2.22098
-2.2186
-2.21616
-2.21332
-2.21186
-2.21215
-2.21227
-2.2151
-2.2173
-2.21856
-2.21975
-2.22026
-2.22016
-2.22092
-2.22083
-2.22104
-2.21983
-2.21873
-2.21902
-2.22056
-2.22013
-2.22132
-2.22271
-2.22309
-2.22308
-2.22249
-2.22129
-2.22023
-2.21909
-2.21855
-2.21881
-2.21942
-2.21994
-2.21977
-2.21997
-2.22049
-2.22085
-2.22053
-2.22094
-2.22147
-2.2225
-2.22256
-2.22196
-2.22118
-2.22095
-2.22237
-2.22268
-2.22262
-2.22198
-2.22037
-2.22083
-2.21943
-2.21903
-2.21887
-2.2189
-2.22035
-2.22166
-2.22208
-2.22158
-2.22158
-2.22037
-2.22083
-2.22044
-2.22005
-2.21931
-2.21842
-2.218
-2.21734
-2.21823
-2.22051
-2.21987
-2.21716
-2.21585
-2.21449
-2.21366
-2.21216
-2.21037
-2.20807
-2.20916
-2.20962
-2.21096
-2.21396
-2.21464
-2.2129
-2.21245
-2.21306
-2.21467
-2.21697
-2.21859
-2.21846
-2.21875
-2.21834
-2.21786
-2.21698
-2.21831
-2.22212
-2.22487
-2.22682
-2.22773
-2.22743
-2.22759
-2.22729
-2.22497
-2.22339
-2.22121
-2.21931
-2.21709
-2.21708
-2.21815
-2.22067
-2.22429
-2.22505
-2.22671
-2.22601
-2.22718
-2.22712
-2.22817
-2.22772
-2.22735
-2.22798
-2.22903
-2.22824
-2.22898
-2.22858
-2.22858
-2.22742
-2.22624
-2.22472
-2.22212
-2.2206
-2.21905
-2.21866
-2.21985
-2.22224
-2.22463
-2.22632
-2.22717
-2.22788
-2.22857
-2.22816
-2.22622
-2.22492
-2.22297
-2.22281
-2.22265
-2.22341
-2.22484
-2.22279
-2.22168
-2.22097
-2.2207
-2.22117
-2.221
-2.22062
-2.22145
-2.2204
-2.22057
-2.22012
-2.22116
-2.22215
-2.22218
-2.22238
-2.22286
-2.22177
-2.22162
-2.22146
-2.22112
-2.2208
-2.22042
-2.221
-2.22119
-2.22132
-2.22088
-2.22106
-2.22111
-2.22022
-2.22098
-2.22071
-2.2216
-2.22134
-2.22125
-2.22033
-2.2189
-2.21839
-2.2185
-2.21924
-2.21945
-2.21971
-2.22142
-2.22315
-2.22386
-2.22411
-2.22291
-2.22055
-2.21905
-2.21797
-2.2168
-2.21644
-2.21698
-2.21703
-2.2176
-2.21822
-2.21987
-2.22201
-2.22503
-2.22765
-2.22807
-2.227
-2.22672
-2.22513
-2.22431
-2.22275
-2.22229
-2.22111
-2.21939
-2.21791
-2.21646
-2.21703
-2.2184
-2.21902
-2.21962
-2.22158
-2.22063
-2.22101
-2.22112
-2.21961
-2.21945
-2.2203
-2.22181
-2.22383
-2.22511
-2.22551
-2.22536
-2.22362
-2.22238
-2.22182
-2.22221
-2.22203
-2.22217
-2.22204
-2.22128
-2.2207
-2.22277
-2.22334
-2.22446
-2.22413
-2.22371
-2.22174
-2.21971
-2.21745
-2.21677
-2.2185
-2.22004
-2.22189
-2.22195
-2.22262
-2.22205
-2.2214
-2.21984
-2.21831
-2.21907
-2.21987
-2.22175
-2.22196
-2.22224
-2.22142
-2.22132
-2.2223
-2.223
-2.22407
-2.22587
-2.22611
-2.22548
-2.22403
-2.22352
-2.22324
-2.22256
-2.2215
-2.22225
-2.22292
-2.2234
-2.22309
-2.22269
-2.22019
-2.21738
-2.21594
-2.21449
-2.21439
-2.21361
-2.21358
-2.2148
-2.21679
-2.21821
-2.21977
-2.22113
-2.22135
-2.22248
-2.2218
-2.22071
-2.22135
-2.22109
-2.22137
-2.22079
-2.22109
-2.22327
-2.22621
-2.22908
-2.22981
-2.2296
-2.22821
-2.22775
-2.22652
-2.22432
-2.22434
-2.22332
-2.22304
-2.22181
-2.22068
-2.22031
-2.21957
-2.21993
-2.21908
-2.21967
-2.21976
-2.21955
-2.21819
-2.21764
-2.21604
-2.21478
-2.21418
-2.21358
-2.21304
-2.21248
-2.21285
-2.21311
-2.21437
-2.21577
-2.21785
-2.21832
-2.21826
-2.21816
-2.21845
-2.21888
-2.21999
-2.22116
-2.22312
-2.22486
-2.22472
-2.22355
-2.22176
-2.21953
-2.21654
-2.21326
-2.2108
-2.20961
-2.20894
-2.21037
-2.21267
-2.21822
-2.2225
-2.22522
-2.22733
-2.22768
-2.22757
-2.22737
-2.22566
-2.22239
-2.22068
-2.21741
-2.21562
-2.21673
-2.21827
-2.22098
-2.22294
-2.22228
-2.22295
-2.22241
-2.22127
-1.93547
-1.93347
-1.93178
-1.92743
-1.92582
-1.92589
-1.92746
-1.92965
-1.93376
-1.93616
-1.93609
-1.93628
-1.93522
-1.93469
-1.93251
-1.93132
-1.93238
-1.93336
-1.93568
-1.93984
-1.94194
-1.94101
-1.94061
-1.93836
-1.93765
-1.93569
-1.93605
-1.93551
-1.93575
-1.93709
-1.93797
-1.93878
-1.93803
-1.93613
-1.93365
-1.9303
-1.92985
-1.931
-1.93177
-1.93538
-1.93952
-1.94275
-1.94567
-1.94518
-1.94311
-1.94205
-1.94028
-1.93699
-1.93464
-1.93324
-1.93272
-1.93227
-1.93225
-1.93139
-1.93085
-1.9317
-1.93354
-1.93608
-1.93777
-1.94029
-1.94113
-1.94348
-1.94185
-1.93837
-1.93583
-1.93383
-1.93244
-1.93262
-1.93335
-1.93507
-1.935
-1.9365
-1.93873
-1.94072
-1.94189
-1.94225
-1.94096
-1.93969
-1.93818
-1.93566
-1.93435
-1.93352
-1.93319
-1.9333
-1.93447
-1.9359
-1.93579
-1.93631
-1.93678
-1.93845
-1.93979
-1.94083
-1.94118
-1.9401
-1.93849
-1.9367
-1.93579
-1.93465
-1.93429
-1.9348
-1.93186
-1.92993
-1.92841
-1.92729
-1.92635
-1.92736
-1.93017
-1.93231
-1.93322
-1.93366
-1.93321
-1.93399
-1.93367
-1.93298
-1.93268
-1.93401
-1.9358
-1.93751
-1.9379
-1.93727
-1.93574
-1.93199
-1.93135
-1.93025
-1.93075
-1.93133
-1.9307
-1.9311
-1.93111
-1.93072
-1.93006
-1.93085
-1.93261
-1.93273
-1.93131
-1.9319
-1.93058
-1.93097
-1.93047
-1.92996
-1.93082
-1.92952
-1.93002
-1.9301
-1.93134
-1.93379
-1.93626
-1.93889
-1.93961
-1.93951
-1.93811
-1.93583
-1.93378
-1.93222
-1.9301
-1.92944
-1.92916
-1.93017
-1.93043
-1.93169
-1.93184
-1.93067
-1.92972
-1.92806
-1.92643
-1.92599
-1.92582
-1.92718
-1.93011
-1.93129
-1.93289
-1.93371
-1.9351
-1.93331
-1.93278
-1.93258
-1.93293
-1.93458
-1.93433
-1.93421
-1.9343
-1.93462
-1.93369
-1.93158
-1.93007
-1.92884
-1.92825
-1.92828
-1.92866
-1.92936
-1.93066
-1.93165
-1.93235
-1.93559
-1.93822
-1.94055
-1.94248
-1.94202
-1.94098
-1.93934
-1.93727
-1.93662
-1.93527
-1.93394
-1.93283
-1.93214
-1.93182
-1.93148
-1.93368
-1.9353
-1.93811
-1.93915
-1.93919
-1.93842
-1.93868
-1.93771
-1.93656
-1.93653
-1.93747
-1.93717
-1.93613
-1.93584
-1.93544
-1.93547
-1.93628
-1.93738
-1.93846
-1.93843
-1.93704
-1.93521
-1.93353
-1.9334
-1.93431
-1.93661
-1.93803
-1.94009
-1.94141
-1.94272
-1.94108
-1.93986
-1.939
-1.93838
-1.93834
-1.93903
-1.93956
-1.94077
-1.93907
-1.93598
-1.93334
-1.9335
-1.93336
-1.93416
-1.93355
-1.933
-1.93249
-1.93248
-1.93419
-1.93573
-1.93742
-1.94122
-1.94387
-1.94606
-1.94702
-1.94353
-1.94131
-1.93754
-1.93429
-1.93333
-1.9329
-1.93408
-1.93534
-1.93534
-1.93563
-1.93436
-1.93325
-1.93331
-1.93459
-1.93688
-1.94111
-1.9408
-1.93953
-1.93771
-1.93614
-1.93542
-1.93633
-1.93701
-1.93657
-1.93646
-1.93629
-1.93471
-1.93467
-1.93367
-1.93346
-1.93169
-1.93166
-1.93137
-1.93197
-1.93146
-1.93143
-1.93226
-1.93258
-1.93359
-1.93224
-1.92977
-1.92779
-1.92603
-1.92457
-1.92403
-1.92457
-1.9268
-1.93073
-1.93268
-1.93289
-1.93362
-1.93382
-1.93328
-1.93275
-1.93194
-1.93166
-1.93237
-1.93313
-1.93199
-1.93072
-1.92989
-1.93029
-1.93104
-1.93169
-1.93199
-1.93142
-1.93158
-1.93136
-1.93123
-1.93074
-1.92866
-1.92711
-1.9284
-1.92762
-1.92963
-1.92946
-1.93123
-1.93163
-1.93235
-1.93271
-1.93393
-1.93515
-1.93711
-1.93737
-1.93749
-1.93579
-1.93344
-1.93245
-1.93168
-1.93243
-1.93269
-1.93283
-1.93495
-1.93572
-1.936
-1.93475
-1.93361
-1.93161
-1.93385
-1.9354
-1.93703
-1.93832
-1.9391
-1.93776
-1.93609
-1.93466
-1.93423
-1.93346
-1.93306
-1.9317
-1.93128
-1.93426
-1.93798
-1.93859
-1.93667
-1.93468
-1.93308
-1.93015
-1.92899
-1.92877
-1.92832
-1.92771
-1.92852
-1.92979
-1.93364
-1.93682
-1.9372
-1.93723
-1.93652
-1.93526
-1.93562
-1.93663
-1.93815
-1.94074
-1.94053
-1.94203
-1.94069
-1.94185
-1.94129
-1.93961
-1.93784
-1.93783
-1.93697
-1.93671
-1.93586
-1.93712
-1.9383
-1.93876
-1.93767
-1.93729
-1.93678
-1.93658
-1.93716
-1.93823
-1.93894
-1.93992
-1.94113
-1.94129
-1.94167
-1.94027
-1.93915
-1.93711
-1.93486
-1.93422
-1.93464
-1.93387
-1.93403
-1.93429
-1.93499
-1.93481
-1.93461
-1.93442
-1.93357
-1.93317
-1.93337
-1.93238
-1.9334
-1.93256
-1.93367
-1.93386
-1.93556
-1.93789
-1.93904
-1.93794
-1.93616
-1.93472
-1.93248
-1.93336
-1.93187
-1.93195
-1.93188
-1.93153
-1.93202
-1.93193
-1.93109
-1.92873
-1.92755
-1.92891
-1.92953
-1.93175
-1.93259
-1.9338
-1.93452
-1.93616
-1.93592
-1.93462
-1.93445
-1.93414
-1.93339
-1.9322
-1.93244
-1.93189
-1.93183
-1.93132
-1.9324
-1.93436
-1.93698
-1.93934
-1.93841
-1.93801
-1.9367
-1.93619
-1.93441
-1.93349
-1.93333
-1.93212
-1.93178
-1.93115
-1.93012
-1.93057
-1.93101
-1.931
-1.93266
-1.93341
-1.93484
-1.93492
-1.93432
-1.93358
-1.93274
-1.93116
-1.93118
-1.92975
-1.92915
-1.92962
-1.93062
-1.93263
-1.93435
-1.93514
-1.9346
-1.93345
-1.93071
-1.93008
-1.93059
-1.93178
-1.93473
-1.93684
-1.9364
-1.93623
-1.9357
-1.93706
-1.93845
-1.94128
-1.94187
-1.94247
-1.94207
-1.93939
-1.93635
-1.93493
-1.93342
-1.93368
-1.9321
-1.93148
-1.93027
-1.93012
-1.93197
-1.93296
-1.93551
-1.9373
-1.93864
-1.93832
-1.93861
-1.93806
-1.93799
-1.9377
-1.93817
-1.93834
-1.93793
-1.93659
-1.93581
-1.93554
-1.93388
-1.9318
-1.9297
-1.9304
-1.92966
-1.92943
-1.92835
-1.92894
-1.93044
-1.93156
-1.9343
-1.93509
-1.9342
-1.93458
-1.93444
-1.93339
-1.93247
-1.93056
-1.92778
-1.92593
-1.92462
-1.92461
-1.92534
-1.92634
-1.92608
-1.92678
-1.9276
-1.92943
-1.93257
-1.93598
-1.93757
-1.93681
-1.93477
-1.93291
-1.93108
-1.93123
-1.92975
-1.93028
-1.93042
-1.9318
-1.93338
-1.93403
-1.93481
-1.93414
-1.93337
-1.931
-1.93105
-1.93263
-1.93434
-1.93421
-1.93447
-1.93194
-1.93084
-1.93088
-1.93061
-1.93256
-1.93565
-1.93722
-1.93762
-1.93696
-1.93787
-1.937
-1.93624
-1.93522
-1.93355
-1.932
-1.93264
-1.93415
-1.93427
-1.93565
-1.93699
-1.93715
-1.9364
-1.93682
-1.93609
-1.93652
-1.93838
-1.93853
-1.93839
-1.93778
-1.93662
-1.9339
-1.9316
-1.93039
-1.93012
-1.93072
-1.93292
-1.93475
-1.93589
-1.93677
-1.93772
-1.9388
-1.93959
-1.94093
-1.94075
-1.93868
-1.93672
-1.93541
-1.93417
-1.9329
-1.93296
-1.93347
-1.93408
-1.93482
-1.9357
-1.93493
-1.93415
-1.93098
-1.92965
-1.92932
-1.93105
-1.93502
-1.93806
-1.93811
-1.93611
-1.93404
-1.93445
-1.93414
-1.93403
-1.936
-1.93628
-1.93716
-1.9358
-1.93565
-1.93425
-1.93392
-1.93525
-1.935
-1.93458
-1.93328
-1.93083
-1.93068
-1.93088
-1.92981
-1.93227
-1.93317
-1.9348
-1.93482
-1.93752
-1.94128
-1.9425
-1.94151
-1.93975
-1.93792
-1.93489
-1.93272
-1.93355
-1.93376
-1.93337
-1.93444
-1.93523
-1.93573
-1.93536
-1.93611
-1.93637
-1.93772
-1.93871
-1.93925
-1.93781
-1.93538
-1.93527
-1.93346
-1.93264
-1.93262
-1.93452
-1.93575
-1.93816
-1.93887
-1.93838
-1.93597
-1.93461
-1.93454
-1.9333
-1.93289
-1.93392
-1.93542
-1.93588
-1.93603
-1.93637
-1.93632
-1.93491
-1.93499
-1.93592
-1.93827
-1.94075
-1.94262
-1.94196
-1.94004
-1.93734
-1.93355
-1.93165
-1.93035
-1.92942
-1.93084
-1.93087
-1.93177
-1.93126
-1.93127
-1.93333
-1.93402
-1.9364
-1.93798
-1.93887
-1.93913
-1.93744
-1.937
-1.93457
-1.93596
-1.93656
-1.93691
-1.93704
-1.93831
-1.93854
-1.93924
-1.94025
-1.94151
-1.94145
-1.94008
-1.93934
-1.93794
-1.93889
-1.9375
-1.93795
-1.93596
-1.93445
-1.93389
-1.93367
-1.93327
-1.93356
-1.93562
-1.93874
-1.93973
-1.93925
-1.93784
-1.9372
-1.93714
-1.93573
-1.93577
-1.93645
-1.93864
-1.93908
-1.93997
-1.94026
-1.9399
-1.9371
-1.93416
-1.93344
-1.93333
-1.93405
-1.93497
-1.93822
-1.93943
-1.94137
-1.94186
-1.94262
-1.94324
-1.94348
-1.94295
-1.94028
-1.93745
-1.93342
-1.93125
-1.92825
-1.92501
-1.92558
-1.92646
-1.92901
-1.93299
-1.93636
-1.93809
-1.94078
-1.9414
-1.94085
-1.93863
-1.9351
-1.93299
-1.92907
-1.92841
-1.92756
-1.92854
-1.92953
-1.93094
-1.93362
-1.93465
-1.93455
-1.93309
-1.93108
-1.9292
-1.92928
-1.92868
-1.92751
-1.92961
-1.93181
-1.93355
-1.93391
-1.93466
-1.93476
-1.93471
-1.93276
-1.93127
-1.92984
-1.92712
-1.92729
-1.92725
-1.92711
-1.92763
-1.92902
-1.92961
-1.9296
-1.93008
-1.93138
-1.93244
-1.93267
-1.93348
-1.9333
-1.93213
-1.93102
-1.93061
-1.93052
-1.92908
-1.92948
-1.93051
-1.92994
-1.9305
-1.93163
-1.93304
-1.93406
-1.93541
-1.93593
-1.93512
-1.93492
-1.93286
-1.93176
-1.93143
-1.93292
-1.93307
-1.93244
-1.93152
-1.93237
-1.93153
-1.93109
-1.93122
-1.93112
-1.9299
-1.92935
-1.92945
-1.93048
-1.93157
-1.93277
-1.93314
-1.93296
-1.93118
-1.92986
-1.92729
-1.92615
-1.92532
-1.92695
-1.92831
-1.93066
-1.93267
-1.93424
-1.93333
-1.93117
-1.92874
-1.9286
-1.92838
-1.93047
-1.93319
-1.9356
-1.93855
-1.93961
-1.93963
-1.94052
-1.9401
-1.94009
-1.94015
-1.93944
-1.93805
-1.93599
-1.93352
-1.93154
-1.9304
-1.92994
-1.93206
-1.93495
-1.9375
-1.93989
-1.94103
-1.941
-1.9401
-1.93888
-1.93718
-1.93443
-1.93399
-1.93441
-1.93517
-1.93601
-1.93572
-1.93554
-1.93455
-1.9339
-1.93462
-1.934
-1.93345
-1.93261
-1.93324
-1.93286
-1.93418
-1.93674
-1.93993
-1.9422
-1.94195
-1.94175
-1.93941
-1.93937
-1.93899
-1.93796
-1.93713
-1.93502
-1.93415
-1.93393
-1.93332
-1.93314
-1.93283
-1.93167
-1.93178
-1.93126
-1.93028
-1.9313
-1.93344
-1.93663
-1.93783
-1.93816
-1.93628
-1.93753
-1.93777
-1.93784
-1.93785
-1.93866
-1.93986
-1.94136
-1.94082
-1.94
-1.93834
-1.93654
-1.93589
-1.93518
-1.74757
-1.74691
-1.74691
-1.74724
-1.74779
-1.74632
-1.74721
-1.7469
-1.74742
-1.74823
-1.7491
-1.74829
-1.74757
-1.74692
-1.74738
-1.74639
-1.74484
-1.74422
-1.74455
-1.74433
-1.74439
-1.74441
-1.74675
-1.74921
-1.75049
-1.75247
-1.75332
-1.75303
-1.74996
-1.7461
-1.74385
-1.74435
-1.74654
-1.7501
-1.75267
-1.75219
-1.75014
-1.74987
-1.74904
-1.74645
-1.74641
-1.74587
-1.74547
-1.74448
-1.74371
-1.74326
-1.74478
-1.74436
-1.74501
-1.74653
-1.74758
-1.75031
-1.75242
-1.75275
-1.75204
-1.75043
-1.74864
-1.74637
-1.74407
-1.74257
-1.74207
-1.74283
-1.74509
-1.7481
-1.75099
-1.75263
-1.75319
-1.75201
-1.75056
-1.74922
-1.74911
-1.74856
-1.74886
-1.74836
-1.74915
-1.74935
-1.7498
-1.75082
-1.75293
-1.7528
-1.75211
-1.74907
-1.74657
-1.7444
-1.743
-1.74344
-1.74601
-1.74837
-1.7496
-1.75046
-1.75051
-1.75005
-1.74944
-1.74894
-1.74931
-1.74971
-1.75018
-1.74955
-1.74899
-1.74806
-1.74725
-1.74647
-1.74653
-1.74659
-1.74821
-1.74953
-1.75164
-1.75386
-1.7541
-1.75406
-1.75295
-1.75015
-1.74765
-1.74466
-1.74215
-1.73977
-1.73801
-1.73776
-1.7406
-1.74437
-1.74886
-1.75312
-1.75493
-1.75461
-1.75448
-1.7536
-1.75111
-1.74797
-1.74487
-1.74278
-1.7419
-1.7423
-1.74071
-1.74146
-1.74217
-1.74473
-1.74702
-1.74991
-1.75148
-1.75153
-1.75136
-1.75255
-1.75224
-1.75249
-1.75133
-1.74945
-1.74811
-1.74843
-1.74829
-1.74895
-1.75082
-1.75049
-1.75041
-1.74869
-1.74672
-1.74339
-1.7425
-1.74189
-1.7426
-1.74316
-1.74381
-1.74608
-1.74889
-1.75082
-1.75275
-1.75258
-1.75046
-1.74849
-1.74666
-1.7449
-1.74441
-1.74474
-1.74667
-1.74785
-1.74841
-1.74979
-1.7491
-1.74816
-1.74792
-1.74818
-1.74839
-1.74792
-1.74683
-1.74631
-1.74594
-1.74595
-1.74733
-1.74842
-1.74974
-1.75124
-1.75159
-1.75206
-1.75093
-1.75054
-1.74909
-1.74893
-1.74831
-1.74818
-1.74864
-1.75123
-1.75275
-1.75458
-1.7558
-1.75643
-1.75464
-1.75219
-1.75046
-1.74921
-1.74812
-1.74836
-1.7504
-1.75174
-1.75241
-1.75175
-1.75273
-1.75286
-1.75296
-1.75259
-1.75383
-1.7537
-1.75206
-1.7523
-1.75272
-1.75247
-1.75238
-1.7531
-1.7524
-1.75054
-1.74796
-1.7448
-1.74158
-1.7403
-1.74006
-1.74309
-1.74534
-1.74793
-1.75008
-1.75206
-1.75302
-1.75479
-1.75466
-1.7515
-1.74919
-1.74603
-1.74471
-1.74435
-1.74513
-1.74857
-1.75116
-1.75193
-1.75229
-1.75094
-1.75074
-1.75082
-1.75116
-1.75075
-1.7507
-1.75004
-1.74991
-1.74831
-1.74847
-1.74899
-1.7494
-1.74996
-1.75031
-1.74914
-1.74806
-1.74777
-1.74643
-1.74709
-1.74814
-1.74958
-1.75021
-1.74995
-1.74924
-1.74645
-1.7443
-1.74314
-1.74191
-1.7417
-1.74094
-1.74076
-1.74103
-1.7426
-1.74463
-1.74569
-1.74694
-1.74884
-1.74822
-1.74632
-1.74452
-1.74494
-1.74646
-1.74863
-1.74881
-1.74963
-1.74771
-1.74622
-1.74642
-1.74679
-1.74783
-1.74839
-1.74774
-1.74635
-1.74551
-1.74543
-1.74436
-1.74455
-1.74514
-1.7465
-1.74621
-1.74659
-1.74614
-1.74523
-1.74662
-1.74845
-1.74995
-1.75172
-1.75154
-1.75034
-1.74804
-1.74611
-1.74295
-1.74224
-1.74247
-1.74324
-1.7477
-1.75189
-1.75368
-1.75352
-1.75152
-1.7495
-1.74684
-1.74318
-1.739
-1.73775
-1.73695
-1.73702
-1.73855
-1.74081
-1.74323
-1.74489
-1.74392
-1.7437
-1.74393
-1.74471
-1.7473
-1.75072
-1.75262
-1.75224
-1.75112
-1.74754
-1.74501
-1.7422
-1.73926
-1.73902
-1.73903
-1.73915
-1.73788
-1.73845
-1.73926
-1.73874
-1.74154
-1.74317
-1.74697
-1.74832
-1.74867
-1.7484
-1.74697
-1.7454
-1.7434
-1.74157
-1.73955
-1.74068
-1.74113
-1.74237
-1.74422
-1.74614
-1.74651
-1.74741
-1.74869
-1.75054
-1.75025
-1.75045
-1.75067
-1.74997
-1.74937
-1.74898
-1.74777
-1.74706
-1.74464
-1.74415
-1.74358
-1.74376
-1.74515
-1.74779
-1.75002
-1.75168
-1.75302
-1.752
-1.75178
-1.75285
-1.75337
-1.7518
-1.75084
-1.75021
-1.74913
-1.74793
-1.74751
-1.74786
-1.74761
-1.74902
-1.74991
-1.75158
-1.75049
-1.74933
-1.7471
-1.74448
-1.74427
-1.7427
-1.74577
-1.74898
-1.75289
-1.7554
-1.75636
-1.75448
-1.75255
-1.75264
-1.7506
-1.74941
-1.75008
-1.75034
-1.74993
-1.74933
-1.74975
-1.75029
-1.75097
-1.75218
-1.75299
-1.75417
-1.75557
-1.75601
-1.75699
-1.75851
-1.75913
-1.75803
-1.75754
-1.75588
-1.75323
-1.75102
-1.74974
-1.75032
-1.7518
-1.75135
-1.75137
-1.75063
-1.74855
-1.74807
-1.74727
-1.74701
-1.74603
-1.74636
-1.7487
-1.75068
-1.75404
-1.75286
-1.75308
-1.75366
-1.75424
-1.75244
-1.75187
-1.75112
-1.75038
-1.7494
-1.75098
-1.75085
-1.74975
-1.74827
-1.74591
-1.74387
-1.74421
-1.74557
-1.74745
-1.74807
-1.74941
-1.7481
-1.7475
-1.74636
-1.74443
-1.74326
-1.7428
-1.743
-1.74424
-1.74664
-1.74876
-1.75079
-1.75059
-1.75002
-1.74897
-1.74717
-1.74586
-1.74588
-1.74521
-1.74444
-1.7432
-1.743
-1.74308
-1.7433
-1.74437
-1.74552
-1.74585
-1.74604
-1.74725
-1.74769
-1.74887
-1.74937
-1.74948
-1.7485
-1.74674
-1.74395
-1.74145
-1.73938
-1.73956
-1.7388
-1.74103
-1.74305
-1.7456
-1.74819
-1.75054
-1.75162
-1.75179
-1.75109
-1.74918
-1.74696
-1.74627
-1.74537
-1.74342
-1.74263
-1.74255
-1.74374
-1.74395
-1.74446
-1.74443
-1.74408
-1.74493
-1.74478
-1.74592
-1.74655
-1.74582
-1.74579
-1.74335
-1.74218
-1.74247
-1.74113
-1.74169
-1.7431
-1.74437
-1.74666
-1.74673
-1.74767
-1.74938
-1.74935
-1.75062
-1.75154
-1.7507
-1.7504
-1.7489
-1.74743
-1.74516
-1.74361
-1.74214
-1.74319
-1.74487
-1.74643
-1.74787
-1.74858
-1.74832
-1.74685
-1.74572
-1.74603
-1.74685
-1.74997
-1.75195
-1.75049
-1.75043
-1.74923
-1.74829
-1.74877
-1.75032
-1.75157
-1.75136
-1.75065
-1.75018
-1.75017
-1.75111
-1.75179
-1.75144
-1.75053
-1.74951
-1.74943
-1.74658
-1.7455
-1.74439
-1.74493
-1.74558
-1.74673
-1.74838
-1.74986
-1.75165
-1.75296
-1.75337
-1.75242
-1.75194
-1.75186
-1.75078
-1.75078
-1.75016
-1.74908
-1.74729
-1.74622
-1.74479
-1.74431
-1.74462
-1.74619
-1.74593
-1.74786
-1.74905
-1.75057
-1.75197
-1.75276
-1.75089
-1.74824
-1.74569
-1.74424
-1.74243
-1.74302
-1.74577
-1.74874
-1.74909
-1.7506
-1.74949
-1.7481
-1.74638
-1.74406
-1.74258
-1.74222
-1.74403
-1.74685
-1.74802
-1.74744
-1.7451
-1.74323
-1.74182
-1.74123
-1.74278
-1.74492
-1.74478
-1.74433
-1.74646
-1.74958
-1.75257
-1.75465
-1.75339
-1.75072
-1.74909
-1.74594
-1.74537
-1.74477
-1.7444
-1.74362
-1.74426
-1.7437
-1.743
-1.7413
-1.74035
-1.74164
-1.74181
-1.74382
-1.74508
-1.74684
-1.74955
-1.75166
-1.7525
-1.75227
-1.75034
-1.74945
-1.74766
-1.74786
-1.74806
-1.7488
-1.7473
-1.74665
-1.74748
-1.74777
-1.74782
-1.74822
-1.74825
-1.74925
-1.74925
-1.74872
-1.74804
-1.74795
-1.74803
-1.74704
-1.74934
-1.75068
-1.75169
-1.75227
-1.75205
-1.75095
-1.74835
-1.74622
-1.74384
-1.74206
-1.742
-1.74268
-1.74436
-1.7458
-1.74886
-1.75074
-1.7519
-1.7521
-1.75197
-1.75427
-1.75353
-1.75237
-1.74969
-1.74781
-1.74695
-1.74658
-1.74667
-1.7483
-1.74914
-1.74969
-1.74873
-1.74669
-1.74371
-1.74173
-1.74081
-1.74498
-1.75096
-1.75427
-1.75416
-1.7505
-1.74583
-1.7411
-1.73777
-1.73491
-1.73391
-1.73586
-1.74148
-1.74553
-1.74876
-1.75138
-1.75253
-1.75122
-1.75052
-1.74926
-1.74891
-1.74771
-1.74648
-1.74533
-1.74577
-1.74758
-1.74976
-1.75193
-1.75286
-1.74964
-1.74898
-1.74776
-1.74534
-1.74372
-1.74345
-1.743
-1.74283
-1.74392
-1.74395
-1.74614
-1.74809
-1.75022
-1.75034
-1.74959
-1.74799
-1.74517
-1.74558
-1.7455
-1.74706
-1.74702
-1.74703
-1.74667
-1.74672
-1.74659
-1.74541
-1.74453
-1.74348
-1.74386
-1.74559
-1.74645
-1.74759
-1.74764
-1.74542
-1.74278
-1.74092
-1.74036
-1.74099
-1.74251
-1.74544
-1.74944
-1.75106
-1.75108
-1.75103
-1.75162
-1.75102
-1.74924
-1.74862
-1.74991
-1.7493
-1.75106
-1.75082
-1.75129
-1.75122
-1.75183
-1.7535
-1.7546
-1.75541
-1.75299
-1.75276
-1.75024
-1.74779
-1.746
-1.74581
-1.74444
-1.74513
-1.74648
-1.74657
-1.74737
-1.74933
-1.75156
-1.75229
-1.75143
-1.75108
-1.75159
-1.7515
-1.75003
-1.74983
-1.74895
-1.74784
-1.74706
-1.74655
-1.7454
-1.74458
-1.74447
-1.74501
-1.74845
-1.75136
-1.75458
-1.75441
-1.75392
-1.75419
-1.75361
-1.75169
-1.74998
-1.74927
-1.74789
-1.74674
-1.74416
-1.74445
-1.74534
-1.74597
-1.74881
-1.7473
-1.74582
-1.74768
-1.74881
-1.75018
-1.75057
-1.74967
-1.75121
-1.75089
-1.7506
-1.74817
-1.74634
-1.74532
-1.74513
-1.74559
-1.7472
-1.74765
-1.74972
-1.75045
-1.74977
-1.74901
-1.74831
-1.7478
-1.74761
-1.7487
-1.74791
-1.74662
-1.74434
-1.74306
-1.74186
-1.73905
-1.73718
-1.73709
-1.74073
-1.74626
-1.74732
-1.74627
-1.74645
-1.7453
-1.74595
-1.74777
-1.74667
-1.74494
-1.74398
-1.74437
-1.74478
-1.74489
-1.74358
-1.74088
-1.73947
-1.73994
-1.74119
-1.74241
-1.7449
-1.74743
-1.7497
-1.74998
-1.74856
-1.74802
-1.74772
-1.7468
-1.74715
-1.74872
-1.75137
-1.75443
-1.75593
-1.75573
-1.75443
-1.75272
-1.74953
-1.74836
-1.74744
-1.74589
-1.74523
-1.74412
-1.74287
-1.74138
-1.74195
-1.74255
-1.74137
-1.74167
-1.74529
-1.75014
-1.75382
-1.75543
-1.75474
-1.75369
-1.75171
-1.74854
-1.74537
-1.7434
-1.74307
-1.74501
-1.74638
-1.74689
-1.74704
-1.74806
-1.74907
-1.75124
-1.75302
-1.7538
-1.75382
-1.75284
-1.75384
-1.75398
-1.75316
-1.75255
-1.75093
-1.74994
-1.74817
-1.74662
-1.74518
-1.7451
-1.74414
-1.74434
-1.74587
-1.74778
-1.74881
-1.74974
-1.75111
-1.75129
-1.75126
-1.74906
-1.74702
-1.746
-1.74615
-1.74658
-1.74643
-1.74636
-1.74505
-1.68306
-1.68224
-1.68267
-1.68597
-1.68896
-1.69035
-1.69109
-1.69157
-1.68906
-1.6866
-1.68346
-1.68131
-1.68149
-1.68279
-1.68713
-1.69123
-1.69316
-1.69137
-1.69115
-1.68842
-1.68665
-1.68532
-1.68643
-1.68856
-1.69008
-1.6929
-1.69417
-1.69156
-1.68955
-1.68753
-1.68832
-1.68978
-1.6897
-1.68884
-1.68723
-1.68505
-1.6834
-1.68434
-1.68486
-1.68368
-1.6851
-1.6852
-1.68683
-1.6863
-1.68653
-1.68632
-1.6867
-1.68772
-1.68953
-1.68985
-1.68986
-1.68873
-1.68872
-1.68868
-1.68821
-1.68776
-1.68651
-1.68683
-1.68539
-1.68432
-1.68405
-1.6823
-1.68181
-1.68224
-1.68077
-1.68174
-1.68339
-1.68699
-1.68976
-1.69136
-1.69366
-1.69431
-1.69324
-1.69345
-1.69293
-1.69076
-1.68934
-1.6889
-1.68849
-1.68903
-1.68959
-1.68962
-1.689
-1.69055
-1.69249
-1.69357
-1.69409
-1.69423
-1.69248
-1.69178
-1.69107
-1.68887
-1.68777
-1.68755
-1.68792
-1.68842
-1.68756
-1.68794
-1.68901
-1.68867
-1.68952
-1.69141
-1.69049
-1.68993
-1.68757
-1.68557
-1.68422
-1.68297
-1.68377
-1.68511
-1.68547
-1.68538
-1.68713
-1.68851
-1.6916
-1.69453
-1.69466
-1.69189
-1.68901
-1.68704
-1.68697
-1.68691
-1.68816
-1.69003
-1.69269
-1.69357
-1.69229
-1.69027
-1.68962
-1.68871
-1.68774
-1.68774
-1.68853
-1.68859
-1.68882
-1.68841
-1.68897
-1.69026
-1.69158
-1.69196
-1.69028
-1.69037
-1.69004
-1.68983
-1.68954
-1.68968
-1.69004
-1.6893
-1.68731
-1.68746
-1.68973
-1.69302
-1.69721
-1.69821
-1.69623
-1.69474
-1.69151
-1.68982
-1.68964
-1.6881
-1.69025
-1.6901
-1.68895
-1.68927
-1.68879
-1.68946
-1.69069
-1.68916
-1.68669
-1.68469
-1.68299
-1.68185
-1.68248
-1.6839
-1.6847
-1.68528
-1.68472
-1.68524
-1.68571
-1.68614
-1.68768
-1.69002
-1.6906
-1.69241
-1.69355
-1.69228
-1.68921
-1.68836
-1.68589
-1.6832
-1.67927
-1.67635
-1.67567
-1.67726
-1.68111
-1.68401
-1.68473
-1.68382
-1.68141
-1.67972
-1.68
-1.68178
-1.68236
-1.68396
-1.68563
-1.68566
-1.68593
-1.6851
-1.68375
-1.68338
-1.6831
-1.68333
-1.68395
-1.68528
-1.6871
-1.68705
-1.68678
-1.68606
-1.68555
-1.68562
-1.68543
-1.68615
-1.68742
-1.68739
-1.68709
-1.68774
-1.6874
-1.68677
-1.68813
-1.68785
-1.68836
-1.68775
-1.68857
-1.68813
-1.68789
-1.68747
-1.68605
-1.68636
-1.68607
-1.685
-1.68494
-1.684
-1.68462
-1.68544
-1.6867
-1.68823
-1.68768
-1.6886
-1.68996
-1.6914
-1.69151
-1.68979
-1.68958
-1.68883
-1.68997
-1.69205
-1.69273
-1.69357
-1.69336
-1.6928
-1.69209
-1.69076
-1.68963
-1.6886
-1.68823
-1.68912
-1.68845
-1.68908
-1.68797
-1.68737
-1.68702
-1.68598
-1.68689
-1.68885
-1.69278
-1.69556
-1.69902
-1.69907
-1.69827
-1.69659
-1.69475
-1.69293
-1.69201
-1.69286
-1.69093
-1.6888
-1.68698
-1.6852
-1.68436
-1.68614
-1.68834
-1.69229
-1.69369
-1.69357
-1.6935
-1.69257
-1.69144
-1.69017
-1.68866
-1.68739
-1.68747
-1.68841
-1.69018
-1.69188
-1.69191
-1.69139
-1.68996
-1.68748
-1.68684
-1.68725
-1.68948
-1.69
-1.69003
-1.68929
-1.68901
-1.68863
-1.68714
-1.68539
-1.68487
-1.68483
-1.68545
-1.68701
-1.68857
-1.69048
-1.6927
-1.69353
-1.69263
-1.69177
-1.69223
-1.69165
-1.69051
-1.69076
-1.68976
-1.68998
-1.69143
-1.69298
-1.69213
-1.69065
-1.68931
-1.68655
-1.68564
-1.68352
-1.68343
-1.68341
-1.68185
-1.68194
-1.68266
-1.6848
-1.68614
-1.68917
-1.69051
-1.69018
-1.69029
-1.68943
-1.68997
-1.69149
-1.69286
-1.69383
-1.69319
-1.69139
-1.68659
-1.68331
-1.68073
-1.68092
-1.68361
-1.68647
-1.6892
-1.69076
-1.69213
-1.69346
-1.6939
-1.69436
-1.69324
-1.69109
-1.69028
-1.68959
-1.68881
-1.69033
-1.68926
-1.68988
-1.68985
-1.6903
-1.69278
-1.69354
-1.69205
-1.69119
-1.69012
-1.68856
-1.68962
-1.68914
-1.68861
-1.687
-1.68647
-1.68513
-1.68513
-1.68512
-1.6874
-1.68851
-1.69019
-1.69196
-1.69221
-1.69149
-1.69014
-1.68751
-1.68721
-1.68702
-1.68545
-1.68554
-1.68659
-1.68836
-1.68987
-1.69032
-1.69012
-1.68964
-1.68648
-1.68435
-1.6848
-1.68485
-1.68701
-1.68933
-1.69039
-1.69095
-1.68887
-1.68651
-1.68498
-1.68659
-1.68698
-1.68874
-1.68954
-1.69177
-1.69206
-1.69123
-1.6885
-1.68637
-1.68446
-1.68355
-1.68368
-1.68485
-1.68552
-1.68682
-1.68775
-1.68783
-1.68847
-1.68806
-1.68714
-1.6876
-1.68789
-1.68748
-1.6884
-1.69022
-1.69119
-1.68947
-1.68904
-1.68848
-1.68684
-1.68653
-1.68705
-1.68768
-1.68783
-1.68895
-1.68858
-1.68856
-1.68544
-1.68325
-1.68067
-1.68023
-1.68024
-1.68097
-1.68292
-1.68644
-1.68751
-1.68735
-1.68644
-1.68488
-1.68332
-1.68369
-1.68294
-1.68347
-1.68601
-1.68553
-1.68569
-1.68614
-1.68666
-1.68832
-1.68892
-1.68991
-1.68995
-1.68823
-1.68616
-1.68428
-1.68343
-1.68393
-1.68608
-1.68792
-1.68781
-1.68665
-1.68582
-1.6847
-1.6839
-1.68376
-1.68391
-1.68484
-1.68647
-1.68785
-1.69055
-1.69138
-1.69219
-1.69142
-1.6892
-1.68677
-1.68518
-1.68451
-1.68285
-1.6827
-1.684
-1.68588
-1.6854
-1.6866
-1.68821
-1.68777
-1.68706
-1.68644
-1.68551
-1.68532
-1.68563
-1.68754
-1.68929
-1.68945
-1.68857
-1.68961
-1.69086
-1.69184
-1.69301
-1.69455
-1.695
-1.69361
-1.69149
-1.69009
-1.6889
-1.68921
-1.69092
-1.69151
-1.69293
-1.69323
-1.69208
-1.69074
-1.69044
-1.69051
-1.69
-1.68806
-1.68855
-1.68865
-1.68772
-1.68868
-1.68942
-1.69052
-1.69098
-1.6915
-1.69016
-1.68842
-1.68579
-1.68438
-1.68441
-1.68459
-1.68641
-1.68962
-1.68992
-1.6904
-1.6899
-1.69039
-1.68883
-1.68724
-1.68618
-1.68658
-1.68816
-1.69008
-1.69283
-1.6933
-1.69416
-1.69406
-1.69466
-1.69263
-1.68891
-1.68587
-1.68455
-1.68308
-1.68425
-1.68414
-1.68574
-1.68715
-1.68947
-1.691
-1.69165
-1.69054
-1.68908
-1.68809
-1.68791
-1.68603
-1.68535
-1.6851
-1.68585
-1.68688
-1.68755
-1.68961
-1.68875
-1.68712
-1.68703
-1.68549
-1.68493
-1.68457
-1.68488
-1.6862
-1.68769
-1.68764
-1.68743
-1.68558
-1.68554
-1.68413
-1.68303
-1.68415
-1.68491
-1.68506
-1.68642
-1.68787
-1.68959
-1.69074
-1.69191
-1.69353
-1.69218
-1.6923
-1.69317
-1.69469
-1.69534
-1.69618
-1.69512
-1.69388
-1.69258
-1.68999
-1.68834
-1.68736
-1.68697
-1.68633
-1.68534
-1.68372
-1.68368
-1.68707
-1.6907
-1.6946
-1.69693
-1.69673
-1.69619
-1.6944
-1.69248
-1.6905
-1.69013
-1.69008
-1.6876
-1.68522
-1.68317
-1.68321
-1.6831
-1.68406
-1.68418
-1.68652
-1.68679
-1.68721
-1.68924
-1.69197
-1.69345
-1.69433
-1.69607
-1.69556
-1.69331
-1.69097
-1.68835
-1.68596
-1.68471
-1.68435
-1.68511
-1.68521
-1.68517
-1.68555
-1.68706
-1.68879
-1.68932
-1.68956
-1.68933
-1.68913
-1.68918
-1.68845
-1.69024
-1.69018
-1.68934
-1.68781
-1.68612
-1.68448
-1.68394
-1.68334
-1.68276
-1.68281
-1.68488
-1.68656
-1.68717
-1.6874
-1.6875
-1.68688
-1.68452
-1.68371
-1.68321
-1.68304
-1.68379
-1.68428
-1.68527
-1.68562
-1.6862
-1.68674
-1.6873
-1.68728
-1.68666
-1.68493
-1.68393
-1.68268
-1.68282
-1.68195
-1.6822
-1.6828
-1.68364
-1.68344
-1.68471
-1.6852
-1.68686
-1.68799
-1.68978
-1.69076
-1.69241
-1.69428
-1.69475
-1.695
-1.69448
-1.69388
-1.69345
-1.69206
-1.69049
-1.68854
-1.68571
-1.68531
-1.68562
-1.68682
-1.68831
-1.68932
-1.69169
-1.69234
-1.69431
-1.69617
-1.69668
-1.69711
-1.69666
-1.69584
-1.69339
-1.6899
-1.68704
-1.6859
-1.68557
-1.6864
-1.68692
-1.68936
-1.69107
-1.6927
-1.69388
-1.69446
-1.69463
-1.69659
-1.69797
-1.69913
-1.69881
-1.69807
-1.69596
-1.69345
-1.68964
-1.68887
-1.68826
-1.68962
-1.68886
-1.68785
-1.68612
-1.68345
-1.68255
-1.68255
-1.68357
-1.68488
-1.68714
-1.6889
-1.68975
-1.68957
-1.68873
-1.68742
-1.68771
-1.69028
-1.69118
-1.69082
-1.69118
-1.69008
-1.68939
-1.6898
-1.68911
-1.68914
-1.68909
-1.68769
-1.68692
-1.68707
-1.68649
-1.68529
-1.68537
-1.68408
-1.68387
-1.68451
-1.68522
-1.68796
-1.69038
-1.69241
-1.69326
-1.69438
-1.69552
-1.69548
-1.69549
-1.69534
-1.69454
-1.69292
-1.69271
-1.69057
-1.68933
-1.68913
-1.69097
-1.69211
-1.69454
-1.69489
-1.69441
-1.69248
-1.69091
-1.68892
-1.68706
-1.68629
-1.68649
-1.6844
-1.68442
-1.68447
-1.68377
-1.68537
-1.68782
-1.68978
-1.68932
-1.68889
-1.68724
-1.68474
-1.68328
-1.68264
-1.68351
-1.68508
-1.68924
-1.69363
-1.69616
-1.69691
-1.69602
-1.69298
-1.69109
-1.68963
-1.68931
-1.69074
-1.69195
-1.69467
-1.6952
-1.69534
-1.69312
-1.68996
-1.68807
-1.68683
-1.68577
-1.68615
-1.68574
-1.68587
-1.68599
-1.68648
-1.68609
-1.68633
-1.68844
-1.69214
-1.69418
-1.69354
-1.69329
-1.69138
-1.69114
-1.69066
-1.69022
-1.68797
-1.68744
-1.68704
-1.68732
-1.68884
-1.68993
-1.68999
-1.68898
-1.68596
-1.68496
-1.68418
-1.68232
-1.68252
-1.68232
-1.68526
-1.68722
-1.69092
-1.69517
-1.69676
-1.69627
-1.69567
-1.69526
-1.69474
-1.69368
-1.69316
-1.69166
-1.69137
-1.69016
-1.68733
-1.68635
-1.68573
-1.68523
-1.6859
-1.68563
-1.68363
-1.68341
-1.68325
-1.6827
-1.68366
-1.68486
-1.68614
-1.68692
-1.68812
-1.68797
-1.68973
-1.68933
-1.68929
-1.68753
-1.68647
-1.68397
-1.68304
-1.68562
-1.68799
-1.68916
-1.68915
-1.68832
-1.68833
-1.68822
-1.68822
-1.68791
-1.68865
-1.68858
-1.68863
-1.68861
-1.68903
-1.68956
-1.69013
-1.69053
-1.69363
-1.69476
-1.69489
-1.69456
-1.69315
-1.69044
-1.68933
-1.68952
-1.68956
-1.69112
-1.69207
-1.69387
-1.69394
-1.69463
-1.69368
-1.69395
-1.69286
-1.69184
-1.6917
-1.6889
-1.68623
-1.68466
-1.68154
-1.68036
-1.67973
-1.68031
-1.68421
-1.68591
-1.6894
-1.69246
-1.69433
-1.69464
-1.69255
-1.69035
-1.68934
-1.6881
-1.68713
-1.68672
-1.68839
-1.61019
-1.61029
-1.61097
-1.60974
-1.60895
-1.60827
-1.60709
-1.60794
-1.61111
-1.61249
-1.61279
-1.61255
-1.61305
-1.6136
-1.61297
-1.61285
-1.61214
-1.61177
-1.6124
-1.61177
-1.61106
-1.61015
-1.61042
-1.60945
-1.60886
-1.60828
-1.60727
-1.60637
-1.60688
-1.60654
-1.60706
-1.60882
-1.61038
-1.61276
-1.61394
-1.61212
-1.61306
-1.61346
-1.61339
-1.61215
-1.61036
-1.60819
-1.60624
-1.60631
-1.60805
-1.60908
-1.60848
-1.60642
-1.60682
-1.60587
-1.60668
-1.60676
-1.60799
-1.60668
-1.60577
-1.6059
-1.60645
-1.60717
-1.60793
-1.60924
-1.60916
-1.60915
-1.61007
-1.61096
-1.61219
-1.61213
-1.61192
-1.61037
-1.60955
-1.6088
-1.60606
-1.60573
-1.60461
-1.60465
-1.6051
-1.60536
-1.60649
-1.60548
-1.60784
-1.60943
-1.61014
-1.61003
-1.60989
-1.609
-1.60833
-1.60661
-1.60468
-1.60415
-1.60335
-1.60243
-1.60204
-1.60382
-1.60484
-1.60591
-1.60813
-1.61013
-1.60984
-1.60831
-1.60528
-1.60259
-1.60172
-1.59906
-1.59663
-1.59593
-1.59591
-1.59633
-1.59949
-1.60241
-1.60529
-1.60795
-1.61039
-1.61206
-1.61214
-1.61125
-1.6092
-1.60758
-1.60626
-1.60725
-1.60815
-1.60832
-1.60931
-1.61156
-1.61334
-1.61441
-1.61589
-1.61578
-1.61384
-1.6141
-1.61455
-1.61533
-1.61513
-1.61374
-1.6117
-1.61047
-1.60982
-1.61045
-1.61189
-1.61365
-1.61479
-1.61735
-1.61908
-1.61873
-1.616
-1.61469
-1.61323
-1.61312
-1.61262
-1.60982
-1.60963
-1.61075
-1.61289
-1.61496
-1.61435
-1.61212
-1.60948
-1.6054
-1.60276
-1.60173
-1.60328
-1.6055
-1.60907
-1.61097
-1.61393
-1.61685
-1.61671
-1.61736
-1.61768
-1.61421
-1.61092
-1.60986
-1.60793
-1.60757
-1.60745
-1.60584
-1.60592
-1.6066
-1.60713
-1.6094
-1.61225
-1.61483
-1.61788
-1.61941
-1.61712
-1.61404
-1.61255
-1.61132
-1.61003
-1.60954
-1.61031
-1.61028
-1.60914
-1.60791
-1.60591
-1.60517
-1.60465
-1.60249
-1.60276
-1.60251
-1.60339
-1.60387
-1.60525
-1.60757
-1.6109
-1.60927
-1.60711
-1.6046
-1.60158
-1.60139
-1.60164
-1.60317
-1.60496
-1.60639
-1.60659
-1.60672
-1.607
-1.60624
-1.6055
-1.60553
-1.60497
-1.60579
-1.60535
-1.60465
-1.6042
-1.6052
-1.60653
-1.60969
-1.60999
-1.61
-1.60905
-1.60881
-1.60577
-1.6039
-1.60208
-1.60164
-1.60151
-1.59989
-1.60018
-1.60268
-1.60393
-1.60552
-1.60619
-1.60907
-1.61229
-1.61472
-1.61625
-1.61566
-1.61505
-1.61402
-1.61344
-1.61387
-1.61314
-1.6126
-1.61187
-1.61074
-1.60916
-1.60698
-1.60464
-1.60239
-1.60157
-1.60015
-1.59898
-1.59927
-1.59984
-1.60136
-1.60292
-1.60412
-1.60477
-1.60499
-1.60602
-1.60778
-1.60849
-1.6067
-1.60596
-1.60638
-1.60539
-1.60598
-1.60863
-1.61013
-1.61114
-1.61074
-1.6078
-1.60629
-1.60526
-1.60648
-1.60633
-1.60461
-1.60296
-1.60337
-1.60426
-1.6051
-1.60444
-1.60352
-1.60358
-1.6027
-1.60376
-1.60774
-1.6114
-1.61137
-1.61022
-1.60773
-1.60605
-1.60198
-1.59967
-1.59861
-1.59865
-1.59917
-1.60171
-1.60371
-1.60541
-1.60745
-1.60856
-1.60908
-1.609
-1.60872
-1.60653
-1.60353
-1.6
-1.59803
-1.59865
-1.60185
-1.60567
-1.60849
-1.61045
-1.61145
-1.61342
-1.6134
-1.61265
-1.61228
-1.61073
-1.61045
-1.60815
-1.60701
-1.60539
-1.60457
-1.60675
-1.60956
-1.60976
-1.60951
-1.60766
-1.60785
-1.60802
-1.60925
-1.60993
-1.60956
-1.60798
-1.60601
-1.60488
-1.60397
-1.6056
-1.60875
-1.61319
-1.616
-1.61802
-1.61769
-1.61792
-1.61621
-1.61442
-1.61165
-1.61052
-1.60892
-1.60628
-1.60539
-1.60503
-1.60531
-1.60563
-1.60729
-1.60916
-1.61153
-1.61427
-1.61405
-1.61311
-1.61037
-1.60802
-1.6057
-1.60555
-1.60535
-1.60693
-1.60884
-1.60936
-1.60849
-1.60748
-1.60739
-1.60723
-1.608
-1.607
-1.60622
-1.60656
-1.60569
-1.60646
-1.60892
-1.61045
-1.61305
-1.61326
-1.6136
-1.61337
-1.61015
-1.60749
-1.60639
-1.60635
-1.60452
-1.603
-1.60215
-1.60077
-1.60057
-1.60267
-1.6075
-1.61219
-1.61577
-1.61555
-1.61423
-1.61028
-1.60882
-1.60752
-1.60622
-1.60534
-1.60476
-1.6055
-1.60565
-1.60579
-1.60676
-1.60807
-1.61038
-1.61128
-1.61139
-1.6103
-1.61095
-1.61097
-1.61038
-1.60907
-1.60663
-1.60537
-1.60593
-1.60594
-1.60658
-1.60794
-1.60806
-1.60821
-1.60782
-1.60774
-1.60704
-1.60457
-1.60517
-1.60377
-1.60279
-1.60201
-1.60152
-1.60169
-1.60065
-1.60096
-1.60102
-1.6019
-1.60337
-1.60477
-1.60697
-1.60785
-1.60761
-1.60712
-1.60803
-1.60855
-1.60762
-1.60519
-1.60495
-1.60283
-1.60156
-1.60113
-1.6017
-1.60131
-1.60322
-1.60316
-1.60379
-1.60493
-1.60701
-1.609
-1.61154
-1.61264
-1.61134
-1.61114
-1.61103
-1.6097
-1.60718
-1.60543
-1.60352
-1.60139
-1.60281
-1.60485
-1.60802
-1.60957
-1.60954
-1.6085
-1.60667
-1.60527
-1.60358
-1.60296
-1.60363
-1.60453
-1.60547
-1.60607
-1.60577
-1.60741
-1.6098
-1.61061
-1.61039
-1.60848
-1.60668
-1.60521
-1.60603
-1.60611
-1.60724
-1.6068
-1.60481
-1.60551
-1.60647
-1.60864
-1.61089
-1.61343
-1.61354
-1.61272
-1.61053
-1.60692
-1.60594
-1.60476
-1.60529
-1.60477
-1.60514
-1.6042
-1.60274
-1.60296
-1.60361
-1.60488
-1.60499
-1.60479
-1.60439
-1.60537
-1.60618
-1.60751
-1.60944
-1.60847
-1.60766
-1.60591
-1.60561
-1.60513
-1.60398
-1.6042
-1.60655
-1.60806
-1.60685
-1.60376
-1.60408
-1.60355
-1.60665
-1.60928
-1.61203
-1.61352
-1.6149
-1.61536
-1.61352
-1.61326
-1.61227
-1.61012
-1.60927
-1.60983
-1.60963
-1.6084
-1.60881
-1.60924
-1.60988
-1.60953
-1.60805
-1.60702
-1.60644
-1.60793
-1.60983
-1.61116
-1.6147
-1.61612
-1.61701
-1.61715
-1.61709
-1.61475
-1.61237
-1.61138
-1.61025
-1.61019
-1.61022
-1.60886
-1.60753
-1.60711
-1.60759
-1.60841
-1.60845
-1.60832
-1.60783
-1.60733
-1.60681
-1.60783
-1.60713
-1.60645
-1.6059
-1.60538
-1.605
-1.60344
-1.60297
-1.60251
-1.60262
-1.60328
-1.60334
-1.60452
-1.60436
-1.60451
-1.60518
-1.60421
-1.60402
-1.6038
-1.6029
-1.60373
-1.60486
-1.60539
-1.60647
-1.60714
-1.60853
-1.60827
-1.60914
-1.60992
-1.60992
-1.60913
-1.6079
-1.60527
-1.60496
-1.60482
-1.60467
-1.60555
-1.60734
-1.60778
-1.60913
-1.60838
-1.6076
-1.60489
-1.60371
-1.60097
-1.60029
-1.60234
-1.60414
-1.60598
-1.60677
-1.60719
-1.60847
-1.60851
-1.60876
-1.6087
-1.60897
-1.60834
-1.60681
-1.60518
-1.60465
-1.60379
-1.60397
-1.60394
-1.60497
-1.60608
-1.60742
-1.60803
-1.60885
-1.60869
-1.60801
-1.60617
-1.60306
-1.60198
-1.60231
-1.60502
-1.60773
-1.61003
-1.6106
-1.60954
-1.60754
-1.60637
-1.60705
-1.60665
-1.60536
-1.60374
-1.60379
-1.6042
-1.60691
-1.6096
-1.61087
-1.61079
-1.60935
-1.60608
-1.60374
-1.60363
-1.60535
-1.60625
-1.60665
-1.60893
-1.6107
-1.61081
-1.60945
-1.60944
-1.60723
-1.60616
-1.60509
-1.60488
-1.60535
-1.60663
-1.60894
-1.60901
-1.60716
-1.6054
-1.60443
-1.60456
-1.60608
-1.60961
-1.61076
-1.60988
-1.6076
-1.60647
-1.60549
-1.60461
-1.60477
-1.6053
-1.60432
-1.60306
-1.60278
-1.60405
-1.60505
-1.60551
-1.60642
-1.60809
-1.60826
-1.60907
-1.60812
-1.60686
-1.60569
-1.60367
-1.60208
-1.60272
-1.60278
-1.60353
-1.60452
-1.60477
-1.60569
-1.6069
-1.60678
-1.60647
-1.60722
-1.60694
-1.60634
-1.60571
-1.6052
-1.60482
-1.60405
-1.60291
-1.60332
-1.60324
-1.60408
-1.6064
-1.60665
-1.60767
-1.60736
-1.60714
-1.60876
-1.61118
-1.61151
-1.61239
-1.6111
-1.60926
-1.60776
-1.60513
-1.60334
-1.60393
-1.60451
-1.60589
-1.60654
-1.60646
-1.60726
-1.6076
-1.60904
-1.6095
-1.60945
-1.60907
-1.60671
-1.60525
-1.60461
-1.60361
-1.60581
-1.60686
-1.60809
-1.61141
-1.61456
-1.61685
-1.61835
-1.61678
-1.61622
-1.61419
-1.61111
-1.60868
-1.60818
-1.60613
-1.60609
-1.60667
-1.60749
-1.60835
-1.61039
-1.61148
-1.61236
-1.61294
-1.61318
-1.61382
-1.61401
-1.61279
-1.61454
-1.61301
-1.61185
-1.61127
-1.61267
-1.61141
-1.61047
-1.60854
-1.60838
-1.60883
-1.61014
-1.61198
-1.61286
-1.61437
-1.6152
-1.61768
-1.61965
-1.61958
-1.6194
-1.61943
-1.61796
-1.61551
-1.61398
-1.61289
-1.61129
-1.60888
-1.60642
-1.60408
-1.6044
-1.60371
-1.60395
-1.60552
-1.60558
-1.60755
-1.60991
-1.61295
-1.61393
-1.61436
-1.6135
-1.61129
-1.60985
-1.60911
-1.60714
-1.6056
-1.60594
-1.60428
-1.60406
-1.60418
-1.60407
-1.60397
-1.6036
-1.60469
-1.60536
-1.6086
-1.61006
-1.61153
-1.61355
-1.61449
-1.61519
-1.61532
-1.61357
-1.61342
-1.61199
-1.61048
-1.60745
-1.60685
-1.60725
-1.60763
-1.60789
-1.60973
-1.60974
-1.61088
-1.61319
-1.61427
-1.61422
-1.6128
-1.61305
-1.61162
-1.61216
-1.61163
-1.61038
-1.60955
-1.60897
-1.60879
-1.60979
-1.61025
-1.6111
-1.61192
-1.61085
-1.61019
-1.61034
-1.61253
-1.61386
-1.61648
-1.61568
-1.61499
-1.61303
-1.61105
-1.6122
-1.61257
-1.61376
-1.61545
-1.61595
-1.6164
-1.61296
-1.61038
-1.60777
-1.60508
-1.60419
-1.60316
-1.60336
-1.60587
-1.61095
-1.61399
-1.61403
-1.6122
-1.61
-1.60882
-1.6078
-1.60861
-1.60923
-1.60859
-1.61059
-1.61068
-1.61009
-1.60909
-1.60975
-1.61022
-1.61068
-1.6094
-1.60812
-1.6095
-1.60979
-1.60855
-1.60843
-1.6092
-1.61103
-1.61491
-1.61894
-1.62238
-1.62186
-1.62048
-1.61907
-1.61776
-1.61478
-1.61355
-1.61226
-1.60992
-1.61095
-1.61261
-1.61311
-1.61322
-1.61227
-1.61194
-1.60964
-1.60788
-1.6072
-1.60759
-1.60778
-1.60971
-1.61228
-1.61629
-1.61845
-1.62014
-1.62093
-1.61896
-1.6167
-1.61439
-1.61226
-1.61103
-1.60896
-1.60817
-1.60752
-1.60729
-1.60829
-1.60857
-1.60982
-1.61107
-1.61092
-1.61036
-1.60905
-1.6088
-1.60692
-1.60824
-1.60705
-1.60789
-1.60871
-1.60713
-1.6055
-1.60335
-1.60167
-1.53458
-1.53794
-1.54261
-1.54642
-1.54748
-1.54568
-1.54283
-1.53926
-1.53927
-1.54276
-1.54667
-1.54945
-1.55027
-1.55082
-1.54971
-1.54835
-1.54681
-1.54617
-1.54432
-1.54417
-1.54411
-1.54407
-1.54392
-1.5428
-1.54315
-1.54163
-1.54069
-1.54013
-1.54003
-1.54049
-1.54217
-1.54231
-1.54291
-1.54503
-1.54442
-1.54481
-1.54433
-1.5434
-1.54301
-1.54205
-1.54273
-1.54292
-1.54343
-1.54595
-1.54625
-1.54526
-1.54653
-1.54509
-1.54438
-1.54322
-1.5437
-1.5425
-1.54215
-1.54429
-1.54273
-1.54176
-1.54185
-1.54282
-1.54476
-1.54456
-1.54426
-1.54244
-1.54171
-1.54063
-1.53951
-1.53982
-1.54023
-1.54137
-1.54357
-1.54496
-1.54572
-1.54432
-1.54314
-1.54203
-1.54048
-1.54061
-1.54278
-1.54589
-1.5467
-1.54811
-1.54921
-1.54903
-1.54893
-1.54939
-1.54771
-1.54695
-1.54333
-1.53891
-1.53741
-1.53731
-1.5397
-1.54199
-1.54524
-1.54721
-1.5475
-1.54681
-1.54616
-1.54455
-1.54305
-1.54263
-1.54269
-1.54355
-1.54412
-1.5458
-1.54481
-1.54425
-1.54151
-1.53906
-1.53697
-1.53681
-1.5375
-1.53741
-1.53861
-1.53875
-1.54016
-1.54028
-1.54173
-1.54312
-1.54233
-1.5417
-1.54317
-1.5452
-1.54897
-1.55135
-1.55119
-1.5509
-1.55079
-1.54981
-1.54871
-1.54814
-1.545
-1.5422
-1.53938
-1.53728
-1.53587
-1.53577
-1.53886
-1.54142
-1.54328
-1.54579
-1.54551
-1.5449
-1.54414
-1.54532
-1.54511
-1.54603
-1.54827
-1.55029
-1.54993
-1.54927
-1.54849
-1.54829
-1.54715
-1.5457
-1.54524
-1.5442
-1.54313
-1.54257
-1.54159
-1.54247
-1.54234
-1.54206
-1.54136
-1.54361
-1.54576
-1.54827
-1.55037
-1.55131
-1.54917
-1.54653
-1.54485
-1.54364
-1.54272
-1.5425
-1.5451
-1.54644
-1.54692
-1.54535
-1.54489
-1.54376
-1.54145
-1.54065
-1.54026
-1.54272
-1.54546
-1.54465
-1.54352
-1.54182
-1.5406
-1.54229
-1.54365
-1.54497
-1.54602
-1.54743
-1.54808
-1.54761
-1.54492
-1.54279
-1.54175
-1.54108
-1.54037
-1.54015
-1.54113
-1.54088
-1.5406
-1.54149
-1.5414
-1.54107
-1.54105
-1.53988
-1.53914
-1.53971
-1.54146
-1.54365
-1.54454
-1.54291
-1.54309
-1.54128
-1.54044
-1.5402
-1.53921
-1.53857
-1.53859
-1.53821
-1.53714
-1.53649
-1.53537
-1.53565
-1.53778
-1.54069
-1.54138
-1.54081
-1.54069
-1.54081
-1.54068
-1.54293
-1.54477
-1.54615
-1.54566
-1.54382
-1.54081
-1.53883
-1.53712
-1.53609
-1.5378
-1.53939
-1.54054
-1.54214
-1.54289
-1.54404
-1.54358
-1.54136
-1.54075
-1.54035
-1.53842
-1.53852
-1.53884
-1.53931
-1.54036
-1.54098
-1.5426
-1.54245
-1.54193
-1.5424
-1.54162
-1.54224
-1.54231
-1.54252
-1.5432
-1.54468
-1.54355
-1.54302
-1.54181
-1.54109
-1.54025
-1.54001
-1.53938
-1.53858
-1.53896
-1.5397
-1.54047
-1.53988
-1.53832
-1.53747
-1.53522
-1.53303
-1.53215
-1.5308
-1.53099
-1.53137
-1.5329
-1.53645
-1.53871
-1.54023
-1.54098
-1.54103
-1.54213
-1.54239
-1.54092
-1.53941
-1.53771
-1.53852
-1.54178
-1.54893
-1.54973
-1.54785
-1.54337
-1.54075
-1.53746
-1.53554
-1.5361
-1.53682
-1.53799
-1.53966
-1.54115
-1.54142
-1.5423
-1.54208
-1.54082
-1.53983
-1.53838
-1.53905
-1.53987
-1.54256
-1.54531
-1.54591
-1.54578
-1.54451
-1.5432
-1.54249
-1.5415
-1.54013
-1.54055
-1.54054
-1.54216
-1.54339
-1.54472
-1.54656
-1.54422
-1.54312
-1.54087
-1.54043
-1.54219
-1.5448
-1.54726
-1.54912
-1.55013
-1.55247
-1.55072
-1.5504
-1.54813
-1.54604
-1.5453
-1.54338
-1.54183
-1.54061
-1.5399
-1.54099
-1.54195
-1.54549
-1.54738
-1.54913
-1.55084
-1.55092
-1.54977
-1.54869
-1.54676
-1.54437
-1.54078
-1.53788
-1.53441
-1.53321
-1.5336
-1.53683
-1.5411
-1.54441
-1.54634
-1.54604
-1.54399
-1.5427
-1.54269
-1.54399
-1.54526
-1.54582
-1.54279
-1.54104
-1.54011
-1.53931
-1.54108
-1.54226
-1.54247
-1.54582
-1.54755
-1.54845
-1.54877
-1.54878
-1.54557
-1.54418
-1.54249
-1.54287
-1.54302
-1.5447
-1.54573
-1.54716
-1.54658
-1.5453
-1.54512
-1.54433
-1.54418
-1.54457
-1.5447
-1.54573
-1.54567
-1.54484
-1.5436
-1.54402
-1.54354
-1.54213
-1.54147
-1.5413
-1.54218
-1.54444
-1.54533
-1.54426
-1.54334
-1.54342
-1.54293
-1.5426
-1.54299
-1.54265
-1.54218
-1.54209
-1.54385
-1.54439
-1.54475
-1.54514
-1.54682
-1.54646
-1.54555
-1.54522
-1.54408
-1.54258
-1.5405
-1.53817
-1.53708
-1.5367
-1.53713
-1.53803
-1.53961
-1.54104
-1.54298
-1.54519
-1.54498
-1.54398
-1.54453
-1.54424
-1.54477
-1.54459
-1.54326
-1.53936
-1.53741
-1.53573
-1.53558
-1.53763
-1.54003
-1.54419
-1.54737
-1.54938
-1.55097
-1.55251
-1.55405
-1.55288
-1.55047
-1.54962
-1.54701
-1.54455
-1.54191
-1.54024
-1.53973
-1.54132
-1.54197
-1.54316
-1.54289
-1.54311
-1.54169
-1.54147
-1.5416
-1.54159
-1.5421
-1.54169
-1.54195
-1.54131
-1.53975
-1.53906
-1.53874
-1.53864
-1.53969
-1.54121
-1.54191
-1.54177
-1.54197
-1.5426
-1.54333
-1.54402
-1.54381
-1.54493
-1.54524
-1.54694
-1.54946
-1.54808
-1.5478
-1.54531
-1.54229
-1.53785
-1.53634
-1.53486
-1.53576
-1.53563
-1.53737
-1.53864
-1.54048
-1.54147
-1.54324
-1.54365
-1.54497
-1.54815
-1.55045
-1.55055
-1.54922
-1.54721
-1.54448
-1.54193
-1.54063
-1.54048
-1.5376
-1.53637
-1.53476
-1.53424
-1.53319
-1.5353
-1.53825
-1.53929
-1.54181
-1.54314
-1.54452
-1.54498
-1.54578
-1.54432
-1.54535
-1.54455
-1.54375
-1.54186
-1.54231
-1.54255
-1.54163
-1.54132
-1.54069
-1.54148
-1.54056
-1.54023
-1.53821
-1.53753
-1.53817
-1.5398
-1.54229
-1.54268
-1.54356
-1.54277
-1.54209
-1.54186
-1.53928
-1.53817
-1.53751
-1.53706
-1.53811
-1.5398
-1.54183
-1.54317
-1.54166
-1.54163
-1.53998
-1.53983
-1.53765
-1.53708
-1.53603
-1.53543
-1.53561
-1.53731
-1.5401
-1.54216
-1.54438
-1.54443
-1.54406
-1.54356
-1.54309
-1.54296
-1.54232
-1.54196
-1.54059
-1.53898
-1.54016
-1.54353
-1.54779
-1.54978
-1.54937
-1.54581
-1.54317
-1.54137
-1.53975
-1.54036
-1.54223
-1.54283
-1.54326
-1.54451
-1.54493
-1.54343
-1.54077
-1.53934
-1.53996
-1.54173
-1.54283
-1.54459
-1.54506
-1.54452
-1.54317
-1.54202
-1.53989
-1.53858
-1.53965
-1.54174
-1.54405
-1.54576
-1.54682
-1.54748
-1.54767
-1.54767
-1.54633
-1.54676
-1.54347
-1.54322
-1.54228
-1.54146
-1.54028
-1.54066
-1.54192
-1.54067
-1.53987
-1.5405
-1.54033
-1.53833
-1.53635
-1.53529
-1.53526
-1.53615
-1.53706
-1.53807
-1.53895
-1.54039
-1.53972
-1.54033
-1.54
-1.54084
-1.54051
-1.54155
-1.54151
-1.54291
-1.54246
-1.54051
-1.53842
-1.53926
-1.54131
-1.54241
-1.54472
-1.54428
-1.54296
-1.53926
-1.5373
-1.53507
-1.53364
-1.53489
-1.53884
-1.54293
-1.54524
-1.54571
-1.54444
-1.54361
-1.54334
-1.54124
-1.53951
-1.5388
-1.53804
-1.53834
-1.53935
-1.54007
-1.54077
-1.54046
-1.54073
-1.54239
-1.54565
-1.54554
-1.54368
-1.54186
-1.54037
-1.5385
-1.53671
-1.53718
-1.53908
-1.54115
-1.54249
-1.54162
-1.54198
-1.53997
-1.53827
-1.53694
-1.53666
-1.53737
-1.53854
-1.5398
-1.54156
-1.54332
-1.54498
-1.54572
-1.54445
-1.54447
-1.5451
-1.54534
-1.54559
-1.54661
-1.54568
-1.54478
-1.54386
-1.54264
-1.53954
-1.53818
-1.53935
-1.53974
-1.54176
-1.54351
-1.54517
-1.54561
-1.54406
-1.54198
-1.5416
-1.54301
-1.54389
-1.544
-1.54495
-1.54622
-1.54649
-1.54597
-1.54498
-1.54464
-1.54479
-1.54508
-1.54388
-1.54283
-1.54318
-1.54319
-1.54367
-1.54311
-1.54296
-1.5424
-1.54323
-1.54349
-1.54387
-1.5426
-1.54186
-1.54318
-1.54304
-1.54242
-1.54369
-1.54344
-1.543
-1.5418
-1.54254
-1.54187
-1.54141
-1.54161
-1.54092
-1.54106
-1.54013
-1.53891
-1.53873
-1.53847
-1.5385
-1.53804
-1.5357
-1.53466
-1.53576
-1.53967
-1.54401
-1.54631
-1.5458
-1.54454
-1.5429
-1.5422
-1.54252
-1.54448
-1.54614
-1.54663
-1.54526
-1.54458
-1.5433
-1.54246
-1.54477
-1.54446
-1.54565
-1.54599
-1.54564
-1.54359
-1.5413
-1.54094
-1.54051
-1.5405
-1.54046
-1.5413
-1.54215
-1.5425
-1.54244
-1.54204
-1.54269
-1.54356
-1.54342
-1.54452
-1.54479
-1.54409
-1.54232
-1.54202
-1.54162
-1.54241
-1.54395
-1.54389
-1.54417
-1.54545
-1.54447
-1.54401
-1.54362
-1.54374
-1.54369
-1.5434
-1.54096
-1.53984
-1.53671
-1.53702
-1.53686
-1.53784
-1.54078
-1.54293
-1.54477
-1.54404
-1.54127
-1.53848
-1.53778
-1.53741
-1.53901
-1.54036
-1.54106
-1.54152
-1.5432
-1.54421
-1.5433
-1.54249
-1.54227
-1.54211
-1.54433
-1.54549
-1.54586
-1.54407
-1.54374
-1.5448
-1.54536
-1.5451
-1.5454
-1.54623
-1.54874
-1.55009
-1.54986
-1.5502
-1.55003
-1.55062
-1.54966
-1.54965
-1.5474
-1.54457
-1.54242
-1.54001
-1.54127
-1.54204
-1.54227
-1.54139
-1.53926
-1.53879
-1.53989
-1.54227
-1.54478
-1.54645
-1.54701
-1.54769
-1.5472
-1.54745
-1.54799
-1.5452
-1.54348
-1.54227
-1.54359
-1.54391
-1.54562
-1.5466
-1.54566
-1.5438
-1.54131
-1.53903
-1.53834
-1.53952
-1.54352
-1.54578
-1.54792
-1.54807
-1.55078
-1.55154
-1.55271
-1.55145
-1.55032
-1.54766
-1.54588
-1.54514
-1.54355
-1.54297
-1.54378
-1.54578
-1.54652
-1.54718
-1.54835
-1.54872
-1.54944
-1.55069
-1.55101
-1.55129
-1.54929
-1.54676
-1.54415
-1.54247
-1.54084
-1.5394
-1.53956
-1.53959
-1.54091
-1.54356
-1.54476
-1.54584
-1.5467
-1.5471
-1.54652
-1.54531
-1.54527
-1.54374
-1.53945
-1.53896
-1.53713
-1.53705
-1.53848
-1.54129
-1.54375
-1.54565
-1.54904
-1.55209
-1.55391
-1.55147
-1.54849
-1.54496
-1.54429
-1.54154
-1.54063
-1.54132
-1.54147
-1.54279
-1.54386
-1.54659
-1.54778
-1.54727
-1.54752
-1.54682
-1.54503
-1.54328
-1.54284
-1.54216
-1.54154
-1.5421
-1.54331
-1.5445
-1.54667
-1.54595
-1.5456
-1.54318
-1.53967
-1.53675
-1.53561
-1.53725
-1.53747
-1.53887
