-0.043235
-0.04269
-0.0417627
-0.0403929
-0.0385566
-0.0361837
-0.0332399
-0.0296498
-0.0253818
-0.0204291
-0.0148821
-0.00894219
-0.00299725
0.00252984
0.00726901
0.0109719
0.0135606
0.015129
0.0158154
0.0158364
0.015442
0.0148275
0.0141915
0.0136924
0.0133884
0.0133094
0.0133527
0.0134249
0.0133398
0.0130655
0.0126733
0.012251
0.0119182
0.0116939
0.0116115
0.0116721
0.0118551
0.0121245
0.0124718
0.0128391
0.0131846
0.0134657
0.0136577
0.0138292
0.0140059
0.0142846
0.0147074
0.0152852
0.0159939
0.0167662
0.0174871
0.0180653
0.0184435
0.0185984
0.0185794
0.0184968
0.0184649
0.0185967
0.0188882
0.0193085
0.0198328
0.0204049
0.0208968
0.0212707
0.0214351
0.0212065
0.0205197
0.0194492
0.0180872
0.0166244
0.0152062
0.0139518
0.0128847
0.0120147
0.0113835
0.0109956
0.0108776
0.0110444
0.0114896
0.012159
0.013022
0.0139811
0.0149391
0.0158389
0.016608
0.017206
0.017587
0.0177465
0.0176687
0.0174662
0.0171657
0.0168904
0.0166948
0.016636
0.0166531
0.0167319
0.0168276
0.0168913
0.0169747
0.0170616
0.0171613
0.0172123
0.0172037
0.0171253
0.0170259
0.0169155
0.0168562
0.0168717
0.0169488
0.017033
0.0170122
0.0168615
0.0165711
0.0162087
0.01576
0.0152457
0.0145753
0.0137818
0.01294
0.0121939
0.0115856
0.0111998
0.0110348
0.0110913
0.0113786
0.0118722
0.0124799
0.0131214
0.0136868
0.0141792
0.0146049
0.0150081
0.0153882
0.015804
0.0162575
0.0167638
0.0173198
0.0178642
0.0183647
0.0187487
0.0189918
0.019117
0.0191858
0.0192322
0.0192724
0.0193053
0.0193186
0.019303
0.0192379
0.0191506
0.0190647
0.0189976
0.0189422
0.0189315
0.0189942
0.0191661
0.019415
0.0196664
0.0198126
0.0197882
0.0195627
0.0191356
0.0185823
0.018013
0.0175161
0.0171604
0.0170058
0.0170517
0.0172894
0.0177111
0.0182827
0.019024
0.0198752
0.020783
0.0216802
0.0224503
0.0230038
0.0233212
0.0234131
0.0233371
0.0231393
0.0229091
0.022656
0.0223826
0.0220662
0.021722
0.0213456
0.0209367
0.0205333
0.0201222
0.0197661
0.0194703
0.0192576
0.0191368
0.0190546
0.0190491
0.0190834
0.0191491
0.0192719
0.0194075
0.0195709
0.0197286
0.0198518
0.0199395
0.0200102
0.0200407
0.0200782
0.0201464
0.0202591
0.0203947
0.0205675
0.0207038
0.0208056
0.0208667
0.0208735
0.0208568
0.0207968
0.0207283
0.0206855
0.0206688
0.0207195
0.0208225
0.020969
0.0211211
0.0212506
0.0213277
0.021388
0.0214089
0.0214071
0.0214007
0.0214401
0.0215365
0.0217575
0.0221331
0.0226591
0.023225
0.0236854
0.0238941
0.0237068
0.023135
0.0222402
0.0211068
0.0198581
0.0186041
0.017464
0.0165256
0.0159025
0.0155986
0.0156291
0.0158905
0.0163977
0.0170372
0.0177657
0.0184962
0.0191933
0.0197356
0.020055
0.0200928
0.0198008
0.0192172
0.0184416
0.0176312
0.016929
0.0164602
0.0162981
0.0164447
0.0168434
0.0173799
0.0179154
0.0183273
0.0185948
0.0187178
0.0187289
0.0186581
0.0185591
0.018461
0.0183621
0.0182843
0.0181983
0.0180714
0.0179223
0.0177242
0.0174716
0.0171567
0.0168478
0.0165936
0.0164098
0.0163715
0.0165115
0.0168166
0.0172457
0.0177327
0.0181984
0.0185657
0.0187964
0.0189168
0.0189124
0.0188336
0.0186941
0.0184984
0.0182726
0.0180222
0.017736
0.0174158
0.0170102
0.0165695
0.0161094
0.0156675
0.0153152
0.0150699
0.014979
0.0150464
0.0152763
0.0156506
0.0160772
0.0165006
0.0168262
0.0169899
0.0169607
0.0167299
0.0163996
0.0160804
0.0158895
0.015945
0.0162851
0.0169325
0.0178296
0.0188609
0.0197488
0.0202664
0.020322
0.0200872
0.0197451
0.0194781
0.019356
0.019391
0.0195394
0.0197213
0.0198937
0.0200172
0.0200819
0.0200795
0.0199894
0.0198121
0.0195015
0.0190841
0.0185965
0.0181099
0.0177305
0.0175015
0.0174667
0.0175607
0.0176667
0.0176542
0.0174339
0.0170057
0.0163992
0.0157299
0.0151035
0.0146269
0.014336
0.014259
0.0143527
0.014612
0.0149476
0.0152438
0.0154504
0.015511
0.0153761
0.015024
0.014542
0.0139524
0.0133616
0.0128804
0.0125623
0.0124338
0.0124642
0.0125964
0.0127476
0.0128141
0.0127285
0.0125082
0.0122398
0.0119913
0.0118412
0.0118445
0.011998
0.0122581
0.0126176
0.0129871
0.0133646
0.0137764
0.0142295
0.0147609
0.0153267
0.0158684
0.0162797
0.0165373
0.0166559
0.0166489
0.0165811
0.0164928
0.0164231
0.0163158
0.0161766
0.0159798
0.0156908
0.0153209
0.0149321
0.0145245
0.0141563
0.0138953
0.0137624
0.0137905
0.0139343
0.014175
0.0144634
0.0147309
0.0149546
0.0151098
0.015216
0.0152879
0.0153627
0.0154671
0.0156367
0.0158825
0.0161878
0.0164573
0.0166119
0.0165745
0.0162922
0.0157797
0.0150869
0.0142509
0.0133566
0.0124985
0.0117499
0.0111507
0.0107164
0.0105144
0.0105519
0.0108119
0.0112781
0.0119029
0.0125857
0.0132249
0.0137794
0.0142755
0.0146714
0.0149712
0.0151869
0.0152811
0.0153126
0.0153037
0.0153612
0.015494
0.0157044
0.0159167
0.0161027
0.0161785
0.0161168
0.0159455
0.0157176
0.0154694
0.0153077
0.0152925
0.0154568
0.0157923
0.0162714
0.0168382
0.0174102
0.0179191
0.0182932
0.0184983
0.0185324
0.0184341
0.0182192
0.0179704
0.0176767
0.0173723
0.0170957
0.0168724
0.0167316
0.0167596
0.016991
0.0174796
0.0182142
0.0191134
0.0200927
0.0209868
0.0216536
0.0220186
0.0220461
0.0218167
0.0213772
0.0208226
0.0202079
0.0195918
0.0190256
0.0185437
0.0181788
0.0179538
0.0178688
0.0179033
0.0180348
0.01827
0.0185827
0.0189497
0.0193666
0.0198165
0.0202497
0.0206232
0.020887
0.0209336
0.020687
0.0201254
0.0193042
0.0183
0.0172332
0.0162538
0.0154705
0.0149134
0.0146077
0.0144862
0.0144894
0.0145342
0.0145864
0.0146395
0.0147353
0.0148752
0.0150508
0.0152113
0.0152593
0.0151363
0.0148806
0.0145408
0.0141954
0.0139254
0.0137526
0.0136913
0.0136732
0.0137104
0.0138095
0.0139679
0.0141785
0.0144724
0.014829
0.0152016
0.0155753
0.015887
0.0160474
0.0160321
0.0158463
0.0154787
0.0149611
0.0143396
0.0136972
0.0130718
0.0125496
0.0121623
0.0119649
0.011959
0.0121035
0.012392
0.0127156
0.0130271
0.0132921
0.0134617
0.0135528
0.0135992
0.0135932
0.013546
0.0134454
0.0132489
0.0129167
0.0124545
0.0119122
0.0113277
0.0107977
0.0104259
0.0102686
0.010447
0.0109512
0.0117883
0.0129154
0.0142295
0.0156162
0.0169699
0.0182484
0.0194363
0.0205031
0.0214517
0.022222
0.0227634
0.0230108
0.022975
0.0226482
0.0220396
0.0212057
0.0201948
0.0190554
0.0178955
0.0168195
0.0159022
0.0151912
0.0146546
0.0143129
0.0141185
0.0140807
0.0141489
0.0142666
0.0143502
0.0143683
0.0142825
0.0140888
0.0138177
0.013482
0.0131829
0.0129436
0.0128023
0.0127664
0.0127916
0.0128288
0.0127825
0.012629
0.0123287
0.0119272
0.011486
0.0110984
0.0108472
0.0107344
0.010748
0.0109261
0.0112238
0.0116206
0.0121183
0.0126881
0.0133324
0.0140185
0.0147631
0.0155002
0.0162694
0.0170709
0.017856
0.018619
0.0193717
0.0201676
0.0210221
0.0219098
0.0227009
0.0231467
0.0230859
0.0225379
0.0216441
0.0206374
0.0196563
0.0188404
0.0182492
0.0178659
0.0176674
0.0176355
0.0177289
0.0179448
0.0182591
0.0186786
0.0191538
0.0195864
0.0198711
0.0199809
0.0199094
0.0197311
0.0194971
0.0192371
0.0189199
0.0186048
0.0182708
0.0179707
0.0177297
0.0175489
0.017396
0.0172238
0.0169859
0.0167074
0.0163895
0.01601
0.0156371
0.0152429
0.0149185
0.0146423
0.0144721
0.01445
0.0145729
0.0148014
0.0151223
0.0155009
0.0159065
0.0163784
0.0170153
0.0178016
0.0188185
0.0199986
0.0213151
0.0226315
0.0238103
0.024693
0.0252181
0.0253963
0.0252915
0.0250722
0.0248536
0.0246915
0.0246245
0.024623
0.0246877
0.0247319
0.0246664
0.0244331
0.0240683
0.0236378
0.0232231
0.0228883
0.0226674
0.0225869
0.0225649
0.0225723
0.022556
0.0224824
0.022339
0.0221227
0.0218959
0.021648
0.0213867
0.0211351
0.0208521
0.0205917
0.0203751
0.0202524
0.0202097
0.0202364
0.0202882
0.0202694
0.0201205
0.0197817
0.0192499
0.0186169
0.0179621
0.0174127
0.0170342
0.0167777
0.0165746
0.0163531
0.0160753
0.0157348
0.015372
0.0150568
0.0148526
0.0147713
0.0148013
0.0149578
0.0152734
0.0157765
0.0164285
0.0172153
0.0180036
0.0186439
0.0190116
0.0190904
0.0189322
0.0186683
0.0184406
0.0183384
0.018404
0.0186064
0.0189074
0.019268
0.0196486
0.0200189
0.0203564
0.0206493
0.0208698
0.0210473
0.0211827
0.0212655
0.0212636
0.0210603
0.0206481
0.0200104
0.0192054
0.0183239
0.0174565
0.0165927
0.0157154
0.0148528
0.0140422
0.0133481
0.0127983
0.0124402
0.0122727
0.0123017
0.0125509
0.0129626
0.0135259
0.0141881
0.0148752
0.0155405
0.0161779
0.0167579
0.0172951
0.0177817
0.0182372
0.0186472
0.0190607
0.0194791
0.0198739
0.0202039
0.0204462
0.020597
0.0206827
0.0207401
0.0207805
0.0208045
0.0207838
0.020712
0.0205066
0.0201521
0.0196444
0.019039
0.0183955
0.017812
0.0173519
0.0170521
0.0169311
0.0170011
0.0172747
0.0177161
0.0182728
0.0189316
0.0195697
0.0201029
0.0204309
0.020538
0.0204211
0.0201127
0.0196685
0.0191744
0.0186597
0.0182044
0.0178552
0.0176335
0.0176339
0.0178685
0.0183375
0.0190147
0.019912
0.0209444
0.0220589
0.023115
0.0239981
0.0245796
0.0248558
0.0248242
0.0245161
0.024013
0.0233402
0.0225218
0.0216439
0.0207725
0.0200008
0.0193623
0.0188901
0.0186358
0.0185623
0.0186446
0.0188127
0.0190149
0.0191756
0.0191997
0.0190622
0.0187909
0.0184036
0.0180001
0.0176277
0.0173886
0.0173103
0.0173924
0.0175933
0.0178542
0.0181088
0.0183067
0.0184505
0.0185888
0.0187175
0.0188514
0.0189718
0.0189807
0.0188139
0.0184147
0.0178302
0.0171475
0.0165004
0.0159698
0.0156219
0.0154848
0.0155111
0.0156225
0.0157162
0.0157125
0.0155147
0.0151231
0.0145831
0.0139622
0.0133105
0.0127027
0.012145
0.0116841
0.0113746
0.0112492
0.0113607
0.0117134
0.0123159
0.0131349
0.0141504
0.0153008
0.0165123
0.0177299
0.0188197
0.0196689
0.0201703
0.0202973
0.0200541
0.0196081
0.0191157
0.0187447
0.0185373
0.0184583
0.0184744
0.0185006
0.0184574
0.0182931
0.018036
0.0177067
0.0173592
0.0170617
0.0168762
0.0168584
0.0170201
0.0173916
0.0179164
0.018507
0.019074
0.0195686
0.0199634
0.0202203
0.0203649
0.0203843
0.0201962
0.0198308
0.0193113
0.0187267
0.0181357
0.0176037
0.0171308
0.0167235
0.0163959
0.0161203
0.0159094
0.0157356
0.0156539
0.0156779
0.0157958
0.0160308
0.0163963
0.016879
0.0174045
0.017883
0.0182017
0.0182948
0.0182126
0.0180592
0.0178875
0.0176982
0.0174333
0.0170299
0.0165061
0.0159012
0.0152886
0.0147312
0.0143256
0.0141057
0.0141144
0.0143496
0.0147822
0.015364
0.0160061
0.0166205
0.0171319
0.0174672
0.0175982
0.0175635
0.0174232
0.0237492
0.0242994
0.0254482
0.027164
0.0294342
0.0322571
0.0355035
0.0390557
0.0426664
0.0459646
0.0485598
0.0502593
0.0512168
0.0517393
0.0521057
0.0523447
0.0523135
0.0517988
0.0506443
0.0489516
0.0469849
0.0450824
0.0435211
0.0425253
0.0421919
0.0425626
0.043575
0.0449608
0.0462495
0.0468644
0.0465719
0.0456672
0.044566
0.0435282
0.0425828
0.0417417
0.0411726
0.0411227
0.0418298
0.0432261
0.0450301
0.0467195
0.0478982
0.0484162
0.0483938
0.0481695
0.0479712
0.0479546
0.0481155
0.0483322
0.0484475
0.0482849
0.0476954
0.0466864
0.0453672
0.0439473
0.0425863
0.0414885
0.0407172
0.040371
0.0403988
0.04069
0.0410969
0.0415605
0.0420923
0.0427497
0.0434394
0.0438997
0.0438248
0.0431324
0.0420311
0.0407247
0.0393916
0.0380998
0.0369354
0.0360414
0.035568
0.035587
0.036086
0.0369197
0.0379625
0.0390904
0.040226
0.0412938
0.042277
0.0431184
0.0438037
0.0443367
0.0447198
0.0450048
0.0452385
0.0454822
0.0457003
0.0458785
0.0460146
0.0459632
0.0456258
0.0448925
0.0437914
0.042441
0.0410172
0.039707
0.0386353
0.0379125
0.0375687
0.037587
0.0379228
0.0384876
0.0392149
0.040068
0.0410869
0.0423107
0.0437662
0.0454256
0.0470834
0.0485477
0.0496986
0.0504489
0.0507961
0.0507756
0.0503487
0.0494892
0.0481948
0.0466042
0.0449323
0.0433835
0.0421878
0.0414021
0.0410374
0.0408997
0.040725
0.0403293
0.0398243
0.039449
0.0394028
0.0397528
0.040393
0.0411792
0.0419686
0.042549
0.0428285
0.0427996
0.0425968
0.0423069
0.0419414
0.041497
0.040991
0.0404306
0.0399807
0.0397234
0.03974
0.0399868
0.0403304
0.0405524
0.0404627
0.0400948
0.0396027
0.0392616
0.0392309
0.0395563
0.0402247
0.0411362
0.042192
0.0432137
0.0438846
0.0439357
0.0434668
0.0428164
0.0422109
0.0416881
0.0411467
0.040622
0.0401347
0.0397779
0.0395659
0.0395568
0.0398051
0.0402643
0.04079
0.041334
0.0419935
0.0429416
0.0442038
0.0455538
0.0465607
0.0469432
0.0467307
0.0461209
0.0452179
0.0440807
0.0428032
0.0415088
0.0403261
0.0392764
0.0383562
0.0374275
0.0364221
0.0353255
0.0342762
0.0335167
0.033205
0.033429
0.0340941
0.0349858
0.0357932
0.036289
0.0363859
0.0362932
0.0361897
0.0362877
0.0367525
0.0376358
0.0388655
0.0402159
0.041432
0.042255
0.0425161
0.0421584
0.0412562
0.0400143
0.0386611
0.0374572
0.0366322
0.0363346
0.0366151
0.0373281
0.0383408
0.0394362
0.0404924
0.0414611
0.0423687
0.0432255
0.0439632
0.0445857
0.0449603
0.0449311
0.044371
0.0433592
0.0422142
0.0412727
0.0407224
0.040713
0.0413093
0.0423043
0.043482
0.0445284
0.0452181
0.0454763
0.0453646
0.0450727
0.0448406
0.0447617
0.0448923
0.0450674
0.0450575
0.0445601
0.0432895
0.0413797
0.0393629
0.0377575
0.0367432
0.0361946
0.0359148
0.0357269
0.0355728
0.0354322
0.0353524
0.0353565
0.0354002
0.0353845
0.035208
0.034851
0.0343753
0.0338292
0.0333249
0.0328476
0.0324451
0.0320916
0.0318194
0.0316957
0.0317481
0.0320264
0.0326297
0.0335812
0.0348834
0.0364366
0.0379552
0.0390776
0.0394831
0.0390073
0.0377661
0.0360422
0.0341897
0.0324437
0.0310161
0.03002
0.0295866
0.029765
0.0304878
0.0315579
0.0327591
0.0339321
0.0350565
0.0362395
0.0375678
0.0391134
0.0408368
0.0425305
0.0437564
0.0441455
0.043464
0.0418296
0.039714
0.0376205
0.0359249
0.0348516
0.0343879
0.0344842
0.0349496
0.0356401
0.0364775
0.0373907
0.0383491
0.0394173
0.0405026
0.0414951
0.0422413
0.0425678
0.0423648
0.0416067
0.0405249
0.0393341
0.0382948
0.0374962
0.0370118
0.0368173
0.0368276
0.0369116
0.0369799
0.0369211
0.0367308
0.0363694
0.0358611
0.0352447
0.034581
0.0340111
0.0336216
0.0334694
0.0336052
0.0340299
0.0346628
0.0354369
0.0362037
0.036903
0.0375373
0.0381538
0.0388428
0.0395645
0.0403095
0.0409392
0.0412892
0.0412763
0.0409229
0.0402709
0.0395046
0.0386745
0.0378572
0.0370441
0.0361516
0.0351112
0.0339159
0.0326803
0.031583
0.0308625
0.0306633
0.0309134
0.0313818
0.0317624
0.0319248
0.0318861
0.0318582
0.0321209
0.0329393
0.0343265
0.0360421
0.0375616
0.0383786
0.0383556
0.0378129
0.0373312
0.0373324
0.0378841
0.0387272
0.0393583
0.0394193
0.0388759
0.0379216
0.0367954
0.0357776
0.0349922
0.0344268
0.0340606
0.0339129
0.0340715
0.0346193
0.0355265
0.036712
0.038031
0.0393892
0.0408149
0.0423195
0.0438133
0.0450853
0.0458938
0.0459968
0.0454289
0.0443247
0.0429049
0.0414649
0.0401729
0.0391579
0.0384551
0.0379885
0.0376876
0.0374726
0.0373979
0.0375057
0.0378279
0.038272
0.0386562
0.0387054
0.0382942
0.0374564
0.0363622
0.0351885
0.0341749
0.0335235
0.0333501
0.0337287
0.0345458
0.0355563
0.0364033
0.0368674
0.0369423
0.0368282
0.0367004
0.0367138
0.036881
0.0372224
0.0376462
0.0380237
0.0382659
0.0383888
0.038439
0.0384987
0.0386665
0.0389588
0.0393042
0.0396121
0.0397561
0.0397708
0.0396758
0.0396225
0.0397727
0.0402124
0.0409566
0.0418575
0.0427025
0.0432747
0.0434302
0.0430243
0.0420719
0.0407976
0.0395997
0.0388566
0.0387063
0.039103
0.0398371
0.040668
0.041397
0.0419345
0.0423627
0.0426852
0.0428782
0.0427569
0.0422543
0.0414138
0.040407
0.0394564
0.0386922
0.0381925
0.0380045
0.0380608
0.0383136
0.0386825
0.0391139
0.0396342
0.0401295
0.0405673
0.0407913
0.040723
0.0403217
0.0396064
0.0386929
0.037792
0.0370687
0.0367348
0.0369133
0.0376454
0.038811
0.0402168
0.0415888
0.0426926
0.0435058
0.0441386
0.0446997
0.0451628
0.0453559
0.0452183
0.0447538
0.0440239
0.0431399
0.0421621
0.0410496
0.0399441
0.0390356
0.0384796
0.0383898
0.0387152
0.0392868
0.0399229
0.0404098
0.0407476
0.0409291
0.0410699
0.0410737
0.0409081
0.0405066
0.0400033
0.039627
0.0395906
0.0400061
0.0409229
0.0423061
0.043931
0.0455025
0.0466876
0.0471201
0.0466553
0.0453973
0.0437163
0.042082
0.0408748
0.0403207
0.0403623
0.040794
0.0412601
0.0415155
0.0414903
0.0412839
0.0410416
0.0409643
0.0411291
0.041549
0.0421626
0.0428002
0.0433043
0.0435484
0.043486
0.0431691
0.0425828
0.0416777
0.0404071
0.0388084
0.0369905
0.0352126
0.0337258
0.032766
0.0324789
0.0327833
0.03347
0.0342725
0.0350071
0.0356811
0.0364627
0.0374645
0.0386121
0.0398453
0.0411827
0.0425106
0.0434617
0.0437444
0.0433246
0.0425025
0.0416705
0.0410086
0.0407216
0.0409019
0.0415872
0.0427628
0.0442669
0.0456657
0.0464353
0.0462244
0.0451708
0.0437934
0.0425828
0.0418288
0.0416503
0.0420369
0.0429174
0.0441533
0.0455262
0.0469139
0.0480534
0.0487471
0.0489051
0.0484912
0.0476103
0.0463736
0.0450043
0.0436882
0.0425988
0.041914
0.0417438
0.0421633
0.0431125
0.0444104
0.0457801
0.046842
0.0474229
0.0475091
0.0472323
0.0467721
0.0462213
0.0455875
0.0449423
0.044378
0.0440466
0.0439851
0.0441267
0.0443468
0.0445511
0.0445825
0.0444141
0.0440723
0.0436012
0.0430808
0.0425806
0.0421219
0.0417052
0.0413157
0.0409725
0.0407178
0.0405652
0.0404801
0.0403807
0.0402289
0.0400498
0.039906
0.0398312
0.0398616
0.0399861
0.0402022
0.0404783
0.0407744
0.0410238
0.0411316
0.0410814
0.0408807
0.0406282
0.0404449
0.0403633
0.0404709
0.0407141
0.0410308
0.0412497
0.0411173
0.040519
0.0395653
0.038516
0.0375542
0.0367483
0.0359982
0.0352977
0.0346744
0.0342497
0.0341365
0.0343185
0.0346066
0.0347224
0.0346368
0.034606
0.0347696
0.0350756
0.0355014
0.0360576
0.0368455
0.0379453
0.0393795
0.0409706
0.0424969
0.0436072
0.0441427
0.0443318
0.0445432
0.0450193
0.0457881
0.0465846
0.0470477
0.0470196
0.0466564
0.0462515
0.0460966
0.0462411
0.0464888
0.046426
0.0456981
0.0442303
0.0421565
0.0397671
0.0373669
0.0351906
0.0334666
0.0323958
0.0320651
0.03254
0.0337346
0.0354493
0.0373315
0.0390549
0.0403402
0.0410541
0.0412667
0.0410557
0.04066
0.0402005
0.0398523
0.0396421
0.0396004
0.0396257
0.0395705
0.0393074
0.038817
0.0381266
0.0374261
0.036827
0.0364443
0.036346
0.0366346
0.0373926
0.0385767
0.0400802
0.0416607
0.0430292
0.043926
0.0442249
0.0439691
0.0433003
0.0423331
0.0411409
0.0398271
0.0385587
0.0375182
0.0368948
0.0366534
0.0365849
0.0363553
0.035913
0.0355867
0.0355633
0.0358785
0.036401
0.0369745
0.0375373
0.0380959
0.0386998
0.0394426
0.0402361
0.0409679
0.0414318
0.0415265
0.0412588
0.0407313
0.0401233
0.0396084
0.0392188
0.0389899
0.0389157
0.0389358
0.0389734
0.0389979
0.0390869
0.0392802
0.0395617
0.0398398
0.0400344
0.040071
0.039856
0.0394291
0.0388296
0.0382262
0.0377624
0.0375898
0.0377604
0.0382057
0.0387855
0.0392884
0.0395155
0.0393277
0.0387309
0.0379128
0.0371033
0.0364706
0.0361359
0.0361503
0.0365113
0.0372159
0.0381993
0.0393152
0.040413
0.0414003
0.0422067
0.042812
0.0431459
0.0430989
0.0425282
0.0414072
0.0398865
0.0382001
0.0365607
0.0351727
0.0340954
0.0333814
0.0330037
0.0329839
0.0333089
0.0339236
0.0347266
0.0355392
0.0362482
0.036817
0.0372723
0.037696
0.0382325
0.038814
0.0394031
0.0399742
0.0404692
0.0408297
0.0408548
0.0402799
0.0390555
0.0374425
0.0358421
0.0345497
0.0335931
0.0328994
0.032397
0.0320875
0.0319537
0.0319942
0.0321889
0.0324579
0.0326369
0.0326404
0.0323806
0.0320025
0.031735
0.0318553
0.0325007
0.0336863
0.0352058
0.0366765
0.0377801
0.0384577
0.0389473
0.0394008
0.0399297
0.0405762
0.0414074
0.042399
0.043389
0.0441914
0.044615
0.0447168
0.0446612
0.0446576
0.0447289
0.0447623
0.0445988
0.0441136
0.0433333
0.0424277
0.0415086
0.0406279
0.039788
0.0390527
0.0384793
0.0380471
0.0376225
0.0371123
0.0364698
0.035785
0.0352261
0.0350132
0.0352506
0.0359561
0.0371063
0.0385694
0.0402281
0.0419161
0.0435061
0.0449053
0.0460361
0.0467941
0.0471265
0.0470689
0.0467133
0.0462976
0.0459926
0.0458774
0.0460159
0.046368
0.0469062
0.0474854
0.0478587
0.0477628
0.0470482
0.0458158
0.044312
0.042861
0.0416777
0.0408838
0.040436
0.0401767
0.0400697
0.0400659
0.0401935
0.0404193
0.0406876
0.0409716
0.0412249
0.0414509
0.041534
0.0413856
0.0409442
0.0403313
0.0397541
0.0394322
0.0394022
0.0396217
0.0400469
0.0406414
0.0413704
0.0421429
0.0428432
0.0433171
0.0435137
0.043479
0.0433797
0.0433314
0.0433868
0.043489
0.0434804
0.0431345
0.0422817
0.0408734
0.039062
0.0371346
0.0353872
0.0341109
0.0335532
0.0338942
0.0352056
0.0374411
0.0404391
0.0438998
0.0473023
0.0500292
0.0514712
0.0514459
0.0501342
0.0479803
0.0455101
0.0431061
0.041016
0.0394026
0.038354
0.0378768
0.0379975
0.038504
0.0390381
0.0392516
0.0389221
0.0381365
0.0371377
0.0360809
0.0351666
0.0345268
0.0359899
0.0368334
0.0383632
0.0404908
0.0429324
0.0454158
0.0475934
0.0491533
0.0498923
0.0498945
0.0494049
0.0487262
0.0482004
0.0480163
0.0482987
0.0489691
0.0497967
0.0504248
0.0503974
0.0494894
0.0478973
0.0460045
0.0441392
0.0426075
0.0414827
0.0407925
0.0403969
0.0402497
0.0402335
0.0402427
0.0402285
0.0401974
0.0402779
0.0406369
0.0414665
0.0429279
0.0449651
0.0473407
0.0495781
0.0510165
0.0512155
0.0501054
0.0480074
0.0455051
0.0430709
0.041007
0.0395055
0.0386068
0.0382118
0.038226
0.0385812
0.0392794
0.0403445
0.0417954
0.0434991
0.0451701
0.0464675
0.0471162
0.0470029
0.0461072
0.0446449
0.0429456
0.0415398
0.0407296
0.0406105
0.0411501
0.0421765
0.043414
0.0445988
0.0455315
0.046185
0.0464904
0.0464057
0.0458758
0.0449215
0.043689
0.0424363
0.0414136
0.0408639
0.0409408
0.0416011
0.0426876
0.0439345
0.0450819
0.0459546
0.0465335
0.046908
0.0470811
0.0469719
0.0463922
0.0452905
0.0438011
0.042202
0.0407574
0.0395942
0.038733
0.0381109
0.0376782
0.0373909
0.0372968
0.0375918
0.0383828
0.0398111
0.041859
0.044258
0.0464802
0.0480749
0.0490265
0.0496523
0.0502255
0.0507781
0.0511701
0.0514155
0.0515696
0.0515954
0.0512652
0.0503336
0.0487623
0.0468382
0.0449581
0.0434295
0.0424013
0.0417601
0.0414195
0.0411847
0.0409682
0.0407797
0.0406584
0.0407089
0.0409597
0.041354
0.0417613
0.0421243
0.042518
0.0430314
0.043671
0.0444967
0.0454315
0.0464955
0.0476642
0.0489012
0.0502254
0.0515057
0.0526239
0.0533021
0.0532262
0.0521871
0.0502126
0.0476593
0.0449829
0.0426117
0.0408077
0.0396611
0.0391361
0.0391037
0.0393112
0.0395245
0.0395268
0.0392676
0.0387962
0.0383403
0.0381295
0.0383001
0.0389104
0.0398897
0.0411028
0.0424297
0.0437114
0.0447743
0.0454689
0.0456447
0.0454024
0.0449631
0.0446158
0.0444058
0.044318
0.0442238
0.0439756
0.043575
0.0430715
0.0426066
0.0423273
0.042399
0.0429319
0.0439169
0.0452469
0.046709
0.0480893
0.0492638
0.0502146
0.0509705
0.0515363
0.0517942
0.0514824
0.0504332
0.048608
0.046238
0.0437328
0.0414012
0.0394294
0.0378693
0.036696
0.0359587
0.0356869
0.0358882
0.0364835
0.037302
0.0381329
0.0387395
0.0390284
0.0389255
0.0385363
0.0379931
0.0374524
0.0370158
0.0368002
0.0368287
0.037082
0.0375453
0.0382455
0.039193
0.0403749
0.0417401
0.0431079
0.0442399
0.0449773
0.0453489
0.0456
0.0460491
0.046897
0.048125
0.0494841
0.0506523
0.0513433
0.0514611
0.0510336
0.0502833
0.0494933
0.0489909
0.048878
0.0491048
0.0494738
0.0497541
0.0497817
0.0495319
0.049177
0.04916
0.0497874
0.0510585
0.0526666
0.054259
0.0555193
0.0564647
0.0572975
0.0582192
0.0591993
0.0599963
0.0603671
0.0600821
0.0589298
0.056896
0.0542084
0.0514212
0.0491867
0.0478455
0.0475856
0.0482526
0.0494854
0.0508816
0.0520742
0.0529629
0.0536918
0.0544691
0.0554026
0.0562609
0.0567994
0.0569684
0.0565609
0.0552683
0.0534557
0.0517267
0.0504304
0.0494916
0.048677
0.0477811
0.0467256
0.0455048
0.0441505
0.0427648
0.041475
0.0403322
0.0394445
0.038835
0.0385624
0.0385719
0.0388501
0.0393048
0.0398621
0.0403686
0.0406901
0.0407797
0.040668
0.0405636
0.0406747
0.0412007
0.0422969
0.0439605
0.0459662
0.047911
0.0493666
0.0500985
0.0501826
0.0498114
0.0492008
0.048569
0.0480168
0.0475294
0.0470631
0.0465722
0.0460522
0.0455435
0.0451037
0.0447184
0.0443592
0.0439716
0.0435407
0.0430887
0.0426496
0.0422168
0.0417031
0.0411003
0.0405162
0.0402005
0.0404107
0.0411979
0.0423795
0.043705
0.0447899
0.045593
0.0461552
0.046681
0.0471824
0.0475406
0.0475321
0.0470279
0.0460252
0.0447291
0.0433913
0.0423253
0.0417218
0.0416235
0.041989
0.0426508
0.04344
0.0441456
0.0445921
0.0448216
0.0449744
0.0452885
0.0458748
0.0466745
0.0473355
0.0476082
0.047332
0.0466083
0.0456594
0.0447176
0.0438948
0.0432423
0.0427477
0.042422
0.0422936
0.0424318
0.0426747
0.042488
0.0414205
0.0397575
0.0382471
0.0373979
0.0373407
0.037998
0.039127
0.040557
0.0422312
0.04419
0.0463739
0.0483783
0.0494855
0.0495729
0.0492528
0.0490817
0.0492412
0.0496172
0.0499548
0.0500237
0.0496552
0.0488377
0.0477815
0.0466135
0.0455318
0.0445167
0.0436812
0.0431088
0.0428795
0.0429854
0.0433901
0.0439669
0.0446583
0.0453531
0.0459584
0.0463475
0.0465316
0.0466542
0.0469098
0.0473225
0.0478089
0.0482768
0.0486327
0.0487482
0.0485292
0.0479853
0.0472021
0.0463962
0.0457356
0.0453766
0.0453414
0.04553
0.0458261
0.0461536
0.0464109
0.0465933
0.0467517
0.0469952
0.0473541
0.0478075
0.0483296
0.0488908
0.0494903
0.05015
0.050807
0.0514881
0.0520719
0.0524643
0.0524252
0.0518217
0.050781
0.0496725
0.048842
0.0483898
0.0481725
0.0479515
0.0478014
0.047724
0.0477158
0.0476892
0.0475996
0.0475725
0.04781
0.0484985
0.049639
0.0510766
0.0525861
0.0538196
0.0545835
0.0547562
0.054391
0.053602
0.0526197
0.0516292
0.0507515
0.0500897
0.0496992
0.0496495
0.0499927
0.0507949
0.0519831
0.0534014
0.0547291
0.0556448
0.0559405
0.0556382
0.0549499
0.0540206
0.0530378
0.0520875
0.0512533
0.0505032
0.0498085
0.0491783
0.0486162
0.048212
0.0480246
0.0480007
0.0480321
0.0479465
0.0475783
0.0469233
0.0459936
0.0449168
0.0438484
0.0429924
0.0425399
0.0426018
0.043127
0.0440472
0.0451531
0.0462279
0.0470658
0.0475215
0.0476399
0.0476306
0.0477595
0.0481996
0.0490093
0.0500302
0.0510218
0.0516346
0.0516039
0.0510623
0.0503869
0.0497983
0.049289
0.0486225
0.0476443
0.046291
0.0447025
0.0430045
0.0414068
0.0401246
0.0392764
0.0388888
0.0389555
0.0393736
0.0401311
0.0411525
0.042422
0.0438127
0.045119
0.0461451
0.0466649
0.0466479
0.0461655
0.0454012
0.044487
0.0435534
0.042639
0.041787
0.0409945
0.0402761
0.0396507
0.0391671
0.0388553
0.0387537
0.0389061
0.0392943
0.0398857
0.0405806
0.041369
0.042175
0.0429974
0.0437398
0.0442695
0.0444116
0.0439954
0.0431016
0.0419334
0.0407127
0.039673
0.0389531
0.0386448
0.0388824
0.0397706
0.0413032
0.0433402
0.0455536
0.0475986
0.0493
0.0507472
0.0520709
0.0532835
0.0540774
0.0540083
0.0528805
0.0510347
0.0491336
0.0476741
0.0467902
0.0464125
0.0463844
0.0466496
0.0470582
0.0475218
0.0478483
0.0479098
0.047725
0.0474661
0.047435
0.0478297
0.0486925
0.0497038
0.050438
0.0506405
0.0504644
0.050223
0.0502376
0.0505505
0.0511255
0.0518081
0.0522459
0.0521399
0.0514838
0.0505046
0.049435
0.0483511
0.0473777
0.0465814
0.0460568
0.0458516
0.0459187
0.046088
0.0461497
0.0459206
0.0452918
0.0443916
0.0434377
0.0426011
0.0419256
0.0414048
0.0408796
0.0401966
0.0393181
0.038302
0.0374033
0.0369302
0.0371124
0.0379707
0.0393767
0.0410934
0.0428474
0.0444095
0.0456837
0.0466198
0.0471842
0.0473457
0.0470709
0.0463475
0.0452177
0.0438901
0.0426412
0.0417139
0.0412858
0.0414193
0.0420277
0.0428827
0.0437402
0.044397
0.0447805
0.044986
0.0452572
0.0458025
0.0467918
0.0481156
0.0495095
0.0504953
0.0506475
0.0499722
0.0489324
0.0480839
0.047701
0.0476761
0.0477585
0.0476219
0.0470695
0.0461766
0.045053
0.0439178
0.0428753
0.0420624
0.0414589
0.0409989
0.0406859
0.0405459
0.0407075
0.0412727
0.0422132
0.043512
0.0450906
0.0467034
0.0481815
0.0492181
0.0495896
0.0490269
0.0474969
0.0452846
0.0429045
0.0409055
0.039633
0.0391591
0.0392866
0.0397278
0.0402958
0.0408073
0.0411182
0.0412073
0.0410859
0.0407981
0.0403251
0.0396666
0.0388033
0.0378554
0.0370132
0.0365001
0.0364233
0.0367312
0.0373633
0.038091
0.0387182
0.0390515
0.0389956
0.0384927
0.0377561
0.0371251
0.036938
0.0372735
0.0380255
0.0389903
0.0398787
0.0405063
0.0408556
0.0410357
0.0411682
0.0413736
0.0417728
0.042452
0.0433198
0.0441433
0.0445455
0.0442903
0.043447
0.0423625
0.0413814
0.0407563
0.0406194
0.0409287
0.041585
0.0424014
0.0431901
0.043954
0.0446886
0.0454525
0.0461844
0.046769
0.0471348
0.0471259
0.0467393
0.0460636
0.0453174
0.0447865
0.0446104
0.0448489
0.0452485
0.0456242
0.0457589
0.0455619
0.0450342
0.0442853
0.0433618
0.0422934
0.0410983
0.0398604
0.0386913
0.0376726
0.0368778
0.0362643
0.0359047
0.0357927
0.0360815
0.0367897
0.0378923
0.0392913
0.0408096
0.042196
0.0432182
0.0437986
0.0440494
0.0441078
0.0441116
0.0441442
0.0442737
0.0445523
0.0449057
0.0452418
0.0453937
0.0452744
0.0448281
0.0442108
0.0436951
0.0435969
0.0440496
0.0449672
0.0461006
0.0470727
0.0476089
0.0476013
0.0471902
0.0464227
0.0453538
0.0439633
0.0423414
0.0406718
0.0391618
0.0379998
0.0372978
0.0372057
0.0377987
0.0391977
0.0413814
0.0440851
0.0468715
0.0490542
0.050151
0.050122
0.0491834
0.0475473
0.045532
0.0434566
0.0416711
0.0404401
0.0398723
0.0400341
0.0407491
0.0418609
0.0430539
0.0440418
0.0445555
0.0444687
0.0439297
0.0432304
0.0427366
0.0427091
0.0432317
0.0441812
0.0453514
0.0464243
0.047048
0.0470811
0.046501
0.0454445
0.0441096
0.0427635
0.0416185
0.0408567
0.040529
0.0406585
0.0412232
0.0420768
0.0431556
0.0443398
0.0455252
0.0466752
0.0478185
0.0489065
0.0497788
0.0502583
0.050284
0.0499219
0.0492867
0.0485565
0.0478938
0.0474239
0.047202
0.0472098
0.0474154
0.0477185
0.048056
0.0483282
0.0483391
0.0479598
0.0471146
0.0458567
0.0443751
0.0429717
0.0419114
0.0413225
0.0412736
0.0416376
0.0422325
0.0428148
0.0432884
0.0436903
0.0441488
0.0446731
0.0452251
0.0456709
0.0459951
0.046308
0.0467698
0.0474377
0.0482264
0.048856
0.0490198
0.0486155
0.0478699
0.047123
0.046657
0.0465839
0.0469779
0.0477724
0.0488812
0.0501068
0.0512796
0.0521263
0.0524164
0.0521284
0.0516633
0.0515284
0.0520008
0.0529714
0.0541401
0.0550498
0.0554026
0.0550981
0.0541972
0.0529096
0.0514127
0.0498239
0.0482529
0.0467116
0.0452626
0.0440363
0.0431868
0.0428474
0.0430773
0.0438406
0.0450119
0.0463376
0.0473921
0.0478111
0.0474633
0.0464999
0.0452397
0.0439725
0.0429084
0.0421754
0.0418515
0.0419704
0.0424322
0.0431015
0.0437621
0.0442446
0.0445468
0.0447775
0.0451195
0.0456232
0.0461906
0.046761
0.0473656
0.0481732
0.0492201
0.0503748
0.0512486
0.051485
0.0509119
0.049671
0.0481469
0.0466761
0.0454493
0.044338
0.0433246
0.0425294
0.0421229
0.0422095
0.0427035
0.0434831
0.0444075
0.0453407
0.0462599
0.0472458
0.0483731
0.0497166
0.0511775
0.0524609
0.053269
0.0534421
0.0531057
0.0524711
0.0517912
0.0511446
0.0506428
0.0502088
0.0496792
0.048848
0.0476163
0.0460672
0.0444735
0.0430637
0.0419877
0.0412452
0.04076
0.0404836
0.0413867
0.0414202
0.0414539
0.0415704
0.0418697
0.04238
0.0429167
0.0433874
0.0436705
0.0437505
0.0436759
0.0435833
0.043597
0.0438488
0.0443906
0.0452552
0.0463795
0.0476738
0.0490681
0.0505097
0.0518999
0.0531318
0.054029
0.0544861
0.05446
0.0540025
0.0533725
0.0528919
0.0528779
0.0534506
0.0545004
0.0556612
0.0563816
0.0561635
0.0549681
0.0532326
0.0515053
0.0501638
0.0494353
0.0493231
0.0496029
0.0501065
0.0506748
0.0512925
0.0519947
0.052801
0.0536265
0.0544053
0.054952
0.0551397
0.0548675
0.0540002
0.0525602
0.050738
0.0488709
0.0473471
0.0464541
0.0463584
0.0470801
0.0484848
0.0502702
0.051976
0.0531136
0.0533814
0.0527899
0.0516272
0.0502602
0.0490013
0.048013
0.0473845
0.0471285
0.0472224
0.0475206
0.0478839
0.0481425
0.0482253
0.0480397
0.0475493
0.0468422
0.0461909
0.0458096
0.0458849
0.0464573
0.0475515
0.0490614
0.0506679
0.0519048
0.0524271
0.0522036
0.0514947
0.0506565
0.0499208
0.0493621
0.048944
0.0485839
0.0482547
0.047983
0.0478635
0.0479534
0.0482667
0.0487048
0.0491191
0.0493815
0.0494487
0.049209
0.0484913
0.0470829
0.0450376
0.0427137
0.0404828
0.0386521
0.0374265
0.0369032
0.0371469
0.038114
0.0397261
0.0418467
0.0442195
0.046374
0.0477594
0.0479775
0.0470989
0.0455512
0.0437475
0.0419698
0.0404839
0.0395275
0.0392684
0.0397841
0.0410082
0.0427525
0.0447865
0.0470018
0.0492674
0.0515322
0.0535346
0.0549286
0.0554228
0.0551392
0.0544457
0.0535828
0.052514
0.0512182
0.0498011
0.0485404
0.0475816
0.0469125
0.0464006
0.045885
0.0451715
0.0442138
0.0432154
0.0424317
0.0421841
0.0426149
0.0437025
0.045174
0.0467804
0.0483027
0.0496643
0.0507655
0.0514075
0.051393
0.0506387
0.0492726
0.0476939
0.0463285
0.0454614
0.0452109
0.0454864
0.0460116
0.0464672
0.0465781
0.0462805
0.0456652
0.0449246
0.0443014
0.0438596
0.0435824
0.043452
0.0434796
0.0436958
0.0441139
0.0446992
0.0453951
0.0460947
0.046655
0.0469631
0.0469103
0.0465085
0.0459282
0.0453766
0.045081
0.0451158
0.0455085
0.0461599
0.0470303
0.048046
0.0490793
0.0498528
0.0500971
0.0495966
0.0484465
0.0469944
0.0457191
0.0449629
0.0448726
0.0453832
0.0462254
0.0470041
0.0474013
0.0473775
0.0470911
0.0467503
0.0463848
0.0459922
0.0455066
0.0449219
0.0442192
0.0434523
0.0426318
0.0417311
0.0408186
0.0399456
0.0391171
0.0383459
0.0377415
0.0374597
0.0377234
0.0387383
0.0405352
0.042859
0.0452932
0.0473642
0.0488311
0.04954
0.0495192
0.0488672
0.0476888
0.0461221
0.0445795
0.0435463
0.0432808
0.0438407
0.0449636
0.0462854
0.0473949
0.0479668
0.0479559
0.0474782
0.0467075
0.0458421
0.0449497
0.0440876
0.0432758
0.0425677
0.0420143
0.0416944
0.041606
0.0417162
0.041848
0.0418701
0.0416882
0.0413177
0.0409094
0.0406722
0.0407002
0.0409593
0.041313
0.0414857
0.0413261
0.0408116
0.040094
0.039383
0.0388716
0.0387383
0.0390483
0.0398481
0.0411497
0.0428792
0.0449363
0.0471085
0.0491657
0.0508934
0.0521698
0.0529528
0.0532451
0.0531599
0.0529301
0.0527166
0.0525853
0.0524338
0.0520824
0.0513555
0.050253
0.0488751
0.0475169
0.046361
0.0455009
0.0449333
0.044554
0.044314
0.0442373
0.0443878
0.0448202
0.0455601
0.0465764
0.0476623
0.0485794
0.0491639
0.0495354
0.0498894
0.0503922
0.0509939
0.0514689
0.0516232
0.0513221
0.0505701
0.0495835
0.0486493
0.0480962
0.0481579
0.0489322
0.0501584
0.051377
0.0520644
0.0518842
0.0508826
0.0492532
0.04729
0.0453896
0.0439219
0.0431984
0.0433748
0.0444148
0.046077
0.04813
0.0503151
0.0524072
0.0542034
0.0555308
0.0563776
0.0569798
0.0576037
0.0583991
0.0591552
0.0594031
0.0588133
0.0574459
0.0556624
0.0538904
0.0525433
0.0518301
0.0518677
0.0525445
0.0535289
0.0545513
0.0554663
0.0562998
0.0570129
0.057553
0.0578073
0.0575923
0.0569327
0.0558212
0.0544472
0.0529766
0.0516324
0.0506493
0.050189
0.0503395
0.0510577
0.0521886
0.0534375
0.0546197
0.0555526
0.0561583
0.0564013
0.0562944
0.0558465
0.0551307
0.0541917
0.0530878
0.0518335
0.0505565
0.0494156
0.0485231
0.0479721
0.0478242
0.0480378
0.0485698
0.0493009
0.0502211
0.0512276
0.052097
0.0525412
0.0523871
0.0516719
0.0506634
0.0497298
0.0489974
0.048384
0.0477301
0.0469727
0.0461703
0.0455258
0.0452177
0.0452951
0.045666
0.0461649
0.0466502
0.0470005
0.0472366
0.0473859
0.0476086
0.0480317
0.0488505
0.0501667
0.0518952
0.0538405
0.0554731
0.0563587
0.0561742
0.0550264
0.053348
0.0517005
0.0504685
0.0498219
0.0497983
0.0501882
0.0507802
0.0514599
0.0521791
0.0529595
0.0537633
0.0544161
0.0546811
0.0544984
0.0539809
0.0531863
0.0521202
0.0508081
0.0492612
0.0475131
0.0456481
0.0438335
0.0422777
0.0412518
0.0408964
0.0411623
0.0418172
0.042497
0.0429374
0.0431337
0.0431768
0.0432332
0.0434133
0.0437414
0.0443164
0.0452133
0.0464904
0.0479578
0.0491675
0.0496936
0.0494365
0.0487458
0.0477509
0.0465392
0.0452106
0.0439914
0.0430074
0.0423521
0.0419901
0.0418154
0.0416734
0.0416409
0.0418846
0.0425919
0.0438079
0.0453373
0.0468036
0.0478415
0.048221
0.0480041
0.0474166
0.0468127
0.04638
0.0462906
0.0466356
0.0474002
0.0484631
0.0495409
0.0502695
0.0504205
0.0500155
0.0491796
0.0481277
0.0470604
0.0461901
0.0456524
0.0454637
0.0455652
0.0459143
0.0464859
0.0473471
0.0485182
0.0499192
0.0513231
0.0524771
0.0532762
0.0537744
0.0540584
0.0541382
0.0539631
0.0534126
0.0525102
0.0513997
0.0503408
0.0496072
0.0494467
0.0499856
0.0512139
0.0529191
0.054804
0.0563822
0.0573026
0.0573028
0.0563524
0.0546263
0.0524409
0.0501253
0.0479781
0.0462383
0.0450424
0.044418
0.0443381
0.0446506
0.0450875
0.045443
0.0456162
0.045683
0.0457349
0.0458753
0.0461056
0.0463102
0.0464006
0.046304
0.0461171
0.0459762
0.0459934
0.046356
0.0470888
0.0481391
0.0493714
0.0504897
0.0513018
0.0517163
0.0517162
0.0514312
0.0509422
0.0503419
0.0496272
0.048652
0.0474891
0.0463597
0.0453975
0.0447317
0.0444642
0.0447273
0.0455509
0.0468877
0.0484889
0.0499972
0.0510237
0.0514426
0.0514791
0.0514633
0.0516356
0.0520445
0.0525451
0.0528303
0.0525095
0.0515394
0.0502932
0.0492131
0.0486104
0.0483283
0.0479707
0.0472746
0.0463156
0.0453769
0.0446634
0.0442178
0.0439786
0.0438668
0.0438666
0.0439998
0.0443079
0.0448532
0.0456696
0.0468027
0.0481204
0.0495576
0.0509935
0.0523376
0.0534186
0.0540179
0.053963
0.053234
0.0520158
0.0505512
0.0490351
0.0475618
0.0462164
0.0450739
0.0441214
0.0433842
0.042886
0.042693
0.0428267
0.0432502
0.0437896
0.0442764
0.044621
0.0448835
0.0450135
0.044948
0.0444662
0.0434563
0.0421076
0.0409187
0.0403425
0.0406035
0.0416296
0.0431489
0.0446824
0.0457827
0.0461988
0.0459827
0.0453288
0.0446263
0.0441366
0.0440832
0.0446055
0.0456693
0.0470079
0.0480962
0.0485022
0.0482854
0.0479343
0.0480437
0.0489319
0.0504913
0.0521726
0.0533788
0.0540346
0.0545268
0.0550488
0.0552846
0.0547118
0.0531101
0.050841
0.0485415
0.0466332
0.0452884
0.0445769
0.0443542
0.0444901
0.0447758
0.0450904
0.0454611
0.0461397
0.0473209
0.0490814
0.0512636
0.0535482
0.0556308
0.0572013
0.0581811
0.0585194
0.0582152
0.0573779
0.0561931
0.0548573
0.05355
0.0523563
0.0513793
0.0506193
0.0501713
0.0501309
0.0505978
0.0514243
0.0523425
0.0531481
0.0537979
0.0543549
0.0547998
0.0549671
0.0548392
0.0545915
0.0544744
0.0545775
0.0548059
0.054973
0.0548207
0.054294
0.0533773
0.0521908
0.0509505
0.0498871
0.0491845
0.0488978
0.0490452
0.049577
0.0503928
0.0513368
0.0521203
0.0524059
0.0518801
0.0505547
0.0487021
0.0467031
0.0447492
0.0428055
0.0409842
0.0394355
0.0384162
0.0380084
0.038129
0.0385561
0.0390119
0.0392723
0.0393272
0.0393068
0.039471
0.040051
0.0412182
0.0429788
0.0450028
0.0463531
0.0461749
0.044608
0.0426326
0.0411433
0.040565
0.041078
0.0426581
0.0450728
0.0478063
0.0501876
0.0515815
0.0517299
0.0507581
0.049153
0.0474397
0.0459448
0.0447463
0.0439084
0.0434545
0.0434492
0.0438702
0.0446115
0.0454224
0.0459798
0.0459981
0.045392
0.0443748
0.0433464
0.0425349
0.0421866
0.042373
0.0430137
0.0439823
0.0451671
0.0464281
0.047602
0.0485518
0.049065
0.0490933
0.0487067
0.0481654
0.0477186
0.0475416
0.0476476
0.0478011
0.0478004
0.0474429
0.0468006
0.045998
0.045183
0.0444369
0.0438346
0.0434481
0.0432919
0.0433239
0.0433241
0.0430223
0.0423462
0.0414689
0.0407513
0.0405161
0.0409425
0.0421012
0.0439092
0.0460795
0.0481397
0.0496157
0.0503424
0.0505453
0.0504796
0.0502879
0.0500466
0.0498647
0.0498051
0.0498164
0.049773
0.049582
0.0490972
0.0484258
0.0476603
0.0469344
0.046238
0.0454716
0.0445728
0.043587
0.0427541
0.0422179
0.0421896
0.0426918
0.0437169
0.0452017
0.0470698
0.0490832
0.0510278
0.0526756
0.0537543
0.0541482
0.0539934
0.0535457
0.0529476
0.0521928
0.0512799
0.0502897
0.0493554
0.0485714
0.0480405
0.0477377
0.0475955
0.0476121
0.0478952
0.048534
0.0494739
0.0503999
0.0507769
0.0502679
0.048866
0.0469889
0.0450343
0.0433007
0.0419626
0.0410676
0.0405857
0.040507
0.0408958
0.0417963
0.0432258
0.04493
0.0465538
0.0477801
0.0485821
0.0492456
0.0497294
0.0498304
0.0494926
0.0487403
0.0477354
0.046649
0.0455993
0.04484
0.0445265
0.0447977
0.0455795
0.046704
0.0479482
0.0490982
0.0499518
0.0503951
0.0503341
0.0498836
0.0492127
0.0484929
0.0478351
0.0472198
0.0465847
0.0459659
0.0455621
0.0454412
0.0455835
0.0459591
0.0467158
0.0480565
0.0499513
0.0519515
0.0531436
0.0530515
0.052283
0.0515456
0.05103
0.0506634
0.0502701
0.0498569
0.0495765
0.0494597
0.0494271
0.0493406
0.0492016
0.0491958
0.0495914
0.050525
0.0518923
0.0534543
0.0549436
0.056131
0.056818
0.0569369
0.0565908
0.0560727
0.0556435
0.0553925
0.0553063
0.0552647
0.0550262
0.0543336
0.0529627
0.0508471
0.0481628
0.0452365
0.0424453
0.0401066
0.0384194
0.0373536
0.0368558
0.0368487
0.0372744
0.0381746
0.0395597
0.041364
0.0434209
0.0456753
0.0481102
0.0504422
0.0520945
0.0525443
0.051749
0.0501381
0.0482801
0.0466349
0.0455647
0.0452806
0.0458307
0.0471257
0.0489515
0.0509961
0.0530105
0.0548154
0.0563028
0.0573428
0.0578105
0.0576046
0.0567991
0.0555792
0.0541498
0.0526779
0.0512357
0.0499597
0.0489295
0.0481754
0.0477246
0.0475184
0.0475047
0.0475872
0.0477314
0.0479382
0.0482312
0.0484427
0.0483515
0.0478374
0.0469169
0.0456414
0.0441157
0.0425537
0.0411835
0.0402624
0.0399042
0.040108
0.0407259
0.0415489
0.0424465
0.0434481
0.0447281
0.0472561
0.0496718
0.0519699
0.0535781
0.0542604
0.0541315
0.0534966
0.0527111
0.0521408
0.0520226
0.0525738
0.0537942
0.0553377
0.0565154
0.0565687
0.0553624
0.0534281
0.0515349
0.0501446
0.0495101
0.049473
0.0497265
0.0498424
0.049494
0.0484978
0.0468149
0.0447507
0.042818
0.0413331
0.0403341
0.039552
0.0388566
0.0383801
0.0383692
0.0389938
0.0401872
0.0416568
0.0430516
0.0442186
0.0451198
0.0456984
0.0460358
0.0461174
0.0460425
0.0458429
0.0456071
0.0453088
0.0448618
0.0442628
0.0437097
0.0433695
0.0432918
0.0433144
0.0432718
0.0431068
0.0429245
0.0428751
0.0429568
0.0431958
0.0435881
0.0442203
0.0452231
0.0466028
0.0483468
0.0503902
0.0524295
0.0541148
0.0550356
0.0550045
0.0540585
0.0524211
0.0504718
0.0485343
0.0468116
0.0454827
0.0445842
0.043993
0.0435858
0.0433159
0.0432004
0.0433048
0.0436145
0.0440294
0.0443752
0.0445282
0.0443784
0.0438963
0.0431864
0.0424573
0.04186
0.0415703
0.0417022
0.0421885
0.0428736
0.0435828
0.0442787
0.0450529
0.0458789
0.0466289
0.0471287
0.0472223
0.0469918
0.0467563
0.0468011
0.0474252
0.0487037
0.050534
0.0526431
0.0546522
0.0563281
0.0576394
0.0586747
0.0594269
0.0596774
0.0590177
0.057483
0.055671
0.0542274
0.0534249
0.0532122
0.053341
0.053541
0.0535154
0.0530831
0.052194
0.0510119
0.0497909
0.0487581
0.0480312
0.0476694
0.0476289
0.0478079
0.0480888
0.0483555
0.048502
0.0485496
0.0485443
0.0485284
0.04853
0.0486573
0.0490407
0.0495947
0.0502085
0.0508032
0.0514192
0.0520528
0.0526537
0.053289
0.054087
0.0549105
0.0553273
0.0548722
0.0534406
0.0514739
0.0496059
0.0483149
0.0478414
0.0480333
0.0486174
0.0493192
0.0497759
0.0499254
0.0498093
0.0495506
0.0492046
0.0485744
0.0476844
0.0470509
0.0471835
0.048224
0.0499575
0.0519783
0.0538697
0.0553906
0.0564991
0.0572508
0.0577309
0.0579243
0.0578009
0.0572636
0.0561895
0.0545358
0.0524083
0.0499487
0.047435
0.0451409
0.0432701
0.0419391
0.0413464
0.0415646
0.0426181
0.0443419
0.0463831
0.0482197
0.0493306
0.0495411
0.049109
0.0485456
0.0482825
0.0484033
0.0486813
0.0487784
0.0485475
0.048042
0.0474499
0.0469006
0.0464524
0.0462524
0.0463955
0.0468317
0.0473894
0.0478109
0.0479157
0.047667
0.0471781
0.0466628
0.0462697
0.0461246
0.0462818
0.0467366
0.0474166
0.0481263
0.0486816
0.0490436
0.0492962
0.0495834
0.0500203
0.0505354
0.0509309
0.0511202
0.0510417
0.050797
0.0504562
0.0501643
0.0499904
0.0499845
0.0501326
0.0503322
0.0505881
0.0509282
0.0513568
0.0518591
0.0522453
0.0523758
0.05226
0.0520613
0.0518932
0.0515848
0.0509571
0.0499691
0.0488421
0.0479036
0.0473138
0.0470532
0.0468196
0.0463735
0.0456995
0.044878
0.0440581
0.0433681
0.0429466
0.0428902
0.043183
0.0437426
0.0444321
0.0451184
0.0458178
0.0466088
0.0476976
0.0491156
0.0508138
0.052671
0.054425
0.0557483
0.0562234
0.0556231
0.0539822
0.0517619
0.0494563
0.0474892
0.0460401
0.0450761
0.0444447
0.0440231
0.0438824
0.0440927
0.0447787
0.0459928
0.047587
0.0492017
0.050457
0.0510542
0.0510441
0.050631
0.0501149
0.0497825
0.0497339
0.0499281
0.0502906
0.0507737
0.051309
0.0517598
0.0518995
0.0515836
0.0509182
0.050193
0.0497523
0.0497864
0.0501609
0.0504796
0.0503365
0.0498537
0.0493755
0.049142
0.0492169
0.0496468
0.0504487
0.0515419
0.0527775
0.0540187
0.0551138
0.0558884
0.0561691
0.0558529
0.0550537
0.0540598
0.0530968
0.0522339
0.0514822
0.0509106
0.0505547
0.0504017
0.0504472
0.0505461
0.0505575
0.0503893
0.050062
0.0496394
0.0492695
0.0491402
0.0493186
0.049888
0.0507659
0.0518923
0.0531667
0.0544044
0.0554755
0.0562121
0.0565026
0.0562427
0.0555475
0.0546018
0.0535834
0.0526224
0.051633
0.0504834
0.0491284
0.0476918
0.0464699
0.0457934
0.0459588
0.0469705
0.0486112
0.0503441
0.0516261
0.0522065
0.0521303
0.0516028
0.0507878
0.0498154
0.0488258
0.0479714
0.0474522
0.0473673
0.0476644
0.048241
0.0489453
0.0496403
0.0503945
0.0511841
0.0519751
0.0524968
0.0524941
0.0521088
0.05169
0.0514653
0.0514828
0.0516239
0.0517123
0.0517676
0.0518267
0.0520266
0.0524453
0.0531112
0.0538427
0.0544413
0.0546975
0.0545487
0.0539068
0.0528186
0.0515027
0.0502556
0.049353
0.0489468
0.0489749
0.0493702
0.0499998
0.0505933
0.0508823
0.0506466
0.0498641
0.0487544
0.0476692
0.0469051
0.0466042
0.0466445
0.0468752
0.0472021
0.0474009
0.0473077
0.0469631
0.0466626
0.0467821
0.0473939
0.0482837
0.0490559
0.0494789
0.0494189
0.048973
0.0482215
0.0473584
0.0466061
0.0462725
0.0465117
0.0472927
0.0483973
0.0496104
0.0508253
0.0520471
0.05323
0.0542937
0.0551463
0.0557589
0.0562461
0.056711
0.0571903
0.0576984
0.0581657
0.0584453
0.0584377
0.0581214
0.0575603
0.0568173
0.056083
0.0555096
0.0550939
0.0547533
0.0543273
0.0536455
0.0526235
0.0514696
0.0505272
0.0502214
0.0506853
0.0518659
0.0534113
0.0548925
0.0558696
0.0560783
0.0555342
0.0545665
0.0535239
0.0526904
0.0522022
0.0520535
0.0521319
0.0523426
0.0524916
0.0524408
0.0522149
0.0518005
0.0512955
0.0507697
0.0501715
0.049399
0.0483369
0.0471158
0.0460641
0.0454905
0.0455111
0.0459504
0.046434
0.0465802
0.0463063
0.0458859
0.0456539
0.045742
0.0460923
0.0465498
0.0470055
0.0474329
0.0478182
0.0481183
0.0482396
0.0480091
0.0473663
0.0463532
0.0453091
0.0446656
0.0447141
0.0454734
0.0467182
0.0481458
0.0494396
0.0504269
0.0510369
0.0513092
0.051245
0.0509799
0.0507277
0.0506713
0.0509652
0.0516258
0.0524637
0.0532105
0.0536561
0.0538189
0.0538436
0.0538358
0.0537676
0.0535878
0.0531997
0.0525441
0.0516743
0.0507699
0.0500332
0.0496031
0.0495249
0.0497317
0.0499901
0.0500456
0.0497806
0.0491831
0.0484307
0.0477024
0.0470869
0.0465777
0.0461397
0.0457609
0.045496
0.0453787
0.0455173
0.0458941
0.046326
0.0466491
0.0467242
0.0466082
0.0465044
0.0467168
0.0474273
0.0487029
0.050407
0.0522486
0.0538055
0.0546498
0.0546999
0.054284
0.0536786
0.0530827
0.0525804
0.0523551
0.0525078
0.0530401
0.0537487
0.0542862
0.0543255
0.0537168
0.0525962
0.0511443
0.0496301
0.0482743
0.0473518
0.0470012
0.0472235
0.0479363
0.0490439
0.0503554
0.0517458
0.0529442
0.0537432
0.0539665
0.0536379
0.0529312
0.05213
0.0514559
0.051011
0.0507785
0.0507489
0.0508666
0.0511073
0.0512973
0.0511691
0.0505509
0.0495079
0.0483637
0.0473396
0.0465777
0.0461769
0.0460375
0.0460454
0.0460512
0.045939
0.04571
0.0454891
0.0454205
0.045699
0.0463999
0.0475816
0.0490929
0.0506961
0.0522328
0.0535767
0.0546325
0.0553813
0.0558103
0.0559699
0.0559527
0.0558614
0.0557594
0.0554464
0.0547243
0.0534679
0.0517707
0.0498674
0.0480946
0.0466732
0.0457316
0.0452921
0.0452192
0.0453682
0.0456396
0.0460767
0.0468234
0.0479897
0.049413
0.050605
0.0510137
0.0503426
0.0488528
0.047059
0.0453476
0.0439687
0.0430094
0.0424856
0.0423306
0.0425047
0.0430263
0.0438892
0.045133
0.0467031
0.048475
0.0501778
0.0516226
0.0526929
0.0534935
0.0540221
0.0542127
0.0540035
0.0533945
0.0524333
0.0512257
0.0499859
0.0488979
0.048141
0.0478849
0.0481702
0.0488643
0.0497316
0.050555
0.0512904
0.0519582
0.0525277
0.0528655
0.0528741
0.0526137
0.0522541
0.051957
0.051734
0.0515004
0.0511581
0.050561
0.0497644
0.0488765
0.0480897
0.0475579
0.047376
0.0475748
0.0481449
0.0489529
0.0497763
0.0503811
0.0506566
0.0505678
0.0501695
0.0496073
0.0490657
0.048704
0.0485497
0.0486192
0.0488455
0.0491074
0.0492858
0.0492507
0.0489768
0.048515
0.0479749
0.0474018
0.0467928
0.0462073
0.0458181
0.0457386
0.046013
0.0465783
0.0474136
0.0484195
0.0495376
0.0507198
0.0519384
0.0530631
0.0539972
0.0546301
0.0550086
0.055193
0.0552534
0.0551681
0.0549292
0.0545409
0.0539619
0.0532153
0.0523973
0.0516936
0.0513266
0.0514273
0.0520285
0.0530481
0.0542451
0.0553963
0.0562774
0.0567862
0.0569412
0.0567694
0.0563316
0.0555398
0.0543834
0.0529556
0.0514427
0.0501229
0.0492261
0.0489345
0.0493188
0.0503406
0.0518694
0.0537065
0.0555594
0.0571265
0.0580949
0.0583771
0.0580296
0.0572217
0.0560867
0.054668
0.0529257
0.0508948
0.0486247
0.0462707
0.0440435
0.0422299
0.0410154
0.0404176
0.0401779
0.0400855
0.0399781
0.0399621
0.0401755
0.040804
0.0419475
0.0435197
0.0453107
0.0469434
0.0480332
0.0483694
0.0480905
0.047545
0.0470836
0.0468955
0.0469629
0.0470474
0.0468575
0.0462992
0.0454508
0.0445
0.0436558
0.0429603
0.042414
0.0420633
0.0418868
0.0418314
0.0418162
0.0418075
0.0419492
0.0424747
0.0435207
0.0450548
0.0469784
0.049041
0.0509992
0.0526141
0.0536564
0.0540888
0.0539803
0.0534684
0.0526435
0.0516049
0.0504606
0.049282
0.0481652
0.0472223
0.046565
0.0462499
0.0463487
0.0467339
0.0472124
0.047527
0.0474935
0.0469485
0.0459708
0.0447535
0.0436064
0.0427382
0.0422421
0.0420511
0.0420267
0.0420735
0.0422357
0.0425385
0.0431126
0.0439341
0.0446834
0.044962
0.0445659
0.0437517
0.043002
0.0427915
0.0433168
0.0444835
0.046027
0.0475802
0.0488027
0.0493146
0.0488581
0.0475066
0.0457279
0.0440727
0.0428762
0.0421682
0.0418616
0.0417175
0.0414166
0.0407204
0.039555
0.038225
0.0371193
0.0366125
0.0368162
0.037631
0.038899
0.0404628
0.0421927
0.0440593
0.0459975
0.0479635
0.0498803
0.0516533
0.0530517
0.0537567
0.0535775
0.0527237
0.0516658
0.050808
0.0504103
0.0503776
0.0505425
0.0508161
0.0513126
0.0520282
0.0528613
0.0535347
0.0537444
0.0534076
0.0527432
0.0521339
0.0519271
0.0522492
0.0531615
0.0545918
0.056305
0.0580926
0.0596163
0.0605637
0.0604841
0.059214
0.0570668
0.0545819
0.0521835
0.0500236
0.0480424
0.0461609
0.0443802
0.042819
0.0415482
0.0406706
0.0402161
0.0400763
0.0401458
0.0402872
0.0404031
0.0405324
0.040764
0.0411431
0.0417536
0.0425772
0.0434818
0.0443556
0.0451048
0.045688
0.0460556
0.0461948
0.0460458
0.0457365
0.0453928
0.0452756
0.0455704
0.0464196
0.0476737
0.0489586
0.0499294
0.0504772
0.0508486
0.051391
0.0522573
0.0533827
0.0545282
0.0555158
0.0563456
0.0572062
0.0581981
0.0592858
0.0603155
0.0611265
0.06157
0.0615148
0.0608382
0.0596612
0.0581885
0.0567223
0.0555258
0.0546895
0.0540875
0.0535501
0.0529161
0.0520115
0.0507806
0.0492131
0.04746
0.0456329
0.0438553
0.0421121
0.0404968
0.0391474
0.0382784
0.0381371
0.0387803
0.040177
0.0422362
0.044672
0.0472034
0.0495176
0.0513241
0.0524896
0.052794
0.0522307
0.050992
0.0495018
0.0482516
0.0475073
0.0472878
0.0474731
0.0478528
0.0482387
0.0484884
0.0489766
0.0491046
0.049257
0.0495314
0.0499535
0.0505366
0.0511935
0.0516876
0.0518198
0.0516219
0.051246
0.0508801
0.0505852
0.0503256
0.0500259
0.04961
0.0491339
0.0486891
0.0483557
0.0481786
0.0480863
0.04803
0.0480012
0.0481083
0.0484046
0.0489215
0.0496292
0.0504496
0.0512928
0.0521271
0.0528324
0.053246
0.0532082
0.0526087
0.0515544
0.0502943
0.0489491
0.0475655
0.0459974
0.0443495
0.0430462
0.042464
0.0426093
0.0431022
0.0434854
0.043632
0.0437725
0.0441451
0.0447015
0.0453249
0.0457784
0.0460254
0.0461233
0.0463008
0.0466395
0.0471218
0.0476755
0.0482639
0.0488807
0.0494677
0.0499653
0.0502737
0.0502987
0.0499442
0.049119
0.047908
0.0465641
0.0454673
0.0448554
0.0448388
0.045418
0.0464199
0.0477375
0.0491683
0.0505691
0.0518399
0.0528784
0.0536197
0.053864
0.0536458
0.0530824
0.0523406
0.0515308
0.0507541
0.0500973
0.0496774
0.0495294
0.0496047
0.049846
0.0501501
0.0504217
0.0505551
0.0504415
0.0498258
0.048548
0.046832
0.0451741
0.0439767
0.043471
0.0437161
0.0447044
0.0464495
0.0488222
0.0516199
0.0545701
0.0572912
0.0593556
0.0605267
0.0607151
0.0600204
0.0586363
0.056796
0.0547991
0.0530431
0.0519619
0.0517274
0.0521307
0.0527131
0.0532437
0.0536989
0.0540286
0.0541051
0.053836
0.0532256
0.0523985
0.0515895
0.0509604
0.0504772
0.0500548
0.0495577
0.0490424
0.0487479
0.0488903
0.0494332
0.0501532
0.0508214
0.0513127
0.0514798
0.0511487
0.0501937
0.0487254
0.0469783
0.0452225
0.0436407
0.0424313
0.0416706
0.0413841
0.0414684
0.0415861
0.0414514
0.0408874
0.039979
0.0390664
0.0385421
0.0387649
0.039986
0.0421675
0.0450133
0.0479562
0.0504111
0.0519232
0.0523557
0.0517351
0.0503179
0.0484245
0.04622
0.0439424
0.041962
0.0405952
0.0400694
0.0404347
0.0414178
0.0427213
0.0441664
0.0456579
0.0471823
0.0485872
0.0495392
0.0497435
0.04908
0.0476803
0.045929
0.0442648
0.0429379
0.0420107
0.0414226
0.0410092
0.0405929
0.0400908
0.0395987
0.0392851
0.0392765
0.0396245
0.0402551
0.0411054
0.0421309
0.0432105
0.0443227
0.045351
0.0461724
0.0465532
0.0462999
0.0454718
0.0445599
0.0439848
0.0440026
0.0445823
0.0454673
0.0464573
0.0473539
0.0480499
0.0485112
0.0487965
0.0489793
0.0491241
0.0492624
0.049371
0.049462
0.0496239
0.0499115
0.0504279
0.0511748
0.0520517
0.0527823
0.0530279
0.0525206
0.0513642
0.0498247
0.048337
0.0472406
0.046771
0.0468722
0.0474927
0.0485969
0.0502314
0.0523383
0.0545374
0.056431
0.0579663
0.0592626
0.060354
0.0609335
0.060701
0.059598
0.0578921
0.0560086
0.0542311
0.0526978
0.0513744
0.0501575
0.0490008
0.0478836
0.0468872
0.046133
0.0457542
0.0458891
0.0466476
0.0480626
0.0500008
0.0522688
0.0546907
0.0571862
0.0596257
0.0616921
0.063133
0.0639468
0.0643383
0.0644929
0.064451
0.0642187
0.0639076
0.0637218
0.0637671
0.064034
0.0643567
0.0643816
0.0638368
0.0627044
0.0611925
0.0597243
0.058672
0.0580668
0.0577469
0.0574387
0.0570909
0.0567888
0.0566232
0.0565198
0.0563012
0.0558686
0.0553903
0.0551008
0.0551284
0.0554046
0.0554498
0.0546579
0.0528834
0.0506005
0.0484013
0.0467595
0.0459006
0.0459755
0.0469078
0.0485518
0.0505824
0.0525672
0.0541127
0.0550623
0.0553531
0.0550309
0.0542675
0.0532399
0.052125
0.0511243
0.0505531
0.0507305
0.0518621
0.0538189
0.0561172
0.0580733
0.0591511
0.0592134
0.0584949
0.0573814
0.056113
0.0548189
0.0535161
0.0522761
0.0512645
0.0506297
0.0505676
0.0510325
0.0518724
0.0527313
0.0531473
0.0528816
0.0521315
0.0512854
0.0506556
0.0501904
0.0496996
0.0489325
0.047915
0.0469443
0.0463946
0.0464941
0.0472536
0.0484925
0.0497843
0.050632
0.050604
0.0496014
0.0478224
0.0457144
0.0436549
0.0419525
0.0406849
0.0398766
0.0394923
0.0395975
0.0402478
0.0414045
0.0429854
0.0447593
0.0464211
0.0476529
0.0482485
0.0480353
0.0470156
0.0456098
0.0443599
0.0437087
0.0438016
0.0446066
0.0458389
0.0471077
0.0480161
0.0485019
0.0487271
0.0488249
0.0488369
0.0487884
0.0487485
0.048775
0.048985
0.0493972
0.049974
0.0506257
0.051091
0.0511067
0.0505166
0.0493032
0.0477728
0.0462759
0.0452029
0.0448754
0.0453635
0.0465476
0.0481368
0.0498935
0.0517291
0.0537365
0.0559602
0.0581516
0.0597779
0.0602057
0.0591619
0.056964
0.0543895
0.052123
0.0506233
0.0499271
0.0499424
0.0504593
0.0513033
0.0523632
0.053502
0.0545973
0.0554886
0.0560102
0.0560145
0.0554077
0.0542947
0.0529083
0.0516012
0.0506084
0.0500593
0.0499072
0.0500562
0.0504024
0.0507895
0.0510767
0.0511796
0.0510071
0.0505453
0.0498642
0.0490413
0.0482365
0.0475932
0.0472205
0.0471536
0.0473071
0.0477532
0.0484627
0.0494088
0.0504887
0.0515721
0.052631
0.0536496
0.0546623
0.0555785
0.0562471
0.0565032
0.0562196
0.0554346
0.0542676
0.0528748
0.0513897
0.0499751
0.0487791
0.0479381
0.0475276
0.0476982
0.0484228
0.0496222
0.0511475
0.0528567
0.054537
0.0561012
0.0573745
0.05824
0.0585846
0.0583422
0.0575045
0.0562404
0.0548053
0.0533885
0.0521895
0.0513756
0.0510833
0.0513896
0.0523265
0.0537498
0.055246
0.0563759
0.0567875
0.0565131
0.0558016
0.0549743
0.0543255
0.0540361
0.054157
0.0545083
0.0547601
0.054634
0.054104
0.0533459
0.0524429
0.051264
0.0498171
0.0483443
0.0471166
0.0463176
0.0459495
0.0459406
0.0461641
0.0465899
0.0471638
0.0479291
0.0488713
0.0498404
0.0506804
0.0510758
0.050739
0.0496178
0.0480855
0.0466236
0.0456195
0.0452147
0.0452854
0.0456957
0.0462178
0.0467292
0.0471108
0.0474079
0.0476945
0.0480038
0.0483471
0.0486737
0.048977
0.0492379
0.0494388
0.0494907
0.0493251
0.0489271
0.0484512
0.0481643
0.0481159
0.0482773
0.0486039
0.0492284
0.0501795
0.0511205
0.051574
0.0515096
0.051413
0.0517697
0.052622
0.0537406
0.0546049
0.0549976
0.0549068
0.054452
0.053698
0.0527614
0.0518501
0.0511482
0.0508786
0.0510814
0.0515859
0.0521922
0.0528171
0.0534659
0.054101
0.0546719
0.0551315
0.055606
0.0562844
0.0572214
0.0582632
0.0590389
0.0592391
0.0587248
0.0574613
0.0556134
0.0533384
0.0508906
0.0485515
0.046602
0.045124
0.0440461
0.0432439
0.0425767
0.042057
0.0418187
0.0419356
0.0423044
0.0426332
0.042674
0.0424643
0.0422415
0.0422484
0.0425618
0.0431084
0.0437243
0.0443475
0.0449335
0.0455465
0.0462699
0.0471359
0.0481323
0.0491445
0.0500689
0.0507664
0.0511638
0.0513157
0.051307
0.051257
0.0511616
0.0510291
0.0509466
0.050958
0.0511157
0.0513922
0.0516584
0.0518361
0.0518717
0.0517114
0.0513494
0.0507712
0.0500399
0.0491728
0.0482855
0.0475189
0.0469963
0.0467808
0.0468864
0.0471889
0.0475752
0.0478454
0.0477949
0.0473495
0.0466415
0.0458736
0.0453626
0.045306
0.0458875
0.0471337
0.0490448
0.05133
0.0535481
0.0552946
0.0563633
0.0568686
0.056996
0.0568402
0.0564396
0.0557498
0.054826
0.0538292
0.0530314
0.0526634
0.0528226
0.0534529
0.0544328
0.0555634
0.0566861
0.0576019
0.058146
0.0582176
0.0578842
0.0572849
0.0566009
0.0560095
0.0557579
0.0560573
0.0568647
0.0578655
0.0585056
0.0584455
0.0577605
0.0568527
0.0561183
0.0557614
0.0557423
0.0559124
0.0562192
0.0566772
0.0573633
0.0582551
0.0591131
0.0593738
0.0586751
0.0572589
0.0557988
0.0548796
0.0547344
0.0552172
0.0560077
0.0567888
0.0573753
0.0575972
0.0572316
0.0561954
0.0546551
0.0530184
0.0516452
0.0507786
0.0503741
0.0503586
0.0505787
0.0508598
0.0510282
0.0510089
0.0509579
0.0511212
0.0516852
0.0526106
0.05354
0.0539635
0.053572
0.0525625
0.0513647
0.0504024
0.0498716
0.0497798
0.0499402
0.0501311
0.0502982
0.0505508
0.0509716
0.0515628
0.0522286
0.0528041
0.053073
0.0529207
0.052435
0.0518259
0.0511839
0.0505972
0.050088
0.0497148
0.0495456
0.0495628
0.0496883
0.0499006
0.0501434
0.0503985
0.0506389
0.050782
0.0507763
0.0506187
0.0503143
0.0499362
0.049664
0.0496186
0.0498211
0.0501799
0.0505841
0.0510096
0.0515004
0.0520502
0.0526162
0.0530439
0.0532194
0.0531533
0.0528159
0.0522994
0.051658
0.0508763
0.049898
0.048741
0.0475186
0.0465464
0.0460248
0.046015
0.04648
0.0472587
0.0481693
0.049101
0.0499486
0.0507005
0.0513443
0.0518241
0.0521119
0.0521694
0.0520905
0.0519952
0.0520212
0.0523051
0.0528714
0.0537271
0.0548125
0.0558956
0.0567544
0.0570186
0.0563711
0.0547711
0.0524167
0.0496757
0.0470096
0.0447407
0.0431634
0.0423627
0.0422461
0.0426167
0.0433145
0.0441048
0.0448818
0.0455651
0.0460895
0.0463876
0.0464765
0.0463796
0.0461689
0.045935
0.0457638
0.045763
0.0460184
0.0464816
0.0471849
0.0479754
0.0487859
0.0496074
0.0505673
0.0516916
0.0530625
0.0546423
0.0563216
0.0578561
0.0590059
0.0596231
0.0595693
0.0587757
0.0571774
0.054871
0.0520469
0.0489264
0.04578
0.0428687
0.0403503
0.0383133
0.0368741
0.0361598
0.0362635
0.0371867
0.0388194
0.0408827
0.0431057
0.0451642
0.0468828
0.0482287
0.0490357
0.0491305
0.0484116
0.0471089
0.0455998
0.044241
0.0431821
0.042416
0.0419618
0.0418708
0.0421045
0.04259
0.0433317
0.0442644
0.0454455
0.0469233
0.048624
0.0503279
0.0517316
0.0526872
0.053106
0.0530676
0.0525887
0.0516984
0.0504594
0.0489946
0.0475547
0.0463769
0.0454987
0.0449836
0.0448875
0.045341
0.0462822
0.0475502
0.0489178
0.0502229
0.0513511
0.052248
0.0527231
0.0526596
0.0521073
0.0512424
0.050332
0.0495555
0.0490722
0.048846
0.0489187
0.0492799
0.049861
0.0505366
0.051139
0.0515351
0.0517258
0.051769
0.0517972
0.0519622
0.0522928
0.0527404
0.0531371
0.0533346
0.0531968
0.0528888
0.0526245
0.0526778
0.0530775
0.0535574
0.0537844
0.0533576
0.0520943
0.050167
0.0480408
0.0463129
0.0452423
0.0449194
0.0452536
0.0460491
0.0471512
0.0482965
0.0490003
0.0486335
0.0470944
0.0449997
0.0431424
0.0419881
0.0416342
0.0419636
0.0426613
0.043383
0.0438417
0.0439325
0.0439305
0.0440662
0.0444268
0.0449094
0.0454627
0.0461258
0.0470141
0.0481094
0.0493055
0.050642
0.0522126
0.0540236
0.0558705
0.0572615
0.0576413
0.0567741
0.0548696
0.0525263
0.0502212
0.0481269
0.0461745
0.0444237
0.0430402
0.0421914
0.0417856
0.0415037
0.0411804
0.0407923
0.0404045
0.0401509
0.040133
0.0404948
0.0412464
0.0423305
0.0435958
0.0448352
0.0457455
0.0460611
0.0455781
0.0443908
0.0427888
0.0411866
0.0399524
0.0392585
0.0391561
0.0395536
0.0402952
0.0412818
0.042322
0.0431876
0.0436734
0.0437273
0.0434381
0.0428796
0.0422184
0.0416702
0.0413866
0.0414374
0.0417508
0.0422733
0.0428594
0.0435563
0.0442773
0.0450393
0.0459306
0.0470933
0.0487209
0.0507927
0.0540925
0.0563707
0.0577417
0.0580502
0.0577159
0.0575057
0.0579995
0.0592102
0.0604968
0.0611206
0.0607317
0.0594643
0.0577208
0.0558459
0.0540987
0.0526124
0.0514837
0.0507149
0.0502564
0.0499107
0.0495356
0.0490336
0.0484236
0.0478366
0.0473836
0.0472161
0.0473114
0.0475959
0.0479424
0.0482427
0.0484485
0.0486026
0.0486513
0.0485266
0.0482882
0.0479808
0.0477892
0.0478286
0.0481075
0.0485527
0.0489516
0.0491251
0.0489121
0.0482848
0.0474568
0.0466285
0.0458979
0.0453818
0.0450327
0.0448967
0.0449684
0.0452516
0.0455978
0.0458827
0.0461492
0.0462969
0.0462732
0.0460655
0.0457197
0.0453719
0.0450821
0.0449337
0.0449242
0.0450934
0.0454226
0.0458127
0.0461462
0.0462764
0.0461491
0.0458829
0.0456798
0.0457785
0.0462717
0.0471547
0.0482982
0.0494502
0.0503758
0.0509061
0.0509687
0.0504985
0.0496288
0.0485808
0.0475055
0.0465166
0.0458364
0.0457021
0.0464146
0.0479641
0.0500134
0.0520907
0.0536862
0.0545274
0.0545117
0.0538021
0.0527301
0.0516807
0.0509318
0.0506073
0.050639
0.0508617
0.0510809
0.0510632
0.0506417
0.0497877
0.0487909
0.0479572
0.0475932
0.0477484
0.0483602
0.0492816
0.0504017
0.0516202
0.0527659
0.0537125
0.0542714
0.0543843
0.0540387
0.0534495
0.052957
0.0527378
0.0526495
0.0522943
0.05127
0.0496305
0.0477236
0.0458207
0.0440429
0.0424495
0.0411267
0.0402434
0.0400406
0.0406032
0.0419513
0.0439793
0.0465076
0.049242
0.0517242
0.0535738
0.0546994
0.0553836
0.0560237
0.0567337
0.0574843
0.0581357
0.0586119
0.0587594
0.0584858
0.0577918
0.0567882
0.0556041
0.0544178
0.0533601
0.0525165
0.0518684
0.0513686
0.0510545
0.050988
0.0512457
0.0518682
0.052755
0.0538122
0.054873
0.0557724
0.0562168
0.0559587
0.0548622
0.0531829
0.0514459
0.0501528
0.0494998
0.0494633
0.0498898
0.050521
0.0510312
0.0511187
0.0507778
0.0501746
0.04961
0.0492905
0.0494026
0.0500269
0.0510986
0.0524429
0.053671
0.0545431
0.0551877
0.0558707
0.0567854
0.0578132
0.0586046
0.0588665
0.0584087
0.0572908
0.0557464
0.054105
0.0526779
0.0517351
0.0513746
0.0515503
0.0520599
0.0526408
0.0531329
0.0535498
0.0540194
0.0545702
0.0551697
0.0558209
0.0565119
0.0572672
0.058121
0.058954
0.0595173
0.0595549
0.0589955
0.0580159
0.0568849
0.05575
0.054803
0.0540641
0.0535347
0.053192
0.0529942
0.0529279
0.0529695
0.053078
0.0532538
0.0535433
0.0538091
0.0537358
0.0531199
0.0521869
0.0513068
0.0506434
0.0501103
0.0494782
0.0484732
0.0470568
0.0454131
0.0439355
0.0429774
0.0427437
0.0432179
0.0442218
0.0453843
0.0463203
0.0469376
0.0472676
0.0472931
0.0470008
0.0464447
0.0458834
0.0456158
0.0458093
0.0465194
0.0476216
0.0488238
0.0499512
0.0509059
0.0516438
0.0521364
0.0523234
0.0522735
0.0520864
0.0518965
0.0518374
0.0518657
0.0519264
0.0519133
0.0517528
0.0514069
0.050945
0.0504149
0.0499609
0.0496393
0.0494697
0.0494379
0.0495535
0.049767
0.0499414
0.0499171
0.0495835
0.0490601
0.0486561
0.0486765
0.0493355
0.0506443
0.0525264
0.0548914
0.0575152
0.0601019
0.0622209
0.0635139
0.0639659
0.063781
0.0632493
0.0625833
0.0618855
0.0612913
0.0609518
0.0609938
0.0614789
0.062098
0.0620098
0.0603053
0.0574753
0.0547267
0.0528553
0.0519136
0.0517644
0.0521017
0.0525841
0.0529573
0.0530744
0.0529464
0.0526449
0.0522124
0.0516452
0.0510708
0.0506773
0.050627
0.0509818
0.0515514
0.0520341
0.0520641
0.0515494
0.0506877
0.0497535
0.0490068
0.048582
0.0485447
0.0489488
0.0497989
0.0509768
0.0523215
0.0535508
0.054463
0.0549561
0.0551824
0.0555567
0.0562938
0.0574722
0.0587883
0.0598149
0.0602597
0.0600481
0.0592151
0.0578279
0.0559932
0.0540559
0.0522776
0.0509967
0.050314
0.0501892
0.0505646
0.0513282
0.0524067
0.0536766
0.0548743
0.0556564
0.0556159
0.0546629
0.0529428
0.0508308
0.0487224
0.046847
0.0453015
0.044203
0.0437218
0.044107
0.045525
0.0480006
0.0511973
0.0545158
0.0571821
0.058667
0.0589494
0.0584778
0.0578842
0.0576072
0.0577071
0.0579482
0.0579562
0.0575485
0.0569517
0.0567232
0.0571957
0.0583677
0.0598749
0.0612584
0.0623283
0.0629708
0.0629802
0.0623122
0.0610319
0.0594396
0.0579304
0.0568837
0.0564032
0.0564915
0.0568931
0.0573234
0.0574748
0.0572522
0.0567003
0.056043
0.0554767
0.0551119
0.0549604
0.0548608
0.0546427
0.0542131
0.0535532
0.0527705
0.0519632
0.0512165
0.0505894
0.0502338
0.0502645
0.050663
0.0512046
0.0514847
0.0512883
0.0508461
0.0505033
0.0503944
0.0504444
0.0505041
0.0504476
0.0502988
0.0501944
0.0501821
0.0501734
0.049975
0.0494981
0.0487222
0.0477406
0.0466575
0.0456395
0.0447851
0.0441936
0.0439687
0.0441436
0.0447289
0.0457057
0.0470104
0.048553
0.0501617
0.0516156
0.052688
0.0532428
0.0532624
0.0529084
0.0524798
0.0521685
0.0520118
0.0520113
0.0521307
0.0524898
0.0532771
0.0546705
0.0566281
0.0590207
0.0615332
0.0637585
0.0652525
0.065638
0.0649122
0.0632524
0.0608713
0.057989
0.0548222
0.0516391
0.0486947
0.0462347
0.0445058
0.043521
0.0431797
0.043261
0.0435141
0.0436877
0.0436551
0.0433403
0.0428589
0.0423627
0.0420453
0.0419026
0.0418501
0.041756
0.0415421
0.0412807
0.0410841
0.041125
0.0415161
0.042298
0.0434883
0.044991
0.046574
0.0480168
0.0492267
0.0502199
0.051043
0.0517471
0.0523595
0.0528661
0.0532154
0.0532695
0.0529462
0.0521411
0.0508873
0.0494135
0.047941
0.0468951
0.046595
0.0472296
0.0486409
0.0505128
0.0523687
0.0539757
0.0551995
0.0560023
0.0562637
0.0559921
0.0552886
0.0543039
0.0529568
0.0510466
0.0485385
0.0457188
0.0430963
0.0411381
0.0401005
0.0399884
0.0406227
0.0417794
0.0433849
0.0453682
0.0477335
0.050288
0.0527733
0.0548648
0.0564199
0.0574041
0.0577798
0.0576727
0.0572103
0.0565648
0.0558517
0.0552423
0.0548032
0.0546655
0.0547403
0.0548939
0.0549393
0.0548474
0.0546321
0.0543031
0.0539211
0.0535184
0.0532265
0.0531092
0.0532461
0.0535246
0.0537708
0.0538013
0.0535223
0.0530061
0.0523213
0.0516287
0.0510428
0.0507052
0.050767
0.0511724
0.0517905
0.0523757
0.0526601
0.0525023
0.0518783
0.0508965
0.0497995
0.0487927
0.0481418
0.0479048
0.0481442
0.0487769
0.0497967
0.0511242
0.0525944
0.0538782
0.0545717
0.0544669
0.0537285
0.052843
0.0521524
0.0517439
0.0514891
0.0512416
0.0510241
0.0509779
0.0512533
0.0517814
0.0521935
0.0520164
0.0509731
0.0493252
0.0476596
0.0465014
0.0460119
0.0461697
0.0468143
0.0476542
0.0483963
0.0487994
0.0487119
0.0482336
0.0477316
0.0476046
0.0480653
0.0490452
0.0502286
0.0512194
0.0518119
0.05196
0.0518116
0.0517645
0.0523066
0.0536022
0.0554761
0.0574965
0.0591884
0.0602225
0.0604853
0.0601262
0.0594153
0.0585191
0.0574295
0.0561104
0.0547064
0.0534342
0.0526019
0.0521877
0.0521899
0.0524667
0.0528497
0.0531
0.0530548
0.0527455
0.0522668
0.0517704
0.0514283
0.0514116
0.0518212
0.0526046
0.0535228
0.054277
0.0546677
0.0546036
0.0540845
0.0531665
0.0520307
0.0508256
0.0497718
0.0489332
0.0483181
0.0478081
0.047412
0.0471598
0.0472012
0.047566
0.048149
0.0487018
0.0489625
0.0486715
0.0476891
0.0463317
0.0451189
0.044597
0.0449652
0.0462052
0.0479768
0.0496736
0.0506064
0.0504162
0.0493064
0.0477787
0.0462869
0.045098
0.0443791
0.0442251
0.0445725
0.045313
0.0463142
0.0473826
0.0483503
0.049101
0.049586
0.0498676
0.0499166
0.0494804
0.0483497
0.0468897
0.0456259
0.0448499
0.0446187
0.0449012
0.0455766
0.0463977
0.0471145
0.0475734
0.0477844
0.0478906
0.0480057
0.048352
0.0490379
0.0501389
0.0515899
0.0531971
0.0546864
0.0557599
0.056205
0.0560861
0.055693
0.0552988
0.0549903
0.0546484
0.0541908
0.0535878
0.0528531
0.0520449
0.0512901
0.0506405
0.0501779
0.0499916
0.0501528
0.0505536
0.0509924
0.0512358
0.0510102
0.0503057
0.0493147
0.0483604
0.0477046
0.0474301
0.047467
0.0476811
0.0479237
0.048014
0.0478074
0.0473009
0.0465953
0.0458179
0.0451083
0.044584
0.0443467
0.0444427
0.0448498
0.0454033
0.0458948
0.0462102
0.0463373
0.0464246
0.0465841
0.0468465
0.0470831
0.0472273
0.0472985
0.0474423
0.0477022
0.0480036
0.0482437
0.0482498
0.0479363
0.0474569
0.0470002
0.046759
0.0467397
0.046908
0.0471505
0.0474461
0.0478508
0.0483623
0.0489947
0.0496697
0.0502784
0.0508074
0.0513533
0.0521493
0.0534441
0.0552087
0.0569795
0.0578951
0.0574918
0.0562013
0.0548046
0.0537712
0.0532277
0.0530367
0.0529048
0.0524678
0.051591
0.0504938
0.0496133
0.0492229
0.0493495
0.0497413
0.0500442
0.0501091
0.0498188
0.0493355
0.0488846
0.0486996
0.0488865
0.049409
0.0501568
0.0509115
0.0515311
0.0520115
0.0524734
0.0529848
0.0534866
0.0538566
0.0539902
0.0538924
0.0536149
0.0531637
0.0526284
0.0521059
0.0517043
0.0514422
0.0513003
0.0511255
0.0507763
0.0502192
0.0494617
0.0485906
0.047753
0.0469664
0.0462246
0.0454648
0.0447213
0.0441991
0.0442193
0.0448927
0.0462011
0.0478426
0.0496043
0.0511773
0.0522418
0.0526095
0.052363
0.0520348
0.0522346
0.0532478
0.0549076
0.0568388
0.0586598
0.0602441
0.0615725
0.0626325
0.0633656
0.0637824
0.0640145
0.0642992
0.0648838
0.0657524
0.066443
0.0665455
0.0662098
0.0660446
0.0661222
0.0659142
0.0651687
0.0643541
0.0638478
0.0634024
0.0625602
0.0613296
0.0599362
0.0583928
0.0566081
0.0545613
0.0524885
0.0506575
0.0493631
0.048676
0.0485074
0.0486823
0.0489338
0.0492084
0.049538
0.0500484
0.0508247
0.0517686
0.0526403
0.0530852
0.0528487
0.0519504
0.0506525
0.0492483
0.0479597
0.04685
0.0460037
0.0455951
0.0456704
0.0462286
0.047015
0.0477165
0.0480839
0.0482799
0.0486625
0.0495273
0.0510107
0.0530105
0.05518
0.0570367
0.0581328
0.0583532
0.057779
0.0566707
0.055154
0.0534215
0.0515747
0.0498623
0.0484912
0.0476752
0.0474512
0.047777
0.0485585
0.0495793
0.0506041
0.0514244
0.0519442
0.0521134
0.0519649
0.0515785
0.050958
0.0500635
0.04887
0.0474059
0.0458993
0.0446338
0.0438944
0.0438243
0.0444177
0.0454979
0.0467731
0.0479804
0.0488606
0.0492519
0.0491252
0.0485155
0.0475968
0.0465545
0.0454858
0.044432
0.0435235
0.0431028
0.0434823
0.0446694
0.0465873
0.0488267
0.0509641
0.0526802
0.0538279
0.0542755
0.0538479
0.0525779
0.0508104
0.0491659
0.0481432
0.0480573
0.0488682
0.0504151
0.0522903
0.0541587
0.0557963
0.0570106
0.0577229
0.0578715
0.0575542
0.0569027
0.0560278
0.0550786
0.0541689
0.053381
0.0527507
0.0523018
0.0519915
0.0517116
0.0513126
0.0506443
0.0496663
0.0486159
0.0477556
0.0474137
0.0477443
0.0487218
0.0501479
0.0516825
0.0530207
0.0538613
