-6.36203
-6.35368
-6.33898
-6.31484
-6.28096
-6.23418
-6.17387
-6.09642
-6.0003
-5.88381
-5.74857
-5.59915
-5.44823
-5.30863
-5.19136
-5.10434
-5.0499
-5.02364
-5.02163
-5.03677
-5.06068
-5.08858
-5.11435
-5.13284
-5.14333
-5.14441
-5.14095
-5.13516
-5.13552
-5.1426
-5.15352
-5.16617
-5.17573
-5.18243
-5.18429
-5.1811
-5.17414
-5.16541
-5.15426
-5.14278
-5.13203
-5.12395
-5.1203
-5.11753
-5.11564
-5.11011
-5.09982
-5.08464
-5.06517
-5.0433
-5.02313
-5.00727
-4.99733
-4.99474
-4.99828
-5.00404
-5.0081
-5.00561
-4.9979
-4.98636
-4.97074
-4.95244
-4.93748
-4.92533
-4.91831
-4.92469
-4.94633
-4.97918
-5.02163
-5.06693
-5.11054
-5.14787
-5.1792
-5.20495
-5.22316
-5.23436
-5.2375
-5.23192
-5.21776
-5.1974
-5.17063
-5.14101
-5.11189
-5.08426
-5.06081
-5.04259
-5.03147
-5.02715
-5.03117
-5.03768
-5.04775
-5.05622
-5.06193
-5.06208
-5.06033
-5.05622
-5.05149
-5.04902
-5.04556
-5.04231
-5.03806
-5.036
-5.03601
-5.03862
-5.04124
-5.04465
-5.04621
-5.04508
-5.04134
-5.0363
-5.03473
-5.03665
-5.04298
-5.0505
-5.0609
-5.07213
-5.08942
-5.11124
-5.13551
-5.15649
-5.17442
-5.18532
-5.19004
-5.18887
-5.18101
-5.16685
-5.14999
-5.13255
-5.11941
-5.10942
-5.10245
-5.09629
-5.09174
-5.08561
-5.07841
-5.06927
-5.05779
-5.04663
-5.03601
-5.02916
-5.02695
-5.02823
-5.03013
-5.03186
-5.03327
-5.03442
-5.03543
-5.0363
-5.03851
-5.041
-5.04308
-5.04429
-5.04559
-5.04542
-5.04282
-5.03604
-5.02663
-5.01725
-5.01178
-5.01181
-5.01831
-5.03232
-5.05131
-5.07109
-5.08893
-5.10271
-5.10985
-5.11081
-5.10588
-5.09503
-5.08
-5.0587
-5.03393
-5.00709
-4.97956
-4.95568
-4.93876
-4.92901
-4.92644
-4.92901
-4.93569
-4.9421
-4.94859
-4.95529
-4.96363
-4.97235
-4.98174
-4.99222
-5.00191
-5.01267
-5.0212
-5.02796
-5.03194
-5.03271
-5.0337
-5.03193
-5.02948
-5.02667
-5.02166
-5.01727
-5.01206
-5.00758
-5.00503
-5.00398
-5.00323
-5.0049
-5.00669
-5.00782
-5.00779
-5.00778
-5.00588
-5.0059
-5.00674
-5.00852
-5.01232
-5.01633
-5.02201
-5.02727
-5.03038
-5.03221
-5.0307
-5.02707
-5.02136
-5.01528
-5.00996
-5.007
-5.00395
-5.00263
-5.00239
-5.00287
-5.00184
-4.99999
-4.99412
-4.98281
-4.96548
-4.94644
-4.93033
-4.92138
-4.92567
-4.94192
-4.96792
-5.00116
-5.03726
-5.07312
-5.10508
-5.13095
-5.14569
-5.15027
-5.14352
-5.13116
-5.11012
-5.08572
-5.05849
-5.03187
-5.00556
-4.98475
-4.97098
-4.96586
-4.9719
-4.988
-5.01109
-5.03556
-5.05702
-5.07135
-5.07605
-5.07108
-5.0581
-5.04104
-5.02503
-5.01486
-5.00996
-5.01006
-5.01394
-5.02101
-5.0289
-5.03639
-5.0439
-5.04988
-5.05604
-5.06409
-5.07216
-5.08154
-5.09239
-5.10572
-5.11803
-5.12771
-5.13559
-5.13821
-5.13429
-5.12463
-5.11071
-5.0946
-5.07872
-5.06595
-5.05775
-5.05253
-5.05198
-5.05349
-5.0568
-5.06228
-5.06872
-5.07592
-5.08433
-5.09323
-5.1058
-5.11903
-5.13308
-5.14712
-5.15806
-5.16625
-5.16951
-5.16802
-5.16112
-5.14876
-5.13508
-5.12112
-5.11046
-5.10511
-5.10607
-5.11467
-5.12662
-5.13837
-5.14618
-5.14553
-5.13588
-5.11593
-5.0875
-5.05324
-5.024
-5.00756
-5.00774
-5.01698
-5.02962
-5.03881
-5.04251
-5.03999
-5.03261
-5.0236
-5.01408
-5.00568
-4.99867
-4.99336
-4.99078
-4.99047
-4.99529
-5.00391
-5.01542
-5.02752
-5.03587
-5.03975
-5.03669
-5.02927
-5.02144
-5.01764
-5.02102
-5.03118
-5.04797
-5.06673
-5.08389
-5.09527
-5.10047
-5.09836
-5.09141
-5.07825
-5.06229
-5.04834
-5.03716
-5.03082
-5.03169
-5.04101
-5.05371
-5.07064
-5.08812
-5.10211
-5.11123
-5.1143
-5.11253
-5.10773
-5.10254
-5.1009
-5.10543
-5.11515
-5.12643
-5.13772
-5.14627
-5.14977
-5.14843
-5.14406
-5.13546
-5.12727
-5.1192
-5.11002
-5.10001
-5.08668
-5.07183
-5.05722
-5.04765
-5.04315
-5.04273
-5.04682
-5.0528
-5.05911
-5.06333
-5.06881
-5.07444
-5.08135
-5.09157
-5.10456
-5.11701
-5.13045
-5.14274
-5.15095
-5.15488
-5.15279
-5.14736
-5.13869
-5.12833
-5.11917
-5.11156
-5.10674
-5.1036
-5.10184
-5.09986
-5.09695
-5.09162
-5.0833
-5.07201
-5.06184
-5.05508
-5.05427
-5.06161
-5.0763
-5.09638
-5.12165
-5.14907
-5.17506
-5.19711
-5.2144
-5.22728
-5.23231
-5.2297
-5.22063
-5.20516
-5.18427
-5.16171
-5.14144
-5.12448
-5.10871
-5.0971
-5.0892
-5.08366
-5.08294
-5.08416
-5.08782
-5.08868
-5.08715
-5.08268
-5.07894
-5.07588
-5.07743
-5.08454
-5.09558
-5.10841
-5.12288
-5.13427
-5.14056
-5.14057
-5.13473
-5.12366
-5.10905
-5.09379
-5.07964
-5.06912
-5.06331
-5.06243
-5.06488
-5.071
-5.07654
-5.08338
-5.09026
-5.09573
-5.09963
-5.10197
-5.09911
-5.09068
-5.07414
-5.04988
-5.02109
-4.98932
-4.96041
-4.93896
-4.92703
-4.92666
-4.93404
-4.9485
-4.96618
-4.98571
-5.00523
-5.02311
-5.03857
-5.05049
-5.05794
-5.06098
-5.06059
-5.05757
-5.0506
-5.04078
-5.0292
-5.01577
-5.00094
-4.9868
-4.97417
-4.96382
-4.96032
-4.96679
-4.98399
-5.0093
-5.04058
-5.07399
-5.10393
-5.1267
-5.14217
-5.14865
-5.14915
-5.14544
-5.14099
-5.1368
-5.13308
-5.12756
-5.12075
-5.11277
-5.10514
-5.10177
-5.10485
-5.11224
-5.12301
-5.13466
-5.1437
-5.14953
-5.15113
-5.15272
-5.15307
-5.15147
-5.14809
-5.14357
-5.13584
-5.12594
-5.11593
-5.10493
-5.0949
-5.08982
-5.09003
-5.09482
-5.1054
-5.12071
-5.1394
-5.15807
-5.1766
-5.19141
-5.20212
-5.20603
-5.20321
-5.19578
-5.18273
-5.16948
-5.15713
-5.14635
-5.13966
-5.13599
-5.13367
-5.13379
-5.13558
-5.13916
-5.14631
-5.15893
-5.17673
-5.19757
-5.22111
-5.24363
-5.26118
-5.27289
-5.27288
-5.26308
-5.24261
-5.21218
-5.1752
-5.13556
-5.09724
-5.06107
-5.02703
-4.99648
-4.96818
-4.94463
-4.9273
-4.91898
-4.91823
-4.92594
-4.94251
-4.96538
-4.9929
-5.02432
-5.05586
-5.08414
-5.10682
-5.12196
-5.13197
-5.13519
-5.13438
-5.12809
-5.11835
-5.10697
-5.09744
-5.09011
-5.08658
-5.08709
-5.09048
-5.09749
-5.10319
-5.10769
-5.10935
-5.10768
-5.1046
-5.10143
-5.10225
-5.10683
-5.11745
-5.13231
-5.14967
-5.16584
-5.17716
-5.18449
-5.18881
-5.18723
-5.18222
-5.17461
-5.16381
-5.15139
-5.1367
-5.12128
-5.10323
-5.08643
-5.06798
-5.04771
-5.02837
-5.0095
-4.99024
-4.96819
-4.94353
-4.91659
-4.89104
-4.8766
-4.87938
-4.89843
-4.92918
-4.96263
-4.99543
-5.02218
-5.04081
-5.05282
-5.05923
-5.06035
-5.05809
-5.05203
-5.04334
-5.03083
-5.01614
-5.00314
-4.9958
-4.99399
-4.9984
-5.00583
-5.01475
-5.02411
-5.03622
-5.04728
-5.05951
-5.07042
-5.07895
-5.08479
-5.0891
-5.0938
-5.10112
-5.10904
-5.11772
-5.12927
-5.13983
-5.15213
-5.16104
-5.16928
-5.17435
-5.17456
-5.17051
-5.16423
-5.15526
-5.14478
-5.13475
-5.12367
-5.10674
-5.08672
-5.05872
-5.02645
-4.9892
-4.95223
-4.91988
-4.8981
-4.8881
-4.88929
-4.90035
-4.91417
-4.9267
-4.93651
-4.942
-4.94519
-4.94497
-4.94502
-4.94885
-4.95894
-4.97339
-4.99014
-5.0066
-5.02074
-5.03132
-5.03635
-5.04019
-5.0431
-5.04698
-5.0528
-5.06076
-5.07119
-5.08032
-5.08931
-5.09771
-5.10395
-5.11116
-5.11658
-5.11997
-5.11897
-5.11493
-5.108
-5.09949
-5.09335
-5.09098
-5.09485
-5.1056
-5.11938
-5.1344
-5.14538
-5.14965
-5.15009
-5.14918
-5.14932
-5.15179
-5.15741
-5.16507
-5.17219
-5.17619
-5.17704
-5.1757
-5.17142
-5.16262
-5.14802
-5.12986
-5.10693
-5.08414
-5.06658
-5.05855
-5.05979
-5.06893
-5.08152
-5.09257
-5.0991
-5.0992
-5.09441
-5.08601
-5.07527
-5.06362
-5.05205
-5.04111
-5.03089
-5.02301
-5.01575
-5.00941
-5.00422
-5.0006
-5.00392
-5.0129
-5.02901
-5.05079
-5.07506
-5.09763
-5.11993
-5.14337
-5.16673
-5.18895
-5.20755
-5.22243
-5.23164
-5.23598
-5.2352
-5.22747
-5.21596
-5.2001
-5.18164
-5.16356
-5.14726
-5.13197
-5.1192
-5.10787
-5.09856
-5.09002
-5.08351
-5.07628
-5.06833
-5.06076
-5.05482
-5.05105
-5.04995
-5.0507
-5.05161
-5.05221
-5.05224
-5.05306
-5.05415
-5.05984
-5.07009
-5.08526
-5.1033
-5.12304
-5.14079
-5.15455
-5.16331
-5.16675
-5.16453
-5.15575
-5.14211
-5.12558
-5.10466
-5.08474
-5.06845
-5.05993
-5.05861
-5.06445
-5.07635
-5.09255
-5.10953
-5.12755
-5.14323
-5.15547
-5.16482
-5.16644
-5.16039
-5.14672
-5.12666
-5.09842
-5.06606
-5.03021
-4.99612
-4.96699
-4.94828
-4.93908
-4.93984
-4.94936
-4.96335
-4.98186
-5.0054
-5.03057
-5.05539
-5.07603
-5.09238
-5.10378
-5.10748
-5.10576
-5.09918
-5.09053
-5.08074
-5.07218
-5.06894
-5.07147
-5.07811
-5.08931
-5.10087
-5.11233
-5.11909
-5.12066
-5.11715
-5.11007
-5.10106
-5.0922
-5.08546
-5.08071
-5.07564
-5.07138
-5.06677
-5.06157
-5.05991
-5.06369
-5.07564
-5.09376
-5.11532
-5.13511
-5.15088
-5.16006
-5.16111
-5.1562
-5.14826
-5.14092
-5.13605
-5.13776
-5.1457
-5.15842
-5.17388
-5.19104
-5.20657
-5.22142
-5.23386
-5.24181
-5.24474
-5.2404
-5.22923
-5.21062
-5.18611
-5.15561
-5.12128
-5.08562
-5.04935
-5.01781
-4.99439
-4.9826
-4.9826
-4.99571
-5.01506
-5.03564
-5.05066
-5.05956
-5.06452
-5.06577
-5.06618
-5.06858
-5.0751
-5.08393
-5.09497
-5.10648
-5.11602
-5.12156
-5.12134
-5.11589
-5.10316
-5.08541
-5.06573
-5.04705
-5.03029
-5.01621
-5.00706
-5.00076
-4.99736
-5.00156
-5.01126
-5.02616
-5.04248
-5.05868
-5.07218
-5.08402
-5.0941
-5.1014
-5.10763
-5.11192
-5.1164
-5.11776
-5.11558
-5.11111
-5.1031
-5.09059
-5.07377
-5.05568
-5.03899
-5.02761
-5.02413
-5.02654
-5.03104
-5.03615
-5.04131
-5.0485
-5.06072
-5.07705
-5.09635
-5.11591
-5.13413
-5.14708
-5.15451
-5.15464
-5.14769
-5.13471
-5.11703
-5.09787
-5.07994
-5.0653
-5.05686
-5.05593
-5.06076
-5.06919
-5.07553
-5.06652
-5.03902
-4.99586
-4.93696
-4.85997
-4.77002
-4.66962
-4.56674
-4.47375
-4.40394
-4.36367
-4.34619
-4.34062
-4.33621
-4.33259
-4.33492
-4.35119
-4.38868
-4.44369
-4.50749
-4.56875
-4.61889
-4.64973
-4.65851
-4.64349
-4.60634
-4.55639
-4.50914
-4.4858
-4.49505
-4.52491
-4.56101
-4.59441
-4.62516
-4.65366
-4.67421
-4.67909
-4.65857
-4.61553
-4.55825
-4.50603
-4.47175
-4.46029
-4.46786
-4.48068
-4.49144
-4.49352
-4.48683
-4.47624
-4.46734
-4.46657
-4.47997
-4.50679
-4.54393
-4.58392
-4.62261
-4.65168
-4.6709
-4.67551
-4.66776
-4.65112
-4.63105
-4.60936
-4.5861
-4.55824
-4.5287
-4.50654
-4.50361
-4.52322
-4.55662
-4.59789
-4.64059
-4.68295
-4.72199
-4.75275
-4.77011
-4.77156
-4.75671
-4.73156
-4.7001
-4.66667
-4.63338
-4.60301
-4.57486
-4.55146
-4.53289
-4.51887
-4.50999
-4.50411
-4.49947
-4.49291
-4.48706
-4.48209
-4.47612
-4.47572
-4.48379
-4.50537
-4.53937
-4.5819
-4.62703
-4.66827
-4.70226
-4.72492
-4.73564
-4.73516
-4.72472
-4.70793
-4.68701
-4.66319
-4.63406
-4.59844
-4.55503
-4.50335
-4.45202
-4.40754
-4.37283
-4.35128
-4.34286
-4.34536
-4.36049
-4.38891
-4.43168
-4.48375
-4.53761
-4.58726
-4.62368
-4.64678
-4.65531
-4.65683
-4.6605
-4.67318
-4.69026
-4.7039
-4.70708
-4.69651
-4.67652
-4.65171
-4.62543
-4.60613
-4.5964
-4.59688
-4.6015
-4.60773
-4.6161
-4.6265
-4.63798
-4.65242
-4.66274
-4.66746
-4.66322
-4.65187
-4.63785
-4.62911
-4.63292
-4.64679
-4.66608
-4.68
-4.68323
-4.67428
-4.65274
-4.62272
-4.58728
-4.55197
-4.52772
-4.52455
-4.53921
-4.56001
-4.5786
-4.59272
-4.60803
-4.62284
-4.63757
-4.64748
-4.65337
-4.65386
-4.64679
-4.63354
-4.61979
-4.60683
-4.59091
-4.56487
-4.52717
-4.48491
-4.45348
-4.44251
-4.4508
-4.47045
-4.49828
-4.5327
-4.57054
-4.60774
-4.63952
-4.66637
-4.68757
-4.70936
-4.73359
-4.76193
-4.79011
-4.80912
-4.81431
-4.80192
-4.77575
-4.74317
-4.71517
-4.69893
-4.69889
-4.70575
-4.71445
-4.71694
-4.70661
-4.6814
-4.64324
-4.60032
-4.56052
-4.53248
-4.52172
-4.53065
-4.55727
-4.59426
-4.63487
-4.67075
-4.69456
-4.70149
-4.68921
-4.66465
-4.63111
-4.59698
-4.56586
-4.53913
-4.51477
-4.49152
-4.47263
-4.45611
-4.44785
-4.45271
-4.4752
-4.51376
-4.55704
-4.59224
-4.61412
-4.61737
-4.5986
-4.56754
-4.53006
-4.49732
-4.4768
-4.47068
-4.47729
-4.48997
-4.49909
-4.50226
-4.49551
-4.48582
-4.48098
-4.49098
-4.5277
-4.58719
-4.65058
-4.69887
-4.72596
-4.73767
-4.74096
-4.74218
-4.74269
-4.74405
-4.74405
-4.74126
-4.7371
-4.73525
-4.73961
-4.75047
-4.76526
-4.78351
-4.7997
-4.81571
-4.82866
-4.84084
-4.85113
-4.85633
-4.85611
-4.84881
-4.82959
-4.79827
-4.75408
-4.69949
-4.64496
-4.60309
-4.58454
-4.59545
-4.63152
-4.68354
-4.73868
-4.79018
-4.83064
-4.85805
-4.86776
-4.85795
-4.83095
-4.79424
-4.75537
-4.72023
-4.68911
-4.65671
-4.62015
-4.57612
-4.52493
-4.47251
-4.43542
-4.42523
-4.45123
-4.51037
-4.58521
-4.65893
-4.71952
-4.75864
-4.77821
-4.77895
-4.76916
-4.75343
-4.73287
-4.71019
-4.687
-4.65831
-4.62805
-4.59964
-4.57847
-4.57059
-4.57899
-4.60594
-4.64215
-4.68151
-4.71314
-4.73516
-4.7446
-4.74297
-4.73363
-4.72157
-4.70921
-4.70195
-4.69914
-4.70303
-4.71231
-4.72628
-4.74415
-4.76001
-4.77084
-4.77472
-4.76935
-4.75461
-4.73394
-4.70804
-4.68296
-4.66048
-4.64053
-4.62162
-4.59917
-4.57584
-4.55006
-4.52706
-4.51316
-4.51073
-4.51829
-4.53607
-4.55586
-4.57788
-4.59857
-4.61791
-4.63981
-4.66769
-4.70256
-4.74004
-4.77484
-4.79876
-4.80621
-4.79945
-4.78614
-4.77817
-4.77922
-4.78914
-4.80006
-4.80206
-4.78437
-4.74679
-4.69664
-4.6524
-4.63198
-4.64016
-4.66602
-4.68828
-4.69217
-4.67571
-4.64724
-4.62562
-4.62373
-4.64232
-4.67443
-4.71286
-4.74667
-4.77202
-4.79049
-4.8028
-4.80868
-4.8052
-4.78921
-4.7621
-4.72568
-4.68536
-4.6452
-4.60329
-4.55845
-4.51323
-4.47451
-4.44971
-4.44878
-4.4687
-4.50535
-4.55187
-4.59688
-4.63615
-4.66525
-4.68279
-4.69232
-4.69622
-4.69874
-4.69688
-4.68933
-4.67424
-4.65494
-4.63727
-4.63242
-4.64444
-4.67191
-4.70859
-4.7497
-4.78648
-4.81196
-4.82295
-4.81545
-4.79324
-4.76405
-4.74104
-4.73146
-4.73548
-4.7449
-4.75412
-4.75687
-4.75391
-4.7431
-4.72799
-4.71377
-4.70388
-4.69716
-4.69285
-4.68879
-4.68078
-4.66806
-4.65359
-4.64031
-4.63398
-4.63167
-4.63435
-4.63626
-4.63132
-4.61687
-4.59157
-4.56108
-4.53262
-4.51343
-4.50735
-4.52074
-4.55339
-4.59778
-4.64
-4.66635
-4.67303
-4.66167
-4.64005
-4.61596
-4.59577
-4.58298
-4.57322
-4.56716
-4.56402
-4.57152
-4.59114
-4.62175
-4.65771
-4.69079
-4.71729
-4.73464
-4.7403
-4.73787
-4.72855
-4.71566
-4.70121
-4.68212
-4.66429
-4.64696
-4.63705
-4.63681
-4.64782
-4.67018
-4.70006
-4.72934
-4.754
-4.76618
-4.76171
-4.7384
-4.70088
-4.65505
-4.61046
-4.57593
-4.5514
-4.53249
-4.51465
-4.49853
-4.49167
-4.49487
-4.50834
-4.53134
-4.55944
-4.58974
-4.62611
-4.66253
-4.69235
-4.71121
-4.71437
-4.70353
-4.68448
-4.66255
-4.64691
-4.63573
-4.63061
-4.6251
-4.62495
-4.62998
-4.64428
-4.66285
-4.67747
-4.68075
-4.66958
-4.64166
-4.59685
-4.54394
-4.49252
-4.45242
-4.43717
-4.45146
-4.49228
-4.54669
-4.59835
-4.63476
-4.64775
-4.64077
-4.62061
-4.6009
-4.58987
-4.58977
-4.59679
-4.60636
-4.60995
-4.60552
-4.59227
-4.57117
-4.54838
-4.52909
-4.518
-4.51686
-4.52242
-4.53579
-4.55914
-4.59442
-4.64038
-4.69482
-4.74856
-4.79395
-4.8228
-4.82907
-4.81665
-4.79296
-4.76729
-4.74616
-4.72951
-4.71063
-4.68452
-4.65389
-4.62033
-4.58238
-4.54345
-4.5167
-4.51132
-4.52974
-4.56114
-4.59039
-4.61408
-4.62394
-4.61705
-4.59249
-4.55028
-4.49541
-4.44407
-4.41464
-4.42073
-4.45816
-4.50764
-4.55184
-4.58126
-4.59203
-4.58477
-4.56134
-4.52617
-4.48757
-4.4463
-4.41256
-4.3932
-4.39016
-4.40505
-4.4335
-4.4735
-4.51683
-4.55793
-4.59163
-4.61169
-4.61516
-4.59916
-4.56624
-4.52234
-4.47587
-4.44148
-4.42376
-4.42308
-4.43495
-4.45232
-4.47175
-4.49387
-4.51578
-4.53512
-4.54573
-4.54683
-4.54114
-4.53276
-4.52337
-4.52018
-4.52344
-4.53169
-4.5438
-4.55699
-4.5689
-4.57932
-4.58843
-4.5974
-4.60593
-4.61231
-4.61574
-4.61705
-4.61961
-4.6248
-4.63143
-4.6369
-4.64052
-4.64055
-4.63745
-4.6305
-4.62088
-4.61009
-4.60068
-4.59652
-4.59705
-4.60257
-4.60955
-4.61341
-4.6143
-4.60703
-4.59455
-4.57827
-4.56396
-4.5614
-4.57469
-4.60036
-4.62947
-4.6562
-4.67755
-4.69904
-4.72027
-4.74102
-4.75684
-4.76333
-4.76065
-4.75466
-4.75641
-4.76733
-4.77612
-4.77773
-4.77558
-4.77004
-4.76119
-4.74471
-4.71752
-4.67794
-4.63331
-4.58905
-4.55856
-4.54865
-4.54993
-4.54919
-4.53892
-4.51726
-4.49316
-4.47961
-4.48225
-4.49536
-4.50931
-4.51253
-4.5028
-4.48635
-4.47904
-4.49415
-4.53353
-4.59335
-4.66385
-4.73491
-4.79988
-4.85107
-4.88119
-4.8887
-4.87044
-4.82921
-4.77091
-4.70833
-4.65184
-4.61104
-4.59033
-4.58538
-4.59531
-4.61027
-4.62805
-4.641
-4.64927
-4.65044
-4.64875
-4.64989
-4.65838
-4.67432
-4.69877
-4.72395
-4.74677
-4.76271
-4.77018
-4.7654
-4.7448
-4.71037
-4.66456
-4.6157
-4.57352
-4.54664
-4.53887
-4.5483
-4.56971
-4.59943
-4.63544
-4.67441
-4.71118
-4.74091
-4.7564
-4.75989
-4.7579
-4.76336
-4.77883
-4.79041
-4.79263
-4.78331
-4.76697
-4.74938
-4.73214
-4.71522
-4.69733
-4.67319
-4.64692
-4.62128
-4.60447
-4.59952
-4.60602
-4.6211
-4.63847
-4.65109
-4.65912
-4.661
-4.65699
-4.64947
-4.6415
-4.63505
-4.6268
-4.61532
-4.60076
-4.58687
-4.57611
-4.57079
-4.57562
-4.5882
-4.60843
-4.62942
-4.64678
-4.65442
-4.65025
-4.63691
-4.61867
-4.60269
-4.59538
-4.60219
-4.62392
-4.65344
-4.68227
-4.70484
-4.71665
-4.71631
-4.70501
-4.68256
-4.65068
-4.61469
-4.57967
-4.54795
-4.52212
-4.50216
-4.49049
-4.49039
-4.5072
-4.54182
-4.58866
-4.64019
-4.69036
-4.73133
-4.76246
-4.78158
-4.79091
-4.78902
-4.77651
-4.75554
-4.72938
-4.70519
-4.68631
-4.67318
-4.66496
-4.65897
-4.64735
-4.63398
-4.61901
-4.60236
-4.58686
-4.57359
-4.56903
-4.58291
-4.61754
-4.66453
-4.71008
-4.74337
-4.7648
-4.77779
-4.78572
-4.78813
-4.78612
-4.77934
-4.76806
-4.7552
-4.74755
-4.74637
-4.7563
-4.77174
-4.78533
-4.78628
-4.76991
-4.73493
-4.68875
-4.64498
-4.61428
-4.59959
-4.59136
-4.58498
-4.57563
-4.56248
-4.54253
-4.51653
-4.49068
-4.47015
-4.4623
-4.46402
-4.47013
-4.47216
-4.46978
-4.46708
-4.46942
-4.48214
-4.50514
-4.53161
-4.55813
-4.5832
-4.60792
-4.62983
-4.64638
-4.658
-4.67035
-4.68595
-4.70682
-4.72982
-4.74953
-4.75722
-4.75
-4.72798
-4.69115
-4.6446
-4.59129
-4.53757
-4.48793
-4.44515
-4.41109
-4.38977
-4.38307
-4.38957
-4.40725
-4.42646
-4.44166
-4.4509
-4.45048
-4.44228
-4.42613
-4.40733
-4.39462
-4.3969
-4.4197
-4.45922
-4.50784
-4.55431
-4.59226
-4.61678
-4.6296
-4.63818
-4.64243
-4.64481
-4.64318
-4.63878
-4.63357
-4.62773
-4.62333
-4.61886
-4.61943
-4.62742
-4.64563
-4.66995
-4.69407
-4.70916
-4.71453
-4.71195
-4.70264
-4.68767
-4.66775
-4.646
-4.6255
-4.61208
-4.60718
-4.60943
-4.61171
-4.61019
-4.60292
-4.59192
-4.58267
-4.58381
-4.60187
-4.63998
-4.69334
-4.75184
-4.80621
-4.84695
-4.86578
-4.8562
-4.81549
-4.74494
-4.64915
-4.53663
-4.42487
-4.33405
-4.28676
-4.28784
-4.33131
-4.40223
-4.48175
-4.55751
-4.62171
-4.66881
-4.6963
-4.70563
-4.69402
-4.66974
-4.64563
-4.63295
-4.64043
-4.66446
-4.69568
-4.73063
-4.76143
-4.78417
-4.7871
-4.76425
-4.7199
-4.65513
-4.58161
-4.50741
-4.44393
-4.40136
-4.38747
-4.3977
-4.42319
-4.45453
-4.47886
-4.49032
-4.48327
-4.46123
-4.43219
-4.40707
-4.40283
-4.42856
-4.47638
-4.5329
-4.58872
-4.63236
-4.66315
-4.67903
-4.68684
-4.68666
-4.68332
-4.68059
-4.67963
-4.68061
-4.6785
-4.66767
-4.64142
-4.59322
-4.52567
-4.44521
-4.36666
-4.31456
-4.30393
-4.33756
-4.40521
-4.4853
-4.56247
-4.62784
-4.67431
-4.70045
-4.71124
-4.71021
-4.69985
-4.6796
-4.64835
-4.60395
-4.55061
-4.49792
-4.45713
-4.43752
-4.44226
-4.47324
-4.52263
-4.58132
-4.62854
-4.65491
-4.65851
-4.64017
-4.60565
-4.56467
-4.52566
-4.49559
-4.4736
-4.46318
-4.46513
-4.48129
-4.5114
-4.55123
-4.59206
-4.62646
-4.64601
-4.64483
-4.6251
-4.5915
-4.55296
-4.51826
-4.49356
-4.47872
-4.46899
-4.46451
-4.46741
-4.48525
-4.52005
-4.56794
-4.61943
-4.66505
-4.70101
-4.72708
-4.74637
-4.7605
-4.77191
-4.77929
-4.77372
-4.75331
-4.71206
-4.64945
-4.5738
-4.5042
-4.45714
-4.43265
-4.41885
-4.40539
-4.39039
-4.38001
-4.37281
-4.36676
-4.36288
-4.3696
-4.39572
-4.4435
-4.50301
-4.56056
-4.60542
-4.63182
-4.64646
-4.65085
-4.65303
-4.65561
-4.65781
-4.65932
-4.65565
-4.64562
-4.63125
-4.61819
-4.60858
-4.59871
-4.58537
-4.56977
-4.54774
-4.52357
-4.49498
-4.46281
-4.42842
-4.38878
-4.34959
-4.31301
-4.28878
-4.2877
-4.3171
-4.37712
-4.45534
-4.53711
-4.60782
-4.65905
-4.68852
-4.69769
-4.69045
-4.67638
-4.663
-4.65846
-4.66377
-4.67832
-4.69323
-4.70025
-4.69517
-4.6753
-4.64325
-4.60406
-4.56112
-4.52008
-4.48656
-4.46415
-4.45966
-4.46952
-4.48685
-4.49966
-4.50851
-4.5136
-4.51974
-4.53278
-4.55137
-4.57468
-4.59751
-4.61451
-4.61906
-4.60707
-4.57933
-4.53911
-4.49384
-4.45096
-4.41457
-4.38488
-4.36043
-4.33991
-4.32693
-4.33197
-4.36001
-4.41353
-4.48514
-4.55986
-4.6279
-4.68316
-4.72459
-4.75468
-4.7712
-4.7736
-4.76148
-4.73723
-4.70639
-4.67577
-4.65463
-4.64459
-4.64913
-4.66328
-4.68286
-4.70262
-4.72012
-4.73049
-4.73372
-4.73139
-4.72406
-4.70973
-4.68799
-4.65937
-4.6244
-4.589
-4.56144
-4.54723
-4.5455
-4.54717
-4.54052
-4.51827
-4.4808
-4.43731
-4.39909
-4.37692
-4.37372
-4.38992
-4.41762
-4.44762
-4.46697
-4.47341
-4.46841
-4.45881
-4.45316
-4.45768
-4.47342
-4.49522
-4.50539
-4.49261
-4.45653
-4.40836
-4.35897
-4.32051
-4.29166
-4.2657
-4.23467
-4.19916
-4.16802
-4.149
-4.15052
-4.18155
-4.2424
-4.32713
-4.41695
-4.4877
-4.52999
-4.53549
-4.50999
-4.46634
-4.41736
-4.37638
-4.34621
-4.32101
-4.29361
-4.25856
-4.22475
-4.20194
-4.19158
-4.20036
-4.24109
-4.29925
-4.35437
-4.393
-4.41796
-4.43818
-4.46178
-4.49096
-4.52578
-4.56601
-4.60803
-4.64682
-4.68209
-4.70898
-4.72757
-4.73465
-4.73357
-4.72366
-4.70842
-4.68922
-4.6721
-4.66209
-4.66062
-4.66775
-4.67513
-4.67625
-4.6648
-4.6346
-4.58485
-4.52267
-4.46158
-4.41677
-4.39678
-4.39738
-4.41209
-4.43448
-4.45637
-4.47406
-4.48848
-4.50121
-4.51443
-4.52861
-4.54194
-4.55145
-4.55847
-4.56432
-4.57149
-4.58039
-4.59025
-4.59984
-4.60923
-4.62259
-4.6403
-4.65936
-4.67085
-4.66469
-4.63938
-4.6018
-4.55815
-4.52449
-4.50011
-4.48531
-4.4707
-4.45612
-4.44524
-4.44678
-4.46537
-4.50203
-4.54876
-4.59776
-4.63723
-4.66091
-4.66806
-4.6594
-4.64117
-4.6181
-4.59758
-4.58685
-4.583
-4.58145
-4.57287
-4.5534
-4.52397
-4.49924
-4.48607
-4.49119
-4.51122
-4.53835
-4.5636
-4.58397
-4.59803
-4.60672
-4.60928
-4.60507
-4.5906
-4.57166
-4.56836
-4.59769
-4.6499
-4.69856
-4.72602
-4.72771
-4.70565
-4.66997
-4.62622
-4.57558
-4.51568
-4.44759
-4.38358
-4.3508
-4.3542
-4.37136
-4.38252
-4.38039
-4.36883
-4.35773
-4.35475
-4.36605
-4.39279
-4.42602
-4.46365
-4.49686
-4.52944
-4.55601
-4.57428
-4.58187
-4.57968
-4.56751
-4.55034
-4.52927
-4.50901
-4.49142
-4.48084
-4.47696
-4.47587
-4.46981
-4.45782
-4.44307
-4.42859
-4.41715
-4.41356
-4.42133
-4.43988
-4.46712
-4.49461
-4.51743
-4.52936
-4.52983
-4.52316
-4.5133
-4.502
-4.49395
-4.48912
-4.486
-4.48
-4.47038
-4.45792
-4.44342
-4.42853
-4.41325
-4.39579
-4.37966
-4.36164
-4.34733
-4.33808
-4.34335
-4.36786
-4.40682
-4.44676
-4.4757
-4.49011
-4.49477
-4.50078
-4.50321
-4.50365
-4.50134
-4.49975
-4.50169
-4.50262
-4.49539
-4.47268
-4.43512
-4.38818
-4.33771
-4.2968
-4.27079
-4.26481
-4.27665
-4.30316
-4.33512
-4.36671
-4.39504
-4.41629
-4.42891
-4.43083
-4.42107
-4.39592
-4.35792
-4.31134
-4.26777
-4.23795
-4.22926
-4.24058
-4.26289
-4.29286
-4.32325
-4.35205
-4.37554
-4.39609
-4.41499
-4.43143
-4.44652
-4.45657
-4.45924
-4.45702
-4.45278
-4.45239
-4.46284
-4.48314
-4.51375
-4.54944
-4.58533
-4.61466
-4.63069
-4.62904
-4.61247
-4.5817
-4.54496
-4.50979
-4.48318
-4.47074
-4.47064
-4.47523
-4.47457
-4.46232
-4.43538
-4.40051
-4.3653
-4.34202
-4.34141
-4.35826
-4.37812
-4.39373
-4.40462
-4.42052
-4.4467
-4.48673
-4.53448
-4.58703
-4.63695
-4.67617
-4.70137
-4.71242
-4.70851
-4.69402
-4.66742
-4.63229
-4.58783
-4.53864
-4.49187
-4.45292
-4.43116
-4.42696
-4.43842
-4.45885
-4.48504
-4.51203
-4.53942
-4.56557
-4.5911
-4.61504
-4.63661
-4.65388
-4.66641
-4.67268
-4.67012
-4.65967
-4.64248
-4.62322
-4.60004
-4.57641
-4.55129
-4.52872
-4.51253
-4.50813
-4.52279
-4.55241
-4.59022
-4.62996
-4.66282
-4.68434
-4.69253
-4.68275
-4.65158
-4.5999
-4.53205
-4.45964
-4.39468
-4.34321
-4.30088
-4.26287
-4.22681
-4.20304
-4.20774
-4.24871
-4.31414
-4.38037
-4.42986
-4.45862
-4.46945
-4.46921
-4.45834
-4.44374
-4.42714
-4.41613
-4.41515
-4.42358
-4.43621
-4.4414
-4.43219
-4.4054
-4.37345
-4.35098
-4.34708
-4.35572
-4.3664
-4.3657
-4.35394
-4.33218
-4.30503
-4.28634
-4.28697
-4.30679
-4.33794
-4.37185
-4.40708
-4.43791
-4.46309
-4.47909
-4.48383
-4.47899
-4.47119
-4.46708
-4.47223
-4.49204
-4.52144
-4.5521
-4.578
-4.59855
-4.61296
-4.6282
-4.65022
-4.67954
-4.7155
-4.74939
-4.77022
-4.76907
-4.74571
-4.70454
-4.65338
-4.6015
-4.55696
-4.52178
-4.49701
-4.48355
-4.48226
-4.49421
-4.51989
-4.55885
-4.60352
-4.64456
-4.67471
-4.68818
-4.68252
-4.66062
-4.63119
-4.60256
-4.58209
-4.57279
-4.57161
-4.56902
-4.55794
-4.53036
-4.491
-4.44766
-4.41716
-4.4151
-4.44077
-4.47724
-4.50478
-4.5139
-4.50936
-4.49875
-4.4946
-4.50535
-4.52692
-4.55677
-4.58593
-4.61253
-4.63072
-4.64254
-4.65112
-4.65546
-4.65593
-4.64782
-4.62724
-4.59652
-4.55486
-4.50344
-4.45219
-4.4036
-4.36874
-4.35383
-4.37046
-4.41986
-4.49159
-4.56867
-4.63278
-4.67219
-4.68385
-4.67582
-4.65927
-4.63885
-4.62072
-4.61057
-4.60807
-4.61262
-4.6222
-4.6384
-4.66069
-4.69099
-4.72482
-4.75564
-4.77472
-4.77847
-4.7699
-4.74883
-4.72433
-4.703
-4.69213
-4.694
-4.7122
-4.73851
-4.76148
-4.7685
-4.75778
-4.73293
-4.6999
-4.66993
-4.65007
-4.64071
-4.63742
-4.63634
-4.63349
-4.62422
-4.60452
-4.57811
-4.55204
-4.53977
-4.54961
-4.57947
-4.61654
-4.64939
-4.66962
-4.67263
-4.66145
-4.63889
-4.61144
-4.58677
-4.56293
-4.54086
-4.5169
-4.49373
-4.47589
-4.4642
-4.46577
-4.47998
-4.50425
-4.53119
-4.54999
-4.55677
-4.5473
-4.53282
-4.51741
-4.5089
-4.51045
-4.52263
-4.54057
-4.56352
-4.59077
-4.62225
-4.65493
-4.68538
-4.7119
-4.73147
-4.74733
-4.75509
-4.75721
-4.74622
-4.72259
-4.687
-4.6421
-4.59339
-4.54976
-4.51985
-4.50604
-4.50279
-4.50534
-4.50893
-4.51134
-4.51002
-4.50212
-4.49149
-4.48093
-4.47694
-4.48154
-4.4984
-4.52203
-4.54294
-4.54869
-4.53491
-4.50481
-4.46575
-4.43104
-4.41038
-4.40889
-4.41956
-4.442
-4.47352
-4.51637
-4.56798
-4.62237
-4.67246
-4.71131
-4.73633
-4.7419
-4.72676
-4.68483
-4.61611
-4.53036
-4.44001
-4.36953
-4.33629
-4.34098
-4.37526
-4.43298
-4.50207
-4.57241
-4.63199
-4.67207
-4.69038
-4.68311
-4.65872
-4.62072
-4.58087
-4.54823
-4.53265
-4.53945
-4.56253
-4.59215
-4.61514
-4.62229
-4.61035
-4.58384
-4.54811
-4.51386
-4.49503
-4.49511
-4.51494
-4.54973
-4.5939
-4.63815
-4.67577
-4.69996
-4.71032
-4.70596
-4.68689
-4.66004
-4.62584
-4.58828
-4.55114
-4.51548
-4.47897
-4.44276
-4.41275
-4.39556
-4.39335
-4.40396
-4.42438
-4.448
-4.46933
-4.48454
-4.4918
-4.49144
-4.4836
-4.47299
-4.46079
-4.44902
-4.4457
-4.45508
-4.48002
-4.5189
-4.56605
-4.61071
-4.64356
-4.66116
-4.65993
-4.64561
-4.62442
-4.60548
-4.59095
-4.57985
-4.56733
-4.55345
-4.53773
-4.52598
-4.51895
-4.51229
-4.49946
-4.47869
-4.45234
-4.43031
-4.42378
-4.43752
-4.46371
-4.49047
-4.50726
-4.51116
-4.49872
-4.47339
-4.43736
-4.39829
-4.36057
-4.33433
-4.3276
-4.34221
-4.36353
-4.37346
-4.36149
-4.33177
-4.29326
-4.26311
-4.25112
-4.26049
-4.28941
-4.32931
-4.37441
-4.42179
-4.4671
-4.51151
-4.55356
-4.58891
-4.61253
-4.61972
-4.60817
-4.57901
-4.53598
-4.48693
-4.44723
-4.42912
-4.43734
-4.46712
-4.50688
-4.54663
-4.57943
-4.60128
-4.60952
-4.60258
-4.58526
-4.56135
-4.5382
-4.52197
-4.51243
-4.50638
-4.49658
-4.48137
-4.46459
-4.44744
-4.42969
-4.40467
-4.37095
-4.33117
-4.30009
-4.29044
-4.30879
-4.35018
-4.4006
-4.44926
-4.48839
-4.5253
-4.56041
-4.5899
-4.60792
-4.60962
-4.59876
-4.57904
-4.55465
-4.53064
-4.5075
-4.48174
-4.45121
-4.41155
-4.36541
-4.32378
-4.29685
-4.29075
-4.30003
-4.31795
-4.33506
-4.35126
-4.36072
-4.36653
-4.37457
-4.3928
-4.42503
-4.46879
-4.5135
-4.55182
-4.57809
-4.59271
-4.59914
-4.59859
-4.58977
-4.58065
-4.57307
-4.56399
-4.54949
-4.5271
-4.50539
-4.48612
-4.47486
-4.47223
-4.47684
-4.48344
-4.4887
-4.48792
-4.47956
-4.46093
-4.43421
-4.40278
-4.36845
-4.3317
-4.29574
-4.26361
-4.24233
-4.2346
-4.24176
-4.2636
-4.29083
-4.31258
-4.31696
-4.30048
-4.2675
-4.23081
-4.20916
-4.22075
-4.26693
-4.33167
-4.39607
-4.44812
-4.47851
-4.48646
-4.48186
-4.46924
-4.4546
-4.43798
-4.41806
-4.39359
-4.36783
-4.34087
-4.32047
-4.31084
-4.31491
-4.33888
-4.38182
-4.43764
-4.49578
-4.54315
-4.57025
-4.5711
-4.54485
-4.49583
-4.4337
-4.37398
-4.33374
-4.32353
-4.34304
-4.38179
-4.42695
-4.46724
-4.49784
-4.51603
-4.52193
-4.51542
-4.5021
-4.48606
-4.47426
-4.4682
-4.47164
-4.48643
-4.51034
-4.53251
-4.5463
-4.54432
-4.52649
-4.49137
-4.44203
-4.3893
-4.34943
-4.33394
-4.34407
-4.37108
-4.40196
-4.42852
-4.44847
-4.46349
-4.47724
-4.49053
-4.50247
-4.50894
-4.50791
-4.49792
-4.48196
-4.46479
-4.45105
-4.4415
-4.44051
-4.45341
-4.48934
-4.54755
-4.61538
-4.68102
-4.73385
-4.76698
-4.77838
-4.76538
-4.72969
-4.67326
-4.6
-4.51783
-4.44279
-4.39303
-4.38341
-4.41201
-4.4631
-4.52265
-4.58263
-4.63409
-4.66887
-4.68167
-4.66974
-4.63527
-4.58439
-4.52483
-4.4583
-4.39058
-4.3211
-4.25894
-4.21515
-4.20118
-4.21255
-4.23596
-4.26305
-4.29621
-4.33605
-4.38068
-4.41935
-4.4471
-4.46488
-4.47792
-4.49111
-4.51246
-4.54455
-4.57919
-4.60879
-4.62096
-4.61087
-4.5782
-4.53387
-4.48525
-4.44012
-4.39962
-4.36633
-4.34723
-4.34875
-4.37381
-4.41927
-4.47075
-4.51362
-4.53897
-4.54258
-4.52753
-4.50406
-4.48332
-4.47572
-4.48276
-4.50154
-4.52582
-4.54533
-4.55844
-4.56624
-4.56943
-4.56745
-4.55897
-4.5435
-4.52267
-4.49802
-4.47322
-4.45351
-4.44196
-4.44287
-4.45631
-4.47612
-4.49592
-4.50701
-4.50794
-4.49683
-4.47818
-4.45216
-4.4211
-4.38855
-4.36435
-4.35648
-4.37398
-4.41407
-4.4653
-4.51028
-4.53776
-4.54291
-4.52747
-4.50038
-4.476
-4.46599
-4.47086
-4.48479
-4.4995
-4.5148
-4.52939
-4.546
-4.5646
-4.58685
-4.60954
-4.63253
-4.65881
-4.68555
-4.7109
-4.7355
-4.75976
-4.77932
-4.78923
-4.78189
-4.74953
-4.69031
-4.61315
-4.53172
-4.46358
-4.41516
-4.39238
-4.39401
-4.41686
-4.45744
-4.51286
-4.56815
-4.60564
-4.61755
-4.60036
-4.56399
-4.52023
-4.48323
-4.46503
-4.46547
-4.47992
-4.50284
-4.52663
-4.55053
-4.57252
-4.59244
-4.60841
-4.61952
-4.62259
-4.6182
-4.6064
-4.59491
-4.58782
-4.58856
-4.59711
-4.60819
-4.61366
-4.61066
-4.60028
-4.58617
-4.57953
-4.58518
-4.60427
-4.63112
-4.65843
-4.67981
-4.68846
-4.6836
-4.66383
-4.62807
-4.57902
-4.51883
-4.45487
-4.39459
-4.34552
-4.31119
-4.29226
-4.28927
-4.29862
-4.31058
-4.31997
-4.32488
-4.32973
-4.34055
-4.3639
-4.39917
-4.44452
-4.48803
-4.52467
-4.55164
-4.56838
-4.57917
-4.58563
-4.58692
-4.58117
-4.56703
-4.54351
-4.51049
-4.47593
-4.44782
-4.43251
-4.42475
-4.41816
-4.40532
-4.38764
-4.37421
-4.37111
-4.38319
-4.41104
-4.44637
-4.47968
-4.49922
-4.49698
-4.46791
-4.42199
-4.37429
-4.34359
-4.3441
-4.37303
-4.42339
-4.48612
-4.54819
-4.59794
-4.62432
-4.62146
-4.59033
-4.54048
-4.47821
-4.41222
-4.35005
-4.29814
-4.26249
-4.24363
-4.23253
-4.22071
-4.2014
-4.18099
-4.1766
-4.2002
-4.2495
-4.31183
-4.37319
-4.41852
-4.44246
-4.44032
-4.41596
-4.38237
-4.34804
-4.31797
-4.28989
-4.26587
-4.24634
-4.23429
-4.23856
-4.25648
-4.29045
-4.33227
-4.3775
-4.41913
-4.44903
-4.46218
-4.45524
-4.42958
-4.38996
-4.34792
-4.30775
-4.27617
-4.25536
-4.24596
-4.24663
-4.25813
-4.2779
-4.30468
-4.33568
-4.37242
-4.41078
-4.4452
-4.47257
-4.48987
-4.49442
-4.48812
-4.47119
-4.44926
-4.421
-4.38943
-4.36172
-4.34769
-4.3529
-4.37642
-4.40931
-4.43755
-4.45813
-4.47451
-4.49235
-4.51408
-4.53946
-4.56119
-4.57228
-4.5707
-4.55976
-4.54518
-4.53132
-4.5236
-4.52022
-4.52092
-4.51845
-4.50954
-4.48645
-4.44516
-4.38903
-4.32223
-4.26576
-4.23309
-4.23697
-4.27386
-4.32917
-4.38269
-4.4222
-4.44267
-4.44085
-4.42562
-4.40502
-4.38198
-4.35785
-4.33148
-4.30373
-4.27952
-4.26724
-4.26934
-4.28112
-4.30077
-4.32822
-4.36256
-4.40453
-4.45355
-4.50679
-4.55876
-4.60384
-4.63179
-4.63756
-4.62316
-4.59661
-4.5711
-4.55583
-4.54973
-4.55054
-4.55154
-4.54845
-4.54183
-4.52718
-4.50183
-4.46214
-4.41452
-4.37446
-4.35648
-4.36572
-4.38675
-4.41759
-4.45525
-4.49701
-4.53437
-4.56474
-4.58428
-4.59451
-4.59934
-4.60623
-4.61107
-4.60848
-4.5916
-4.55771
-4.51328
-4.4718
-4.4451
-4.44109
-4.45685
-4.48522
-4.512
-4.53224
-4.53947
-4.53043
-4.50622
-4.47074
-4.43373
-4.40859
-4.40416
-4.4195
-4.4506
-4.48914
-4.52906
-4.56268
-4.58489
-4.59558
-4.59719
-4.59045
-4.57674
-4.55334
-4.5196
-4.47725
-4.43384
-4.39859
-4.37496
-4.36052
-4.35221
-4.34999
-4.35496
-4.37271
-4.40254
-4.44022
-4.47672
-4.50284
-4.50972
-4.49316
-4.45282
-4.39609
-4.33091
-4.27548
-4.24026
-4.23486
-4.26044
-4.31125
-4.37623
-4.44462
-4.50669
-4.55454
-4.58434
-4.59627
-4.59046
-4.57185
-4.5509
-4.53479
-4.52745
-4.52495
-4.52423
-4.52065
-4.51371
-4.50791
-4.50543
-4.51031
-4.51855
-4.52517
-4.52743
-4.51726
-4.49526
-4.46296
-4.42326
-4.38811
-4.36372
-4.35282
-4.35654
-4.36867
-4.38759
-4.40956
-4.43317
-4.46548
-4.5039
-4.54029
-4.57138
-4.59253
-4.60136
-4.59297
-4.56673
-4.52329
-4.47168
-4.42295
-4.39068
-4.37987
-4.3822
-4.38523
-4.37965
-4.36382
-4.34285
-4.32713
-4.33226
-4.35968
-4.39595
-4.42746
-4.44121
-4.44316
-4.44855
-4.46756
-4.49754
-4.52773
-4.55095
-4.56589
-4.57497
-4.58141
-4.58522
-4.58527
-4.58017
-4.56767
-4.54667
-4.51334
-4.47401
-4.42961
-4.38461
-4.34077
-4.3037
-4.28084
-4.27833
-4.29772
-4.33262
-4.37462
-4.41708
-4.45816
-4.49536
-4.52574
-4.55095
-4.56949
-4.5808
-4.58238
-4.57388
-4.55583
-4.53488
-4.51698
-4.50552
-4.49654
-4.49313
-4.49564
-4.51261
-4.54881
-4.59839
-4.64308
-4.6672
-4.66245
-4.63105
-4.5812
-4.53059
-4.49496
-4.48281
-4.49162
-4.51688
-4.54334
-4.56325
-4.56888
-4.55495
-4.5227
-4.48082
-4.44833
-4.44114
-4.45726
-4.47964
-4.48654
-4.46642
-4.42159
-4.37085
-4.3364
-4.3206
-4.30745
-4.28927
-4.278
-4.29263
-4.34283
-4.41686
-4.49118
-4.55175
-4.59379
-4.61381
-4.61887
-4.61233
-4.60181
-4.59172
-4.58235
-4.56346
-4.5281
-4.47231
-4.40163
-4.3274
-4.2584
-4.20685
-4.17405
-4.16216
-4.17161
-4.19828
-4.23577
-4.27765
-4.31771
-4.35455
-4.38385
-4.4073
-4.42095
-4.4218
-4.40474
-4.37616
-4.3458
-4.32026
-4.30121
-4.28599
-4.2742
-4.27234
-4.28067
-4.29336
-4.30117
-4.30055
-4.29418
-4.28797
-4.29311
-4.30967
-4.33886
-4.3768
-4.41613
-4.44889
-4.46838
-4.4736
-4.46344
-4.43972
-4.40587
-4.36607
-4.32999
-4.30884
-4.31527
-4.34867
-4.40044
-4.45718
-4.51256
-4.56997
-4.62387
-4.67069
-4.70049
-4.71077
-4.7039
-4.68699
-4.66967
-4.66049
-4.659
-4.66108
-4.65689
-4.6383
-4.59884
-4.53817
-4.46645
-4.41844
-4.42548
-4.48349
-4.55746
-4.61464
-4.64101
-4.63059
-4.5842
-4.50831
-4.4204
-4.34377
-4.30105
-4.29961
-4.33622
-4.39405
-4.45408
-4.5045
-4.54461
-4.57223
-4.58756
-4.58737
-4.5724
-4.54577
-4.51643
-4.49543
-4.49277
-4.51207
-4.54584
-4.57883
-4.60634
-4.61833
-4.61211
-4.59145
-4.56098
-4.52357
-4.48384
-4.4474
-4.41751
-4.40311
-4.40505
-4.42152
-4.44248
-4.45952
-4.46596
-4.46051
-4.45312
-4.44903
-4.45676
-4.47252
-4.49284
-4.51255
-4.52961
-4.54167
-4.5462
-4.54352
-4.53484
-4.52876
-4.53551
-4.55764
-4.59022
-4.61977
-4.63408
-4.62736
-4.597
-4.54518
-4.48078
-4.41962
-4.37876
-4.36425
-4.3663
-4.37567
-4.38776
-4.40032
-4.40873
-4.41068
-4.40891
-4.40827
-4.41057
-4.42361
-4.442
-4.46394
-4.48407
-4.50335
-4.5258
-4.55359
-4.58603
-4.61364
-4.63401
-4.6375
-4.62442
-4.59517
-4.55203
-4.49567
-4.43531
-4.37706
-4.32736
-4.29647
-4.28887
-4.29944
-4.31802
-4.33933
-4.36483
-4.39523
-4.42748
-4.45684
-4.48139
-4.49658
-4.50363
-4.50544
-4.50228
-4.48968
-4.4642
-4.42684
-4.3879
-4.36749
-4.37693
-4.4181
-4.47502
-4.53525
-4.5889
-4.62937
-4.65512
-4.66829
-4.66981
-4.65657
-4.62708
-4.57912
-4.52287
-4.46954
-4.43052
-4.40823
-4.38864
-4.37445
-4.3744
-4.38902
-4.41841
-4.45664
-4.49804
-4.54091
-4.57474
-4.59505
-4.59548
-4.57919
-4.55129
-4.51871
-4.4879
-4.4654
-4.45365
-4.45727
-4.47099
-4.48919
-4.50686
-4.52061
-4.53195
-4.54427
-4.55766
-4.56385
-4.56101
-4.54991
-4.53318
-4.50538
-4.45796
-4.39176
-4.32143
-4.28047
-4.28733
-4.31787
-4.34606
-4.36551
-4.37776
-4.39118
-4.40573
-4.4142
-4.4165
-4.41625
-4.41922
-4.42552
-4.42876
-4.41851
-4.38925
-4.34527
-4.29487
-4.24678
-4.20862
-4.18798
-4.18703
-4.20244
-4.22297
-4.23904
-4.24808
-4.24973
-4.2472
-4.24937
-4.26501
-4.30222
-4.36385
-4.44377
-4.53143
-4.61465
-4.68317
-4.72986
-4.75793
-4.76884
-4.76533
-4.75036
-4.72165
-4.67845
-4.6224
-4.55998
-4.49158
-4.41556
-4.34166
-4.29026
-4.27969
-4.31177
-4.37169
-4.43975
-4.50122
-4.54359
-4.55961
-4.54806
-4.51217
-4.45894
-4.39898
-4.33915
-4.28498
-4.23964
-4.2075
-4.19222
-4.19815
-4.22246
-4.25893
-4.30101
-4.34338
-4.38566
-4.4223
-4.45084
-4.47092
-4.48096
-4.48365
-4.4799
-4.47343
-4.46517
-4.45521
-4.4409
-4.42855
-4.42617
-4.43793
-4.46298
-4.5002
-4.5468
-4.5952
-4.63842
-4.66685
-4.67778
-4.67154
-4.65327
-4.62984
-4.60548
-4.57921
-4.54336
-4.47488
-4.3978
-4.3227
-4.27074
-4.2495
-4.2549
-4.27692
-4.30361
-4.3213
-4.32346
-4.30198
-4.25682
-4.19974
-4.1542
-4.14911
-4.18935
-4.25566
-4.31933
-4.36572
-4.38341
-4.37935
-4.36392
-4.35317
-4.35811
-4.38482
-4.43628
-4.50116
-4.56045
-4.60471
-4.63226
-4.65481
-4.67723
-4.69456
-4.69822
-4.6814
-4.64563
-4.60116
-4.56105
-4.52888
-4.50473
-4.49203
-4.48559
-4.48715
-4.49146
-4.49891
-4.50584
-4.51376
-4.52639
-4.54486
-4.56157
-4.57105
-4.57088
-4.56793
-4.5679
-4.57312
-4.58012
-4.58284
-4.58226
-4.57602
-4.56548
-4.54774
-4.51684
-4.4736
-4.41783
-4.34983
-4.28159
-4.22412
-4.19256
-4.1926
-4.22327
-4.27794
-4.34238
-4.40545
-4.46178
-4.50425
-4.5312
-4.54824
-4.55998
-4.5678
-4.57137
-4.56747
-4.55579
-4.5395
-4.52595
-4.51867
-4.52129
-4.5356
-4.55852
-4.58238
-4.60353
-4.61542
-4.61323
-4.60038
-4.58214
-4.56474
-4.54936
-4.53151
-4.51262
-4.49659
-4.48879
-4.49663
-4.51777
-4.53941
-4.55282
-4.54589
-4.51618
-4.46651
-4.4055
-4.34712
-4.29879
-4.26082
-4.22981
-4.2063
-4.19678
-4.21813
-4.27039
-4.33195
-4.3793
-4.40348
-4.40653
-4.39768
-4.38555
-4.38129
-4.39122
-4.41758
-4.45377
-4.49076
-4.5211
-4.54152
-4.54911
-4.54549
-4.53475
-4.52091
-4.50747
-4.49891
-4.49435
-4.49295
-4.4931
-4.49384
-4.49115
-4.47954
-4.46345
-4.44578
-4.42969
-4.41326
-4.39616
-4.37987
-4.36118
-4.33456
-4.30526
-4.2883
-4.30084
-4.34816
-4.41388
-4.47609
-4.51948
-4.53441
-4.52772
-4.50889
-4.48577
-4.47322
-4.47052
-4.47676
-4.48836
-4.5019
-4.52604
-4.56149
-4.58938
-4.59188
-4.56373
-4.51185
-4.45025
-4.39387
-4.35041
-4.32013
-4.30053
-4.28733
-4.28159
-4.28346
-4.29636
-4.32549
-4.37289
-4.43446
-4.50747
-4.58203
-4.64846
-4.70065
-4.73711
-4.74939
-4.73557
-4.69375
-4.62981
-4.55561
-4.4888
-4.4479
-4.43827
-4.45073
-4.46715
-4.47171
-4.46212
-4.44721
-4.43961
-4.44428
-4.46064
-4.4812
-4.50039
-4.51715
-4.52566
-4.52244
-4.50947
-4.49196
-4.47909
-4.47723
-4.48786
-4.50687
-4.52554
-4.53944
-4.54414
-4.5382
-4.52203
-4.49772
-4.47282
-4.454
-4.44216
-4.43489
-4.42731
-4.41386
-4.397
-4.38482
-4.37891
-4.38284
-4.39218
-4.40566
-4.41689
-4.42411
-4.42535
-4.42072
-4.41533
-4.40811
-4.39796
-4.38522
-4.36902
-4.35698
-4.35357
-4.35868
-4.3659
-4.36924
-4.37605
-4.39265
-4.42123
-4.45403
-4.47939
-4.4929
-4.49398
-4.49469
-4.50381
-4.52135
-4.54539
-4.57022
-4.59186
-4.60553
-4.60745
-4.59847
-4.58148
-4.56171
-4.54444
-4.52803
-4.51092
-4.48352
-4.44474
-4.39513
-4.33742
-4.28097
-4.23602
-4.21768
-4.23334
-4.28384
-4.3519
-4.4218
-4.4789
-4.51761
-4.5398
-4.55209
-4.56004
-4.55948
-4.54926
-4.52483
-4.48337
-4.42954
-4.3761
-4.33525
-4.31846
-4.32221
-4.33992
-4.36164
-4.37653
-4.38121
-4.37729
-4.3676
-4.35403
-4.33923
-4.32746
-4.32687
-4.34276
-4.37125
-4.40265
-4.42412
-4.42809
-4.4198
-4.41275
-4.42282
-4.44489
-4.46692
-4.47983
-4.48205
-4.47182
-4.44787
-4.41316
-4.37336
-4.33257
-4.29576
-4.26885
-4.25749
-4.26604
-4.29112
-4.32194
-4.35045
-4.37534
-4.39737
-4.41335
-4.42244
-4.426
-4.42274
-4.41878
-4.41901
-4.4262
-4.4386
-4.45498
-4.47052
-4.47784
-4.47609
-4.46078
-4.43625
-4.40339
-4.36461
-4.32748
-4.29553
-4.27458
-4.26728
-4.27857
-4.30304
-4.33431
-4.36714
-4.39627
-4.42616
-4.46205
-4.50607
-4.55461
-4.59716
-4.62218
-4.61773
-4.58474
-4.5292
-4.47023
-4.42683
-4.40695
-4.40874
-4.42422
-4.44817
-4.4766
-4.50499
-4.52918
-4.54175
-4.53962
-4.52585
-4.50359
-4.47837
-4.45639
-4.43281
-4.40993
-4.38691
-4.3735
-4.37995
-4.39993
-4.42038
-4.43373
-4.43737
-4.43542
-4.43595
-4.43666
-4.43716
-4.43214
-4.41954
-4.39695
-4.37148
-4.34951
-4.33968
-4.34259
-4.36249
-4.3981
-4.44155
-4.48286
-4.51234
-4.52406
-4.52163
-4.50596
-4.48039
-4.45526
-4.43951
-4.44116
-4.46135
-4.49276
-4.52359
-4.54362
-4.54675
-4.53927
-4.52732
-4.51251
-4.50363
-4.50571
-4.51718
-4.52789
-4.52267
-4.49921
-4.46515
-4.43582
-4.41791
-4.41786
-4.43142
-4.45723
-4.48747
-4.51532
-4.52963
-4.52572
-4.50408
-4.47275
-4.43946
-4.40789
-4.37666
-4.34727
-4.32165
-4.3027
-4.29215
-4.28496
-4.27741
-4.26875
-4.25738
-4.24521
-4.23824
-4.23988
-4.2503
-4.26672
-4.28917
-4.31046
-4.32476
-4.33327
-4.33868
-4.34656
-4.36321
-4.39324
-4.42894
-4.45919
-4.46682
-4.44811
-4.40336
-4.34539
-4.28807
-4.24718
-4.23286
-4.2454
-4.27172
-4.30015
-4.32083
-4.32892
-4.32491
-4.31355
-4.29659
-4.28195
-4.27493
-4.27242
-4.27681
-4.28456
-4.29311
-4.30489
-4.32295
-4.35299
-4.39059
-4.42393
-4.44224
-4.44084
-4.42574
-4.41021
-4.40845
-4.42321
-4.44411
-4.45884
-4.46253
-4.45652
-4.44649
-4.4364
-4.42671
-4.41775
-4.41063
-4.40808
-4.41727
-4.43964
-4.47578
-4.51386
-4.53881
-4.5405
-4.51817
-4.47942
-4.43377
-4.39339
-4.36402
-4.34759
-4.34131
-4.34734
-4.36072
-4.37304
-4.37879
-4.3724
-4.35269
-4.3266
-4.30373
-4.29248
-4.29164
-4.2952
-4.2992
-4.30558
-4.31506
-4.33088
-4.35565
-4.38804
-4.42135
-4.44825
-4.46439
-4.46856
-4.46238
-4.4543
-4.45318
-4.46207
-4.48239
-4.50677
-4.52852
-4.54495
-4.55698
-4.56591
-4.57229
-4.57433
-4.57307
-4.56352
-4.54605
-4.52864
-4.51636
-4.51489
-4.5221
-4.53112
-4.52982
-4.51178
-4.47356
-4.42006
-4.36074
-4.30943
-4.28243
-4.28337
-4.29885
-4.3205
-4.34102
-4.35901
-4.3669
-4.36183
-4.34334
-4.31828
-4.29844
-4.29517
-4.31445
-4.35046
-4.39846
-4.44884
-4.49519
-4.52658
-4.53866
-4.53241
-4.51106
-4.47684
-4.43743
-4.39476
-4.35929
-4.33711
-4.3349
-4.35104
-4.37934
-4.40926
-4.43337
-4.44838
-4.45514
-4.45303
-4.44535
-4.43211
-4.41931
-4.41628
-4.42977
-4.45914
-4.49114
-4.51911
-4.53913
-4.54615
-4.54483
-4.53887
-4.53389
-4.53451
-4.54076
-4.54779
-4.55137
-4.5439
-4.52402
-4.48751
-4.43976
-4.38951
-4.34073
-4.29745
-4.26369
-4.23953
-4.22556
-4.21969
-4.21888
-4.21944
-4.21703
-4.2207
-4.23753
-4.27279
-4.32339
-4.38225
-4.43689
-4.48056
-4.50892
-4.52064
-4.52157
-4.51677
-4.50987
-4.49887
-4.47805
-4.44212
-4.39642
-4.35812
-4.34548
-4.37022
-4.42295
-4.48497
-4.54365
-4.59006
-4.62212
-4.63969
-4.64622
-4.64273
-4.6274
-4.60159
-4.56358
-4.51557
-4.46034
-4.40784
-4.36395
-4.33422
-4.31253
-4.29947
-4.29776
-4.30921
-4.33318
-4.36872
-4.41327
-4.45824
-4.49783
-4.52671
-4.53867
-4.53206
-4.51149
-4.48495
-4.46028
-4.43808
-4.41743
-4.39914
-4.38818
-4.38799
-4.39629
-4.40762
-4.41595
-4.42103
-4.42614
-4.43443
-4.45295
-4.47805
-4.50667
-4.532
-4.54867
-4.55325
-4.54485
-4.52274
-4.49112
-4.45788
-4.43191
-4.41615
-4.41186
-4.41786
-4.42949
-4.44022
-4.44408
-4.44175
-4.43217
-4.41775
-4.40311
-4.39201
-4.38963
-4.39667
-4.41189
-4.43113
-4.45265
-4.47649
-4.50089
-4.51945
-4.52865
-4.52616
-4.51488
-4.49425
-4.46853
-4.43909
-4.40722
-4.37276
-4.34099
-4.31415
-4.29725
-4.28803
-4.28496
-4.28493
-4.28962
-4.29929
-4.31318
-4.33354
-4.35969
-4.38895
-4.41513
-4.42983
-4.42857
-4.40973
-4.37542
-4.33519
-4.29565
-4.26463
-4.24539
-4.23688
-4.23896
-4.24811
-4.2693
-4.30305
-4.34642
-4.39424
-4.43686
-4.46677
-4.47713
-4.46564
-4.43401
-4.38663
-4.32909
-4.27089
-4.22104
-4.19107
-4.18252
-4.19339
-4.21716
-4.24897
-4.28771
-4.33657
-4.39418
-4.46005
-4.52916
-4.59538
-4.64849
-4.6822
-4.69505
-4.698
-4.69729
-4.69983
-4.70002
-4.69375
-4.67378
-4.6358
-4.58331
-4.52252
-4.46631
-4.42813
-4.41645
-4.42628
-4.44509
-4.4601
-4.46433
-4.45808
-4.45063
-4.453
-4.46723
-4.49112
-4.51891
-4.54209
-4.56034
-4.57453
-4.58249
-4.58608
-4.58692
-4.58767
-4.59094
-4.59182
-4.5808
-4.55238
-4.50781
-4.44858
-4.38402
-4.32206
-4.27042
-4.2382
-4.22589
-4.23124
-4.2491
-4.27716
-4.31211
-4.35002
-4.38946
-4.42751
-4.46037
-4.48422
-4.49799
-4.49697
-4.48622
-4.47188
-4.46294
-4.46435
-4.48301
-4.51496
-4.55449
-4.59056
-4.61677
-4.62959
-4.63196
-4.6297
-4.62653
-4.61958
-4.60992
-4.59125
-4.5631
-4.53755
-4.52849
-4.54396
-4.57516
-4.60632
-4.61958
-4.60751
-4.57356
-4.5262
-4.47799
-4.43986
-4.4256
-4.44376
-4.492
-4.55448
-4.61157
-4.65095
-4.67306
-4.6805
-4.68174
-4.68834
-4.70827
-4.74593
-4.78963
-4.82689
-4.84353
-4.8363
-4.8099
-4.76979
-4.72131
-4.66941
-4.61354
-4.55601
-4.49732
-4.43957
-4.38473
-4.34105
-4.32055
-4.33101
-4.3647
-4.40492
-4.43867
-4.45546
-4.46014
-4.45809
-4.45296
-4.43939
-4.41828
-4.39186
-4.37016
-4.36493
-4.3795
-4.40663
-4.43288
-4.44528
-4.44086
-4.41605
-4.37198
-4.31743
-4.25748
-4.20451
-4.16661
-4.16104
-4.19425
-4.2549
-4.32478
-4.39004
-4.44596
-4.49541
-4.542
-4.58686
-4.62539
-4.65622
-4.67478
-4.67955
-4.67586
-4.66653
-4.65624
-4.64896
-4.64226
-4.63253
-4.6196
-4.59931
-4.57171
-4.5421
-4.51363
-4.4894
-4.47037
-4.45857
-4.45364
-4.45969
-4.47083
-4.48443
-4.49066
-4.48422
-4.45868
-4.42017
-4.38269
-4.35733
-4.34837
-4.34719
-4.34087
-4.32376
-4.29696
-4.26872
-4.24526
-4.2272
-4.20647
-4.17926
-4.14633
-4.1133
-4.0857
-4.06873
-4.06698
-4.08651
-4.12138
-4.16531
-4.20809
-4.24007
-4.25791
-4.26758
-4.27514
-4.28581
-4.30673
-4.33907
-4.38417
-4.43567
-4.49082
-4.5444
-4.59891
-4.65069
-4.69634
-4.729
-4.73824
-4.72303
-4.6843
-4.62305
-4.54995
-4.47315
-4.40305
-4.35013
-4.31599
-4.31045
-4.33343
-4.37888
-4.43234
-4.47608
-4.50149
-4.50836
-4.50026
-4.48496
-4.46929
-4.45909
-4.45326
-4.44594
-4.43798
-4.42472
-4.40624
-4.38166
-4.35351
-4.33138
-4.32292
-4.32562
-4.33459
-4.34315
-4.34958
-4.35494
-4.36172
-4.37389
-4.38924
-4.40497
-4.41828
-4.42627
-4.43195
-4.43707
-4.44268
-4.44372
-4.43878
-4.42625
-4.4067
-4.38294
-4.35854
-4.33318
-4.31146
-4.29897
-4.30061
-4.32102
-4.35576
-4.39523
-4.43779
-4.48033
-4.52925
-4.58205
-4.62423
-4.64162
-4.63339
-4.6136
-4.59892
-4.59354
-4.58848
-4.57412
-4.55314
-4.52767
-4.50793
-4.49468
-4.48737
-4.47644
-4.46055
-4.44069
-4.41942
-4.398
-4.37629
-4.35616
-4.33848
-4.32712
-4.3255
-4.33654
-4.3642
-4.40562
-4.45323
-4.49319
-4.518
-4.52339
-4.50824
-4.48057
-4.44228
-4.40104
-4.36116
-4.32533
-4.29708
-4.27685
-4.27437
-4.28689
-4.31045
-4.33924
-4.36984
-4.39853
-4.42287
-4.43795
-4.44271
-4.43934
-4.42885
-4.4148
-4.40072
-4.3908
-4.38733
-4.4002
-4.43712
-4.49106
-4.54421
-4.58309
-4.59976
-4.59335
-4.56476
-4.51127
-4.43742
-4.3498
-4.25616
-4.16883
-4.10345
-4.06697
-4.06302
-4.08855
-4.13741
-4.20199
-4.27239
-4.33566
-4.37618
-4.38766
-4.37658
-4.36014
-4.34544
-4.33232
-4.32231
-4.31974
-4.32729
-4.34512
-4.3698
-4.39235
-4.40707
-4.41728
-4.42556
-4.43772
-4.45198
-4.45985
-4.45312
-4.43288
-4.40655
-4.38231
-4.36365
-4.35481
-4.36136
-4.3891
-4.43363
-4.48654
-4.53857
-4.58554
-4.62002
-4.64024
-4.64443
-4.6351
-4.6264
-4.62811
-4.64707
-4.68049
-4.7156
-4.73921
-4.73895
-4.70475
-4.63811
-4.54797
-4.45356
-4.37381
-4.32471
-4.30948
-4.32867
-4.37313
-4.43079
-4.49881
-4.56979
-4.63035
-4.67189
-4.68731
-4.67311
-4.64
-4.59791
-4.5521
-4.50653
-4.45957
-4.41465
-4.38336
-4.37536
-4.39505
-4.43912
-4.49395
-4.54362
-4.5812
-4.60602
-4.62002
-4.62935
-4.64122
-4.65919
-4.67913
-4.69462
-4.701
-4.69551
-4.68115
-4.65913
-4.62959
-4.59823
-4.56395
-4.53132
-4.50378
-4.49055
-4.49959
-4.53035
-4.56347
-4.58604
-4.58868
-4.57223
-4.54739
-4.52013
-4.49771
-4.48321
-4.47725
-4.47696
-4.47984
-4.48327
-4.48541
-4.48776
-4.49055
-4.49027
-4.48595
-4.47247
-4.44971
-4.42066
-4.39493
-4.38394
-4.39863
-4.43413
-4.48322
-4.53084
-4.56623
-4.5797
-4.57552
-4.55536
-4.52107
-4.46967
-4.40087
-4.32857
-4.26693
-4.21631
-4.17245
-4.13252
-4.10866
-4.11153
-4.14391
-4.19699
-4.25523
-4.30946
-4.35467
-4.3927
-4.42787
-4.46128
-4.49482
-4.52591
-4.55052
-4.56433
-4.56269
-4.54201
-4.50099
-4.44462
-4.37859
-4.30925
-4.23891
-4.16991
-4.11266
-4.07532
-4.0576
-4.0518
-4.05115
-4.05508
-4.06417
-4.07454
-4.07878
-4.07481
-4.06283
-4.04732
-4.04239
-4.05829
-4.09478
-4.14524
-4.19413
-4.22705
-4.24424
-4.25085
-4.25783
-4.26567
-4.27126
-4.27169
-4.27015
-4.27253
-4.2829
-4.2949
-4.30031
-4.29425
-4.27709
-4.26646
-4.28517
-4.33882
-4.40998
-4.47897
-4.52902
-4.55357
-4.546
-4.51081
-4.45232
-4.38126
-4.31227
-4.25996
-4.22848
-4.22005
-4.23342
-4.26199
-4.29978
-4.34098
-4.37933
-4.40343
-4.40244
-4.3683
-4.30513
-4.22931
-4.16463
-4.12957
-4.12884
-4.1544
-4.19237
-4.23514
-4.27728
-4.31967
-4.36098
-4.39496
-4.4175
-4.41958
-4.40351
-4.37306
-4.34076
-4.32403
-4.33116
-4.35448
-4.38103
-4.39855
-4.41036
-4.42264
-4.44577
-4.47914
-4.51234
-4.53167
-4.52874
-4.50286
-4.45915
-4.41291
-4.38089
-4.37869
-4.40924
-4.46663
-4.53455
-4.60109
-4.65429
-4.69269
-4.71559
-4.72605
-4.72104
-4.69827
-4.66001
-4.60783
-4.54917
-4.49388
-4.4534
-4.43431
-4.44312
-4.48087
-4.53211
-4.57863
-4.60389
-4.60355
-4.57825
-4.53863
-4.49739
-4.46997
-4.45815
-4.45503
-4.45539
-4.45832
-4.46358
-4.46841
-4.47134
-4.4669
-4.4551
-4.43728
-4.41504
-4.39869
-4.39765
-4.41681
-4.45868
-4.51157
-4.56487
-4.60481
-4.61908
-4.60685
-4.57262
-4.52649
-4.47586
-4.42456
-4.36813
-4.30227
-4.23427
-4.18185
-4.16754
-4.20111
-4.27267
-4.35454
-4.42452
-4.46643
-4.48224
-4.47484
-4.45206
-4.42033
-4.38295
-4.34437
-4.30715
-4.27646
-4.25791
-4.25633
-4.27577
-4.31208
-4.35806
-4.40129
-4.43468
-4.4523
-4.45567
-4.44792
-4.43221
-4.41482
-4.40082
-4.39211
-4.39267
-4.40335
-4.42115
-4.44449
-4.46792
-4.48703
-4.49765
-4.4981
-4.49383
-4.47982
-4.45799
-4.42876
-4.39544
-4.3628
-4.33093
-4.30134
-4.27147
-4.24445
-4.22493
-4.21811
-4.22884
-4.25487
-4.29237
-4.33675
-4.38474
-4.43061
-4.46942
-4.49693
-4.5126
-4.50916
-4.48859
-4.45323
-4.40796
-4.35638
-4.30696
-4.26013
-4.22272
-4.19829
-4.19078
-4.20215
-4.2335
-4.27845
-4.32791
-4.37714
-4.41898
-4.44734
-4.45766
-4.44806
-4.41646
-4.36714
-4.31594
-4.27702
-4.26379
-4.27437
-4.3
-4.32945
-4.35219
-4.36199
-4.35613
-4.34109
-4.32858
-4.32854
-4.34238
-4.36347
-4.38822
-4.42317
-4.4686
-4.51553
-4.55462
-4.57881
-4.58874
-4.58697
-4.57891
-4.5641
-4.54519
-4.51908
-4.48579
-4.45205
-4.42159
-4.40578
-4.41483
-4.45188
-4.50327
-4.55277
-4.58626
-4.5986
-4.59608
-4.58219
-4.56588
-4.55011
-4.54001
-4.53287
-4.52615
-4.51926
-4.51094
-4.50304
-4.49491
-4.48747
-4.48113
-4.47959
-4.4847
-4.49788
-4.51411
-4.52228
-4.52198
-4.51404
-4.50164
-4.47911
-4.44418
-4.40903
-4.39183
-4.39386
-4.39721
-4.38405
-4.35439
-4.31404
-4.2841
-4.27099
-4.27552
-4.29242
-4.31994
-4.35396
-4.3869
-4.41419
-4.42663
-4.4223
-4.40831
-4.39202
-4.37562
-4.35867
-4.34342
-4.33078
-4.3228
-4.31435
-4.29784
-4.27077
-4.23734
-4.21072
-4.20095
-4.21242
-4.2477
-4.29931
-4.3632
-4.43122
-4.49454
-4.54271
-4.5743
-4.59293
-4.6029
-4.61053
-4.61556
-4.61274
-4.59974
-4.58012
-4.56424
-4.56125
-4.56962
-4.58082
-4.58531
-4.57977
-4.56643
-4.55174
-4.53637
-4.52283
-4.50873
-4.49078
-4.46751
-4.43841
-4.40827
-4.38005
-4.35889
-4.34771
-4.34443
-4.34706
-4.35028
-4.35524
-4.36206
-4.36671
-4.36861
-4.36514
-4.35667
-4.34865
-4.34312
-4.34152
-4.34625
-4.35712
-4.37528
-4.3976
-4.42509
-4.45343
-4.47755
-4.49313
-4.49802
-4.49108
-4.47818
-4.46194
-4.44926
-4.44811
-4.46175
-4.48514
-4.51281
-4.53256
-4.53868
-4.52389
-4.48865
-4.43073
-4.36109
-4.29491
-4.24497
-4.21878
-4.21135
-4.21561
-4.22818
-4.24665
-4.27378
-4.30816
-4.34526
-4.37546
-4.39085
-4.3884
-4.37051
-4.34051
-4.30567
-4.27035
-4.24152
-4.22418
-4.22202
-4.23242
-4.25114
-4.27172
-4.28887
-4.29406
-4.27964
-4.24806
-4.20957
-4.18456
-4.18485
-4.20822
-4.23961
-4.26455
-4.27568
-4.27507
-4.26849
-4.25651
-4.23854
-4.21168
-4.17692
-4.14158
-4.12725
-4.14786
-4.19605
-4.24808
-4.28234
-4.28953
-4.27548
-4.25162
-4.22853
-4.2109
-4.20414
-4.21701
-4.25196
-4.30352
-4.35782
-4.40338
-4.42996
-4.44096
-4.43866
-4.42894
-4.41789
-4.41192
-4.41417
-4.41784
-4.4141
-4.3964
-4.36526
-4.33274
-4.31725
-4.33103
-4.36582
-4.40664
-4.43845
-4.45534
-4.45649
-4.44877
-4.44103
-4.43535
-4.42691
-4.41292
-4.39339
-4.37149
-4.35185
-4.34208
-4.34704
-4.36391
-4.38395
-4.40489
-4.42264
-4.4375
-4.44791
-4.45122
-4.44883
-4.44449
-4.43782
-4.43138
-4.42549
-4.42037
-4.4194
-4.42413
-4.43388
-4.44913
-4.46803
-4.4832
-4.49042
-4.48872
-4.48121
-4.47184
-4.46118
-4.44738
-4.4311
-4.41258
-4.39793
-4.3916
-4.39162
-4.40051
-4.41405
-4.43094
-4.45253
-4.48073
-4.51445
-4.5518
-4.58059
-4.59446
-4.59156
-4.57255
-4.54407
-4.51329
-4.48303
-4.45742
-4.43599
-4.41887
-4.40841
-4.40469
-4.40974
-4.41916
-4.42886
-4.43394
-4.42866
-4.41335
-4.38734
-4.35159
-4.31528
-4.28351
-4.26973
-4.28637
-4.33457
-4.40783
-4.49399
-4.57644
-4.64637
-4.69258
-4.71252
-4.71031
-4.6935
-4.66591
-4.63737
-4.61064
-4.58805
-4.57157
-4.56404
-4.56383
-4.57041
-4.58117
-4.59283
-4.60268
-4.60645
-4.60056
-4.5887
-4.56682
-4.54238
-4.51831
-4.49597
-4.46877
-4.4371
-4.39688
-4.34981
-4.29811
-4.24964
-4.21208
-4.1894
-4.18673
-4.20568
-4.24993
-4.31563
-4.39619
-4.48566
-4.57559
-4.65686
-4.72511
-4.7791
-4.81533
-4.82939
-4.81792
-4.78092
-4.72167
-4.65049
-4.57454
-4.50569
-4.4497
-4.40539
-4.37932
-4.37669
-4.40192
-4.44638
-4.49779
-4.54324
-4.57768
-4.60301
-4.619
-4.62312
-4.61749
-4.60536
-4.58471
-4.55937
-4.52647
-4.48325
-4.43142
-4.37786
-4.33389
-4.30385
-4.29226
-4.29421
-4.3101
-4.33944
-4.37984
-4.42818
-4.47589
-4.51413
-4.54351
-4.56097
-4.56552
-4.55167
-4.5229
-4.48377
-4.44168
-4.40199
-4.36895
-4.34218
-4.32966
-4.33582
-4.35842
-4.39173
-4.42641
-4.45756
-4.47786
-4.4904
-4.49217
-4.48337
-4.46647
-4.44542
-4.42616
-4.41389
-4.40801
-4.40708
-4.40633
-4.39943
-4.38625
-4.36853
-4.35276
-4.34309
-4.34603
-4.35403
-4.36118
-4.35648
-4.33865
-4.31798
-4.30423
-4.31278
-4.35072
-4.41214
-4.4816
-4.53597
-4.56818
-4.57463
-4.55858
-4.52771
-4.486
-4.44237
-4.41357
-4.42277
-4.47365
-4.54485
-4.60823
-4.64736
-4.65927
-4.64746
-4.62355
-4.59864
-4.58267
-4.58167
-4.58372
-4.58084
-4.5698
-4.55547
-4.53946
-4.52086
-4.49467
-4.46214
-4.42835
-4.39021
-4.34368
-4.28837
-4.22968
-4.18393
-4.17113
-4.19938
-4.26168
-4.33545
-4.40505
-4.46503
-4.51931
-4.56653
-4.60294
-4.62134
-4.62427
-4.62529
-4.62935
-4.63672
-4.64555
-4.65081
-4.64971
-4.63573
-4.60927
-4.572
-4.52855
-4.48498
-4.4525
-4.43992
-4.4554
-4.49499
-4.54969
-4.60492
-4.64697
-4.67113
-4.67569
-4.66388
-4.64138
-4.61035
-4.57779
-4.55077
-4.53672
-4.53791
-4.55026
-4.57229
-4.59819
-4.62012
-4.63339
-4.63547
-4.62984
-4.61717
-4.60495
-4.58864
-4.57329
-4.5573
-4.53654
-4.5069
-4.4605
-4.39735
-4.30357
-4.23165
-4.19094
-4.18772
-4.20763
-4.22326
-4.21334
-4.17572
-4.1343
-4.1155
-4.13104
-4.17574
-4.23473
-4.29647
-4.35149
-4.39627
-4.4278
-4.44667
-4.45373
-4.45752
-4.46256
-4.47265
-4.48743
-4.50198
-4.51353
-4.51493
-4.508
-4.49515
-4.48085
-4.46904
-4.46171
-4.45576
-4.45377
-4.45869
-4.46659
-4.47785
-4.4849
-4.48349
-4.47339
-4.45625
-4.44042
-4.43129
-4.43538
-4.45499
-4.48096
-4.50677
-4.53069
-4.5464
-4.55754
-4.56201
-4.56071
-4.55153
-4.54061
-4.53292
-4.52361
-4.518
-4.51813
-4.52465
-4.53635
-4.54724
-4.55633
-4.56007
-4.55973
-4.55297
-4.54015
-4.52511
-4.51123
-4.50436
-4.50737
-4.51603
-4.52388
-4.52187
-4.50765
-4.4808
-4.44497
-4.40941
-4.38192
-4.36738
-4.36648
-4.38307
-4.41244
-4.44674
-4.48194
-4.51537
-4.53903
-4.54653
-4.52507
-4.47506
-4.40919
-4.34268
-4.29383
-4.2709
-4.27806
-4.30875
-4.35139
-4.39279
-4.42349
-4.43849
-4.44064
-4.43614
-4.43138
-4.4348
-4.4522
-4.48598
-4.52445
-4.55813
-4.57435
-4.57205
-4.55311
-4.52317
-4.48525
-4.44175
-4.39947
-4.36178
-4.33682
-4.32603
-4.33185
-4.34661
-4.35719
-4.35761
-4.353
-4.35668
-4.38452
-4.43412
-4.49266
-4.55146
-4.60673
-4.65673
-4.69973
-4.73073
-4.73997
-4.72572
-4.6867
-4.6264
-4.55016
-4.46747
-4.39449
-4.34301
-4.31676
-4.30616
-4.29458
-4.27855
-4.25892
-4.24158
-4.22754
-4.22341
-4.2327
-4.25508
-4.28611
-4.32265
-4.35881
-4.39057
-4.41444
-4.43172
-4.44513
-4.45293
-4.4534
-4.44391
-4.4222
-4.3924
-4.35602
-4.31877
-4.2855
-4.26749
-4.27211
-4.30542
-4.35913
-4.41477
-4.45353
-4.46958
-4.46441
-4.44313
-4.4146
-4.39047
-4.3829
-4.3909
-4.40935
-4.42739
-4.43944
-4.43828
-4.42077
-4.39015
-4.35147
-4.3195
-4.30198
-4.29265
-4.28245
-4.26274
-4.23694
-4.21798
-4.21469
-4.23448
-4.27576
-4.3311
-4.38883
-4.43833
-4.46979
-4.48102
-4.47373
-4.45467
-4.43319
-4.41561
-4.40184
-4.38592
-4.36715
-4.34718
-4.32499
-4.30137
-4.27558
-4.24531
-4.21504
-4.19375
-4.19075
-4.20871
-4.24071
-4.27651
-4.31292
-4.34138
-4.36271
-4.37677
-4.38394
-4.3864
-4.3847
-4.37915
-4.37118
-4.36129
-4.34692
-4.33314
-4.33143
-4.34954
-4.37864
-4.40536
-4.42373
-4.43637
-4.45129
-4.48006
-4.52371
-4.57654
-4.62422
-4.65432
-4.65937
-4.64054
-4.60326
-4.56061
-4.52749
-4.50602
-4.49466
-4.49425
-4.5051
-4.52659
-4.54906
-4.56188
-4.56031
-4.54112
-4.50742
-4.47094
-4.43688
-4.40854
-4.38749
-4.37423
-4.37185
-4.377
-4.38707
-4.39792
-4.40345
-4.40628
-4.4073
-4.41054
-4.41874
-4.43337
-4.45049
-4.47004
-4.48627
-4.49772
-4.50345
-4.50441
-4.49972
-4.49113
-4.48415
-4.48447
-4.49678
-4.51726
-4.53566
-4.54193
-4.52723
-4.49163
-4.438
-4.36786
-4.2889
-4.20978
-4.14545
-4.10906
-4.09995
-4.11119
-4.13234
-4.15599
-4.17974
-4.19844
-4.20666
-4.20067
-4.17747
-4.14799
-4.14181
-4.19516
-4.28923
-4.38197
-4.44326
-4.47307
-4.4751
-4.46093
-4.44274
-4.42819
-4.42246
-4.42488
-4.43224
-4.44258
-4.45736
-4.47186
-4.47975
-4.47577
-4.45693
-4.43076
-4.40696
-4.39987
-4.41271
-4.43791
-4.46651
-4.48918
-4.50188
-4.50283
-4.4897
-4.4618
-4.42361
-4.37898
-4.33835
-4.30782
-4.2918
-4.28569
-4.27257
-4.24678
-4.20352
-4.15425
-4.11428
-4.09368
-4.09481
-4.11626
-4.15602
-4.21227
-4.2712
-4.32684
-4.36592
-4.38601
-4.38921
-4.37633
-4.35174
-4.31722
-4.276
-4.23678
-4.21004
-4.21159
-4.24337
-4.30184
-4.37439
-4.44671
-4.5115
-4.56683
-4.60898
-4.63265
-4.62858
-4.59094
-4.5168
-4.41764
-4.31289
-4.23001
-4.18748
-4.18604
-4.21011
-4.23666
-4.2498
-4.24814
-4.24018
-4.23991
-4.25456
-4.27703
-4.28628
-4.27196
-4.23295
-4.18161
-4.1356
-4.1001
-4.07851
-4.07989
-4.10404
-4.14987
-4.20743
-4.26297
-4.30151
-4.32142
-4.32106
-4.31018
-4.29756
-4.29506
-4.30524
-4.32721
-4.35186
-4.37264
-4.38606
-4.39049
-4.39206
-4.39685
-4.40795
-4.42681
-4.44888
-4.4711
-4.49099
-4.50793
-4.51561
-4.50973
-4.49105
-4.46673
-4.45153
-4.45412
-4.46529
-4.47189
-4.46956
-4.46118
-4.45159
-4.44608
-4.44429
-4.44048
-4.4328
-4.42442
-4.42301
-4.43069
-4.44911
-4.47533
-4.50655
-4.53571
-4.56043
-4.57806
-4.58447
-4.5788
-4.56061
-4.53059
-4.49126
-4.44489
-4.39684
-4.35407
-4.32431
-4.31196
-4.31835
-4.33808
-4.35961
-4.37703
-4.39036
-4.39889
-4.40531
-4.40503
-4.39101
-4.35561
-4.30141
-4.23084
-4.15417
-4.08448
-4.03542
-4.02086
-4.03982
-4.08618
-4.15344
-4.23508
-4.32483
-4.41348
-4.49406
-4.56003
-4.60141
-4.61865
-4.615
-4.59857
-4.57809
-4.56274
-4.55557
-4.5601
-4.57134
-4.58462
-4.59155
-4.59318
-4.59204
-4.59289
-4.59942
-4.60895
-4.61868
-4.62195
-4.61482
-4.5965
-4.56557
-4.52456
-4.48148
-4.44354
-4.41322
-4.38961
-4.37122
-4.35586
-4.34204
-4.32984
-4.32037
-4.31955
-4.3295
-4.35559
-4.39727
-4.44528
-4.4952
-4.53111
-4.54265
-4.52234
-4.47703
-4.41583
-4.35635
-4.30471
-4.266
-4.23927
-4.22883
-4.23373
-4.2512
-4.2747
-4.3084
-4.36111
-4.43479
-4.52053
-4.60162
-4.66219
-4.69328
-4.69519
-4.67481
-4.64006
-4.59161
-4.53337
-4.46301
-4.38688
-4.31254
-4.25268
-4.21075
-4.18632
-4.18216
-4.19264
-4.21401
-4.23996
-4.26743
-4.28964
-4.30683
-4.31233
-4.31011
-4.30453
-4.304
-4.30836
-4.31662
-4.32929
-4.34382
-4.36004
-4.37189
-4.37804
-4.37416
-4.36516
-4.3569
-4.35573
-4.36505
-4.381
-4.40247
-4.42293
-4.43947
-4.44748
-4.44035
-4.42173
-4.39558
-4.37046
-4.35661
-4.35885
-4.37812
-4.41041
-4.44638
-4.48093
-4.50305
-4.51219
-4.50449
-4.48462
-4.45155
-4.40802
-4.35924
-4.31663
-4.29442
-4.30001
-4.32866
-4.36164
-4.38681
-4.40063
-4.40781
-4.41423
-4.41922
-4.41818
-4.40475
-4.38106
-4.36126
-4.36234
-4.39498
-4.44952
-4.50497
-4.54155
-4.55503
-4.54585
-4.51913
-4.48594
-4.45615
-4.43745
-4.43653
-4.45124
-4.46819
-4.47257
-4.45665
-4.42337
-4.384
-4.3525
-4.33592
-4.33683
-4.34974
-4.36108
-4.35268
-4.31791
-4.26163
-4.1995
-4.14881
-4.1205
-4.11829
-4.13638
-4.16467
-4.19686
-4.23335
-4.27646
-4.32142
-4.36242
-4.38591
-4.39581
-4.39043
-4.37523
-4.356
-4.34237
-4.34038
-4.34797
-4.36343
-4.38183
-4.39602
-4.39934
-4.38842
-4.36464
-4.3358
-4.31214
-4.29997
-4.30216
-4.3184
-4.34716
-4.38114
-4.41714
-4.44674
-4.4691
-4.48343
-4.49595
-4.50592
-4.51382
-4.51251
-4.5004
-4.48099
-4.46364
-4.45607
-4.46645
-4.5016
-4.54951
-4.59311
-4.61206
-4.60072
-4.55804
-4.49559
-4.43489
-4.40051
-4.40519
-4.44173
-4.49238
-4.54113
-4.57984
-4.60292
-4.60601
-4.5923
-4.56561
-4.52968
-4.49152
-4.4567
-4.42883
-4.40985
-4.39705
-4.39184
-4.40383
-4.44236
-4.49347
-4.53887
-4.5684
-4.58
-4.57418
-4.55491
-4.53144
-4.5121
-4.50185
-4.50006
-4.50105
-4.50253
-4.49508
-4.47617
-4.44288
-4.39742
-4.34618
-4.29823
-4.26377
-4.25087
-4.25746
-4.27316
-4.28744
-4.29653
-4.3065
-4.3204
-4.33922
-4.36302
-4.39033
-4.41548
-4.43764
-4.4539
-4.46074
-4.45438
-4.4397
-4.42364
-4.4127
-4.4181
-4.43991
-4.47186
-4.50207
-4.52079
-4.52572
-4.52037
-4.50947
-4.49711
-4.48961
-4.49305
-4.50747
-4.52885
-4.55299
-4.57536
-4.59254
-4.60093
-4.59859
-4.58522
-4.56708
-4.552
-4.54329
-4.5418
-4.5414
-4.53836
-4.53084
-4.52433
-4.52079
-4.52025
-4.51667
-4.50923
-4.501
-4.49388
-4.4947
-4.50799
-4.52698
-4.54563
-4.55654
-4.56054
-4.55729
-4.55182
-4.54518
-4.53442
-4.52015
-4.50066
-4.47894
-4.45962
-4.44301
-4.42618
-4.40042
-4.35545
-4.29237
-4.22672
-4.1901
-4.20048
-4.24281
-4.2883
-4.32049
-4.33481
-4.33682
-4.33708
-4.34965
-4.37976
-4.42008
-4.45447
-4.47332
-4.47398
-4.46528
-4.46083
-4.46329
-4.47911
-4.50161
-4.52298
-4.5344
-4.53266
-4.51983
-4.49862
-4.47708
-4.46021
-4.44866
-4.4373
-4.42278
-4.40667
-4.39314
-4.38659
-4.38651
-4.39064
-4.40018
-4.41143
-4.42127
-4.42598
-4.42608
-4.42135
-4.4179
-4.42087
-4.43072
-4.44839
-4.4712
-4.49249
-4.51295
-4.53273
-4.55485
-4.57864
-4.5975
-4.59904
-4.58043
-4.54012
-4.4909
-4.43779
-4.39166
-4.36368
-4.3596
-4.37778
-4.39884
-4.40093
-4.37389
-4.32414
-4.26433
-4.20914
-4.162
-4.12301
-4.09242
-4.07293
-4.06364
-4.05982
-4.05406
-4.03712
-4.00824
-3.98472
-3.98108
-3.99364
-3.99909
-3.99472
-3.99979
-4.0247
-4.05255
-4.06829
-4.07971
-4.1046
-4.14206
-4.18309
-4.22754
-4.27857
-4.33852
-4.39884
-4.45178
-4.48572
-4.49917
-4.4961
-4.48244
-4.46976
-4.45811
-4.44609
-4.4283
-4.40063
-4.36687
-4.33462
-4.31619
-4.3207
-4.34783
-4.38863
-4.43349
-4.47419
-4.50997
-4.53826
-4.5514
-4.54966
-4.53217
-4.50839
-4.48794
-4.48161
-4.48304
-4.47869
-4.4578
-4.41471
-4.35229
-4.28231
-4.22126
-4.1854
-4.17696
-4.19411
-4.2269
-4.27348
-4.32584
-4.38268
-4.43486
-4.47692
-4.50064
-4.50576
-4.4937
-4.46642
-4.43189
-4.39812
-4.37203
-4.35555
-4.35079
-4.35662
-4.36928
-4.38901
-4.4174
-4.45519
-4.5026
-4.55127
-4.59233
-4.61587
-4.61698
-4.59496
-4.55562
-4.50949
-4.46469
-4.43088
-4.41372
-4.41314
-4.42895
-4.45532
-4.48582
-4.51729
-4.54949
-4.57976
-4.59519
-4.58382
-4.54779
-4.48641
-4.41489
-4.34763
-4.29556
-4.26255
-4.25262
-4.27309
-4.32295
-4.39065
-4.45336
-4.49521
-4.50478
-4.48471
-4.43789
-4.38019
-4.32284
-4.27217
-4.23525
-4.21387
-4.21111
-4.22227
-4.24294
-4.2707
-4.29993
-4.32707
-4.35015
-4.36876
-4.38142
-4.3897
-4.3977
-4.4103
-4.43284
-4.4679
-4.50587
-4.53928
-4.55524
-4.54846
-4.52003
-4.47676
-4.4305
-4.38966
-4.36602
