           1    0.976756    0.976756           0
           2    0.999984     0.98837  0.00821234
           3           1    0.992247  0.00632404
           4    0.995264    0.993001  0.00478781
           5    0.999716    0.994344  0.00401419
           6           1    0.995287  0.00345407
           7           1     0.99596  0.00302555
           8           1    0.996465  0.00268917
           9           1    0.996858  0.00241889
          10           1    0.997172  0.00219731
          11           1    0.997429  0.00201254
          12           1    0.997643   0.0018562
          13           1    0.997825  0.00172224
          14           1     0.99798  0.00160622
          15     0.99998    0.998113  0.00150466
          16           1    0.998231  0.00141523
          17     0.99996    0.998333  0.00133563
          18    0.999988    0.998425  0.00126459
          19           1    0.998508  0.00120075
          20           1    0.998582  0.00114303
          21           1     0.99865  0.00109059
          22           1    0.998711  0.00104274
          23           1    0.998767  0.00099891
          24           1    0.998819 0.000958608
          25           1    0.998866 0.000921427
          26           1     0.99891  0.00088702
          27           1     0.99895 0.000855086
          28           1    0.998987 0.000825369
          29    0.999384    0.999001 0.000797022
          30    0.999964    0.999033   0.0007711
          31    0.999952    0.999063 0.000746795
          32           1    0.999092 0.000724032
          33    0.998368     0.99907 0.000702424
          34     0.99998    0.999097 0.000682274
          35           1    0.999123 0.000663268
          36           1    0.999147 0.000645292
          37    0.999992     0.99917 0.000628255
          38           1    0.999192 0.000612102
          39           1    0.999213 0.000596758
          40           1    0.999232 0.000582163
           1    0.995572    0.995572           0
           2    0.992556    0.994064  0.00106632
           3    0.995252     0.99446 0.000780956
           4    0.992124    0.993876 0.000773858
           5    0.981408    0.991382  0.00231467
           6    0.999292    0.992701   0.0022735
           7    0.987296    0.991929  0.00207568
           8    0.999688    0.992898  0.00203023
           9     0.98842    0.992401  0.00186463
          10    0.999472    0.993108  0.00180728
          11    0.999632    0.993701  0.00173758
          12     0.98534    0.993004  0.00172683
          13    0.993188    0.993018  0.00159406
          14    0.966848    0.991149  0.00233147
          15     0.98342    0.990634  0.00223225
          16    0.998592    0.991131  0.00214743
          17     0.99242    0.991207  0.00202245
          18    0.997956    0.991582  0.00194454
          19    0.993784    0.991698  0.00184564
          20     0.99884    0.992055  0.00178757
          21    0.997988    0.992338  0.00172463
          22    0.999284    0.992653   0.0016749
          23     0.99072    0.992569  0.00160418
          24    0.995744    0.992701  0.00154279
          25     0.99602    0.992834  0.00148677
          26     0.99928    0.993082  0.00145011
          27    0.999436    0.993317  0.00141537
          28     0.99338     0.99332  0.00136482
          29    0.997816    0.993475  0.00132654
          30    0.999464    0.993674  0.00129726
          31    0.805312    0.987598  0.00610781
          32     0.99884    0.987949  0.00592704
          33    0.797552     0.98218  0.00808163
          34    0.995232    0.982564  0.00785305
          35    0.995272    0.982927  0.00763706
          36    0.996688    0.983309  0.00743448
          37    0.969204    0.982928  0.00724332
          38    0.999516    0.983364  0.00706585
          39    0.999716    0.983784   0.0068971
          40    0.998264    0.984146  0.00673416
           1    0.955048    0.955048           0
           2    0.912344    0.933696   0.0150981
           3    0.922516    0.929969   0.0105153
           4    0.906488    0.924099  0.00938308
           5    0.874188    0.914117   0.0116646
           6    0.771264    0.890308    0.023809
           7    0.774756    0.873801   0.0254959
           8    0.937424    0.881754   0.0235166
           9    0.776652    0.870076    0.023626
          10    0.892504    0.872318   0.0213695
          11    0.951988    0.879561   0.0206177
          12    0.756744    0.869326   0.0212889
          13    0.813048    0.864997   0.0200866
          14    0.907852    0.868058   0.0188836
          15    0.836284     0.86594   0.0177431
          16    0.956612    0.871607   0.0175158
          17    0.957884    0.876682    0.017205
          18    0.886912     0.87725   0.0162586
          19     0.92364    0.879692   0.0155851
          20    0.883064    0.879861   0.0148068
          21     0.91022    0.881306   0.0141721
          22     0.88652    0.881543   0.0135299
          23    0.924916    0.883429   0.0130724
          24    0.930872    0.885406   0.0126763
          25    0.902968    0.886108   0.0121887
          26    0.899632    0.886628    0.011731
          27    0.957756    0.889263   0.0115885
          28    0.919304    0.890336   0.0112242
          29    0.793988    0.887013   0.0113182
          30      0.9511     0.88915   0.0111407
          31    0.937436    0.890707   0.0108896
          32    0.946684    0.892457   0.0106889
          33    0.933552    0.893702   0.0104373
          34    0.943884    0.895178   0.0102341
          35     0.78982    0.892168    0.010375
          36    0.883792    0.891935   0.0100894
          37    0.947416    0.893434  0.00992754
          38    0.958232     0.89514  0.00981164
          39    0.881076    0.894779  0.00956668
          40    0.940772    0.895929  0.00939636
           1     0.67738     0.67738           0
           2     0.66706     0.67222  0.00364867
           3    0.298608    0.547683    0.101713
           4    0.584356    0.556851   0.0766971
           5    0.658888    0.577258   0.0640151
           6    0.626012    0.585384   0.0538592
           7    0.544172    0.579497   0.0464857
           8    0.612372    0.583606   0.0408562
           9    0.550452    0.579922   0.0364823
          10      0.6061     0.58254   0.0329279
          11    0.788672    0.601279   0.0348613
          12      0.6543    0.605698   0.0322349
          13     0.65836    0.609749   0.0300088
          14    0.686296    0.615216    0.028359
          15    0.643968    0.617133   0.0265331
          16     0.74982    0.625426   0.0261387
          17    0.708496    0.630312   0.0250537
          18    0.785744    0.638948   0.0251059
          19    0.677384    0.640971   0.0238659
          20     0.75524    0.646684   0.0233465
          21    0.709352    0.649668   0.0224246
          22    0.551868    0.645223   0.0218415
          23    0.644244     0.64518   0.0208919
          24    0.732092    0.648801   0.0203329
          25    0.632532    0.648151     0.01953
          26     0.65492    0.648411   0.0187805
          27    0.585324    0.646075   0.0182297
          28    0.696184    0.647864   0.0176663
          29    0.681232    0.649015   0.0170945
          30    0.661392    0.649427   0.0165297
          31    0.600468    0.647848   0.0160718
          32    0.577684    0.645655   0.0157184
          33       0.507    0.641454   0.0157937
          34    0.793692    0.645931   0.0159512
          35      0.6095     0.64489   0.0155294
          36    0.522496    0.641491   0.0154657
          37     0.72486    0.643744    0.015211
          38    0.689796    0.644956   0.0148589
          39    0.703668    0.646461    0.014554
          40      0.7214    0.648335   0.0143102
           1    0.493604    0.493604           0
           2    0.480756     0.48718  0.00454245
           3    0.487876    0.487412  0.00303422
           4      0.4051    0.466834   0.0179658
           5    0.528672    0.479202   0.0181367
           6    0.475608    0.478603   0.0151238
           7    0.472124    0.477677   0.0129915
           8    0.474964    0.477338    0.011372
           9    0.426792    0.471722   0.0114113
          10    0.545816    0.479131   0.0124453
          11    0.475072    0.478762   0.0113194
          12    0.481276    0.478972   0.0103781
          13    0.475992    0.478742  0.00958228
          14    0.461436    0.477506  0.00897721
          15    0.426948    0.474136  0.00898924
          16    0.454376    0.472901  0.00851182
          17     0.37748    0.467288  0.00968661
          18     0.42184    0.464763  0.00947182
          19    0.370404    0.459797   0.0101924
          20     0.48352    0.460983  0.00975159
          21     0.42332    0.459189  0.00945071
          22    0.464832    0.459446  0.00902461
          23    0.333832    0.453984   0.0101512
          24      0.4939    0.455647  0.00986351
          25    0.474268    0.456392  0.00949705
          26    0.421144    0.455037  0.00922804
          27     0.34806    0.451075  0.00969961
          28    0.423696    0.450097  0.00940235
          29    0.370792    0.447362  0.00946746
          30    0.395736    0.445641  0.00930697
          31    0.418864    0.444777  0.00904674
          32    0.390164    0.443071  0.00892356
          33    0.375728     0.44103  0.00888342
          34    0.514128     0.44318  0.00887849
          35    0.476768     0.44414  0.00867653
          36    0.434248    0.443865  0.00843986
          37     0.41764    0.443156  0.00824147
          38    0.494272    0.444501  0.00813362
          39    0.497984    0.445873  0.00803984
          40    0.434592    0.445591  0.00784379
           1    0.287456    0.287456           0
           2    0.320392    0.303924   0.0116446
           3    0.291896    0.299915  0.00842509
           4     0.25212    0.287966   0.0121246
           5    0.256336     0.28164   0.0112293
           6    0.319684    0.287981   0.0110032
           7    0.282992    0.287268  0.00945441
           8    0.358076    0.296119    0.011704
           9    0.301472    0.296714   0.0104187
          10    0.333344    0.300377        0.01
          11    0.341692    0.304133  0.00977084
          12    0.261668    0.300594    0.009576
          13    0.321752    0.302222  0.00897663
          14    0.182884    0.293697   0.0117026
          15    0.176956    0.285915   0.0132602
          16    0.273536    0.285141    0.012454
          17    0.341472    0.288455   0.0121542
          18    0.307116    0.289491   0.0115231
          19    0.251524    0.287493   0.0110885
          20    0.249384    0.285588   0.0106966
          21    0.252232    0.283999   0.0103045
          22    0.311956     0.28527  0.00991412
          23     0.27706    0.284913   0.0094895
          24    0.248272    0.283386   0.0092161
          25    0.259008    0.282411  0.00889889
          26    0.271432    0.281989  0.00856664
          27    0.266984    0.281433  0.00826736
          28    0.256636    0.280548  0.00801939
          29    0.274204    0.280329  0.00774584
          30    0.251356    0.279363  0.00754762
          31    0.302264    0.280102  0.00734021
          32    0.363496    0.282708  0.00755931
          33    0.264136    0.282145  0.00735116
          34    0.259292    0.281473  0.00716561
          35      0.3547    0.283565   0.0072599
          36    0.274432    0.283311  0.00706267
          37    0.248528    0.282371  0.00693407
          38    0.371968    0.284729  0.00714122
          39    0.288744    0.284832  0.00695885
          40     0.28328    0.284793  0.00678499
           1    0.192624    0.192624           0
           2    0.194244    0.193434 0.000572756
           3    0.157716    0.181528   0.0097287
           4    0.233168    0.194438   0.0133507
           5    0.165256    0.188602    0.011888
           6    0.218356    0.193561    0.010892
           7    0.171504     0.19041  0.00978116
           8    0.206356    0.192403  0.00875927
           9    0.217608    0.195204  0.00822154
          10     0.22402    0.198085  0.00788824
          11    0.175392    0.196022  0.00743601
          12    0.232092    0.199028  0.00739896
          13     0.22348    0.200909  0.00706484
          14    0.216504    0.202023  0.00664745
          15    0.141612    0.197995  0.00732337
          16     0.19974    0.198104  0.00686647
          17    0.220852    0.199443  0.00659165
          18    0.206292    0.199823  0.00623642
          19    0.136352    0.196483   0.0067438
          20     0.20764     0.19704  0.00642964
          21    0.247216     0.19943  0.00655239
          22      0.2111     0.19996  0.00627599
          23    0.253256    0.202277  0.00641666
          24    0.198248     0.20211  0.00615149
          25    0.140636    0.199651  0.00637798
          26    0.235368    0.201024  0.00627888
          27    0.218032    0.201654  0.00607784
          28    0.167156    0.200422  0.00598436
          29    0.199616    0.200394  0.00577806
          30    0.197736    0.200306  0.00558614
          31     0.18024    0.199658  0.00544331
          32    0.243492    0.201028  0.00544284
          33      0.1931    0.200788   0.0052832
          34    0.193512    0.200574  0.00513214
          35    0.171028     0.19973  0.00505446
          36    0.224328    0.200413  0.00496003
          37      0.1927    0.200205  0.00483035
          38    0.187652    0.199874  0.00471452
          39    0.214956    0.200261  0.00460947
          40    0.228424    0.200965  0.00454769
           1    0.133268    0.133268           0
           2    0.136244    0.134756  0.00105217
           3    0.135632    0.135048 0.000740861
           4     0.15066    0.138951  0.00342546
           5    0.123688    0.135898  0.00386837
           6    0.128496    0.134665  0.00341472
           7    0.147132    0.136446  0.00335942
           8      0.1568     0.13899  0.00378218
           9    0.141044    0.139218  0.00336881
          10    0.141432     0.13944   0.0030392
          11    0.158372    0.141161  0.00321351
          12     0.13834    0.140926   0.0029543
          13    0.159856    0.142382  0.00306498
          14     0.17056    0.144395  0.00344409
          15    0.119532    0.142737  0.00359125
          16    0.126944     0.14175  0.00349982
          17    0.150104    0.142241  0.00332827
          18    0.136096      0.1419  0.00316082
          19    0.114536     0.14046  0.00330634
          20    0.144196    0.140647  0.00314629
          21     0.18756    0.142881  0.00370565
          22    0.155636     0.14346  0.00358228
          23    0.139212    0.143276  0.00343128
          24      0.1494    0.143531  0.00329779
          25    0.118244    0.142519  0.00331737
          26    0.136124    0.142273  0.00319888
          27     0.16616    0.143158  0.00320041
          28    0.131572    0.142744  0.00311274
          29    0.147572    0.142911  0.00300985
          30    0.147048    0.143049  0.00291268
          31    0.153628     0.14339  0.00283865
          32      0.1793    0.144512  0.00296346
          33    0.135832    0.144249  0.00288531
          34    0.105624    0.143113  0.00301581
          35    0.180252    0.144174  0.00311073
          36     0.14712    0.144256  0.00302539
          37    0.149616    0.144401  0.00294709
          38    0.167448    0.145007  0.00293128
          39     0.12612    0.144523  0.00289585
          40    0.158684    0.144877  0.00284501
           1    0.110352    0.110352           0
           2    0.111508     0.11093 0.000408708
           3    0.112564    0.111475 0.000521551
           4    0.098792    0.108304   0.0027736
           5    0.113788    0.109401  0.00242607
           6    0.127652    0.112443  0.00343484
           7    0.106908    0.111652  0.00303379
           8    0.127404    0.113621  0.00323095
           9    0.112236    0.113467  0.00287562
          10    0.138292     0.11595  0.00349922
          11    0.072272    0.111979  0.00494495
          12    0.088168    0.109995  0.00491488
          13    0.156208     0.11355   0.0056787
          14    0.106464    0.113043  0.00529559
          15    0.093728    0.111756   0.0050967
          16     0.12862     0.11281  0.00488593
          17    0.071152    0.110359  0.00517667
          18    0.146304    0.112356  0.00526016
          19    0.098656    0.111635  0.00503249
          20     0.11598    0.111852  0.00478555
          21    0.093016    0.110955  0.00464097
          22    0.122584    0.111484  0.00446001
          23     0.13954    0.112704  0.00442977
          24    0.112216    0.112684  0.00424525
          25    0.096248    0.112026  0.00412603
          26    0.142068    0.113182  0.00412595
          27    0.127716     0.11372   0.0040081
          28    0.107204    0.113487   0.0038717
          29    0.143884    0.114535  0.00387748
          30    0.112552    0.114469   0.0037488
          31    0.081316      0.1134  0.00377734
          32    0.098836    0.112945  0.00368661
          33    0.116252    0.113045  0.00357626
          34    0.102556    0.112736  0.00348435
          35     0.11244    0.112728  0.00338481
          36     0.08914    0.112073  0.00335361
          37    0.118068    0.112235  0.00326688
          38    0.123584    0.112533  0.00319453
          39    0.076552    0.111611  0.00324311
          40     0.13456    0.112184  0.00321238
           1    0.078104    0.078104           0
           2    0.074256     0.07618  0.00136047
           3    0.080812    0.077724  0.00155303
           4     0.09146    0.081158  0.00319389
           5    0.061652   0.0772568  0.00432482
           6    0.070892    0.076196  0.00373185
           7    0.099628   0.0795434  0.00445381
           8    0.087724    0.080566  0.00401275
           9    0.091568   0.0817884  0.00374847
          10    0.087828   0.0823924  0.00342193
          11    0.087876   0.0828909  0.00314695
          12     0.09334   0.0837617  0.00300276
          13    0.099776   0.0849935  0.00301389
          14      0.0918   0.0854797  0.00283755
          15    0.063176   0.0839928  0.00301288
          16    0.091552   0.0844653  0.00286138
          17    0.078432   0.0841104  0.00271498
          18    0.067724      0.0832  0.00271248
          19     0.06926   0.0824663   0.0026671
          20     0.07734     0.08221  0.00254603
          21    0.087016   0.0824389  0.00243506
          22    0.078232   0.0822476  0.00233187
          23    0.090772   0.0826183  0.00225974
          24    0.099244    0.083311  0.00226929
          25    0.093612    0.083723  0.00221561
          26    0.106548   0.0846009  0.00229774
          27     0.07406   0.0842105  0.00224556
          28    0.058064   0.0832767  0.00235152
          29    0.088104   0.0834432  0.00227631
          30     0.10276   0.0840871   0.0022897
          31    0.055808   0.0831748  0.00239066
          32     0.08176   0.0831306  0.00231636
          33    0.099692   0.0836325  0.00229989
          34    0.088996   0.0837902  0.00223765
          35     0.08802   0.0839111  0.00217698
          36    0.077772   0.0837406  0.00212317
          37    0.092736   0.0839837  0.00207966
          38    0.086344   0.0840458  0.00202586
          39    0.062444   0.0834919  0.00204824
          40    0.091736    0.083698  0.00200737
           1    0.058644    0.058644           0
           2     0.08816    0.073402   0.0104355
           3    0.073616   0.0734733  0.00695723
           4    0.075548    0.073992  0.00523722
           5    0.049152    0.069024   0.0061073
           6    0.063592   0.0681187  0.00515608
           7    0.070536    0.068464  0.00443105
           8    0.062192     0.06768  0.00394591
           9    0.084436   0.0695418  0.00392218
          10    0.062204    0.068808  0.00359795
          11    0.078684   0.0697058  0.00338102
          12    0.081932   0.0707247  0.00324916
          13    0.084664   0.0717969  0.00317122
          14    0.056392   0.0706966  0.00312979
          15     0.05106   0.0693875  0.00318316
          16    0.077224   0.0698772  0.00302166
          17     0.07028   0.0699009  0.00284401
          18    0.080448   0.0704869  0.00274571
          19    0.066828   0.0702943  0.00260794
          20    0.082324   0.0708958  0.00254596
          21    0.065312   0.0706299  0.00243857
          22    0.067784   0.0705005  0.00233115
          23    0.060144   0.0700503  0.00227287
          24    0.058224   0.0695575  0.00223095
          25    0.059428   0.0691523  0.00217819
          26        0.08   0.0695695    0.002134
          27    0.079156   0.0699246  0.00208429
          28    0.092268   0.0707226   0.0021572
          29    0.067916   0.0706258  0.00208499
          30    0.075036   0.0707728  0.00202066
          31    0.075056    0.070911   0.0019602
          32    0.064052   0.0706966  0.00191062
          33      0.0672   0.0705907  0.00185566
          34     0.06792   0.0705121  0.00180275
          35    0.068212   0.0704464  0.00175244
          36    0.058792   0.0701227   0.0017334
          37    0.089476   0.0706457  0.00176371
          38    0.062112   0.0704212  0.00173153
          39    0.075316   0.0705467  0.00169168
          40    0.061564   0.0703221  0.00166422
           1    0.056584    0.056584           0
           2    0.062584    0.059584  0.00212132
           3      0.0551   0.0580893  0.00186798
           4    0.047028    0.055324  0.00277454
           5    0.045276   0.0533144  0.00285614
           6     0.05184   0.0530687  0.00239067
           7    0.058448   0.0538371  0.00216914
           8    0.073368   0.0562785  0.00296944
           9     0.07786   0.0586764  0.00347537
          10    0.055784   0.0583872  0.00313985
          11    0.050672   0.0576858   0.0029317
          12    0.071576   0.0588433  0.00290693
          13    0.052796   0.0583782  0.00272029
          14     0.04192   0.0572026  0.00276837
          15     0.05228   0.0568744  0.00260319
          16     0.06936   0.0576547  0.00255478
          17     0.05878   0.0577209  0.00240535
          18    0.063256   0.0580284  0.00229129
          19    0.053316   0.0577804  0.00218408
          20    0.064772     0.05813  0.00210267
          21    0.063436   0.0583827  0.00201766
          22    0.064808   0.0586747  0.00194698
          23    0.053196   0.0584365  0.00187684
          24    0.058012   0.0584188  0.00179872
          25     0.06352   0.0586229  0.00173831
          26    0.054292   0.0584563  0.00167941
          27    0.057132   0.0584073  0.00161793
          28    0.066596   0.0586997  0.00158636
          29    0.052216   0.0584761  0.00154733
          30    0.048924   0.0581577  0.00152816
          31    0.064748   0.0583703  0.00149358
          32    0.059716   0.0584124   0.0014475
          33    0.046604   0.0580545  0.00144719
          34    0.060968   0.0581402  0.00140716
          35    0.062504   0.0582649  0.00137246
          36    0.057504   0.0582438   0.0013345
          37    0.058548    0.058252  0.00129846
          38     0.05858   0.0582606  0.00126432
          39    0.057804   0.0582489  0.00123195
          40     0.06006   0.0582942  0.00120199
           1    0.053296    0.053296           0
           2    0.047036    0.050166  0.00221324
           3    0.046132   0.0488213  0.00183916
           4    0.048316    0.048695   0.0013837
           5    0.046964   0.0483488  0.00114946
           6    0.037444   0.0465313  0.00191577
           7    0.053944   0.0475903   0.0019125
           8    0.049908     0.04788  0.00169524
           9    0.056384   0.0488249  0.00175051
          10    0.060376     0.04998   0.0019191
          11    0.047776   0.0497796  0.00175506
          12    0.049416   0.0497493  0.00160907
          13    0.050516   0.0498083  0.00148637
          14    0.056912   0.0503157  0.00146425
          15    0.049936   0.0502904  0.00136685
          16     0.04616   0.0500322  0.00130558
          17    0.040228   0.0494555  0.00135016
          18    0.058164   0.0499393  0.00135907
          19    0.052464   0.0500722  0.00129402
          20     0.04948   0.0500426  0.00122966
          21    0.045408   0.0498219  0.00119074
          22     0.06414   0.0504727  0.00130239
          23    0.048456    0.050385  0.00124871
          24     0.05364   0.0505207  0.00120403
          25    0.048324   0.0504328  0.00115907
          26    0.055688   0.0506349  0.00113197
          27     0.03348   0.0499996  0.00125576
          28    0.058984   0.0503204  0.00125124
          29    0.046352   0.0501836  0.00121555
          30     0.05256   0.0502628  0.00117761
          31    0.048316      0.0502   0.0011413
          32    0.055188   0.0503559  0.00111623
          33    0.052752   0.0504285  0.00108476
          34     0.04812   0.0503606  0.00105498
          35     0.05228   0.0504154  0.00102626
          36    0.052864   0.0504834       0.001
          37    0.058884   0.0507105 0.000998419
          38    0.050304   0.0506998 0.000972202
          39     0.04576   0.0505731 0.000955489
          40    0.042044   0.0503599 0.000955098
           1    0.051036    0.051036           0
           2    0.051456    0.051246 0.000148492
           3    0.036788   0.0464267  0.00393621
           4    0.042728    0.045502  0.00305884
           5    0.042016   0.0448048  0.00252528
           6     0.05228   0.0460507  0.00239207
           7    0.042772   0.0455823   0.0020957
           8     0.05934    0.047302  0.00243933
           9     0.04736   0.0473084   0.0021683
          10    0.046272   0.0472048  0.00195395
          11     0.03008    0.045648  0.00231486
          12    0.038884   0.0450843  0.00218951
          13     0.04358   0.0449686  0.00202414
          14    0.054376   0.0456406  0.00198797
          15    0.049376   0.0458896  0.00187097
          16    0.032272   0.0450385  0.00193797
          17    0.030352   0.0441746  0.00200732
          18    0.044992     0.04422  0.00189631
          19    0.049028   0.0444731  0.00181331
          20    0.039112    0.044205  0.00174235
          21    0.045688   0.0442756  0.00166081
          22    0.037128   0.0439507  0.00161678
          23    0.033452   0.0434943  0.00160964
          24    0.045484   0.0435772   0.0015447
          25    0.038712   0.0433826  0.00149512
          26    0.042776   0.0433592   0.0014378
          27    0.034188   0.0430196   0.0014241
          28     0.03038   0.0425681  0.00144302
          29    0.047712   0.0427455  0.00140412
          30    0.036884   0.0425501  0.00137084
          31     0.04526   0.0426375   0.0013294
          32    0.047584   0.0427921  0.00129681
          33    0.038192   0.0426527  0.00126499
          34    0.042724   0.0426548  0.00122778
          35    0.039724   0.0425711  0.00119556
          36    0.054544   0.0429037  0.00120772
          37    0.047476   0.0430272  0.00118138
          38    0.039236   0.0429275   0.0011545
          39     0.03716   0.0427796  0.00113433
          40    0.041516    0.042748  0.00110641
           1    0.036964    0.036964           0
           2    0.045004    0.040984  0.00284257
           3    0.038308    0.040092  0.00203018
           4    0.034996    0.038818  0.00188035
           5    0.046776   0.0404096  0.00207109
           6    0.038836   0.0401473  0.00174244
           7    0.033924   0.0392583  0.00170531
           8    0.054976    0.041223   0.0023673
           9    0.037592   0.0408196  0.00213837
          10    0.039536   0.0406912  0.00192838
          11    0.048396   0.0413916  0.00187597
          12    0.035972     0.04094  0.00177317
          13    0.040048   0.0408714   0.0016381
          14    0.037496   0.0406303  0.00153873
          15    0.042144   0.0407312  0.00143946
          16      0.0466    0.041098  0.00139544
          17    0.034944    0.040736   0.0013595
          18    0.046084   0.0410331  0.00131604
          19    0.029844   0.0404442  0.00137222
          20    0.033976   0.0401208  0.00134118
          21    0.035212    0.039887  0.00129753
          22    0.040664   0.0399224  0.00123903
          23    0.030324    0.039505  0.00125347
          24    0.031156   0.0391572  0.00124858
          25    0.039932   0.0391882  0.00119902
          26    0.046192   0.0394575  0.00118278
          27    0.047872   0.0397692  0.00117932
          28    0.035504   0.0396169  0.00114699
          29    0.040952   0.0396629  0.00110836
          30    0.036512   0.0395579  0.00107638
          31     0.03078   0.0392747  0.00107826
          32     0.04156   0.0393461  0.00104693
          33    0.030768   0.0390862  0.00104698
          34      0.0339   0.0389336  0.00102724
          35      0.0429    0.039047  0.00100412
          36    0.036804   0.0389847 0.000978157
          37    0.043736   0.0391131 0.000960112
          38    0.034732   0.0389978 0.000941743
          39    0.033812   0.0388648 0.000926935
          40    0.034156   0.0387471 0.000911207
           1    0.040344    0.040344           0
           2     0.04946    0.044902  0.00322299
           3    0.033132   0.0409787  0.00385726
           4    0.034084    0.039255  0.00325536
           5    0.041184   0.0396408  0.00262705
           6    0.034844   0.0388413  0.00230765
           7    0.031008   0.0377223  0.00223289
           8    0.044284   0.0385425  0.00209903
           9     0.03466   0.0381111  0.00190962
          10    0.037384   0.0380384  0.00172004
          11    0.046792   0.0388342  0.00173804
          12    0.025052   0.0376857  0.00193583
          13     0.04092   0.0379345  0.00180284
          14    0.043964   0.0383651  0.00172474
          15       0.042   0.0386075  0.00162669
          16    0.039916   0.0386892  0.00152708
          17    0.029548   0.0381515  0.00152899
          18    0.030296   0.0377151  0.00150505
          19    0.030328   0.0373263   0.0014752
          20    0.023216   0.0366208  0.00156105
          21    0.034624   0.0365257  0.00148961
          22    0.029636   0.0362125  0.00145445
          23    0.026744   0.0358009   0.0014483
          24    0.021196   0.0351923   0.0015104
          25    0.033792   0.0351363  0.00145102
          26    0.034396   0.0351078  0.00139549
          27    0.038332   0.0352273  0.00134891
          28    0.039268   0.0353716  0.00130843
          29     0.04366   0.0356574  0.00129415
          30    0.030084   0.0354716  0.00126428
          31    0.035136   0.0354608  0.00122354
          32    0.039824   0.0355971  0.00119288
          33    0.029092      0.0354   0.0011729
          34      0.0364   0.0354294  0.00113877
          35    0.029208   0.0352517  0.00112003
          36    0.033112   0.0351922  0.00109049
          37    0.035028   0.0351878  0.00106103
          38    0.037372   0.0352453  0.00103466
          39    0.034388   0.0352233  0.00100836
          40    0.036196   0.0352476 0.000983448
           1    0.035476    0.035476           0
           2    0.028544     0.03201  0.00245083
           3     0.03176   0.0319267   0.0016353
           4    0.038884    0.033666  0.00194247
           5     0.02592   0.0321168  0.00208204
           6    0.021196   0.0302967   0.0024023
           7     0.02754   0.0299029  0.00209115
           8    0.027848    0.029646  0.00184546
           9     0.03716   0.0304809  0.00181949
          10     0.03934   0.0313668  0.00184062
          11    0.036592   0.0318418   0.0017335
          12    0.027448   0.0314757  0.00162726
          13     0.03936   0.0320822  0.00161114
          14    0.026308   0.0316697  0.00154795
          15    0.023304    0.031112  0.00154196
          16     0.03868    0.031585   0.0015164
          17     0.02832   0.0313929  0.00143931
          18    0.024188   0.0309927  0.00141391
          19     0.02078   0.0304552  0.00143804
          20     0.01738   0.0298014  0.00150743
          21    0.023608   0.0295065  0.00146422
          22     0.03368   0.0296962   0.0014099
          23    0.023688    0.029435  0.00137258
          24    0.031176   0.0295075  0.00131731
          25    0.022912   0.0292437  0.00129076
          26    0.020264   0.0288983   0.0012865
          27    0.027948   0.0288631  0.00123933
          28    0.033436   0.0290264  0.00120578
          29     0.03774   0.0293269  0.00120106
          30     0.02432     0.02916  0.00117256
          31    0.039472   0.0294926  0.00118098
          32    0.029696    0.029499  0.00114409
          33     0.02386   0.0293281  0.00112211
          34    0.037056   0.0295554  0.00111189
          35    0.023952   0.0293953  0.00109158
          36    0.028956   0.0293831  0.00106133
          37    0.034428   0.0295195  0.00104137
          38    0.035716   0.0296825  0.00102665
          39    0.027768   0.0296334   0.0010015
          40    0.024548   0.0295063 0.000984497
           1    0.032592    0.032592           0
           2    0.024936    0.028764   0.0027068
           3    0.025388   0.0276387  0.00202499
           4    0.029652    0.028142  0.00158006
           5    0.019408   0.0263952  0.00200969
           6    0.014768   0.0244573  0.00243602
           7    0.029248   0.0251417  0.00218204
           8    0.032328     0.02604  0.00208601
           9     0.03924   0.0275067  0.00231306
          10    0.030288   0.0277848  0.00209841
          11    0.042052   0.0290818  0.00227342
          12    0.027244   0.0289287  0.00208912
          13    0.035508   0.0294348  0.00198878
          14    0.030136   0.0294849  0.00184735
          15    0.017184   0.0286648   0.0018975
          16    0.033256   0.0289517  0.00180047
          17    0.031044   0.0290748  0.00169877
          18    0.033728   0.0293333  0.00162394
          19     0.02006   0.0288453  0.00161014
          20    0.024924   0.0286492  0.00154153
          21     0.02032   0.0282526  0.00151829
          22    0.025968   0.0281487  0.00145282
          23    0.025192   0.0280202  0.00139533
          24     0.02372    0.027841  0.00134865
          25    0.026056   0.0277696  0.00129659
          26      0.0293   0.0278285  0.00124806
          27    0.029496   0.0278902  0.00120336
          28    0.027764   0.0278857  0.00116039
          29     0.02822   0.0278972  0.00112044
          30    0.022212   0.0277077    0.001099
          31    0.028732   0.0277408  0.00106404
          32     0.02424   0.0276314   0.0010364
          33    0.027228   0.0276192  0.00100507
          34    0.035216   0.0278426  0.00100003
          35    0.023744   0.0277255 0.000978293
          36    0.026316   0.0276863 0.000951901
          37    0.028024   0.0276955 0.000926218
          38    0.039832   0.0280148 0.000955323
          39    0.026964   0.0279879 0.000931208
          40    0.026356   0.0279471 0.000908821
           1    0.024588    0.024588           0
           2    0.025284    0.024936 0.000246073
           3    0.028004   0.0259587 0.000850966
           4    0.024344    0.025555 0.000727696
           5    0.027512   0.0259464 0.000679309
           6    0.019672   0.0249007  0.00110985
           7     0.02614   0.0250777 0.000965315
           8    0.028684   0.0255285 0.000944056
           9    0.024604   0.0254258 0.000844731
          10    0.022768     0.02516 0.000800978
          11    0.026016   0.0252378 0.000731932
          12    0.027344   0.0254133 0.000691662
          13    0.031176   0.0258566 0.000767471
          14    0.027096   0.0259451 0.000717739
          15    0.027416   0.0260432 0.000676555
          16    0.025064    0.025982 0.000637032
          17    0.030492   0.0262473 0.000652467
          18     0.02594   0.0262302 0.000616442
          19    0.028636   0.0263568  0.00059686
          20    0.022504   0.0261642 0.000597297
          21    0.033952    0.026535 0.000674221
          22       0.029   0.0266471 0.000652818
          23    0.021632    0.026429 0.000659846
          24     0.02028   0.0261728 0.000680278
          25    0.025808   0.0261582 0.000653223
          26     0.02824   0.0262383 0.000632987
          27    0.022492   0.0260996 0.000624565
          28    0.031948   0.0263084 0.000636228
          29    0.029208   0.0264084 0.000622096
          30    0.021336   0.0262393 0.000623914
          31    0.018752   0.0259978 0.000648855
          32    0.026624   0.0260174 0.000628873
          33     0.02622   0.0260235 0.000609847
          34    0.030756   0.0261627 0.000607587
          35    0.029152   0.0262481   0.0005962
          36    0.034536   0.0264783 0.000622503
          37    0.027236   0.0264988 0.000606015
          38     0.03808   0.0268036 0.000662283
          39    0.018232   0.0265838 0.000680794
          40    0.021204   0.0264493 0.000676929
           1    0.020808    0.020808           0
           2    0.023012     0.02191 0.000779232
           3    0.030436    0.024752  0.00237792
           4    0.011404    0.021415  0.00339593
           5     0.02128    0.021388  0.00271685
           6    0.014652   0.0202653   0.0024852
           7     0.02642   0.0211446   0.0022804
           8    0.024912   0.0216155   0.0020434
           9    0.027176   0.0222333  0.00190747
          10    0.023908   0.0224008  0.00172406
          11     0.01668   0.0218807   0.0016439
          12    0.025604    0.022191  0.00153591
          13    0.024404   0.0223612  0.00142717
          14    0.021032   0.0222663  0.00132838
          15    0.025736   0.0224976   0.0012598
          16    0.024928   0.0226495  0.00119018
          17    0.025456   0.0228146  0.00113157
          18    0.022748   0.0228109  0.00106871
          19    0.026012   0.0229794  0.00102565
          20    0.014324   0.0225466  0.00106175
          21       0.021    0.022473  0.00101375
          22    0.029644   0.0227989  0.00101872
          23    0.024284   0.0228635 0.000976475
          24    0.017836    0.022654 0.000957994
          25    0.015496   0.0223677  0.00096151
          26    0.019864   0.0222714 0.000929338
          27    0.020512   0.0222062   0.0008972
          28     0.02386   0.0222653 0.000867099
          29    0.026424   0.0224087 0.000848974
          30    0.031104   0.0226985 0.000868744
          31     0.02316   0.0227134 0.000840848
          32     0.02324   0.0227299 0.000814732
          33    0.028512   0.0229051 0.000808665
          34     0.02568   0.0229867 0.000788988
          35    0.032604   0.0232615 0.000812887
          36     0.02434   0.0232914 0.000790859
          37    0.017428    0.023133 0.000785201
          38    0.034956   0.0234441 0.000823878
          39    0.020084   0.0233579 0.000807245
          40    0.022644   0.0233401 0.000787261
           1    0.014136    0.014136           0
           2    0.019088    0.016612   0.0017508
           3    0.015172    0.016132  0.00123124
           4     0.01182    0.015054  0.00131312
           5    0.023812   0.0168056  0.00188627
           6    0.018452     0.01708  0.00159173
           7     0.02246   0.0178486  0.00153874
           8    0.025624   0.0188205  0.00162461
           9    0.024072    0.019404  0.00154534
          10    0.019372   0.0194008  0.00139081
          11    0.015064   0.0190065  0.00131907
          12    0.029236    0.019859  0.00145882
          13    0.027316   0.0204326  0.00145501
          14    0.015716   0.0200957  0.00138954
          15    0.021016   0.0201571  0.00129826
          16    0.018248   0.0200378  0.00122259
          17    0.014016   0.0196835  0.00120089
          18     0.02378   0.0199111  0.00115554
          19    0.023732   0.0201122  0.00111208
          20     0.02302   0.0202576  0.00106594
          21    0.019152    0.020205  0.00101648
          22    0.022788   0.0203224 0.000977031
          23    0.023456   0.0204586 0.000944003
          24    0.029208   0.0208232 0.000972518
          25    0.022716   0.0208989  0.00093656
          26    0.028672   0.0211978 0.000947055
          27    0.014232   0.0209399 0.000946468
          28    0.016588   0.0207844 0.000925339
          29     0.02716   0.0210043 0.000919176
          30    0.022864   0.0210663 0.000890624
          31    0.022584   0.0211152 0.000863239
          32    0.022104   0.0211461 0.000836816
          33     0.02634   0.0213035 0.000826126
          34    0.026056   0.0214433 0.000813568
          35    0.020296   0.0214105 0.000790983
          36    0.018588   0.0213321 0.000772887
          37    0.024008   0.0214044 0.000755375
          38    0.022764   0.0214402 0.000736343
          39    0.013572   0.0212385 0.000744588
          40    0.025632   0.0213483  0.00073403
           1    0.018512    0.018512           0
           2    0.017968     0.01824 0.000192333
           3    0.021172   0.0192173 0.000808225
           4    0.013904    0.017889   0.0013003
           5     0.02112   0.0185352  0.00119003
           6    0.016732   0.0182347  0.00102894
           7      0.0205   0.0185583 0.000931451
           8    0.020268    0.018772 0.000839179
           9     0.01734   0.0186129 0.000760871
          10     0.02108   0.0188596 0.000723677
          11    0.022464   0.0191873 0.000728303
          12     0.02442   0.0196233 0.000787406
          13      0.0198   0.0196369 0.000726954
          14    0.016468   0.0194106 0.000709393
          15     0.02416   0.0197272 0.000729347
          16     0.01754   0.0195905 0.000696456
          17    0.018852   0.0195471 0.000656841
          18    0.015708   0.0193338 0.000654061
          19    0.024612   0.0196116 0.000676063
          20     0.01722    0.019492  0.00065275
          21    0.013268   0.0191956 0.000685659
          22    0.022684   0.0193542 0.000672577
          23    0.017644   0.0192798 0.000647431
          24    0.017204   0.0191933 0.000626206
          25    0.024868   0.0194203 0.000640978
          26    0.022808   0.0195506 0.000629428
          27    0.013952   0.0193433  0.00063936
          28    0.015264   0.0191976 0.000632907
          29    0.015028   0.0190538 0.000627201
          30    0.021152   0.0191237 0.000610181
          31    0.020428   0.0191658 0.000591947
          32      0.0202   0.0191981  0.00057433
          33     0.02506   0.0193758  0.00058375
          34    0.020252   0.0194015 0.000567149
          35    0.022484   0.0194896 0.000557741
          36    0.016732    0.019413 0.000547483
          37    0.008456   0.0191169  0.00060752
          38    0.025156   0.0192758 0.000611967
          39     0.01578   0.0191862 0.000602804
          40    0.018816   0.0191769 0.000587805
           1    0.023924    0.023924           0
           2     0.02236    0.023142 0.000552958
           3    0.016372   0.0208853  0.00187908
           4    0.016188    0.019711  0.00173794
           5    0.026704   0.0211096  0.00187028
           6    0.018128   0.0206127  0.00162324
           7    0.018272   0.0202783  0.00142537
           8    0.017288   0.0199045  0.00129529
           9    0.018008   0.0196938  0.00116838
          10    0.014264   0.0191508  0.00117093
          11    0.017648   0.0190142  0.00107242
          12    0.019264    0.019035 0.000983258
          13    0.018136   0.0189658 0.000910051
          14    0.017164   0.0188371   0.0008541
          15     0.02034   0.0189373 0.000803015
          16    0.012008   0.0185042 0.000861735
          17    0.014912   0.0182929 0.000836551
          18    0.011184    0.017898  0.00087837
          19    0.018124   0.0179099  0.00083222
          20    0.014916   0.0177602  0.00080396
          21    0.013156    0.017541 0.000795009
          22    0.016976   0.0175153 0.000759287
          23    0.008636   0.0171292 0.000818556
          24    0.024124   0.0174207 0.000834724
          25     0.01426   0.0172942 0.000810853
          26    0.023732   0.0175418 0.000816597
          27    0.011524    0.017319 0.000816203
          28    0.020968   0.0174493 0.000797389
          29    0.014864   0.0173601  0.00077486
          30    0.023456   0.0175633 0.000775216
          31    0.014588   0.0174674 0.000756128
          32    0.017344   0.0174635 0.000732508
          33    0.018772   0.0175032 0.000711384
          34    0.023364   0.0176755 0.000711039
          35    0.019756    0.017735 0.000693203
          36    0.020304   0.0178063 0.000677611
          37      0.0206   0.0178818  0.00066349
          38    0.015908   0.0178299  0.00064806
          39    0.017244   0.0178149 0.000631617
          40    0.015568   0.0177587  0.00061832
           1     0.01754     0.01754           0
           2    0.019996    0.018768 0.000868327
           3    0.014532    0.017356  0.00129007
           4    0.018204    0.017568 0.000984815
           5    0.015148    0.017084 0.000898952
           6     0.01436     0.01663 0.000856128
           7     0.01336   0.0161629 0.000851789
           8    0.013812    0.015869 0.000794389
           9    0.022028   0.0165533 0.000956498
          10    0.016468   0.0165448 0.000860886
          11    0.016744   0.0165629 0.000782814
          12    0.018056   0.0166873 0.000727401
          13    0.019312   0.0168892 0.000698905
          14    0.018228   0.0169849 0.000655492
          15    0.015168   0.0168637 0.000622883
          16    0.022568   0.0172202 0.000678352
          17    0.017648   0.0172454 0.000638915
          18    0.018564   0.0173187 0.000607605
          19    0.014048   0.0171465 0.000599514
          20    0.013744   0.0169764 0.000593186
          21     0.01808    0.017029 0.000567263
          22    0.016656    0.017012 0.000541731
          23    0.016084   0.0169717 0.000519678
          24    0.018244   0.0170247 0.000500722
          25     0.01204   0.0168253 0.000518874
          26    0.015596    0.016778 0.000501067
          27    0.019864   0.0168923 0.000495373
          28      0.0162   0.0168676 0.000478298
          29    0.013972   0.0167677 0.000472112
          30     0.01876   0.0168341 0.000461022
          31    0.013312   0.0167205 0.000459937
          32     0.01874   0.0167836 0.000449873
          33     0.01292   0.0166665 0.000451218
          34     0.02806   0.0170016 0.000548442
          35    0.015388   0.0169555 0.000534706
          36    0.014292   0.0168816 0.000524947
          37     0.01694   0.0168831 0.000510762
          38      0.0244   0.0170809 0.000534254
          39    0.019932   0.0171541 0.000525533
          40    0.011984   0.0170248  0.00052805
           1    0.014624    0.014624           0
           2    0.012728    0.013676 0.000670337
           3    0.007268     0.01154  0.00180038
           4     0.01216    0.011695  0.00135694
           5    0.011816   0.0117192  0.00108577
           6     0.01408   0.0121127 0.000973494
           7      0.0185   0.0130251  0.00118741
           8    0.010984     0.01277  0.00106604
           9    0.018052   0.0133569  0.00109731
          10     0.01764   0.0137852  0.00106791
          11    0.019612   0.0143149  0.00109434
          12    0.022764    0.015019  0.00120861
          13    0.020008   0.0154028  0.00117499
          14    0.017664   0.0155643  0.00110211
          15    0.019768   0.0158445  0.00106367
          16    0.012468   0.0156335  0.00101791
          17    0.012156   0.0154289 0.000978368
          18    0.010904   0.0151776 0.000955765
          19    0.012724   0.0150484 0.000914144
          20    0.016924   0.0151422 0.000873234
          21    0.012156       0.015  0.00084315
          22    0.022576   0.0153444 0.000872318
          23    0.010376   0.0151283 0.000860722
          24    0.015124   0.0151282 0.000824859
          25     0.01328   0.0150542  0.00079517
          26    0.011512    0.014918  0.00077617
          27    0.013088   0.0148502 0.000750377
          28    0.012496   0.0147661 0.000728273
          29     0.01556   0.0147935 0.000703674
          30    0.018276   0.0149096 0.000689727
          31    0.016604   0.0149643  0.00066964
          32    0.016868   0.0150238 0.000651351
          33    0.018936   0.0151423 0.000642311
          34    0.021796    0.015338 0.000652551
          35    0.007888   0.0151251 0.000667721
          36    0.022396   0.0153271 0.000679032
          37    0.019604   0.0154427 0.000670446
          38       0.022   0.0156153 0.000674644
          39    0.014728   0.0155925 0.000657729
          40    0.012452    0.015514 0.000645955
           1    0.016832    0.016832           0
           2    0.017424    0.017128 0.000209304
           3     0.01158   0.0152787  0.00151641
           4    0.013908    0.014936  0.00117539
           5    0.012532   0.0144552  0.00103398
           6    0.016932    0.014868 0.000940449
           7     0.01458   0.0148269 0.000806998
           8      0.0186   0.0152985 0.000832617
           9     0.01498   0.0152631 0.000740856
          10    0.020312    0.015768 0.000820978
          11    0.014812   0.0156811 0.000750929
          12    0.013672   0.0155137  0.00070677
          13    0.017844   0.0156929 0.000674752
          14     0.01386    0.015562 0.000639131
          15    0.011668   0.0153024   0.0006471
          16    0.013816   0.0152095 0.000613288
          17    0.009476   0.0148722 0.000663499
          18    0.016404   0.0149573 0.000632071
          19    0.014348   0.0149253 0.000599618
          20    0.005944   0.0144762 0.000718374
          21     0.00742   0.0141402 0.000758689
          22    0.015532   0.0142035 0.000726836
          23    0.012408   0.0141254 0.000699414
          24    0.016668   0.0142313 0.000678248
          25     0.01374   0.0142117 0.000651402
          26     0.01218   0.0141335 0.000631018
          27    0.008808   0.0139363 0.000637729
          28    0.007964    0.013723 0.000649644
          29    0.012708    0.013688 0.000628185
          30    0.015056   0.0137336 0.000608898
          31    0.020268   0.0139444 0.000624677
          32     0.00978   0.0138143 0.000618562
          33     0.01392   0.0138175 0.000599826
          34     0.01634   0.0138916 0.000586755
          35     0.01274   0.0138587 0.000570912
          36    0.016016   0.0139187  0.00055819
          37    0.017156   0.0140062 0.000549918
          38    0.014388   0.0140162 0.000535538
          39    0.008996   0.0138875 0.000537054
          40    0.010028    0.013791 0.000532225
           1    0.015672    0.015672           0
           2     0.01512    0.015396 0.000195161
           3     0.01306   0.0146173 0.000648955
           4    0.010252    0.013526  0.00106308
           5    0.006048   0.0120304  0.00158517
           6    0.011908     0.01201   0.0013211
           7    0.018196   0.0128937  0.00139702
           8    0.017716   0.0134965  0.00134617
           9    0.013612   0.0135093  0.00119666
          10    0.009296    0.013088  0.00114877
          11    0.014108   0.0131807  0.00104807
          12    0.015804   0.0133993 0.000983268
          13    0.015032   0.0135249 0.000915618
          14    0.013924   0.0135534  0.00085066
          15    0.010444   0.0133461 0.000818818
          16    0.013084   0.0133297 0.000767805
          17    0.007552   0.0129899 0.000794307
          18    0.014252     0.01306 0.000753268
          19    0.010324    0.012916 0.000727256
          20    0.013376    0.012939 0.000691257
          21    0.009996   0.0127989 0.000672396
          22    0.012572   0.0127885 0.000641911
          23    0.016036   0.0129297 0.000629339
          24    0.016212   0.0130665 0.000617797
          25    0.015536   0.0131653 0.000600931
          26    0.013996   0.0131972 0.000578667
          27    0.012872   0.0131852  0.00055736
          28    0.010908   0.0131039 0.000543355
          29    0.011684   0.0130549  0.00052682
          30    0.011252   0.0129948 0.000512676
          31    0.015388    0.013072 0.000501917
          32    0.015096   0.0131353 0.000490201
          33    0.018432   0.0132958 0.000500935
          34    0.014944   0.0133442 0.000488542
          35    0.012088   0.0133083   0.0004759
          36      0.0209   0.0135192 0.000507256
          37    0.011288   0.0134589 0.000497118
          38    0.017052   0.0135535 0.000492946
          39     0.01108   0.0134901 0.000484369
          40    0.010772   0.0134221 0.000477003
           1    0.018964    0.018964           0
           2    0.017816     0.01839 0.000405879
           3    0.010384   0.0157213  0.00219569
           4    0.010308    0.014368  0.00202126
           5    0.016336   0.0147616  0.00165489
           6     0.01582    0.014938  0.00138844
           7    0.015092     0.01496  0.00119027
           8    0.018292   0.0153765  0.00111197
           9    0.014416   0.0152698 0.000993526
          10    0.009668   0.0147096  0.00104018
          11     0.01116   0.0143869 0.000994409
          12    0.013184   0.0142867  0.00091658
          13     0.01124   0.0140523 0.000875523
          14     0.01588   0.0141829 0.000822661
          15    0.014152   0.0141808 0.000767819
          16    0.011664   0.0140235 0.000735767
          17    0.017664   0.0142376 0.000722979
          18      0.0157   0.0143189 0.000687363
          19    0.015572   0.0143848 0.000654343
          20    0.012992   0.0143152 0.000625321
          21    0.013468   0.0142749 0.000596843
          22    0.009448   0.0140555 0.000608707
          23     0.01348   0.0140304 0.000582755
          24    0.013784   0.0140202 0.000558564
          25    0.010936   0.0138968 0.000549676
          26    0.017912   0.0140512 0.000549801
          27    0.006784   0.0137821 0.000591664
          28       0.005   0.0134684 0.000648358
          29    0.010652   0.0133713 0.000633233
          30     0.00526   0.0131009 0.000667356
          31    0.019456   0.0133059 0.000676583
          32    0.010816   0.0132281 0.000659899
          33     0.01566   0.0133018 0.000644004
          34    0.017848   0.0134355 0.000638792
          35    0.009624   0.0133266 0.000629756
          36     0.01464   0.0133631 0.000613318
          37    0.013032   0.0133542 0.000596807
          38    0.009296   0.0132474 0.000590579
          39    0.009744   0.0131575 0.000582228
          40    0.008532   0.0130419 0.000579042
