           1  0.00709689  0.00709689           0
           2 0.000710969  0.00390393  0.00225776
           3           0  0.00260262  0.00184241
           4  0.00142165  0.00230738  0.00140527
           5  0.00815897   0.0034777  0.00153609
           6           0  0.00289808  0.00138512
           7           0  0.00248407  0.00124759
           8           0  0.00217356  0.00112962
           9           0  0.00193205   0.0010296
          10 0.000710969  0.00180994  0.00093385
          11  0.00106635  0.00174235 0.000851398
          12           0  0.00159715 0.000792732
          13           0  0.00147429 0.000741212
          14           0  0.00136899 0.000695709
          15  0.00106635  0.00134881 0.000649621
          16           0  0.00126451 0.000614465
          17  0.00248715  0.00133643 0.000582513
          18  0.00106635  0.00132142 0.000550345
          19           0  0.00125188 0.000525755
          20           0  0.00118928  0.00050318
          21           0  0.00113265 0.000482395
          22           0  0.00108117 0.000463208
          23           0  0.00103416 0.000445447
          24           0 0.000991068 0.000428966
          25           0 0.000951425 0.000413635
          26           0 0.000914832 0.000399341
          27           0 0.000880949 0.000385985
          28           0 0.000849487  0.00037348
          29  0.00106635 0.000856965 0.000360677
          30  0.00284217 0.000923138 0.000354673
          31  0.00177689 0.000950679 0.000344299
          32           0  0.00092097 0.000334819
          33   0.0268169  0.00170569 0.000838179
          34 0.000710969  0.00167644 0.000814037
          35           0  0.00162854 0.000792187
          36           0   0.0015833 0.000771472
          37   0.0338057  0.00245418  0.00114077
          38           0  0.00238959  0.00111258
          39           0  0.00232832  0.00108573
          40           0  0.00227011  0.00106015
           1    0.151554    0.151554           0
           2    0.166982    0.159268  0.00545453
           3    0.203806    0.174114   0.0126554
           4   0.0103459    0.133172   0.0367053
           5   0.0692224    0.120382   0.0315139
           6   0.0694367    0.111891   0.0273816
           7    0.179182    0.121504   0.0251007
           8   0.0401595    0.111336   0.0239342
           9   0.0496995    0.104488   0.0222331
          10   0.0180344   0.0958423   0.0216254
          11   0.0395839   0.0907279   0.0202552
          12   0.0773518   0.0896133   0.0185979
          13   0.0307133   0.0850825   0.0177106
          14    0.124502   0.0878982   0.0166679
          15   0.0457049   0.0850853   0.0157923
          16   0.0264409     0.08142   0.0152246
          17    0.178698   0.0871423   0.0153669
          18   0.0890755   0.0872497   0.0145135
          19    0.105994   0.0882362   0.0137831
          20     0.13209   0.0904289   0.0132672
          21     0.04894   0.0884532   0.0127817
          22    0.101811   0.0890604   0.0122152
          23   0.0415011   0.0869926   0.0118578
          24   0.0460861   0.0852882   0.0114856
          25    0.172328   0.0887698   0.0115418
          26   0.0283853   0.0864473   0.0113291
          27   0.0152814   0.0838115   0.0112119
          28    0.118761   0.0850597   0.0108808
          29   0.0434143   0.0836237   0.0105999
          30   0.0250774   0.0816721   0.0104247
          31    0.167328   0.0844352   0.0104482
          32   0.0587638    0.083633   0.0101524
          33   0.0729272   0.0833086  0.00984994
          34    0.105906   0.0839732  0.00958263
          35    0.165111   0.0862914  0.00958515
          36    0.159592   0.0883275  0.00953271
          37    0.102178   0.0887018  0.00928242
          38   0.0137048   0.0867282  0.00924557
          39   0.0491299   0.0857642  0.00905863
          40    0.042655   0.0846865  0.00889604
           1     0.39143     0.39143           0
           2    0.255418    0.323424   0.0480872
           3    0.321014    0.322621   0.0320649
           4    0.328978     0.32421    0.024088
           5    0.352164    0.329801   0.0199086
           6     0.38336    0.338727   0.0184837
           7    0.366177    0.342649   0.0162538
           8    0.327878    0.340802   0.0143266
           9    0.302481    0.336544   0.0133525
          10    0.342129    0.337103   0.0120289
          11    0.322557    0.335781   0.0110078
          12    0.356289     0.33749   0.0102223
          13    0.350127    0.338462  0.00948211
          14    0.384819    0.341773  0.00936513
          15    0.302796    0.339175  0.00909413
          16    0.319739     0.33796  0.00860649
          17    0.372129     0.33997  0.00833162
          18    0.278208    0.336539  0.00854614
          19    0.292375    0.334214   0.0084065
          20    0.276344    0.331321  0.00846952
          21    0.289797    0.329343  0.00829381
          22    0.282016    0.327192  0.00819106
          23    0.288635    0.325516  0.00800464
          24     0.35844    0.326888  0.00778778
          25    0.343239    0.327542  0.00750368
          26    0.338153     0.32795  0.00722617
          27    0.275225    0.325997  0.00721757
          28    0.379207    0.327897  0.00720563
          29    0.373465    0.329469  0.00712642
          30    0.213014    0.325587  0.00787545
          31    0.300428    0.324775  0.00766311
          32    0.251501    0.322485  0.00775821
          33    0.254633    0.320429  0.00779081
          34    0.274788    0.319087  0.00767645
          35    0.387004    0.321027  0.00769848
          36    0.340731    0.321575  0.00750407
          37    0.289516    0.320708   0.0073511
          38     0.33985    0.321212  0.00717489
          39    0.370903    0.322486  0.00710315
          40    0.366851    0.323595  0.00701163
           1    0.439153    0.439153           0
           2    0.424531    0.431842  0.00516979
           3    0.428019    0.430568  0.00360018
           4    0.403447    0.423788  0.00646283
           5    0.407601     0.42055  0.00592587
           6    0.489461    0.432035   0.0115891
           7    0.446434    0.434092   0.0101144
           8    0.390451    0.428637   0.0102158
           9    0.410173    0.426586  0.00928445
          10    0.417135     0.42564  0.00840397
          11     0.47289    0.429936  0.00866848
          12    0.392981    0.426856  0.00847551
          13    0.443679     0.42815  0.00792172
          14     0.37884    0.424628  0.00810114
          15    0.434624    0.425295  0.00758842
          16    0.382662     0.42263   0.0075675
          17    0.449773    0.424227  0.00728884
          18    0.411441    0.423516  0.00691843
          19    0.425979    0.423646  0.00655551
          20    0.419967    0.423462  0.00623032
          21    0.418937    0.423246  0.00593736
          22    0.446787    0.424316  0.00576309
          23    0.455166    0.425658  0.00566645
          24    0.431074    0.425883  0.00543484
          25    0.413461    0.425387  0.00524011
          26    0.407327    0.424692   0.0050844
          27    0.423585    0.424651  0.00489625
          28    0.415895    0.424338  0.00473136
          29    0.459613    0.425555  0.00472198
          30    0.388217     0.42431  0.00472576
          31    0.417983    0.424106  0.00457772
          32    0.430089    0.424293  0.00443848
          33    0.421898     0.42422  0.00430458
          34     0.40437    0.423636  0.00421738
          35    0.430967    0.423846  0.00410208
          36    0.403595    0.423283  0.00402652
          37    0.411651    0.422969  0.00392995
          38    0.462558    0.424011  0.00396221
          39    0.406311    0.423557  0.00388652
          40    0.407731    0.423161  0.00380944
           1    0.428521    0.428521           0
           2    0.428883    0.428702 0.000128191
           3    0.420036    0.425813  0.00236018
           4    0.473363    0.437701   0.0104458
           5    0.412214    0.432603  0.00951945
           6    0.422011    0.430838  0.00809493
           7    0.410631    0.427951   0.0074354
           8    0.441423    0.429635  0.00669395
           9    0.452065    0.432127   0.0063973
          10    0.407532    0.429668   0.0062124
          11    0.423352    0.429094  0.00567411
          12    0.436361    0.429699  0.00523349
          13    0.418722    0.428855  0.00489857
          14    0.452685    0.430557  0.00483537
          15    0.405815    0.428908   0.0047861
          16    0.405339    0.427434   0.0047082
          17    0.444764    0.428454  0.00454026
          18    0.440088      0.4291  0.00433379
          19     0.44486     0.42993  0.00418432
          20    0.466764    0.431771  0.00436162
          21    0.415339    0.430989  0.00422353
          22    0.422683    0.430611  0.00404839
          23    0.425057     0.43037  0.00387957
          24    0.420257    0.429948  0.00374073
          25    0.393531    0.428492  0.00386435
          26    0.433301    0.428677  0.00372014
          27    0.415069    0.428173  0.00361634
          28    0.422452    0.427968  0.00349295
          29     0.43916    0.428354  0.00339376
          30     0.43507    0.428578  0.00328801
          31    0.368913    0.426654  0.00370265
          32    0.443239    0.427172  0.00362304
          33    0.448151    0.427808  0.00356859
          34     0.45138    0.428501  0.00353034
          35    0.411367    0.428011  0.00346325
          36     0.44971    0.428614  0.00341909
          37    0.476143    0.429899  0.00355982
          38    0.448496    0.430388  0.00349962
          39    0.427954    0.430326  0.00341045
          40    0.458851    0.431039  0.00339893
           1    0.439624    0.439624           0
           2     0.45555    0.447587  0.00563082
           3    0.436894    0.444023  0.00474992
           4    0.476403    0.452118  0.00786373
           5    0.441602    0.450015  0.00656619
           6    0.436257    0.447722   0.0058585
           7    0.469035    0.450767  0.00575871
           8     0.43388    0.448656  0.00541194
           9    0.463495    0.450305  0.00505555
          10    0.454924    0.450767  0.00457105
          11     0.45213    0.450891  0.00415718
          12    0.438327    0.449844  0.00394038
          13    0.431037    0.448397  0.00389379
          14    0.443086    0.448018   0.0036341
          15    0.449415    0.448111  0.00339302
          16      0.4827    0.450273  0.00380788
          17    0.443759    0.449889  0.00360311
          18     0.43169    0.448878  0.00354196
          19    0.445098    0.448679  0.00336112
          20     0.44622    0.448556  0.00319531
          21    0.419817    0.447188  0.00332332
          22    0.470855    0.448264  0.00334185
          23    0.433663    0.447629  0.00325628
          24     0.41885     0.44643  0.00333409
          25     0.42548    0.445592  0.00330436
          26    0.411532    0.444282  0.00342712
          27     0.44042    0.444139  0.00330317
          28    0.443934    0.444131  0.00318521
          29    0.450362    0.444346  0.00308261
          30    0.439522    0.444185  0.00298405
          31    0.453128    0.444474   0.0029017
          32    0.446855    0.444548  0.00281198
          33    0.447552    0.444639  0.00272824
          34    0.434252    0.444334  0.00266504
          35    0.413666    0.443458  0.00272914
          36    0.456019    0.443807  0.00267554
          37     0.45086    0.443997  0.00261002
          38     0.45232    0.444216   0.0025505
          39    0.457385    0.444554  0.00250736
          40    0.450829    0.444711  0.00244958
           1    0.429619    0.429619           0
           2    0.453676    0.441648  0.00850556
           3     0.42189    0.435062  0.00781471
           4    0.466168    0.442838  0.00892787
           5    0.449105    0.444092  0.00722974
           6    0.428767    0.441538   0.0064602
           7    0.453387     0.44323  0.00575483
           8    0.414441    0.439632  0.00605701
           9    0.455652    0.441412  0.00563952
          10     0.44312    0.441583  0.00507815
          11    0.430374    0.440564  0.00471763
          12     0.43897    0.440431  0.00432636
          13     0.39976    0.437302  0.00499831
          14    0.431367    0.436878  0.00465923
          15    0.434039    0.436689  0.00435246
          16    0.449344     0.43748  0.00415167
          17    0.450633    0.438254   0.0039789
          18    0.438324    0.438258  0.00375785
          19    0.430007    0.437823  0.00358507
          20    0.428363     0.43735  0.00343688
          21    0.466113     0.43872  0.00353561
          22    0.448948    0.439185  0.00340533
          23    0.429853    0.438779  0.00328135
          24    0.409955    0.437578  0.00335723
          25    0.446192    0.437923  0.00324058
          26    0.419523    0.437215  0.00319228
          27    0.449876    0.437684   0.0031083
          28     0.44311    0.437878  0.00300332
          29    0.416491     0.43714  0.00298893
          30    0.440712    0.437259  0.00289167
          31    0.449817    0.437664  0.00282662
          32    0.425494    0.437284  0.00276376
          33    0.425458    0.436926  0.00270314
          34    0.445604    0.437181  0.00263566
          35     0.44224    0.437326  0.00256431
          36    0.454948    0.437815  0.00253938
          37    0.444465    0.437995   0.0024771
          38    0.439183    0.438026  0.00241211
          39     0.43629    0.437982  0.00235067
          40    0.460286    0.438539  0.00235711
           1    0.414782    0.414782           0
           2    0.422935    0.418858  0.00288242
           3    0.406494    0.414737  0.00387521
           4    0.433113    0.419331    0.004927
           5    0.432888    0.422042  0.00462793
           6    0.397513    0.417954  0.00536669
           7     0.43285    0.420082  0.00500419
           8    0.412746    0.419165  0.00446189
           9    0.415838    0.418795   0.0039814
          10    0.421811    0.419097  0.00359466
          11    0.445757    0.421521   0.0040024
          12    0.403964    0.420058  0.00392718
          13    0.415112    0.419677  0.00364347
          14     0.42236    0.419869  0.00338826
          15    0.417862    0.419735  0.00316502
          16     0.40459    0.418788  0.00310553
          17    0.431094    0.419512  0.00300603
          18    0.427328    0.419946  0.00287022
          19    0.413685    0.419617  0.00273801
          20    0.405647    0.418918  0.00268872
          21    0.423277    0.419126  0.00256869
          22    0.421118    0.419217  0.00245352
          23    0.428296    0.419611  0.00237839
          24    0.422022    0.419712  0.00228141
          25    0.403732    0.419073  0.00227793
          26    0.408992    0.418685  0.00222307
          27    0.429919    0.419101  0.00217932
          28    0.435039     0.41967  0.00217456
          29    0.417015    0.419579   0.0021015
          30    0.427894    0.419856  0.00204965
          31    0.412426    0.419616  0.00199749
          32    0.409791    0.419309  0.00195853
          33    0.422695    0.419412  0.00190186
          34    0.417296    0.419349  0.00184694
          35     0.41184    0.419135  0.00180659
          36     0.44037    0.419725  0.00185021
          37    0.418864    0.419701  0.00180035
          38      0.4266    0.419883   0.0017621
          39     0.44687    0.420575   0.0018478
          40    0.423223    0.420641  0.00180279
           1     0.39383     0.39383           0
           2    0.403735    0.398783   0.0035021
           3    0.380515    0.392694  0.00549262
           4    0.407589    0.396417  0.00523167
           5    0.408172    0.398768  0.00468382
           6    0.388795    0.397106  0.00418776
           7    0.403722    0.398051  0.00369463
           8     0.38059    0.395869  0.00382356
           9    0.387684    0.394959  0.00350519
          10    0.395136    0.394977  0.00315472
          11     0.40902    0.396254  0.00311556
          12    0.396165    0.396246  0.00285594
          13    0.386241    0.395477  0.00273799
          14    0.403714    0.396065  0.00260487
          15    0.397198     0.39614   0.0024323
          16    0.392953    0.395941  0.00228843
          17    0.408141    0.396659  0.00226354
          18     0.38944    0.396258  0.00217303
          19    0.400627    0.396488  0.00207079
          20    0.384611    0.395894  0.00205062
          21     0.40366    0.396264  0.00198604
          22     0.39352    0.396139  0.00189968
          23    0.403203    0.396446  0.00184174
          24    0.390928    0.396216   0.0017793
          25    0.397533    0.396269  0.00170891
          26    0.403727    0.396556  0.00166708
          27    0.397813    0.396602  0.00160598
          28    0.394957    0.396543   0.0015497
          29    0.397588     0.39658  0.00149668
          30    0.398465    0.396642  0.00144811
          31    0.396535    0.396639   0.0014014
          32    0.412094    0.397122  0.00143843
          33     0.38282    0.396688  0.00145867
          34    0.420646    0.397393  0.00157681
          35    0.403656    0.397572  0.00154187
          36    0.418251    0.398146  0.00160247
          37    0.407772    0.398407  0.00158014
          38    0.404623     0.39857    0.001547
          39    0.412332    0.398923  0.00154706
          40     0.40452    0.399063  0.00151469
           1    0.368186    0.368186           0
           2    0.383483    0.375835  0.00540814
           3    0.366285    0.372651  0.00444452
           4    0.377654    0.373902  0.00350493
           5    0.370262    0.373174  0.00287854
           6    0.368947     0.37247  0.00248349
           7    0.349917    0.369248  0.00366449
           8    0.366261    0.368875  0.00322539
           9    0.356822    0.367535  0.00313272
          10    0.372013    0.367983  0.00285127
          11    0.361089    0.367356  0.00266005
          12    0.350012    0.365911  0.00280371
          13    0.363087    0.365694  0.00259644
          14     0.36715    0.365798  0.00241307
          15    0.356682     0.36519  0.00232746
          16    0.371357    0.365576  0.00221368
          17     0.37619      0.3662  0.00216973
          18    0.378429    0.366879  0.00215293
          19    0.374035    0.367256  0.00207229
          20    0.359521    0.366869  0.00200444
          21    0.377722    0.367386  0.00197449
          22    0.377012    0.367823  0.00193262
          23    0.360769    0.367517  0.00187277
          24    0.371471    0.367682  0.00180197
          25    0.382931    0.368292  0.00183022
          26    0.371283    0.368407  0.00176344
          27    0.365522      0.3683  0.00170137
          28    0.353408    0.367768  0.00172173
          29    0.379537    0.368174  0.00170952
          30    0.382571    0.368654  0.00171858
          31    0.387666    0.369267  0.00176919
          32    0.353876    0.368786  0.00177807
          33     0.36022    0.368526  0.00174304
          34     0.37286    0.368654  0.00169643
          35    0.365906    0.368575  0.00164977
          36    0.376428    0.368793   0.0016183
          37    0.375651    0.368979  0.00158514
          38    0.377365    0.369199  0.00155871
          39    0.381292     0.36951  0.00154928
          40    0.367197    0.369452  0.00151163
           1    0.344196    0.344196           0
           2    0.351708    0.347952   0.0026561
           3    0.337352    0.344418  0.00338509
           4    0.348275    0.345383  0.00267257
           5    0.344783    0.345263  0.00214074
           6    0.348153    0.345744  0.00183734
           7     0.34251    0.345282  0.00163193
           8    0.346289    0.345408  0.00143278
           9    0.336635    0.344433  0.00157057
          10    0.348567    0.344847  0.00146691
          11    0.343513    0.344725  0.00133856
          12    0.337643    0.344135  0.00135089
          13    0.341629    0.343942  0.00126066
          14    0.353581    0.344631  0.00134555
          15    0.338243    0.344205  0.00132153
          16    0.349865    0.344559  0.00128541
          17    0.353769    0.345101  0.00131904
          18    0.343294       0.345  0.00124958
          19    0.350266    0.345277  0.00121416
          20    0.343138     0.34517  0.00115815
          21    0.347543    0.345283   0.0011085
          22    0.343134    0.345186  0.00106241
          23    0.347573     0.34529  0.00102128
          24    0.344217    0.345245 0.000979702
          25    0.341272    0.345086 0.000953313
          26    0.347595    0.345182 0.000921519
          27    0.339766    0.344982 0.000908959
          28    0.337501    0.344715 0.000914924
          29    0.351112    0.344935 0.000909582
          30    0.355399    0.345284 0.000943777
          31    0.339404    0.345094 0.000932199
          32    0.341173    0.344972 0.000911088
          33    0.332076    0.344581 0.000963654
          34    0.347675    0.344672 0.000939597
          35    0.335157      0.3444 0.000951265
          36    0.343311     0.34437 0.000925321
          37     0.35233    0.344585 0.000924985
          38    0.341609    0.344507 0.000903952
          39     0.35663    0.344818 0.000932696
          40    0.352788    0.345017 0.000930421
           1     0.31127     0.31127           0
           2    0.315789    0.313529  0.00159769
           3     0.31889    0.315316   0.0018064
           4    0.322532     0.31712  0.00206787
           5    0.317365    0.317169  0.00165487
           6    0.312361    0.316368  0.00156105
           7    0.313329    0.315934  0.00139709
           8    0.316632    0.316021  0.00122518
           9    0.308346    0.315168  0.00135371
          10     0.31442    0.315093   0.0012204
          11    0.316486     0.31522  0.00111601
          12      0.3126    0.315002  0.00104414
          13     0.32047    0.315422  0.00104511
          14     0.32325    0.315981  0.00110998
          15    0.315957     0.31598  0.00103599
          16    0.324462     0.31651  0.00109855
          17    0.329779     0.31729  0.00128157
          18    0.313591    0.317085  0.00122674
          19    0.315692    0.317012  0.00116437
          20    0.306259    0.316474  0.00122399
          21    0.321144    0.316696  0.00118574
          22    0.323324    0.316998  0.00116948
          23    0.316295    0.316967  0.00111903
          24    0.313561    0.316825  0.00108137
          25    0.313123    0.316677  0.00104821
          26    0.330326    0.317202  0.00113174
          27    0.317686     0.31722  0.00108997
          28    0.310123    0.316966   0.0010801
          29    0.323522    0.317192  0.00106625
          30    0.315487    0.317136  0.00103222
          31    0.319683    0.317218  0.00100219
          32    0.314695    0.317139 0.000973966
          33    0.315947    0.317103 0.000945122
          34    0.322637    0.317266 0.000931235
          35    0.314211    0.317178 0.000908709
          36    0.302766    0.316778 0.000967648
          37    0.321348    0.316901 0.000949345
          38    0.310728    0.316739  0.00093816
          39    0.312823    0.316639 0.000919463
          40    0.328097    0.316925 0.000940042
           1    0.287034    0.287034           0
           2    0.295374    0.291204  0.00294844
           3    0.283384    0.288597  0.00289714
           4    0.299773    0.291391  0.00325202
           5    0.292564    0.291626  0.00261007
           6    0.291203    0.291555  0.00217601
           7    0.293193    0.291789  0.00187768
           8    0.287267    0.291224  0.00172598
           9    0.280619    0.290046  0.00189417
          10    0.297797    0.290821  0.00185658
          11    0.287231    0.290494  0.00171624
          12    0.287966    0.290284   0.0015861
          13    0.292218    0.290433  0.00147105
          14    0.299361     0.29107  0.00149784
          15    0.293688    0.291245  0.00140811
          16    0.300724    0.291837  0.00143935
          17    0.305115    0.292618   0.0015522
          18    0.289372    0.292438   0.0014764
          19      0.3003    0.292852  0.00145553
          20    0.291845    0.292801  0.00138362
          21     0.29251    0.292788  0.00131781
          22    0.294178    0.292851  0.00125942
          23     0.29389    0.292896  0.00120547
          24     0.28817    0.292699  0.00117122
          25    0.297091    0.292875  0.00113747
          26    0.302208    0.293234  0.00114897
          27    0.295858    0.293331  0.00111052
          28    0.282114     0.29293  0.00114082
          29     0.29902     0.29314  0.00112064
          30    0.287717    0.292959  0.00109777
          31    0.297567    0.293108  0.00107237
          32    0.293853    0.293131  0.00103911
          33    0.283251    0.292832  0.00104987
          34    0.294377    0.292877  0.00101998
          35    0.287095    0.292712  0.00100413
          36    0.296243     0.29281 0.000981011
          37    0.283638    0.292562 0.000985324
          38    0.290923    0.292519 0.000960338
          39    0.293031    0.292532 0.000935803
          40    0.305796    0.292864 0.000969375
           1    0.265771    0.265771           0
           2    0.273289     0.26953  0.00265814
           3    0.261272    0.266778  0.00286211
           4    0.273402    0.268434  0.00258167
           5    0.275372    0.269821  0.00240961
           6    0.270312    0.269903   0.0020094
           7    0.263758    0.269025  0.00190449
           8    0.268731    0.268989  0.00166679
           9    0.266418    0.268703  0.00150586
          10    0.272912    0.269124  0.00141287
          11    0.270659    0.269263   0.0012913
          12    0.267712    0.269134  0.00119015
          13    0.271241    0.269296  0.00110958
          14     0.27267    0.269537  0.00105617
          15    0.270461    0.269599 0.000987549
          16    0.274728    0.269919 0.000976468
          17    0.271954    0.270039 0.000926338
          18    0.273117     0.27021 0.000890518
          19    0.263347    0.269849 0.000913976
          20    0.268668     0.26979 0.000870183
          21    0.273148     0.26995 0.000843313
          22    0.268935    0.269904 0.000806241
          23    0.270083    0.269911 0.000771225
          24    0.271355    0.269971 0.000741432
          25    0.271243    0.270022 0.000713517
          26    0.273524    0.270157 0.000698671
          27     0.27991    0.270518 0.000760462
          28    0.266714    0.270382 0.000745342
          29    0.275951    0.270574 0.000743961
          30    0.272851     0.27065 0.000723023
          31    0.270832    0.270656 0.000699723
          32    0.268276    0.270582 0.000681799
          33    0.263364    0.270363 0.000695339
          34    0.268335    0.270303 0.000677441
          35    0.268012    0.270238 0.000661242
          36    0.267305    0.270156 0.000647873
          37    0.272627    0.270223 0.000633794
          38    0.264543    0.270074 0.000634495
          39    0.265918    0.269967 0.000627108
          40    0.272295    0.270025 0.000614126
           1    0.244007    0.244007           0
           2    0.248825    0.246416   0.0017035
           3    0.246774    0.246535  0.00113984
           4    0.246241    0.246461 0.000857255
           5    0.250597    0.247288  0.00100872
           6    0.247947    0.247398 0.000846544
           7    0.244955    0.247049 0.000794319
           8    0.245573    0.246865 0.000716134
           9    0.247548    0.246941 0.000640576
          10    0.253679    0.247614  0.00086086
          11    0.248874    0.247729 0.000790179
          12    0.247241    0.247688 0.000725375
          13    0.240424    0.247129 0.000858245
          14    0.244893     0.24697 0.000811667
          15    0.253462    0.247403 0.000865307
          16    0.249958    0.247562 0.000825832
          17    0.248794    0.247635 0.000780424
          18    0.241737    0.247307 0.000802912
          19    0.250694    0.247485 0.000780185
          20    0.244863    0.247354  0.00075211
          21     0.24886    0.247426 0.000719706
          22    0.246584    0.247388 0.000688009
          23    0.254171    0.247683 0.000718538
          24    0.252442    0.247881 0.000715441
          25    0.248191    0.247893 0.000686931
          26    0.252255    0.248061 0.000680684
          27    0.252609     0.24823 0.000675993
          28    0.251526    0.248347 0.000662022
          29    0.258766    0.248707 0.000730198
          30    0.251121    0.248787  0.00071028
          31    0.246195    0.248703 0.000692272
          32    0.245717     0.24861 0.000676901
          33    0.245051    0.248502 0.000664924
          34    0.248479    0.248502 0.000645367
          35    0.240801    0.248282 0.000663373
          36    0.252079    0.248387 0.000653278
          37    0.252898    0.248509 0.000646899
          38    0.248047    0.248497 0.000629989
          39    0.247514    0.248472  0.00061434
          40    0.252479    0.248572 0.000607095
           1     0.23364     0.23364           0
           2     0.23382     0.23373 6.35579e-05
           3    0.229531     0.23233  0.00114379
           4    0.227421    0.231103  0.00136594
           5    0.231182    0.231119  0.00109284
           6    0.232666    0.231377 0.000940633
           7    0.233128    0.231627 0.000838886
           8    0.227422    0.231101 0.000883479
           9    0.231324    0.231126 0.000785662
          10    0.237447    0.231758 0.000927119
          11    0.226584    0.231288 0.000954736
          12    0.229627    0.231149 0.000885151
          13    0.228897    0.230976  0.00083385
          14    0.231891    0.231041 0.000776843
          15    0.229365     0.23093 0.000733051
          16    0.229888    0.230865 0.000690118
          17     0.22734    0.230657 0.000679954
          18    0.225703    0.230382 0.000695656
          19    0.229001    0.230309 0.000662826
          20    0.231854    0.230387 0.000634171
          21    0.225454    0.230152  0.00064601
          22    0.231826    0.230228 0.000621115
          23    0.233092    0.230352 0.000606466
          24    0.233551    0.230486 0.000595661
          25    0.226304    0.230318 0.000594855
          26    0.235333    0.230511 0.000602437
          27    0.231247    0.230539  0.00058074
          28    0.233092     0.23063 0.000567114
          29    0.232321    0.230688 0.000550548
          30    0.234988    0.230831 0.000550541
          31    0.223967     0.23061 0.000575589
          32    0.230325    0.230601 0.000557671
          33    0.229095    0.230555 0.000542635
          34     0.22786    0.230476 0.000532433
          35    0.222922     0.23026 0.000559263
          36    0.233918    0.230362 0.000552881
          37    0.228648    0.230316 0.000539875
          38    0.228671    0.230272   0.0005274
          39    0.229252    0.230246 0.000514525
          40    0.223529    0.230078 0.000528358
           1     0.21645     0.21645           0
           2    0.214955    0.215703 0.000528388
           3    0.213947    0.215118   0.0005935
           4    0.208948    0.213575  0.00140798
           5    0.216922    0.214245  0.00127565
           6    0.213659    0.214147  0.00106678
           7    0.215568     0.21435 0.000933486
           8    0.204862    0.213164  0.00137764
           9    0.211428    0.212971  0.00123799
          10    0.215829    0.213257  0.00114672
          11    0.206014    0.212598  0.00121689
          12    0.208525    0.212259  0.00116188
          13    0.218247     0.21272  0.00116021
          14    0.214383    0.212838   0.0010834
          15    0.212751    0.212833  0.00101119
          16    0.214246    0.212921 0.000951844
          17    0.212326    0.212886 0.000896496
          18    0.212757    0.212879 0.000846719
          19    0.215804    0.213033 0.000816033
          20    0.217635    0.213263 0.000807028
          21    0.215663    0.213377 0.000776647
          22    0.212277    0.213327 0.000742953
          23    0.213996    0.213356  0.00071122
          24    0.215513    0.213446  0.00068724
          25    0.207783     0.21322  0.00069608
          26    0.216063    0.213329 0.000677844
          27    0.215951    0.213426 0.000659658
          28    0.213872    0.213442 0.000636291
          29    0.219585    0.213654 0.000648656
          30    0.209748    0.213524 0.000639966
          31    0.211123    0.213446 0.000623989
          32    0.210236    0.213346 0.000612498
          33    0.206815    0.213148 0.000625097
          34    0.215525    0.213218  0.00061061
          35    0.209197    0.213103 0.000603873
          36    0.213178    0.213105 0.000587102
          37     0.21501    0.213157 0.000573487
          38    0.206713    0.212987 0.000582922
          39    0.213727    0.213006 0.000568283
          40    0.212137    0.212984 0.000554491
           1    0.200296    0.200296           0
           2    0.200915    0.200605 0.000219033
           3    0.197506    0.199572  0.00085622
           4     0.19728    0.198999 0.000811535
           5    0.199608    0.199121 0.000658292
           6    0.197703    0.198885 0.000589461
           7    0.194427    0.198248 0.000776445
           8    0.197091    0.198103 0.000692721
           9    0.195206    0.197781 0.000686506
          10    0.197599    0.197763 0.000618098
          11    0.195002    0.197512 0.000610764
          12    0.192159    0.197066 0.000704185
          13    0.192531    0.196717 0.000731344
          14    0.196612    0.196709 0.000679144
          15    0.200369    0.196953 0.000676263
          16    0.197248    0.196972 0.000634247
          17    0.198956    0.197089 0.000607578
          18    0.193335     0.19688  0.00060855
          19    0.197994    0.196939 0.000579338
          20    0.194054    0.196794  0.00056804
          21    0.198068    0.196855 0.000544215
          22    0.196906    0.196857 0.000519483
          23    0.196802    0.196855 0.000496903
          24    0.197049    0.196863 0.000476264
          25    0.192902    0.196705 0.000482849
          26    0.197248    0.196725 0.000464729
          27    0.200626     0.19687 0.000469429
          28    0.199925    0.196979 0.000465174
          29    0.202262    0.197161 0.000483492
          30    0.197786    0.197182 0.000467823
          31    0.199156    0.197246 0.000457047
          32    0.196738     0.19723 0.000443039
          33    0.197439    0.197236 0.000429659
          34    0.195571    0.197187 0.000419805
          35     0.19263    0.197057 0.000427524
          36    0.197133    0.197059 0.000415654
          37    0.197171    0.197062 0.000404431
          38    0.193064    0.196957 0.000407243
          39    0.200586     0.19705 0.000407295
          40    0.194329    0.196982 0.000402754
           1    0.185004    0.185004           0
           2    0.180309    0.182656  0.00165999
           3    0.183113    0.182808  0.00111361
           4    0.179225    0.181913  0.00113989
           5    0.185646    0.182659   0.0011303
           6    0.179027    0.182054  0.00109209
           7    0.179178    0.181643   0.0010104
           8     0.17832    0.181228 0.000965699
           9    0.178777    0.180955 0.000895954
          10    0.184137    0.181274 0.000861008
          11    0.180877    0.181237 0.000783489
          12    0.180597    0.181184 0.000720015
          13    0.180603    0.181139 0.000666017
          14    0.180647    0.181104 0.000619371
          15    0.181024    0.181099 0.000578103
          16    0.182322    0.181175 0.000547006
          17    0.182258    0.181239 0.000518521
          18    0.177878    0.181052 0.000522262
          19    0.183477     0.18118 0.000510124
          20    0.182992     0.18127 0.000492601
          21    0.182373    0.181323 0.000471932
          22    0.183736    0.181433  0.00046305
          23    0.182411    0.181475 0.000444865
          24    0.188482    0.181767 0.000513267
          25    0.181381    0.181752 0.000492968
          26    0.182641    0.181786 0.000475193
          27    0.179242    0.181692  0.00046684
          28    0.183718    0.181764  0.00045574
          29    0.185435    0.181891 0.000457263
          30    0.178134    0.181765 0.000458842
          31    0.184498    0.181854 0.000452429
          32    0.181087     0.18183 0.000438925
          33    0.181229    0.181811 0.000426002
          34    0.180702    0.181779  0.00041472
          35     0.18325    0.181821 0.000404997
          36    0.181364    0.181808 0.000393946
          37    0.181109    0.181789 0.000383751
          38    0.174048    0.181585 0.000424297
          39    0.180383    0.181555 0.000414537
          40    0.177278    0.181448 0.000417731
           1    0.168558    0.168558           0
           2    0.171508    0.170033  0.00104305
           3    0.166225    0.168764  0.00124804
           4    0.167698    0.168497 0.000964031
           5    0.170731    0.168944 0.000868582
           6    0.164856    0.168263 0.000954351
           7    0.169894    0.168496 0.000845982
           8    0.165715    0.168148 0.000808494
           9    0.167681    0.168096 0.000720327
          10    0.168588    0.168145 0.000649972
          11    0.168176    0.168148  0.00059089
          12    0.170979    0.168384 0.000586856
          13    0.171191      0.1686 0.000580065
          14      0.1689    0.168621 0.000539027
          15    0.169916    0.168708 0.000509952
          16    0.168545    0.168698 0.000478181
          17     0.17229    0.168909 0.000494557
          18    0.171431    0.169049 0.000486532
          19    0.171608    0.169184 0.000479204
          20    0.168341    0.169142 0.000457093
          21    0.168707    0.169121 0.000435795
          22    0.168748    0.169104 0.000416316
          23    0.171788    0.169221 0.000414253
          24    0.171517    0.169316 0.000407892
          25    0.167307    0.169236 0.000399419
          26    0.167271     0.16916 0.000391143
          27    0.169263    0.169164 0.000376675
          28    0.168341    0.169135 0.000364368
          29     0.17427    0.169312 0.000392483
          30    0.174181    0.169474 0.000411599
          31    0.167618    0.169414 0.000402654
          32    0.171183     0.16947 0.000393846
          33    0.165853     0.16936 0.000396865
          34    0.168183    0.169325 0.000386698
          35    0.170282    0.169353 0.000376615
          36    0.166997    0.169287 0.000371795
          37    0.167755    0.169246 0.000364047
          38    0.165951    0.169159 0.000364648
          39    0.163185    0.169006 0.000386139
          40    0.164023    0.168881 0.000396073
           1    0.159887    0.159887           0
           2    0.154786    0.157337  0.00180344
           3    0.155918    0.156864  0.00126276
           4    0.158798    0.157348  0.00103554
           5    0.155653    0.157009 0.000882174
           6    0.155027    0.156678 0.000794552
           7    0.156771    0.156692 0.000681154
           8    0.155194    0.156504 0.000621186
           9    0.157952    0.156665 0.000572602
          10    0.155156    0.156514 0.000534858
          11    0.158213    0.156669 0.000508049
          12    0.157244    0.156717 0.000467968
          13     0.15872    0.156871 0.000456632
          14    0.155771    0.156792 0.000430719
          15    0.155308    0.156693 0.000413213
          16    0.158145    0.156784 0.000397223
          17    0.157246    0.156811 0.000374785
          18    0.159254    0.156947 0.000377734
          19    0.159051    0.157058  0.00037373
          20    0.161056    0.157258 0.000405009
          21    0.153247    0.157067 0.000428398
          22     0.15747    0.157085 0.000409317
          23    0.162017    0.157299 0.000444155
          24    0.159093    0.157374 0.000431891
          25    0.156309    0.157331 0.000416711
          26    0.156838    0.157312 0.000401116
          27    0.157179    0.157308  0.00038629
          28    0.157096      0.1573 0.000372568
          29    0.157761    0.157316 0.000360061
          30    0.159193    0.157378 0.000353452
          31    0.156099    0.157337 0.000344451
          32     0.15562    0.157284 0.000337842
          33    0.155243    0.157222 0.000333213
          34    0.154965    0.157155 0.000329955
          35    0.158571    0.157196 0.000322996
          36    0.159332    0.157255 0.000319428
          37    0.157275    0.157256 0.000310795
          38    0.157332    0.157258 0.000302623
          39    0.154159    0.157178 0.000305115
          40      0.1544    0.157109 0.000305289
           1    0.145643    0.145643           0
           2    0.146336     0.14599 0.000245179
           3    0.144464    0.145481 0.000446201
           4    0.146659    0.145776 0.000420711
           5    0.149393    0.146499 0.000729369
           6    0.146587    0.146514 0.000607953
           7    0.148107    0.146741 0.000562106
           8    0.147447     0.14683 0.000498719
           9    0.145548    0.146687 0.000463182
          10    0.147404    0.146759 0.000422375
          11     0.14472    0.146574 0.000422688
          12    0.148611    0.146743 0.000420193
          13    0.149053    0.146921 0.000423777
          14    0.147867    0.146989 0.000398862
          15    0.145979    0.146921 0.000377904
          16    0.146469    0.146893 0.000355341
          17    0.149065    0.147021 0.000356659
          18    0.146333    0.146983 0.000338885
          19    0.145811    0.146921 0.000326615
          20    0.146164    0.146883 0.000312467
          21    0.145038    0.146795 0.000309696
          22    0.148631    0.146879 0.000306657
          23    0.152844    0.147138 0.000387795
          24    0.145113    0.147054 0.000380708
          25    0.146444    0.147029 0.000366261
          26    0.145743     0.14698 0.000355501
          27    0.147257     0.14699 0.000342483
          28    0.145901    0.146951  0.00033245
          29    0.147121    0.146957 0.000321038
          30    0.146665    0.146947 0.000310484
          31    0.147037     0.14695 0.000300482
          32    0.146355    0.146932 0.000291667
          33    0.144256     0.14685 0.000293878
          34    0.143027    0.146738 0.000305994
          35    0.147047    0.146747 0.000297379
          36    0.149584    0.146826 0.000299378
          37    0.147193    0.146836 0.000291451
          38    0.147263    0.146847 0.000283998
          39    0.143597    0.146763 0.000288683
          40    0.146046    0.146746 0.000282023
           1    0.137946    0.137946           0
           2    0.136979    0.137463 0.000341796
           3     0.13517    0.136698 0.000664422
           4    0.137239    0.136833 0.000511874
           5    0.140318     0.13753  0.00074584
           6    0.138237    0.137648 0.000630776
           7    0.135503    0.137342 0.000610616
           8    0.136991    0.137298 0.000535862
           9    0.135922    0.137145 0.000497642
          10    0.140439    0.137474 0.000546115
          11    0.134335    0.137189 0.000566167
          12    0.138367    0.137287 0.000527429
          13    0.137024    0.137267 0.000487245
          14    0.137984    0.137318 0.000455129
          15    0.136379    0.137256 0.000429074
          16    0.135126    0.137122 0.000422398
          17     0.13817    0.137184 0.000402022
          18    0.137947    0.137226 0.000381917
          19    0.136471    0.137187  0.00036388
          20    0.138158    0.137235 0.000348911
          21    0.136537    0.137202 0.000333876
          22    0.137631    0.137222 0.000319269
          23     0.14095    0.137384  0.00034409
          24    0.137942    0.137407 0.000330539
          25      0.1377    0.137419 0.000317525
          26    0.136385    0.137379 0.000307794
          27    0.136909    0.137361 0.000296886
          28    0.137789    0.137377 0.000286675
          29     0.13875    0.137424 0.000280677
          30    0.139452    0.137492 0.000279339
          31    0.136011    0.137444 0.000274381
          32    0.134652    0.137357 0.000279336
          33    0.137258    0.137354 0.000270887
          34    0.137488    0.137358 0.000262949
          35    0.134629     0.13728 0.000266744
          36    0.138471    0.137313 0.000261379
          37    0.140115    0.137388 0.000265064
          38    0.135328    0.137334 0.000263575
          39     0.13397    0.137248 0.000270562
          40    0.136332    0.137225 0.000264765
           1     0.12703     0.12703           0
           2    0.128478    0.127754 0.000511795
           3    0.128107    0.127872  0.00035449
           4    0.129415    0.128257 0.000427002
           5    0.129385    0.128483 0.000396705
           6    0.128476    0.128482 0.000330589
           7    0.127478    0.128338 0.000312931
           8    0.129444    0.128477 0.000302805
           9     0.12845    0.128474 0.000269175
          10    0.130282    0.128654 0.000296848
          11    0.131209    0.128887 0.000349071
          12    0.129022    0.128898 0.000320162
          13    0.127849    0.128817 0.000305525
          14    0.131118    0.128982 0.000324924
          15    0.129558     0.12902 0.000305528
          16    0.129348    0.129041  0.00028712
          17    0.128098    0.128985 0.000275527
          18    0.124554    0.128739 0.000353498
          19    0.126804    0.128637  0.00034926
          20    0.130124    0.128711 0.000339615
          21    0.130039    0.128775 0.000329276
          22    0.128309    0.128753 0.000314988
          23    0.130897    0.128847 0.000314784
          24    0.127665    0.128797 0.000305497
          25    0.126888    0.128721 0.000302672
          26    0.127768    0.128684  0.00029324
          27    0.128023     0.12866   0.0002834
          28    0.127627    0.128623  0.00027567
          29    0.128853    0.128631 0.000266278
          30    0.131787    0.128736 0.000277406
          31    0.126386     0.12866 0.000278625
          32    0.127484    0.128624 0.000272332
          33    0.126479    0.128559  0.00027172
          34    0.128921    0.128569 0.000263936
          35    0.130184    0.128615 0.000260398
          36     0.12952    0.128641 0.000254374
          37    0.132034    0.128732 0.000263515
          38    0.126887    0.128684 0.000261016
          39    0.126754    0.128634 0.000258972
          40     0.12703    0.128594 0.000255585
           1    0.119146    0.119146           0
           2    0.120815    0.119981 0.000589994
           3      0.1183     0.11942 0.000603358
           4    0.123474    0.120434 0.000987415
           5    0.120784    0.120504 0.000792412
           6    0.119883      0.1204 0.000667067
           7    0.118968    0.120196 0.000602348
           8    0.121502    0.120359 0.000548744
           9    0.120005     0.12032  0.00048918
          10    0.122756    0.120563 0.000497261
          11    0.122829    0.120769 0.000492869
          12     0.12021    0.120723 0.000453997
          13    0.119425    0.120623 0.000429914
          14     0.12418    0.120877 0.000468329
          15    0.121079     0.12089 0.000437301
          16    0.119974    0.120833 0.000413706
          17    0.120287    0.120801 0.000390617
          18    0.119645    0.120737 0.000374156
          19    0.121286    0.120766 0.000355578
          20    0.121219    0.120788 0.000338521
          21    0.120098    0.120755 0.000323991
          22    0.120367    0.120738 0.000309745
          23    0.121416    0.120767 0.000297679
          24    0.123118    0.120865 0.000300962
          25    0.119433    0.120808 0.000294323
          26     0.11967    0.120764 0.000286237
          27    0.118882    0.120694 0.000283999
          28    0.119278    0.120644 0.000278324
          29    0.120301    0.120632 0.000268978
          30    0.123451    0.120726 0.000275941
          31     0.11938    0.120683 0.000270433
          32    0.119071    0.120632 0.000266631
          33    0.117335    0.120532 0.000276637
          34    0.119233    0.120494 0.000271128
          35     0.12146    0.120522 0.000264783
          36    0.120581    0.120523 0.000257433
          37    0.120647    0.120527 0.000250497
          38    0.120322    0.120521 0.000243963
          39    0.120044    0.120509 0.000238015
          40     0.11661    0.120412 0.000251235
           1    0.114512    0.114512           0
           2    0.110319    0.112416   0.0014824
           3    0.113134    0.112655  0.00100741
           4    0.113373    0.112835 0.000771371
           5     0.11586     0.11344 0.000820766
           6    0.112847    0.113341 0.000689893
           7    0.112876    0.113274 0.000594527
           8    0.112419    0.113167 0.000529743
           9    0.109964    0.112812 0.000578199
          10    0.113666    0.112897 0.000526661
          11     0.11432    0.113026 0.000494419
          12    0.114959    0.113187 0.000478726
          13    0.112348    0.113123 0.000446239
          14    0.116975    0.113398 0.000491927
          15    0.113368    0.113396 0.000459136
          16    0.113608    0.113409 0.000430631
          17     0.11166    0.113306 0.000417417
          18     0.11338     0.11331 0.000394247
          19    0.113163    0.113303 0.000373574
          20    0.111041     0.11319 0.000371616
          21    0.111497    0.113109 0.000362553
          22    0.113385    0.113121  0.00034629
          23    0.115073    0.113206 0.000341466
          24    0.113627    0.113224 0.000327688
          25    0.114286    0.113266 0.000317325
          26    0.115273    0.113344 0.000314366
          27    0.109374    0.113197 0.000335349
          28    0.112029    0.113155 0.000325954
          29    0.112701    0.113139  0.00031509
          30    0.117599    0.113288 0.000337837
          31    0.113591    0.113298  0.00032708
          32    0.112843    0.113283 0.000317167
          33    0.111167    0.113219 0.000313973
          34    0.113116    0.113216 0.000304753
          35    0.114562    0.113255 0.000298463
          36    0.114038    0.113276 0.000290965
          37      0.1145     0.11331 0.000284973
          38    0.113972    0.113327 0.000278005
          39    0.111349    0.113276 0.000275466
          40    0.112177    0.113249 0.000269946
           1    0.106101    0.106101           0
           2    0.104605    0.105353 0.000529153
           3    0.108812    0.106506  0.00100536
           4    0.106621    0.106535 0.000754435
           5    0.107787    0.106785 0.000643767
           6    0.108644    0.107095 0.000606428
           7    0.103203    0.106539 0.000731526
           8    0.103827      0.1062 0.000714348
           9    0.104395    0.105999 0.000662528
          10    0.110284    0.106428 0.000721653
          11    0.108584    0.106624 0.000682151
          12    0.106935     0.10665 0.000625796
          13    0.104993    0.106522 0.000590499
          14    0.109159    0.106711 0.000577573
          15    0.104616    0.106571   0.0005557
          16     0.10483    0.106462  0.00053151
          17    0.104943    0.106373 0.000507702
          18    0.105932    0.106348 0.000480087
          19    0.105616     0.10631 0.000456367
          20    0.106734    0.106331  0.00043404
          21    0.106891    0.106358 0.000414189
          22    0.106437    0.106361 0.000395378
          23    0.106581    0.106371 0.000378303
          24    0.107319     0.10641 0.000364597
          25    0.107768    0.106465 0.000354034
          26     0.10403    0.106371 0.000352584
          27    0.104658    0.106308 0.000345185
          28    0.108029    0.106369 0.000338287
          29    0.106232    0.106364 0.000326655
          30     0.10942    0.106466 0.000331262
          31    0.108856    0.106543 0.000329424
          32    0.108643    0.106609 0.000325596
          33    0.105267    0.106568 0.000318259
          34    0.105969    0.106551 0.000309386
          35    0.107649    0.106582 0.000302135
          36    0.106701    0.106585 0.000293761
          37    0.107052    0.106598 0.000286092
          38    0.105506    0.106569 0.000280002
          39    0.106246    0.106561 0.000272945
          40    0.107675    0.106589  0.00026754
           1   0.0982437   0.0982437           0
           2    0.100586    0.099415 0.000828244
           3     0.10105     0.09996 0.000709174
           4    0.099623   0.0998757 0.000536863
           5    0.102059    0.100312 0.000580477
           6    0.101192    0.100459 0.000501916
           7   0.0980458    0.100114 0.000535682
           8   0.0994876    0.100036 0.000474413
           9   0.0999227    0.100023 0.000421868
          10    0.100212    0.100042 0.000380101
          11    0.101411    0.100167 0.000365344
          12    0.101335    0.100264 0.000347629
          13   0.0974435    0.100047 0.000382646
          14    0.102651    0.100233 0.000397955
          15   0.0981047    0.100091 0.000395911
          16   0.0987767    0.100009 0.000379594
          17   0.0966808   0.0998132 0.000404613
          18   0.0981975   0.0997234 0.000391965
          19    0.100397   0.0997589 0.000372936
          20   0.0983635   0.0996891 0.000360756
          21    0.100636   0.0997342 0.000346383
          22   0.0980182   0.0996562 0.000339307
          23   0.0990408   0.0996294 0.000325608
          24    0.100167   0.0996518 0.000312811
          25    0.100327   0.0996788  0.00030146
          26   0.0982326   0.0996232 0.000294953
          27   0.0974807   0.0995439 0.000294509
          28    0.100316   0.0995714 0.000285279
          29    0.102497   0.0996723 0.000292738
          30    0.102544   0.0997681 0.000298225
          31    0.101678   0.0998297 0.000294901
          32    0.102775   0.0999217 0.000299706
          33    0.100104   0.0999272 0.000290675
          34   0.0992852   0.0999084 0.000282738
          35    0.100106    0.099914 0.000274716
          36    0.100753   0.0999373 0.000268073
          37   0.0996552   0.0999297 0.000260936
          38    0.099404   0.0999159 0.000254436
          39    0.101158   0.0999477 0.000249897
          40   0.0989735   0.0999233 0.000244833
