           1     243.475     243.475           0
           2         250     246.737     2.30701
           3         250     247.825     1.77593
           4         250     248.369     1.41275
           5         250     248.695     1.16726
           6         250     248.912    0.992778
           7         250     249.068    0.863023
           8         250     249.184    0.762971
           9         250     249.275    0.683558
          10         250     249.347    0.619035
          11         250     249.407    0.565594
          12         250     249.456    0.520617
          13         250     249.498    0.482247
          14         250     249.534    0.449131
          15         250     249.565    0.420263
          16         250     249.592    0.394875
          17         250     249.616    0.372375
          18         250     249.637    0.352297
          19         250     249.657    0.334272
          20         250     249.674    0.317999
          21         250     249.689    0.303235
          22         250     249.703    0.289781
          23         250     249.716    0.277468
          24         250     249.728    0.266159
          25         250     249.739    0.255735
          26         250     249.749    0.246096
          27         250     249.758    0.237156
          28         250     249.767    0.228844
          29         250     249.775    0.221093
          30         250     249.782    0.213851
          31         250      249.79    0.207067
          32         250     249.796    0.200701
          33         250     249.802    0.194714
          34         250     249.808    0.189074
          35         250     249.814    0.183752
          36         250     249.819     0.17872
          37         250     249.824    0.173957
          38         250     249.828    0.169441
          39         250     249.833    0.165154
          40         250     249.837    0.161078
          41         250     249.841    0.157198
          42         250     249.845    0.153501
          43         250     249.848    0.149974
          44         250     249.852    0.146605
          45         250     249.855    0.143384
          46         250     249.858    0.140302
          47         250     249.861    0.137349
          48         250     249.864    0.134518
          49         250     249.867    0.131801
          50         250     249.869    0.129192
           1     166.667     166.667           0
           2     166.667     166.667           0
           3     166.667     166.667           0
           4     166.603     166.651   0.0136832
           5     166.667     166.654   0.0113056
           6     166.667     166.656  0.00961557
           7     166.667     166.658  0.00835883
           8     166.667     166.659  0.00738977
           9     166.667      166.66  0.00662061
          10     166.667      166.66  0.00599568
          11     166.615     166.656  0.00669644
          12     166.667     166.657  0.00619423
          13     166.667     166.658    0.005761
          14     166.667     166.658  0.00538368
          15     166.667     166.659  0.00505226
          16     166.667      166.66  0.00475892
          17     166.667      166.66  0.00449753
          18     166.667      166.66  0.00426318
          19     166.667     166.661   0.0040519
          20     166.667     166.661  0.00386048
          21     166.667     166.661  0.00368624
          22     166.667     166.661  0.00352699
          23     166.667     166.662  0.00338088
          24     166.667     166.662  0.00324636
          25     166.667     166.662   0.0031221
          26     166.667     166.662  0.00300697
          27     166.667     166.662  0.00290002
          28     166.667     166.663  0.00280039
          29     166.667     166.663  0.00270737
          30     166.667     166.663  0.00262031
          31     166.667     166.663  0.00253867
          32     166.667     166.663  0.00246196
          33     166.529     166.659  0.00466455
          34     166.667     166.659  0.00453277
          35     166.667     166.659  0.00440822
          36     166.667      166.66  0.00429031
          37     166.667      166.66  0.00417853
          38     166.667      166.66  0.00407242
          39     166.667      166.66  0.00397156
          40     166.667      166.66  0.00387556
          41     166.489     166.656  0.00560637
          42     166.667     166.656  0.00547846
          43     166.667     166.657  0.00535623
          44     166.667     166.657  0.00523933
          45     166.667     166.657  0.00512741
          46     165.776     166.638   0.0195978
          47     166.667     166.639   0.0191904
          48     166.667     166.639   0.0187995
          49     166.667      166.64   0.0184242
          50     166.667      166.64   0.0180636
           1     124.971     124.971           0
           2      98.569      111.77     9.33452
           3         125      116.18     7.18966
           4     122.889     117.857     5.58446
           5     102.636     114.813     5.23192
           6     124.971     116.506     4.62572
           7     112.034     115.867     4.00878
           8      124.99     117.007      3.6663
           9      114.84     116.767     3.26683
          10         125      117.59     3.04213
          11     124.603     118.228      2.8316
          12     86.5664     115.589     3.62195
          13     124.847     116.301     3.41263
          14     124.841     116.911     3.22293
          15     96.6096     115.558     3.27996
          16     124.507     116.117     3.12229
          17         125      116.64     2.98202
          18      105.87     116.041     2.87575
          19      124.68     116.496      2.7601
          20         125     116.921     2.65465
          21     123.591     117.239     2.54716
          22     124.217     117.556     2.45105
          23         125      117.88     2.36576
          24     122.707     118.081     2.27572
          25     115.292     117.969     2.18742
          26     82.8472     116.618     2.48564
          27         125     116.929     2.41289
          28     124.896     117.213     2.34343
          29     101.503     116.672      2.3244
          30      124.81     116.943     2.26269
          31     124.887     117.199     2.20417
          32     124.922     117.441     2.14846
          33     124.877     117.666     2.09514
          34      124.99     117.881     2.04456
          35     124.695     118.076     1.99539
          36         125     118.268     1.94921
          37     124.765     118.444     1.90442
          38     124.776     118.611     1.86158
          39     124.971     118.774     1.82098
          40         125     118.929      1.7821
          41     124.866     119.074      1.7445
          42     113.434      118.94     1.70813
          43     124.971      119.08     1.67415
          44     124.961     119.214     1.64143
          45         125     119.342     1.60998
          46     124.313      119.45     1.57861
          47     124.851     119.565     1.54919
          48         125     119.679     1.52105
          49     124.719     119.781     1.49348
          50     115.646     119.699      1.4659
           1      99.208      99.208           0
           2     73.0746     86.1413     9.23957
           3     76.8422     83.0416     6.65938
           4     68.8058     79.4826     5.86899
           5     49.0018     73.3865     7.19552
           6       58.16     70.8487     6.42822
           7     76.6712     71.6805     5.56346
           8     89.8886     73.9565     5.31323
           9     31.3814      69.226     6.49594
          10     84.1264      70.716     6.01481
          11     92.5843      72.704     5.78724
          12     88.8053     74.0458      5.4583
          13     93.8955     75.5727     5.24765
          14      97.567     77.1437     5.10257
          15     73.4437     76.8971     4.76835
          16     90.5118      77.748     4.54562
          17     83.1912     78.0682      4.2895
          18     71.1214     77.6822     4.06851
          19     78.9562     77.7493     3.85493
          20     92.8467     78.5042     3.73537
          21      75.961     78.3831     3.55945
          22     94.0706     79.0961     3.46835
          23      75.757     78.9509     3.32059
          24     94.5272        79.6     3.24504
          25      59.539     78.7975     3.21292
          26     86.4949     79.0936     3.10295
          27     99.2952     79.8418     3.07691
          28     93.9982     80.3474     3.00828
          29     71.1846     80.0314     2.92109
          30     65.6922     79.5534     2.86256
          31     85.6438     79.7499     2.77695
          32     72.7542     79.5313     2.69876
          33     75.2992      79.403     2.62003
          34     85.2227     79.5742     2.54855
          35     52.7038     78.8065     2.58879
          36     67.6838     78.4975     2.53525
          37     67.4027     78.1977      2.4844
          38      87.277     78.4366     2.43048
          39     83.6365     78.5699     2.37181
          40     90.3653     78.8648     2.33078
          41     74.9749     78.7699     2.27586
          42     78.8734     78.7724     2.22167
          43     60.7354     78.3529     2.20925
          44     95.4923     78.7425     2.19311
          45     97.7837     79.1656     2.18482
          46     80.5376     79.1954     2.13752
          47     79.4576      79.201     2.09205
          48     52.2384     78.6393     2.12254
          49     52.2518     78.1008     2.14645
          50     80.5554     78.1499     2.10408
           1     43.6064     43.6064           0
           2     44.1052     43.8558    0.176352
           3     43.3192     43.6769    0.187486
           4     53.6037     46.1586     2.15381
           5     38.5852     44.6439     2.19187
           6     63.7559     47.8293     3.43388
           7     60.2987     49.6106     3.37388
           8     51.8788     49.8941     2.96403
           9     27.9957      47.461     3.49343
          10     41.9491     46.9098     3.18727
          11      50.136     47.2031     2.91099
          12     45.7812     47.0846     2.67081
          13      37.778     46.3687     2.55951
          14     63.1761     47.5692     2.64329
          15     43.9908     47.3307     2.47781
          16     42.3501     47.0194     2.34242
          17     31.8432     46.1267     2.36864
          18     50.4597     46.3674     2.24925
          19     60.3389     47.1027     2.24786
          20     74.2571     48.4605     2.51226
          21     54.1796     48.7328     2.40734
          22     50.3847     48.8079     2.29909
          23     37.9792     48.3371     2.24682
          24      62.266     48.9174      2.2269
          25     40.2791     48.5719     2.16446
          26     51.8267     48.6971     2.08483
          27     54.1444     48.8988     2.01735
          28      58.996     49.2595     1.97727
          29     48.9883     49.2501     1.90911
          30     44.0325     49.0762     1.85338
          31     45.2205     48.9518     1.79776
          32     43.4448     48.7797      1.7498
          33     29.6347     48.1996     1.79037
          34     27.2256     47.5827     1.84092
          35     21.6429     46.8415     1.93176
          36     43.0883     46.7373     1.88091
          37     42.9057     46.6337     1.83292
          38     56.1008     46.8829     1.80154
          39     43.6793     46.8007     1.75722
          40     55.9933     47.0305     1.72825
          41     39.2728     46.8413     1.69642
          42     36.6772     46.5993     1.67321
          43     50.8441      46.698      1.6372
          44     46.1685      46.686     1.60004
          45     62.9985     47.0485     1.60502
          46     34.4073     46.7737     1.59348
          47      26.264     46.3373     1.61823
          48     46.7736     46.3464     1.58454
          49     22.2495     45.8546     1.62673
          50     25.0263     45.4381     1.64666
           1     24.8226     24.8226           0
           2      14.835     19.8288     3.53117
           3     28.6509     22.7695     3.36258
           4      36.681     26.2474     3.92835
           5     27.8046     26.5588       3.155
           6     25.6563     26.4084     2.63275
           7     19.4909     25.4202     2.43506
           8     21.9294     24.9838     2.16942
           9     19.0033     24.3193     2.02759
          10     24.0187     24.2893     1.82505
          11     18.9567     23.8045     1.72232
          12     26.2801     24.0108      1.5911
          13     16.8289     23.4583     1.56168
          14     29.7162     23.9053     1.51275
          15     30.8098     24.3656     1.48027
          16     18.3877      23.992     1.43413
          17     22.0794     23.8795     1.35418
          18     29.1047     24.1698     1.30969
          19     15.1921     23.6973     1.32325
          20     25.7072     23.7978      1.2609
          21     17.1939     23.4833     1.23945
          22     28.8199     23.7259     1.20661
          23     25.8253     23.8172      1.1576
          24     35.7274     24.3134     1.21108
          25     28.2345     24.4703     1.17275
          26      29.289     24.6556     1.14219
          27     18.2739     24.4192     1.12408
          28     26.4936     24.4933     1.08637
          29     28.7523     24.6402     1.05879
          30     19.4519     24.4672     1.03753
          31     31.2794      24.687     1.02706
          32     34.6059      24.997     1.04069
          33     23.9155     24.9642     1.00967
          34     19.9776     24.8175    0.990571
          35     23.6495     24.7842    0.962831
          36     29.0402     24.9024    0.943316
          37     20.2114     24.7756    0.926301
          38     23.3862      24.739    0.902646
          39     17.6597     24.5575    0.897568
          40     16.9707     24.3678    0.894944
          41     17.2591     24.1945    0.889754
          42     26.6961      24.254     0.87056
          43     27.5902     24.3316    0.853765
          44     16.8623     24.1618    0.851071
          45     30.8406     24.3103       0.845
          46      22.672     24.2746     0.82738
          47     16.8383     24.1164    0.824766
          48     23.7973     24.1098     0.80761
          49     23.0563     24.0883    0.791415
          50     23.0737      24.068    0.775846
           1     14.6985     14.6985           0
           2     10.0292     12.3638     1.65085
           3     17.2002      13.976     1.71577
           4     14.9485     14.2191     1.30394
           5     16.1812     14.6115     1.10062
           6     15.5978     14.7759    0.929375
           7     13.2438      14.557    0.821976
           8     19.6523     15.1939    0.933936
           9     16.5553     15.3452    0.842326
          10     17.8171     15.5924    0.793535
          11     13.2978     15.3838    0.748311
          12     10.4851     14.9756    0.789487
          13     17.4625     15.1669    0.751577
          14     15.9637     15.2238    0.700045
          15     15.7622     15.2597    0.654295
          16     20.6226     15.5949    0.693965
          17     13.6545     15.4807    0.662463
          18     10.7191     15.2162    0.676418
          19     17.6386     15.3437    0.652722
          20     16.3948     15.3962    0.622198
          21     12.0589     15.2373    0.612529
          22     19.0079     15.4087    0.608192
          23     14.8189     15.3831     0.58229
          24     12.4958     15.2628     0.57032
          25     18.1947       15.38    0.559435
          26      20.691     15.5843       0.574
          27     15.1637     15.5687    0.552953
          28     12.4523     15.4574    0.544291
          29     15.0032     15.4418    0.525747
          30     14.9205     15.4244    0.508509
          31      11.898     15.3106    0.504669
          32     16.2849     15.3411    0.489816
          33     12.3803     15.2514     0.48312
          34     14.5106     15.2296    0.469402
          35     18.3073     15.3175    0.464154
          36      18.097     15.3947    0.457637
          37     11.8385     15.2986     0.45525
          38     18.7741     15.3901    0.452363
          39     12.3465      15.312    0.447445
          40     13.7108      15.272    0.438046
          41     14.1651      15.245    0.428193
          42     11.5987     15.1582    0.426708
          43     18.1853     15.2286    0.422552
          44     11.8151      15.151     0.42001
          45     15.4106     15.1568    0.410716
          46     10.9352      15.065    0.411913
          47     23.0999     15.2359    0.437188
          48     14.7834     15.2265    0.428181
          49     17.3657     15.2702    0.421663
          50       18.19     15.3286    0.417253
           1     16.2482     16.2482           0
           2     9.87556     13.0619     2.25306
           3     9.26782     11.7972     1.82275
           4     9.27724     11.1672     1.47191
           5     11.7109     11.2759     1.18154
           6     8.78702     10.8611     1.05492
           7     9.22453     10.6273    0.929767
           8     9.02836     10.4275    0.834753
           9     10.1226     10.3936    0.742689
          10     7.30942     10.0852    0.729654
          11     11.6826     10.2304    0.677618
          12     10.9065     10.2867    0.623488
          13     9.75689      10.246    0.576858
          14     11.3589     10.3255    0.541104
          15     10.4135     10.3313    0.505062
          16     12.7652     10.4835    0.495874
          17     9.95689     10.4525    0.467671
          18      12.022     10.5397    0.449744
          19     9.05004     10.4613    0.432853
          20     9.84942     10.4307     0.41229
          21       12.09     10.5097    0.400158
          22     10.4508      10.507    0.381978
          23     9.12044     10.4467    0.370097
          24     10.0176     10.4289    0.355108
          25     9.89342     10.4074    0.341549
          26      9.5016     10.3726    0.330184
          27     11.7195     10.4225    0.321701
          28     11.2432     10.4518    0.311544
          29     12.9559     10.5381    0.312539
          30     9.13449     10.4914    0.305603
          31      10.773     10.5004     0.29588
          32     9.72747     10.4763    0.287618
          33     9.21858     10.4382    0.281416
          34     8.98791     10.3955    0.276353
          35     11.5288     10.4279    0.270347
          36     16.1095     10.5857     0.30545
          37     9.61813     10.5596    0.298312
          38     12.6708     10.6151     0.29559
          39     8.34569     10.5569    0.293683
          40       8.664     10.5096    0.290128
          41     9.01858     10.4732    0.285322
          42     9.42231     10.4482    0.279624
          43     8.85431     10.4112    0.275567
          44     9.07253     10.3807    0.270978
          45     13.9098     10.4592    0.276072
          46     10.3541     10.4569    0.270079
          47     14.2424     10.5374    0.276082
          48     11.8487     10.5647    0.271678
          49     12.1522     10.5971    0.268058
          50     12.4385      10.634    0.265215
           1      6.7244      6.7244           0
           2     5.39232     6.05836    0.470961
           3     6.84416     6.32029    0.379894
           4     6.50288     6.36594     0.28765
           5     7.31072      6.5549    0.285515
           6     8.31544     6.84832    0.358271
           7     7.11904     6.88699     0.30917
           8     9.54472     7.21921    0.412013
           9     7.80624     7.28444     0.37136
          10     6.84808      7.2408    0.336778
          11     6.48768     7.17233    0.313044
          12     9.39104     7.35723    0.337166
          13     7.12576     7.33942      0.3117
          14     7.40752     7.34429    0.289473
          15     7.35424     7.34495    0.270176
          16     7.27456     7.34055    0.253326
          17      7.0416     7.32296    0.239034
          18     6.25984      7.2639    0.232937
          19     8.77488     7.34343    0.233858
          20      6.9364     7.32308    0.223049
          21     8.89832     7.39809    0.224687
          22     5.75088     7.32321    0.226606
          23     7.59032     7.33483    0.217051
          24     6.78352     7.31186    0.209219
          25      8.9784     7.37852    0.211204
          26     6.02096      7.3263    0.209435
          27     9.09064     7.39165    0.211627
          28     7.37872     7.39119    0.204069
          29     7.06328     7.37988    0.197346
          30     7.93048     7.39823    0.191619
          31       8.712     7.44061    0.190066
          32     6.32704     7.40581    0.187285
          33     5.48048     7.34747    0.190481
          34     6.64232     7.32673    0.186004
          35     6.35784     7.29905    0.182738
          36     7.71392     7.31057    0.178025
          37      6.7884     7.29646    0.173772
          38     9.48616     7.35408    0.178498
          39     7.08704     7.34724    0.174052
          40     6.14104     7.31708    0.172293
          41     7.06184     7.31086    0.168204
          42     7.00352     7.30354    0.164358
          43     8.68288     7.33562    0.163636
          44     7.05944     7.32934    0.160037
          45     8.01648     7.34461    0.157208
          46     6.70088     7.33062    0.154412
          47     7.94704     7.34373    0.151682
          48     7.94928     7.35635    0.149046
          49     5.24416     7.31324     0.15211
          50     9.03136      7.3476      0.1529
           1     6.29607     6.29607           0
           2     4.68516     5.49062    0.569542
           3     6.26698     5.74941    0.434529
           4       4.748     5.49905    0.391428
           5     4.85076      5.3694    0.333927
           6     5.18102       5.338    0.279744
           7     5.48924     5.35961    0.240614
           8     5.38305     5.36254    0.210555
           9     4.78153     5.29798    0.196808
          10     6.25505     5.39369    0.199042
          11     6.07164     5.45532     0.19025
          12     7.12349     5.59433    0.219382
          13     6.09702       5.633    0.205886
          14     5.62655     5.63254    0.191181
          15     4.75382     5.57396    0.187196
          16     4.79607     5.52534      0.1817
          17     6.15585     5.56243    0.174756
          18     6.94211     5.63908    0.181078
          19     7.36444     5.72989    0.192978
          20     4.71055     5.67892    0.189941
          21     7.04989      5.7442    0.191787
          22     4.68771     5.69618    0.188986
          23     4.76058      5.6555    0.185096
          24     6.50458     5.69088    0.180733
          25     6.06967     5.70603    0.174138
          26     5.63149     5.70317    0.167464
          27     5.30538     5.68843    0.161908
          28     5.12291     5.66824     0.15738
          29     6.50422     5.69706    0.154571
          30     5.67418      5.6963     0.14942
          31     6.29978     5.71577    0.145863
          32     5.44327     5.70725    0.141553
          33     5.33207     5.69588    0.137719
          34     5.26276     5.68314    0.134257
          35     7.69673     5.74068    0.142214
          36     7.02502     5.77635    0.142668
          37     5.38298     5.76572    0.139208
          38     5.60996     5.76162    0.135605
          39     5.54109     5.75597    0.132246
          40     5.73004     5.75532    0.128941
          41     5.09331     5.73917    0.126803
          42     5.46073     5.73254    0.123957
          43      5.6952     5.73167    0.121078
          44     4.80698     5.71066    0.120136
          45     6.07825     5.71883    0.117744
          46     6.21935     5.72971    0.115686
          47     6.29367     5.74171    0.113845
          48     5.66196     5.74005    0.111485
          49     6.05411     5.74645    0.109394
          50     6.67702     5.76507    0.108778
           1     4.85167     4.85167           0
           2     4.48247     4.66707    0.130532
           3      4.3076     4.54724    0.130936
           4     3.70873     4.33762    0.206401
           5     5.33287     4.53667     0.24282
           6     4.38853     4.51198    0.203601
           7     4.21973     4.47023    0.178745
           8      4.3512     4.45535     0.15702
           9     3.76807     4.37899    0.157049
          10     3.81767     4.32285    0.151042
          11     4.47993     4.33713    0.137985
          12     5.41607     4.42704       0.153
          13     4.20687     4.41011    0.142165
          14     3.81507      4.3676    0.138218
          15      3.8466     4.33287    0.133296
          16     3.86967     4.30392    0.128071
          17     4.56113     4.31905    0.121427
          18     5.59153     4.38974    0.133685
          19      5.7622     4.46198    0.144856
          20     4.53367     4.46556    0.137657
          21     4.32393     4.45882    0.131267
          22       4.683     4.46901    0.125696
          23     4.63007     4.47601    0.120425
          24     4.14633     4.46227    0.116189
          25       4.305     4.45598    0.111711
          26       3.215     4.40825    0.117168
          27      5.0508     4.43205     0.11522
          28     4.04047     4.41807    0.111951
          29     4.44347     4.41894    0.108094
          30     4.46073     4.42034      0.1045
          31     3.75993     4.39903    0.103277
          32      4.3582     4.39776    0.100058
          33     4.72027     4.40753   0.0975019
          34      4.2802     4.40378   0.0947061
          35     4.46187     4.40544   0.0920148
          36     4.29527     4.40238   0.0895097
          37     4.00587     4.39167   0.0877297
          38      4.7194     4.40029   0.0858439
          39     4.17073     4.39441   0.0838443
          40      3.3678     4.36874   0.0855862
          41      3.6898     4.35218   0.0850857
          42     4.71127     4.36073   0.0834883
          43     3.51613     4.34109   0.0838253
          44     4.63867     4.34785   0.0821926
          45     5.27053     4.36836   0.0828842
          46     4.37427     4.36848   0.0810824
          47       3.593     4.35198   0.0810187
          48     4.04107     4.34551   0.0795893
          49     4.70587     4.35286   0.0783041
          50      4.8794     4.36339   0.0774429
           1     4.00314     4.00314           0
           2     3.15102     3.57708    0.301271
           3     4.41705     3.85707    0.304307
           4     4.05206     3.90582    0.232102
           5     3.32222      3.7891    0.213017
           6     3.44892      3.7324    0.184906
           7     4.10985     3.78632    0.166167
           8     3.49354     3.74972    0.149372
           9      3.3648     3.70695    0.138763
          10     3.64905     3.70116    0.125007
          11     2.74375     3.61413    0.140718
          12     3.45095     3.60053    0.129647
          13     3.03575     3.55708    0.126744
          14     3.96302     3.58608    0.120962
          15     3.70498     3.59401    0.113157
          16     3.50222     3.58827     0.10623
          17     3.41502     3.57808    0.100469
          18     3.28006     3.56152   0.0962421
          19     4.10726     3.59024   0.0953666
          20     3.67655     3.59456   0.0906958
          21     4.00511     3.61411   0.0884589
          22     3.51243     3.60949   0.0845587
          23     3.65742     3.61157   0.0809079
          24        3.62     3.61192   0.0775375
          25     2.75342     3.57758   0.0816873
          26      4.0104     3.59423   0.0802237
          27     3.42511     3.58797   0.0774966
          28     3.65015     3.59019   0.0747607
          29     3.65003     3.59225   0.0722112
          30     3.55022     3.59085   0.0698178
          31     3.56929     3.59015   0.0675691
          32     3.57569      3.5897    0.065459
          33     4.15255     3.60676   0.0656599
          34     3.20363      3.5949   0.0647904
          35     2.70529     3.56948   0.0677417
          36     3.91858     3.57918   0.0665504
          37     3.27902     3.57107   0.0652444
          38     3.89231     3.57952   0.0640727
          39     4.26942     3.59721   0.0648258
          40     3.67692      3.5992   0.0632358
          41     3.40265     3.59441   0.0618749
          42     4.25028     3.61003   0.0623411
          43     3.10271     3.59823   0.0619977
          44     3.06388     3.58608   0.0617666
          45     3.84215     3.59177   0.0606556
          46     3.34898      3.5865   0.0595662
          47     4.01163     3.59554   0.0589816
          48      3.5176     3.59392   0.0577752
          49     3.38868     3.58973   0.0567477
          50      3.8224     3.59438   0.0558032
           1     3.33234     3.33234           0
           2     2.72846      3.0304    0.213506
           3     2.99017     3.01699    0.142758
           4     3.05366     3.02616    0.107362
           5     3.10503     3.04193   0.0870409
           6     3.18703     3.06611   0.0758191
           7     3.29937     3.09944   0.0719386
           8     2.89806     3.07426   0.0672063
           9     2.63046     3.02495   0.0756982
          10      3.4204      3.0645   0.0777746
          11     2.92486      3.0518   0.0717327
          12     2.96886     3.04489   0.0660872
          13     2.89863     3.03364   0.0619538
          14     3.37537     3.05805   0.0621514
          15     2.94571     3.05056   0.0584574
          16     2.36337     3.00761   0.0687954
          17     2.75623     2.99282   0.0663188
          18      2.7116      2.9772   0.0644485
          19     2.84749     2.97037    0.061417
          20     2.81491      2.9626    0.058836
          21     2.89211     2.95924   0.0561299
          22     2.91434      2.9572   0.0536156
          23     3.04429     2.96099    0.051418
          24     2.73194     2.95145   0.0501535
          25     3.24411     2.96315   0.0494948
          26     3.00371     2.96471   0.0476157
          27     2.92137     2.96311   0.0458792
          28     3.12246      2.9688   0.0445922
          29      2.9944     2.96968   0.0430633
          30     3.00754     2.97094   0.0416464
          31     2.62977     2.95994   0.0417318
          32     3.22211     2.96813   0.0412241
          33     2.74577     2.96139   0.0405218
          34     2.61989     2.95135   0.0405557
          35      3.0748     2.95488   0.0395501
          36     3.23989     2.96279   0.0392359
          37      2.9968     2.96371   0.0381862
          38     2.80309     2.95948   0.0374145
          39     3.17977     2.96513   0.0368791
          40     2.88874     2.96322   0.0360065
          41     3.16366     2.96811   0.0354586
          42     2.87446     2.96588   0.0346844
          43     2.44749     2.95383   0.0359119
          44     2.83674     2.95116   0.0351942
          45     3.76966     2.96935   0.0388287
          46     2.75709     2.96474   0.0382578
          47     3.07634     2.96711   0.0375175
          48     3.03034     2.96843    0.036759
          49     2.69017     2.96275   0.0364448
          50     2.72857     2.95807   0.0360156
           1     2.32592     2.32592           0
           2     2.54528      2.4356   0.0775555
           3     2.73248     2.53456    0.095927
           4     2.39243     2.49903   0.0782501
           5     2.57808     2.51484   0.0641775
           6     2.82485     2.56651   0.0713093
           7     2.48715     2.55517   0.0620169
           8     2.63536     2.56519   0.0550689
           9     2.76123     2.58697   0.0530833
          10     2.64981     2.59326   0.0481454
          11     2.39179     2.57494   0.0471238
          12     2.73403      2.5882    0.045023
          13     2.26208     2.56311   0.0480428
          14      2.4216     2.55301   0.0456622
          15     2.39371     2.54239   0.0438356
          16     2.26187     2.52485    0.044464
          17      2.7368     2.53732   0.0435613
          18     2.52341     2.53655   0.0411481
          19     2.63472     2.54172   0.0393055
          20     2.52491     2.54087   0.0373492
          21     2.73504     2.55012   0.0366972
          22     2.49248      2.5475   0.0351226
          23     2.64336     2.55167   0.0338419
          24     2.64437     2.55553   0.0326515
          25     2.49728      2.5532   0.0314285
          26     2.43467     2.54864   0.0305486
          27     2.50192     2.54691   0.0294661
          28     2.52181     2.54602   0.0284274
          29     2.35579     2.53946   0.0281938
          30     2.44128     2.53618   0.0274433
          31     2.23563     2.52649   0.0282187
          32     2.70517     2.53207   0.0278839
          33     2.22688     2.52282   0.0285314
          34     2.59557     2.52496   0.0277724
          35     1.87024     2.50626    0.032677
          36     2.40059     2.50332   0.0319009
          37     2.33707     2.49883   0.0313536
          38     2.64123     2.50258   0.0307516
          39     1.83163     2.48537   0.0344408
          40     2.45088     2.48451   0.0335906
          41     2.29765     2.47995    0.033079
          42     2.01664     2.46892   0.0340812
          43     2.35152     2.46619   0.0333978
          44     2.76469     2.47297   0.0333207
          45      2.8344     2.48101   0.0335342
          46     2.32341     2.47758   0.0329798
          47     3.06683     2.49012    0.034579
          48     2.51296     2.49059   0.0338619
          49     2.10837     2.48279   0.0340574
          50     2.71813      2.4875      0.0337
           1     2.07085     2.07085           0
           2     2.17895      2.1249   0.0382191
           3     2.14015     2.12998   0.0258153
           4      2.2544     2.16109   0.0331733
           5      2.1651     2.16189   0.0265483
           6      2.0119     2.13689   0.0317839
           7     2.41275      2.1763   0.0455341
           8      2.3607     2.19935   0.0453024
           9     2.42035     2.22391   0.0464495
          10     2.17685      2.2192   0.0420422
          11      2.2549     2.22245   0.0383452
          12      2.0885     2.21128   0.0367385
          13      2.4185     2.22722     0.03721
          14      2.2977     2.23226    0.034891
          15     2.38595      2.2425   0.0340362
          16     2.45255     2.25563   0.0343475
          17      2.0333     2.24255   0.0347278
          18     2.21975     2.24129   0.0328216
          19     2.41835     2.25061   0.0323901
          20     2.03495     2.23982   0.0325159
          21     2.47525     2.25103   0.0328434
          22      2.2773     2.25223   0.0313722
          23     2.30825     2.25466   0.0301026
          24      2.0265     2.24516   0.0303123
          25      2.4239     2.25231   0.0299312
          26      2.2917     2.25382   0.0288183
          27      2.3102     2.25591   0.0278265
          28     2.08705     2.24988   0.0274784
          29     2.12175     2.24546   0.0268838
          30      1.9614     2.23599   0.0276048
          31      1.8444     2.22336   0.0294631
          32      2.0185     2.21696   0.0292296
          33      1.8531     2.20593   0.0303523
          34     1.96955     2.19898   0.0302454
          35     2.04855     2.19468    0.029685
          36      2.5119     2.20349   0.0301399
          37     2.21635     2.20384   0.0293273
          38      2.1626     2.20276   0.0285756
          39      2.0319     2.19837   0.0281767
          40      2.2344     2.19927   0.0274867
          41      2.4206     2.20467   0.0273412
          42       1.951     2.19863   0.0273492
          43     2.33055      2.2017   0.0268847
          44     2.48545     2.20815   0.0270361
          45     2.38565     2.21209   0.0267215
          46     2.28675     2.21372   0.0261898
          47      2.4429     2.21859   0.0260826
          48      2.0691     2.21548   0.0257245
          49     2.09985     2.21312   0.0253075
          50      1.9101     2.20706   0.0255166
           1     1.83661     1.83661           0
           2     1.91976     1.87819    0.029399
           3     2.02819     1.92819   0.0452858
           4     1.83859     1.90579   0.0391139
           5     1.87139     1.89891   0.0318904
           6     1.70056     1.86585   0.0402107
           7     1.84899     1.86344   0.0345384
           8     1.78546     1.85369   0.0315667
           9     1.79426     1.84709   0.0287418
          10     1.79515      1.8419   0.0263327
          11     2.23407     1.87755   0.0415764
          12     1.91322     1.88052   0.0382178
          13      1.7568       1.871   0.0364437
          14      1.8904     1.87239   0.0338669
          15     2.05638     1.88466   0.0337573
          16     2.05012       1.895   0.0331937
          17     2.03365     1.90315   0.0322275
          18     1.69214     1.89143   0.0324994
          19     1.72588     1.88272   0.0319355
          20     1.93873     1.88552   0.0304613
          21     2.06922     1.89427   0.0302408
          22     1.97228     1.89781   0.0290734
          23     1.97647     1.90123   0.0280097
          24     1.84311     1.89881   0.0269472
          25     1.83115      1.8961   0.0260048
          26     1.90927     1.89661   0.0250096
          27     1.81247     1.89349   0.0242767
          28     1.95845     1.89581   0.0235202
          29     1.95181     1.89774   0.0227883
          30     1.77906     1.89379   0.0223695
          31     1.76471     1.88962    0.022032
          32     1.70489     1.88385   0.0220869
          33     1.70701     1.87849   0.0220581
          34     2.18221     1.88743   0.0231475
          35     1.88555     1.88737   0.0224862
          36     2.09158     1.89304   0.0225657
          37     1.86885     1.89239   0.0219653
          38     2.11901     1.89835   0.0221821
          39     1.57831     1.89015   0.0230815
          40     1.79633      1.8878   0.0226233
          41     1.80104     1.88569   0.0221702
          42     1.86146     1.88511   0.0216499
          43     1.77426     1.88253   0.0212993
          44     1.82174     1.88115     0.02086
          45     2.16645     1.88749   0.0213382
          46     1.79689     1.88552    0.020965
          47     1.71478     1.88189   0.0208313
          48     2.09087     1.88624   0.0208473
          49     1.90776     1.88668   0.0204265
          50     1.91835     1.88731   0.0200278
           1     1.57769     1.57769           0
           2      1.6476     1.61264   0.0247173
           3     1.49729     1.57419   0.0354574
           4     1.58969     1.57807   0.0268039
           5     1.61742     1.58594   0.0225692
           6     1.71853     1.60804    0.027581
           7     1.70756     1.62225    0.027058
           8     1.76182      1.6397   0.0287552
           9     1.94351     1.67346   0.0408195
          10     1.60151     1.66626   0.0373662
          11     1.66609     1.66625   0.0339693
          12     1.59013      1.6599   0.0317251
          13     1.59107     1.65461   0.0297233
          14     1.76751     1.66267   0.0286734
          15     1.58076     1.65721   0.0272769
          16     1.55547     1.65085   0.0263029
          17     1.58671     1.64708   0.0250249
          18      1.6408     1.64673    0.023637
          19     1.52604     1.64038   0.0232308
          20     1.85862     1.65129   0.0244984
          21     1.86898     1.66166   0.0254305
          22     1.75773     1.66602   0.0246467
          23     1.71969     1.66836   0.0236853
          24     1.85511     1.67614   0.0239425
          25     1.97618     1.68814   0.0258182
          26     1.72587     1.68959   0.0248659
          27     1.66009      1.6885    0.023969
          28     1.71196     1.68934   0.0231276
          29     1.54724     1.68444   0.0228432
          30      1.5192     1.67893   0.0227361
          31     1.60258     1.67647   0.0221356
          32     1.69289     1.67698   0.0214499
          33     1.53502     1.67268   0.0212268
          34     1.84938     1.67787   0.0212292
          35     1.45707     1.67157   0.0215397
          36     1.64916     1.67094   0.0209503
          37     1.39836     1.66358   0.0216407
          38     1.93196     1.67064   0.0221938
          39     1.58484     1.66844   0.0217335
          40     1.40187     1.66177   0.0221884
          41     1.57627     1.65969    0.021745
          42       1.662     1.65974   0.0212273
          43     1.79004     1.66277   0.0209489
          44     1.94204     1.66912   0.0214127
          45     1.81636     1.67239   0.0211853
          46     1.64213     1.67174    0.020735
          47     1.57929     1.66977   0.0203869
          48     1.87142     1.67397   0.0203904
          49     1.59662     1.67239   0.0200353
          50     1.57338     1.67041   0.0197322
           1     1.63229     1.63229           0
           2     1.57781     1.60505   0.0192631
           3     1.52215     1.57742   0.0259625
           4     1.39781     1.53252   0.0434888
           5     1.57137     1.54029   0.0354785
           6     1.58303     1.54741   0.0302722
           7     1.56366     1.54973   0.0260365
           8     1.70855     1.56958   0.0293914
           9     1.50568     1.56248   0.0269696
          10     1.30897     1.53713   0.0341701
          11     1.40977     1.52555   0.0329671
          12     1.72076     1.54182   0.0339971
          13     1.49651     1.53834   0.0315601
          14     1.42829     1.53048   0.0302688
          15     1.51137      1.5292   0.0282776
          16     1.49086     1.52681   0.0266116
          17     1.53402     1.52723   0.0250496
          18     1.35768     1.51781   0.0253671
          19     1.44531     1.51399   0.0243174
          20       1.424     1.50949   0.0235141
          21     1.61705     1.51462   0.0229454
          22     1.38257     1.50861   0.0226739
          23     1.29954     1.49952   0.0234396
          24     1.31419      1.4918   0.0237009
          25     1.49095     1.49177   0.0227529
          26     1.33823     1.48586   0.0226311
          27     1.37857     1.48189   0.0221391
          28     1.49297     1.48228   0.0213519
          29     1.56804     1.48524   0.0208194
          30     1.64821     1.49067   0.0208221
          31     1.41752     1.48831   0.0202837
          32     1.52164     1.48936   0.0196766
          33     1.61461     1.49315    0.019443
          34     1.35259     1.48902   0.0193056
          35     1.39179     1.48624   0.0189528
          36     1.52421     1.48729   0.0184557
          37      1.4144     1.48532   0.0180617
          38     1.53495     1.48663   0.0176336
          39     1.31364     1.48219   0.0177305
          40     1.44627      1.4813     0.01731
          41     1.56383     1.48331   0.0170044
          42     1.31912      1.4794    0.017043
          43      1.6152     1.48256   0.0169368
          44     1.47301     1.48234   0.0165532
          45     1.40084     1.48053   0.0162842
          46     1.60392     1.48321   0.0161496
          47     1.42396     1.48195   0.0158551
          48     1.56185     1.48362   0.0156119
          49     1.51907     1.48434   0.0153101
          50     1.54093     1.48547   0.0150456
           1     1.33592     1.33592           0
           2      1.3988     1.36736   0.0222314
           3     1.37064     1.36845   0.0148478
           4     1.26452     1.34247   0.0251069
           5     1.49744     1.37346   0.0342335
           6      1.3416     1.36815   0.0289369
           7     1.46552     1.38206   0.0279469
           8     1.50792      1.3978   0.0285401
           9     1.31324      1.3884   0.0268709
          10     1.29844      1.3794   0.0256455
          11     1.42372     1.38343   0.0236284
          12     1.35056     1.38069   0.0218176
          13      1.2788     1.37286   0.0215011
          14     1.41164     1.37563    0.020143
          15      1.3568     1.37437   0.0188392
          16     1.34616     1.37261   0.0177441
          17     1.33108     1.37016   0.0168676
          18     1.29908     1.36622   0.0163863
          19     1.59936     1.37849   0.0195867
          20     1.33544     1.37633   0.0187252
          21     1.51016     1.38271   0.0188868
          22     1.45004     1.38577   0.0182746
          23      1.4334     1.38784    0.017597
          24     1.24208     1.38176   0.0178812
          25     1.41672     1.38316   0.0172205
          26      1.1708       1.375   0.0183935
          27     1.26948     1.37109   0.0181227
          28     1.31412     1.36905   0.0175893
          29     1.55188     1.37536   0.0180773
          30     1.26068     1.37153   0.0178743
          31     1.29536     1.36908   0.0174658
          32     1.39528      1.3699   0.0169392
          33     1.47436     1.37306    0.016719
          34     1.22872     1.36882   0.0167576
          35     1.17188     1.36319   0.0171976
          36     1.33004     1.36227   0.0167445
          37     1.27892     1.36002   0.0164428
          38     1.31352     1.35879   0.0160555
          39     1.35428     1.35868   0.0156443
          40     1.23356     1.35555   0.0155627
          41     1.48952     1.35882   0.0155224
          42     1.19164     1.35484   0.0156548
          43     1.21544     1.35159   0.0156228
          44      1.4144     1.35302   0.0153328
          45     1.23968      1.3505   0.0151975
          46     1.38364     1.35122   0.0148842
          47     1.37244     1.35167   0.0145744
          48       1.291     1.35041   0.0143255
          49     1.31136     1.34961   0.0140553
          50     1.49988     1.35262   0.0140918
           1     1.31714     1.31714           0
           2     1.35611     1.33663   0.0137785
           3     1.27878     1.31735   0.0182278
           4     1.12602     1.26951   0.0436211
           5     1.28381     1.27237   0.0349904
           6     1.13234     1.24903   0.0361128
           7     1.23368     1.24684   0.0310204
           8     1.21173     1.24245   0.0274515
           9     1.20255     1.23802   0.0247567
          10     1.24194     1.23841   0.0222842
          11     1.29147     1.24323   0.0207737
          12      1.2424     1.24317   0.0190427
          13     1.18823     1.23894   0.0180407
          14     1.37349     1.24855   0.0191415
          15     1.26644     1.24974   0.0179025
          16     1.47878     1.26406   0.0217669
          17     1.25189     1.26334   0.0204983
          18     1.01429      1.2495   0.0235712
          19      1.3072     1.25254   0.0225253
          20     1.07021     1.24342   0.0231706
          21     1.15097     1.23902   0.0224816
          22     1.30171     1.24187   0.0216395
          23     1.25307     1.24236   0.0207042
          24     1.15695      1.2388    0.020145
          25     1.31893     1.24201   0.0195925
          26      1.1315     1.23776   0.0192944
          27     1.13185     1.23383   0.0189744
          28     1.13463     1.23029   0.0186246
          29     1.32488     1.23355   0.0182657
          30     1.06918     1.22807   0.0184603
          31     1.26903     1.22939    0.017912
          32     1.27646     1.23086   0.0174125
          33     1.06724     1.22591   0.0175767
          34     1.25112     1.22665   0.0170754
          35     1.19303     1.22569   0.0166145
          36      1.2733     1.22701   0.0162055
          37      1.2912     1.22874   0.0158601
          38     1.26389     1.22967   0.0154697
          39     1.22846     1.22964   0.0150731
          40      1.2603      1.2304   0.0147157
          41     1.20373     1.22975   0.0143712
          42     1.37063     1.23311   0.0144151
          43     1.23783     1.23322   0.0140803
          44     1.21874     1.23289   0.0137641
          45      1.2107      1.2324   0.0134671
          46     1.21539     1.23203   0.0131794
          47      1.2597     1.23262   0.0129121
          48     1.19512     1.23183   0.0126667
          49     1.14933     1.23015   0.0125196
          50     1.19779      1.2295   0.0122859
           1     1.22444     1.22444           0
           2      1.1188     1.17162   0.0373481
           3        1.08     1.14108    0.035238
           4      0.9804     1.10091   0.0436883
           5     1.27971     1.13667   0.0473769
           6     1.15538     1.13979   0.0395833
           7     1.10287     1.13451    0.034278
           8     1.08087     1.12781    0.030642
           9     1.22033     1.13809   0.0289103
          10      1.2356     1.14784   0.0276148
          11     1.23996     1.15621   0.0263438
          12     1.02516     1.14529   0.0263149
          13     1.04044     1.13723   0.0254969
          14     1.30302     1.14907   0.0262823
          15     1.10764     1.14631   0.0246749
          16     1.14011     1.14592   0.0231357
          17     1.10215     1.14335   0.0219176
          18     1.07116     1.13934   0.0210637
          19     1.23411     1.14432   0.0205372
          20     1.13691     1.14395   0.0195137
          21     1.04829      1.1394   0.0191087
          22     1.04796     1.13524   0.0186867
          23     1.12211     1.13467   0.0178829
          24     1.03029     1.13032   0.0176587
          25     1.18942     1.13269   0.0171099
          26     1.05124     1.12955   0.0167361
          27     1.06909     1.12731   0.0162654
          28     1.05124      1.1246   0.0159098
          29     1.11625     1.12431   0.0153638
          30     1.06622     1.12237   0.0149732
          31     1.23211     1.12591   0.0149027
          32     1.17651     1.12749   0.0145207
          33      1.0496     1.12513   0.0142712
          34     1.31851     1.13082   0.0149419
          35     1.06476     1.12893   0.0146337
          36     1.02491     1.12604   0.0145097
          37     1.06458     1.12438   0.0142123
          38     1.20633     1.12654   0.0140009
          39     1.09305     1.12568   0.0136682
          40     1.00542     1.12267   0.0136532
          41     1.13942     1.12308   0.0133263
          42     1.23247     1.12569   0.0132611
          43     1.03767     1.12364   0.0131097
          44     1.15927     1.12445   0.0128367
          45     1.14524     1.12491   0.0125598
          46     1.14836     1.12542   0.0122971
          47     1.05615     1.12395   0.0121235
          48     1.23218      1.1262   0.0120788
          49     1.14993     1.12669    0.011842
          50     1.12535     1.12666   0.0116051
           1     1.14101     1.14101           0
           2     1.03833     1.08967   0.0363022
           3     1.06341     1.08092   0.0252348
           4      1.0743     1.07926   0.0189803
           5      0.9024     1.04389   0.0350929
           6     1.14678     1.06104   0.0331706
           7     1.07238     1.06266   0.0284715
           8     1.04817     1.06085   0.0249701
           9     1.01454      1.0557   0.0227196
          10     1.02654     1.05279    0.020634
          11     1.09266     1.05641   0.0190739
          12     1.05635     1.05641   0.0174844
          13    0.884174     1.04316   0.0205549
          14    0.981983     1.03879   0.0195457
          15     1.09103     1.04227   0.0185503
          16     1.13384     1.04799   0.0182525
          17    0.989948     1.04458   0.0174952
          18    0.993217     1.04173   0.0167544
          19     1.12104      1.0459   0.0163844
          20     1.04323     1.04577   0.0155657
          21     1.05357     1.04614   0.0148289
          22      1.1385     1.05034   0.0147372
          23     0.99847     1.04808    0.014268
          24     1.00348     1.04622    0.013794
          25    0.992696     1.04408   0.0134074
          26    0.989322     1.04198   0.0130561
          27     1.03089     1.04157    0.012579
          28    0.977287     1.03927   0.0123374
          29     1.05423     1.03979   0.0119228
          30    0.971722     1.03752   0.0117392
          31     1.07746     1.03881    0.011431
          32     1.04501       1.039   0.0110755
          33    0.985809     1.03739   0.0108565
          34     1.04341     1.03756   0.0105386
          35     1.05384     1.03803   0.0102478
          36     1.04894     1.03833  0.00996761
          37     1.08303     1.03954  0.00977114
          38    0.984313     1.03809  0.00962148
          39     1.06918     1.03888  0.00940775
          40     1.00929     1.03814  0.00920161
          41     1.05701      1.0386  0.00898868
          42      1.0721      1.0394  0.00880998
          43    0.937009     1.03702   0.0089211
          44     1.02452     1.03674  0.00872287
          45    0.915165     1.03404  0.00893761
          46     1.00584     1.03342   0.0087643
          47    0.982991     1.03235  0.00864326
          48     1.09562     1.03367   0.0085631
          49     1.08292     1.03467  0.00844714
          50     1.01141     1.03421    0.008291
           1    0.946933    0.946933           0
           2     1.00747      0.9772   0.0214018
           3    0.968633    0.974344   0.0144571
           4    0.970033    0.973267   0.0108829
           5      0.9608    0.970773  0.00898742
           6      0.9525    0.967728  0.00798889
           7     1.00093    0.972471  0.00813495
           8      0.9769    0.973025  0.00713689
           9    0.848333     0.95917   0.0145213
          10     1.01407     0.96466   0.0140686
          11      0.9182    0.960436   0.0134087
          12      0.9929    0.963142   0.0125612
          13      1.0258    0.967962   0.0124855
          14     1.00727    0.970769   0.0119051
          15     1.00037    0.972742   0.0112738
          16     1.05223     0.97771   0.0116124
          17    0.986867    0.978249   0.0109418
          18    0.921033     0.97507   0.0107858
          19    0.933133    0.972863   0.0104415
          20     1.03567    0.976003   0.0103809
          21    0.942867    0.974425   0.0100057
          22    0.978033    0.974589  0.00955228
          23    0.877867    0.970384     0.01002
          24    0.943867    0.969279  0.00966321
          25    0.931633    0.967773  0.00939328
          26      0.8524    0.963336   0.0100255
          27     1.06067    0.966941   0.0102819
          28      0.9407    0.966004  0.00995727
          29    0.943867     0.96524  0.00964314
          30     1.00257    0.966484  0.00940162
          31    0.830367    0.962094   0.0100716
          32    0.911767    0.960521  0.00987893
          33    0.999267    0.961695  0.00964909
          34     1.07847    0.965129  0.00995777
          35       1.037    0.967183  0.00988272
          36    0.919467    0.965857  0.00969668
          37     1.00063    0.966797  0.00948005
          38      0.9843    0.967258  0.00924176
          39     1.04017    0.969127  0.00919192
          40      0.9103    0.967657  0.00907902
          41      0.9178    0.966441  0.00893864
          42    0.987133    0.966933  0.00873938
          43      0.9869    0.967398  0.00854847
          44    0.911067    0.966117  0.00844951
          45      0.9462    0.965675  0.00827333
          46     1.00027    0.966427  0.00812758
          47    0.907767    0.965179  0.00804991
          48    0.993967    0.965778  0.00790451
          49     1.04773    0.967451  0.00791817
          50      0.9253    0.966608  0.00780455
           1     0.90848     0.90848           0
           2    0.768896    0.838688   0.0493504
           3    0.954176    0.877184   0.0455015
           4    0.849888     0.87036   0.0346341
           5     0.99872    0.896032   0.0359852
           6    0.838848    0.886501   0.0312243
           7    0.834496    0.879072   0.0276334
           8    0.837504    0.873876   0.0246629
           9    0.793888    0.864988   0.0234693
          10    0.846464    0.863136   0.0211954
          11    0.821632    0.859363   0.0196015
          12     0.82736    0.856696   0.0181486
          13    0.845728    0.855852   0.0167721
          14     1.06093    0.870501    0.021019
          15    0.927264    0.874285   0.0199555
          16    0.930624    0.877806   0.0190164
          17     0.88544    0.878255   0.0179031
          18    0.909856    0.880011   0.0169943
          19    0.845952    0.878218   0.0161941
          20    0.921376    0.880376   0.0155275
          21    0.936448    0.883046   0.0150159
          22    0.872128     0.88255   0.0143416
          23    0.897696    0.883208   0.0137332
          24    0.885888     0.88332   0.0131614
          25    0.918016    0.884708   0.0127079
          26    0.778752    0.880633    0.012856
          27    0.972256    0.884026   0.0128199
          28    0.873984    0.883667    0.012367
          29    0.793248     0.88055   0.0123274
          30    0.939744    0.882523   0.0120733
          31    0.927264    0.883966   0.0117698
          32    0.923168    0.885191   0.0114656
          33    0.898944    0.885608   0.0111257
          34     0.93872     0.88717   0.0109076
          35    0.892736    0.887329   0.0105971
          36    0.846304    0.886189   0.0103639
          37    0.860032    0.885482   0.0101078
          38    0.850944    0.884573  0.00988261
          39    0.903968    0.885071  0.00964172
          40    0.852992    0.884269  0.00943397
          41    0.868544    0.883885  0.00921166
          42       0.944    0.885317  0.00910286
          43     0.94432    0.886689  0.00899399
          44    0.853472    0.885934  0.00882121
          45    0.841696    0.884951  0.00867979
          46     0.90528    0.885393  0.00850234
          47    0.898048    0.885662   0.0083257
          48    0.910144    0.886172  0.00816786
          49     0.87456    0.885935   0.0080046
          50     0.88928    0.886002  0.00784479
           1    0.770431    0.770431           0
           2    0.798923    0.784677   0.0100736
           3    0.823385    0.797579   0.0124934
           4    0.798769    0.797877  0.00937358
           5    0.840154    0.806332   0.0106502
           6    0.858338       0.815   0.0118902
           7    0.784431    0.810633   0.0109643
           8    0.822615    0.812131   0.0096955
           9    0.822492    0.813282  0.00868631
          10    0.756338    0.807588  0.00950259
          11    0.806892    0.807524  0.00863893
          12      0.8436    0.810531  0.00842588
          13    0.792708     0.80916  0.00788849
          14    0.780369    0.807103  0.00758835
          15    0.843415    0.809524  0.00745861
          16    0.827569    0.810652   0.0070772
          17    0.842646    0.812534   0.0069066
          18    0.811385     0.81247  0.00652319
          19    0.798954    0.811759  0.00621854
          20    0.776554    0.809998   0.0061517
          21    0.832062    0.811049   0.0059478
          22    0.809231    0.810966  0.00567802
          23    0.822923    0.811486  0.00545489
          24    0.769754    0.809747  0.00549777
          25    0.871938    0.812235  0.00581349
          26    0.782769    0.811102  0.00569929
          27    0.892338    0.814111  0.00623199
          28    0.821138    0.814362  0.00601448
          29    0.805631     0.81406  0.00581461
          30    0.832769    0.814684  0.00565413
          31    0.746492    0.812484  0.00588411
          32    0.911108    0.815566  0.00645712
          33    0.809108    0.815371  0.00626441
          34    0.820246    0.815514  0.00608181
          35    0.821108    0.815674  0.00591014
          36    0.829231     0.81605  0.00575795
          37    0.725262    0.813597  0.00610281
          38    0.911415    0.816171  0.00646234
          39    0.856277    0.817199  0.00637794
          40    0.786892    0.816442  0.00626333
          41    0.793785    0.815889   0.0061349
          42    0.871477    0.817212  0.00612993
          43    0.906646    0.819292  0.00633039
          44    0.764215    0.818041  0.00630907
          45    0.866031    0.819107  0.00625835
          46    0.790062    0.818476  0.00615407
          47    0.825323    0.818621  0.00602485
          48    0.831631    0.818892  0.00590543
          49    0.876615     0.82007  0.00590124
          50    0.762277    0.818914  0.00589533
           1    0.797659    0.797659           0
           2    0.752296    0.774978   0.0160382
           3    0.837422    0.795793   0.0200788
           4    0.776415    0.790948   0.0156326
           5    0.740593    0.780877   0.0154125
           6    0.839111    0.790583   0.0156033
           7    0.804859    0.792622   0.0135069
           8    0.842844      0.7989    0.013197
           9    0.699881    0.787898    0.015659
          10    0.833452    0.792453   0.0147408
          11    0.748148    0.788426   0.0139402
          12    0.732948    0.783802   0.0135234
          13    0.785452    0.783929   0.0124837
          14    0.701748    0.778059   0.0128985
          15    0.810963    0.780253   0.0122237
          16    0.747141    0.778183   0.0116336
          17    0.722489    0.774907   0.0114012
          18    0.777896    0.775073    0.010769
          19    0.730222    0.772713   0.0104578
          20    0.807081    0.774431   0.0100751
          21    0.769807    0.774211  0.00959772
          22    0.768474     0.77395  0.00916501
          23    0.694815     0.77051  0.00939018
          24    0.873926    0.774819  0.00993854
          25    0.901393    0.779881   0.0107536
          26    0.827022    0.781695   0.0104917
          27    0.723763    0.779549   0.0103202
          28    0.736504    0.778012   0.0100654
          29    0.737422    0.776612  0.00981519
          30    0.808385    0.777671  0.00954499
          31    0.789807    0.778063  0.00924511
          32    0.792652    0.778519  0.00896744
          33    0.789481    0.778851  0.00870185
          34    0.736652     0.77761  0.00853396
          35    0.772089    0.777452  0.00829159
          36    0.760148    0.776971  0.00807519
          37    0.792444    0.777389  0.00786777
          38     0.79123    0.777754  0.00766914
          39    0.774993    0.777683  0.00747283
          40      0.7592    0.777221  0.00730028
          41    0.786222     0.77744  0.00712552
          42    0.757896    0.776975  0.00697105
          43    0.751289    0.776378  0.00683447
          44    0.693956    0.774504   0.0069311
          45     0.74957     0.77395  0.00679919
          46    0.822015    0.774995  0.00673119
          47    0.821719    0.775989  0.00666098
          48    0.792444    0.776332  0.00653102
          49    0.834311    0.777515  0.00650404
          50      0.7792    0.777549  0.00637405
           1    0.757914    0.757914           0
           2    0.828971    0.793443   0.0251225
           3    0.731286    0.772724   0.0238053
           4      0.9054    0.805893   0.0338216
           5    0.699571    0.784629   0.0330732
           6      0.7638    0.781157   0.0277426
           7    0.737143    0.774869   0.0244815
           8    0.658857    0.760368   0.0253551
           9    0.749571    0.759168   0.0225662
          10    0.760657    0.759317   0.0203101
          11    0.742343    0.757774   0.0185222
          12      0.7324     0.75566    0.017099
          13    0.700686    0.751431   0.0162982
          14    0.680971    0.746398   0.0158921
          15    0.740771    0.746023   0.0148371
          16    0.721714    0.744504   0.0139873
          17    0.672343    0.740259   0.0137936
          18      0.7076    0.738444   0.0131461
          19    0.721971    0.737577   0.0124827
          20      0.7302    0.737209    0.011864
          21    0.725257    0.736639   0.0113127
          22    0.688886    0.734469   0.0110048
          23    0.689057    0.732494    0.010702
          24    0.747657    0.733126   0.0102747
          25    0.762371    0.734296  0.00993007
          26    0.685743    0.732429  0.00972215
          27    0.695857    0.731074  0.00945596
          28    0.733371    0.731156   0.0091186
          29      0.7444    0.731613  0.00881559
          30    0.641714    0.728616  0.00901668
          31      0.7512    0.729345   0.0087552
          32    0.776543     0.73082  0.00860494
          33    0.795429    0.732777  0.00856402
          34    0.717714    0.732334  0.00832359
          35    0.746029    0.732726  0.00809496
          36    0.710629    0.732112  0.00789334
          37    0.706029    0.731407  0.00771142
          38    0.746686    0.731809  0.00751896
          39    0.710629    0.731266  0.00734575
          40    0.761171    0.732014  0.00720006
          41    0.750143    0.732456  0.00703801
          42    0.790571    0.733839  0.00700514
          43    0.733229    0.733825  0.00684224
          44    0.731429    0.733771  0.00668696
          45    0.719486    0.733453  0.00654589
          46    0.758971    0.734008  0.00642705
          47    0.673057    0.732711   0.0064198
          48    0.704457    0.732123  0.00631299
          49    0.716857    0.731811  0.00619183
          50    0.735229    0.731879  0.00606837
           1    0.656552    0.656552           0
           2    0.616359    0.636455   0.0142104
           3    0.731421     0.66811   0.0275278
           4    0.720303    0.681159   0.0235361
           5    0.713959    0.687719   0.0197219
           6    0.768662    0.701209    0.020537
           7    0.640717    0.692567    0.019336
           8    0.703393    0.693921   0.0169663
           9    0.690979    0.693594   0.0150843
          10     0.74469    0.698703   0.0144153
          11    0.667421     0.69586   0.0133824
          12    0.761959    0.701368   0.0133528
          13    0.693048    0.700728    0.012341
          14    0.697683     0.70051   0.0114614
          15    0.693103    0.700017   0.0107079
          16    0.723779    0.701502   0.0101412
          17    0.642731    0.698045   0.0101167
          18    0.719503    0.699237  0.00962468
          19    0.674731    0.697947  0.00920413
          20    0.660497    0.696074  0.00893237
          21    0.665269    0.694608  0.00862663
          22    0.725848    0.696028  0.00835057
          23    0.621517    0.692788  0.00859295
          24    0.706786    0.693371  0.00825468
          25    0.692552    0.693338  0.00792456
          26    0.726621    0.694619  0.00772247
          27    0.649048    0.692931  0.00761865
          28    0.677793     0.69239  0.00736572
          29    0.685986    0.692169  0.00711504
          30    0.611697    0.689487  0.00736618
          31    0.630759    0.687592  0.00736815
          32    0.701297    0.688021  0.00715033
          33    0.627614     0.68619  0.00716413
          34    0.642317      0.6849  0.00706867
          35    0.668993    0.684445  0.00688131
          36    0.690759    0.684621  0.00669239
          37     0.71429    0.685423  0.00655938
          38    0.691531    0.685583  0.00638874
          39    0.694455    0.685811  0.00622897
          40    0.622703    0.684233  0.00626986
          41    0.702952     0.68469  0.00613354
          42    0.682566    0.684639  0.00598771
          43    0.675972    0.684438  0.00585185
          44    0.715779     0.68515  0.00576205
          45     0.68891    0.685233  0.00563461
          46    0.600331    0.683388  0.00580655
          47    0.721517    0.684199   0.0057394
          48    0.705131    0.684635  0.00563637
          49    0.650372    0.683936  0.00556454
          50    0.602317    0.682303  0.00568765
           1    0.633627    0.633627           0
           2    0.685227    0.659427   0.0182434
           3     0.72432    0.681058   0.0214443
           4    0.675787     0.67974   0.0161236
           5     0.67608    0.679008   0.0129155
           6    0.656507    0.675258   0.0112943
           7    0.615973    0.666789   0.0124579
           8     0.64072     0.66353   0.0113188
           9    0.578267    0.654056   0.0134538
          10    0.668533    0.655504   0.0121861
          11    0.660587    0.655966    0.011087
          12    0.689067    0.658724   0.0105006
          13    0.622453    0.655934   0.0100567
          14     0.64208    0.654945  0.00938696
          15    0.601147    0.651358  0.00942144
          16    0.642187    0.650785  0.00885003
          17    0.665813    0.651669  0.00837347
          18    0.657413    0.651988  0.00791436
          19     0.64624    0.651686  0.00750359
          20      0.6452    0.651361  0.00713542
          21     0.71808    0.654538  0.00746953
          22    0.638133    0.653793  0.00716713
          23    0.696427    0.655646  0.00709117
          24     0.62336    0.654301  0.00692213
          25    0.688853    0.655683  0.00678182
          26    0.670427     0.65625  0.00654464
          27     0.73608    0.659207  0.00693804
          28     0.65032     0.65889  0.00669751
          29    0.642427    0.658322  0.00649057
          30    0.618693    0.657001  0.00640723
          31    0.626373    0.656013  0.00627626
          32     0.66248    0.656215  0.00608338
          33      0.6184    0.655069  0.00600599
          34    0.603307    0.653547   0.0060192
          35    0.648853    0.653413  0.00584872
          36    0.675973    0.654039  0.00571973
          37     0.69496    0.655145  0.00567106
          38    0.624133    0.654329  0.00558024
          39      0.6568    0.654392  0.00543751
          40    0.618133    0.653486   0.0053766
          41    0.633787    0.653006  0.00526689
          42    0.613947    0.652076  0.00522295
          43     0.63224    0.651614  0.00512181
          44     0.71232    0.652994   0.0051879
          45    0.613333    0.652113  0.00514694
          46     0.64472    0.651952  0.00503755
          47    0.649707    0.651904   0.0049306
          48    0.586453    0.650541  0.00501288
          49     0.63912    0.650307  0.00491599
          50    0.642107    0.650143  0.00482041
