1.38505
1.38499
1.38505
1.38512
1.3852
1.38526
1.38533
1.38538
1.38541
1.38542
1.38539
1.38535
1.38529
1.38521
1.38514
1.38509
1.38505
1.38504
1.38507
1.38512
1.38518
1.38523
1.38529
1.3853
1.38528
1.38522
1.38513
1.38503
1.38495
1.38489
1.38485
1.38486
1.38489
1.38493
1.385
1.38507
1.38513
1.38518
1.38522
1.38522
1.38519
1.38514
1.38506
1.38499
1.38492
1.38487
1.38484
1.38484
1.38486
1.3849
1.38492
1.38495
1.38499
1.38503
1.38505
1.38508
1.38509
1.38511
1.38512
1.38513
1.38513
1.38513
1.38513
1.38512
1.3851
1.3851
1.38509
1.38509
1.38509
1.38508
1.38509
1.3851
1.38513
1.38515
1.38518
1.38522
1.38528
1.38534
1.38541
1.38546
1.3855
1.3855
1.38543
1.38532
1.3852
1.38509
1.38501
1.38497
1.38493
1.38491
1.38488
1.38484
1.38481
1.38479
1.38478
1.38478
1.38481
1.38485
1.38488
1.38494
1.38501
1.3851
1.3852
1.38529
1.38536
1.38538
1.38536
1.38531
1.38525
1.38522
1.38524
1.38531
1.3854
1.38552
1.38564
1.38576
1.3859
1.38604
1.38615
1.38613
1.38588
1.38536
1.3847
1.38409
1.38373
1.38365
1.38378
1.38398
1.38419
1.38438
1.38453
1.38464
1.38472
1.38479
1.38485
1.38492
1.38497
1.38504
1.38511
1.38518
1.38525
1.38531
1.38537
1.38542
1.38546
1.38551
1.38555
1.38557
1.38559
1.3856
1.38559
1.38555
1.38548
1.38538
1.38525
1.3851
1.38497
1.38486
1.38483
1.38487
1.38497
1.38515
1.38538
1.38566
1.38598
1.38626
1.38647
1.38653
1.38639
1.38605
1.38557
1.38506
1.38463
1.38432
1.38418
1.38415
1.38421
1.38432
1.38446
1.38459
1.38471
1.38481
1.38488
1.38495
1.38501
1.38506
1.3851
1.38515
1.38519
1.38523
1.38527
1.38531
1.38536
1.38541
1.38546
1.38551
1.38556
1.3856
1.38563
1.38562
1.38561
1.38559
1.38555
1.38549
1.38542
1.38532
1.3852
1.38507
1.38495
1.38485
1.38478
1.38474
1.38474
1.38476
1.3848
1.38487
1.38493
1.385
1.38508
1.38516
1.38525
1.38534
1.38543
1.38553
1.38562
1.38573
1.38583
1.38592
1.38599
1.38602
1.38598
1.38589
1.38573
1.38554
1.38536
1.38521
1.3851
1.38501
1.38495
1.3849
1.38487
1.38488
1.38492
1.38499
1.38509
1.38522
1.38533
1.38543
1.38549
1.3855
1.38542
1.3853
1.38513
1.38499
1.38486
1.3848
1.38477
1.38478
1.38481
1.38484
1.38488
1.38492
1.38497
1.38502
1.3851
1.38518
1.38527
1.3854
1.38554
1.38569
1.38581
1.3859
1.38591
1.38583
1.38567
1.38546
1.38528
1.38518
1.38516
1.38521
1.38528
1.38536
1.38542
1.38545
1.38546
1.38541
1.38531
1.38514
1.385
1.38491
1.38488
1.38491
1.38493
1.38493
1.38492
1.38492
1.38496
1.38505
1.38515
1.38523
1.38524
1.38517
1.38502
1.38484
1.3847
1.38461
1.38459
1.38464
1.38475
1.38487
1.38498
1.3851
1.38519
1.38526
1.38532
1.38537
1.38539
1.3854
1.38538
1.38536
1.38534
1.3853
1.38527
1.38524
1.38521
1.38517
1.38513
1.3851
1.38507
1.38503
1.385
1.38498
1.38496
1.38494
1.38494
1.38494
1.38496
1.38499
1.38504
1.3851
1.38516
1.38524
1.38532
1.3854
1.38549
1.38557
1.38562
1.38563
1.3856
1.3855
1.38536
1.38521
1.38508
1.38499
1.38493
1.38492
1.38493
1.38494
1.38496
1.38499
1.38503
1.38509
1.38516
1.38525
1.38532
1.38537
1.38538
1.38537
1.38534
1.38529
1.38528
1.3853
1.38538
1.38549
1.38563
1.38577
1.38584
1.38584
1.38574
1.38559
1.38537
1.38515
1.38495
1.3848
1.38472
1.38471
1.38475
1.38483
1.3849
1.38498
1.38504
1.38508
1.38511
1.38512
1.38509
1.38505
1.38501
1.38497
1.38495
1.38494
1.38494
1.38497
1.38501
1.38505
1.3851
1.38514
1.3852
1.38524
1.38529
1.38532
1.38535
1.38537
1.38539
1.38539
1.38538
1.38538
1.38536
1.38535
1.38533
1.38536
1.38538
1.38543
1.38549
1.38555
1.38562
1.38565
1.38561
1.38548
1.38525
1.38496
1.38469
1.3845
1.3844
1.38441
1.38451
1.38463
1.38475
1.38488
1.38499
1.38508
1.38517
1.38526
1.38534
1.38541
1.38548
1.38556
1.38562
1.38567
1.3857
1.38571
1.38569
1.38563
1.38554
1.38542
1.38529
1.38517
1.38508
1.385
1.38495
1.3849
1.38485
1.3848
1.38474
1.38469
1.38465
1.38463
1.38462
1.38463
1.38466
1.3847
1.38473
1.38478
1.38482
1.38487
1.38491
1.38495
1.38499
1.38503
1.38506
1.38511
1.38514
1.38518
1.38521
1.38522
1.38523
1.38521
1.38517
1.38514
1.3851
1.38506
1.38504
1.38503
1.38504
1.38508
1.38511
1.38515
1.38516
1.38517
1.38517
1.38514
1.38508
1.385
1.38492
1.38485
1.38478
1.38474
1.38473
1.38474
1.38478
1.38484
1.38491
1.385
1.3851
1.38519
1.38529
1.38537
1.38543
1.38547
1.38549
1.38549
1.38546
1.38539
1.3853
1.3852
1.38508
1.38497
1.38487
1.38476
1.38465
1.38455
1.38446
1.3844
1.38437
1.38437
1.3844
1.38444
1.38451
1.38459
1.38467
1.38475
1.38483
1.38491
1.385
1.3851
1.38518
1.38523
1.38527
1.38528
1.38525
1.38518
1.38509
1.38499
1.38491
1.38486
1.38486
1.38489
1.38494
1.385
1.38506
1.38512
1.38518
1.38519
1.38516
1.3851
1.385
1.38489
1.38477
1.38467
1.38458
1.38452
1.38449
1.38449
1.38451
1.38454
1.38458
1.38462
1.38466
1.3847
1.38474
1.38479
1.38484
1.3849
1.38499
1.38509
1.38522
1.38539
1.38558
1.38578
1.38596
1.38605
1.38601
1.38577
1.38534
1.38481
1.3843
1.38396
1.38382
1.38388
1.38406
1.38429
1.38451
1.38468
1.38477
1.3848
1.38477
1.38473
1.38468
1.38466
1.38466
1.3847
1.38477
1.38485
1.38494
1.38507
1.38524
1.38544
1.38567
1.38589
1.38602
1.38594
1.38562
1.38511
1.38459
1.38423
1.3841
1.38415
1.38427
1.38439
1.38447
1.38451
1.38451
1.38453
1.38457
1.38462
1.38471
1.38481
1.38494
1.3851
1.3853
1.38551
1.38572
1.38588
1.38593
1.38584
1.38557
1.38519
1.38481
1.3845
1.38431
1.38423
1.38423
1.3843
1.38441
1.38456
1.3847
1.38486
1.38502
1.38513
1.38521
1.3852
1.38513
1.38499
1.38483
1.38467
1.38455
1.38451
1.38452
1.38457
1.38464
1.38471
1.38479
1.38486
1.38491
1.38494
1.38497
1.38498
1.38498
1.38496
1.38495
1.38493
1.38491
1.38489
1.38488
1.38488
1.3849
1.38492
1.38494
1.38498
1.38504
1.3851
1.38517
1.38525
1.38536
1.38549
1.38567
1.38591
1.38617
1.3864
1.38646
1.38619
1.38553
1.3847
1.38403
1.38372
1.38373
1.38391
1.38415
1.38434
1.3845
1.38461
1.38469
1.38474
1.38478
1.3848
1.38482
1.38485
1.3849
1.38496
1.38506
1.38516
1.38527
1.38537
1.38547
1.38552
1.38552
1.38548
1.38539
1.38527
1.38516
1.38503
1.38494
1.38487
1.38483
1.3848
1.38479
1.3848
1.38483
1.38489
1.38498
1.3851
1.38521
1.3853
1.38533
1.3853
1.38517
1.38498
1.38481
1.38467
1.38461
1.38463
1.38471
1.38483
1.38497
1.38509
1.38522
1.38533
1.38544
1.38552
1.38559
1.38561
1.38559
1.38552
1.3854
1.38525
1.3851
1.38497
1.38486
1.38478
1.38472
1.38469
1.38467
1.38466
1.38467
1.38468
1.38473
1.38478
1.38485
1.38494
1.38503
1.38511
1.38517
1.38519
1.38518
1.38512
1.38503
1.38493
1.38486
1.38484
1.38488
1.38498
1.38515
1.38535
1.38554
1.38566
1.38565
1.38544
1.38508
1.38465
1.38432
1.38414
1.38415
1.38425
1.38441
1.38457
1.3847
1.3848
1.38489
1.38496
1.38501
1.38504
1.38509
1.38512
1.38515
1.38517
1.38519
1.38519
1.38517
1.38517
1.38514
1.38511
1.38508
1.38504
1.38501
1.38497
1.38494
1.38491
1.38488
1.38486
1.38485
1.38483
1.38482
1.38483
1.38486
1.38492
1.38503
1.38518
1.38533
1.3855
1.38561
1.38564
1.38553
1.38528
1.38499
1.38473
1.38458
1.38456
1.38461
1.38471
1.3848
1.38489
1.38493
1.38493
1.38491
1.38488
1.38486
1.38486
1.38489
1.38494
1.385
1.38506
1.38512
1.38516
1.38521
1.38525
1.38531
1.38535
1.38539
1.38541
1.38541
1.38539
1.38533
1.38521
1.38505
1.38487
1.3847
1.38458
1.38451
1.38451
1.38455
1.38462
1.3847
1.38479
1.38483
1.38487
1.38489
1.3849
1.38491
1.38493
1.38495
1.38497
1.38503
1.38508
1.38515
1.3852
1.38526
1.38531
1.38537
1.3854
1.38543
1.38542
1.3854
1.38534
1.38526
1.38514
1.38499
1.38484
1.38471
1.38463
1.38459
1.38461
1.38464
1.3847
1.38476
1.38482
1.38488
1.38493
1.38498
1.38504
1.38511
1.38518
1.38527
1.38535
1.38542
1.38545
1.3854
1.38527
1.38508
1.38486
1.38468
1.38458
1.38455
1.38459
1.38467
1.38475
1.38483
1.38489
1.38493
1.38494
1.38493
1.38492
1.38489
1.38488
1.38488
1.38488
1.3849
1.38493
1.38495
1.38497
1.385
1.38503
1.38505
1.38506
1.38507
1.38508
1.38509
1.38511
1.38513
1.38516
1.38518
1.3852
1.38519
1.38516
1.38512
1.38506
1.38499
1.38493
1.38487
1.38484
1.38482
1.38481
1.38483
1.38487
1.38494
1.38501
1.38509
1.38519
1.3853
1.38541
1.38554
1.38566
1.3858
1.38597
1.38613
1.38628
1.38633
1.38619
1.38577
1.38514
1.38449
1.38402
1.38383
1.38388
1.38406
1.38429
1.38452
1.38472
1.38491
1.38508
1.38523
1.38534
1.38545
