1.8
1.80154
1.80272
1.80329
1.80314
1.80223
1.80057
1.79829
1.79555
1.7926
1.78972
1.78718
1.78519
1.7839
1.78334
1.78343
1.78399
1.78477
1.78547
1.78583
1.78566
1.78487
1.78352
1.78182
1.7801
1.77873
1.77805
1.77826
1.77938
1.78126
1.78362
1.78614
1.7885
1.79047
1.79187
1.79262
1.79271
1.79223
1.79133
1.79026
1.78928
1.78869
1.7887
1.78944
1.79088
1.79288
1.79525
1.79775
1.80019
1.80242
1.80437
1.806
1.80732
1.80834
1.8091
1.80964
1.80999
1.81019
1.81026
1.81025
1.8102
1.81013
1.81011
1.81016
1.81034
1.81066
1.81113
1.81173
1.81243
1.81319
1.81393
1.81459
1.8151
1.81537
1.81533
1.81487
1.81389
1.8123
1.81006
1.8072
1.8039
1.8005
1.79748
1.79529
1.79427
1.79446
1.79565
1.7975
1.79968
1.80204
1.8046
1.80746
1.81068
1.81424
1.81804
1.82189
1.82562
1.82908
1.83214
1.8347
1.83663
1.8378
1.8381
1.83751
1.83615
1.83432
1.83243
1.83091
1.82999
1.82957
1.82927
1.82856
1.82703
1.82442
1.82064
1.81566
1.80938
1.8017
1.79269
1.78311
1.77467
1.76995
1.77125
1.77916
1.7921
1.80729
1.82223
1.83545
1.84648
1.85544
1.86272
1.86869
1.87367
1.87785
1.88137
1.88425
1.8865
1.88809
1.88901
1.88923
1.88876
1.88761
1.88584
1.88349
1.88063
1.87734
1.8737
1.86978
1.86566
1.86144
1.85724
1.85326
1.84975
1.84705
1.84548
1.84529
1.84652
1.84896
1.85213
1.85537
1.85792
1.85904
1.85807
1.85447
1.84789
1.83831
1.8262
1.81264
1.79938
1.78846
1.78168
1.77995
1.78306
1.78994
1.79915
1.80929
1.81925
1.8283
1.83604
1.84242
1.84751
1.85152
1.85464
1.85704
1.85886
1.86018
1.86109
1.8616
1.86175
1.86152
1.8609
1.85984
1.85832
1.85629
1.85373
1.85065
1.84708
1.84312
1.83888
1.83449
1.83011
1.82591
1.82206
1.81875
1.81616
1.81451
1.81398
1.81468
1.81662
1.81967
1.8236
1.8281
1.83284
1.83754
1.84195
1.84591
1.84926
1.85193
1.85381
1.85487
1.85507
1.85436
1.85275
1.85021
1.84673
1.84226
1.8368
1.83037
1.82312
1.81535
1.80757
1.80042
1.79456
1.79042
1.78814
1.78754
1.78829
1.79008
1.79264
1.79577
1.79926
1.80286
1.80624
1.80906
1.81101
1.81184
1.81144
1.80991
1.80754
1.80485
1.80251
1.80116
1.80128
1.80298
1.80604
1.81003
1.81449
1.81904
1.82343
1.82752
1.83123
1.83452
1.83732
1.83957
1.84117
1.84199
1.84186
1.84061
1.83806
1.8341
1.82874
1.82223
1.81515
1.80835
1.80274
1.79898
1.79717
1.7968
1.79704
1.79712
1.79656
1.79521
1.79313
1.79049
1.78758
1.78483
1.78282
1.78209
1.78284
1.78482
1.78741
1.79003
1.79241
1.7946
1.7968
1.79905
1.80111
1.80257
1.80308
1.80261
1.80159
1.80083
1.80117
1.8032
1.80697
1.81201
1.81758
1.82291
1.82744
1.83084
1.83301
1.83398
1.83388
1.83288
1.83118
1.82898
1.82647
1.82382
1.82119
1.81871
1.81646
1.81451
1.81289
1.81162
1.8107
1.81011
1.80987
1.80995
1.81037
1.81113
1.8122
1.81356
1.81516
1.81695
1.81882
1.82069
1.82244
1.82395
1.82509
1.82573
1.82577
1.82509
1.8236
1.82124
1.81799
1.81392
1.80919
1.80411
1.79911
1.79474
1.79151
1.78974
1.78944
1.79035
1.792
1.79398
1.79597
1.79784
1.79952
1.80094
1.802
1.80254
1.80238
1.80142
1.79968
1.79731
1.7946
1.79189
1.78949
1.78754
1.78593
1.78433
1.78224
1.77916
1.77475
1.76895
1.76207
1.75474
1.74782
1.74217
1.73845
1.73698
1.73769
1.7402
1.74386
1.74798
1.75195
1.75535
1.75796
1.75976
1.7608
1.76124
1.7613
1.76122
1.76125
1.76157
1.7623
1.76347
1.765
1.76677
1.7686
1.77034
1.77183
1.77297
1.77368
1.77392
1.77369
1.773
1.77187
1.77035
1.7685
1.76637
1.76403
1.76156
1.75904
1.75652
1.75405
1.75166
1.7493
1.74691
1.74436
1.74149
1.73811
1.73407
1.72932
1.72404
1.71869
1.71409
1.71124
1.71095
1.71353
1.71856
1.7251
1.73206
1.73854
1.74399
1.74817
1.75105
1.75274
1.75334
1.75297
1.75172
1.74964
1.74677
1.74311
1.73869
1.73355
1.72778
1.72155
1.71508
1.70872
1.70281
1.69774
1.69377
1.69105
1.68956
1.68916
1.68961
1.69072
1.69233
1.6944
1.69695
1.70002
1.7036
1.70764
1.712
1.71649
1.72092
1.72513
1.72897
1.73236
1.73527
1.73768
1.7396
1.74106
1.74209
1.74269
1.74288
1.74267
1.74206
1.74106
1.73971
1.73804
1.73615
1.73416
1.73223
1.73051
1.72916
1.72824
1.72775
1.72758
1.72757
1.72752
1.72724
1.72662
1.72562
1.72428
1.72275
1.7212
1.71986
1.71897
1.71872
1.71923
1.72052
1.72252
1.72504
1.72785
1.73065
1.73318
1.73519
1.73649
1.73694
1.73646
1.73501
1.7326
1.7293
1.72524
1.7206
1.7156
1.71051
1.70562
1.70121
1.69755
1.69485
1.69322
1.69268
1.69321
1.69477
1.69737
1.70097
1.70549
1.71075
1.71651
1.72246
1.72831
1.73383
1.73882
1.74315
1.74672
1.74949
1.7514
1.75243
1.75257
1.75182
1.75022
1.74789
1.745
1.74185
1.73879
1.73622
1.73444
1.73362
1.73371
1.73446
1.73553
1.73654
1.73717
1.73724
1.73666
1.73546
1.73378
1.73185
1.72996
1.72849
1.72777
1.7281
1.72963
1.73235
1.73611
1.74064
1.74561
1.75072
1.75574
1.7605
1.7649
1.76889
1.77247
1.77564
1.77839
1.78069
1.7825
1.78372
1.78421
1.78376
1.78212
1.77899
1.77408
1.76718
1.75835
1.74804
1.73735
1.72796
1.72183
1.72049
1.72443
1.73277
1.74368
1.75509
1.76535
1.77352
1.77936
1.78317
1.78557
1.78731
1.78903
1.79117
1.79384
1.79694
1.80018
1.80325
1.80587
1.80783
1.80889
1.80883
1.80732
1.80399
1.79848
1.79066
1.78097
1.77081
1.76248
1.75836
1.75964
1.76553
1.77394
1.7827
1.79056
1.7972
1.80286
1.80794
1.81271
1.81728
1.82157
1.82541
1.82857
1.8308
1.83182
1.83134
1.82907
1.82477
1.81838
1.8101
1.80067
1.79134
1.78373
1.77929
1.77873
1.7818
1.78752
1.79471
1.80231
1.80952
1.81582
1.82086
1.82442
1.82643
1.8269
1.82601
1.82414
1.82186
1.81989
1.81896
1.81956
1.82182
1.82544
1.82986
1.83445
1.83871
1.84231
1.84514
1.84718
1.84855
1.84934
1.84971
1.84979
1.84969
1.84954
1.84942
1.8494
1.84954
1.84986
1.85034
1.85094
1.85159
1.85219
1.85264
1.8528
1.85258
1.85184
1.85051
1.84847
1.84563
1.84183
1.83683
1.83028
1.82167
1.81054
1.79679
1.78138
1.76682
1.75683
1.7544
1.75978
1.77027
1.78229
1.79325
1.8021
1.80877
1.81366
1.81722
1.81985
1.82186
1.82349
1.82488
1.82609
1.82707
1.82771
1.82779
1.82712
1.82551
1.82282
1.81905
1.8143
1.80886
1.80312
1.7976
1.79277
1.78902
1.78653
1.78531
1.78518
1.7859
1.78722
1.78892
1.79084
1.79279
1.79458
1.79595
1.79663
1.79635
1.79498
1.79259
1.78953
1.78647
1.78423
1.78353
1.7847
1.78754
1.79141
1.7955
1.79911
1.80176
1.8032
1.80334
1.80222
1.79989
1.79645
1.79203
1.78685
1.78122
1.77555
1.77033
1.76604
1.76304
1.76152
1.76143
1.76256
1.76462
1.76733
1.77048
1.77392
1.77753
1.78118
1.78473
1.78797
1.7907
1.79274
1.79396
1.79429
1.79376
1.79254
1.7909
1.78921
1.78789
1.78731
1.78769
1.78895
1.79077
1.79262
1.79382
1.79374
1.79186
1.788
1.78245
1.77621
1.77096
1.76857
1.77025
1.77591
1.7842
1.79338
1.802
1.80927
1.81499
1.81928
1.82239
1.82457
1.82603
1.82691
1.8273
1.82726
1.82685
1.8261
1.8251
1.8239
1.82261
1.82133
1.82015
1.81916
1.81844
1.81804
1.81799
1.81831
1.81898
1.81997
1.82127
1.82285
1.82468
1.82674
1.82898
1.83131
1.8336
1.83563
1.83712
1.83772
1.83707
1.83485
1.83094
1.82557
1.81946
1.8138
1.80993
1.80877
1.81042
1.81413
1.81874
1.82316
1.82674
1.82927
1.83086
1.83185
1.83263
1.83351
1.83465
1.83604
1.83747
1.83871
1.83954
1.83983
1.83953
1.83867
1.83728
1.83541
1.83306
1.83025
1.82698
1.8233
1.81929
1.81512
1.81103
1.80741
1.80471
1.8034
1.80381
1.806
1.80973
1.81448
1.81963
1.82463
1.82909
1.83283
1.8358
1.8381
1.8399
1.84134
1.84258
1.84369
1.84469
1.84553
1.84612
1.84635
1.8461
1.84527
1.84381
1.8417
1.83897
1.83569
1.83195
1.8279
1.8237
1.81957
1.81578
1.81267
1.8106
1.80988
1.81065
1.8128
1.81603
1.81989
1.8239
1.82768
1.83098
1.83368
1.83577
1.83727
1.83825
1.83873
1.83868
1.83804
1.83669
1.8345
1.83142
1.8275
1.82304
1.81862
1.81501
1.813
1.81305
1.81513
1.81871
1.823
1.82722
1.83087
1.83369
1.83568
1.83698
1.83782
1.83844
1.83906
1.83982
1.8408
1.84197
1.84328
1.8446
1.84583
1.84687
1.84765
1.84814
1.84834
1.84828
1.84801
1.84759
1.84709
1.84652
1.84588
1.8451
1.84412
1.84288
1.84139
1.8397
1.83798
1.83642
1.83524
1.8346
1.83461
1.83526
1.83648
1.83814
1.84006
1.84206
1.84396
1.84556
1.84668
1.84715
1.84681
1.84554
1.84326
1.83987
1.83535
1.82961
1.82255
1.81399
1.80378
1.7919
1.77888
1.76614
1.75607
1.75124
1.75307
1.76078
1.77193
1.78379
1.79443
1.80294
1.8091
1.81306
1.81503
1.81525
1.8139
1.81118
1.80732
