1.8
1.80194
1.80445
1.80737
1.8105
1.81354
1.81614
1.81795
1.81866
1.81808
1.81624
1.81342
1.81017
1.80723
1.80527
1.80463
1.80519
1.80643
1.80766
1.80826
1.8079
1.80649
1.8042
1.80135
1.79832
1.79554
1.79339
1.79217
1.79211
1.79325
1.79551
1.79868
1.80244
1.80646
1.81042
1.81407
1.81722
1.81979
1.82174
1.8231
1.82389
1.82417
1.82398
1.82334
1.82228
1.82078
1.81886
1.81651
1.81379
1.81079
1.80767
1.80466
1.80204
1.80011
1.79911
1.79917
1.80023
1.80211
1.80445
1.80688
1.80899
1.81049
1.81118
1.81101
1.81009
1.80864
1.80701
1.80552
1.80449
1.80406
1.80423
1.80487
1.80574
1.8066
1.80725
1.80755
1.80742
1.80687
1.80595
1.80473
1.80334
1.8019
1.8005
1.7992
1.79804
1.79698
1.79594
1.79481
1.79344
1.79163
1.78915
1.78578
1.78135
1.77579
1.76931
1.76249
1.75631
1.75206
1.75093
1.7535
1.75949
1.76782
1.77712
1.78616
1.79415
1.80071
1.80575
1.80936
1.81172
1.81301
1.8134
1.81307
1.81215
1.81079
1.8091
1.80721
1.80519
1.80313
1.80106
1.799
1.79695
1.79491
1.7929
1.79094
1.78911
1.78751
1.78625
1.78539
1.78499
1.78503
1.78543
1.7861
1.78692
1.7878
1.78865
1.78941
1.79005
1.79049
1.79069
1.79055
1.78996
1.78883
1.78705
1.78456
1.78133
1.77741
1.7729
1.76797
1.76285
1.75784
1.75326
1.74944
1.74669
1.74526
1.7453
1.74679
1.74956
1.7533
1.75762
1.7621
1.7664
1.77022
1.77337
1.77571
1.77717
1.77773
1.77737
1.77613
1.77407
1.77132
1.76807
1.76464
1.76143
1.75885
1.75729
1.75694
1.75777
1.75953
1.76183
1.76425
1.76643
1.76813
1.76921
1.76962
1.76939
1.76856
1.7672
1.76539
1.76318
1.76066
1.75788
1.75492
1.75184
1.74873
1.74565
1.7427
1.73994
1.73746
1.73531
1.73354
1.73217
1.73117
1.73054
1.73021
1.73013
1.73024
1.73048
1.73079
1.73113
1.73147
1.73179
1.73207
1.7323
1.73248
1.73261
1.7327
1.73275
1.73277
1.73276
1.73274
1.7327
1.73266
1.73263
1.73262
1.73264
1.7327
1.73282
1.73301
1.73328
1.73363
1.73408
1.73461
1.73522
1.7359
1.73663
1.7374
1.73817
1.73893
1.73966
1.74034
1.74095
1.74147
1.74189
1.74217
1.74226
1.74211
1.74162
1.74067
1.73909
1.73673
1.73343
1.72914
1.72396
1.71824
1.71265
1.70806
1.7053
1.70484
1.70656
1.70983
1.71375
1.71753
1.72064
1.72289
1.72434
1.72522
1.72585
1.72653
1.72752
1.72898
1.73095
1.73338
1.73613
1.73905
1.74199
1.74483
1.74748
1.74993
1.75217
1.75421
1.75608
1.75781
1.75942
1.76091
1.76229
1.76357
1.76473
1.76578
1.76673
1.76759
1.76836
1.76904
1.76961
1.77005
1.77031
1.7703
1.76991
1.76902
1.76744
1.76497
1.76143
1.75665
1.75061
1.74348
1.73578
1.72834
1.72223
1.71845
1.71762
1.71977
1.7244
1.73075
1.73798
1.74538
1.75239
1.75867
1.764
1.76832
1.77166
1.77409
1.77568
1.77651
1.77666
1.77615
1.77502
1.7733
1.77107
1.76842
1.76555
1.76269
1.76016
1.75823
1.75709
1.75681
1.75725
1.75819
1.75932
1.76038
1.76118
1.76164
1.76178
1.76168
1.76149
1.76136
1.76141
1.76178
1.76255
1.76377
1.76542
1.76746
1.76981
1.77236
1.77501
1.77766
1.78021
1.78263
1.78489
1.78697
1.78888
1.79066
1.79231
1.79385
1.79525
1.79649
1.79753
1.79827
1.79863
1.79852
1.79783
1.79649
1.79449
1.79188
1.7888
1.78549
1.78226
1.77943
1.77726
1.77586
1.77525
1.77536
1.77611
1.77747
1.7794
1.78184
1.78461
1.7874
1.78979
1.7913
1.79144
1.78979
1.78609
1.78029
1.77267
1.76397
1.75536
1.7483
1.74416
1.74376
1.74708
1.7533
1.76119
1.76959
1.77762
1.78481
1.79096
1.79604
1.80006
1.80301
1.80485
1.80555
1.80512
1.80366
1.80144
1.79886
1.79643
1.79465
1.79386
1.79416
1.79533
1.79697
1.79862
1.79991
1.80059
1.8006
1.79999
1.79892
1.79763
1.79633
1.79522
1.79444
1.79403
1.79396
1.79413
1.79439
1.79459
1.79461
1.79433
1.79368
1.79262
1.79112
1.7892
1.78685
1.78412
1.78108
1.77785
1.77456
1.77142
1.76863
1.76641
1.76493
1.76426
1.76441
1.7653
1.76679
1.76873
1.77095
1.77336
1.77584
1.77835
1.78083
1.78322
1.78544
1.78741
1.78903
1.7902
1.79088
1.79103
1.79072
1.79007
1.78928
1.78857
1.78816
1.78821
1.78878
1.78983
1.79128
1.79296
1.79467
1.79615
1.79713
1.79735
1.79662
1.79492
1.79242
1.78947
1.78659
1.78438
1.78336
1.78388
1.78602
1.78961
1.79428
1.79957
1.80504
1.81029
1.81505
1.81911
1.82234
1.82468
1.82604
1.82639
1.82567
1.82383
1.82087
1.81686
1.81197
1.80657
1.80116
1.79638
1.79287
1.79111
1.79133
1.79342
1.79698
1.80142
1.80606
1.81027
1.81355
1.81557
1.81618
1.81542
1.81347
1.81064
1.80731
1.80392
1.80087
1.79849
1.79701
1.79652
1.79699
1.7983
1.80025
1.80261
1.80513
1.80758
1.80977
1.81155
1.81283
1.8136
1.81388
1.81374
1.81325
1.81253
1.81167
1.81075
1.80984
1.80898
1.80821
1.80753
1.80693
1.80641
1.80593
1.8055
1.80508
1.80467
1.80424
1.80381
1.80337
1.80294
1.80252
1.80216
1.80186
1.80164
1.80153
1.80152
1.80162
1.80181
1.80207
1.80238
1.80271
1.80303
1.8033
1.80351
1.80364
1.80366
1.80356
1.80334
1.80298
1.8025
1.80188
1.80112
1.80023
1.7992
1.79804
1.79676
1.79535
1.79383
1.79222
1.79055
1.78884
1.78714
1.78552
1.78404
1.78279
1.78184
1.78128
1.78116
1.78152
1.78236
1.78365
1.78532
1.78727
1.78938
1.79154
1.79362
1.79553
1.79718
1.79848
1.7994
1.79988
1.79991
1.79948
1.79859
1.79726
1.79555
1.7935
1.79121
1.78877
1.78632
1.78399
1.78195
1.78034
1.77933
1.77904
1.77954
1.78084
1.78288
1.7855
1.78851
1.79166
1.79474
1.79757
1.80001
1.80201
1.80354
1.80462
1.80529
1.80562
1.80569
1.80556
1.80533
1.80505
1.80479
1.80459
1.80446
1.80442
1.80444
1.80449
1.80457
1.80464
1.80472
1.80482
1.80497
1.8052
1.80551
1.80593
1.80643
1.80699
1.80756
1.80812
1.80863
1.80906
1.8094
1.80964
1.80974
1.80967
1.80936
1.80875
1.80777
1.80641
1.80471
1.80283
1.80102
1.79962
1.79894
1.79919
1.80043
1.80253
1.8052
1.80809
1.81086
1.81322
1.81495
1.8159
1.81596
1.81505
1.81313
1.81022
1.80643
1.80204
1.79753
1.79361
1.79105
1.7905
1.79225
1.79609
1.80146
1.8076
1.81382
1.81964
1.8248
1.8292
1.83285
1.8358
1.83813
1.8399
1.84118
1.84199
1.8424
1.84245
1.8422
1.84173
1.84116
1.84059
1.84015
1.83994
1.84001
1.84038
1.84099
1.84174
1.84248
1.84307
1.8433
1.84297
1.84182
1.83952
1.83569
1.82996
1.82204
1.81202
1.80062
1.78941
1.78055
1.77594
1.77624
1.78054
1.78701
1.79389
1.80004
1.80499
1.80873
1.8115
1.81365
1.81555
1.81755
1.81991
1.82278
1.82613
1.82979
1.83346
1.83681
1.83955
1.84151
1.8426
1.84285
1.84234
1.84119
1.83954
1.83755
1.83533
1.83302
1.83071
1.8285
1.82645
1.82462
1.82306
1.82178
1.82081
1.82015
1.81979
1.8197
1.81987
1.82027
1.82085
1.82155
1.82234
1.82315
1.82392
1.82461
1.82517
1.82556
1.82574
1.82566
1.82531
1.82463
1.82362
1.82224
1.82052
1.8185
1.8163
1.81408
1.81207
1.81054
1.80975
1.80987
1.81096
1.81294
1.8156
1.81868
1.82189
1.82499
1.8278
1.83019
1.83203
1.83327
1.83378
1.83346
1.83213
1.82956
1.82546
1.81947
1.81126
1.80057
1.78743
1.77245
1.75714
1.74401
1.73605
1.73541
1.74212
1.75398
1.76781
1.78093
1.79186
1.80021
1.80626
1.81062
1.81396
1.81686
1.81979
1.82301
1.82663
1.83058
1.83465
1.83859
1.84213
1.84505
1.8472
1.84852
1.84907
1.84899
1.84846
1.84774
1.84705
1.84653
1.84626
1.84623
1.84635
1.84654
1.84668
1.84671
1.84657
1.84625
1.84576
1.84514
1.84446
1.84378
1.8432
1.84278
1.84256
1.84256
1.84278
1.84319
1.84376
1.84444
1.84514
1.8458
1.84628
1.84647
1.84627
1.84558
1.84439
1.84279
1.84094
1.83904
1.83732
1.8359
1.83477
1.83381
1.83284
1.83179
1.83083
1.83046
1.83132
1.83394
1.83838
1.84413
1.85026
1.85575
1.85977
1.86185
1.86183
1.85993
1.85674
1.85326
1.85076
1.8504
1.85273
1.85735
1.86311
1.86861
1.87272
1.87483
1.87483
1.87297
1.86974
1.86574
1.86158
1.85778
1.85474
1.8526
1.8513
1.85061
1.85027
1.85012
1.85019
1.85068
1.85188
1.85401
1.85709
1.86088
1.86489
1.86849
1.87098
1.87174
1.87038
1.86688
1.86176
1.85618
1.85169
1.8497
1.85087
1.85483
1.86046
1.86646
1.87179
1.87572
1.87783
1.87784
1.87555
1.87093
1.86407
1.8553
1.84519
1.83449
1.8241
1.81489
1.80759
1.80273
1.80049
1.80079
1.80322
1.80717
1.81197
1.81702
1.82193
1.8265
1.83069
1.83453
1.83801
1.8411
1.84369
1.84568
1.84693
1.84737
1.84698
1.84581
1.844
1.84173
1.83921
1.8367
1.8344
1.83249
1.83109
1.83026
1.83
1.83026
1.83095
1.83198
1.83324
1.83464
1.83608
1.83748
1.83878
1.83993
1.84088
1.84162
1.84213
1.8424
1.84245
1.84228
1.8419
1.84132
1.84054
1.83957
1.8384
1.83704
1.83549
1.83376
1.83187
1.82988
1.82786
1.82592
1.82419
1.8228
1.82187
1.8215
1.82171
1.82248
1.8237
1.82526
1.827
1.82876
1.83042
1.83186
1.83296
1.83367
1.83393
1.83369
1.83295
1.83169
1.82993
1.82768
1.82498
1.82186
1.81835
1.81451
1.81037
1.80602
1.80157
1.79717
1.79303
1.78942
1.78661
1.78487
1.78441
1.78531
1.78754
1.79093
1.79522
1.80009
1.8052
1.81022
1.81488
1.81895
1.82226
1.82469
1.82616
1.82666
1.82618
1.82479
1.82258
1.81971
1.81639
1.81289
1.80952
1.80655
1.80423
1.80264
1.80176
1.80143
1.80139
1.80139
1.80119
1.80067
1.79978
1.79855
1.79711
1.79562
1.79422
1.79307
1.79225
1.7918
1.79167
1.79179
1.79204
1.79227
1.79237
1.79225
1.79183
1.79108
1.79002
1.78867
1.78709
1.78535
1.78353
1.78171
1.77997
1.7784
1.77706
1.77598
1.7752
1.77471
1.77449
1.77454
1.77482
1.77529
1.77594
1.7767
1.77753
1.77838
1.77918
1.77989
1.78045
1.78084
1.78104
1.78105
1.78086
1.78049
1.77997
1.7793
1.7785
1.77761
1.77663
1.7756
1.77453
1.77345
1.77239
1.77137
1.77044
1.76965
1.76902
1.76863
1.76851
1.76872
1.76931
1.7703
1.77172
1.77358
1.77583
1.77846
1.78139
1.78455
1.78784
1.79118
1.79447
1.79761
1.80053
1.80313
1.80534
1.80707
1.80823
1.80875
1.80851
1.80743
1.80541
1.80238
1.79829
1.79314
1.78696
1.77982
1.77185
1.76326
1.7543
1.7454
1.73706
1.72992
1.72462
1.72172
1.72155
1.72408
1.7289
1.73525
1.7423
1.7493
1.75575
1.76141
1.76625
1.77034
1.77371
1.77638
1.77829
1.77951
1.78032
1.78129
1.78319
1.78668
1.79195
1.79862
1.80589
1.81285
1.81878
1.82326
1.82612
1.82742
1.82726
1.82581
1.82323
1.81971
1.81541
1.81055
1.80535
1.8001
1.7951
1.79064
1.78703
1.78451
1.78325
1.78333
1.78469
1.78714
1.79039
1.79408
1.79782
1.8013
1.80425
1.80652
1.80802
1.80875
1.80878
1.80822
1.80722
1.80599
1.80469
1.80352
1.80263
1.80213
1.80207
1.80246
1.80326
1.8044
1.80582
1.80744
1.80916
1.8109
1.81261
1.8142
1.81565
1.81692
1.81797
1.81878
1.81933
1.81963
1.81967
1.81948
1.81909
1.81855
1.81789
1.81714
1.8163
1.81536
1.81427
1.81299
1.81146
1.80969
1.8077
1.80557
1.80344
1.80146
1.7998
1.79862
1.79805
1.79819
1.79909
1.80072
1.80298
1.80573
1.80872
1.81172
1.81448
1.81679
1.81848
1.81947
1.81973
1.81927
1.81814
1.81642
1.81416
1.81142
1.80825
1.80468
1.80076
1.79653
1.79206
1.78744
1.78274
1.77805
1.77343
1.76895
1.76471
1.7609
1.7578
1.75576
1.7551
1.75604
1.75857
1.76248
1.76741
1.77297
1.77877
1.78456
1.79012
1.79531
1.80001
1.80412
1.80756
1.81025
1.81215
1.81326
1.81357
1.81305
1.81169
1.80941
1.80606
1.80142
1.79519
1.78703
1.77673
1.76446
1.75117
1.73891
1.73043
1.72803
1.73209
1.74091
1.75174
1.76223
1.77109
1.7779
1.78276
1.78598
1.78786
1.78864
1.78847
1.78744
1.78556
1.78281
1.77911
1.77441
1.76875
1.76234
1.75572
1.74971
1.74537
1.74358
1.74466
1.74823
1.75335
1.75893
1.76406
1.76818
1.7711
1.77281
1.77345
1.77322
1.77233
1.77101
1.76948
1.76796
1.76665
1.76568
1.76509
1.7648
1.76466
1.76443
1.76388
1.7628
1.76105
1.75856
1.75537
1.75161
1.74751
1.7434
1.73966
1.73672
1.73496
1.7346
1.73567
1.738
1.74124
1.74497
1.7488
1.75243
1.7557
1.75855
1.76098
1.76305
1.76482
1.76631
1.76751
1.7684
1.76894
1.76914
1.76904
1.76874
1.76841
1.76825
1.76843
1.76908
1.7702
1.77171
1.77346
1.77523
1.77681
1.77803
1.77878
1.77898
1.77861
1.7777
1.77631
1.77454
1.77254
1.77044
1.76843
1.76665
1.76523
1.76425
1.76372
1.7636
1.76382
1.76426
1.76481
1.76536
1.76581
1.76608
1.76611
1.76587
1.76533
1.76452
1.76347
1.76225
1.76093
1.75961
1.75835
1.7572
1.75614
1.75511
1.75396
1.75251
1.75052
1.7478
1.74421
1.73983
1.73498
1.73034
1.7268
1.72519
1.72598
1.72901
1.73362
1.73889
1.74401
1.74845
1.75195
1.75445
1.756
1.75668
1.75655
1.75565
1.75399
1.7516
1.74849
1.74477
1.74061
1.73628
1.73216
1.72866
1.7262
1.72504
1.72533
1.72697
1.72967
1.73303
1.73657
1.73984
1.74245
1.7442
1.74498
1.74488
1.74411
1.74297
1.74185
1.74111
1.74108
1.74191
1.74361
1.746
1.74877
1.75156
1.75402
1.75588
1.75695
1.75714
1.75646
1.75497
1.75282
1.75016
1.74721
1.74418
1.74127
1.73869
1.73661
1.73518
1.73449
1.73453
1.73521
1.73633
1.73766
1.73897
1.74006
1.74083
1.74124
1.7413
1.74105
1.74056
1.73988
1.73912
1.73838
1.7378
1.7375
1.73759
1.73814
1.73919
1.74069
1.74257
1.74472
1.747
1.74926
1.75137
1.75321
1.75466
1.75565
1.75612
1.75603
1.75535
1.7541
1.75229
1.74998
1.74727
1.74427
1.74116
1.73814
1.73545
1.73333
1.73199
1.73159
1.73218
1.73369
1.73592
1.7386
1.74141
1.74404
1.74624
1.7478
1.74862
1.74868
1.74803
1.7468
1.74516
1.74329
1.7414
1.73965
1.73816
1.73699
1.73615
1.7356
1.73527
1.73513
1.73515
1.73535
1.73581
1.73661
1.73786
1.73961
1.74188
1.74461
1.74769
1.75096
1.75426
1.75746
1.76044
1.76313
1.76548
1.76748
1.76912
1.77038
1.77127
1.77178
1.7719
1.77165
1.77104
1.77014
1.76904
1.76787
1.7668
1.76601
1.76564
1.76581
1.76654
1.76777
1.76939
1.77125
1.7732
1.7751
1.77685
1.77838
1.77965
1.78062
1.78128
1.78158
1.78151
1.78106
1.78027
1.77924
1.77815
1.77726
1.77689
1.77733
1.77876
1.78119
1.78446
1.78826
1.79224
1.79608
1.79955
1.80254
1.80501
1.80703
1.80873
1.81025
1.81175
1.81335
1.8151
1.81697
1.81882
1.82043
1.8215
1.82167
1.82054
1.81771
1.81278
1.80546
1.79569
1.78378
1.77061
1.75763
1.74665
1.73928
1.73632
1.73754
1.74197
1.74845
1.75604
1.76416
1.7725
1.78091
1.78928
1.79746
1.80532
1.81266
1.81936
1.82527
1.83033
1.83446
1.83765
1.83986
1.84107
1.84121
1.84023
1.83801
1.83446
1.82953
1.82327
1.81599
1.8083
1.80116
1.79563
1.79256
1.79219
1.79405
1.79721
1.80062
1.80344
1.80509
1.80522
1.80359
1.79998
1.79416
1.78599
1.77555
1.7634
1.75082
1.73979
1.73256
1.73074
1.73453
1.74261
1.75281
1.76306
1.77192
1.77865
1.78309
1.78538
1.78584
1.78485
1.78284
1.78022
1.77742
1.7748
1.77265
1.77119
1.77047
1.7705
1.77118
1.77238
1.77399
1.77588
1.77793
1.78008
1.78223
1.78434
1.78634
1.7882
1.78988
1.79133
1.79254
1.79348
1.79412
1.79444
1.79444
1.79412
1.79348
1.79257
1.79144
1.79016
1.78884
1.78757
1.78642
1.78544
1.78467
1.78409
1.78368
1.78341
1.78324
1.78312
1.78296
1.78265
1.78209
1.78121
1.77999
1.77856
1.77712
1.77597
1.77539
1.77554
1.77645
1.77799
1.77993
1.782
1.78403
1.78591
1.78762
1.78917
1.79062
1.792
1.79332
1.79458
1.79573
1.79671
1.79744
1.79783
1.7978
1.79723
1.79599
1.79393
1.79091
1.78675
1.78131
1.77448
1.7663
1.75708
1.74755
1.73892
1.73267
1.73009
1.73182
1.73757
1.74633
1.75676
1.76756
1.77771
1.78655
1.79378
1.79935
1.80341
1.80617
1.8079
1.80884
1.80921
1.80919
1.8089
1.80847
1.80794
1.80736
1.80675
1.80608
1.80533
1.80446
1.80339
1.80208
1.80046
1.79851
1.79623
1.79369
1.791
1.78831
1.78579
1.78359
1.7818
1.78044
1.77946
1.7788
1.77846
1.77847
1.77893
1.77994
1.78153
1.78365
1.78613
1.78873
1.79117
1.79318
1.79454
1.79506
1.79459
1.79305
1.79042
1.78679
1.7824
1.77763
1.77301
1.76914
1.76657
1.76564
1.76641
1.76865
1.77195
1.77583
1.77986
1.78367
1.78704
1.78981
1.79192
1.79336
1.79417
1.79443
1.79427
1.79382
1.7932
1.79253
1.79193
1.79146
1.79117
1.79107
1.79115
1.79139
1.79174
1.79215
1.79259
1.79304
1.79346
1.79388
1.7943
1.79477
1.79533
1.79603
1.79693
1.79804
1.79937
1.80089
1.80254
1.8042
1.80574
1.80699
1.8078
1.80799
1.80745
1.80609
1.80391
1.80098
1.79747
1.79363
1.78971
1.78599
1.78263
1.77974
1.7773
1.77527
1.77358
1.77219
1.77113
1.77046
1.77028
1.77069
1.77181
1.77367
1.77629
1.77959
1.78344
1.78767
1.79207
1.79645
1.80062
1.80446
1.80791
1.81093
1.81353
1.81574
1.81757
1.819
1.81998
1.82042
1.8202
1.81919
1.81727
1.81437
1.81053
1.80587
1.80066
1.79525
1.79002
1.78535
1.78155
1.77891
1.77769
1.77811
1.78025
1.784
1.78897
1.79464
1.80042
1.80584
1.81055
1.81437
1.81723
1.81918
1.82031
1.82074
1.8206
1.82004
1.81922
1.81828
1.8174
1.81675
1.81648
1.81671
1.81748
1.81879
1.82055
1.82264
1.8249
1.82718
1.82937
1.83141
1.83328
1.83505
1.8368
1.83864
1.84068
1.84299
1.84558
1.84841
1.85139
1.85436
1.85717
1.85966
1.86168
1.86312
1.86386
1.86383
1.86298
1.86126
1.85864
1.8551
1.85064
1.84529
1.83908
1.83215
1.82469
1.81701
1.80951
1.8027
1.79712
1.79321
1.79127
1.79136
1.79333
1.7969
1.80173
1.80754
1.81406
1.82104
1.82824
1.83541
1.84227
1.84859
1.85418
1.85888
1.86258
1.86522
1.86677
1.86721
1.86659
1.86499
1.86257
1.85954
1.85618
1.85283
1.8498
1.84737
1.84569
1.84479
1.84456
1.84475
1.84503
1.84499
1.8442
1.84224
1.83877
1.83358
1.82677
1.81888
1.81091
1.80421
1.80003
1.79891
1.80047
1.80356
1.80688
1.80944
1.8108
1.811
1.8104
1.80946
1.80864
1.8083
1.80862
1.80964
1.81128
1.81337
1.81571
1.81812
1.82042
1.82245
1.82407
1.82514
1.82554
1.82519
1.82405
1.82219
1.8198
1.81718
1.81476
1.81292
1.81197
1.81199
1.81283
1.81415
1.81556
1.81672
1.81738
1.81744
1.8169
1.81587
1.81447
1.81291
1.81136
1.80998
1.8089
1.80819
1.80783
1.80774
1.80779
1.80779
1.80749
1.80665
1.80503
1.8024
1.79864
1.79373
1.78791
1.78173
1.77608
1.77204
1.77056
1.77209
1.77638
1.78256
1.78954
1.79637
1.80238
1.80728
1.81103
1.81377
1.81571
1.81711
1.81821
1.8192
1.82022
1.82135
1.82258
1.82386
1.8251
1.82618
1.82697
1.82735
1.82719
1.8264
1.82488
1.82262
1.81963
1.81603
1.81205
1.80797
1.80409
1.80067
1.79786
1.79569
1.79414
1.79323
1.79311
1.79403
1.79625
1.79989
1.80486
1.81081
1.81722
1.82354
1.82932
1.83423
1.83807
1.84076
1.84233
1.84286
1.84248
1.84141
1.83997
1.83854
1.83751
1.83726
1.83803
1.83983
1.8425
1.84568
1.84897
1.852
1.85445
1.85607
1.85672
1.85629
1.85473
1.85202
1.84822
1.84344
1.8379
1.83189
1.82581
1.82003
1.8149
1.81063
1.80735
1.80506
1.80369
1.80313
1.80322
1.80371
1.8043
1.80464
1.80442
1.80347
1.80183
1.79989
1.79824
1.79759
1.79845
1.80099
1.80494
1.80976
1.81481
1.81957
1.82365
1.82686
1.8291
1.83039
1.83075
1.83026
1.82895
1.82684
1.82393
1.82022
1.81567
1.81031
1.80422
1.79766
1.79103
1.78489
1.77984
1.77634
1.77452
1.77411
1.77456
1.77519
1.77544
1.77494
1.77357
1.77141
1.76871
1.76582
1.76314
1.76104
1.7598
1.75957
1.76033
1.76193
1.76416
1.76677
1.76955
1.77231
1.77494
1.77735
1.77952
1.78142
1.78307
1.78449
1.78568
1.78663
1.78733
1.78773
1.78776
1.78733
1.78631
1.7846
1.78208
1.77873
1.7746
1.76995
1.7652
1.76096
1.75784
1.75627
1.75639
1.75795
1.76048
1.76346
1.7665
1.76937
1.77199
1.77438
1.77657
1.77857
1.78033
1.78177
1.78275
1.78311
1.78272
1.78144
1.77918
1.77588
1.77152
1.76613
1.75981
1.7528
1.74562
1.73923
1.73513
1.73492
1.73966
1.74905
1.76145
1.77461
1.78659
1.79621
1.80307
1.80719
1.80886
1.80839
1.80603
1.802
1.79647
1.78954
1.78136
1.77213
1.76214
1.75185
1.74192
1.73319
1.72657
1.72286
1.72245
1.72522
1.73044
1.73704
1.74392
1.75023
1.75551
1.75967
1.76294
1.76573
1.76843
1.77134
1.77462
1.77821
1.78196
1.78563
1.78899
1.79185
1.79403
1.79546
1.79605
1.79579
1.79464
1.7926
1.78968
1.78592
1.78139
1.77624
1.77068
1.76497
1.75943
1.75433
1.74989
1.74616
1.74304
1.74035
1.73793
1.73573
1.73389
1.73273
1.73266
1.73392
1.73654
1.74023
1.7445
1.74884
1.75282
1.75617
1.75878
1.76064
1.76179
1.76234
1.76234
1.76186
1.76093
1.75955
1.7577
1.75532
1.75236
1.74874
1.74442
1.73939
1.73373
1.7276
1.72128
1.71517
1.70968
1.7052
1.702
1.70017
1.69962
1.70014
1.7015
1.70346
1.70583
1.70849
1.71132
1.71428
1.71728
1.72026
1.72314
1.72583
1.72825
1.73031
1.73191
1.73295
1.73334
1.73298
1.73179
1.72977
1.72699
1.72366
1.72014
1.7169
1.7144
1.71298
1.71271
1.71342
1.71471
1.71616
1.71742
1.71826
1.7186
1.71836
1.71749
1.71589
1.71348
1.7103
1.70659
1.70284
1.69974
1.69801
1.69816
1.70035
1.70435
1.70965
1.71568
1.72195
1.72808
1.73381
1.73897
1.74344
1.74715
1.75006
1.75219
1.75359
1.75434
1.75453
1.75427
1.75366
1.75279
1.75173
1.75054
1.74925
1.74785
1.74635
1.7447
1.74289
1.74091
1.73878
1.73661
1.73458
1.73296
1.73209
1.73229
1.73373
1.73633
1.73975
1.74346
1.74689
1.74957
1.75117
1.75157
1.75078
1.74895
1.74631
1.74315
1.7398
1.73655
1.73367
1.73128
1.72935
1.72768
1.7259
1.72354
1.72016
1.7155
1.70963
1.70313
1.6971
1.69298
1.69206
1.69496
1.70139
1.71028
1.72027
1.7301
1.73889
1.7461
1.75155
1.75524
1.75734
1.75803
1.75753
1.75607
1.75385
1.75108
1.74795
1.74466
1.7414
1.73837
1.73574
1.73363
1.73215
1.7313
1.73105
1.7313
1.73191
1.73275
1.73367
1.73455
1.73531
1.7359
1.73629
1.73649
1.73651
1.73638
1.73613
1.73579
1.7354
1.73498
1.73455
1.73412
1.73372
1.73335
1.733
1.73269
1.73241
1.73216
1.73194
1.73175
1.73159
1.73145
1.73132
1.7312
1.73107
1.73091
1.73068
1.73033
1.7298
1.72902
1.72787
1.72625
1.72405
1.72117
1.71756
1.71328
1.70852
1.70366
1.69921
1.69576
1.69377
1.69348
1.69477
1.69724
1.70027
1.70322
1.70542
1.70629
1.7053
1.70211
1.69664
1.68938
1.68149
1.67477
1.6711
1.67148
1.67554
1.68177
1.68836
1.69397
1.69795
1.70019
1.70096
1.70069
1.69986
1.69895
1.69839
1.69846
1.69927
1.70075
1.7027
1.70484
1.70691
1.7087
1.7101
1.71105
1.71158
1.71174
1.71162
1.71131
1.71091
1.71053
1.71029
1.71031
1.71069
1.71153
1.71286
1.71469
1.71696
1.71953
1.72226
1.72497
1.72751
1.72974
1.73156
1.73291
1.73376
1.73413
1.73402
1.7335
1.73261
1.73143
1.73005
1.72854
1.72698
1.72545
1.72403
1.72278
1.72179
1.72115
1.72095
1.72127
1.72216
1.72362
1.72558
1.72788
1.73036
1.73282
1.73509
1.73704
1.73858
1.7397
1.74039
1.7407
1.7407
1.74044
1.74
1.73943
1.73877
1.73805
1.73728
1.73647
1.7356
1.7347
1.73376
1.73278
1.73177
1.73069
1.72948
1.72805
1.72629
1.72413
1.7216
1.71887
1.71632
1.71441
1.7136
1.71419
1.71618
1.71936
1.7234
1.72803
1.73308
1.73842
1.7439
1.74935
1.75454
1.75925
1.7633
1.76657
1.76901
1.7706
1.77136
1.7713
1.77048
1.76892
1.76669
1.76384
1.76048
1.75672
1.75273
1.74869
1.74481
1.74132
1.73849
1.73653
1.73567
1.736
1.73749
1.73995
1.74306
1.74641
1.74961
1.75234
1.7544
1.75573
1.75636
1.75642
1.75607
1.75546
1.75468
1.75372
1.75252
1.75099
1.74915
1.7472
1.74561
1.74497
1.74575
1.74799
1.75116
1.75427
1.75616
1.75581
1.7526
1.74663
1.73886
1.73122
1.72607
1.7252
1.72883
1.73565
1.74367
1.75128
1.7576
1.76244
1.76589
1.76815
1.76937
1.76959
1.76881
1.767
1.7642
1.76058
1.75647
1.75238
1.74892
1.7466
1.74558
1.74555
1.74577
1.74524
1.74309
1.73881
1.73248
1.72488
1.71741
1.71191
1.71006
1.7128
1.71983
1.7298
1.74085
1.75139
1.7604
1.76748
1.77266
1.77619
1.77838
1.77955
1.77995
1.7798
1.77924
1.77839
1.77735
1.77617
1.77493
1.77366
1.7724
1.77119
1.77005
1.76899
1.76804
1.76718
1.7664
1.76569
1.76502
1.76436
1.76365
1.76287
1.76196
1.76089
1.75965
1.75825
1.75675
1.75527
1.75394
1.75291
1.75228
1.75207
1.75214
1.75227
1.75214
1.7514
1.74976
1.74703
1.74318
1.73841
1.73311
1.72787
1.72333
1.72005
1.7183
1.71809
1.7192
1.72133
1.72421
1.72768
1.7316
1.73583
1.74019
1.74446
1.74846
1.75207
1.75532
1.75835
1.76138
1.76459
1.76803
1.77165
1.77528
1.77868
1.78164
1.78401
1.78571
1.78669
1.78699
1.78661
1.78561
1.784
1.78179
1.77898
1.77557
1.77154
1.76692
1.76172
1.75605
1.75002
1.74385
1.7378
1.73217
1.72728
1.72345
1.72091
1.71983
1.72025
1.72208
1.7251
1.72897
1.7333
1.73761
1.74142
1.74425
1.74568
1.74536
1.74319
1.73932
1.73437
1.72933
1.72544
1.72376
1.72478
1.72832
1.7337
1.74007
1.74672
1.75309
1.75882
1.76362
1.76731
1.76974
1.77085
1.77059
1.76899
1.76612
1.76213
1.75723
1.75178
1.74622
1.74107
1.73691
1.7342
1.73323
1.73403
1.73639
1.73994
1.74418
1.74865
1.75294
1.75674
1.75982
1.762
1.76315
1.76314
1.76189
1.75936
1.75562
1.75099
1.746
1.74148
1.73825
1.73689
1.73749
1.73957
1.74232
1.74494
1.74682
1.74773
1.74767
1.74683
1.74553
1.74405
1.74266
1.74157
1.7409
1.74071
1.741
1.74176
1.74296
1.74462
1.74675
1.74939
1.75259
1.75634
1.76059
1.76521
1.77006
1.77496
1.77972
1.78422
1.78834
1.79203
1.79526
1.79802
1.80032
1.80218
1.80361
1.80462
1.80523
1.80543
1.80521
1.80455
1.80344
1.80185
1.79975
1.79713
1.79399
1.79038
1.78637
1.78215
1.77796
1.77412
1.77098
1.76888
1.76801
1.76838
1.76975
1.77162
1.77331
1.77408
1.77331
1.77062
1.76609
1.7603
1.75423
1.749
1.74541
1.74368
1.74348
1.7442
1.74531
1.74665
1.74848
1.75138
1.75594
1.76237
1.77034
1.77912
1.78785
1.79585
1.80271
1.80831
1.8127
1.81602
1.81846
1.82019
1.82135
1.82204
1.82233
1.82226
1.82182
1.82097
1.81964
1.81772
1.81506
1.8115
1.8069
1.8012
1.7945
1.78713
1.77973
1.77312
1.76812
1.76528
1.7647
1.7661
1.76897
1.77284
1.77733
1.78218
1.78719
1.79213
1.7968
1.80103
1.80464
1.80756
1.80973
1.81116
1.81187
1.81192
1.81139
1.81034
1.80889
1.80715
1.80531
1.80362
1.80239
1.80193
1.80251
1.80422
1.80696
1.81043
1.81417
1.81773
1.82068
1.82273
1.82369
1.82351
1.82223
1.81998
1.81693
1.81333
1.80952
1.80596
1.80328
1.80211
1.80293
1.80576
1.81016
1.81531
1.82028
1.82435
1.82707
1.8283
1.82806
1.82645
1.82341
1.81871
1.81192
1.80275
1.7916
1.78021
1.77178
1.76965
1.77525
1.78693
1.80128
1.81517
1.82685
1.83588
1.84251
1.84722
1.85048
1.85265
1.85398
1.85467
1.85483
1.85458
1.85403
1.85329
1.85252
1.85188
1.85154
1.85165
1.85227
1.85342
1.85498
1.85677
1.85856
1.86011
1.86116
1.86151
1.86097
1.85936
1.85655
1.8524
1.84679
1.83964
1.83091
1.82065
1.80903
1.79639
1.78331
1.77058
1.75918
1.75013
1.74434
1.7424
1.74448
1.7503
1.75913
1.76994
1.78158
1.79303
1.80352
1.81263
1.82022
1.82637
1.83124
1.83499
1.83778
1.83968
1.84072
1.84087
1.84005
1.83811
1.83488
1.83013
1.82363
1.81527
1.80521
1.79405
1.78298
1.77347
1.76674
1.7631
1.76184
1.7618
1.76212
1.7627
1.76399
1.76651
1.77041
1.7753
1.7805
1.7853
1.78922
1.79202
1.79367
1.79426
1.79389
1.79267
1.79066
1.78787
1.78432
1.78001
1.77501
1.7695
1.76382
1.75848
1.75411
1.75124
1.75022
1.751
1.75319
1.75624
1.75958
1.76279
1.76561
1.76798
1.7699
1.77145
1.77272
1.77377
1.77464
1.77533
1.77579
1.77595
1.77569
1.7749
1.77342
1.77114
1.76794
1.76377
1.75864
1.75263
1.74596
1.73896
1.73215
1.7262
1.72187
1.7198
1.72032
1.72324
1.72798
1.73373
1.73973
1.74547
1.7507
1.75538
1.7596
1.76349
1.76712
1.77054
1.77369
1.77653
1.77898
1.78099
1.78252
1.78357
1.78416
1.78432
1.78408
1.78349
1.78257
1.78134
1.77983
1.77805
1.776
1.77369
1.77115
1.7684
1.7655
1.76251
1.75953
1.75668
1.7541
1.7519
1.75022
1.74915
1.74876
1.74905
1.75001
1.75155
1.75358
1.75592
1.75841
1.76082
1.76294
1.76453
1.76541
1.76544
1.7646
1.76303
1.76107
1.75921
1.75804
1.75802
1.75933
1.7618
1.76496
1.76824
1.77113
1.7733
1.77459
1.77501
1.77468
1.77377
1.77247
1.771
1.76959
1.76844
1.76778
1.76776
1.76849
1.77002
1.77227
1.7751
1.77833
1.78173
1.78507
1.78818
1.7909
1.79315
1.79487
1.79605
1.79671
1.79688
1.79661
1.79595
1.79493
1.79359
1.79195
1.79002
1.78784
1.78547
1.78305
1.78077
1.77888
1.77768
1.7774
1.7782
1.7801
1.78296
1.78653
1.79047
1.79446
1.79823
1.80158
1.8044
1.80667
1.80839
1.80963
1.81046
1.81096
1.8112
1.81125
1.81119
1.81106
1.81092
1.81079
1.81073
1.81076
1.8109
1.81119
1.81164
1.81226
1.81303
1.81395
1.81496
1.81601
1.81699
1.81777
1.81818
1.818
1.81693
1.81465
1.81077
1.80491
1.79672
1.7861
1.77328
1.75908
1.74495
1.73278
1.72444
1.72117
1.72306
1.7291
1.73766
1.74715
1.75641
1.7648
1.77203
1.77803
1.78282
1.78644
1.78898
1.79053
1.79119
1.79109
1.79034
1.78911
1.78753
1.78578
1.78402
1.78241
1.78109
1.78019
1.77981
1.77998
1.7807
1.78187
1.78337
1.78501
1.78661
1.78799
1.78901
1.78959
1.78966
1.78923
1.78831
1.78693
1.78512
1.78289
1.78022
1.77708
1.77348
1.76944
1.76509
1.76069
1.75659
1.75315
1.7507
1.74939
1.7492
1.74996
1.75144
1.75345
1.7559
1.75871
1.76189
1.76538
1.76909
1.7729
1.77667
1.78024
1.78351
1.78639
1.78885
1.79087
1.79246
1.79366
1.79449
1.79498
1.79517
1.79506
1.79469
1.79406
1.79317
1.79205
1.79072
1.78919
1.78753
1.78579
1.78406
1.78242
1.78096
1.77973
1.77874
1.77793
1.7772
1.77641
1.77542
1.77412
1.77252
1.77073
1.76897
1.76757
1.76687
1.7671
1.76834
1.7705
1.77331
1.77645
1.77964
1.78266
1.78537
1.78772
1.78971
1.79134
1.79262
1.79356
1.79412
1.79427
1.79399
1.79329
1.79223
1.79095
1.78969
1.78876
1.78847
1.78907
1.79065
1.7931
1.79611
1.79927
1.8021
1.80418
1.80511
1.80461
1.80246
1.79855
1.7929
1.78567
1.77723
1.76813
1.75903
1.75063
1.74359
1.7385
1.7359
1.73621
1.73961
1.74586
1.75431
1.76394
1.77372
1.78276
1.79049
1.79664
1.80119
1.80428
1.80611
1.8069
1.80685
1.80613
1.80487
1.80317
1.80114
1.79887
1.79651
1.79421
1.79218
1.79058
1.78959
1.78928
1.78964
1.79056
1.79189
1.79343
1.79501
1.79651
1.79787
1.79906
1.80009
1.801
1.80182
1.80259
1.80335
1.80415
1.80502
1.80599
1.80708
1.80831
1.80968
1.81118
1.81278
1.81445
1.81613
1.81776
1.81929
1.82064
1.82178
1.82264
1.82319
1.82341
1.82328
1.82283
1.82208
1.8211
1.81998
1.81883
1.81777
1.8169
1.81631
1.81601
1.81599
1.8162
1.81653
1.81691
1.81725
1.81748
1.81757
1.81748
1.81722
1.81678
1.81617
1.8154
1.81447
1.81341
1.81221
1.81091
1.80957
1.8083
1.80727
1.80666
1.80667
1.80745
1.80907
1.81146
1.81445
1.81778
1.82117
1.82438
1.82725
1.82971
1.83179
1.83357
1.83518
1.83675
1.83837
1.84007
1.84176
1.84328
1.84442
1.84493
1.84471
1.84378
1.84236
1.84082
1.83961
1.83909
1.83945
1.84062
1.84234
1.84425
1.84602
1.84738
1.84819
1.84842
1.8481
1.84729
1.84606
1.84446
1.84252
1.84024
1.8376
1.83458
1.8312
1.82757
1.82384
1.8203
1.81726
1.81502
1.81377
1.81355
1.81424
1.81565
1.81754
1.81978
1.82229
1.82504
1.82805
1.83129
1.83467
1.83808
1.84138
1.84443
1.84711
1.84936
1.85114
1.85245
1.85333
1.85379
1.85389
1.85364
1.85306
1.85213
1.85084
1.84918
1.84716
1.84485
1.84243
1.8401
1.83814
1.83675
1.83604
1.83597
1.83638
1.83707
1.83788
1.83877
1.83978
1.84101
1.84257
1.8445
1.84677
1.84932
1.85205
1.85486
1.85768
1.86047
1.86318
1.86577
1.8682
1.8704
1.87228
1.87378
1.87481
1.87534
1.87535
1.8749
1.87409
1.87307
1.87199
1.87099
1.87017
1.86957
1.86915
1.86883
1.86848
1.86798
1.8672
1.86609
1.86462
1.86285
1.86089
1.85891
1.85716
1.85591
1.85546
1.85607
1.85791
1.86098
1.86509
1.86988
1.87489
1.87967
1.88378
1.8869
1.88884
1.88947
1.88882
1.88697
1.88412
1.88053
1.87654
1.8725
1.86878
1.86567
1.86339
1.86203
1.86163
1.86211
1.86331
1.86506
1.86716
1.8694
1.8716
1.8736
1.87524
1.87638
1.87684
1.87647
1.87512
1.87267
1.86915
1.86476
1.85992
1.85525
1.85142
1.84889
1.84772
1.84751
1.84754
1.8471
1.84569
1.84316
1.83966
1.83559
1.83145
1.8277
1.82467
1.82249
1.82117
1.82064
1.82083
1.82176
1.82349
1.82609
1.82956
1.83381
1.83861
1.84369
1.84872
1.85346
1.85768
1.86122
1.86397
1.86583
1.86672
1.86656
1.86533
1.86304
1.85983
1.85595
1.8518
1.84782
1.84439
1.84169
1.83967
1.83823
1.8374
1.8375
1.83901
1.8423
1.8473
1.85344
1.85982
1.86556
1.86994
1.87248
1.8729
1.87108
1.86702
1.86097
1.85343
1.84525
1.8374
1.83075
1.82575
1.82233
1.82012
1.81872
1.81786
1.81738
1.8172
1.81723
1.81748
1.81808
1.81925
1.82126
1.82417
1.82784
1.83186
1.83575
1.83912
1.84175
1.84365
1.84504
1.84621
1.84744
1.84897
1.85086
1.85311
1.8556
1.85817
1.8607
1.86307
1.86519
1.867
1.86845
1.8695
1.87012
1.87028
1.86999
1.86928
1.86824
1.86701
1.86577
1.86469
1.86393
1.86355
1.86357
1.86388
1.86437
1.86493
1.86546
1.86598
1.86651
1.86712
1.86784
1.86866
1.86948
1.87018
1.87058
1.87051
1.86976
1.86809
1.86528
1.86113
1.85556
1.84873
1.84127
1.83435
1.82948
1.82796
1.83022
1.83591
1.84431
1.85466
1.86612
1.87774
1.88863
1.89817
1.90608
1.91225
1.91671
1.91948
1.92063
1.92029
1.91864
1.91594
1.91246
1.90856
1.9046
1.90098
1.89816
1.89654
1.89642
1.89795
1.90107
1.90551
1.9109
1.91683
1.9229
1.92886
1.93452
1.93979
1.94466
1.9491
1.95309
1.95653
1.95925
1.96099
1.96143
1.96018
1.95689
1.95135
1.94369
1.93448
1.92473
1.91555
1.90766
1.90108
1.89549
1.89106
1.88891
1.89048
1.89639
1.90564
1.9162
1.9261
1.93418
1.94007
1.94394
1.94617
1.94714
1.94718
1.94656
1.94549
1.94417
1.94271
1.94121
1.9397
1.93813
1.93642
1.93445
1.93207
1.92916
1.92563
1.92148
1.91679
1.91181
1.90686
1.90237
1.89868
1.89606
1.8945
1.89383
1.89367
1.89363
1.89332
1.89243
1.89079
1.88831
1.88506
1.88124
1.87717
1.87327
1.86993
1.86746
1.86598
1.86538
1.8654
1.86571
1.86607
1.86633
1.86651
1.86673
1.8672
1.86811
1.8696
1.87173
1.87444
1.8776
1.88104
1.88455
1.88795
1.89108
1.89386
1.89621
1.89815
1.8997
1.90091
1.90184
1.90255
1.90306
1.90337
1.90343
1.90314
1.90231
1.9007
1.89801
1.89391
1.88808
1.88025
1.87037
1.85866
1.84578
1.83293
1.82172
1.814
1.8113
1.81423
1.82216
1.83338
1.84574
1.85741
1.8672
1.87464
1.87977
1.88294
1.88465
1.88543
1.88574
1.886
1.8865
1.88743
1.88882
1.89061
1.89264
1.8947
1.89658
1.8981
1.89911
1.89953
1.89932
1.89847
1.89701
1.89495
1.89239
1.88945
1.88635
1.88341
1.88096
1.87927
1.8785
1.87858
1.87929
1.88028
1.88121
1.8818
1.8819
1.88147
1.88059
1.87942
1.87818
1.87707
1.87628
1.87589
1.87589
1.87617
1.87653
1.87671
1.87641
1.87536
1.8733
1.87003
1.86547
1.85976
1.85338
1.84719
1.8423
1.83973
1.83994
1.84264
1.8469
1.85157
1.85569
1.85866
1.86021
1.86032
1.85914
1.85691
1.85397
1.85077
1.84779
1.84545
1.844
1.84345
1.84355
1.84392
1.84415
1.84396
1.84319
1.84189
1.84027
1.83867
1.83746
1.83698
1.83739
1.83861
1.84041
1.8424
1.84424
1.84567
1.84654
1.84684
1.84666
1.84613
1.84541
1.84466
1.84403
1.84362
1.84351
1.84373
1.84427
1.84509
1.84615
1.84737
1.8487
1.85006
1.85138
1.85258
1.85358
1.85429
1.85461
1.85444
1.85372
1.85239
1.85045
1.84796
1.84506
1.84196
1.83894
1.83634
1.83447
1.83358
1.8338
1.83511
1.83735
1.84023
1.84343
1.8466
1.84949
1.85191
1.85377
1.8551
1.85598
1.85653
1.85694
1.85736
1.85795
1.85883
1.86003
1.86158
1.86342
1.86545
1.86755
1.86961
1.87149
1.87309
1.87431
1.87512
1.87548
1.87544
1.87509
1.87458
1.87411
1.8739
1.87414
1.87498
1.87649
1.87862
1.88124
1.88414
1.88706
1.88978
1.89208
1.89381
1.89486
1.89515
1.89458
1.89307
1.89048
1.88671
1.88169
1.87549
1.86834
1.86064
1.8529
1.84567
1.8396
1.83544
1.83392
1.83542
1.83969
1.84602
1.85365
1.86193
1.87029
1.87823
1.88539
1.89158
1.89673
1.90093
1.90435
1.90733
1.91025
1.91347
1.91717
1.92129
1.92557
1.92967
1.93324
1.936
1.93779
1.93854
1.93828
1.93708
1.93504
1.93228
1.92896
1.92521
1.92121
1.91712
1.91311
1.90932
1.9059
1.90292
1.90045
1.89849
1.89703
1.896
1.89535
1.895
1.89488
1.89489
1.89497
1.89503
1.895
1.89481
1.89441
1.89378
1.89288
1.89169
1.89014
1.88819
1.88574
1.88275
1.87923
1.87529
1.8712
1.86734
1.86419
1.86217
1.86162
1.86264
1.86511
1.86875
1.87314
1.87784
1.88241
1.88644
1.88959
1.89156
1.89217
1.89125
1.88874
1.88458
1.87878
1.87135
1.86232
1.85179
1.84
1.82746
1.8151
1.80442
1.79726
1.79524
1.79885
1.80709
1.81791
1.82915
1.83929
1.84756
1.85382
1.85821
1.86101
1.8625
1.86293
1.86252
1.86142
1.85978
1.85768
1.85521
1.85239
1.84921
1.84562
1.84154
1.83689
1.83164
1.82587
1.81988
1.8142
1.80959
1.80688
1.80662
1.80882
1.8129
1.81786
1.82263
1.82631
1.82834
1.82846
1.82669
1.82327
1.81864
1.81337
1.80805
1.80318
1.79897
1.7954
1.79229
1.7896
1.78761
1.78696
1.7883
1.79188
1.79724
1.80343
1.80932
1.81405
1.81711
1.81833
1.81775
1.81554
1.81193
1.80715
1.80154
1.79545
1.78937
1.78381
1.77933
1.77641
1.7754
1.77644
1.77943
1.78405
1.7898
1.7961
1.80235
1.80806
1.81286
1.81652
1.81894
1.82008
1.81999
1.81873
1.81641
1.81317
1.80924
1.8049
1.80053
1.79652
1.79328
1.79104
1.78984
1.78946
1.78951
1.78954
1.78918
1.78821
1.78663
1.78456
1.78225
1.77993
1.77784
1.77618
1.77509
1.77469
1.77499
1.776
1.77774
1.78022
1.7834
1.78714
1.7911
1.79481
1.79777
1.79955
1.79985
1.79857
1.79577
1.7917
1.78675
1.78141
1.77619
1.77151
1.7677
1.7649
1.76315
1.76236
1.76244
1.76335
1.76513
1.76789
1.77171
1.7766
1.78245
1.78904
1.79612
1.80338
1.81053
1.8173
1.82345
1.82874
1.83299
1.83603
1.83771
1.83792
1.83658
1.83368
1.8293
1.82372
1.8174
1.811
1.80533
1.80113
1.7989
1.79873
1.80034
1.80319
1.80667
1.81024
1.81343
1.81591
1.81749
1.81811
1.81787
1.81701
1.81586
1.81481
1.81415
1.81404
1.81447
1.8152
1.81592
1.81626
1.81601
1.81513
1.81383
1.81246
1.81146
1.81116
1.81168
1.81287
1.81444
1.8161
1.81771
1.81936
1.8213
1.82373
1.82669
1.83
1.83326
1.83605
1.83803
1.83898
1.83879
1.83746
1.83501
1.83149
1.82702
1.82173
1.81589
1.80996
1.80462
1.80077
1.79935
1.80104
1.80588
1.81313
1.82154
1.82973
1.8366
1.84146
1.844
1.84427
1.84249
1.83907
1.83453
1.82947
1.82457
1.82045
1.81763
1.81642
1.81689
1.81884
1.82195
1.82582
1.83009
1.8345
1.83892
1.84331
1.8477
1.85213
1.85661
1.86109
1.86548
1.86963
1.87336
1.87649
1.87888
1.88039
1.88096
1.88057
1.87929
1.87729
1.87476
1.87199
1.86924
1.86672
1.86451
1.8626
1.86084
1.85903
1.85704
1.85479
1.85237
1.85
1.84794
1.84642
1.84551
1.84509
1.84498
1.84502
1.84517
1.84556
1.84637
1.84775
1.84972
1.85209
1.85457
1.85681
1.85853
1.85952
1.85972
1.8592
1.85813
1.85677
1.85545
1.85448
1.85413
1.85457
1.8558
1.85771
1.86008
1.86265
1.86515
1.86734
1.86905
1.87017
1.87067
1.87063
1.8702
1.86962
1.86917
1.86913
1.86972
1.87101
1.87294
1.87535
1.87798
1.88059
1.88297
1.88496
1.8864
1.88716
1.88706
1.88581
1.88302
1.8781
1.87029
1.85877
1.84314
1.82433
1.8056
1.79208
1.78768
1.79173
1.79983
1.80834
1.81707
1.82799
1.84222
1.85854
1.87447
1.8879
1.89793
1.90464
1.90863
1.91058
1.91113
1.91074
1.90972
1.90825
1.90643
1.90426
1.90173
1.89879
1.89542
1.8916
1.88732
1.88256
1.87726
1.87137
1.86478
1.85746
1.84941
1.84076
1.83179
1.82294
1.81474
1.80779
1.80262
1.79964
1.79905
1.80081
1.80465
1.81008
1.81649
1.82322
1.82968
1.83541
1.84008
1.84355
1.84578
1.84686
1.84693
1.84619
1.84483
1.84306
1.84105
1.8389
1.83669
1.83446
1.83218
1.82983
1.82738
1.82477
1.82199
1.81902
1.81585
1.8125
1.809
1.80539
1.80174
1.7981
1.79451
1.79101
1.78759
1.78426
1.78101
1.77789
1.77498
1.77245
1.77049
1.76926
1.76884
1.7692
1.77016
1.77146
1.77282
1.77399
1.77477
1.77508
1.77485
1.77409
1.77282
1.7711
1.76898
1.7665
1.76373
1.76075
1.75763
1.75446
1.75132
1.74831
1.7455
1.7429
1.74053
1.73832
1.73622
1.73414
1.73203
1.72989
1.72775
1.72571
1.72388
1.72238
1.72128
1.72063
1.72044
1.72075
1.72164
1.72324
1.72568
1.72899
1.73307
1.73767
1.74246
1.74711
1.75135
1.75503
1.7581
1.76058
1.76253
1.76406
1.76524
1.76616
1.76689
1.76748
1.76798
1.76842
1.76882
1.7692
1.76956
1.76989
1.77015
1.77029
1.77026
1.76994
1.76925
1.76806
1.76627
1.76376
1.76045
1.7563
1.75131
1.74558
1.73932
1.73284
1.72658
1.72106
1.71683
1.71434
1.7139
1.71555
1.71912
1.72424
1.7304
1.73713
1.74398
1.75062
1.75679
1.76233
1.76709
1.77097
1.77389
1.7758
1.7767
1.77671
1.77605
1.77509
1.77424
1.7739
1.77432
1.77549
1.77716
1.77892
1.78032
1.78099
1.78071
1.7794
1.77716
1.77424
1.77099
1.76783
1.76522
1.76349
1.76281
1.76307
1.76399
1.76511
1.76598
1.76624
1.76569
1.76437
1.76248
1.76039
1.75854
1.75732
1.757
1.75766
1.75919
1.76136
1.76388
1.76648
1.76898
1.77127
1.7732
1.77454
1.77486
1.77351
1.76972
1.76283
1.75278
1.74068
1.72915
1.7217
1.72102
1.72724
1.73797
1.74994
1.76063
1.76873
1.77388
1.77619
1.77594
1.77341
1.76888
1.76266
1.75512
1.74675
1.73821
1.73025
1.7236
1.71885
1.71631
1.716
1.71761
1.72067
1.72465
1.72905
1.73344
1.73755
1.74117
1.74421
1.74665
1.74849
1.74978
1.75055
1.75087
1.75079
1.75037
1.74965
1.74869
1.74753
1.74621
1.74475
1.74319
1.74156
1.73987
1.73816
1.73644
1.73473
1.73308
1.73152
1.73008
1.72881
1.72775
1.72694
1.72638
1.7261
1.72609
1.72633
1.72678
1.72742
1.7282
1.72911
1.73012
1.73122
1.7324
1.73364
1.73493
1.73622
1.73749
1.73866
1.73968
1.74048
1.741
1.74123
1.74121
1.74103
1.74088
1.74098
1.74162
1.74301
1.74529
1.74844
1.75231
1.75662
1.76108
1.76539
1.76929
1.77258
1.77511
1.77675
1.7774
1.777
1.77553
1.77304
1.76969
1.76577
1.76165
1.75775
1.75448
1.75217
1.75101
1.75101
1.75201
1.75368
1.75569
1.75783
1.76011
1.76275
1.76597
1.7699
1.77445
1.77936
1.78426
1.78881
1.79272
1.79582
1.79805
1.7994
1.79993
1.79974
1.79897
1.79778
1.79638
1.79494
1.79366
1.79271
1.79223
1.79232
1.79302
1.79432
1.79617
1.79846
1.80108
1.80387
1.80668
1.80938
1.81184
1.81397
1.81569
1.81698
1.81781
1.8182
1.81815
1.8177
1.81688
1.81572
1.81427
1.81257
1.81068
1.80864
1.80654
1.80444
1.80242
1.80055
1.7989
1.79752
1.79645
1.79569
1.79524
1.79508
1.79517
1.79545
1.79589
1.79645
1.79707
1.79774
1.79843
1.79913
1.7998
1.80044
1.80101
1.80147
1.80178
1.80189
1.80171
1.80118
1.80023
1.7988
1.79687
1.79448
1.79171
1.78873
1.78575
1.783
1.78068
1.77891
1.77767
1.77685
1.77623
1.77551
1.77437
1.77246
1.76946
1.7651
1.75932
1.75239
1.74499
1.73819
1.73311
1.73043
1.73004
1.73116
1.73286
1.73457
1.73629
1.73844
1.74152
1.74586
1.7514
1.75773
1.76427
1.77047
1.77588
1.78026
1.78352
1.78572
1.78698
1.78746
1.78731
1.78669
1.78572
1.7845
1.78312
1.78164
1.78009
1.77849
1.77686
1.77517
1.7734
1.77151
1.76945
1.76715
1.76454
1.76157
1.75817
1.75434
1.75008
1.74548
1.74068
1.73588
1.73132
1.72723
1.72379
1.72107
1.71905
1.71762
1.71662
1.71588
1.71527
1.71471
1.71418
1.71374
1.71347
1.71351
1.71399
1.71507
1.71684
1.71935
1.72256
1.72631
1.73032
1.73428
1.73785
1.74073
1.74272
1.7437
1.7437
1.74287
1.74153
1.7401
1.73907
1.73889
1.73986
1.74203
1.74522
1.74908
1.75318
1.75717
1.76073
1.76369
1.76592
1.76739
1.76805
1.76794
1.76704
1.7654
1.76304
1.75999
1.75633
1.75215
1.74759
1.74289
1.73836
1.73438
1.73136
1.72963
1.72933
1.73033
1.73226
1.73459
1.73683
1.73858
1.7397
1.74026
1.7405
1.74079
1.74147
1.74274
1.74466
1.74711
1.74985
1.7526
1.75509
1.75707
1.75838
1.75888
1.75853
1.75736
1.75554
1.75334
1.75114
1.74935
1.7483
1.74812
1.74871
1.74977
1.75089
1.75174
1.75206
1.7518
1.75103
1.74996
1.74883
1.74792
1.74744
1.74752
1.7482
1.74941
1.75098
1.75269
1.75429
1.75555
1.75625
1.75628
1.75555
1.75409
1.75202
1.74954
1.74692
1.74449
1.74254
1.74134
1.74099
1.74149
1.74271
1.74445
1.74646
1.74853
1.75047
1.75216
1.75352
1.75454
1.75525
1.75572
1.75604
1.75632
1.75663
1.757
1.75743
1.75785
1.75818
1.75829
1.75805
1.75736
1.7561
1.75416
1.75148
1.74799
1.7437
1.7387
1.7332
1.72752
1.72218
1.71776
1.71488
1.71402
1.71544
1.71908
1.72458
1.73139
1.73889
1.74651
1.75378
1.76042
1.76629
1.77133
1.7756
1.77916
1.78211
1.78455
1.78656
1.78822
1.78959
1.79074
1.79168
1.79245
1.7931
1.79364
1.79414
1.79467
1.79529
1.79607
1.79707
1.79828
1.79963
1.80097
1.80212
1.80284
1.8029
1.80206
1.80015
1.79699
1.79247
1.78648
1.77892
1.76975
1.75912
1.74751
1.73593
1.72601
1.71952
1.7177
1.7205
1.72668
1.73448
1.74244
1.74975
1.75618
1.76182
1.76694
1.77179
1.77661
1.78151
1.78646
1.79135
1.79597
1.80016
1.80381
1.80696
1.80974
1.8123
1.81474
1.81706
1.81913
1.82075
1.82175
1.82197
1.82135
1.81991
1.8177
1.81479
1.81128
1.80725
1.80281
1.79814
1.7935
1.78931
1.7861
1.78443
1.78469
1.78693
1.79082
1.79575
1.80114
1.8065
1.81161
1.81639
1.82081
1.82491
1.82864
1.83194
1.83471
1.83678
1.838
1.83812
1.83687
1.83389
1.82871
1.82084
1.80984
1.79558
1.77872
1.76129
1.74676
1.73908
1.74058
1.75044
1.76542
1.78188
1.79729
1.81046
1.82112
1.82945
1.83575
1.84034
1.8435
1.84545
1.8464
1.84651
1.84595
1.84485
1.84334
1.84152
1.83951
1.83737
1.83519
1.83306
1.83105
1.82926
1.82776
1.82662
1.82587
1.82549
1.82544
1.82561
1.8259
1.82623
1.82654
1.82681
1.82707
1.82736
1.82774
1.82827
1.82896
1.82981
1.83079
1.83183
1.83287
1.83381
1.8346
1.83515
1.83543
1.83538
1.83496
1.83414
1.83287
1.8311
1.82881
1.82597
1.82259
1.81874
1.81459
1.81037
1.80642
1.80305
1.80054
1.79899
1.7983
1.79824
1.79847
1.79862
1.79844
1.79775
1.79653
1.79489
1.79308
1.79143
1.79033
1.79007
1.79085
1.7927
1.79551
1.79907
1.80312
1.80743
1.81175
1.81591
1.81976
1.82316
1.82602
1.82825
1.82978
1.83056
1.83052
1.82965
1.82792
1.82537
1.82206
1.81813
1.8138
1.80933
1.80505
1.80128
1.79826
1.79618
1.7951
1.795
1.7958
1.79734
1.79938
1.80162
1.80372
1.80537
1.80645
1.80699
1.80727
1.80768
1.80868
1.81067
1.81389
1.81841
1.82409
1.83064
1.83765
1.84469
1.85136
1.85734
1.8624
1.86639
1.86921
1.8708
1.8711
1.87008
1.86777
1.86436
1.86023
1.85607
1.85276
1.85116
1.85174
1.85442
1.85851
1.86304
1.8671
1.87005
1.87162
1.8718
1.87075
1.86874
1.866
1.86271
1.85891
1.85454
1.84946
1.84359
1.83707
1.8304
1.82446
1.82027
1.81839
1.81857
1.81968
1.82025
1.81914
1.81606
1.81172
1.8077
1.80589
1.80778
1.81379
1.82314
1.83433
1.84583
1.85653
1.86583
1.87349
1.87954
1.88409
1.88726
1.88923
1.89012
1.89007
1.88922
1.8877
1.88562
1.88309
1.88021
1.87709
1.87382
1.87047
1.86713
1.86386
1.86071
1.85773
1.85495
1.85236
1.84998
1.84779
1.84578
1.84392
1.84219
1.84057
1.83903
1.83755
1.8361
1.83466
1.83322
1.83177
1.83032
1.82886
1.82744
1.82607
1.82479
1.82364
1.82265
1.82182
1.82114
1.82056
1.81999
1.81928
1.81825
1.8167
1.81446
1.81139
1.80751
1.803
1.79827
1.79397
1.79084
1.78946
1.79009
1.7925
1.7961
1.80016
1.80403
1.80727
1.80963
1.81106
1.81159
1.81127
1.8102
1.80845
1.80611
1.80326
1.8
1.79647
1.79284
1.78928
1.78601
1.78324
1.78112
1.77979
1.77931
1.77966
1.78078
1.78255
1.7848
1.78736
1.79004
1.79267
1.79506
1.7971
1.79868
1.79974
1.80029
1.80036
1.80006
1.7995
1.79884
1.79823
1.79778
1.79758
1.79768
1.79806
1.79868
1.79949
1.80043
1.80145
1.80255
1.80373
1.805
1.80633
1.80771
1.80907
1.81031
1.8113
1.81192
1.81204
1.81158
1.81056
1.80909
1.80741
1.80586
1.80481
1.80455
1.80523
1.80679
1.80899
1.81153
1.81415
1.81663
1.81884
1.82068
1.82209
1.82299
1.82324
1.82271
1.82125
1.81876
1.8152
1.81068
1.80542
1.79978
1.79421
1.78916
1.78497
1.78186
1.77992
1.7792
1.77983
1.78198
1.78587
1.79161
1.79901
1.80755
1.81647
1.82492
1.8322
1.83786
1.8418
1.84415
1.84526
1.84556
1.84542
1.84515
1.84487
1.84458
1.84421
1.84362
1.84271
1.84142
1.83971
1.83759
1.83505
1.83208
1.82867
1.82476
1.82033
1.8154
1.81008
1.80468
1.79968
1.7957
1.79338
1.79317
1.79515
1.79901
1.80411
1.8097
1.81509
1.81978
1.82354
1.8263
1.82821
1.82948
1.8304
1.83125
1.83226
1.83358
1.83523
1.83716
1.83923
1.84128
1.84314
1.84464
1.84568
1.84615
1.84599
1.84513
1.84346
1.84087
1.83721
1.83228
1.82597
1.81834
1.8098
1.80133
1.79433
1.7903
1.79006
1.79331
1.79882
1.80504
1.81078
1.81544
1.81892
1.82147
1.82341
1.82506
1.82662
1.82819
1.82975
1.83118
1.83231
1.83291
1.83278
1.83173
1.82962
1.82641
1.8222
1.81725
1.81202
1.80707
1.80294
1.80003
1.79847
1.79812
1.79871
1.79994
1.80161
1.8036
1.80585
1.8083
1.81087
1.81343
1.81583
1.81787
1.81935
1.82005
1.81979
1.81846
1.81607
1.81273
1.80868
1.80413
1.79925
1.79406
1.78855
1.7828
1.77703
1.77163
1.76709
1.76396
1.76287
1.76439
1.76881
1.77578
1.78416
1.79226
1.79834
1.80107
1.79976
1.79459
1.78668
1.77806
1.77115
1.76794
1.76905
1.77377
1.78076
1.78879
1.79713
1.80538
1.81324
1.82041
1.82652
1.83121
1.8342
1.83527
1.83434
1.83151
1.82707
1.82162
1.81601
1.81113
1.80761
1.80548
1.80415
1.80265
1.80007
1.79586
1.79002
1.78305
1.7758
1.76923
1.76418
1.76118
1.76044
1.76194
1.76547
1.7707
1.77718
1.78436
1.79167
1.79862
1.80483
1.81008
1.81429
1.81746
1.81968
1.82105
1.8217
1.82177
1.82136
1.82061
1.81959
1.81842
1.81716
1.81588
1.81463
1.81347
1.81241
1.81147
1.81065
1.80996
1.8094
1.80899
1.80874
1.80868
1.80885
1.80927
1.80997
1.81093
1.81211
1.81344
1.81484
1.81622
1.81748
1.81851
1.81925
1.8196
1.81949
1.81885
1.81759
1.81565
1.81294
1.8094
1.80502
1.79982
1.79396
1.78772
1.78156
1.77606
1.77185
1.76949
1.76926
1.77117
1.77487
1.77985
1.78549
1.7912
1.79649
1.80102
1.80454
1.80696
1.80827
1.80857
1.80802
1.80679
1.80505
1.80289
1.80035
1.79739
1.79402
1.79031
1.78654
1.78315
1.78066
1.77945
1.7796
1.78085
1.78271
1.78467
1.78632
1.78748
1.78812
1.78832
1.78822
1.78796
1.78765
1.78736
1.78713
1.78699
1.78693
1.78696
1.78706
1.78723
1.78747
1.78778
1.78817
1.78865
1.78923
1.7899
1.79067
1.79154
1.7925
1.79355
1.79467
1.79586
1.79709
1.79837
1.79967
1.80098
1.80229
1.80357
1.80479
1.80594
1.80696
1.80782
1.80843
1.80872
1.80858
1.80786
1.80641
1.80403
1.80056
1.79591
1.79012
1.78349
1.77662
1.77035
1.76555
1.7628
1.76218
1.76333
1.7657
1.76888
1.77265
1.77687
1.78137
1.78584
1.78997
1.79355
1.79653
1.79903
1.80124
1.80331
1.8053
1.80722
1.80906
1.81078
1.81237
1.81379
1.81497
1.81579
1.81617
1.81605
1.81545
1.81454
1.81359
1.81296
1.81302
1.81401
1.81597
1.81864
1.82158
1.82419
1.82596
1.8265
1.82567
1.82356
1.82049
1.81689
1.81323
1.80996
1.80738
1.8056
1.80454
1.80394
1.80345
1.80272
1.80151
1.79975
1.79757
1.79527
1.79323
1.7918
1.79121
1.79151
1.79261
1.79431
1.79642
1.79874
1.80117
1.80359
1.80597
1.80821
1.81025
1.81201
1.81342
1.81441
1.81497
1.81509
1.81479
1.8141
1.81306
1.81174
1.81015
1.80836
1.80639
1.80426
1.80201
1.79965
1.7972
1.79468
1.79212
1.78954
1.78699
1.78449
1.7821
1.77985
1.77778
1.77594
1.77434
1.77301
1.77195
1.77116
1.77064
1.77036
1.7703
1.77043
1.77072
1.77113
1.7716
1.77207
1.77248
1.77275
1.77277
1.77246
1.77169
1.77036
1.76836
1.76565
1.76224
1.75826
1.75397
1.74981
1.74627
1.74387
1.74294
1.74357
1.74561
1.74868
1.75238
1.7563
1.76019
1.76389
1.76733
1.77054
1.77356
1.77643
1.77917
1.78175
1.78409
1.78611
1.78768
1.78867
1.78897
1.78851
1.7873
1.78544
1.78316
1.78079
1.77873
1.77735
1.77686
1.77725
1.77832
1.77969
1.78096
1.78183
1.78211
1.7818
1.78104
1.78006
1.77915
1.77857
1.77851
1.77904
1.78014
1.78168
1.78354
1.78556
1.78765
1.7897
1.79167
1.79351
1.79516
1.79659
1.79779
1.79876
1.79955
1.80021
1.80081
1.80141
1.80206
1.80276
1.80352
1.80429
1.80499
1.80555
1.80585
1.80577
1.8052
1.80404
1.80221
1.79968
1.79651
1.7928
1.78879
1.78476
1.78103
1.77795
1.77579
1.77479
1.77514
1.77698
1.78039
1.78531
1.79147
1.79845
1.80571
1.81276
1.81921
1.82479
1.82938
1.83292
1.8354
1.83682
1.83717
1.8364
1.83442
1.83113
1.82643
1.8202
1.81241
1.80312
1.79256
1.78116
1.76958
1.75861
1.74907
1.7416
1.73654
1.73381
1.73303
1.73359
1.73482
1.73605
1.73683
1.73706
1.73729
1.73858
1.7421
1.74842
1.75716
1.76715
1.77708
1.78597
1.79332
1.79905
1.8033
1.8063
1.80829
1.80946
1.80999
1.81001
1.80963
1.80894
1.80798
1.80677
1.80534
1.80367
1.80173
1.79949
1.79691
1.79397
1.79067
1.787
1.783
1.77871
1.77422
1.76961
1.76505
1.76082
1.75733
1.75507
1.75452
1.75593
1.75917
1.76377
1.76903
1.77427
1.77894
1.78274
1.78551
1.78724
1.78799
1.78786
1.78696
1.78541
1.78336
1.78095
1.77839
1.77587
1.77359
1.77172
1.77038
1.76963
1.76946
1.76983
1.77067
1.77195
1.7736
1.77559
1.77789
1.78044
1.78315
1.78594
1.78868
1.79129
1.79366
1.79574
1.79746
1.79882
1.7998
1.80042
1.80069
1.80068
1.80049
1.80028
1.80028
1.80074
1.80191
1.80392
1.80677
1.81026
1.81412
1.81799
1.8216
1.8247
1.82719
1.82903
1.83025
1.83092
1.8311
1.83086
1.83019
1.82905
1.82728
1.82466
1.82081
1.81529
1.80763
1.79753
1.78524
1.77193
1.75991
1.75197
1.75002
1.7538
1.76115
1.76945
1.77682
1.78248
1.78647
1.78918
1.79106
1.79246
1.79363
1.79467
1.79562
1.79643
1.79706
1.79743
1.79743
1.79696
1.79591
1.79419
1.7917
1.78843
1.78442
1.77982
1.77491
1.77006
1.76569
1.76221
1.75992
1.75898
1.75935
1.7609
1.76339
1.76656
1.77017
1.774
1.77787
1.78162
1.78513
1.78832
1.79113
1.79352
1.79548
1.79702
1.79816
1.79893
1.79936
1.79949
1.79934
1.79896
1.79836
1.79759
1.79667
1.79564
1.79453
1.79338
1.79224
1.79116
1.79018
1.78936
1.78873
1.78831
1.78813
1.78819
1.78848
1.78899
1.7897
1.7906
1.79166
1.79288
1.79423
1.79566
1.79712
1.79854
1.7998
1.8008
1.80142
1.80155
1.80112
1.8001
1.79851
1.79646
1.79406
1.79146
1.78874
1.78589
1.78281
1.77935
1.77534
1.77067
1.76539
1.75969
1.75389
1.74846
1.74389
1.74065
1.73909
1.7394
1.74154
1.74528
1.7503
1.75626
1.76283
1.76968
1.7765
1.78294
1.78872
1.79361
1.7975
1.8004
1.80238
1.8036
1.80422
1.80442
1.80437
1.80422
1.80407
1.80398
1.80397
1.80398
1.80393
1.80375
1.80338
1.80282
1.80212
1.80137
1.80067
1.8001
1.79968
1.79937
1.79904
1.79849
1.79752
1.79586
1.79333
1.78976
1.78518
1.77981
1.77415
1.76896
1.7651
1.76324
1.76359
1.76587
1.76939
1.77343
1.7774
1.781
1.78412
1.78681
1.78913
1.79117
1.79296
1.79451
1.79583
1.79689
1.79772
1.79831
1.79869
1.79889
1.79896
1.79893
1.79884
1.79873
1.79862
1.79853
1.79849
1.7985
1.79855
1.79864
1.79874
1.79883
1.79886
1.79879
1.79856
1.79811
1.79741
1.79639
1.79506
1.7934
1.79144
1.78925
1.78692
1.78453
1.78217
1.77992
1.77781
1.7759
1.77425
1.77299
1.77227
1.77227
1.77313
1.77483
1.77723
1.78004
1.78291
1.78552
1.78761
1.78902
1.78971
1.78969
1.78904
1.78788
1.78645
1.7851
1.78435
1.7848
1.787
1.79119
1.79719
1.80444
1.81217
1.81963
1.82627
1.83177
1.83602
1.83908
1.8411
1.84226
1.84275
1.84274
1.84237
1.84169
1.84073
1.83945
1.83779
1.83566
1.83299
1.82972
1.82588
1.8216
1.81713
1.8129
1.80938
1.80707
1.80635
1.80738
1.81005
1.81407
1.819
1.82436
1.82969
1.83461
1.83882
1.84208
1.84422
1.8451
1.84466
1.84286
1.83977
1.83557
1.83057
1.82521
1.82003
1.81554
1.81217
1.81012
1.80943
1.80991
1.81132
1.81334
1.81565
1.81793
1.81991
1.82131
1.82197
1.82176
1.82068
1.81885
1.81651
1.814
1.81171
1.81
1.80911
1.80913
1.80999
1.81156
1.81365
1.8161
1.81877
1.82154
1.82425
1.82675
1.82891
1.83065
1.83199
1.83306
1.83409
1.83536
1.83706
1.83925
1.8418
1.84441
1.84664
1.84799
1.84785
1.84556
1.8403
1.83122
1.81767
1.80006
1.78098
1.7657
1.76004
1.76606
1.78018
1.79629
1.80976
1.81882
1.82365
1.82528
1.82489
1.82354
1.8221
1.82119
1.82122
1.82233
1.82448
1.82748
1.8311
1.83503
1.83896
1.84252
1.8454
1.84737
1.84841
1.84879
1.84897
1.84958
1.85111
1.85377
1.85744
1.86166
1.86593
1.86977
1.87288
1.87512
1.87648
1.87703
1.87689
1.87616
1.87496
1.87338
1.87149
1.86932
1.86689
1.86424
1.86138
1.85834
1.85516
1.85185
1.84843
1.84486
1.84111
1.83714
1.83292
1.82849
1.82393
1.81939
1.81511
1.81137
1.80854
1.80703
1.80723
1.80943
1.81375
1.82006
1.82792
1.83666
1.84552
1.85381
1.86103
1.86692
1.87142
1.87467
1.87683
1.87815
1.87881
1.87898
1.87877
1.87823
1.8774
1.87626
1.8748
1.873
1.87083
1.86829
1.86539
1.86215
1.85862
1.8549
1.85109
1.84733
1.84379
1.84062
1.83798
1.83599
1.83471
1.83417
1.83436
1.83521
1.83666
1.83864
1.84104
1.8438
1.84683
1.85003
1.85329
1.85652
1.85961
1.86246
1.86499
1.86713
1.86882
1.87001
1.87068
1.87082
1.87043
1.86959
1.86836
1.86688
1.86532
1.86383
1.86259
1.8617
1.86123
1.86118
1.86152
1.86213
1.86288
1.86357
1.86402
1.86407
1.8637
1.86304
1.8624
1.86217
1.8627
1.86416
1.86647
1.86931
1.87221
1.87467
1.8763
1.8768
1.87608
1.87414
1.87113
1.86724
1.86269
1.85774
1.85263
1.84757
1.84279
1.83839
1.83438
1.83066
1.82697
1.82305
1.81869
1.8139
1.8091
1.80513
1.80319
1.80439
1.80919
1.81707
1.82665
1.83629
1.84462
1.85081
1.85448
1.85551
1.85392
1.84969
1.84288
1.83376
1.82315
1.81263
1.80438
1.80044
1.8017
1.80736
1.81551
1.82405
1.83142
1.83672
1.83963
1.8402
1.83874
1.83575
1.83183
1.8276
1.8235
1.81978
1.81642
1.81321
1.80989
1.80621
1.80198
1.79703
1.79117
1.78413
1.77565
1.76566
1.75464
1.74389
1.73538
1.73095
1.73131
1.73563
1.74218
1.74937
1.75618
1.76218
1.76721
1.7712
1.77414
1.77607
1.77708
1.77737
1.77713
1.77656
1.77585
1.77512
1.77441
1.77377
1.77319
1.77264
1.77211
1.77159
1.77108
1.77058
1.77009
1.76962
1.76918
1.76877
1.76838
1.76799
1.76758
1.76712
1.76658
1.76591
1.76508
1.76403
1.76273
1.76117
1.75934
1.75729
1.75509
1.75286
1.7508
1.74909
1.74796
1.74758
1.74806
1.7494
1.75149
1.75412
1.757
1.75983
1.76227
1.76405
1.76492
1.76471
1.76339
1.76105
1.75796
1.75452
1.75123
1.74861
1.74712
1.74706
1.74857
1.75153
1.75553
1.75994
1.76413
1.7676
1.77009
1.77165
1.77251
1.77299
1.77336
1.77381
1.77436
1.77496
1.7755
1.77586
1.77599
1.77589
1.77561
1.77527
1.775
1.77497
1.77533
1.77617
1.77752
1.77931
1.78144
1.78376
1.78612
1.78839
1.79045
1.79224
1.79371
1.79482
1.79555
1.79588
1.79582
1.79534
1.79443
1.7931
1.79134
1.78919
1.7867
1.784
1.78125
1.77868
1.77652
1.77502
1.77434
1.77454
1.77557
1.77726
1.77938
1.7817
1.78401
1.78616
1.78805
1.78965
1.79096
1.79203
1.79288
1.79353
1.79401
1.79431
1.79439
1.79421
1.79371
1.79282
1.79144
1.78947
1.78682
1.78345
1.77942
1.77493
1.77036
1.76623
1.76311
1.76141
1.76129
1.7626
1.76499
1.76805
1.7714
1.77478
1.77799
1.78093
1.78349
1.78559
1.78716
1.78813
1.78844
1.78809
1.78707
1.78547
1.78341
1.7811
1.77879
1.77677
1.77532
1.77463
1.77478
1.77569
1.77716
1.77894
1.78077
1.78244
1.78387
1.78502
1.78594
1.78669
1.78729
1.78771
1.78787
1.78759
1.78675
1.78523
1.78303
1.78029
1.77722
1.7741
1.77114
1.76838
1.7657
1.76286
1.75968
1.75614
1.75257
1.74954
1.74777
1.74787
1.75005
1.75412
1.75952
1.7656
1.77177
1.77761
1.78287
1.78744
1.79126
1.79429
1.7965
1.79786
1.79836
1.79798
1.79678
1.79484
1.79231
1.78939
1.78629
1.78324
1.7804
1.7779
1.77576
1.77396
1.77245
1.77119
1.7702
1.7695
1.76917
1.76927
1.76983
1.7708
1.77206
1.77346
1.77482
1.77598
1.77688
1.77757
1.77816
1.77884
1.77976
1.78099
1.78248
1.78403
1.78541
1.78636
1.78668
1.78625
1.78506
1.78319
1.78079
1.7781
1.77538
1.77291
1.77095
1.76971
1.76931
1.76977
1.77099
1.77282
1.77504
1.7774
1.77966
1.78161
1.78308
1.78396
1.78421
1.78389
1.78317
1.78231
1.78166
1.78154
1.78221
1.78377
1.78612
1.78904
1.79222
1.79535
1.79822
1.80066
1.8026
1.80406
1.80506
1.80566
1.80592
1.80591
1.8057
1.80533
1.80486
1.80433
1.80379
1.80327
1.80281
1.80244
1.80217
1.80203
1.80202
1.80215
1.80241
1.80279
1.80326
1.8038
1.80434
1.80484
1.80521
1.80538
1.80526
1.80479
1.80397
1.80286
1.80156
1.80026
1.79918
1.79851
1.79838
1.79884
1.79983
1.80121
1.80283
1.80455
1.80627
1.80792
1.80946
1.81087
1.81211
1.81311
1.81384
1.81424
1.81428
1.81398
1.8134
1.81267
1.81194
1.8114
1.81126
1.81165
1.81264
1.81422
1.81627
1.81861
1.82102
1.82328
1.82524
1.82677
1.8278
1.82834
1.82841
1.82809
1.82744
1.82655
1.82552
1.82441
1.82328
1.82218
1.82115
1.82019
1.81932
1.81856
1.81791
1.8174
1.81705
1.81688
1.81689
1.81709
1.81742
1.81784
1.81824
1.81852
1.81852
1.81806
1.81697
1.81503
1.81205
1.8079
1.80263
1.79655
1.79036
1.78514
1.78211
1.78217
1.78543
1.79123
1.79839
1.80572
1.81235
1.81784
1.82212
1.82532
1.82772
1.82963
1.83136
1.83314
1.83509
1.83721
1.83937
1.84136
1.84294
1.84391
1.84411
1.8435
1.84216
1.84031
1.83825
1.8364
1.83514
1.83481
1.8356
1.83754
1.8405
1.84418
1.84822
1.85221
1.85574
1.85847
1.86013
1.8606
1.85988
1.85806
1.85533
1.8519
1.84799
1.84384
1.83971
1.83586
1.83249
1.82961
1.82703
1.82434
1.82113
1.8171
1.81235
1.80746
1.80344
1.8015
1.80248
1.80643
1.81264
1.82001
1.82757
1.83474
1.84132
1.84733
1.8528
1.85775
1.86212
1.8658
1.86866
1.87061
1.87156
1.87149
1.87042
1.86844
1.86565
1.86223
1.85839
1.85439
1.85049
1.84694
1.84395
1.84162
1.83998
1.83897
1.83847
1.83831
1.83833
1.83838
1.83831
1.83803
1.83748
1.83664
1.83553
1.83421
1.83273
1.83121
1.82973
1.82835
1.8271
1.82595
1.82481
1.82356
1.82202
1.82002
1.81741
1.81406
1.80993
1.8051
1.79975
1.79423
1.78902
1.78458
1.78128
1.7793
1.77856
1.77884
1.77986
1.78142
1.78341
1.78581
1.78858
1.7917
1.7951
1.79865
1.80224
1.80575
1.8091
1.81223
1.8151
1.8177
1.82003
1.82209
1.82389
1.82542
1.82667
1.82762
1.82822
1.82842
1.82816
1.82735
1.82591
1.82375
1.82079
1.81695
1.81221
1.8066
1.80022
1.79325
1.78596
1.77869
1.77181
1.7657
1.7607
1.75715
1.75529
1.75533
1.75734
1.76124
1.76679
1.77352
1.7808
1.78792
1.79412
1.79872
1.80109
1.80072
1.79723
1.79035
1.77999
1.76638
1.75011
1.73236
1.71489
1.70003
1.69044
1.68856
1.69561
1.7108
1.73126
1.75329
1.77377
1.79088
1.80404
1.81343
1.81956
1.82299
1.82426
1.82386
1.82225
1.81989
1.81728
1.81491
1.81322
1.81247
1.81275
1.81393
1.81573
1.81785
1.81998
1.82191
1.82351
1.82473
1.82557
1.82606
1.82624
1.82614
1.82581
1.82524
1.82442
1.82332
1.82186
1.81995
1.81747
1.81432
1.81039
1.80565
1.80016
1.79414
1.78798
1.78231
1.77791
1.77559
1.77603
1.77953
1.78587
1.79434
1.80397
1.81376
1.82291
1.83089
1.83744
1.84249
1.84608
1.84835
1.84946
1.8496
1.84899
1.84789
1.84659
1.84535
1.84435
1.84366
1.84317
1.84263
1.84168
1.83991
1.83697
1.83257
1.82662
1.81925
1.81088
1.80227
1.79444
1.78845
1.78508
1.78454
1.78637
1.78976
1.79382
1.79796
1.80192
1.80573
1.80959
1.81366
1.81803
1.82268
1.82748
1.83225
1.83682
1.84106
1.84489
1.84828
1.8512
1.85369
1.85573
1.85735
1.85854
1.85929
1.85962
1.85952
1.85902
1.85815
1.85699
1.8556
1.85407
1.85245
1.85082
1.84919
1.84754
1.84585
1.84405
1.84208
1.83986
1.83733
1.83443
1.83112
1.82738
1.82327
1.81892
1.81456
1.81054
1.80722
1.80493
1.8038
1.80375
1.80437
1.80503
1.80507
1.80409
1.80227
1.80056
1.80046
1.80331
1.80946
1.81797
1.82715
1.83535
1.84153
1.84538
1.84709
1.84719
1.84628
1.84499
1.84381
1.8431
1.843
1.84345
1.84424
1.8451
1.84573
1.8459
1.84546
1.84438
1.84273
1.8407
1.83854
1.83656
1.83506
1.8343
1.83439
1.83531
1.83692
1.83897
1.8412
1.84333
1.84516
1.84654
1.84741
1.84775
1.84758
1.847
1.84612
1.84506
1.84399
1.84302
1.84229
1.84185
1.84174
1.84191
1.8423
1.84282
1.84335
1.84378
1.84401
1.84395
1.84355
1.84282
1.84184
1.84079
1.83993
1.83954
1.83984
1.84089
1.84256
1.84459
1.84669
1.84866
1.85047
1.85214
1.85365
1.85473
1.85484
1.85309
1.84842
1.83985
1.82697
1.81063
1.79365
1.78054
1.77566
1.78057
1.79304
1.80877
1.82384
1.83589
1.84412
1.84873
1.85041
1.84997
1.84827
1.84608
1.84406
1.84274
1.84241
1.84319
1.84495
1.84745
1.85038
1.85346
1.85648
1.85927
1.86173
1.86376
1.86527
1.86614
1.86627
1.86554
1.86386
1.8612
1.85759
1.85319
1.84833
1.84349
1.83925
1.83616
1.83453
1.8344
1.83545
1.83721
1.83917
1.84097
1.8424
1.84347
1.84426
1.84494
1.84566
1.84651
1.84754
1.8487
1.84991
1.85104
1.85198
1.85261
1.85289
1.85282
1.85245
1.85188
1.85119
1.85048
1.84979
1.84918
1.84874
1.84857
1.84882
1.84967
1.85119
1.85342
1.85626
1.8595
1.86292
1.86624
1.86924
1.87171
1.87351
1.87452
1.87467
1.87391
1.87224
1.8697
1.86643
1.8626
1.85853
1.85458
1.85114
1.84859
1.84721
1.8471
1.84822
1.85032
1.85308
1.85611
1.859
1.86143
1.86313
1.86391
1.86368
1.86242
1.86018
1.8571
1.85339
1.84937
1.84538
1.84182
1.83906
1.83735
1.83681
1.83739
1.83889
1.84103
1.84351
1.84603
1.84835
1.85029
1.85171
1.85252
1.85269
1.85221
1.8511
1.84941
1.84724
1.84469
1.8419
1.83901
1.83616
1.83348
1.83107
1.829
1.8273
1.82598
1.82503
1.82442
1.82412
1.82407
1.82423
1.82452
1.82487
1.82522
1.82549
1.82564
1.82564
1.82551
1.82528
1.82502
1.8248
1.82473
1.82487
1.82529
1.82599
1.82694
1.82807
1.82925
1.83035
1.8312
1.83167
1.83161
1.83092
1.82949
1.82723
1.82405
1.81985
1.81453
1.808
1.80022
1.79129
1.78154
1.77169
1.76294
1.75676
1.7545
1.75673
1.76289
1.77155
1.78102
1.78996
1.79758
1.8036
1.80806
1.81117
1.81313
1.81415
1.81434
1.81376
1.81244
1.81035
1.80743
1.80366
1.79904
1.79367
1.78774
1.78164
1.77591
1.77121
1.76818
1.76727
1.76859
1.77186
1.77651
1.78186
1.78729
1.79234
1.79674
1.80039
1.80329
1.8055
1.8071
1.80816
1.80874
1.80889
1.80862
1.8079
1.80673
1.80506
1.80288
1.80019
1.79707
1.79366
1.79019
1.78699
1.78441
1.78275
1.78222
1.78282
1.78433
1.78633
1.78823
1.7894
1.78925
1.78746
1.78416
1.78006
1.7764
1.77446
1.77498
1.7777
1.78163
1.78565
1.78903
1.79161
1.79363
1.79553
1.79768
1.80035
1.8036
1.80736
1.81143
1.81555
1.81943
1.82283
1.82556
1.82751
1.8286
1.82883
1.82818
1.82667
1.82431
1.82109
1.81701
1.81208
1.80639
1.80009
1.79352
1.78716
1.78168
1.77782
1.77622
1.7772
1.78068
1.78617
1.79293
1.80017
1.80716
1.81337
1.81841
1.82207
1.82426
1.825
1.8244
1.82267
1.82008
1.81699
1.81375
1.81071
1.80813
1.80614
1.80477
1.80393
1.80346
1.80317
1.80293
1.80263
1.80224
1.80177
1.80126
1.80074
1.80022
1.79964
1.79898
1.79819
1.79728
1.79627
1.79524
1.79428
1.7934
1.79261
1.79183
1.79097
1.78999
1.78888
1.78773
1.78667
1.7859
1.78558
1.78582
1.78665
1.788
1.78973
1.79161
1.7934
1.79489
1.7959
1.79634
1.79621
1.79562
1.79473
1.79377
1.79293
1.79238
1.79218
1.79233
1.79274
1.79331
1.79391
1.79445
1.79486
1.7951
1.79514
1.79497
1.79454
1.79382
1.79276
1.79128
1.78935
1.78697
1.78418
1.78114
1.77808
1.77529
1.77313
1.77191
1.77185
1.77304
1.77544
1.77886
1.78303
1.78766
1.79245
1.79714
1.80153
1.80546
1.80883
1.81153
1.81349
1.81459
1.81474
1.81385
1.81189
1.80889
1.80507
1.8008
1.79656
1.79287
1.79014
1.78851
1.78793
1.78818
1.78903
1.79031
1.79189
1.79375
1.79591
1.79844
1.80143
1.80485
1.80856
1.81232
1.81582
1.81878
1.82102
1.82249
1.82324
1.82337
1.82301
1.82231
1.82135
1.82023
1.819
1.81778
1.8167
1.81593
1.8157
1.81622
1.81765
1.82009
1.8235
1.82775
1.83261
1.83784
1.84315
1.84833
1.85314
1.85742
1.86099
1.86371
1.86542
1.86594
1.8651
1.86272
1.85863
1.85276
1.84515
1.8361
1.8262
1.81636
1.80762
1.8009
1.79674
1.79507
1.79545
1.79727
1.80001
1.80333
1.80698
1.81078
1.81453
1.81806
1.82116
1.82363
1.82523
1.8258
1.82532
1.82402
1.82242
1.82113
1.82063
1.82101
1.82189
1.82265
1.82275
1.82196
1.82047
1.81877
1.81752
1.8173
1.81844
1.82097
1.82467
1.82921
1.83423
1.83942
1.84456
1.84943
1.85386
1.85767
1.86071
1.86284
1.86396
1.86402
1.86302
1.86108
1.85844
1.85543
1.85249
1.85006
1.84848
1.84792
1.84832
1.84947
1.85105
1.85278
1.85441
1.85582
1.85691
1.85766
1.85803
1.85798
1.85746
1.85641
1.85475
1.85242
1.84941
1.84576
1.84162
1.83722
1.83293
1.82914
1.82623
1.82445
1.82385
1.82428
1.82547
1.8271
1.82888
1.83062
1.83225
1.83377
1.83526
1.83685
1.83866
1.84079
1.84327
1.8461
1.84919
1.85241
1.8556
1.8586
1.86124
1.86336
1.8648
1.86544
1.86511
1.86366
1.86096
1.8569
1.85146
1.84482
1.83733
1.82964
1.82257
1.81691
1.81327
1.81193
1.81292
1.81606
1.82104
1.82738
1.8344
1.8413
1.84733
1.85194
1.85482
1.85595
1.85554
1.85395
1.85156
1.84868
1.84548
1.84202
1.83832
1.83455
1.83105
1.82833
1.82692
1.82719
1.82921
1.83277
1.83742
1.84266
1.84804
1.85323
1.85803
1.86232
1.86606
1.86924
1.87185
1.87393
1.87549
1.87658
1.87719
1.87737
1.87711
1.87644
1.87538
1.87397
1.87226
1.87034
1.8683
1.86628
1.86439
1.86275
1.86141
1.86041
1.8597
1.85922
1.85891
1.85872
1.85865
1.85877
1.85919
1.86007
1.86158
1.86385
1.86698
1.87097
1.87577
1.88124
1.88718
1.8934
1.89968
1.9058
1.9116
1.91692
1.92162
1.92558
1.92866
1.93073
1.93163
1.93117
1.92914
1.92528
1.91931
1.91093
1.89989
1.88607
1.86969
1.85155
1.83333
1.81772
1.80799
1.80679
1.81457
1.82902
1.84631
1.86295
1.87685
1.88724
1.89421
1.89817
1.89966
1.89914
1.89701
1.89362
1.88925
1.88417
1.87873
1.87333
1.86851
1.86478
1.86255
1.86196
1.86287
1.86495
1.86782
1.87116
1.87476
1.87844
1.88207
1.88545
1.88832
1.89043
1.89153
1.8915
1.89048
1.88886
1.88735
1.88677
1.88777
1.89053
1.89468
1.89945
1.90398
1.90758
1.90982
1.91052
1.90962
1.90719
1.90335
1.89829
1.89233
1.88592
1.87966
1.87416
1.86995
1.8673
1.86618
1.86637
1.86755
1.86942
1.8717
1.87412
1.87639
1.87819
1.87916
1.879
1.87746
1.87438
1.86969
1.86342
1.85567
1.84668
1.83685
1.8269
1.81793
1.81129
1.80811
1.80873
1.81242
1.8178
1.82339
1.82818
1.83168
1.83384
1.83487
1.83505
1.83465
1.83389
1.83291
1.83178
1.83055
1.82923
1.82783
1.82636
1.82482
1.82322
1.82158
1.81988
1.81816
1.8164
1.81462
1.81284
1.81108
1.80936
1.80768
1.80605
1.80442
1.80272
1.80085
1.79865
1.79597
1.79265
1.7886
1.78386
1.77868
1.77358
1.76927
1.7665
1.76574
1.767
1.76979
1.77332
1.77677
1.77951
1.78115
1.78159
1.78086
1.77916
1.77677
1.77403
1.77133
1.76901
1.76733
1.76643
1.76626
1.76665
1.76734
1.76807
1.76863
1.76887
1.76876
1.76833
1.76772
1.76708
1.76661
1.76652
1.76695
1.76798
1.76959
1.77171
1.77419
1.77685
1.77953
1.78212
1.78452
1.78669
1.78862
1.79033
1.79185
1.79322
1.79448
1.79569
1.79686
1.79805
1.79927
1.80055
1.80192
1.80339
1.80498
1.80668
1.80851
1.81043
1.81241
1.81439
1.81628
1.81796
1.8193
1.82016
1.82038
1.81984
1.81847
1.81629
1.81343
1.81016
1.80683
1.80381
1.80136
1.79966
1.79878
1.79876
1.79974
1.80187
1.80525
1.80979
1.81518
1.8209
1.82636
1.83098
1.83431
1.83605
1.83603
1.83423
1.83079
1.826
1.82034
1.81445
1.8091
1.80506
1.80291
1.80296
1.80511
1.80892
1.81377
1.81894
1.82385
1.82808
1.83145
1.83394
1.83569
1.83687
1.83765
1.83817
1.83852
1.83875
1.8389
1.83907
1.83938
1.83998
1.84104
1.84266
1.84485
1.84756
1.85067
1.85404
1.85756
1.86111
1.86454
1.86771
1.87044
1.87257
1.87396
1.87452
1.87422
1.87306
1.87114
1.86857
1.86553
1.86222
1.85888
1.85575
1.85304
1.85096
1.84964
1.84914
1.84947
1.85054
1.85223
1.85436
1.85677
1.85926
1.86168
1.8639
1.86584
1.86743
1.86868
1.86961
1.87028
1.87073
1.87103
1.87118
1.87117
1.87093
1.8704
1.86952
1.8683
1.86687
1.86545
1.86435
1.8639
1.86437
1.86587
1.86832
1.8715
1.87508
1.87876
1.88235
1.88577
1.88905
1.89225
1.89537
1.89834
1.90096
1.90298
1.90416
1.90431
1.90338
1.90148
1.89887
1.89596
1.89325
1.89116
1.88996
1.88968
1.89006
1.89068
1.89103
1.89064
1.8892
1.88662
1.88312
1.87921
1.8756
1.87296
1.87159
1.87139
1.87187
1.87245
1.87274
1.87263
1.87225
1.87183
1.87157
1.87157
1.87179
1.87212
1.87246
1.87275
1.87304
1.87339
1.87387
1.87452
1.87523
1.87586
1.87618
1.87595
1.87499
1.87316
1.87046
1.86695
1.86286
1.85847
1.85416
1.8503
1.84723
1.84519
1.84437
1.84482
1.84652
1.84935
1.85305
1.8573
1.86175
1.86605
1.86992
1.87317
1.87569
1.87741
1.87832
1.87843
1.87774
1.87625
1.87394
1.87077
1.86668
1.86154
1.85516
1.84725
1.83754
1.82595
1.81299
1.80016
1.78994
1.78491
1.78624
1.79279
1.80192
1.81102
1.8185
1.82387
1.82731
1.82925
1.83008
1.83009
1.8294
1.828
1.82576
1.82244
1.81775
1.81129
1.80272
1.79195
1.77961
1.7675
1.7586
1.75589
1.76047
1.7707
1.7833
1.79525
1.80479
1.81139
1.81519
1.81658
1.81595
1.81361
1.80984
1.80497
1.79942
1.79376
1.78873
1.78501
1.78309
1.78304
1.7845
1.78687
1.78948
1.79179
1.7935
1.79448
1.79476
1.79442
1.79359
1.79239
1.79092
1.78929
1.78758
1.78591
1.78435
1.78299
1.7819
1.78111
1.78061
1.78039
1.78041
1.78064
1.78109
1.78176
1.78266
1.78381
1.78517
1.7867
1.78831
1.78991
1.79141
1.79275
1.79386
1.79471
1.79531
1.79567
1.79581
1.79575
1.79553
1.79519
1.79473
1.79417
1.79354
1.79281
1.792
1.79109
1.79007
1.78896
1.78775
1.78647
1.78518
1.78392
1.7828
1.78193
1.78141
1.78136
1.78186
1.78292
1.78452
1.78657
1.78891
1.79136
1.79375
1.79589
1.79766
1.79897
1.79978
1.8001
1.79999
1.79953
1.7988
1.79793
1.79702
1.79615
1.79543
1.79492
1.79468
1.79476
1.79516
1.79588
1.79689
1.79815
1.7996
1.80116
1.80277
1.80435
1.80582
1.8071
1.80813
1.80886
1.80929
1.80946
1.80946
1.80946
1.80963
1.81015
1.81116
1.81271
1.81477
1.81722
1.81992
1.82268
1.82538
1.82792
1.83026
1.8324
1.83435
1.83614
1.8378
1.83931
1.8406
1.84155
1.84197
1.84159
1.84011
1.83716
1.83242
1.82566
1.81689
1.80649
1.79529
1.78438
1.77463
1.7662
1.75836
1.74988
1.74007
1.72994
1.72276
1.72293
1.73282
1.75058
1.77152
1.79135
1.80792
1.82097
1.83112
1.83911
1.84553
1.8507
1.85481
1.85796
1.86022
1.86163
1.86224
1.86211
1.86129
1.85988
1.85798
1.85575
1.85335
1.851
1.84892
1.84732
1.84638
1.84617
1.84666
1.84767
1.84891
1.84998
1.85044
1.84986
1.84782
1.84405
1.83843
1.83114
1.82278
1.81438
1.80733
1.80301
1.80234
1.80547
1.81168
1.8197
1.82819
1.83605
1.84259
1.84752
1.85081
1.85261
1.85314
1.85262
1.85126
1.8492
1.84657
1.84345
1.83994
1.83619
1.83242
1.82898
1.8263
1.82484
1.82493
1.8267
1.82998
1.83432
1.83916
1.8439
1.84803
1.85112
1.85288
1.85308
1.85154
1.84819
1.84317
1.83688
1.83016
1.82421
1.82028
1.81919
1.8209
1.82457
1.82895
1.83289
1.83564
1.83689
1.83665
1.83515
1.8327
1.82968
1.82643
1.82326
1.82044
1.81813
1.81644
1.81537
1.81486
1.8148
1.81501
1.81534
1.81562
1.81571
1.81552
1.815
1.81411
1.81283
1.81113
1.80895
1.80627
1.80317
1.79996
1.79725
1.79585
1.79651
1.79951
1.8044
1.81008
1.81524
1.81878
1.8201
1.81919
1.81655
1.81303
1.80959
1.80701
1.80561
1.80526
1.80553
1.80597
1.80634
1.80666
1.80719
1.80826
1.81011
1.81276
1.81597
1.81937
1.82254
1.8252
1.82716
1.82839
1.82893
1.82889
1.82843
1.82779
1.82725
1.82711
1.82763
1.82899
1.83119
1.83407
1.83735
1.84063
1.84353
1.8457
1.84687
1.8469
1.84578
1.84363
1.84076
1.83759
1.8346
1.83227
1.83096
1.83082
1.83178
1.8336
1.83594
1.83844
1.84079
1.84277
1.84426
1.84526
1.84586
1.84621
1.8465
1.84689
1.84752
1.84844
1.84962
1.85096
1.85235
1.85365
1.85478
1.8557
1.85643
1.85699
1.85742
1.85774
1.85795
1.85802
1.85789
1.85752
1.85688
1.85594
1.85472
1.85323
1.85152
1.84964
1.84761
1.84552
1.84345
1.84158
1.84017
1.83951
1.83986
1.84134
1.8438
1.84692
1.85026
1.85338
1.856
1.85795
1.85923
1.8599
1.86007
1.85982
1.8592
1.85824
1.85692
1.85527
1.85329
1.85106
1.84867
1.84625
1.8439
1.84173
1.83978
1.83804
1.83646
1.83494
1.83341
1.83184
1.83025
1.82879
1.82765
1.82712
1.82744
1.82878
1.83116
1.83438
1.83811
1.84193
1.84546
1.84835
1.85041
1.85151
1.85164
1.85087
1.84934
1.84727
1.84496
1.84276
1.84103
1.84005
1.83998
1.84082
1.8424
1.84447
1.84674
1.84899
1.85103
1.85277
1.85419
1.8553
1.85616
1.85683
1.85736
1.85782
1.85825
1.85868
1.85913
1.85959
1.86007
1.86052
1.86093
1.86125
1.86145
1.8615
1.86137
1.86102
1.86043
1.85956
1.8584
1.85691
1.85506
1.85281
1.85006
1.84667
1.84231
1.83647
1.82833
1.81694
1.80145
1.7819
1.76042
1.74174
1.73165
1.73307
1.74369
1.75819
1.77198
1.78285
1.79052
1.79564
1.79922
1.80231
1.80573
1.80985
1.81452
1.8192
1.82331
1.82641
1.82839
1.82944
1.8299
1.83019
1.83067
1.83155
1.83292
1.83475
1.83692
1.83929
1.8417
1.84402
1.84613
1.84794
1.8494
1.85046
1.85113
1.85138
1.85124
1.85071
1.84983
1.84863
1.84714
1.84542
1.84354
1.84156
1.83957
1.83764
1.83582
1.83412
1.83253
1.83095
1.82922
1.82714
1.82446
1.82091
1.81626
1.81032
1.80302
1.79451
1.78529
1.77631
1.76906
1.76529
1.76635
1.77246
1.78246
1.79433
1.80612
1.81645
1.82472
1.83085
1.8351
1.83781
1.83934
1.84001
1.84009
1.83975
1.83914
1.83834
1.8374
1.8363
1.835
1.83338
1.83132
1.82862
1.82509
1.82051
1.81471
1.80761
1.79932
1.79023
1.78102
1.77263
1.76607
1.76211
1.76106
1.7627
1.76651
1.7718
1.77795
1.78442
1.79078
1.79669
1.80194
1.80641
1.81011
1.81307
1.81541
1.81721
1.81854
1.81946
1.81997
1.82006
1.81971
1.81889
1.81759
1.81585
1.81375
1.81149
1.80931
1.8075
1.80633
1.80597
1.80639
1.80735
1.80841
1.809
1.80853
1.80642
1.80222
1.79569
1.78692
1.77653
1.76578
1.75647
1.75057
1.74946
1.75341
1.7615
1.77207
1.78335
1.79389
1.80274
1.8094
1.81375
1.81588
1.816
1.8144
1.81137
1.80722
1.80231
1.79699
1.79167
1.78672
1.78251
1.7793
1.77727
1.77647
1.77691
1.77848
1.78107
1.78452
1.78865
1.79323
1.79808
1.80298
1.80777
1.81231
1.81651
1.82029
1.82361
1.82641
1.82867
1.83034
1.83134
1.83162
1.83108
1.82964
1.82721
1.82376
1.81937
1.81425
1.80882
1.80366
1.79943
1.79663
1.79547
1.79572
1.79686
1.79822
1.79923
1.7995
1.79889
1.79744
1.79537
1.79296
1.79053
1.78836
1.7866
1.78526
1.78424
1.78334
1.78233
1.78108
1.77957
1.77793
1.77641
1.77532
1.77499
1.77563
1.77733
1.77999
1.78343
1.78733
1.79141
1.79536
1.79898
1.80211
1.80466
1.8066
1.80795
1.80874
1.80903
1.80886
1.80825
1.80718
1.80556
1.8033
1.80029
1.79649
1.79201
1.7872
1.78267
1.77914
1.7773
1.77745
1.77938
1.78246
1.78585
1.78878
1.79071
1.79129
1.79039
1.78794
1.78394
1.77846
1.77167
1.764
1.75618
1.74924
1.74426
1.74194
1.74225
1.74441
1.74723
1.74958
1.75073
1.75039
1.74864
1.74584
1.74247
1.73909
1.73628
1.73457
1.73435
1.7358
1.73884
1.74313
1.74817
1.7534
1.75833
1.7626
1.76598
1.76834
1.76964
1.76989
1.76913
1.76746
1.76505
1.76212
1.75899
1.75599
1.75343
1.75149
1.75019
1.74933
1.74863
1.74774
1.7464
1.74441
1.74175
1.73848
1.73478
1.73091
1.72719
1.72395
1.7215
1.72005
1.71968
1.72031
1.72172
1.72363
1.72573
1.72778
1.7296
1.73114
1.73243
1.73358
1.73474
1.73607
1.73768
1.7396
1.74177
1.74408
1.74637
1.74845
1.75019
1.75145
1.75215
1.75228
1.75181
1.75078
1.74926
1.74732
1.74508
1.74265
1.74016
1.73772
1.73543
1.73331
1.73138
1.72959
1.72788
1.72622
1.72464
1.72321
1.72212
1.72158
1.72175
1.72271
1.72437
1.72649
1.72868
1.73053
1.73164
1.73164
1.73025
1.72733
1.72289
1.71723
1.71106
1.70547
1.70173
1.70086
1.70318
1.70822
1.71503
1.72261
1.73026
1.73757
1.74437
1.75061
1.75625
1.76123
1.76553
1.76913
1.77204
1.77431
1.77599
1.77717
1.77796
1.77845
1.77873
1.77887
1.77889
1.77878
1.77844
1.77774
1.77653
1.77466
1.77212
1.76905
1.76583
1.76303
1.76128
1.76103
1.76231
1.76478
1.76779
1.77072
1.7731
1.77471
1.77554
1.77568
1.77528
1.77448
1.77338
1.7721
1.77074
1.76945
1.76835
1.76761
1.76734
1.76766
1.76858
1.77008
1.77205
1.77439
1.77698
1.77976
1.7827
1.7858
1.78903
1.79235
1.79568
1.79889
1.80187
1.8045
1.80666
1.80827
1.8092
1.80931
1.80841
1.80626
1.80261
1.79724
1.79013
1.78166
1.77278
1.765
1.75986
1.75817
1.75957
1.76268
1.76592
1.76822
1.76924
1.7693
1.76904
1.76913
1.77003
1.77192
1.77474
1.77826
1.78219
1.78621
1.79007
1.79359
1.79665
1.79919
1.8012
1.80271
1.80375
1.80436
1.80457
1.80442
1.80391
1.80306
1.80192
1.80051
1.79893
1.79725
1.79558
1.79404
1.79269
1.79157
1.79066
1.78992
1.78931
1.78883
1.78854
1.78857
1.78907
1.79017
1.79197
1.79444
1.79746
1.80082
1.80422
1.80735
1.80988
1.81155
1.81213
1.81153
1.80974
1.80693
1.80341
1.79962
1.79606
1.79316
1.79115
1.79002
1.78955
1.78939
1.78926
1.78902
1.78871
1.78851
1.78866
1.78932
1.79052
1.7921
1.79379
1.79531
1.79644
1.79705
1.79714
1.79677
1.79607
1.79518
1.79419
1.79318
1.79216
1.7911
1.78995
1.78862
1.78705
1.78517
1.78293
1.78031
1.77731
1.77393
1.77018
1.76607
1.76163
1.75693
1.75207
1.74721
1.74257
1.73837
1.73483
1.73208
1.73021
1.72922
1.72911
1.72989
1.7316
1.73424
1.73781
1.74221
1.74726
1.75271
1.75826
1.76362
1.76853
1.77281
1.77634
1.77906
1.78099
1.78214
1.78259
1.7824
1.78164
1.78037
1.77868
1.77661
1.77426
1.77167
1.76894
1.76615
1.76339
1.76073
1.75824
1.75591
1.75364
1.75124
1.7483
1.74425
1.73841
1.7302
1.71966
1.70812
1.69859
1.69482
1.69906
1.71029
1.72492
1.73926
1.75107
1.75975
1.76568
1.76965
1.77251
1.77498
1.77756
1.78051
1.78382
1.7873
1.79065
1.79353
1.79566
1.79682
1.79688
1.79583
1.7937
1.79065
1.78688
1.78267
1.77834
1.77416
1.77034
1.76697
1.76399
1.76122
1.75845
1.75552
1.75247
1.7496
1.7475
1.74692
1.74845
1.75235
1.75837
1.76585
1.77396
1.78193
1.78914
1.79521
1.79994
1.80328
1.80531
1.80621
1.80621
1.80562
1.80476
1.80395
1.80341
1.80327
1.80354
1.80412
1.80487
1.80567
1.80644
1.80717
1.80789
1.80863
1.80941
1.8102
1.81091
1.81139
1.81147
1.81097
1.80973
1.80765
1.80469
1.80094
1.7966
1.792
1.78756
1.78378
1.78108
1.77971
1.77968
1.78074
1.78251
1.78455
1.78646
1.78797
1.78895
1.78935
1.78925
1.78875
1.78799
1.78715
1.78638
1.78585
1.78569
1.78601
1.78685
1.7882
1.78997
1.79202
1.79415
1.79616
1.79785
1.79906
1.79965
1.79957
1.79883
1.79746
1.79559
1.79336
1.79098
1.78871
1.78682
1.78559
1.78518
1.78557
1.78646
1.7873
1.78737
1.78592
1.78234
1.7763
1.76799
1.75826
1.74867
1.74114
1.73733
1.73801
1.7428
1.75052
1.75964
1.76874
1.77673
1.78295
1.78709
1.78911
1.7891
1.78721
1.78361
1.77852
1.77221
1.7651
1.75774
1.75085
1.74519
1.74144
1.73999
1.74083
1.74354
1.74746
1.75182
1.75602
1.75965
1.76251
1.7646
1.76601
1.76689
1.76739
1.76764
1.76775
1.76778
1.76777
1.76771
1.7676
1.76742
1.76715
1.76677
1.76626
1.76562
1.76482
1.76388
1.7628
1.76156
1.76018
1.75864
1.75693
1.755
1.7528
1.75026
1.74731
1.74386
1.73988
1.73542
1.73059
1.72569
1.7211
1.7173
1.71476
1.71381
1.71452
1.71665
1.71962
1.72263
1.72474
1.72507
1.72293
1.71817
1.71146
1.70454
1.69976
1.69905
1.70272
1.70931
1.71661
1.72286
1.72731
1.73004
1.73161
1.73261
1.73348
1.7344
1.73538
1.73631
1.73703
1.73746
1.73755
1.73733
1.73685
1.73622
1.73553
1.73488
1.73436
1.73402
1.73388
1.73395
1.73418
1.73452
1.73487
1.73514
1.7352
1.73495
1.73425
1.733
1.73111
1.72855
1.72536
1.72172
1.71792
1.7144
1.71163
1.71007
1.71002
1.71154
1.7145
1.7186
1.72345
1.72867
1.73391
1.73888
1.74336
1.74717
1.75022
1.75242
1.75375
1.75424
1.75398
1.7531
1.75184
1.75047
1.74926
1.74843
1.74807
1.74817
1.74861
1.74922
1.74991
1.75063
1.75143
1.75235
1.75342
1.75455
1.75552
1.75604
1.75576
1.75432
1.75145
1.74702
1.74112
1.73418
1.72708
1.72098
1.71715
1.71641
1.71885
1.72379
1.73012
1.73675
1.74289
1.74809
1.7522
1.75523
1.75728
1.75847
1.75896
1.75889
1.7584
1.75766
1.75679
1.75592
1.75517
1.75462
1.75432
1.75427
1.75449
1.75495
1.75561
1.75644
1.75741
1.75846
1.75956
1.76064
1.76164
1.76252
1.76322
1.7637
1.76393
1.7639
1.7636
1.76305
1.76227
1.76134
1.76031
1.7593
1.75841
1.75773
1.75735
1.75729
1.75751
1.75793
1.75841
1.7588
1.75891
1.75858
1.75762
1.75587
1.75322
1.74969
1.74546
1.74092
1.73664
1.73323
1.73114
1.73052
1.73123
1.73292
1.73524
1.73793
1.74083
1.7438
1.74671
1.74943
1.7518
1.7537
1.75499
1.75547
1.75488
1.75282
1.74891
1.7429
1.73507
1.72662
1.71974
1.71694
1.71968
1.72738
1.73783
1.74849
1.75766
1.76465
1.76954
1.77272
1.77467
1.7758
1.77639
1.77662
1.77658
1.77627
1.77569
1.77481
1.77362
1.77209
1.77025
1.76812
1.76576
1.76321
1.76056
1.75789
1.75529
1.75283
1.75061
1.74874
1.74733
1.7465
1.74634
1.74692
1.74823
1.75016
1.7525
1.75496
1.75723
1.75902
1.76007
1.76026
1.75956
1.75807
1.75602
1.7537
1.75148
1.74971
1.7487
1.74865
1.74964
1.75163
1.75447
1.75794
1.76176
1.76568
1.76945
1.77289
1.77585
1.77826
1.78012
1.78147
1.7824
1.78301
1.7834
1.78368
1.78388
1.78402
1.7841
1.78406
1.78391
1.78363
1.78325
1.78282
1.78239
1.78198
1.78163
1.78138
1.78134
1.78167
1.78257
1.78417
1.78642
1.78897
1.79123
1.79245
1.79193
1.7892
1.78415
1.77714
1.76894
1.76056
1.75289
1.74638
1.74101
1.73664
1.73345
1.73218
1.73369
1.73818
1.74486
1.75241
1.7597
1.76624
1.7721
1.77761
1.78308
1.78862
1.79415
1.79937
1.80392
1.80745
1.80968
1.81047
1.80989
1.80826
1.80611
1.80413
1.80296
1.80298
1.8042
1.80621
1.80837
1.80998
1.81045
1.80936
1.80653
1.80204
1.79622
1.78972
1.78345
1.77838
1.77528
