1.2
1.20103
1.20182
1.20219
1.20209
1.20148
1.20038
1.19886
1.19703
1.19507
1.19315
1.19145
1.19013
1.18927
1.18889
1.18895
1.18933
1.18985
1.19031
1.19056
1.19044
1.18991
1.18901
1.18788
1.18674
1.18582
1.18537
1.18551
1.18626
1.18751
1.18908
1.19076
1.19233
1.19364
1.19458
1.19508
1.19514
1.19482
1.19422
1.1935
1.19285
1.19246
1.19247
1.19296
1.19392
1.19526
1.19683
1.1985
1.20013
1.20162
1.20292
1.204
1.20488
1.20556
1.20607
1.20643
1.20666
1.20679
1.20684
1.20684
1.2068
1.20676
1.20674
1.20678
1.20689
1.20711
1.20742
1.20782
1.20829
1.20879
1.20929
1.20973
1.21007
1.21025
1.21022
1.20991
1.20926
1.2082
1.2067
1.2048
1.2026
1.20033
1.19832
1.19686
1.19618
1.19631
1.1971
1.19833
1.19978
1.20136
1.20307
1.20497
1.20712
1.2095
1.21203
1.2146
1.21708
1.21939
1.22143
1.22313
1.22442
1.2252
1.2254
1.22501
1.2241
1.22288
1.22162
1.22061
1.21999
1.21971
1.21951
1.21904
1.21802
1.21628
1.21376
1.21044
1.20626
1.20113
1.19513
1.18874
1.18311
1.17997
1.18083
1.18611
1.19473
1.20486
1.21482
1.22363
1.23098
1.23696
1.24181
1.24579
1.24911
1.2519
1.25424
1.25617
1.25767
1.25873
1.25934
1.25949
1.25917
1.25841
1.25722
1.25566
1.25375
1.25156
1.24913
1.24652
1.24377
1.24096
1.23816
1.23551
1.23317
1.23137
1.23032
1.23019
1.23101
1.23264
1.23475
1.23691
1.23861
1.23936
1.23871
1.23631
1.23193
1.22554
1.21746
1.20843
1.19959
1.19231
1.18779
1.18663
1.18871
1.19329
1.19943
1.20619
1.21284
1.21886
1.22403
1.22828
1.23167
1.23435
1.23642
1.23803
1.23924
1.24012
1.24072
1.24107
1.24116
1.24101
1.2406
1.2399
1.23888
1.23753
1.23582
1.23376
1.23139
1.22875
1.22592
1.22299
1.22007
1.21728
1.21471
1.2125
1.21078
1.20968
1.20932
1.20979
1.21108
1.21311
1.21573
1.21873
1.22189
1.22502
1.22797
1.2306
1.23284
1.23462
1.23588
1.23658
1.23671
1.23624
1.23517
1.23348
1.23115
1.22817
1.22453
1.22025
1.21541
1.21023
1.20504
1.20028
1.19637
1.19361
1.19209
1.19169
1.1922
1.19339
1.19509
1.19718
1.19951
1.20191
1.20416
1.20604
1.20734
1.20789
1.20763
1.20661
1.20503
1.20323
1.20167
1.20078
1.20086
1.20199
1.20403
1.20669
1.20966
1.21269
1.21562
1.21834
1.22082
1.22301
1.22488
1.22638
1.22745
1.22799
1.22791
1.22707
1.22538
1.22273
1.21916
1.21482
1.2101
1.20556
1.20183
1.19932
1.19812
1.19787
1.19803
1.19808
1.19771
1.19681
1.19542
1.19366
1.19172
1.18989
1.18855
1.18806
1.18856
1.18988
1.19161
1.19335
1.19494
1.1964
1.19787
1.19937
1.20074
1.20172
1.20205
1.20174
1.20106
1.20055
1.20078
1.20213
1.20465
1.20801
1.21172
1.21527
1.21829
1.22056
1.22201
1.22265
1.22258
1.22192
1.22079
1.21932
1.21765
1.21588
1.21413
1.21247
1.21097
1.20967
1.20859
1.20775
1.20713
1.20674
1.20658
1.20664
1.20692
1.20742
1.20813
1.20904
1.21011
1.2113
1.21255
1.21379
1.21496
1.21596
1.21672
1.21716
1.21718
1.21673
1.21573
1.21416
1.212
1.20928
1.20613
1.20274
1.19941
1.19649
1.19434
1.19316
1.19296
1.19356
1.19467
1.19599
1.19732
1.19856
1.19968
1.20063
1.20134
1.20169
1.20159
1.20095
1.19979
1.19821
1.1964
1.19459
1.19299
1.19169
1.19062
1.18955
1.18816
1.18611
1.18317
1.1793
1.17471
1.16983
1.16522
1.16145
1.15897
1.15798
1.15846
1.16013
1.16257
1.16532
1.16796
1.17023
1.17198
1.17317
1.17386
1.17416
1.1742
1.17415
1.17417
1.17438
1.17487
1.17564
1.17667
1.17784
1.17907
1.18023
1.18122
1.18198
1.18245
1.18261
1.18246
1.182
1.18125
1.18024
1.179
1.17758
1.17602
1.17437
1.17269
1.17101
1.16937
1.16777
1.1662
1.16461
1.16291
1.16099
1.15874
1.15604
1.15288
1.14936
1.14579
1.14273
1.14082
1.14063
1.14235
1.14571
1.15007
1.15471
1.15903
1.16266
1.16545
1.16737
1.16849
1.16889
1.16865
1.16781
1.16643
1.16451
1.16207
1.15913
1.1557
1.15186
1.1477
1.14339
1.13914
1.13521
1.13183
1.12918
1.12737
1.12638
1.12611
1.12641
1.12714
1.12822
1.1296
1.1313
1.13335
1.13573
1.13843
1.14133
1.14433
1.14728
1.15008
1.15264
1.15491
1.15684
1.15845
1.15973
1.16071
1.16139
1.16179
1.16192
1.16178
1.16137
1.16071
1.15981
1.15869
1.15743
1.15611
1.15482
1.15367
1.15277
1.15216
1.15183
1.15172
1.15171
1.15168
1.15149
1.15108
1.15041
1.14952
1.1485
1.14746
1.14658
1.14598
1.14581
1.14615
1.14701
1.14835
1.15003
1.1519
1.15377
1.15545
1.15679
1.15766
1.15796
1.15764
1.15667
1.15507
1.15287
1.15016
1.14706
1.14373
1.14034
1.13708
1.13414
1.1317
1.1299
1.12881
1.12846
1.12881
1.12985
1.13158
1.13398
1.13699
1.1405
1.14434
1.1483
1.15221
1.15589
1.15921
1.1621
1.16448
1.16633
1.1676
1.16829
1.16838
1.16788
1.16682
1.16526
1.16333
1.16123
1.15919
1.15748
1.15629
1.15575
1.15581
1.15631
1.15702
1.15769
1.15812
1.15816
1.15778
1.15698
1.15585
1.15456
1.15331
1.15233
1.15185
1.15207
1.15309
1.1549
1.15741
1.16042
1.16374
1.16715
1.1705
1.17367
1.1766
1.17926
1.18165
1.18376
1.18559
1.18713
1.18834
1.18915
1.18947
1.18917
1.18808
1.18599
1.18272
1.17812
1.17223
1.16536
1.15823
1.15198
1.14788
1.147
1.14962
1.15518
1.16245
1.17006
1.1769
1.18235
1.18624
1.18878
1.19038
1.19154
1.19269
1.19411
1.1959
1.19796
1.20012
1.20216
1.20392
1.20522
1.20593
1.20588
1.20488
1.20266
1.19899
1.19377
1.18731
1.18054
1.17499
1.17224
1.17309
1.17702
1.18262
1.18847
1.19371
1.19813
1.20191
1.20529
1.20848
1.21152
1.21438
1.21694
1.21905
1.22053
1.22121
1.22089
1.21938
1.21652
1.21225
1.20674
1.20045
1.19423
1.18915
1.18619
1.18582
1.18786
1.19168
1.19648
1.20154
1.20635
1.21055
1.21391
1.21628
1.21762
1.21793
1.21734
1.2161
1.21458
1.21326
1.21264
1.21304
1.21455
1.21696
1.21991
1.22297
1.22581
1.22821
1.23009
1.23146
1.23236
1.2329
1.23314
1.23319
1.23313
1.23303
1.23294
1.23293
1.23303
1.23324
1.23356
1.23396
1.23439
1.2348
1.23509
1.2352
1.23505
1.23456
1.23367
1.23232
1.23042
1.22789
1.22456
1.22018
1.21445
1.20702
1.19786
1.18759
1.17788
1.17122
1.1696
1.17319
1.18018
1.18819
1.1955
1.2014
1.20585
1.20911
1.21148
1.21323
1.21457
1.21566
1.21658
1.21739
1.21805
1.21847
1.21853
1.21808
1.217
1.21521
1.2127
1.20953
1.2059
1.20208
1.1984
1.19518
1.19268
1.19102
1.19021
1.19012
1.1906
1.19148
1.19262
1.19389
1.19519
1.19639
1.1973
1.19775
1.19757
1.19666
1.19506
1.19302
1.19098
1.18949
1.18902
1.1898
1.19169
1.19427
1.197
1.19941
1.20117
1.20213
1.20223
1.20148
1.19993
1.19763
1.19469
1.19123
1.18748
1.1837
1.18022
1.17736
1.17536
1.17435
1.17429
1.17504
1.17641
1.17822
1.18032
1.18261
1.18502
1.18745
1.18982
1.19198
1.1938
1.19516
1.19597
1.19619
1.19584
1.19503
1.19393
1.1928
1.19192
1.19154
1.19179
1.19263
1.19385
1.19508
1.19588
1.19582
1.19458
1.192
1.1883
1.18414
1.18064
1.17905
1.18017
1.18394
1.18947
1.19559
1.20133
1.20618
1.21
1.21285
1.21493
1.21638
1.21736
1.21794
1.2182
1.21818
1.2179
1.2174
1.21673
1.21593
1.21508
1.21422
1.21343
1.21277
1.21229
1.21203
1.212
1.21221
1.21265
1.21332
1.21418
1.21523
1.21646
1.21783
1.21932
1.22087
1.2224
1.22375
1.22475
1.22515
1.22471
1.22323
1.22062
1.21704
1.21297
1.2092
1.20662
1.20585
1.20695
1.20942
1.21249
1.21544
1.21783
1.21951
1.22058
1.22124
1.22175
1.22234
1.2231
1.22402
1.22498
1.22581
1.22636
1.22655
1.22635
1.22578
1.22486
1.22361
1.22204
1.22017
1.21799
1.21553
1.21286
1.21008
1.20736
1.20494
1.20314
1.20227
1.20254
1.204
1.20649
1.20965
1.21309
1.21642
1.2194
1.22188
1.22387
1.2254
1.2266
1.22756
1.22839
1.22913
1.22979
1.23035
1.23075
1.2309
1.23073
1.23018
1.22921
1.2278
1.22598
1.22379
1.2213
1.2186
1.2158
1.21305
1.21052
1.20844
1.20707
1.20659
1.2071
1.20853
1.21069
1.21326
1.21593
1.21845
1.22065
1.22245
1.22384
1.22485
1.2255
1.22582
1.22579
1.22536
1.22446
1.223
1.22095
1.21833
1.21536
1.21241
1.21001
1.20866
1.2087
1.21009
1.21248
1.21533
1.21815
1.22058
1.22246
1.22378
1.22465
1.22521
1.22563
1.22604
1.22655
1.2272
1.22798
1.22885
1.22973
1.23055
1.23125
1.23177
1.2321
1.23223
1.23219
1.23201
1.23173
1.23139
1.23101
1.23058
1.23007
1.22941
1.22859
1.22759
1.22647
1.22532
1.22428
1.22349
1.22307
1.22307
1.22351
1.22432
1.22543
1.22671
1.22804
1.22931
1.23037
1.23112
1.23143
1.23121
1.23036
1.22884
1.22658
1.22356
1.21974
1.21503
1.20933
1.20252
1.1946
1.18592
1.17743
1.17071
1.1675
1.16871
1.17386
1.18129
1.18919
1.19629
1.20196
1.20607
1.20871
1.21002
1.21017
1.20927
1.20745
1.20488
