0.0548174
0.054169
0.0536129
0.0531788
0.0528926
0.052762
0.0527814
0.0529266
0.0531568
0.0534196
0.0536557
0.0538108
0.053838
0.0537092
0.05342
0.0529893
0.0524555
0.0518722
0.0512993
0.050788
0.0503771
0.0500796
0.0498814
0.0497359
0.049577
0.0493314
0.0489353
0.0483549
0.0475918
0.0466823
0.0456868
0.0446757
0.0437126
0.0428498
0.0421255
0.0415577
0.0411459
0.0408747
0.0407102
0.0406012
0.0404921
0.0403264
0.0400612
0.0396788
0.0391847
0.0386099
0.037999
0.037401
0.0368564
0.0363969
0.0360394
0.0357955
0.0356684
0.035653
0.035743
0.0359324
0.0362118
0.036575
0.0370122
0.0375155
0.038073
0.0386743
0.039308
0.0399633
0.0406288
0.0413004
0.0419735
0.0426499
0.0433344
0.0440355
0.0447659
0.0455364
0.0463614
0.0472534
0.0482261
0.0492968
0.0504795
0.0517828
0.0532082
0.0547322
0.0563081
0.0578535
0.0592666
0.0604515
0.0613455
0.061941
0.0622808
0.0624331
0.0624574
0.0623863
0.0622219
0.061953
0.0615772
0.0611073
0.0605769
0.060027
0.0595034
0.0590422
0.0586746
0.0584331
0.0583463
0.0584447
0.0587495
0.0592623
0.0599558
0.0607657
0.0616069
0.0623971
0.063096
0.0637236
0.0643518
0.0650718
0.0659567
0.0670441
0.0683386
0.0698352
0.0715333
0.0734284
0.0754623
0.0774424
0.0789902
0.0795957
0.0788443
0.0766739
0.0734348
0.0696795
0.0658941
0.0623682
0.0592126
0.0564276
0.0539671
0.0517771
0.0498163
0.0480586
0.0464938
0.0451221
0.0439493
0.0429865
0.0422417
0.0417186
0.0414177
0.041333
0.0414545
0.0417673
0.0422532
0.0428927
0.0436622
0.0445373
0.0454968
0.0465103
0.0475433
0.0485478
0.0494645
0.0502244
0.0507602
0.0510311
0.0510357
0.050828
0.0505147
0.0502357
0.0501443
0.0503905
0.0511042
0.0523816
0.0542719
0.0567464
0.0596764
0.0628021
0.0657485
0.0680935
0.0694869
0.0697645
0.0689831
0.0673635
0.0652004
0.0627769
0.0603262
0.0580103
0.055919
0.0540853
0.0525055
0.0511563
0.0500095
0.0490417
0.0482313
0.0475659
0.0470354
0.0466359
0.046364
0.0462216
0.0462127
0.0463431
0.0466183
0.0470421
0.0476119
0.0483193
0.049147
0.0500707
0.0510543
0.0520593
0.0530436
0.0539641
0.0547734
0.0554261
0.0558728
0.0560681
0.0559737
0.0555689
0.0548585
0.053877
0.0526806
0.0513422
0.0499392
0.0485401
0.0472041
0.0459816
0.0449078
0.0440155
0.0433277
0.0428626
0.0426321
0.0426437
0.0429007
0.0434046
0.0441531
0.0451466
0.0463757
0.0478189
0.0494315
0.0511331
0.0528048
0.0543057
0.0555009
0.0563004
0.056682
0.0566777
0.0563533
0.0557741
0.0549961
0.0540693
0.0530465
0.0519933
0.0509833
0.0500929
0.0493892
0.0489226
0.0487076
0.0487255
0.0489088
0.0491473
0.0493054
0.0492575
0.0489189
0.0482772
0.047381
0.0463225
0.0451977
0.0440903
0.0430557
0.042132
0.041345
0.0407144
0.0402614
0.040006
0.0399759
0.0401989
0.0407075
0.0415355
0.0427086
0.0442365
0.0460964
0.0482163
0.0504603
0.0526432
0.054574
0.0561243
0.057281
0.0581416
0.05886
0.0595781
0.060378
0.0612819
0.0622737
0.0633112
0.0643315
0.0652395
0.065918
0.0662651
0.0662551
0.0659473
0.0654609
0.0649094
0.0643437
0.0637575
0.0631262
0.0624544
0.0617985
0.0612421
0.060844
0.0605969
0.0604053
0.0601133
0.0595564
0.0586373
0.057362
0.0558319
0.0542012
0.0526261
0.0512227
0.0500594
0.0491636
0.0485332
0.048145
0.0479663
0.0479589
0.0480807
0.0482879
0.0485436
0.0488101
0.0490598
0.0492683
0.0494193
0.0495019
0.049511
0.0494441
0.0492991
0.0490774
0.0487789
0.0484046
0.0479575
0.0474429
0.0468712
0.0462549
0.0456131
0.0449691
0.044347
0.0437772
0.0432878
0.0429097
0.042669
0.0425919
0.0427018
0.0430135
0.0435351
0.0442628
0.0451755
0.0462277
0.0473463
0.0484339
0.0493759
0.0500712
0.0504612
0.0505482
0.050392
0.0500825
0.0497077
0.0493305
0.0489846
0.0486908
0.0484702
0.0483508
0.0483688
0.0485568
0.0489334
0.0494915
0.0501943
0.0509801
0.0517804
0.052535
0.053217
0.0538502
0.0545001
0.0552586
0.0562118
0.0574142
0.0588557
0.060454
0.0620664
0.0635097
0.0646093
0.0652314
0.0653163
0.064881
0.0640134
0.0628457
0.0615225
0.0601715
0.0588815
0.0577011
0.0566483
0.0557134
0.0548712
0.0540827
0.0533025
0.052486
0.0516006
0.0506286
0.0495723
0.0484502
0.0472952
0.0461465
0.0450441
0.0440216
0.0431069
0.0423193
0.0416704
0.0411667
0.0408059
0.0405835
0.0404916
0.0405184
0.0406493
0.0408691
0.0411582
0.0414995
0.0418794
0.0422836
0.0427079
0.043154
0.0436386
0.0441785
0.0448029
0.0455404
0.0464082
0.0474025
0.0484711
0.049503
0.0503268
0.050746
0.0506102
0.0498808
0.0486592
0.0471418
0.0455521
0.0440738
0.0428229
0.0418561
0.0411898
0.0408147
0.0407134
0.0408676
0.041262
0.0418813
0.0427166
0.0437573
0.0449905
0.0463943
0.0479365
0.0495703
0.0512311
0.0528396
0.0543094
0.0555589
0.0565249
0.0571745
0.0575083
0.0575569
0.0573602
0.0569611
0.0563867
0.0556524
0.0547597
0.053711
0.0525156
0.0511982
0.0497961
0.0483569
0.046929
0.0455565
0.0442747
0.0431079
0.0420739
0.0411812
0.0404337
0.0398324
0.0393764
0.039065
0.0388968
0.0388716
0.0389877
0.0392391
0.0396182
0.040111
0.0406927
0.0413353
0.0420017
0.0426559
0.0432689
0.0438219
0.044315
0.0447685
0.0452128
0.0456846
0.0462153
0.0468213
0.0475061
0.048251
0.0490265
0.0497882
0.050485
0.0510679
0.0514982
0.0517526
0.0518296
0.0517485
0.0515504
0.0512903
0.051029
0.0508256
0.0507326
0.050792
0.0510332
0.0514719
0.0521132
0.0529496
0.0539602
0.0551097
0.0563532
0.0576337
0.0588883
0.0600493
0.0610498
0.06183
0.0623456
0.0625688
0.0624949
0.062128
0.0614722
0.0605336
0.059325
0.0578735
0.0562269
0.0544478
0.0526064
0.0507728
0.0490072
0.0473595
0.045868
0.0445602
0.0434568
0.0425726
0.041918
0.0414987
0.0413132
0.0413465
0.0415724
0.0419482
0.0424087
0.0428745
0.0432669
0.0435205
0.0436064
0.0435366
0.0433594
0.0431453
0.0429651
0.0428758
0.0429156
0.043096
0.0434063
0.0438144
0.0442653
0.0446925
0.045022
0.0451821
0.0451175
0.0448015
0.0442401
0.0434717
0.0425559
0.0415647
0.0405641
0.0396106
0.0387464
0.0379984
0.0373828
0.0369119
0.036592
0.0364309
0.0364385
0.0366308
0.0370307
0.0376684
0.0385815
0.0398167
0.0414228
0.0434386
0.0458774
0.0486939
0.0517481
0.0547837
0.0574313
0.0592945
0.0600784
0.0597173
0.0584098
0.0565311
0.0544938
0.0526288
0.051128
0.0500481
0.0493427
0.0488983
0.0485817
0.0482727
0.0479018
0.0474499
0.0469484
0.0464555
0.0460367
0.0457508
0.0456456
0.0457688
0.0461705
0.0469112
0.048055
0.0496546
0.0517035
0.0540697
0.0564397
0.0583477
0.059342
0.0592342
0.0582075
0.0566801
0.0550588
0.0535799
0.052311
0.0512194
0.0502474
0.0493552
0.0485414
0.0478301
0.0472625
0.0468906
0.0467686
0.0469525
0.0474987
0.0484558
0.0498544
0.051688
0.0538782
0.0562505
0.0585282
0.0603773
0.0615165
0.0618198
0.061347
0.0602948
0.0588994
0.0573731
0.0558786
0.0545317
0.0534124
0.0525668
0.05202
0.051763
0.0517513
0.0519059
0.0521013
0.0521913
0.052032
0.0515327
0.0506773
0.0495348
0.0482245
0.0468731
0.0455873
0.0444344
0.043447
0.0426315
0.0419765
0.0414605
0.0410607
0.0407524
0.040512
0.0403184
0.0401531
0.0400038
0.0398606
0.0397227
0.0395947
0.0394879
0.0394202
0.0394143
0.0394947
0.0396865
0.0400169
0.0405102
0.0411848
0.0420596
0.0431561
0.0445006
0.0461342
0.0481176
0.050527
0.0534174
0.0567506
0.0602712
0.0634279
0.0654876
0.0659139
0.0647311
0.0624903
0.0598778
0.0573793
0.0552107
0.0533994
0.0518974
0.0506363
0.0495553
0.0486056
0.0477518
0.0469717
0.0462629
0.0456404
0.0451352
0.0447893
0.0446463
0.0447394
0.045089
0.0456911
0.046515
0.0474929
0.0485335
0.0495309
0.0503817
0.051007
0.0513698
0.0514673
0.0513346
0.0510187
0.0505695
0.0500313
0.0494457
0.0488531
0.0482992
0.0478391
0.0475287
0.0474185
0.0475261
0.0478302
0.0482457
0.0486368
0.0488396
0.0487222
0.0482347
0.0474301
0.0464455
0.0454452
0.0445716
0.0439248
0.0435597
0.0434939
0.0437294
0.0442499
0.0450334
0.0460418
0.047224
0.0485027
0.0497831
0.0509577
0.0519238
0.052605
0.052967
0.053017
0.0527969
0.0523654
0.0517783
0.051085
0.0503208
0.0495173
0.048708
0.0479339
0.0472414
0.0466753
0.0462769
0.046074
0.0460766
0.046273
0.0466285
0.0470823
0.0475555
0.0479616
0.0482299
0.0483259
0.0482685
0.0481277
0.0480153
0.0480595
0.0483812
0.0490665
0.0501334
0.0514947
0.0529243
0.0540779
0.0545971
0.0542722
0.0531576
0.0515263
0.0497275
0.0480405
0.0466228
0.045525
0.0447321
0.0442073
0.0439078
0.0437961
0.0438455
0.0440355
0.044352
0.0447768
0.0452948
0.0458854
0.0465265
0.0471917
0.0478534
0.0484889
0.0490717
0.049583
0.0500096
0.0503418
0.0505784
0.0507205
0.0507728
0.0507438
0.0506413
0.0504742
0.0502543
0.0499963
0.0497249
0.0494769
0.0493008
0.0492598
0.0494262
0.049869
0.0506386
0.0517471
0.0531238
0.0546071
0.0559471
0.0568836
0.0572497
0.0570427
0.0564209
0.0556155
0.0548292
0.0541916
0.0537448
0.0534694
0.0533041
0.053179
0.0530393
0.0528583
0.0526478
0.0524443
0.0522975
0.0522484
0.0523178
0.0525117
0.0528227
0.0532365
0.0537433
0.0543319
0.0549934
0.0557132
0.0564727
0.0572402
0.0579728
0.0586063
0.0590573
0.0592287
0.0590318
0.0584066
0.0573543
0.0559411
0.0542825
0.052512
0.0507494
0.0490832
0.0475615
0.0462017
0.0449933
0.0439172
0.0429498
0.0420709
0.0412708
0.0405526
0.0399281
0.0394187
0.0390521
0.0388488
0.0388283
0.0389972
0.0393573
0.0398964
0.0405933
0.0414175
0.0423337
0.0432944
0.0442454
0.045118
0.0458357
0.0463185
0.0465057
0.0463721
0.0459438
0.0452891
0.0445041
0.0436882
0.0429231
0.0422659
0.0417474
0.0413784
0.0411584
0.0410826
0.0411512
0.0413699
0.0417529
0.0423189
0.0430868
0.0440569
0.0452035
0.0464495
0.0476667
0.0486925
0.0493751
0.0496274
0.0494667
0.0490034
0.0483924
0.0477808
0.0472678
0.0469009
0.04668
0.0465779
0.0465489
0.0465454
0.046526
0.0464636
0.0463437
0.046174
0.04597
0.0457553
0.0455574
0.0453985
0.0452939
0.0452542
0.0452836
0.0453786
0.0455292
0.0457244
0.0459572
0.0462224
0.046524
0.0468711
0.0472756
0.0477447
0.0482742
0.0488438
0.0494189
0.0499555
0.0504104
0.0507492
0.0509539
0.0510268
0.0509857
0.0508624
0.0506949
0.0505257
0.0503991
0.0503585
0.0504446
0.0506945
0.0511414
0.0518106
0.0527196
0.0538773
0.0552909
0.0569633
0.0589063
0.0611354
0.063657
0.066434
0.0693169
0.071982
0.0739376
0.0746957
0.0740342
0.0721503
0.0695434
0.0667451
0.0641336
0.0618987
0.0601003
0.0587316
0.0577647
0.0571629
0.0568899
0.0569005
0.0571458
