-0.41495
-0.416554
-0.417669
-0.418174
-0.417946
-0.416962
-0.415245
-0.412907
-0.410139
-0.407186
-0.404334
-0.401828
-0.3999
-0.398685
-0.398199
-0.398346
-0.398942
-0.399725
-0.400398
-0.400716
-0.400484
-0.399636
-0.398235
-0.396519
-0.394821
-0.393512
-0.392922
-0.393227
-0.394432
-0.396374
-0.398769
-0.401277
-0.40361
-0.405534
-0.406868
-0.407544
-0.40758
-0.407049
-0.406115
-0.40504
-0.40409
-0.403553
-0.403644
-0.404448
-0.405954
-0.408011
-0.410407
-0.412904
-0.415323
-0.417524
-0.419451
-0.421057
-0.422328
-0.423313
-0.424048
-0.42456
-0.424898
-0.425079
-0.425148
-0.425124
-0.425064
-0.425003
-0.424982
-0.425042
-0.425235
-0.425559
-0.426034
-0.42664
-0.427347
-0.428105
-0.428839
-0.429491
-0.429974
-0.430221
-0.43015
-0.429643
-0.428605
-0.42696
-0.424644
-0.421733
-0.418395
-0.415007
-0.412049
-0.40997
-0.40907
-0.409369
-0.410641
-0.412531
-0.414746
-0.417133
-0.419721
-0.422614
-0.425863
-0.429455
-0.433256
-0.43711
-0.440813
-0.444233
-0.44726
-0.449756
-0.451613
-0.452693
-0.452898
-0.452224
-0.450795
-0.448938
-0.447068
-0.445606
-0.444742
-0.444347
-0.444021
-0.443255
-0.441629
-0.438903
-0.435006
-0.429897
-0.423486
-0.415658
-0.406545
-0.396981
-0.388791
-0.384584
-0.386546
-0.395069
-0.408376
-0.423645
-0.438455
-0.451469
-0.462286
-0.471068
-0.478195
-0.484056
-0.488947
-0.493068
-0.496516
-0.499332
-0.501525
-0.503054
-0.503896
-0.504047
-0.503506
-0.5023
-0.500468
-0.498068
-0.495166
-0.491826
-0.488143
-0.484206
-0.480066
-0.47584
-0.471654
-0.467711
-0.464273
-0.461667
-0.460236
-0.460186
-0.461554
-0.464097
-0.467301
-0.470498
-0.472944
-0.473895
-0.472689
-0.468804
-0.461909
-0.452049
-0.439725
-0.426113
-0.412989
-0.402411
-0.396111
-0.394889
-0.398431
-0.405614
-0.414968
-0.42514
-0.435044
-0.443971
-0.451584
-0.457825
-0.462803
-0.466712
-0.469756
-0.472084
-0.473847
-0.475123
-0.475983
-0.47645
-0.476556
-0.47629
-0.475629
-0.474534
-0.472964
-0.470878
-0.468264
-0.46513
-0.461524
-0.457517
-0.45325
-0.448863
-0.444504
-0.440325
-0.436519
-0.433256
-0.430748
-0.429195
-0.428777
-0.429603
-0.431666
-0.434815
-0.43882
-0.443361
-0.448103
-0.452776
-0.457153
-0.461039
-0.464337
-0.466924
-0.468737
-0.469714
-0.469819
-0.469027
-0.467322
-0.464682
-0.461105
-0.456533
-0.450969
-0.444454
-0.437133
-0.429332
-0.421583
-0.414535
-0.408828
-0.404885
-0.402778
-0.402331
-0.403196
-0.405064
-0.407686
-0.410862
-0.414387
-0.41798
-0.421321
-0.424067
-0.425915
-0.426614
-0.426114
-0.424483
-0.422048
-0.419354
-0.417084
-0.415869
-0.416151
-0.417994
-0.421173
-0.425231
-0.429723
-0.434256
-0.438618
-0.442674
-0.446349
-0.449597
-0.452349
-0.45455
-0.456077
-0.45681
-0.456586
-0.455209
-0.45252
-0.448411
-0.442926
-0.436333
-0.42924
-0.422512
-0.417069
-0.413523
-0.41189
-0.411621
-0.411883
-0.411912
-0.411276
-0.409854
-0.40771
-0.405037
-0.402121
-0.399417
-0.397516
-0.396952
-0.397845
-0.399906
-0.402527
-0.405123
-0.407477
-0.409668
-0.411876
-0.414127
-0.416154
-0.417525
-0.41793
-0.417379
-0.416355
-0.415655
-0.416151
-0.418359
-0.42227
-0.427398
-0.432989
-0.438268
-0.442695
-0.445978
-0.448024
-0.448879
-0.448687
-0.447619
-0.445861
-0.443612
-0.441083
-0.438425
-0.435811
-0.433341
-0.431119
-0.429202
-0.427623
-0.426385
-0.425491
-0.424946
-0.424733
-0.424853
-0.425307
-0.426092
-0.427194
-0.428577
-0.430206
-0.432005
-0.433882
-0.435752
-0.437479
-0.438957
-0.440043
-0.440635
-0.440613
-0.439853
-0.43828
-0.435835
-0.432506
-0.428354
-0.42357
-0.418474
-0.41351
-0.409236
-0.406145
-0.404524
-0.404362
-0.405359
-0.40707
-0.409063
-0.411049
-0.412905
-0.414565
-0.415959
-0.416977
-0.417448
-0.417215
-0.416177
-0.414359
-0.411938
-0.409216
-0.40652
-0.404152
-0.402245
-0.400655
-0.399028
-0.396861
-0.393674
-0.389118
-0.383186
-0.376233
-0.368906
-0.362081
-0.356588
-0.353079
-0.351829
-0.352748
-0.355399
-0.359137
-0.363271
-0.367194
-0.37052
-0.373064
-0.374779
-0.375759
-0.376156
-0.376189
-0.376108
-0.376159
-0.376519
-0.377295
-0.378495
-0.380053
-0.38183
-0.383659
-0.385368
-0.386825
-0.387919
-0.388582
-0.38878
-0.388492
-0.387751
-0.386584
-0.385031
-0.383146
-0.380996
-0.37864
-0.376171
-0.373657
-0.37114
-0.36869
-0.366305
-0.363968
-0.361555
-0.358981
-0.356064
-0.352617
-0.348514
-0.343702
-0.33839
-0.333081
-0.328615
-0.325989
-0.325987
-0.328842
-0.334064
-0.340699
-0.347649
-0.354039
-0.359366
-0.36342
-0.366179
-0.367749
-0.368252
-0.367795
-0.366453
-0.364304
-0.361355
-0.357629
-0.353135
-0.347933
-0.342115
-0.335845
-0.329373
-0.323031
-0.317188
-0.312202
-0.308349
-0.305757
-0.304395
-0.304079
-0.30461
-0.305765
-0.307431
-0.309549
-0.312154
-0.315273
-0.31891
-0.322987
-0.327371
-0.331871
-0.336293
-0.340469
-0.34427
-0.347628
-0.35049
-0.352853
-0.354734
-0.356151
-0.357133
-0.357694
-0.357851
-0.357603
-0.35695
-0.355921
-0.354531
-0.352829
-0.350927
-0.348933
-0.347017
-0.345338
-0.344014
-0.343136
-0.342688
-0.342546
-0.342545
-0.342478
-0.342164
-0.341512
-0.340471
-0.339123
-0.337576
-0.33603
-0.334727
-0.333896
-0.333719
-0.334307
-0.335673
-0.337734
-0.3403
-0.343117
-0.345905
-0.348396
-0.350351
-0.351578
-0.351938
-0.351363
-0.349816
-0.347314
-0.343931
-0.33981
-0.335122
-0.330105
-0.325021
-0.32016
-0.315817
-0.312252
-0.309651
-0.308141
-0.307715
-0.308343
-0.310015
-0.312719
-0.316421
-0.321031
-0.326355
-0.332137
-0.338088
-0.343915
-0.349386
-0.354311
-0.358561
-0.362056
-0.364739
-0.366571
-0.367521
-0.367568
-0.366718
-0.365045
-0.362657
-0.359729
-0.356566
-0.353545
-0.351035
-0.349355
-0.348635
-0.348801
-0.349602
-0.350668
-0.351642
-0.352235
-0.352242
-0.3516
-0.350342
-0.348606
-0.346657
-0.344803
-0.343392
-0.34277
-0.343214
-0.344858
-0.347688
-0.35153
-0.356117
-0.361112
-0.366231
-0.371234
-0.375956
-0.380314
-0.384276
-0.387814
-0.390939
-0.393642
-0.395905
-0.397667
-0.39882
-0.399219
-0.398667
-0.396894
-0.393595
-0.388495
-0.3814
-0.372385
-0.361991
-0.351342
-0.342195
-0.336483
-0.335684
-0.34013
-0.348813
-0.359855
-0.371214
-0.381292
-0.389232
-0.394857
-0.398494
-0.4008
-0.402502
-0.404262
-0.406441
-0.409164
-0.412283
-0.415516
-0.418547
-0.421104
-0.42298
-0.423946
-0.423755
-0.42208
-0.418551
-0.412809
-0.404763
-0.394952
-0.384871
-0.376855
-0.373247
-0.375045
-0.381302
-0.389836
-0.398547
-0.406289
-0.412814
-0.418397
-0.42343
-0.428199
-0.432749
-0.437002
-0.440786
-0.443866
-0.445989
-0.446879
-0.446234
-0.443768
-0.439265
-0.432655
-0.424228
-0.414745
-0.405507
-0.39816
-0.394093
-0.393913
-0.397296
-0.403217
-0.410489
-0.418076
-0.425219
-0.43141
-0.436303
-0.439728
-0.441569
-0.44188
-0.440885
-0.43894
-0.436663
-0.434763
-0.433969
-0.434732
-0.437154
-0.44089
-0.445352
-0.449936
-0.454138
-0.457672
-0.46042
-0.462394
-0.463686
-0.464436
-0.464771
-0.464823
-0.464717
-0.464561
-0.464451
-0.464447
-0.464612
-0.464948
-0.465446
-0.466059
-0.466709
-0.467297
-0.467717
-0.467861
-0.467597
-0.466805
-0.465406
-0.463304
-0.460376
-0.456471
-0.451341
-0.444608
-0.435763
-0.424365
-0.410387
-0.394917
-0.380637
-0.371295
-0.369701
-0.375747
-0.386548
-0.398553
-0.409341
-0.417951
-0.424429
-0.42916
-0.43261
-0.435164
-0.437124
-0.438711
-0.440077
-0.441263
-0.44222
-0.44281
-0.442831
-0.442062
-0.440343
-0.43755
-0.433678
-0.428834
-0.423337
-0.417602
-0.412119
-0.407377
-0.403748
-0.401379
-0.400281
-0.400244
-0.401028
-0.40239
-0.404129
-0.406054
-0.407995
-0.40975
-0.411058
-0.41165
-0.411253
-0.409777
-0.407288
-0.404199
-0.401178
-0.399068
-0.398548
-0.399896
-0.402875
-0.4068
-0.410867
-0.414396
-0.416929
-0.418228
-0.418252
-0.416998
-0.414556
-0.411006
-0.406511
-0.401264
-0.395609
-0.38996
-0.38481
-0.380638
-0.377796
-0.37642
-0.376463
-0.377702
-0.379837
-0.382611
-0.385793
-0.389249
-0.392863
-0.396517
-0.400043
-0.40324
-0.40592
-0.407889
-0.409016
-0.409255
-0.408657
-0.407377
-0.405709
-0.404029
-0.40277
-0.402286
-0.402757
-0.404088
-0.405938
-0.407739
-0.408833
-0.408588
-0.406518
-0.402466
-0.396785
-0.390559
-0.385514
-0.383492
-0.385607
-0.39159
-0.40006
-0.409237
-0.417748
-0.424866
-0.430423
-0.434585
-0.437587
-0.43968
-0.441077
-0.441906
-0.442257
-0.442172
-0.441725
-0.440952
-0.439924
-0.438715
-0.437423
-0.436156
-0.43498
-0.434015
-0.433327
-0.43296
-0.432955
-0.433305
-0.434003
-0.435036
-0.436365
-0.437967
-0.43982
-0.441891
-0.444144
-0.446488
-0.448768
-0.450771
-0.452199
-0.452689
-0.451888
-0.449516
-0.445435
-0.439953
-0.433817
-0.428277
-0.424649
-0.423779
-0.425688
-0.429554
-0.434179
-0.438553
-0.442036
-0.444465
-0.445975
-0.446924
-0.447701
-0.448599
-0.449776
-0.451173
-0.452612
-0.453825
-0.454598
-0.454826
-0.454468
-0.453546
-0.45212
-0.450202
-0.447811
-0.444945
-0.441633
-0.43791
-0.433883
-0.429702
-0.425643
-0.422087
-0.419507
-0.418344
-0.418934
-0.421302
-0.425159
-0.429971
-0.435125
-0.440084
-0.44447
-0.448122
-0.451013
-0.45327
-0.45503
-0.456452
-0.457675
-0.458775
-0.459753
-0.460575
-0.461147
-0.461324
-0.461019
-0.460127
-0.458615
-0.456444
-0.453656
-0.45032
-0.446554
-0.442477
-0.43828
-0.43417
-0.430436
-0.427409
-0.425464
-0.424888
-0.425806
-0.428087
-0.431402
-0.435294
-0.439293
-0.443035
-0.446279
-0.448918
-0.450943
-0.452392
-0.453322
-0.453744
-0.453639
-0.45293
-0.451509
-0.449235
-0.446072
-0.442079
-0.437592
-0.433215
-0.429739
-0.427916
-0.428186
-0.430451
-0.434136
-0.438447
-0.442631
-0.446203
-0.448935
-0.450849
-0.452087
-0.452891
-0.453502
-0.454129
-0.4549
-0.455903
-0.457088
-0.458395
-0.459719
-0.460932
-0.461943
-0.462702
-0.463171
-0.463342
-0.463247
-0.462955
-0.462536
-0.462019
-0.461442
-0.460782
-0.459988
-0.458988
-0.457727
-0.456204
-0.454506
-0.452789
-0.451259
-0.450122
-0.449544
-0.449617
-0.45033
-0.451607
-0.4533
-0.455244
-0.457253
-0.45913
-0.460685
-0.461742
-0.462138
-0.461717
-0.460353
-0.457955
-0.454466
-0.449812
-0.443949
-0.436744
-0.428027
-0.417643
-0.405621
-0.392553
-0.379953
-0.370295
-0.366101
-0.368582
-0.376766
-0.388101
-0.399912
-0.410366
-0.418644
-0.424585
-0.428342
-0.430127
-0.430173
-0.428669
-0.425837
-0.421865
