1.2
1.20129
1.20297
1.20492
1.207
1.20902
1.21076
1.21196
1.21244
1.21206
1.21083
1.20895
1.20678
1.20482
1.20351
1.20308
1.20346
1.20429
1.2051
1.20551
1.20527
1.20433
1.2028
1.2009
1.19888
1.19703
1.19559
1.19478
1.19474
1.1955
1.19701
1.19912
1.20163
1.20431
1.20695
1.20938
1.21148
1.21319
1.2145
1.2154
1.21593
1.21611
1.21599
1.21556
1.21485
1.21385
1.21257
1.21101
1.2092
1.2072
1.20511
1.20311
1.20136
1.20007
1.19941
1.19944
1.20016
1.20141
1.20297
1.20458
1.20599
1.20699
1.20745
1.20734
1.20672
1.20576
1.20467
1.20368
1.20299
1.20271
1.20282
1.20325
1.20383
1.2044
1.20483
1.20503
1.20495
1.20458
1.20396
1.20316
1.20223
1.20127
1.20033
1.19947
1.19869
1.19798
1.19729
1.19654
1.19563
1.19442
1.19277
1.19052
1.18756
1.18386
1.17954
1.17499
1.17087
1.16804
1.16729
1.169
1.17299
1.17855
1.18474
1.19077
1.1961
1.20047
1.20383
1.20624
1.20781
1.20867
1.20894
1.20871
1.2081
1.20719
1.20607
1.2048
1.20346
1.20209
1.20071
1.19933
1.19797
1.19661
1.19526
1.19396
1.19274
1.19168
1.19083
1.19026
1.18999
1.19002
1.19029
1.19073
1.19128
1.19186
1.19243
1.19294
1.19336
1.19366
1.19379
1.1937
1.19331
1.19255
1.19137
1.18971
1.18756
1.18494
1.18193
1.17864
1.17524
1.1719
1.16884
1.16629
1.16446
1.16351
1.16353
1.16453
1.16637
1.16887
1.17174
1.17474
1.1776
1.18015
1.18224
1.1838
1.18478
1.18515
1.18492
1.18409
1.18272
1.18088
1.17871
1.17643
1.17428
1.17257
1.17153
1.1713
1.17185
1.17302
1.17455
1.17616
1.17762
1.17875
1.17947
1.17975
1.1796
1.17904
1.17814
1.17692
1.17545
1.17377
1.17192
1.16995
1.1679
1.16582
1.16377
1.1618
1.15996
1.15831
1.15688
1.1557
1.15478
1.15412
1.15369
1.15347
1.15342
1.15349
1.15365
1.15386
1.15409
1.15431
1.15453
1.15471
1.15487
1.15499
1.15508
1.15514
1.15517
1.15518
1.15518
1.15516
1.15513
1.15511
1.15509
1.15508
1.15509
1.15513
1.15521
1.15534
1.15552
1.15575
1.15605
1.1564
1.15681
1.15727
1.15776
1.15826
1.15878
1.15929
1.15977
1.16023
1.16063
1.16098
1.16126
1.16144
1.16151
1.16141
1.16108
1.16045
1.1594
1.15782
1.15562
1.15276
1.1493
1.14549
1.14176
1.1387
1.13686
1.13656
1.13771
1.13988
1.1425
1.14502
1.14709
1.14859
1.14956
1.15015
1.15057
1.15102
1.15168
1.15265
1.15397
1.15558
1.15742
1.15937
1.16133
1.16322
1.16499
1.16662
1.16811
1.16947
1.17072
1.17187
1.17295
1.17394
1.17486
1.17571
1.17648
1.17719
1.17782
1.17839
1.17891
1.17936
1.17974
1.18003
1.1802
1.1802
1.17994
1.17935
1.17829
1.17665
1.17429
1.1711
1.16707
1.16232
1.15719
1.15223
1.14815
1.14563
1.14508
1.14651
1.1496
1.15383
1.15865
1.16359
1.16826
1.17244
1.176
1.17888
1.18111
1.18272
1.18379
1.18434
1.18444
1.1841
1.18334
1.1822
1.18071
1.17895
1.17703
1.17513
1.17344
1.17215
1.17139
1.1712
1.1715
1.17213
1.17288
1.17358
1.17412
1.17442
1.17452
1.17446
1.17433
1.17424
1.17427
1.17452
1.17504
1.17584
1.17695
1.17831
1.17987
1.18158
1.18334
1.1851
1.18681
1.18842
1.18992
1.19131
1.19259
1.19377
1.19488
1.1959
1.19683
1.19766
1.19835
1.19885
1.19909
1.19901
1.19855
1.19766
1.19633
1.19459
1.19253
1.19032
1.18817
1.18629
1.18484
1.18391
1.1835
1.18357
1.18408
1.18498
1.18627
1.18789
1.18974
1.1916
1.19319
1.1942
1.19429
1.19319
1.19073
1.18686
1.18178
1.17598
1.17024
1.16553
1.16277
1.16251
1.16472
1.16886
1.17413
1.17973
1.18508
1.18987
1.19397
1.19736
1.20004
1.202
1.20323
1.2037
1.20341
1.20244
1.20096
1.19924
1.19762
1.19643
1.19591
1.19611
1.19689
1.19798
1.19908
1.19994
1.20039
1.2004
1.19999
1.19928
1.19842
1.19755
1.19681
1.19629
1.19602
1.19597
1.19609
1.19626
1.19639
1.1964
1.19622
1.19578
1.19508
1.19408
1.1928
1.19123
1.18941
1.18739
1.18523
1.18304
1.18094
1.17909
1.17761
1.17662
1.17617
1.17627
1.17687
1.17786
1.17915
1.18064
1.18224
1.1839
1.18557
1.18722
1.18881
1.1903
1.19161
1.19269
1.19347
1.19392
1.19402
1.19381
1.19338
1.19285
1.19238
1.19211
1.19214
1.19252
1.19322
1.19418
1.19531
1.19645
1.19744
1.19809
1.19823
1.19775
1.19662
1.19495
1.19298
1.19106
1.18959
1.1889
1.18925
1.19068
1.19307
1.19619
1.19972
1.20336
1.20686
1.21003
1.21274
1.2149
1.21645
1.21736
1.2176
1.21711
1.21589
1.21392
1.21124
1.20798
1.20438
1.20077
1.19759
1.19524
1.19407
1.19422
1.19561
1.19799
1.20095
1.20404
1.20685
1.20903
1.21038
1.21079
1.21028
1.20898
1.20709
1.20487
1.20261
1.20058
1.19899
1.19801
1.19768
1.19799
1.19887
1.20017
1.20174
1.20342
1.20505
1.20651
1.2077
1.20856
1.20907
1.20926
1.20916
1.20884
1.20835
1.20778
1.20716
1.20656
1.20599
1.20547
1.20502
1.20462
1.20427
1.20396
1.20367
1.20339
1.20311
1.20283
1.20254
1.20225
1.20196
1.20168
1.20144
1.20124
1.20109
1.20102
1.20101
1.20108
1.2012
1.20138
1.20159
1.20181
1.20202
1.2022
1.20234
1.20243
1.20244
1.20237
1.20222
1.20199
1.20166
1.20125
1.20075
1.20015
1.19947
1.1987
1.19784
1.1969
1.19589
1.19482
1.1937
1.19256
1.19143
1.19035
1.18936
1.18853
1.18789
1.18752
1.18744
1.18768
1.18824
1.1891
1.19021
1.19151
1.19292
1.19436
1.19575
1.19702
1.19812
1.19899
1.1996
1.19992
1.19994
1.19965
1.19906
1.19817
1.19703
1.19567
1.19414
1.19252
1.19088
1.18933
1.18796
1.18689
1.18622
1.18602
1.18636
1.18723
1.18859
1.19034
1.19234
1.19444
1.19649
1.19838
1.20001
1.20134
1.20236
1.20308
1.20353
1.20375
1.20379
1.20371
1.20355
1.20337
1.20319
1.20306
1.20298
1.20295
1.20296
1.203
1.20304
1.20309
1.20315
1.20321
1.20331
1.20346
1.20368
1.20395
1.20429
1.20466
1.20504
1.20541
1.20575
1.20604
1.20627
1.20642
1.20649
1.20644
1.20624
1.20583
1.20518
1.20427
1.20314
1.20189
1.20068
1.19975
1.19929
1.19946
1.20029
1.20169
1.20347
1.20539
1.20724
1.20881
1.20997
1.2106
1.21064
1.21004
1.20876
1.20681
1.20429
1.20136
1.19836
1.19574
1.19403
1.19367
1.19483
1.1974
1.20097
1.20506
1.20921
1.2131
1.21654
1.21947
1.2219
1.22387
1.22542
1.2266
1.22745
1.228
1.22827
1.2283
1.22813
1.22782
1.22744
1.22706
1.22677
1.22663
1.22668
1.22692
1.22733
1.22782
1.22832
1.22871
1.22887
1.22865
1.22788
1.22634
1.22379
1.21997
1.21469
1.20801
1.20041
1.19294
1.18703
1.18396
1.18416
1.18702
1.19134
1.19593
1.20003
1.20333
1.20582
1.20767
1.2091
1.21037
1.2117
1.21327
1.21518
1.21742
1.21986
1.22231
1.22454
1.22637
1.22767
1.2284
1.22857
1.22822
1.22746
1.22636
1.22503
1.22355
1.22201
1.22047
1.219
1.21763
1.21641
1.21537
1.21452
1.21388
1.21343
1.21319
1.21313
1.21325
1.21351
1.2139
1.21437
1.21489
1.21543
1.21595
1.21641
1.21678
1.21704
1.21716
1.21711
1.21687
1.21642
1.21574
1.21483
1.21368
1.21234
1.21087
1.20939
1.20805
1.20703
1.2065
1.20658
1.20731
1.20863
1.2104
1.21245
1.21459
1.21666
1.21854
1.22012
1.22136
1.22218
1.22252
1.22231
1.22142
1.21971
1.21697
1.21298
1.20751
1.20038
1.19162
1.18163
1.17143
1.16268
1.15737
1.15694
1.16142
1.16932
1.17854
1.18729
1.19457
1.20014
1.20417
1.20708
1.20931
1.21124
1.21319
1.21534
1.21776
1.22039
1.2231
1.22572
1.22809
1.23003
1.23147
1.23235
1.23272
1.23266
1.23231
1.23183
1.23136
1.23102
1.23084
1.23082
1.2309
1.23103
1.23112
1.23114
1.23105
1.23083
1.23051
1.23009
1.22964
1.22919
1.2288
1.22852
1.22837
1.22837
1.22852
1.2288
1.22917
1.22962
1.2301
1.23053
1.23085
1.23098
1.23084
1.23038
1.2296
1.22853
1.22729
1.22603
1.22488
1.22393
1.22318
1.22254
1.22189
1.22119
1.22056
1.22031
1.22088
1.22263
1.22559
1.22942
1.23351
1.23716
1.23985
1.24123
1.24122
1.23995
1.23783
1.23551
1.23384
1.2336
1.23515
1.23823
1.24207
1.24574
1.24848
1.24989
1.24989
1.24865
1.2465
1.24383
1.24105
1.23852
1.23649
1.23507
1.2342
1.23374
1.23351
1.23341
1.23346
1.23379
1.23459
1.23601
1.23806
1.24058
1.24326
1.24566
1.24732
1.24783
1.24692
1.24458
1.24117
1.23745
1.23446
1.23313
1.23391
1.23655
1.24031
1.24431
1.24786
1.25048
1.25189
1.25189
1.25037
1.24728
1.24271
1.23687
1.23013
1.22299
1.21607
1.20992
1.20506
1.20182
1.20033
1.20053
1.20215
1.20478
1.20798
1.21135
1.21462
1.21767
1.22046
1.22302
1.22534
1.2274
1.22913
1.23045
1.23129
1.23158
1.23132
1.23054
1.22933
1.22782
1.22614
1.22447
1.22293
1.22166
1.22073
1.22018
1.22
1.22017
1.22063
1.22132
1.22216
1.22309
1.22405
1.22499
1.22586
1.22662
1.22725
1.22775
1.22808
1.22827
1.2283
1.22819
1.22794
1.22755
1.22703
1.22638
1.2256
1.22469
1.22366
1.2225
1.22125
1.21992
1.21857
1.21728
1.21612
1.2152
1.21458
1.21433
1.21448
1.21499
1.2158
1.21684
1.218
1.21918
1.22028
1.22124
1.22198
1.22245
1.22262
1.22246
1.22197
1.22113
1.21995
1.21846
1.21666
1.21457
1.21224
1.20967
1.20691
1.20401
1.20104
1.19811
1.19535
1.19294
1.19107
1.18991
1.1896
1.19021
1.19169
1.19395
1.19681
1.20006
1.20346
1.20681
1.20992
1.21264
1.21484
1.21646
1.21744
1.21777
1.21745
1.21653
1.21505
1.21314
1.21093
1.20859
1.20634
1.20437
1.20282
1.20176
1.20118
1.20095
1.20093
1.20092
1.2008
1.20045
1.19985
1.19904
1.19808
1.19708
1.19615
1.19538
1.19484
1.19453
1.19445
1.19453
1.19469
1.19485
1.19492
1.19483
1.19455
1.19406
1.19335
1.19245
1.1914
1.19023
1.18902
1.18781
1.18665
1.1856
1.1847
1.18399
1.18346
1.18314
1.183
1.18303
1.18321
1.18353
1.18396
1.18447
1.18502
1.18559
1.18612
1.18659
1.18697
1.18723
1.18736
1.18736
1.18724
1.187
1.18664
1.1862
1.18567
1.18507
1.18442
1.18373
1.18302
1.1823
1.18159
1.18091
1.1803
1.17976
1.17935
1.17908
1.17901
1.17915
1.17954
1.1802
1.18115
1.18238
1.18389
1.18564
1.18759
1.1897
1.19189
1.19412
1.19631
1.19841
1.20035
1.20209
1.20356
1.20471
1.20549
1.20583
1.20568
1.20495
1.20361
1.20159
1.19886
1.19543
1.19131
1.18655
1.18124
1.1755
1.16954
1.1636
1.15804
1.15328
1.14975
1.14781
1.1477
1.14939
1.1526
1.15683
1.16153
1.1662
1.1705
1.17427
1.1775
1.18022
1.18248
1.18425
1.18553
1.18634
1.18688
1.18753
1.1888
1.19112
1.19463
1.19908
1.20393
1.20857
1.21252
1.2155
1.21742
1.21828
1.21817
1.2172
1.21549
1.21314
1.21027
1.20703
1.20357
1.20007
1.19673
1.19376
1.19135
1.18967
1.18883
1.18888
1.18979
1.19143
1.19359
1.19605
1.19855
1.20087
1.20284
1.20435
1.20534
1.20583
1.20585
1.20548
1.20482
1.20399
1.20313
1.20235
1.20176
1.20142
1.20138
1.20164
1.20217
1.20294
1.20388
1.20496
1.2061
1.20727
1.2084
1.20947
1.21044
1.21128
1.21198
1.21252
1.21289
1.21309
1.21311
1.21299
1.21273
1.21237
1.21193
1.21143
1.21087
1.21024
1.20952
1.20866
1.20764
1.20646
1.20513
1.20372
1.2023
1.20098
1.19987
1.19908
1.1987
1.1988
1.19939
1.20048
1.20199
1.20382
1.20582
1.20782
1.20966
1.21119
1.21232
1.21298
1.21315
1.21285
1.2121
1.21095
1.20944
1.20761
1.2055
1.20312
1.20051
1.19769
1.19471
1.19162
1.18849
1.18537
1.18229
1.1793
1.17647
1.17393
1.17187
1.17051
1.17007
1.17069
1.17238
1.17499
1.17828
1.18198
1.18585
1.18971
1.19341
1.19687
1.20001
1.20275
1.20504
1.20683
1.2081
1.20884
1.20904
1.2087
1.2078
1.20627
1.20404
1.20094
1.19679
1.19136
1.18449
1.1763
1.16745
1.15927
1.15362
1.15202
1.15473
1.16061
1.16782
1.17482
1.18073
1.18527
1.18851
1.19066
1.19191
1.19242
1.19231
1.19162
1.19038
1.18854
1.18607
1.18294
1.17917
1.1749
1.17048
1.16648
1.16358
1.16238
1.1631
1.16549
1.1689
1.17262
1.17604
1.17879
1.18073
1.18187
1.1823
1.18215
1.18155
1.18067
1.17965
1.17864
1.17777
1.17712
1.17673
1.17654
1.17644
1.17629
1.17592
1.1752
1.17403
1.17237
1.17025
1.16774
1.16501
1.16226
1.15977
1.15782
1.15664
1.1564
1.15712
1.15867
1.16083
1.16331
1.16586
1.16829
1.17047
1.17237
1.17399
1.17537
1.17655
1.17754
1.17834
1.17893
1.1793
1.17943
1.17936
1.17916
1.17894
1.17883
1.17896
1.17938
1.18013
1.18114
1.18231
1.18348
1.18454
1.18536
1.18585
1.18598
1.18574
1.18513
1.18421
1.18303
1.18169
1.1803
1.17895
1.17777
1.17682
1.17617
1.17581
1.17573
1.17588
1.17617
1.17654
1.17691
1.17721
1.17739
1.17741
1.17725
1.17689
1.17635
1.17565
1.17483
1.17396
1.17307
1.17223
1.17147
1.17076
1.17007
1.16931
1.16834
1.16701
1.1652
1.16281
1.15988
1.15666
1.15356
1.1512
1.15013
1.15065
1.15268
1.15575
1.15926
1.16267
1.16563
1.16796
1.16963
1.17066
1.17112
1.17103
1.17043
1.16933
1.16773
1.16566
1.16318
1.16041
1.15752
1.15477
1.15244
1.1508
1.15003
1.15022
1.15131
1.15312
1.15536
1.15772
1.15989
1.16164
1.1628
1.16332
1.16326
1.16274
1.16198
1.16123
1.16074
1.16072
1.16127
1.16241
1.164
1.16585
1.16771
1.16935
1.17058
1.1713
1.17143
1.17097
1.16998
1.16854
1.16677
1.16481
1.16278
1.16085
1.15912
1.15774
1.15679
1.15633
1.15635
1.15681
1.15756
1.15844
1.15931
1.16004
1.16055
1.16082
1.16087
1.1607
1.16037
1.15992
1.15941
1.15892
1.15853
1.15833
1.15839
1.15876
1.15946
1.16046
1.16172
1.16315
1.16467
1.16618
1.16758
1.1688
1.16977
1.17043
1.17075
1.17068
1.17024
1.1694
1.16819
1.16666
1.16484
1.16285
1.16077
1.15876
1.15696
1.15555
1.15466
1.1544
1.15479
1.15579
1.15728
1.15906
1.16094
1.1627
1.16416
1.1652
1.16574
1.16578
1.16535
1.16454
1.16344
1.1622
1.16093
1.15977
1.15877
1.158
1.15744
1.15707
1.15685
1.15675
1.15676
1.1569
1.1572
1.15774
1.15857
1.15974
1.16125
1.16307
1.16513
1.1673
1.16951
1.17164
1.17362
1.17542
1.17699
1.17832
1.17941
1.18026
1.18085
1.18119
1.18127
1.1811
1.18069
1.18009
1.17936
1.17858
1.17787
1.17734
1.17709
1.17721
1.17769
1.17851
1.17959
1.18083
1.18213
1.1834
1.18456
1.18559
1.18643
1.18708
1.18752
1.18772
1.18767
1.18737
1.18685
1.18616
1.18543
1.18484
1.18459
1.18488
1.18584
1.18746
1.18964
1.19217
1.19483
1.19739
1.1997
1.20169
1.20334
1.20469
1.20582
1.20683
1.20783
1.2089
1.21006
1.21131
1.21254
1.21362
1.21433
1.21444
1.21369
1.21181
1.20852
1.20364
1.19713
1.18919
1.1804
1.17175
1.16443
1.15952
1.15755
1.15836
1.16131
1.16564
1.17069
1.1761
1.18166
1.18727
1.19285
1.19831
1.20354
1.20844
1.2129
1.21685
1.22022
1.22298
1.2251
1.22657
1.22738
1.22747
1.22682
1.22534
1.22298
1.21969
1.21551
1.21066
1.20554
1.20077
1.19709
1.19504
1.19479
1.19604
1.19814
1.20041
1.20229
1.20339
1.20348
1.2024
1.19999
1.19611
1.19066
1.1837
1.1756
1.16721
1.15986
1.15504
1.15383
1.15636
1.16174
1.16854
1.17538
1.18128
1.18577
1.18873
1.19025
1.19056
1.1899
1.18856
1.18681
1.18494
1.1832
1.18177
1.18079
1.18032
1.18033
1.18078
1.18159
1.18266
1.18392
1.18529
1.18672
1.18815
1.18956
1.1909
1.19213
1.19325
1.19422
1.19503
1.19565
1.19608
1.1963
1.1963
1.19608
1.19565
1.19505
1.19429
1.19344
1.19256
1.19171
1.19094
1.1903
1.18978
1.18939
1.18912
1.18894
1.18883
1.18875
1.18864
1.18843
1.18806
1.18747
1.18666
1.18571
1.18475
1.18398
1.18359
1.18369
1.1843
1.18533
1.18662
1.188
1.18936
1.19061
1.19174
1.19278
1.19374
1.19466
1.19555
1.19639
1.19715
1.1978
1.19829
1.19856
1.19853
1.19815
1.19732
1.19595
1.19394
1.19117
1.18754
1.18299
1.17753
1.17139
1.16504
1.15928
1.15511
1.1534
1.15455
1.15838
1.16422
1.17117
1.17837
1.18514
1.19104
1.19585
1.19957
1.20227
1.20411
1.20526
1.20589
1.20614
1.20612
1.20594
1.20564
1.20529
1.20491
1.2045
1.20405
1.20356
1.20297
1.20226
1.20138
1.20031
1.19901
1.19749
1.1958
1.194
1.1922
1.19052
1.18906
1.18787
1.18696
1.1863
1.18587
1.18564
1.18565
1.18595
1.18662
1.18769
1.1891
1.19075
1.19249
1.19411
1.19546
1.19636
1.19671
1.19639
1.19536
1.19361
1.1912
1.18827
1.18509
1.18201
1.17943
1.17771
1.17709
1.17761
1.1791
1.1813
1.18389
1.18657
1.18911
1.19136
1.19321
1.19461
1.19557
1.19611
1.19629
1.19618
1.19588
1.19546
1.19502
1.19462
1.19431
1.19411
1.19405
1.1941
1.19426
1.19449
1.19477
1.19506
1.19536
1.19564
1.19592
1.1962
1.19651
1.19689
1.19736
1.19795
1.19869
1.19958
1.20059
1.20169
1.2028
1.20382
1.20466
1.2052
1.20533
1.20497
1.20406
1.2026
1.20065
1.19832
1.19575
1.19314
1.19066
1.18842
1.18649
1.18487
1.18351
1.18238
1.18146
1.18075
1.18031
1.18018
1.18046
1.1812
1.18245
1.18419
1.18639
1.18896
1.19178
1.19472
1.19763
1.20041
1.20297
1.20527
1.20728
1.20902
1.21049
1.21171
1.21267
1.21332
1.21361
1.21347
1.21279
1.21151
1.20958
1.20702
1.20392
1.20044
1.19683
1.19335
1.19023
1.1877
1.18594
1.18513
1.1854
1.18683
1.18933
1.19265
1.19642
1.20028
1.2039
1.20704
1.20958
1.21149
1.21278
1.21354
1.21382
1.21373
1.21336
1.21281
1.21219
1.2116
1.21117
1.21099
1.21114
1.21166
1.21253
1.2137
1.21509
1.2166
1.21812
1.21958
1.22094
1.22219
1.22337
1.22453
1.22576
1.22712
1.22866
1.23039
1.23228
1.23426
1.23624
1.23811
1.23977
1.24112
1.24208
1.24257
1.24255
1.24199
1.24084
1.23909
1.23673
1.23376
1.23019
1.22606
1.22144
1.21646
1.21134
1.20634
1.2018
1.19808
1.19548
1.19418
1.19424
1.19556
1.19793
1.20116
1.20503
1.20937
1.21403
1.21883
1.22361
1.22818
1.2324
1.23612
1.23925
1.24172
1.24348
1.24451
1.24481
1.24439
1.24333
1.24171
1.23969
1.23746
1.23522
1.2332
1.23158
1.23046
1.22986
1.2297
1.22983
1.23002
1.22999
1.22947
1.22816
1.22584
1.22238
1.21785
1.21259
1.20728
1.20281
1.20002
1.19927
1.20031
1.20238
1.20459
1.20629
1.2072
1.20734
1.20693
1.2063
1.20576
1.20553
1.20575
1.20643
1.20752
1.20891
1.21048
1.21208
1.21361
1.21497
1.21604
1.21676
1.21703
1.2168
1.21604
1.2148
1.2132
1.21146
1.20984
1.20862
1.20798
1.208
1.20855
1.20943
1.21037
1.21114
1.21159
1.21163
1.21127
1.21058
1.20965
1.20861
1.20757
1.20666
1.20594
1.20546
1.20522
1.20516
1.2052
1.20519
1.20499
1.20444
1.20335
1.2016
1.19909
1.19582
1.19194
1.18782
1.18405
1.18136
1.18037
1.1814
1.18425
1.18837
1.19303
1.19758
1.20159
1.20486
1.20736
1.20918
1.21047
1.21141
1.21214
1.2128
1.21348
1.21423
1.21505
1.21591
1.21674
1.21745
1.21798
1.21823
1.21813
1.2176
1.21659
1.21508
1.21308
1.21069
1.20804
1.20531
1.20273
1.20045
1.19858
1.19713
1.19609
1.19549
1.19541
1.19602
1.1975
1.19993
1.20324
1.20721
1.21148
1.2157
1.21955
1.22282
1.22538
1.22718
1.22822
1.22857
1.22832
1.22761
1.22665
1.22569
1.22501
1.22484
1.22535
1.22656
1.22833
1.23045
1.23265
1.23467
1.2363
1.23738
1.23781
1.23753
1.23649
1.23468
1.23215
1.22896
1.22526
1.22126
1.21721
1.21336
1.20993
1.20709
1.2049
1.20337
1.20246
1.20209
1.20215
1.20248
1.20287
1.2031
1.20295
1.20231
1.20122
1.19992
1.19883
1.19839
1.19897
1.20066
1.20329
1.20651
1.20988
1.21305
1.21577
1.2179
1.2194
1.22026
1.2205
1.22017
1.2193
1.21789
1.21596
1.21348
1.21045
1.20687
1.20282
1.19844
1.19402
1.18992
1.18656
1.18423
1.18301
1.18274
1.18304
1.18346
1.18363
1.18329
1.18238
1.18094
1.17914
1.17721
1.17542
1.17403
1.1732
1.17305
1.17355
1.17462
1.17611
1.17785
1.1797
1.18154
1.18329
1.1849
1.18634
1.18761
1.18872
1.18966
1.19045
1.19109
1.19155
1.19182
1.19184
1.19155
1.19087
1.18973
1.18806
1.18582
1.18307
1.17996
1.1768
1.17397
1.17189
1.17085
1.17093
1.17197
1.17365
1.17564
1.17767
1.17958
1.18133
1.18292
1.18438
1.18571
1.18689
1.18785
1.1885
1.18874
1.18848
1.18763
1.18612
1.18392
1.18102
1.17742
1.17321
1.16853
1.16374
1.15949
1.15675
1.15661
1.15977
1.16603
1.1743
1.18307
1.19106
1.19748
1.20204
1.2048
1.20591
1.20559
1.20402
1.20134
1.19764
1.19303
1.18758
1.18142
1.17476
1.1679
1.16128
1.15546
1.15105
1.14857
1.1483
1.15015
1.15362
1.15802
1.16261
1.16682
1.17034
1.17311
1.1753
1.17715
1.17895
1.1809
1.18308
1.18547
1.18797
1.19042
1.19266
1.19456
1.19602
1.19697
1.19737
1.19719
1.19642
1.19507
1.19312
1.19061
1.1876
1.18416
1.18045
1.17665
1.17295
1.16956
1.16659
1.1641
1.16202
1.16023
1.15862
1.15715
1.15592
1.15516
1.1551
1.15595
1.15769
1.16015
1.163
1.16589
1.16855
1.17078
1.17252
1.17376
1.17453
1.17489
1.17489
1.17457
1.17395
1.17303
1.1718
1.17021
1.16824
1.16583
1.16295
1.1596
1.15582
1.15173
1.14752
1.14345
1.13978
1.1368
1.13467
1.13344
1.13308
1.13343
1.13434
1.13564
1.13722
1.13899
1.14088
1.14285
1.14485
1.14684
1.14876
1.15056
1.15217
1.15354
1.1546
1.1553
1.15556
1.15532
1.15453
1.15318
1.15132
1.1491
1.14676
1.1446
1.14293
1.14198
1.14181
1.14228
1.14314
1.14411
1.14494
1.14551
1.14573
1.14558
1.145
1.14393
1.14232
1.1402
1.13772
1.13522
1.13316
1.13201
1.13211
1.13357
1.13623
1.13976
1.14379
1.14797
1.15205
1.15587
1.15931
1.1623
1.16477
1.16671
1.16813
1.16906
1.16956
1.16969
1.16951
1.16911
1.16853
1.16782
1.16703
1.16617
1.16524
1.16423
1.16313
1.16193
1.16061
1.15919
1.15774
1.15639
1.1553
1.15473
1.15486
1.15582
1.15755
1.15983
1.1623
1.16459
1.16638
1.16745
1.16771
1.16719
1.16596
1.1642
1.1621
1.15987
1.1577
1.15578
1.15418
1.1529
1.15179
1.1506
1.14903
1.14678
1.14367
1.13975
1.13542
1.1314
1.12865
1.12804
1.12998
1.13426
1.14019
1.14685
1.1534
1.15926
1.16407
1.1677
1.17016
1.17156
1.17202
1.17169
1.17071
1.16924
1.16739
1.1653
1.1631
1.16093
1.15891
1.15716
1.15576
1.15477
1.1542
1.15403
1.1542
1.15461
1.15517
1.15578
1.15637
1.15688
1.15727
1.15753
1.15766
1.15767
1.15759
1.15742
1.15719
1.15693
1.15665
1.15636
1.15608
1.15581
1.15556
1.15533
1.15512
1.15494
1.15477
1.15463
1.1545
1.15439
1.1543
1.15421
1.15413
1.15405
1.15394
1.15378
1.15355
1.1532
1.15268
1.15191
1.15083
1.14937
1.14744
1.14504
1.14218
1.13901
1.13577
1.13281
1.13051
1.12918
1.12899
1.12985
1.13149
1.13351
1.13548
1.13695
1.13752
1.13687
1.13474
1.1311
1.12625
1.12099
1.11651
1.11406
1.11432
1.11703
1.12118
1.12557
1.12931
1.13196
1.13346
1.13398
1.13379
1.13324
1.13264
1.13226
1.13231
1.13285
1.13384
1.13514
1.13656
1.13794
1.13914
1.14007
1.1407
1.14105
1.14116
1.14108
1.14087
1.1406
1.14035
1.14019
1.14021
1.14046
1.14102
1.14191
1.14313
1.14464
1.14635
1.14817
1.14998
1.15167
1.15316
1.15437
1.15527
1.15584
1.15608
1.15601
1.15566
1.15507
1.15429
1.15337
1.15236
1.15132
1.1503
1.14935
1.14852
1.14786
1.14743
1.1473
1.14751
1.14811
1.14908
1.15038
1.15192
1.15358
1.15522
1.15673
1.15803
1.15905
1.1598
1.16026
1.16047
1.16047
1.1603
1.16
1.15962
1.15918
1.1587
1.15819
1.15764
1.15707
1.15647
1.15584
1.15519
1.15451
1.15379
1.15299
1.15203
1.15086
1.14942
1.14773
1.14592
1.14421
1.14294
1.1424
1.1428
1.14412
1.14624
1.14893
1.15202
1.15539
1.15895
1.1626
1.16623
1.16969
1.17283
1.17553
1.17772
1.17934
1.1804
1.18091
1.18087
1.18032
1.17928
1.17779
1.17589
1.17365
1.17115
1.16849
1.16579
1.1632
1.16088
1.15899
1.15769
1.15711
1.15733
1.15833
1.15997
1.16204
1.16427
1.16641
1.16823
1.1696
1.17049
1.17091
1.17095
1.17071
1.17031
1.16978
1.16915
1.16835
1.16733
1.1661
1.1648
1.16374
1.16331
1.16383
1.16533
1.16744
1.16952
1.17077
1.17054
1.1684
1.16442
1.15924
1.15415
1.15072
1.15013
1.15256
1.1571
1.16245
1.16752
1.17174
1.17496
1.17726
1.17877
1.17958
1.17973
1.1792
1.178
1.17613
1.17372
1.17098
1.16825
1.16595
1.1644
1.16372
1.1637
1.16384
1.16349
1.16206
1.15921
1.15499
1.14992
1.14494
1.14127
1.14004
1.14187
1.14656
1.1532
1.16057
1.1676
1.1736
1.17832
1.18177
1.18413
1.18559
1.18637
1.18664
1.18653
1.18616
1.18559
1.1849
1.18412
1.18329
1.18244
1.1816
1.18079
1.18003
1.17933
1.17869
1.17812
1.1776
1.17713
1.17668
1.17624
1.17577
1.17525
1.17464
1.17393
1.1731
1.17216
1.17117
1.17018
1.16929
1.16861
1.16819
1.16804
1.1681
1.16818
1.16809
1.1676
1.16651
1.16468
1.16212
1.15894
1.15541
1.15191
1.14889
1.1467
1.14553
1.14539
1.14613
1.14755
1.14948
1.15179
1.1544
1.15722
1.16013
1.16298
1.16564
1.16805
1.17021
1.17224
1.17426
1.17639
1.17869
1.1811
1.18352
1.18579
1.18776
1.18934
1.19047
1.19113
1.19132
1.19108
1.19041
1.18933
1.18786
1.18599
1.18371
1.18103
1.17794
1.17448
1.1707
1.16668
1.16257
1.15853
1.15478
1.15152
1.14896
1.14727
1.14656
1.14683
1.14805
1.15006
1.15265
1.15553
1.15841
1.16095
1.16284
1.16378
1.16358
1.16212
1.15955
1.15625
1.15289
1.1503
1.14917
1.14985
1.15221
1.1558
1.16005
1.16448
1.16873
1.17254
1.17575
1.17821
1.17983
1.18056
1.18039
1.17932
1.17741
1.17475
1.17149
1.16785
1.16414
1.16072
1.15794
1.15613
1.15548
1.15602
1.1576
1.15996
1.16279
1.16577
1.16863
1.17116
1.17321
1.17466
1.17543
1.17543
1.1746
1.17291
1.17042
1.16732
1.164
1.16099
1.15883
1.15793
1.15833
1.15972
1.16155
1.16329
1.16455
1.16515
1.16511
1.16456
1.16368
1.1627
1.16177
1.16105
1.1606
1.16047
1.16067
1.16117
1.16198
1.16308
1.1645
1.16626
1.16839
1.17089
1.17372
1.17681
1.18004
1.1833
1.18648
1.18948
1.19223
1.19469
1.19684
1.19868
1.20021
1.20145
1.20241
1.20308
1.20349
1.20362
1.20347
1.20304
1.20229
1.20123
1.19983
1.19809
1.19599
1.19358
1.19092
1.1881
1.18531
1.18275
1.18066
1.17925
1.17867
1.17892
1.17983
1.18108
1.18221
1.18272
1.1822
1.18041
1.17739
1.17353
1.16949
1.166
1.16361
1.16245
1.16232
1.1628
1.16354
1.16443
1.16565
1.16759
1.17063
1.17491
1.18022
1.18608
1.1919
1.19723
1.20181
1.20554
1.20846
1.21068
1.21231
1.21346
1.21423
1.21469
1.21489
1.21484
1.21455
1.21398
1.21309
1.21181
1.21004
1.20766
1.2046
1.2008
1.19633
1.19142
1.18649
1.18208
1.17875
1.17685
1.17647
1.1774
1.17931
1.18189
1.18489
1.18812
1.19146
1.19475
1.19787
1.20068
1.2031
1.20504
1.20649
1.20744
1.20791
1.20795
1.20759
1.2069
1.20593
1.20477
1.20354
1.20241
1.20159
1.20129
1.20167
1.20281
1.20464
1.20695
1.20945
1.21182
1.21379
1.21515
1.21579
1.21567
1.21482
1.21332
1.21129
1.20889
1.20634
1.20397
1.20219
1.20141
1.20195
1.20384
1.20678
1.21021
1.21352
1.21623
1.21805
1.21886
1.21871
1.21763
1.21561
1.21247
1.20795
1.20183
1.1944
1.18681
1.18118
1.17977
1.1835
1.19129
1.20086
1.21011
1.2179
1.22392
1.22834
1.23148
1.23365
1.2351
1.23599
1.23644
1.23655
1.23639
1.23602
1.23553
1.23501
1.23459
1.23436
1.23443
1.23485
1.23561
1.23665
1.23785
1.23904
1.24007
1.24078
1.24101
1.24065
1.23958
1.2377
1.23493
1.2312
1.22643
1.22061
1.21377
1.20602
1.19759
1.18887
1.18039
1.17279
1.16675
1.16289
1.1616
1.16299
1.16687
1.17276
1.17996
1.18772
1.19535
1.20235
1.20842
1.21348
1.21758
1.22082
1.22333
1.22519
1.22645
1.22715
1.22725
1.2267
1.22541
1.22326
1.22009
1.21575
1.21018
1.20347
1.19603
1.18865
1.18231
1.17782
1.1754
1.17456
1.17453
1.17475
1.17513
1.17599
1.17767
1.18027
1.18353
1.187
1.1902
1.19281
1.19468
1.19578
1.19617
1.19593
1.19511
1.19377
1.19192
1.18955
1.18667
1.18334
1.17966
1.17588
1.17232
1.1694
1.1675
1.16681
1.16733
1.16879
1.17083
1.17305
1.17519
1.17708
1.17865
1.17993
1.18097
1.18181
1.18251
1.1831
1.18356
1.18386
1.18397
1.1838
1.18326
1.18228
1.18076
1.17863
1.17585
1.17242
1.16842
1.16397
1.15931
1.15477
1.1508
1.14791
1.14653
1.14688
1.14883
1.15199
1.15582
1.15982
1.16365
1.16713
1.17025
1.17307
1.17566
1.17808
1.18036
1.18246
1.18435
1.18599
1.18732
1.18835
1.18905
1.18944
1.18955
1.18939
1.18899
1.18838
1.18756
1.18655
1.18536
1.184
1.18246
1.18077
1.17893
1.177
1.17501
1.17302
1.17112
1.1694
1.16793
1.16681
1.1661
1.16584
1.16604
1.16667
1.1677
1.16905
1.17061
1.17227
1.17388
1.17529
1.17636
1.17694
1.17696
1.1764
1.17536
1.17405
1.17281
1.17203
1.17201
1.17289
1.17453
1.17664
1.17882
1.18075
1.1822
1.18306
1.18334
1.18312
1.18251
1.18164
1.18067
1.17972
1.17896
1.17852
1.1785
1.179
1.18001
1.18151
1.1834
1.18555
1.18782
1.19005
1.19212
1.19393
1.19543
1.19658
1.19737
1.19781
1.19792
1.19774
1.1973
1.19662
1.19573
1.19463
1.19335
1.19189
1.19031
1.1887
1.18718
1.18592
1.18512
1.18493
1.18547
1.18673
1.18864
1.19102
1.19364
1.19631
1.19882
1.20105
1.20293
1.20444
1.20559
1.20642
1.20697
1.2073
1.20746
1.2075
1.20746
1.20738
1.20728
1.20719
1.20715
1.20717
1.20727
1.20746
1.20776
1.20817
1.20869
1.2093
1.20997
1.21067
1.21133
1.21185
1.21212
1.212
1.21129
1.20977
1.20718
1.20327
1.19782
1.19073
1.18219
1.17272
1.1633
1.15518
1.14963
1.14745
1.14871
1.15273
1.15844
1.16477
1.17094
1.17653
1.18135
1.18535
1.18854
1.19096
1.19266
1.19369
1.19413
1.19406
1.19356
1.19274
1.19169
1.19052
1.18935
1.18827
1.18739
1.1868
1.18654
1.18666
1.18713
1.18791
1.18891
1.19001
1.19107
1.19199
1.19267
1.19306
1.19311
1.19282
1.1922
1.19129
1.19008
1.18859
1.18681
1.18472
1.18232
1.17962
1.17673
1.1738
1.17106
1.16877
1.16713
1.16626
1.16614
1.16664
1.16762
1.16897
1.1706
1.17248
1.17459
1.17692
1.17939
1.18193
1.18444
1.18683
1.18901
1.19093
1.19257
1.19391
1.19497
1.19577
1.19633
1.19666
1.19678
1.19671
1.19646
1.19604
1.19545
1.1947
1.19381
1.1928
1.19169
1.19053
1.18937
1.18828
1.18731
1.18649
1.18583
1.18529
1.1848
1.18428
1.18361
1.18275
1.18168
1.18048
1.17931
1.17838
1.17791
1.17807
1.1789
1.18033
1.1822
1.1843
1.18643
1.18844
1.19025
1.19181
1.19314
1.19423
1.19508
1.19571
1.19608
1.19618
1.196
1.19553
1.19482
1.19397
1.19313
1.19251
1.19231
1.19272
1.19377
1.1954
1.19741
1.19951
1.2014
1.20279
1.20341
1.20307
1.20164
1.19903
1.19526
1.19044
1.18482
1.17875
1.17269
1.16709
1.16239
1.159
1.15727
1.15747
1.15974
1.16391
1.16954
1.17596
1.18248
1.18851
1.19366
1.19776
1.20079
1.20285
1.20407
1.2046
1.20457
1.20409
1.20325
1.20211
1.20076
1.19925
1.19767
1.19614
1.19478
1.19372
1.19306
1.19285
1.19309
1.19371
1.19459
1.19562
1.19667
1.19768
1.19858
1.19938
1.20006
1.20067
1.20121
1.20172
1.20224
1.20277
1.20335
1.20399
1.20472
1.20554
1.20645
1.20745
1.20852
1.20963
1.21075
1.21184
1.21286
1.21376
1.21452
1.21509
1.21546
1.21561
1.21552
1.21522
1.21472
1.21407
1.21332
1.21255
1.21185
1.21127
1.21087
1.21067
1.21066
1.2108
1.21102
1.21127
1.2115
1.21165
1.21171
1.21165
1.21148
1.21119
1.21078
1.21027
1.20965
1.20894
1.20814
1.20727
1.20638
1.20554
1.20485
1.20444
1.20445
1.20497
1.20605
1.20764
1.20963
1.21185
1.21411
1.21625
1.21817
1.21981
1.22119
1.22238
1.22346
1.2245
1.22558
1.22671
1.22784
1.22886
1.22961
1.22996
1.22981
1.22919
1.22824
1.22722
1.22641
1.22606
1.2263
1.22708
1.22823
1.2295
1.23068
1.23158
1.23213
1.23228
1.23207
1.23153
1.23071
1.22964
1.22835
1.22683
1.22507
1.22305
1.2208
1.21838
1.21589
1.21353
1.21151
1.21001
1.20918
1.20903
1.20949
1.21043
1.2117
1.21319
1.21486
1.2167
1.2187
1.22086
1.22311
1.22539
1.22759
1.22962
1.23141
1.2329
1.23409
1.23497
1.23555
1.23586
1.23593
1.23576
1.23537
1.23475
1.23389
1.23278
1.23144
1.2299
1.22828
1.22673
1.22542
1.2245
1.22403
1.22398
1.22425
1.22471
1.22525
1.22585
1.22652
1.22734
1.22838
1.22967
1.23118
1.23288
1.2347
1.23657
1.23845
1.24031
1.24212
1.24385
1.24546
1.24693
1.24819
1.24919
1.24988
1.25023
1.25023
1.24993
1.2494
1.24871
1.24799
1.24732
1.24678
1.24638
1.2461
1.24589
1.24566
1.24532
1.2448
1.24406
1.24308
1.2419
1.24059
1.23927
1.23811
1.23727
1.23697
1.23738
1.23861
1.24065
1.24339
1.24658
1.24993
1.25311
1.25585
1.25794
1.25922
1.25965
1.25921
1.25798
1.25608
1.25369
1.25103
1.24834
1.24586
1.24378
1.24226
1.24136
1.24109
1.2414
1.24221
1.24338
1.24477
1.24627
1.24773
1.24907
1.25016
1.25092
1.25123
1.25098
1.25008
1.24845
1.2461
1.24317
1.23995
1.23683
1.23428
1.23259
1.23182
1.23167
1.23169
1.2314
1.23046
1.22877
1.22644
1.22373
1.22097
1.21847
1.21645
1.215
1.21412
1.21376
1.21389
1.21451
1.21566
1.21739
1.21971
1.22254
1.22574
1.22912
1.23248
1.23564
1.23845
1.24081
1.24265
1.24389
1.24448
1.24438
1.24355
1.24203
1.23989
1.2373
1.23453
1.23188
1.22959
1.22779
1.22645
1.22549
1.22494
1.225
1.22601
1.2282
1.23153
1.23562
1.23988
1.24371
1.24662
1.24832
1.2486
1.24738
1.24468
1.24064
1.23562
1.23017
1.22493
1.2205
1.21716
1.21488
1.21341
1.21248
1.2119
1.21159
1.21147
1.21149
1.21166
1.21205
1.21284
1.21417
1.21612
1.21856
1.22124
1.22384
1.22608
1.22783
1.2291
1.23003
1.23081
1.23163
1.23264
1.23391
1.23541
1.23706
1.23878
1.24047
1.24204
1.24346
1.24466
1.24563
1.24634
1.24675
1.24685
1.24666
1.24618
1.24549
1.24468
1.24385
1.24313
1.24262
1.24237
1.24238
1.24259
1.24292
1.24328
1.24364
1.24399
1.24434
1.24475
1.24523
1.24577
1.24632
1.24678
1.24705
1.24701
1.2465
1.24539
1.24352
1.24076
1.23704
1.23249
1.22751
1.2229
1.21965
1.21864
1.22015
1.22394
1.22954
1.23644
1.24408
1.25183
1.25909
1.26545
1.27072
1.27484
1.27781
1.27965
1.28042
1.28019
1.27909
1.27729
1.27498
1.27237
1.26973
1.26732
1.26544
1.26436
1.26428
1.2653
1.26738
1.27034
1.27394
1.27788
1.28194
1.28591
1.28968
1.29319
1.29644
1.2994
1.30206
1.30435
1.30617
1.30733
1.30762
1.30679
1.30459
1.3009
1.2958
1.28965
1.28315
1.27703
1.27177
1.26738
1.26366
1.26071
1.25927
1.26032
1.26426
1.27043
1.27747
1.28407
1.28945
1.29338
1.29596
1.29745
1.29809
1.29812
1.29771
1.297
1.29611
1.29514
1.29414
1.29313
1.29209
1.29095
1.28963
1.28805
1.28611
1.28375
1.28098
1.27786
1.27454
1.27124
1.26824
1.26579
1.26404
1.263
1.26255
1.26245
1.26242
1.26221
1.26162
1.26052
1.25887
1.25671
1.25416
1.25145
1.24884
1.24662
1.24497
1.24399
1.24359
1.2436
1.24381
1.24405
1.24422
1.24434
1.24449
1.2448
1.24541
1.2464
1.24782
1.24962
1.25173
1.25403
1.25637
1.25863
1.26072
1.26257
1.26414
1.26544
1.26647
1.26728
1.2679
1.26836
1.2687
1.26891
1.26896
1.26876
1.26821
1.26713
1.26534
1.26261
1.25872
1.2535
1.24691
1.23911
1.23052
1.22195
1.21448
1.20933
1.20753
1.20949
1.21478
1.22225
1.23049
1.23827
1.2448
1.24976
1.25318
1.2553
1.25644
1.25695
1.25716
1.25733
1.25767
1.25828
1.25921
1.2604
1.26176
1.26313
1.26439
1.2654
1.26607
1.26635
1.26621
1.26565
1.26467
1.2633
1.26159
1.25963
1.25757
1.25561
1.25397
1.25285
1.25233
1.25239
1.25286
1.25352
1.25414
1.25454
1.2546
1.25431
1.25372
1.25295
1.25212
1.25138
1.25085
1.25059
1.25059
1.25078
1.25102
1.25114
1.25094
1.25024
1.24887
1.24669
1.24364
1.23984
1.23559
1.23146
1.2282
1.22648
1.22662
1.22843
1.23127
1.23438
1.23713
1.23911
1.24014
1.24021
1.23942
1.23794
1.23598
1.23385
1.23186
1.2303
1.22933
1.22897
1.22903
1.22928
1.22943
1.2293
1.22879
1.22793
1.22685
1.22578
1.22497
1.22465
1.22492
1.22574
1.22694
1.22827
1.22949
1.23044
1.23103
1.23123
1.23111
1.23075
1.23027
1.22977
1.22935
1.22908
1.22901
1.22915
1.22951
1.23006
1.23077
1.23158
1.23247
1.23337
1.23425
1.23505
1.23572
1.23619
1.23641
1.2363
1.23581
1.23493
1.23364
1.23198
1.23004
1.22797
1.22596
1.22423
1.22298
1.22238
1.22253
1.22341
1.2249
1.22682
1.22895
1.23107
1.23299
1.2346
1.23585
1.23674
1.23732
1.23769
1.23796
1.23824
1.23864
1.23922
1.24002
1.24105
1.24228
1.24363
1.24503
1.24641
1.24766
1.24873
1.24954
1.25008
1.25032
1.25029
1.25006
1.24972
1.24941
1.24927
1.24943
1.24999
1.25099
1.25241
1.25416
1.25609
1.25804
1.25985
1.26139
1.26254
1.26324
1.26343
1.26306
1.26205
1.26032
1.25781
1.25446
1.25033
1.24556
1.24043
1.23527
1.23045
1.2264
1.22362
1.22261
1.22361
1.22646
1.23068
1.23577
1.24129
1.24686
1.25215
1.25693
1.26105
1.26449
1.26729
1.26957
1.27155
1.2735
1.27565
1.27811
1.28086
1.28372
1.28645
1.28883
1.29067
1.29186
1.29236
1.29219
1.29139
1.29003
1.28819
1.28597
1.28348
1.28081
1.27808
1.27541
1.27288
1.2706
1.26861
1.26697
1.26566
1.26468
1.264
1.26357
1.26333
1.26325
1.26326
1.26331
1.26335
1.26333
1.2632
1.26294
1.26252
1.26192
1.26112
1.2601
1.25879
1.25716
1.25517
1.25282
1.25019
1.24747
1.24489
1.24279
1.24145
1.24108
1.24176
1.24341
1.24583
1.24876
1.25189
1.25494
1.25763
1.25972
1.26104
1.26144
1.26083
1.25916
1.25639
1.25252
1.24757
1.24154
1.23452
1.22667
1.2183
1.21007
1.20294
1.19817
1.19682
1.19923
1.20473
1.21194
1.21943
1.22619
1.23171
1.23588
1.2388
1.24067
1.24167
1.24196
1.24168
1.24095
1.23985
1.23845
1.23681
1.23493
1.23281
1.23041
1.22769
1.22459
1.22109
1.21725
1.21325
1.20946
1.2064
1.20459
1.20441
1.20588
1.2086
1.21191
1.21509
1.21754
1.2189
1.21897
1.21779
1.21552
1.21243
1.20891
1.20537
1.20212
1.19931
1.19694
1.19486
1.19306
1.19174
1.1913
1.1922
1.19458
1.19816
1.20228
1.20622
1.20937
1.21141
1.21222
1.21183
1.21036
1.20795
1.20477
1.20102
1.19697
1.19291
1.18921
1.18622
1.18428
1.1836
1.18429
1.18629
1.18937
1.1932
1.1974
1.20157
1.20537
1.20857
1.21102
1.21263
1.21339
1.21333
1.21249
1.21094
1.20878
1.20616
1.20327
1.20035
1.19768
1.19552
1.19403
1.19323
1.19297
1.19301
1.19303
1.19279
1.19214
1.19109
1.18971
1.18816
1.18662
1.18523
1.18412
1.1834
1.18312
1.18332
1.184
1.18516
1.18681
1.18894
1.19143
1.19406
1.19654
1.19851
1.1997
1.1999
1.19905
1.19718
1.19446
1.19117
1.18761
1.18412
1.18101
1.17846
1.1766
1.17543
1.17491
1.17496
1.17557
1.17675
1.17859
1.18114
1.1844
1.1883
1.1927
1.19741
1.20225
1.20702
1.21153
1.21563
1.21916
1.22199
1.22402
1.22514
1.22528
1.22439
1.22245
1.21954
1.21582
1.2116
1.20733
1.20355
1.20075
1.19926
1.19915
1.20022
1.20213
1.20445
1.20683
1.20895
1.21061
1.21166
1.21207
1.21191
1.21134
1.21058
1.20987
1.20943
1.20936
1.20964
1.21014
1.21061
1.21084
1.21068
1.21009
1.20922
1.20831
1.20764
1.20744
1.20778
1.20858
1.20962
1.21073
1.21181
1.21291
1.2142
1.21582
1.2178
1.22
1.22217
1.22404
1.22536
1.22599
1.22586
1.22497
1.22334
1.221
1.21801
1.21448
1.21059
1.20664
1.20308
1.20051
1.19957
1.2007
1.20392
1.20875
1.21436
1.21982
1.2244
1.22764
1.22934
1.22951
1.22833
1.22605
1.22302
1.21965
1.21638
1.21363
1.21175
1.21095
1.21126
1.21256
1.21463
1.21721
1.22006
1.223
1.22595
1.22888
1.2318
1.23475
1.23774
1.24073
1.24365
1.24642
1.2489
1.251
1.25259
1.25359
1.25397
1.25371
1.25286
1.25152
1.24984
1.24799
1.24616
1.24448
1.24301
1.24173
1.24056
1.23936
1.23802
1.23652
1.23491
1.23333
1.23196
1.23095
1.23034
1.23006
1.22999
1.23001
1.23011
1.23037
1.23091
1.23183
1.23314
1.23473
1.23638
1.23788
1.23902
1.23968
1.23981
1.23946
1.23875
1.23785
1.23696
1.23632
1.23609
1.23638
1.2372
1.23847
1.24006
1.24177
1.24343
1.24489
1.24603
1.24678
1.24712
1.24709
1.2468
1.24641
1.24611
1.24609
1.24648
1.24734
1.24863
1.25023
1.25198
1.25373
1.25531
1.25664
1.2576
1.25811
1.25804
1.25721
1.25535
1.25207
1.24686
1.23918
1.22876
1.21622
1.20373
1.19472
1.19179
1.19449
1.19989
1.20556
1.21138
1.21866
1.22814
1.23903
1.24965
1.2586
1.26528
1.26976
1.27242
1.27372
1.27409
1.27382
1.27314
1.27217
1.27095
1.26951
1.26782
1.26586
1.26361
1.26107
1.25822
1.25504
1.25151
1.24758
1.24319
1.23831
1.23294
1.22717
1.22119
1.21529
1.20983
1.20519
1.20175
1.19976
1.19936
1.20054
1.2031
1.20672
1.21099
1.21548
1.21979
1.22361
1.22672
1.22903
1.23052
1.23124
1.23129
1.23079
1.22989
1.22871
1.22736
1.22593
1.22446
1.22297
1.22145
1.21989
1.21825
1.21651
1.21466
1.21268
1.21056
1.20833
1.206
1.20359
1.20116
1.19873
1.19634
1.19401
1.19173
1.18951
1.18734
1.18526
1.18332
1.18163
1.18032
1.1795
1.17923
1.17947
1.18011
1.18098
1.18188
1.18266
1.18318
1.18338
1.18323
1.18272
1.18188
1.18074
1.17932
1.17767
1.17582
1.17383
1.17175
1.16964
1.16755
1.16554
1.16366
1.16194
1.16035
1.15888
1.15748
1.15609
1.15469
1.15326
1.15183
1.15047
1.14925
1.14825
1.14752
1.14709
1.14696
1.14717
1.14776
1.14883
1.15045
1.15266
1.15538
1.15845
1.16164
1.16474
1.16757
1.17002
1.17207
1.17372
1.17502
1.17604
1.17682
1.17744
1.17793
1.17832
1.17865
1.17895
1.17921
1.17947
1.17971
1.17992
1.1801
1.1802
1.18017
1.17996
1.1795
1.17871
1.17751
1.17584
1.17364
1.17087
1.16754
1.16372
1.15955
1.15522
1.15105
1.14737
1.14455
1.14289
1.1426
1.1437
1.14608
1.14949
1.1536
1.15809
1.16265
1.16708
1.17119
1.17488
1.17806
1.18065
1.18259
1.18386
1.18447
1.18447
1.18404
1.18339
1.18282
1.1826
1.18288
1.18366
1.18477
1.18595
1.18688
1.18733
1.18714
1.18627
1.18478
1.18283
1.18066
1.17856
1.17681
1.17566
1.1752
1.17538
1.17599
1.17674
1.17732
1.17749
1.17713
1.17625
1.17499
1.17359
1.17236
1.17155
1.17133
1.17177
1.1728
1.17424
1.17592
1.17765
1.17932
1.18085
1.18213
1.18303
1.18324
1.18234
1.17981
1.17522
1.16852
1.16045
1.15276
1.1478
1.14734
1.15149
1.15865
1.16663
1.17375
1.17915
1.18258
1.18413
1.18396
1.18227
1.17926
1.17511
1.17008
1.1645
1.15881
1.1535
1.14906
1.1459
1.14421
1.144
1.14507
1.14711
1.14977
1.1527
1.15563
1.15836
1.16078
1.16281
1.16443
1.16566
1.16652
1.16704
1.16725
1.1672
1.16691
1.16644
1.1658
1.16502
1.16414
1.16317
1.16213
1.16104
1.15992
1.15877
1.15762
1.15649
1.15539
1.15435
1.15339
1.15254
1.15184
1.15129
1.15092
1.15074
1.15073
1.15089
1.15119
1.15161
1.15213
1.15274
1.15342
1.15415
1.15493
1.15576
1.15662
1.15748
1.15833
1.15911
1.15979
1.16032
1.16067
1.16082
1.16081
1.16069
1.16058
1.16065
1.16108
1.16201
1.16353
1.16563
1.16821
1.17108
1.17405
1.17692
1.17952
1.18172
1.1834
1.1845
1.18494
1.18467
1.18369
1.18203
1.1798
1.17718
1.17443
1.17183
1.16965
1.16811
1.16734
1.16734
1.16801
1.16912
1.17046
1.17188
1.17341
1.17517
1.17731
1.17993
1.18297
1.18624
1.18951
1.19254
1.19514
1.19722
1.1987
1.1996
1.19995
1.19983
1.19931
1.19852
1.19758
1.19663
1.19577
1.19514
1.19482
1.19488
1.19535
1.19621
1.19744
1.19898
1.20072
1.20258
1.20446
1.20625
1.20789
1.20931
1.21046
1.21132
1.21188
1.21213
1.2121
1.2118
1.21125
1.21048
1.20951
1.20838
1.20712
1.20576
1.20436
1.20296
1.20161
1.20037
1.19927
1.19835
1.19763
1.19713
1.19683
1.19672
1.19678
1.19697
1.19726
1.19763
1.19805
1.1985
1.19896
1.19942
1.19987
1.20029
1.20067
1.20098
1.20119
1.20126
1.20114
1.20079
1.20015
1.1992
1.19791
1.19632
1.19447
1.19248
1.1905
1.18867
1.18712
1.18594
1.18511
1.18457
1.18415
1.18367
1.18291
1.18164
1.17964
1.17673
1.17288
1.16826
1.16333
1.15879
1.15541
1.15362
1.15336
1.1541
1.15524
1.15638
1.15753
1.15896
1.16102
1.16391
1.1676
1.17182
1.17618
1.18031
1.18392
1.18684
1.18902
1.19048
1.19132
1.19164
1.19154
1.19113
1.19048
1.18967
1.18875
1.18776
1.18672
1.18566
1.18457
1.18345
1.18227
1.18101
1.17963
1.1781
1.17636
1.17438
1.17212
1.16956
1.16672
1.16365
1.16045
1.15725
1.15422
1.15149
1.14919
1.14738
1.14603
1.14508
1.14441
1.14392
1.14351
1.14314
1.14279
1.14249
1.14231
1.14234
1.14266
1.14338
1.14456
1.14623
1.14837
1.15087
1.15355
1.15619
1.15857
1.16049
1.16181
1.16246
1.16246
1.16192
1.16102
1.16007
1.15938
1.15926
1.15991
1.16136
1.16348
1.16605
1.16879
1.17144
1.17382
1.17579
1.17728
1.17826
1.1787
1.17862
1.17803
1.17693
1.17536
1.17333
1.17089
1.1681
1.16506
1.16193
1.1589
1.15625
1.15424
1.15309
1.15289
1.15355
1.15484
1.1564
1.15789
1.15906
1.1598
1.16017
1.16033
1.16053
1.16098
1.16183
1.16311
1.16474
1.16657
1.1684
1.17006
1.17138
1.17225
1.17258
1.17235
1.17157
1.17036
1.16889
1.16743
1.16623
1.16553
1.16541
1.16581
1.16651
1.16726
1.16782
1.16804
1.16786
1.16735
1.16664
1.16589
1.16528
1.16496
1.16501
1.16547
1.16627
1.16732
1.16846
1.16953
1.17036
1.17084
1.17085
1.17036
1.16939
1.16801
1.16636
1.16461
1.16299
1.1617
1.16089
1.16066
1.16099
1.16181
1.16296
1.16431
1.16569
1.16698
1.16811
1.16902
1.16969
1.17017
1.17048
1.1707
1.17088
1.17109
1.17134
1.17162
1.1719
1.17212
1.17219
1.17204
1.17158
1.17073
1.16944
1.16765
1.16533
1.16247
1.15914
1.15546
1.15168
1.14812
1.14517
1.14325
1.14268
1.14363
1.14605
1.14972
1.15426
1.15926
1.16434
1.16919
1.17361
1.17752
1.18089
1.18373
1.18611
1.18807
1.1897
1.19104
1.19214
1.19306
1.19382
1.19445
1.19497
1.1954
1.19576
1.19609
1.19644
1.19686
1.19738
1.19805
1.19885
1.19975
1.20065
1.20141
1.2019
1.20193
1.20138
1.2001
1.198
1.19498
1.19099
1.18594
1.17984
1.17275
1.165
1.15729
1.15067
1.14635
1.14513
1.147
1.15112
1.15632
1.16163
1.1665
1.17079
1.17455
1.17796
1.1812
1.18441
1.18767
1.19097
1.19423
1.19732
1.2001
1.20254
1.20464
1.20649
1.2082
1.20983
1.21138
1.21275
1.21384
1.2145
1.21464
1.21423
1.21327
1.2118
1.20986
1.20752
1.20483
1.20187
1.19876
1.19567
1.19287
1.19073
1.18962
1.1898
1.19129
1.19388
1.19717
1.20076
1.20434
1.20774
1.21092
1.21388
1.21661
1.2191
1.2213
1.22314
1.22452
1.22533
1.22542
1.22458
1.22259
1.21914
1.21389
1.20656
1.19705
1.18582
1.17419
1.16451
1.15939
1.16039
1.16696
1.17695
1.18792
1.19819
1.20697
1.21408
1.21963
1.22384
1.2269
1.229
1.2303
1.23093
1.23101
1.23063
1.2299
1.22889
1.22768
1.22634
1.22491
1.22346
1.22204
1.2207
1.2195
1.2185
1.21774
1.21724
1.217
1.21696
1.21707
1.21727
1.21749
1.21769
1.21787
1.21805
1.21824
1.21849
1.21884
1.2193
1.21987
1.22053
1.22122
1.22191
1.22254
1.22306
1.22344
1.22362
1.22359
1.22331
1.22276
1.22191
1.22073
1.21921
1.21731
1.21506
1.21249
1.20972
1.20691
1.20428
1.20204
1.20036
1.19932
1.19887
1.19883
1.19898
1.19908
1.19896
1.1985
1.19769
1.19659
1.19538
1.19429
1.19355
1.19338
1.1939
1.19513
1.197
1.19938
1.20208
1.20495
1.20783
1.21061
1.21317
1.21544
1.21734
1.21883
1.21985
1.22037
1.22035
1.21976
1.21861
1.21691
1.21471
1.21209
1.2092
1.20622
1.20337
1.20085
1.19884
1.19745
1.19673
1.19667
1.1972
1.19823
1.19959
1.20108
1.20248
1.20358
1.2043
1.20466
1.20485
1.20512
1.20579
1.20711
1.20926
1.21227
1.21606
1.22042
1.2251
1.22979
1.23424
1.23822
1.2416
1.24426
1.24614
1.2472
1.2474
1.24672
1.24518
1.2429
1.24015
1.23738
1.23518
1.2341
1.2345
1.23628
1.23901
1.24203
1.24473
1.2467
1.24775
1.24786
1.24717
1.24583
1.244
1.2418
1.23927
1.23636
1.23297
1.22906
1.22471
1.22027
1.21631
1.21351
1.21226
1.21238
1.21312
1.2135
1.21276
1.2107
1.20781
1.20513
1.20393
1.20519
1.20919
1.21542
1.22289
1.23055
1.23769
1.24388
1.24899
1.25303
1.25606
1.25818
1.25948
1.26008
1.26005
1.25948
1.25847
1.25708
1.25539
1.25348
1.2514
1.24921
1.24698
1.24475
1.24257
1.24048
1.23849
1.23663
1.23491
1.23332
1.23186
1.23052
1.22928
1.22813
1.22705
1.22602
1.22503
1.22407
1.22311
1.22215
1.22118
1.22021
1.21924
1.21829
1.21738
1.21653
1.21576
1.2151
1.21455
1.21409
1.21371
1.21333
1.21285
1.21216
1.21113
1.20964
1.20759
1.20501
1.202
1.19885
1.19598
1.19389
1.19297
1.19339
1.195
1.1974
1.20011
1.20269
1.20485
1.20642
1.20738
1.20772
1.20751
1.2068
1.20564
1.20407
1.20217
1.2
1.19765
1.19522
1.19285
1.19068
1.18882
1.18741
1.18653
1.1862
1.18644
1.18719
1.18836
1.18987
1.19157
1.19336
1.19511
1.19671
1.19807
1.19912
1.19983
1.20019
1.20024
1.20004
1.19967
1.19923
1.19882
1.19852
1.19839
1.19845
1.19871
1.19912
1.19966
1.20028
1.20097
1.2017
1.20249
1.20333
1.20422
1.20514
1.20605
1.20687
1.20754
1.20795
1.20802
1.20772
1.20704
1.20606
1.20494
1.2039
1.2032
1.20304
1.20349
1.20452
1.20599
1.20769
1.20944
1.21109
1.21256
1.21379
1.21473
1.21533
1.21549
1.21514
1.21417
1.2125
1.21014
1.20712
1.20361
1.19985
1.19614
1.19277
1.18998
1.18791
1.18661
1.18614
1.18655
1.18798
1.19058
1.19441
1.19934
1.20503
1.21098
1.21661
1.22147
1.22524
1.22786
1.22943
1.23018
1.23037
1.23028
1.2301
1.22991
1.22972
1.22947
1.22908
1.22847
1.22761
1.22647
1.22506
1.22337
1.22139
1.21911
1.21651
1.21355
1.21026
1.20672
1.20312
1.19978
1.19713
1.19558
1.19544
1.19677
1.19934
1.20274
1.20647
1.21006
1.21319
1.21569
1.21754
1.21881
1.21965
1.22027
1.22083
1.22151
1.22238
1.22349
1.22477
1.22616
1.22752
1.22876
1.22976
1.23045
1.23077
1.23066
1.23008
1.22897
1.22725
1.2248
1.22152
1.21732
1.21223
1.20654
1.20088
1.19622
1.19354
1.19337
1.19554
1.19921
1.20336
1.20719
1.21029
1.21262
1.21431
1.21561
1.21671
1.21775
1.2188
1.21984
1.22079
1.22154
1.22194
1.22186
1.22115
1.21974
1.2176
1.2148
1.2115
1.20802
1.20471
1.20196
1.20002
1.19898
1.19875
1.19914
1.19996
1.20108
1.2024
1.2039
1.20554
1.20725
1.20896
1.21055
1.21192
1.2129
1.21337
1.21319
1.21231
1.21071
1.20849
1.20578
1.20275
1.1995
1.19604
1.19237
1.18853
1.18469
1.18108
1.17806
1.17598
1.17525
1.17626
1.17921
1.18385
1.18944
1.19484
1.19889
1.20071
1.19984
1.1964
1.19112
1.18537
1.18077
1.17862
1.17936
1.18251
1.18717
1.19253
1.19809
1.20358
1.20883
1.21361
1.21768
1.22081
1.2228
1.22351
1.2229
1.221
1.21804
1.21441
1.21067
1.20742
1.20507
1.20365
1.20276
1.20177
1.20005
1.19724
1.19335
1.1887
1.18387
1.17949
1.17612
1.17412
1.17363
1.17463
1.17698
1.18047
1.18479
1.18957
1.19445
1.19908
1.20322
1.20672
1.20953
1.21164
1.21312
1.21403
1.21447
1.21451
1.21424
1.21374
1.21306
1.21228
1.21144
1.21058
1.20976
1.20898
1.20827
1.20765
1.2071
1.20664
1.20627
1.20599
1.20582
1.20578
1.2059
1.20618
1.20665
1.20729
1.20807
1.20896
1.2099
1.21082
1.21165
1.21234
1.21283
1.21307
1.21299
1.21256
1.21173
1.21043
1.20863
1.20627
1.20335
1.19988
1.19597
1.19182
1.18771
1.18404
1.18124
1.17966
1.17951
1.18078
1.18325
1.18657
1.19032
1.19413
1.19766
1.20068
1.20303
1.20464
1.20551
1.20571
1.20534
1.20453
1.20336
1.20193
1.20023
1.19826
1.19601
1.19354
1.19102
1.18877
1.18711
1.1863
1.1864
1.18723
1.18848
1.18978
1.19088
1.19165
1.19208
1.19221
1.19215
1.19197
1.19176
1.19157
1.19142
1.19133
1.19129
1.19131
1.19137
1.19148
1.19164
1.19185
1.19211
1.19243
1.19282
1.19327
1.19378
1.19436
1.195
1.1957
1.19645
1.19724
1.19806
1.19891
1.19978
1.20065
1.20153
1.20238
1.2032
1.20396
1.20464
1.20521
1.20562
1.20582
1.20572
1.20524
1.20427
1.20269
1.20037
1.19727
1.19341
1.18899
1.18441
1.18023
1.17704
1.1752
1.17479
1.17555
1.17714
1.17926
1.18177
1.18458
1.18758
1.19056
1.19332
1.1957
1.19769
1.19935
1.20083
1.20221
1.20353
1.20482
1.20604
1.20719
1.20825
1.2092
1.20998
1.21053
1.21078
1.2107
1.2103
1.20969
1.20906
1.20864
1.20868
1.20934
1.21064
1.21243
1.21439
1.21613
1.21731
1.21766
1.21711
1.21571
1.21366
1.21126
1.20882
1.20664
1.20492
1.20373
1.20303
1.20263
1.2023
1.20181
1.201
1.19983
1.19838
1.19685
1.19549
1.19453
1.19414
1.19434
1.19507
1.19621
1.19761
1.19916
1.20078
1.2024
1.20398
1.20547
1.20683
1.20801
1.20894
1.20961
1.20998
1.21006
1.20986
1.2094
1.20871
1.20782
1.20677
1.20557
1.20426
1.20284
1.20134
1.19976
1.19813
1.19645
1.19474
1.19303
1.19132
1.18966
1.18806
1.18656
1.18519
1.18396
1.18289
1.18201
1.1813
1.18077
1.18042
1.18024
1.1802
1.18029
1.18048
1.18075
1.18106
1.18138
1.18165
1.18183
1.18185
1.18164
1.18112
1.18024
1.17891
1.1771
1.17483
1.17217
1.16931
1.16654
1.16418
1.16258
1.16196
1.16238
1.16374
1.16579
1.16825
1.17087
1.17346
1.17592
1.17822
1.18036
1.18238
1.18429
1.18611
1.18783
1.1894
1.19074
1.19179
1.19245
1.19265
1.19234
1.19153
1.19029
1.18877
1.18719
1.18582
1.1849
1.18457
1.18484
1.18555
1.18646
1.18731
1.18788
1.18807
1.18787
1.18736
1.18671
1.1861
1.18572
1.18567
1.18603
1.18676
1.18779
1.18903
1.19038
1.19176
1.19314
1.19445
1.19567
1.19677
1.19773
1.19852
1.19918
1.1997
1.20014
1.20054
1.20094
1.20137
1.20184
1.20235
1.20286
1.20333
1.2037
1.2039
1.20385
1.20347
1.20269
1.20147
1.19979
1.19767
1.1952
1.19253
1.18984
1.18736
1.1853
1.18386
1.18319
1.18342
1.18465
1.18693
1.1902
1.19431
1.19896
1.20381
1.20851
1.21281
1.21653
1.21958
1.22194
1.2236
1.22455
1.22478
1.22427
1.22295
1.22076
1.21762
1.21347
1.20827
1.20208
1.19504
1.18744
1.17972
1.1724
1.16604
1.16107
1.15769
1.15587
1.15535
1.15573
1.15654
1.15737
1.15788
1.15804
1.15819
1.15906
1.1614
1.16561
1.17144
1.1781
1.18472
1.19065
1.19555
1.19937
1.2022
1.2042
1.20552
1.2063
1.20666
1.20667
1.20642
1.20596
1.20532
1.20452
1.20356
1.20245
1.20115
1.19966
1.19794
1.19598
1.19378
1.19133
1.18866
1.18581
1.18281
1.17974
1.1767
1.17388
1.17155
1.17005
1.16968
1.17062
1.17278
1.17585
1.17935
1.18284
1.18596
1.18849
1.19034
1.19149
1.19199
1.19191
1.19131
1.19028
1.1889
1.1873
1.18559
1.18391
1.18239
1.18115
1.18025
1.17975
1.17964
1.17988
1.18045
1.1813
1.1824
1.18373
1.18526
1.18696
1.18877
1.19062
1.19246
1.19419
1.19578
1.19716
1.19831
1.19921
1.19987
1.20028
1.20046
1.20046
1.20033
1.20019
1.20019
1.2005
1.20128
1.20262
1.20451
1.20684
1.20941
1.212
1.2144
1.21647
1.21813
1.21935
1.22017
1.22061
1.22074
1.22057
1.22013
1.21936
1.21819
1.21644
1.21387
1.21019
1.20508
1.19836
1.19016
1.18129
1.17327
1.16798
1.16668
1.1692
1.1741
1.17963
1.18454
1.18832
1.19098
1.19279
1.19404
1.19498
1.19575
1.19645
1.19708
1.19762
1.19804
1.19828
1.19828
1.19797
1.19728
1.19612
1.19447
1.19229
1.18961
1.18655
1.18327
1.18004
1.17712
1.1748
1.17328
1.17265
1.1729
1.17394
1.17559
1.17771
1.18011
1.18267
1.18525
1.18775
1.19009
1.19222
1.19409
1.19568
1.19698
1.19801
1.19877
1.19929
1.19957
1.19966
1.19956
1.1993
1.19891
1.19839
1.19778
1.19709
1.19635
1.19559
1.19483
1.19411
1.19346
1.19291
1.19248
1.19221
1.19209
1.19213
1.19232
1.19266
1.19313
1.19373
1.19444
1.19526
1.19615
1.19711
1.19808
1.19902
1.19987
1.20053
1.20095
1.20104
1.20075
1.20007
1.19901
1.19764
1.19604
1.19431
1.19249
1.19059
1.18854
1.18623
1.18356
1.18045
1.17693
1.17313
1.16926
1.16564
1.16259
1.16043
1.1594
1.1596
1.16102
1.16352
1.16687
1.17084
1.17522
1.17979
1.18433
1.18863
1.19248
1.19574
1.19833
1.20026
1.20159
1.2024
1.20282
1.20295
1.20292
1.20281
1.20271
1.20266
1.20265
1.20265
1.20262
1.2025
1.20225
1.20188
1.20141
1.20091
1.20045
1.20007
1.19979
1.19958
1.19936
1.199
1.19834
1.19724
1.19555
1.19318
1.19012
1.18654
1.18277
1.17931
1.17673
1.17549
1.17573
1.17725
1.1796
1.18229
1.18494
1.18733
1.18941
1.1912
1.19275
1.19411
1.19531
1.19634
1.19722
1.19793
1.19848
1.19887
1.19913
1.19926
1.19931
1.19929
1.19923
1.19915
1.19908
1.19902
1.19899
1.199
1.19903
1.19909
1.19916
1.19922
1.19924
1.19919
1.19904
1.19874
1.19827
1.1976
1.19671
1.1956
1.19429
1.19284
1.19128
1.18969
1.18812
1.18661
1.18521
1.18394
1.18284
1.18199
1.18151
1.18152
1.18208
1.18322
1.18482
1.18669
1.18861
1.19035
1.19174
1.19268
1.19314
1.19313
1.19269
1.19192
1.19096
1.19006
1.18956
1.18987
1.19133
1.19412
1.19813
1.20296
1.20811
1.21309
1.21752
1.22118
1.22401
1.22606
1.2274
1.22817
1.2285
1.2285
1.22825
1.22779
1.22715
1.2263
1.22519
1.22377
1.22199
1.21981
1.21725
1.2144
1.21142
1.2086
1.20625
1.20472
1.20424
1.20492
1.2067
1.20938
1.21267
1.21624
1.21979
1.22308
1.22588
1.22805
1.22948
1.23007
1.22977
1.22857
1.22652
1.22372
1.22038
1.21681
1.21335
1.21036
1.20811
1.20675
1.20628
1.20661
1.20755
1.20889
1.21043
1.21196
1.21327
1.21421
1.21465
1.21451
1.21379
1.21257
1.21101
1.20933
1.2078
1.20666
1.20607
1.20608
1.20666
1.20771
1.2091
1.21073
1.21251
1.21436
1.21617
1.21784
1.21928
1.22043
1.22132
1.22204
1.22273
1.22357
1.22471
1.22617
1.22787
1.22961
1.2311
1.23199
1.2319
1.23037
1.22687
1.22081
1.21178
1.20004
1.18732
1.17713
1.17336
1.17737
1.18679
1.19752
1.20651
1.21255
1.21577
1.21686
1.21659
1.21569
1.21473
1.21413
1.21415
1.21489
1.21632
1.21832
1.22073
1.22336
1.22597
1.22835
1.23026
1.23158
1.23228
1.23252
1.23265
1.23305
1.23407
1.23585
1.23829
1.24111
1.24395
1.24651
1.24859
1.25008
1.25099
1.25135
1.25126
1.25077
1.24998
1.24892
1.24766
1.24621
1.2446
1.24283
1.24092
1.2389
1.23677
1.23457
1.23229
1.22991
1.22741
1.22476
1.22195
1.21899
1.21595
1.21293
1.21007
1.20758
1.2057
1.20469
1.20482
1.20628
1.20917
1.21337
1.21861
1.22444
1.23035
1.23587
1.24069
1.24461
1.24762
1.24978
1.25122
1.2521
1.25254
1.25265
1.25251
1.25215
1.2516
1.25084
1.24987
1.24867
1.24722
1.24553
1.24359
1.24143
1.23908
1.2366
1.23406
1.23155
1.22919
1.22708
1.22532
1.22399
1.22314
1.22278
1.22291
1.22348
1.22444
1.22576
1.22736
1.2292
1.23122
1.23335
1.23553
1.23768
1.23974
1.24164
1.24333
1.24475
1.24588
1.24668
1.24712
1.24721
1.24696
1.24639
1.24557
1.24459
1.24354
1.24256
1.24173
1.24113
1.24082
1.24079
1.24101
1.24142
1.24192
1.24238
1.24268
1.24271
1.24246
1.24203
1.2416
1.24145
1.2418
1.24278
1.24432
1.24621
1.24814
1.24978
1.25086
1.2512
1.25072
1.24943
1.24742
1.24482
1.2418
1.23849
1.23508
1.23172
1.22852
1.22559
1.22292
1.22044
1.21798
1.21537
1.21246
1.20927
1.20607
1.20342
1.20213
1.20293
1.20613
1.21138
1.21777
1.22419
1.22975
1.23387
1.23632
1.23701
1.23595
1.23313
1.22859
1.22251
1.21543
1.20842
1.20292
1.2003
1.20113
1.20491
1.21034
1.21603
1.22094
1.22448
1.22642
1.2268
1.22583
1.22383
1.22122
1.2184
1.21567
1.21319
1.21095
1.20881
1.20659
1.20414
1.20132
1.19802
1.19411
1.18942
1.18376
1.1771
1.16976
1.16259
1.15692
1.15397
1.15421
1.15708
1.16146
1.16625
1.17079
1.17479
1.17814
1.1808
1.18276
1.18404
1.18472
1.18491
1.18475
1.18438
1.1839
1.18341
1.18294
1.18252
1.18212
1.18176
1.18141
1.18106
1.18072
1.18038
1.18006
1.17975
1.17946
1.17918
1.17892
1.17866
1.17839
1.17808
1.17772
1.17728
1.17672
1.17602
1.17516
1.17411
1.1729
1.17153
1.17006
1.16858
1.1672
1.16606
1.16531
1.16505
1.16537
1.16627
1.16766
1.16941
1.17134
1.17322
1.17485
1.17603
1.17661
1.17648
1.1756
1.17404
1.17197
1.16968
1.16749
1.16574
1.16474
1.16471
1.16572
1.16769
1.17035
1.1733
1.17609
1.1784
1.18006
1.1811
1.18167
1.18199
1.18224
1.18254
1.18291
1.18331
1.18366
1.18391
1.184
1.18393
1.18374
1.18351
1.18333
1.18332
1.18356
1.18412
1.18501
1.18621
1.18763
1.18917
1.19075
1.19226
1.19364
1.19483
1.19581
1.19654
1.19703
1.19726
1.19721
1.19689
1.19629
1.1954
1.19423
1.19279
1.19114
1.18933
1.1875
1.18579
1.18435
1.18335
1.18289
1.18303
1.18371
1.18484
1.18625
1.1878
1.18934
1.19077
1.19203
1.1931
1.19397
1.19468
1.19525
1.19569
1.19601
1.19621
1.19626
1.19614
1.19581
1.19521
1.19429
1.19298
1.19121
1.18897
1.18628
1.18329
1.18024
1.17749
1.1754
1.17427
1.17419
1.17507
1.17666
1.1787
1.18093
1.18318
1.18533
1.18729
1.18899
1.19039
1.19144
1.19208
1.1923
1.19206
1.19138
1.19031
1.18894
1.1874
1.18586
1.18451
1.18355
1.18309
1.18319
1.18379
1.18477
1.18596
1.18718
1.1883
1.18925
1.19001
1.19063
1.19112
1.19153
1.19181
1.19191
1.19173
1.19117
1.19015
1.18869
1.18686
1.18481
1.18274
1.18076
1.17892
1.17713
1.17524
1.17312
1.17076
1.16838
1.16636
1.16518
1.16524
1.1667
1.16941
1.17302
1.17707
1.18118
1.18507
1.18858
1.19163
1.19417
1.19619
1.19767
1.19858
1.19891
1.19866
1.19785
1.19656
1.19488
1.19293
1.19086
1.18882
1.18694
1.18527
1.18384
1.18264
1.18163
1.1808
1.18013
1.17966
1.17945
1.17951
1.17989
1.18053
1.18138
1.18231
1.18321
1.18398
1.18459
1.18505
1.18544
1.18589
1.18651
1.18733
1.18832
1.18935
1.19027
1.19091
1.19112
1.19083
1.19004
1.18879
1.18719
1.1854
1.18358
1.18194
1.18063
1.17981
1.17954
1.17984
1.18066
1.18188
1.18336
1.18493
1.18644
1.18774
1.18872
1.18931
1.18947
1.18926
1.18878
1.18821
1.18777
1.18769
1.18814
1.18918
1.19075
1.19269
1.19481
1.1969
1.19881
1.20044
1.20174
1.20271
1.20337
1.20377
1.20395
1.20394
1.2038
1.20355
1.20324
1.20289
1.20253
1.20218
1.20187
1.20163
1.20145
1.20135
1.20135
1.20144
1.20161
1.20186
1.20218
1.20253
1.2029
1.20323
1.20348
1.20359
1.2035
1.20319
1.20265
1.2019
1.20104
1.20017
1.19945
1.199
1.19892
1.19923
1.19989
1.20081
1.20189
1.20304
1.20418
1.20528
1.20631
1.20725
1.20807
1.20874
1.20923
1.20949
1.20952
1.20932
1.20894
1.20844
1.20796
1.2076
1.2075
1.20776
1.20843
1.20948
1.21085
1.21241
1.21401
1.21552
1.21683
1.21784
1.21854
1.21889
1.21894
1.21872
1.21829
1.2177
1.21701
1.21627
1.21552
1.21479
1.2141
1.21346
1.21288
1.21237
1.21194
1.2116
1.21137
1.21125
1.21126
1.21139
1.21161
1.21189
1.21216
1.21235
1.21234
1.21204
1.21131
1.21002
1.20803
1.20527
1.20175
1.1977
1.19357
1.19009
1.18808
1.18811
1.19029
1.19416
1.19893
1.20381
1.20823
1.2119
1.21475
1.21688
1.21848
1.21975
1.22091
1.22209
1.22339
1.22481
1.22625
1.22757
1.22863
1.22927
1.22941
1.229
1.22811
1.22687
1.2255
1.22426
1.22342
1.2232
1.22373
1.22503
1.227
1.22945
1.23215
1.2348
1.23716
1.23898
1.24009
1.2404
1.23992
1.23871
1.23689
1.2346
1.232
1.22923
1.22647
1.22391
1.22166
1.21974
1.21802
1.21623
1.21408
1.2114
1.20823
1.20497
1.2023
1.201
1.20165
1.20429
1.20843
1.21334
1.21838
1.22316
1.22755
1.23155
1.2352
1.2385
1.24141
1.24387
1.24578
1.24707
1.2477
1.24766
1.24695
1.24562
1.24377
1.24149
1.23893
1.23626
1.23366
1.2313
1.2293
1.22774
1.22665
1.22598
1.22564
1.22554
1.22556
1.22558
1.22554
1.22535
1.22499
1.22443
1.22369
1.2228
1.22182
1.22081
1.21982
1.2189
1.21807
1.2173
1.21654
1.21571
1.21468
1.21335
1.2116
1.20937
1.20662
1.2034
1.19983
1.19616
1.19268
1.18972
1.18752
1.1862
1.18571
1.18589
1.18657
1.18761
1.18894
1.19054
1.19239
1.19447
1.19673
1.1991
1.20149
1.20384
1.20607
1.20815
1.21007
1.2118
1.21335
1.21473
1.21593
1.21695
1.21778
1.21841
1.21881
1.21895
1.21877
1.21823
1.21728
1.21584
1.21386
1.2113
1.20814
1.2044
1.20015
1.1955
1.19064
1.1858
1.18121
1.17713
1.1738
1.17143
1.17019
1.17022
1.17156
1.17416
1.17786
1.18234
1.1872
1.19195
1.19608
1.19914
1.20072
1.20048
1.19815
1.19357
1.18666
1.17758
1.16674
1.15491
1.14326
1.13335
1.12696
1.1257
1.13041
1.14053
1.15417
1.16886
1.18251
1.19392
1.20269
1.20895
1.21304
1.21533
1.21618
1.21591
1.21483
1.21326
1.21152
1.20994
1.20881
1.20831
1.2085
1.20928
1.21049
1.2119
1.21332
1.21461
1.21567
1.21649
1.21705
1.21737
1.21749
1.21743
1.2172
1.21683
1.21628
1.21555
1.21457
1.2133
1.21165
1.20954
1.20693
1.20377
1.20011
1.19609
1.19199
1.18821
1.18527
1.18373
1.18402
1.18636
1.19058
1.19623
1.20265
1.20917
1.21527
1.22059
1.22496
1.22832
1.23072
1.23224
1.23297
1.23307
1.23266
1.23193
1.23106
1.23023
1.22957
1.2291
1.22878
1.22842
1.22779
1.22661
1.22464
1.22171
1.21775
1.21283
1.20726
1.20152
1.19629
1.1923
1.19006
1.18969
1.19092
1.19317
1.19588
1.19864
1.20128
1.20382
1.20639
1.20911
1.21202
1.21512
1.21832
1.2215
1.22454
1.22737
1.22993
1.23218
1.23414
1.23579
1.23715
1.23823
1.23902
1.23953
1.23975
1.23968
1.23934
1.23877
1.23799
1.23707
1.23604
1.23497
1.23388
1.23279
1.23169
1.23057
1.22937
1.22805
1.22657
1.22489
1.22295
1.22075
1.21826
1.21551
1.21261
1.20971
1.20703
1.20481
1.20328
1.20254
1.2025
1.20291
1.20335
1.20338
1.20273
1.20151
1.20038
1.20031
1.20221
1.20631
1.21198
1.2181
1.22357
1.22769
1.23025
1.23139
1.23146
1.23085
1.22999
1.22921
1.22874
1.22867
1.22897
1.2295
1.23007
1.23049
1.2306
1.23031
1.22959
1.22849
1.22713
1.22569
1.22437
1.22338
1.22287
1.22292
1.22354
1.22461
1.22598
1.22746
1.22889
1.2301
1.23103
1.23161
1.23183
1.23172
1.23134
1.23075
1.23004
1.22932
1.22868
1.22819
1.2279
1.22782
1.22794
1.2282
1.22855
1.2289
1.22919
1.22934
1.2293
1.22903
1.22854
1.22789
1.22719
1.22662
1.22636
1.22656
1.22726
1.22838
1.22973
1.23113
1.23244
1.23365
1.23476
1.23576
1.23649
1.23656
1.23539
1.23228
1.22657
1.21798
1.20709
1.19577
1.18702
1.18377
1.18704
1.19536
1.20585
1.21589
1.22392
1.22941
1.23249
1.2336
1.23331
1.23218
1.23072
1.22937
1.22849
1.22828
1.22879
1.22997
1.23163
1.23359
1.23564
1.23765
1.23951
1.24115
1.24251
1.24351
1.24409
1.24418
1.24369
1.24258
1.2408
1.23839
1.23546
1.23222
1.229
1.22617
1.2241
1.22302
1.22293
1.22364
1.22481
1.22612
1.22731
1.22827
1.22898
1.22951
1.22996
1.23044
1.23101
1.23169
1.23247
1.23327
1.23403
1.23465
1.23507
1.23526
1.23521
1.23497
1.23458
1.23413
1.23365
1.23319
1.23279
1.23249
1.23238
1.23255
1.23311
1.23413
1.23562
1.2375
1.23967
1.24195
1.24416
1.24616
1.24781
1.24901
1.24968
1.24978
1.24927
1.24816
1.24647
1.24428
1.24174
1.23902
1.23638
1.23409
1.23239
1.23147
1.2314
1.23214
1.23355
1.23539
1.2374
1.23934
1.24096
1.24209
1.24261
1.24245
1.24161
1.24012
1.23807
1.2356
1.23291
1.23025
1.22788
1.22604
1.2249
1.22454
1.22493
1.22593
1.22735
1.229
1.23068
1.23223
1.23352
1.23447
1.23501
1.23513
1.23481
1.23406
1.23294
1.23149
1.2298
1.22793
1.22601
1.22411
1.22232
1.22071
1.21933
1.2182
1.21732
1.21669
1.21628
1.21608
1.21605
1.21615
1.21635
1.21658
1.21681
1.21699
1.21709
1.21709
1.21701
1.21685
1.21668
1.21654
1.21649
1.21658
1.21686
1.21733
1.21796
1.21871
1.2195
1.22023
1.2208
1.22111
1.22108
1.22061
1.21966
1.21815
1.21603
1.21323
1.20968
1.20533
1.20015
1.19419
1.18769
1.18113
1.17529
1.17117
1.16967
1.17115
1.17526
1.18103
1.18735
1.19331
1.19839
1.2024
1.20537
1.20744
1.20876
1.20943
1.20956
1.20918
1.2083
1.2069
1.20495
1.20244
1.19936
1.19578
1.19183
1.18776
1.18394
1.18081
1.17878
1.17818
1.17906
1.18124
1.18434
1.18791
1.19153
1.19489
1.19783
1.20026
1.2022
1.20367
1.20473
1.20544
1.20583
1.20593
1.20574
1.20527
1.20449
1.20337
1.20192
1.20013
1.19805
1.19577
1.19346
1.19133
1.18961
1.1885
1.18815
1.18855
1.18955
1.19089
1.19215
1.19293
1.19283
1.19164
1.18944
1.18671
1.18426
1.18298
1.18332
1.18513
1.18775
1.19043
1.19269
1.19441
1.19576
1.19702
1.19846
1.20023
1.2024
1.20491
1.20762
1.21037
1.21295
1.21522
1.21704
1.21834
1.21907
1.21922
1.21879
1.21778
1.21621
1.21406
1.21134
1.20805
1.20426
1.20006
1.19568
1.19144
1.18779
1.18522
1.18415
1.1848
1.18712
1.19078
1.19529
1.20011
1.20478
1.20891
1.21227
1.21471
1.21617
1.21667
1.21627
1.21511
1.21339
1.21133
1.20917
1.20714
1.20542
1.2041
1.20318
1.20262
1.2023
1.20212
1.20195
1.20175
1.20149
1.20118
1.20084
1.2005
1.20014
1.19976
1.19932
1.1988
1.19818
1.19751
1.19683
1.19618
1.1956
1.19507
1.19455
1.19398
1.19333
1.19259
1.19182
1.19112
1.1906
1.19039
1.19055
1.1911
1.192
1.19315
1.19441
1.1956
1.1966
1.19727
1.19756
1.19747
1.19708
1.19649
1.19584
1.19529
1.19492
1.19479
1.19488
1.19516
1.19554
1.19594
1.1963
1.19657
1.19673
1.19676
1.19665
1.19636
1.19588
1.19517
1.19419
1.1929
1.19131
1.18945
1.18743
1.18538
1.18353
1.18209
1.18127
1.18123
1.18203
1.18363
1.18591
1.18869
1.19177
1.19497
1.19809
1.20102
1.20364
1.20589
1.20769
1.20899
1.20973
1.20983
1.20924
1.20792
1.20593
1.20338
1.20053
1.1977
1.19525
1.19342
1.19234
1.19195
1.19212
1.19269
1.19354
1.1946
1.19583
1.19727
1.19896
1.20095
1.20323
1.20571
1.20822
1.21054
1.21252
1.21401
1.215
1.21549
1.21558
1.21534
1.21487
1.21424
1.21348
1.21267
1.21185
1.21113
1.21062
1.21047
1.21081
1.21177
1.21339
1.21567
1.2185
1.22174
1.22522
1.22877
1.23222
1.23543
1.23828
1.24066
1.24248
1.24361
1.24396
1.2434
1.24181
1.23909
1.23517
1.2301
1.22406
1.21747
1.21091
1.20508
1.2006
1.19782
1.19671
1.19697
1.19818
1.20001
1.20222
1.20466
1.20719
1.20969
1.21204
1.21411
1.21575
1.21682
1.2172
1.21688
1.21601
1.21494
1.21408
1.21375
1.214
1.21459
1.2151
1.21517
1.21464
1.21364
1.21251
1.21168
1.21153
1.21229
1.21398
1.21645
1.21947
1.22282
1.22628
1.22971
1.23295
1.2359
1.23845
1.24047
1.2419
1.24264
1.24268
1.24201
1.24072
1.23896
1.23695
1.23499
1.23337
1.23232
1.23195
1.23222
1.23298
1.23404
1.23518
1.23627
1.23721
1.23794
1.23844
1.23869
1.23865
1.23831
1.23761
1.2365
1.23495
1.23294
1.23051
1.22774
1.22481
1.22195
1.21943
1.21749
1.2163
1.2159
1.21619
1.21698
1.21807
1.21925
1.22041
1.2215
1.22251
1.22351
1.22457
1.22577
1.22719
1.22885
1.23073
1.23279
1.23494
1.23707
1.23907
1.24083
1.24224
1.2432
1.24363
1.2434
1.24244
1.24064
1.23793
1.23431
1.22988
1.22489
1.21976
1.21505
1.21127
1.20885
1.20796
1.20861
1.2107
1.21403
1.21826
1.22293
1.22753
1.23155
1.23462
1.23654
1.2373
1.23703
1.23597
1.23437
1.23245
1.23032
1.22801
1.22555
1.22303
1.2207
1.21888
1.21794
1.21812
1.21948
1.22185
1.22495
1.22844
1.23202
1.23549
1.23869
1.24155
1.24404
1.24616
1.2479
1.24929
1.25033
1.25105
1.25146
1.25158
1.25141
1.25096
1.25026
1.24931
1.24817
1.24689
1.24553
1.24418
1.24293
1.24183
1.24094
1.24027
1.2398
1.23948
1.23927
1.23914
1.2391
1.23918
1.23946
1.24005
1.24105
1.24257
1.24465
1.24731
1.25051
1.25416
1.25812
1.26227
1.26645
1.27053
1.2744
1.27795
1.28108
1.28372
1.28577
1.28715
1.28775
1.28745
1.28609
1.28352
1.27954
1.27395
1.26659
1.25738
1.24646
1.23437
1.22222
1.21181
1.20532
1.20453
1.20971
1.21934
1.23087
1.24197
1.25123
1.25816
1.26281
1.26545
1.26644
1.26609
1.26468
1.26241
1.2595
1.25611
1.25248
1.24889
1.24567
1.24319
1.2417
1.2413
1.24191
1.2433
1.24522
1.24744
1.24984
1.25229
1.25471
1.25697
1.25888
1.26029
1.26102
1.261
1.26032
1.25924
1.25823
1.25784
1.25851
1.26035
1.26312
1.2663
1.26932
1.27172
1.27322
1.27368
1.27308
1.27146
1.2689
1.26553
1.26155
1.25728
1.2531
1.24944
1.24664
1.24487
1.24412
1.24425
1.24503
1.24628
1.2478
1.24941
1.25093
1.25212
1.25277
1.25267
1.25164
1.24959
1.24646
1.24228
1.23711
1.23112
1.22457
1.21793
1.21195
1.20753
1.20541
1.20582
1.20828
1.21186
1.2156
1.21879
1.22112
1.22256
1.22324
1.22336
1.2231
1.22259
1.22194
1.22119
1.22037
1.21949
1.21856
1.21757
1.21655
1.21548
1.21438
1.21326
1.2121
1.21093
1.20974
1.20856
1.20739
1.20624
1.20512
1.20403
1.20295
1.20182
1.20057
1.1991
1.19731
1.1951
1.1924
1.18924
1.18579
1.18239
1.17952
1.17767
1.17716
1.178
1.17986
1.18222
1.18452
1.18634
1.18744
1.18772
1.18724
1.18611
1.18451
1.18269
1.18089
1.17934
1.17822
1.17762
1.1775
1.17776
1.17823
1.17871
1.17909
1.17925
1.17917
1.17889
1.17848
1.17805
1.17774
1.17768
1.17797
1.17865
1.17973
1.18114
1.18279
1.18456
1.18635
1.18808
1.18968
1.19112
1.19241
1.19355
1.19456
1.19548
1.19632
1.19712
1.19791
1.1987
1.19951
1.20037
1.20128
1.20226
1.20332
1.20446
1.20567
1.20696
1.20828
1.20959
1.21085
1.21197
1.21287
1.21344
1.21359
1.21323
1.21231
1.21086
1.20895
1.20677
1.20456
1.20254
1.20091
1.19978
1.19918
1.19918
1.19983
1.20125
1.2035
1.20653
1.21012
1.21394
1.21757
1.22065
1.22287
1.22403
1.22402
1.22282
1.22053
1.21734
1.21356
1.20963
1.20607
1.20337
1.20194
1.20197
1.2034
1.20595
1.20918
1.21263
1.2159
1.21872
1.22097
1.22263
1.22379
1.22458
1.2251
1.22545
1.22568
1.22583
1.22594
1.22605
1.22625
1.22666
1.22736
1.22844
1.2299
1.23171
1.23378
1.23603
1.23837
1.24074
1.24303
1.24514
1.24696
1.24838
1.24931
1.24968
1.24948
1.24871
1.24743
1.24571
1.24369
1.24148
1.23925
1.23716
1.23536
1.23398
1.23309
1.23276
1.23298
1.23369
1.23482
1.23624
1.23785
1.23951
1.24112
1.2426
1.24389
1.24495
1.24579
1.24641
1.24685
1.24716
1.24735
1.24745
1.24744
1.24729
1.24693
1.24634
1.24554
1.24458
1.24363
1.2429
1.2426
1.24291
1.24391
1.24555
1.24767
1.25005
1.25251
1.2549
1.25718
1.25937
1.2615
1.26358
1.26556
1.26731
1.26865
1.26944
1.26954
1.26892
1.26765
1.26591
1.26397
1.26216
1.26077
1.25997
1.25978
1.26004
1.26045
1.26069
1.26043
1.25947
1.25775
1.25541
1.25281
1.2504
1.24864
1.24773
1.24759
1.24791
1.2483
1.24849
1.24842
1.24817
1.24789
1.24771
1.24771
1.24786
1.24808
1.2483
1.2485
1.24869
1.24892
1.24925
1.24968
1.25016
1.25058
1.25079
1.25064
1.24999
1.24878
1.24697
1.24464
1.24191
1.23898
1.23611
1.23353
1.23148
1.23013
1.22958
1.22988
1.23102
1.2329
1.23537
1.2382
1.24117
1.24403
1.24662
1.24878
1.25046
1.25161
1.25222
1.25229
1.25183
1.25083
1.24929
1.24718
1.24446
1.24103
1.23677
1.2315
1.22502
1.2173
1.20866
1.20011
1.19329
1.18994
1.19083
1.1952
1.20128
1.20735
1.21233
1.21591
1.21821
1.2195
1.22005
1.22006
1.2196
1.21867
1.21717
1.21496
1.21183
1.20753
1.20181
1.19463
1.1864
1.17833
1.1724
1.1706
1.17365
1.18047
1.18887
1.19683
1.20319
1.20759
1.21013
1.21106
1.21063
1.20907
1.20656
1.20331
1.19961
1.19584
1.19249
1.19001
1.18873
1.18869
1.18967
1.19125
1.19298
1.19453
1.19567
1.19632
1.19651
1.19628
1.19573
1.19492
1.19395
1.19286
1.19172
1.1906
1.18957
1.18866
1.18794
1.18741
1.18708
1.18693
1.18694
1.18709
1.18739
1.18784
1.18844
1.18921
1.19011
1.19113
1.1922
1.19327
1.19428
1.19516
1.1959
1.19648
1.19688
1.19711
1.1972
1.19717
1.19702
1.19679
1.19648
1.19612
1.19569
1.19521
1.19466
1.19406
1.19338
1.19264
1.19183
1.19098
1.19012
1.18928
1.18853
1.18795
1.18761
1.18757
1.1879
1.18861
1.18968
1.19104
1.1926
1.19424
1.19583
1.19726
1.19844
1.19931
1.19985
1.20007
1.19999
1.19968
1.1992
1.19862
1.19801
1.19744
1.19695
1.19661
1.19646
1.1965
1.19677
1.19725
1.19793
1.19877
1.19973
1.20077
1.20185
1.2029
1.20388
1.20474
1.20542
1.20591
1.20619
1.2063
1.20631
1.2063
1.20642
1.20677
1.20744
1.20847
1.20985
1.21148
1.21328
1.21512
1.21692
1.21862
1.22018
1.2216
1.2229
1.2241
1.2252
1.22621
1.22707
1.2277
1.22798
1.22773
1.22674
1.22477
1.22161
1.21711
1.21126
1.20433
1.19686
1.18959
1.18308
1.17747
1.17224
1.16659
1.16005
1.15329
1.14851
1.14862
1.15521
1.16705
1.18102
1.19423
1.20528
1.21398
1.22074
1.22608
1.23035
1.2338
1.23654
1.23864
1.24015
1.24109
1.2415
1.24141
1.24086
1.23992
1.23866
1.23716
1.23557
1.234
1.23261
1.23155
1.23092
1.23078
1.2311
1.23178
1.2326
1.23332
1.23363
1.23324
1.23188
1.22937
1.22562
1.22076
1.21519
1.20959
1.20489
1.202
1.20156
1.20365
1.20779
1.21313
1.21879
1.22403
1.22839
1.23168
1.23387
1.23507
1.23543
1.23508
1.23417
1.2328
1.23104
1.22897
1.22663
1.22413
1.22162
1.21932
1.21754
1.21656
1.21662
1.2178
1.21998
1.22288
1.22611
1.22927
1.23202
1.23408
1.23526
1.23538
1.23436
1.23213
1.22878
1.22458
1.22011
1.21614
1.21352
1.21279
1.21393
1.21638
1.2193
1.22193
1.22376
1.22459
1.22443
1.22343
1.2218
1.21979
1.21762
1.21551
1.21363
1.21209
1.21096
1.21025
1.20991
1.20986
1.21001
1.21023
1.21041
1.21047
1.21035
1.21
1.20941
1.20856
1.20742
1.20597
1.20418
1.20212
1.19998
1.19817
1.19723
1.19767
1.19967
1.20293
1.20672
1.21016
1.21252
1.2134
1.2128
1.21103
1.20868
1.20639
1.20467
1.20374
1.2035
1.20368
1.20398
1.20423
1.20444
1.20479
1.2055
1.20674
1.20851
1.21065
1.21291
1.21503
1.2168
1.21811
1.21893
1.21929
1.21926
1.21896
1.21853
1.21817
1.21807
1.21842
1.21933
1.22079
1.22271
1.2249
1.22709
1.22902
1.23047
1.23125
1.23127
1.23052
1.22909
1.22718
1.22506
1.22307
1.22151
1.22064
1.22054
1.22118
1.2224
1.22396
1.22563
1.22719
1.22851
1.22951
1.23018
1.23058
1.23081
1.231
1.23126
1.23168
1.23229
1.23308
1.23398
1.2349
1.23577
1.23652
1.23714
1.23762
1.23799
1.23828
1.23849
1.23863
1.23868
1.23859
1.23835
1.23792
1.23729
1.23648
1.23549
1.23435
1.23309
1.23174
1.23035
1.22897
1.22772
1.22678
1.22634
1.22658
1.22756
1.2292
1.23128
1.23351
1.23559
1.23733
1.23863
1.23949
1.23994
1.24005
1.23988
1.23947
1.23882
1.23795
1.23684
1.23553
1.23404
1.23245
1.23083
1.22927
1.22782
1.22652
1.22536
1.2243
1.22329
1.22227
1.22122
1.22017
1.21919
1.21844
1.21808
1.21829
1.21919
1.22077
1.22292
1.22541
1.22796
1.2303
1.23223
1.2336
1.23434
1.23443
1.23391
1.23289
1.23151
1.22997
1.22851
1.22735
1.2267
1.22665
1.22721
1.22826
1.22964
1.23116
1.23266
1.23402
1.23518
1.23612
1.23687
1.23744
1.23788
1.23824
1.23855
1.23883
1.23912
1.23942
1.23973
1.24004
1.24035
1.24062
1.24083
1.24097
1.241
1.24091
1.24068
1.24028
1.23971
1.23894
1.23794
1.23671
1.23521
1.23338
1.23111
1.22821
1.22431
1.21889
1.21129
1.20096
1.18794
1.17361
1.16116
1.15443
1.15538
1.16246
1.17213
1.18132
1.18857
1.19368
1.19709
1.19948
1.20154
1.20382
1.20657
1.20968
1.2128
1.21554
1.21761
1.21893
1.21963
1.21994
1.22013
1.22044
1.22103
1.22194
1.22316
1.22461
1.22619
1.2278
1.22935
1.23075
1.23196
1.23293
1.23364
1.23408
1.23425
1.23416
1.23381
1.23322
1.23242
1.23143
1.23028
1.22903
1.22771
1.22638
1.22509
1.22388
1.22275
1.22169
1.22063
1.21948
1.21809
1.2163
1.21394
1.21084
1.20688
1.20201
1.19634
1.19019
1.1842
1.17937
1.17686
1.17757
1.18164
1.1883
1.19622
1.20408
1.21097
1.21648
1.22057
1.2234
1.2252
1.22623
1.22668
1.22672
1.2265
1.22609
1.22556
1.22493
1.2242
1.22333
1.22226
1.22088
1.21908
1.21673
1.21367
1.2098
1.20507
1.19955
1.19349
1.18734
1.18175
1.17738
1.17474
1.17404
1.17514
1.17767
1.1812
1.1853
1.18961
1.19385
1.1978
1.20129
1.20428
1.20674
1.20872
1.21027
1.21147
1.21236
1.21297
1.21331
1.21337
1.21314
1.21259
1.21173
1.21056
1.20917
1.20766
1.2062
1.205
1.20422
1.20398
1.20426
1.2049
1.2056
1.206
1.20569
1.20428
1.20148
1.19712
1.19128
1.18435
1.17718
1.17098
1.16705
1.16631
1.16894
1.17433
1.18138
1.1889
1.19593
1.20182
1.20627
1.20917
1.21059
1.21067
1.2096
1.20758
1.20482
1.20154
1.19799
1.19444
1.19115
1.18834
1.1862
1.18484
1.18432
1.1846
1.18565
1.18738
1.18968
1.19243
1.19549
1.19872
1.20198
1.20518
1.20821
1.21101
1.21353
1.21574
1.21761
1.21912
1.22022
1.2209
1.22108
1.22072
1.21976
1.21814
1.21584
1.21291
1.2095
1.20588
1.20244
1.19962
1.19776
1.19698
1.19715
1.1979
1.19881
1.19949
1.19967
1.19926
1.19829
1.19691
1.19531
1.19369
1.19224
1.19107
1.19018
1.1895
1.18889
1.18822
1.18739
1.18638
1.18529
1.18427
1.18355
1.18333
1.18375
1.18488
1.18666
1.18895
1.19156
1.19427
1.19691
1.19932
1.20141
1.20311
1.2044
1.2053
1.20582
1.20602
1.20591
1.2055
1.20478
1.20371
1.2022
1.20019
1.19766
1.19467
1.19147
1.18844
1.18609
1.18487
1.18497
1.18625
1.18831
1.19057
1.19252
1.1938
1.1942
1.19359
1.19196
1.1893
1.18564
1.18112
1.176
1.17079
1.16616
1.16284
1.16129
1.1615
1.16294
1.16482
1.16639
1.16716
1.16693
1.16576
1.16389
1.16164
1.15939
1.15752
1.15638
1.15623
1.1572
1.15923
1.16209
1.16545
1.16893
1.17222
1.17507
1.17732
1.1789
1.17976
1.17993
1.17942
1.17831
1.1767
1.17475
1.17266
1.17066
1.16895
1.16766
1.16679
1.16622
1.16575
1.16516
1.16426
1.16294
1.16117
1.15899
1.15652
1.15394
1.15146
1.1493
1.14767
1.1467
1.14645
1.14687
1.14781
1.14909
1.15049
1.15185
1.15307
1.15409
1.15495
1.15572
1.15649
1.15738
1.15845
1.15973
1.16118
1.16272
1.16425
1.16564
1.16679
1.16763
1.1681
1.16818
1.16787
1.16719
1.16617
1.16488
1.16339
1.16177
1.16011
1.15848
1.15695
1.15554
1.15425
1.15306
1.15192
1.15082
1.14976
1.14881
1.14808
1.14772
1.14783
1.14847
1.14958
1.15099
1.15245
1.15369
1.15442
1.15442
1.1535
1.15155
1.14859
1.14482
1.14071
1.13698
1.13449
1.13391
1.13545
1.13881
1.14335
1.14841
1.1535
1.15838
1.16292
1.16708
1.17083
1.17415
1.17702
1.17942
1.18136
1.18287
1.18399
1.18478
1.1853
1.18563
1.18582
1.18591
1.18593
1.18585
1.18563
1.18516
1.18435
1.18311
1.18142
1.17937
1.17722
1.17535
1.17419
1.17402
1.17487
1.17652
1.17853
1.18048
1.18207
1.18314
1.18369
1.18379
1.18352
1.18299
1.18225
1.1814
1.1805
1.17963
1.1789
1.1784
1.17823
1.17844
1.17905
1.18005
1.18137
1.18293
1.18465
1.1865
1.18847
1.19053
1.19269
1.1949
1.19712
1.19926
1.20125
1.203
1.20444
1.20551
1.20613
1.2062
1.2056
1.20418
1.20174
1.19816
1.19342
1.18777
1.18186
1.17667
1.17324
1.17211
1.17304
1.17512
1.17728
1.17881
1.17949
1.17953
1.17936
1.17942
1.18002
1.18128
1.18316
1.18551
1.18812
1.1908
1.19338
1.19573
1.19777
1.19946
1.2008
1.20181
1.2025
1.20291
1.20305
1.20294
1.2026
1.20204
1.20128
1.20034
1.19928
1.19816
1.19706
1.19603
1.19513
1.19438
1.19377
1.19328
1.19287
1.19255
1.19236
1.19238
1.19271
1.19345
1.19465
1.19629
1.19831
1.20055
1.20281
1.2049
1.20659
1.2077
1.20809
1.20768
1.20649
1.20462
1.20227
1.19975
1.19737
1.19544
1.1941
1.19335
1.19303
1.19293
1.19284
1.19268
1.19247
1.19234
1.19244
1.19288
1.19368
1.19473
1.19586
1.19688
1.19763
1.19804
1.19809
1.19785
1.19738
1.19679
1.19613
1.19545
1.19477
1.19407
1.1933
1.19241
1.19136
1.19011
1.18862
1.18688
1.18487
1.18262
1.18012
1.17738
1.17442
1.17129
1.16804
1.16481
1.16171
1.15892
1.15655
1.15472
1.15347
1.15281
1.15274
1.15326
1.1544
1.15616
1.15854
1.16147
1.16484
1.16847
1.17217
1.17574
1.17902
1.18187
1.18422
1.18604
1.18732
1.1881
1.18839
1.18827
1.18776
1.18691
1.18578
1.18441
1.18284
1.18111
1.17929
1.17743
1.17559
1.17382
1.17216
1.1706
1.1691
1.16749
1.16553
1.16283
1.15894
1.15347
1.14644
1.13875
1.13239
1.12988
1.13271
1.14019
1.14995
1.15951
1.16738
1.17316
1.17712
1.17977
1.18167
1.18332
1.18504
1.187
1.18921
1.19154
1.19377
1.19569
1.19711
1.19788
1.19792
1.19722
1.1958
1.19376
1.19125
1.18845
1.18556
1.18277
1.18023
1.17798
1.17599
1.17415
1.1723
1.17035
1.16831
1.1664
1.165
1.16461
1.16564
1.16824
1.17224
1.17723
1.18264
1.18795
1.19276
1.19681
1.19996
1.20218
1.20354
1.20414
1.20414
1.20375
1.20317
1.20263
1.20227
1.20218
1.20236
1.20275
1.20325
1.20378
1.2043
1.20478
1.20526
1.20575
1.20627
1.2068
1.20727
1.20759
1.20765
1.20731
1.20649
1.2051
1.20313
1.20063
1.19774
1.19466
1.19171
1.18919
1.18739
1.18647
1.18645
1.18716
1.18834
1.1897
1.19097
1.19198
1.19263
1.1929
1.19283
1.1925
1.19199
1.19143
1.19092
1.19057
1.19046
1.19068
1.19124
1.19213
1.19331
1.19468
1.1961
1.19744
1.19857
1.19937
1.19977
1.19972
1.19922
1.19831
1.19706
1.19557
1.19399
1.19247
1.19121
1.19039
1.19012
1.19038
1.19097
1.19153
1.19158
1.19061
1.18822
1.1842
1.17866
1.17217
1.16578
1.16076
1.15822
1.15867
1.16187
1.16701
1.17309
1.17916
1.18449
1.18863
1.19139
1.19274
1.19273
1.19147
1.18907
1.18568
1.18147
1.17673
1.17183
1.16723
1.16346
1.16096
1.15999
1.16055
1.16236
1.16497
1.16788
1.17068
1.1731
1.17501
1.1764
1.17734
1.17792
1.17826
1.17843
1.1785
1.17852
1.17851
1.17847
1.1784
1.17828
1.1781
1.17785
1.17751
1.17708
1.17655
1.17592
1.1752
1.17438
1.17346
1.17243
1.17129
1.17
1.16853
1.16684
1.16487
1.16257
1.15992
1.15694
1.15373
1.15046
1.1474
1.14487
1.14317
1.14254
1.14301
1.14443
1.14641
1.14842
1.14983
1.15005
1.14862
1.14544
1.14097
1.13636
1.13317
1.1327
1.13515
1.13954
1.14441
1.14857
1.15154
1.15336
1.15441
1.15507
1.15565
1.15627
1.15692
1.15754
1.15802
1.15831
1.15837
1.15822
1.1579
1.15748
1.15702
1.15659
1.15624
1.15601
1.15592
1.15597
1.15612
1.15635
1.15658
1.15676
1.1568
1.15663
1.15617
1.15533
1.15407
1.15236
1.15024
1.14781
1.14528
1.14293
1.14109
1.14005
1.14001
1.14103
1.143
1.14573
1.14897
1.15245
1.15594
1.15925
1.16224
1.16478
1.16681
1.16828
1.16917
1.1695
1.16932
1.16873
1.1679
1.16698
1.16618
1.16562
1.16538
1.16545
1.16574
1.16615
1.16661
1.16709
1.16762
1.16824
1.16895
1.1697
1.17035
1.17069
1.1705
1.16955
1.16764
1.16468
1.16074
1.15612
1.15138
1.14732
1.14477
1.14427
1.1459
1.14919
1.15341
1.15783
1.16192
1.16539
1.16814
1.17015
1.17152
1.17231
1.17264
1.17259
1.17227
1.17177
1.17119
1.17061
1.17012
1.16975
1.16954
1.16952
1.16966
1.16996
1.17041
1.17096
1.17161
1.17231
1.17304
1.17376
1.17443
1.17501
1.17548
1.1758
1.17595
1.17593
1.17573
1.17536
1.17485
1.17423
1.17354
1.17287
1.17227
1.17182
1.17157
1.17153
1.17167
1.17195
1.17227
1.17253
1.17261
1.17239
1.17175
1.17058
1.16881
1.16646
1.16364
1.16062
1.15776
1.15548
1.15409
1.15368
1.15415
1.15528
1.15683
1.15862
1.16055
1.16253
1.16447
1.16628
1.16787
1.16913
1.16999
1.17032
1.16992
1.16855
1.16594
1.16193
1.15671
1.15108
1.14649
1.14463
1.14645
1.15159
1.15855
1.16566
1.17177
1.17644
1.17969
1.18181
1.18312
1.18387
1.18426
1.18442
1.18438
1.18418
1.18379
1.18321
1.18241
1.18139
1.18017
1.17875
1.17717
1.17547
1.17371
1.17193
1.17019
1.16855
1.16708
1.16583
1.16489
1.16433
1.16423
1.16462
1.16549
1.16677
1.16833
1.16997
1.17149
1.17268
1.17338
1.17351
1.17304
1.17205
1.17068
1.16913
1.16765
1.16647
1.1658
1.16576
1.16643
1.16775
1.16965
1.17196
1.17451
1.17712
1.17964
1.18192
1.1839
1.18551
1.18675
1.18765
1.18827
1.18867
1.18894
1.18912
1.18925
1.18935
1.1894
1.18938
1.18927
1.18908
1.18883
1.18855
1.18826
1.18799
1.18776
1.18759
1.18756
1.18778
1.18838
1.18945
1.19095
1.19265
1.19415
1.19497
1.19462
1.1928
1.18943
1.18476
1.1793
1.17371
1.16859
1.16425
1.16067
1.15776
1.15563
1.15479
1.1558
1.15879
1.16324
1.16827
1.17313
1.17749
1.1814
1.18507
1.18872
1.19242
1.1961
1.19958
1.20262
1.20497
1.20645
1.20698
1.20659
1.20551
1.20408
1.20276
1.20197
1.20199
1.2028
1.20414
1.20558
1.20665
1.20697
1.20624
1.20436
1.20136
1.19748
1.19315
1.18897
1.18559
1.18352
