0.0128248	0              0
0.0384745	0              0
0.0641241	0              0
0.0897737	0              0
0.115423	0              0
0.141073	0              0
0.166723	0              0
0.192372	0              0
0.218022	0              0
0.243672	0              0
0.269321	0              0
0.294971	0              0
0.32062	0              0
0.34627	0              0
0.37192	0              0
0.397569	0              0
0.423219	0              0
0.448869	0              0
0.474518	0              0
0.500168	0              0
0.525818	0              0
0.551467	0              0
0.577117	0              0
0.602767	0              0
0.628416	0              0
0.654066	0              0
0.679715	0              0
0.705365	0              0
0.731015	0              0
0.756664	0              0
0.782314	0              0
0.807964	0              0
0.833613	0              0
0.859263	9.72615e-06              0
0.884913	0.00119217              0
0.910562	0.0230907              0
0.936212	0.166353              0
0.961861	0.572433              0
0.987511	1.2029              0
1.01316	1.86189              0
1.03881	2.33505              0
1.06446	2.549              0
1.09011	2.55383              0
1.11576	2.40332              0
1.14141	2.19369              0
1.16706	1.97578              0
1.19271	1.75125              0
1.21836	1.56178              0
1.24401	1.39157              0
1.26966	1.24322              0
1.29531	1.13048              0
1.32096	1.02284              0
1.34661	0.940561              0
1.37226	0.873977              0
1.39791	0.817162              0
1.42355	0.774901              0
1.4492	0.739258              0
1.47485	0.711098              0
1.5005	0.692848              0
1.52615	0.682514              0
1.5518	0.674561              0
1.57745	0.674419              0
1.6031	0.677736              0
1.62875	0.685966              0
1.6544	0.697861              0
1.68005	0.720953              0
1.7057	0.748135              0
1.73135	0.77883              0
1.757	0.813825              0
1.78265	0.851534              0
1.8083	0.89393              0
1.83395	0.93217              0
1.8596	0.978241              0
1.88525	1.01838              0
1.9109	1.05574              0
1.93655	1.09247              0
1.9622	1.13036              0
1.98785	1.16421              0
2.0135	1.18614              0
2.03915	1.20353              0
2.0648	1.21448              0
2.09045	1.21476              0
2.1161	1.20907              0
2.14174	1.19897              0
2.16739	1.17898              0
2.19304	1.15089              0
2.21869	1.12661              0
2.24434	1.09913              0
2.26999	1.06484              0
2.29564	1.04363              0
2.32129	1.01407              0
2.34694	0.988004              0
2.37259	0.964064              0
2.39824	0.947655              0
2.42389	0.931151              0
2.44954	0.918855              0
2.47519	0.909193              0
2.50084	0.89504              0
2.52649	0.883798              0
2.55214	0.885764              0
