1        1.29915        1.29915              0
2        1.17633        1.23774      0.0614076
3        1.57113        1.34887        0.11665
4        1.89026        1.48422       0.158501
5        1.35779        1.45893       0.125352
6        1.29803        1.43212       0.105804
7         1.2456        1.40547      0.0933064
8        1.34838        1.39833      0.0811202
9        1.52254        1.41213      0.0728603
10        1.75766        1.44669      0.0737618
11        1.46141        1.44803      0.0667335
12        1.28043        1.43406      0.0624995
13        1.27219        1.42161      0.0588241
14        1.22113        1.40729      0.0563116
15          1.176        1.39187      0.0546439
16        1.43249        1.39441      0.0511777
17        1.22892        1.38467      0.0490488
18        1.46596        1.38919      0.0464636
19        1.66231        1.40357      0.0462412
20        1.45509        1.40614      0.0439439
21        1.25201         1.3988      0.0424384
22        1.42826        1.40014      0.0404856
23        1.43201        1.40153      0.0387101
24        1.41373        1.40204      0.0370656
25        1.58403        1.40931      0.0362898
26        1.53102          1.414      0.0351789
27        1.45565        1.41554      0.0338861
28        1.60316        1.42224      0.0333338
29        1.55063        1.42667      0.0324671
30        1.44758        1.42736       0.031374
31        2.01421        1.44629      0.0357658
32        1.62154        1.45177      0.0350604
33        1.61569        1.45674      0.0343425
34        1.37692        1.45439      0.0333997
35        1.15442        1.44582      0.0335448
36        1.64513        1.45136      0.0330664
37        1.14284        1.44302      0.0332237
38        1.56555        1.44624      0.0324979
39        1.18159        1.43946      0.0323729
40        1.46228        1.44003      0.0315584
41        1.85653        1.45019      0.0324121
42        1.56645        1.45295      0.0317519
43        1.23534        1.44789       0.031415
44        1.31021        1.44476      0.0308518
45        1.46786        1.44528      0.0301628
46        1.41446        1.44461      0.0295074
47        1.49157        1.44561      0.0288901
48        1.33259        1.44325      0.0283796
49       0.928337        1.43274      0.0297146
50        1.16119        1.42731      0.0296165
51        1.31963         1.4252      0.0291066
52        1.69371        1.43036      0.0290047
53        1.58319        1.43325      0.0285979
54        1.43003        1.43319      0.0280634
55        1.11079        1.42733      0.0281652
56       0.709662        1.41451      0.0304825
57        1.12191        1.40938      0.0303798
58        1.43184        1.40976      0.0298539
59        1.79265        1.41625      0.0300526
60        1.49936        1.41764      0.0295799
61        1.35384        1.41659      0.0291098
62        1.28541        1.41448      0.0287144
63        1.54072        1.41648       0.028326
64        1.39733        1.41618      0.0278815
65       0.999446        1.40977       0.028188
66        1.08631        1.40487      0.0281869
67        1.57172        1.40736      0.0278745
68        1.38201        1.40699      0.0274641
69        1.60779         1.4099      0.0272191
70        1.52999        1.41161      0.0268823
71        1.80095         1.4171      0.0270623
72        1.46633        1.41778      0.0266926
73        1.72608          1.422       0.026661
74        1.16463        1.41853      0.0265273
75        1.40281        1.41832       0.026172
76        1.52916        1.41977      0.0258665
77        1.06626        1.41518      0.0259379
78        1.39097        1.41487      0.0256051
79        1.44342        1.41523      0.0252815
80        1.35205        1.41444      0.0249759
81        1.39686        1.41423      0.0246666
82        1.53452        1.41569      0.0244081
83        1.52199        1.41698      0.0241462
84         1.4936        1.41789      0.0238744
85        1.27313        1.41618      0.0236533
86         1.3552        1.41548      0.0233874
87        1.54458        1.41696      0.0231646
88        1.32285        1.41589      0.0229248
89        1.24372        1.41396      0.0227482
90        1.09129        1.41037      0.0227779
91           1.05        1.40641      0.0228716
92       0.866299        1.40054       0.023371
93        1.43642        1.40093      0.0231216
94        1.48285         1.4018      0.0228909
95        1.77815        1.40576      0.0229925
96        1.64522        1.40825      0.0228881
97        1.30572         1.4072      0.0226755
98        1.56001        1.40875      0.0224971
99        1.03419        1.40497      0.0225878
100        1.32964        1.40422      0.0223735
