0.506394
0.504443
0.508755
0.495046
0.496316
0.494172
0.519626
0.507667
0.499832
0.479892
0.487692
0.502079
0.504753
0.4978
0.496562
0.532399
0.49981
0.503297
0.509246
0.499007
0.501274
0.511763
0.486083
0.489628
0.503194
0.47795
0.496298
0.495048
0.499263
0.499007
0.490177
0.495444
0.501311
0.499129
0.516872
0.504343
0.503421
0.506827
0.495832
0.503214
0.51567
0.512824
0.508854
0.49667
0.490493
0.507583
0.503761
0.507306
0.494679
0.520449
0.501708
0.495162
0.493983
0.507425
0.496111
0.498803
0.518368
0.517566
0.503198
0.502031
0.510872
0.517007
0.50619
0.498222
0.508099
0.508603
0.510104
0.481282
0.492337
0.499207
0.501181
0.471235
0.498296
0.501568
0.503942
0.492432
0.505474
0.511848
0.503865
0.516387
0.496154
0.481775
0.499685
0.486233
0.490011
0.497413
0.513333
0.505814
0.497363
0.503558
0.507477
0.492387
0.507029
0.498765
0.493712
0.500962
0.515827
0.48599
0.522354
0.496262
