1.37944
1.35887
1.34004
1.32437
1.31483
1.31491
1.32593
1.34608
1.37203
1.4005
1.42839
1.45257
1.47049
1.48083
1.48373
1.48009
1.47076
1.45627
1.43703
1.41432
1.39152
1.37462
1.36916
1.37538
1.38712
1.39635
1.39824
1.39283
1.38372
1.37557
1.37145
1.37094
1.37051
1.36557
1.35306
1.3331
1.3092
1.28703
1.27191
1.2664
1.27003
1.28112
1.29799
1.31952
1.34484
1.37284
1.40182
1.42928
1.45219
1.46753
1.47295
1.46743
1.45193
1.43028
1.40891
1.39453
1.39046
1.39522
1.40454
1.41471
1.4237
1.43012
1.4323
1.42879
1.41951
1.4066
1.39415
1.38694
1.38851
1.39854
1.41171
1.42003
1.41726
1.40235
1.37966
1.357
1.34218
1.3397
1.34904
1.36559
1.38377
1.39968
1.41253
1.42413
1.43695
1.45181
1.4664
1.47598
1.47572
1.46289
1.43786
1.40451
1.36958
1.34011
1.32016
1.30981
1.30725
1.31104
1.32112
1.33809
1.36186
1.39055
1.42037
1.44664
1.46526
1.47325
1.46946
1.45535
1.43593
1.41842
1.40892
1.40926
1.41718
1.42899
1.44167
1.45344
1.46393
1.47448
1.48779
1.50645
1.53075
1.5579
1.58266
1.59917
1.60234
1.5887
1.55687
1.50807
1.4463
1.37833
1.31294
1.25919
1.22373
1.20915
1.21429
1.23567
1.26819
1.30503
1.33825
1.36049
1.36784
1.36209
1.35077
1.34322
1.34484
1.35498
1.36984
1.38576
1.39989
1.40967
1.41265
1.40784
1.3971
1.38531
1.37817
1.37819
1.38259
1.38589
1.38386
1.37563
1.36328
1.35016
1.33955
1.33402
1.33561
1.34581
1.36484
1.39075
1.41948
1.44734
1.47339
1.49851
1.52189
1.53926
1.54554
1.53799
1.51706
1.48588
1.44956
1.4138
1.38205
1.35375
1.32602
1.29752
1.26986
1.24696
1.23335
1.23253
1.24556
1.27019
1.30122
1.33204
1.35719
1.37425
1.38434
1.39083
1.39712
1.40504
1.41419
1.42299
1.4302
1.43623
1.44312
1.45321
1.4674
1.48386
1.4986
1.5072
1.50699
1.49783
1.48196
1.46318
1.44599
1.43406
1.42833
1.42658
1.42521
1.42131
1.41407
1.40466
1.39512
1.38734
1.3825
1.38089
1.3819
1.38411
1.3857
1.38473
1.37922
1.36767
1.34964
1.32619
1.29991
1.27466
1.2552
1.24608
1.24941
1.26377
1.28501
1.3084
1.32984
1.34612
1.35526
1.35663
1.35117
1.3418
1.33411
1.33519
1.34859
1.3702
1.39123
1.40485
1.40968
1.40882
1.40662
1.40546
1.4041
1.39855
1.38511
1.36331
1.33737
1.31566
1.3079
1.32065
1.35319
1.39733
1.442
1.47889
1.50509
1.52214
1.53293
1.53923
1.54127
1.53895
1.53347
1.52739
1.52311
1.52084
1.51765
1.50851
1.4896
1.46189
1.43201
1.40879
1.39801
1.39937
1.40671
1.41107
1.40557
1.38813
1.36117
1.32957
1.29862
1.27228
1.25305
1.24282
1.24342
1.25588
1.27901
1.30943
1.34243
1.37305
1.39724
1.41299
1.42044
1.42066
1.41497
1.40558
1.39636
1.39219
1.39622
1.40762
1.42186
1.43398
1.44162
1.44521
1.44617
1.44515
1.44177
1.43555
1.42684
1.41737
1.40995
1.40688
1.40722
1.40642
1.39976
1.38653
1.37069
1.35768
1.3508
1.35071
1.35652
1.36661
1.37843
1.38885
1.39555
1.39835
1.39941
1.40207
1.40805
1.41585
1.4216
1.422
1.41626
1.40612
1.39479
1.3858
1.3825
1.3878
1.40344
1.42831
1.45705
1.48147
1.49504
1.49639
1.48874
1.4765
1.46265
1.44875
1.43643
1.42764
1.4241
1.42682
1.43614
1.45095
1.4669
1.47729
1.47748
1.46753
1.44967
1.42465
1.39204
1.35315
1.31194
1.27395
1.24523
1.23048
1.22902
1.23433
1.23935
1.24077
1.23936
1.23891
1.24479
1.26165
1.29058
1.32759
1.36542
1.39739
1.42073
1.43719
1.45082
1.46458
1.47903
1.49339
1.50673
1.51749
1.52285
1.51928
1.50373
1.47594
1.44103
1.40854
1.38633
1.37638
1.37778
1.38937
1.40869
1.43161
1.45413
1.47375
1.4897
1.50243
1.5126
1.51998
1.52326
1.52098
1.51213
1.49662
1.47524
1.44929
1.42042
1.39094
1.36468
1.34705
1.34258
1.35166
1.36965
1.38949
1.40533
1.41423
1.41589
1.4113
1.40222
1.391
1.37978
1.36888
1.35629
1.33882
1.31423
1.28305
1.24883
1.21682
1.19181
1.17711
1.17473
1.18546
1.20776
1.23746
1.26959
1.30045
1.32851
1.3538
1.37695
1.39894
1.42125
1.44548
1.47187
1.49803
1.51944
1.53173
1.53272
1.52321
1.50621
1.48454
1.4587
1.42773
1.39248
1.35849
1.33425
1.32536
1.33077
1.34466
1.36064
1.37415
1.38346
1.38945
1.39531
1.40506
1.42114
1.44227
1.46331
1.47755
1.47981
1.46848
1.44627
1.41934
1.39508
1.37892
1.37189
1.37094
1.37154
1.37006
1.36473
1.35592
1.34675
1.34301
1.34995
1.36803
1.39284
1.41856
1.44032
1.45476
1.46081
1.45997
1.45507
1.44828
1.44011
1.42949
1.41512
1.3971
1.37828
1.36371
1.35844
1.36482
1.3814
1.40442
1.42989
1.45458
1.47528
1.48806
1.4889
1.47554
1.44935
1.41567
1.38227
1.35579
1.33892
1.33036
1.32768
1.3304
1.33976
1.35507
1.37196
1.38455
1.38855
1.38276
1.3696
1.3547
1.34547
1.34758
1.36165
1.38358
1.40918
1.43697
1.46657
1.49623
1.52302
1.54414
1.55731
1.56029
1.55095
1.52848
1.49464
1.45366
1.41076
1.3709
1.33859
1.31819
1.31258
1.32102
1.33914
1.36171
1.38542
1.40943
1.43377
1.45704
1.47534
1.48343
1.47716
1.4562
1.42552
1.39348
1.36657
1.34551
1.3271
1.30908
1.29258
1.28124
1.27888
1.28711
1.30449
1.32723
1.35118
1.37349
1.39333
1.41095
1.426
1.4364
1.4389
1.43144
1.41621
1.40098
1.39482
1.40041
1.41277
1.42585
1.4375
1.44927
1.4635
1.48071
1.49815
1.51082
1.51369
1.50364
1.47981
1.44296
1.39504
1.34026
1.28634
1.24331
1.21944
1.21704
1.23249
1.25938
1.29174
1.3258
1.36033
1.39527
1.42941
1.45908
1.47924
1.48617
1.47939
1.46229
1.44129
1.42372
1.4151
1.41735
1.42842
1.44338
1.45658
1.46414
1.46533
1.46232
1.45894
1.45887
1.46343
1.47008
1.4737
1.46974
1.45782
1.44291
1.43212
1.42898
1.43103
1.4321
1.42581
1.40828
1.37933
1.34258
1.30503
1.27523
1.26003
1.26172
1.27733
1.30052
1.3239
1.34159
1.35087
1.35295
1.35185
1.35193
1.35522
1.36054
1.36512
1.36653
1.36398
1.35831
1.35144
1.34576
1.34366
1.34726
1.35825
1.37751
1.4044
1.43607
1.46814
1.49621
1.5177
1.53229
1.54117
1.54551
1.54549
1.5402
1.52873
1.51102
1.48848
1.46376
1.44001
1.42001
1.40538
1.39613
1.39104
1.38895
1.39003
1.39541
1.40546
1.41819
1.42981
1.4366
1.43663
1.43036
1.41985
1.40729
1.39471
1.38448
1.37898
1.37877
1.38095
1.3808
1.37528
1.36482
1.35298
1.3443
1.34198
1.34622
1.35411
1.36094
1.36259
1.35793
1.34949
1.34177
1.33814
1.33947
1.34526
1.35572
1.372
1.39472
1.4221
1.44975
1.47218
1.48528
1.48779
1.48117
1.46804
1.45032
1.4285
1.40258
1.37341
1.34342
1.31604
1.29448
1.28137
1.27931
1.29129
1.31927
1.36167
1.41231
1.46233
1.50321
1.5281
1.53267
1.51572
1.48023
1.43363
1.3858
1.34519
1.31557
1.29687
1.28781
1.28722
1.29428
1.30845
1.32876
1.35281
1.37664
1.39622
1.40912
1.41532
1.41701
1.41775
1.42154
1.43156
1.44915
1.47246
1.49646
1.51416
1.51923
1.50851
1.48382
1.45125
1.41853
1.39225
1.37623
1.37144
1.37637
1.38758
1.40056
1.41107
1.41633
1.41551
1.40969
1.40119
1.39246
1.3844
1.37537
1.36223
1.3426
1.31686
1.28824
1.26107
1.23876
1.22254
1.21153
1.20346
1.1962
1.19008
1.18952
1.20151
1.23069
1.27496
1.32645
1.37615
1.41749
1.44698
1.46376
1.46892
1.46439
1.45248
1.43624
1.42012
1.40956
1.40881
1.41877
1.43684
1.45893
1.48141
1.50154
1.51745
1.52757
1.53058
1.52552
1.51218
1.49119
1.4634
1.42931
1.38957
1.34685
1.30662
1.27472
1.25331
1.24077
1.23502
1.23553
1.24293
1.2578
1.2799
1.30717
1.33583
1.3616
1.38152
1.39535
1.40562
1.41625
1.42999
1.44649
1.46238
1.47373
1.47881
1.47898
1.47775
1.47928
1.48693
1.50167
1.52042
1.53646
1.5424
1.53367
1.51004
1.47553
1.43691
1.40128
1.3731
1.35246
1.33621
1.32084
1.30483
1.28929
1.27663
1.26848
1.26449
1.2633
1.26452
1.26942
1.28019
1.29936
1.32908
1.36954
1.41706
1.46428
1.50264
1.5255
1.52998
1.51731
1.49194
1.45975
1.42651
1.397
1.37466
1.36139
1.35767
1.36255
1.37342
1.38627
1.3972
1.40399
1.40728
1.41062
1.4189
1.43541
1.45935
1.48547
1.50591
1.51319
1.50261
1.47385
1.43138
1.38388
1.34221
1.31557
1.30726
1.31396
1.32902
1.34597
1.36028
1.37024
1.37727
1.3846
1.39464
1.40674
1.41785
1.42553
1.43018
1.43445
1.44055
1.44805
1.45399
1.45488
1.44902
1.43754
1.42376
1.41181
1.40493
1.40385
1.40719
1.41253
1.41738
1.41911
1.41608
1.40912
1.40185
1.39857
1.40124
1.40828
1.41587
1.42006
1.41836
1.40955
1.39318
1.36946
1.33957
1.30583
1.27135
1.23938
1.21327
1.19649
1.19259
1.20437
1.23231
1.2733
1.3208
1.36689
1.40462
1.42963
1.44039
1.43756
1.42327
1.40094
1.37533
1.35153
1.33334
1.32264
1.32006
1.32575
1.33868
1.35614
1.37407
1.38914
1.40073
1.41084
1.42171
1.43341
1.4443
1.45334
1.46074
1.46709
1.47227
1.47517
