-5.91586
-5.90607
-5.90353
-5.91246
-5.93016
-5.94988
-5.96273
-5.96583
-5.96035
-5.95614
-5.96226
-5.98629
-6.02696
-6.07449
-6.12126
-6.15238
-6.1633
-6.14436
-6.10132
-6.04589
-5.99297
-5.95702
-5.95853
-5.99614
-6.04962
-6.0996
-6.12275
-6.11662
-6.08028
-6.02459
-5.95283
-5.87549
-5.79647
-5.72929
-5.68802
-5.6769
-5.69861
-5.74026
-5.79205
-5.84062
-5.87385
-5.89337
-5.89597
-5.88456
-5.86295
-5.84043
-5.81644
-5.79484
-5.77607
-5.76833
-5.77736
-5.80294
-5.84143
-5.89087
-5.94134
-5.99042
-6.03765
-6.0876
-6.12694
-6.14858
-6.14917
-6.13075
-6.09333
-6.04632
-6.00501
-5.97149
-5.95184
-5.93808
-5.93065
-5.92975
-5.92918
-5.93099
-5.92972
-5.91819
-5.90242
-5.89304
-5.89447
-5.90941
-5.93174
-5.94574
-5.9552
-5.94985
-5.92628
-5.88917
-5.84774
-5.80752
-5.77248
-5.74777
-5.7327
-5.72831
-5.73504
-5.75399
-5.78255
-5.81952
-5.8625
-5.90625
-5.94718
-5.98228
-6.00272
-6.01279
-6.00616
-5.98192
-5.94934
-5.91658
-5.8904
-5.87692
-5.88077
-5.90025
-5.92249
-5.94524
-5.96339
-5.97793
-5.99189
-6.01296
-6.0437
-6.07257
-6.09497
-6.09977
-6.08358
-6.04255
-5.9853
-5.91812
-5.84896
-5.78577
-5.73382
-5.69736
-5.67909
-5.68416
-5.71834
-5.77227
-5.83585
-5.90461
-5.97179
-6.02952
-6.07086
-6.08632
-6.07982
-6.0568
-6.03378
-6.01991
-6.01398
-6.01507
-6.01374
-6.01017
-5.99773
-5.97163
-5.94399
-5.92605
-5.91992
-5.92672
-5.93935
-5.95284
-5.96103
-5.95813
-5.94025
-5.90733
-5.86351
-5.80957
-5.75268
-5.69344
-5.63338
-5.58341
-5.54776
-5.53804
-5.55932
-5.61199
-5.69038
-5.78427
-5.87919
-5.96215
-6.02408
-6.06383
-6.0873
-6.09837
-6.09516
-6.08078
-6.05663
-6.03097
-6.0096
-5.9978
-6.00482
-6.03327
-6.07808
-6.12592
-6.15618
-6.16052
-6.13984
-6.10943
-6.08154
-6.06724
-6.06279
-6.06209
-6.0583
-6.04917
-6.03043
-6.00224
-5.96365
-5.92235
-5.88015
-5.84321
-5.81473
-5.80246
-5.80401
-5.82231
-5.84575
-5.86719
-5.87613
-5.87317
-5.85521
-5.82755
-5.79386
-5.75552
-5.71533
-5.67951
-5.65389
-5.63469
-5.62075
-5.61318
-5.61298
-5.6272
-5.66045
-5.7045
-5.75315
-5.79565
-5.82853
-5.84997
-5.86131
-5.87237
-5.8789
-5.88925
-5.89876
-5.9102
-5.92869
-5.95622
-5.98494
-6.00749
-6.01775
-6.01288
-6.00005
-5.98593
-5.97027
-5.9521
-5.92879
-5.90472
-5.87162
-5.83613
-5.80415
-5.77456
-5.76244
-5.76839
-5.7962
-5.84236
-5.9014
-5.96233
-6.0162
-6.05096
-6.05582
-6.03415
-5.98351
-5.92574
-5.87442
-5.84496
-5.84597
-5.87503
-5.91779
-5.9664
-6.00496
-6.02751
-6.02712
-6.01098
-5.98066
-5.94378
-5.9012
-5.85671
-5.81754
-5.78804
-5.77638
-5.77952
-5.79578
-5.82515
-5.85249
-5.88065
-5.90841
-5.93683
-5.96122
-5.97723
-5.98379
-5.98048
-5.9653
-5.94434
-5.91938
-5.88777
-5.85178
-5.81656
-5.78911
-5.77097
-5.77051
-5.78325
-5.80592
-5.83221
-5.85016
-5.86732
-5.88846
-5.91862
-5.95851
-6.00034
-6.03766
-6.06232
-6.07009
-6.05724
-6.0313
-5.99662
-5.96016
-5.92164
-5.88348
-5.84442
-5.80239
-5.7696
-5.75675
-5.77002
-5.80725
-5.86146
-5.91574
-5.9562
-5.98092
-5.98727
-5.9743
-5.94658
-5.91737
-5.88805
-5.86594
-5.84759
-5.83846
-5.83494
-5.83889
-5.84404
-5.84382
-5.83872
-5.83991
-5.85614
-5.88738
-5.92262
-5.94851
-5.96329
-5.9662
-5.96223
-5.95281
-5.94367
-5.93523
-5.92691
-5.9211
-5.92281
-5.92752
-5.93377
-5.93591
-5.92828
-5.91094
-5.88653
-5.8592
-5.83298
-5.81803
-5.8188
-5.83725
-5.86753
-5.90835
-5.94585
-5.97558
-5.99223
-5.99174
-5.98041
-5.96001
-5.9347
-5.9127
-5.90154
-5.91035
-5.94681
-6.00358
-6.07167
-6.1353
-6.18056
-6.19659
-6.18122
-6.13986
-6.07992
-6.01049
-5.94051
-5.88306
-5.84203
-5.81958
-5.80711
-5.79423
-5.77746
-5.75171
-5.71634
-5.68496
-5.6593
-5.64388
-5.6384
-5.64504
-5.6728
-5.72272
-5.78534
-5.84688
-5.89272
-5.92257
-5.9325
-5.93742
-5.94195
-5.94829
-5.96546
-5.98131
-5.99288
-5.99365
-5.98544
-5.97323
-5.97057
-5.98343
-6.01847
-6.06289
-6.10667
-6.13475
-6.14138
-6.12082
-6.07349
-6.00944
-5.93544
-5.86778
-5.82552
-5.80864
-5.81171
-5.82646
-5.84929
-5.87029
-5.8933
-5.91993
-5.95069
-5.9826
-6.00915
-6.0231
-6.02751
-6.02344
-6.01194
-6.00502
-6.00752
-6.01154
-6.01713
-6.02038
-6.02275
-6.01862
-6.01624
-6.00586
-5.98115
-5.94367
-5.90604
-5.87343
-5.85344
-5.84833
-5.85363
-5.86839
-5.88131
-5.89609
-5.90698
-5.91064
-5.90705
-5.89636
-5.87349
-5.84309
-5.8103
-5.78085
-5.76151
-5.7618
-5.77679
-5.80763
-5.84817
-5.88713
-5.92048
-5.9412
-5.94876
-5.9461
-5.93413
-5.91592
-5.89426
-5.86976
-5.84139
-5.81427
-5.79149
-5.78666
-5.79667
-5.81293
-5.83108
-5.8473
-5.85298
-5.85496
-5.85156
-5.84124
-5.82721
-5.80561
-5.78153
-5.75628
-5.74309
-5.75104
-5.78221
-5.83019
-5.89112
-5.95107
-5.99992
-6.03183
-6.04696
-6.05032
-6.04157
-6.01679
-5.97561
-5.92487
-5.8792
-5.85258
-5.85592
-5.88447
-5.93133
-5.97951
-6.02273
-6.05071
-6.06325
-6.06267
-6.04899
-6.02986
-6.00503
-5.9782
-5.95347
-5.93143
-5.9117
-5.90204
-5.90323
-5.91154
-5.91582
-5.90759
-5.88772
-5.86741
-5.85549
-5.84799
-5.84468
-5.84394
-5.84093
-5.84158
-5.84187
-5.8424
-5.84476
-5.85679
-5.87678
-5.90361
-5.93212
-5.95269
-5.95867
-5.95178
-5.93115
-5.90789
-5.88528
-5.85779
-5.83621
-5.82059
-5.82933
-5.85892
-5.8892
-5.90574
-5.89747
-5.87502
-5.84883
-5.82572
-5.81053
-5.80241
-5.79782
-5.7947
-5.79988
-5.81372
-5.8364
-5.86598
-5.89484
-5.91612
-5.92338
-5.91688
-5.90442
-5.89585
-5.88923
-5.88885
-5.89556
-5.9075
-5.9206
-5.93435
-5.94994
-5.96273
-5.97225
-5.98354
-5.99495
-6.00568
-6.01433
-6.01685
-6.01036
-5.98852
-5.95372
-5.91144
-5.87634
-5.86298
-5.86478
-5.87615
-5.89083
-5.90749
-5.91796
-5.91606
-5.89851
-5.86685
-5.83076
-5.80401
-5.79793
-5.81587
-5.85614
-5.91126
-5.97266
-6.02954
-6.07801
-6.10893
-6.12577
-6.13357
-6.13863
-6.14466
-6.14612
-6.14315
-6.13224
-6.11552
-6.09454
-6.07398
-6.05011
-6.02741
-6.00205
-5.97279
-5.92846
-5.87273
-5.80389
-5.72947
-5.66267
-5.62395
-5.61542
-5.64451
-5.6907
-5.74518
-5.79016
-5.82676
-5.84886
-5.85346
-5.84067
-5.81136
-5.77556
-5.72922
-5.69017
-5.65961
-5.64078
-5.63797
-5.65089
-5.68055
-5.72554
-5.77675
-5.82283
-5.86287
-5.8932
-5.91628
-5.93474
-5.94787
-5.96063
-5.97077
-5.98362
-6.00022
-6.02051
-6.03352
-6.04619
-6.05951
-6.0705
-6.07627
-6.07698
-6.07207
-6.0536
-6.02943
-6.00247
-5.97655
-5.96725
-5.97241
-5.99347
-6.02203
-6.04313
-6.0565
-6.06108
-6.05416
-6.035
-6.00521
-5.97119
-5.93838
-5.91373
-5.89756
-5.89557
-5.90194
-5.90993
-5.90688
-5.89001
-5.85569
-5.81088
-5.76921
-5.73897
-5.72849
-5.73142
-5.7437
-5.76078
-5.77744
-5.79115
-5.80512
-5.81871
-5.83428
-5.85612
-5.87692
-5.89515
-5.90572
-5.90239
-5.88655
-5.86082
-5.83067
-5.7988
-5.77162
-5.75212
-5.74824
-5.76142
-5.78744
-5.82157
-5.85847
-5.88966
-5.91273
-5.92156
-5.91075
-5.8868
-5.85645
-5.83314
-5.82954
-5.8545
-5.90297
-5.97404
-6.0537
-6.1243
-6.1738
-6.19611
-6.19167
-6.16391
-6.12256
-6.06646
-6.00606
-5.9489
-5.90989
-5.89572
-5.90072
-5.91411
-5.92664
-5.93442
-5.93786
-5.93456
-5.92413
-5.90813
-5.89541
-5.88729
-5.88836
-5.89649
-5.90579
-5.91175
-5.91418
-5.9095
-5.90432
-5.91464
-5.93402
-5.96001
-5.98999
-6.00974
-6.01621
-6.0113
-6.00057
-5.98263
-5.94865
-5.89865
-5.83486
-5.7596
-5.68621
-5.62945
-5.60089
-5.60345
-5.63083
-5.67564
-5.7327
-5.79268
-5.8499
-5.89955
-5.93921
-5.96962
-5.98925
-5.99867
-6.00162
-5.99383
-5.97544
-5.94346
-5.90691
-5.87208
-5.84855
-5.84353
-5.85117
-5.87179
-5.8955
-5.92875
-5.96756
-6.01462
-6.06476
-6.11357
-6.14941
-6.17075
-6.16825
-6.14836
-6.11102
-6.06256
-6.00792
-5.95401
-5.89859
-5.84713
-5.8047
-5.7764
-5.76571
-5.76864
-5.77707
-5.78793
-5.8012
-5.81639
-5.83955
-5.86603
-5.8914
-5.90465
-5.90664
-5.887
-5.85368
-5.81546
-5.77905
-5.75088
-5.72499
-5.69434
-5.66241
-5.63405
-5.61874
-5.62418
-5.65745
-5.71539
-5.791
-5.87739
-5.96525
-6.04953
-6.12334
-6.18054
-6.22418
-6.25881
-6.2723
-6.26933
-6.24298
-6.19677
-6.1341
-6.06746
-6.0043
-5.94884
-5.90661
-5.8808
-5.87351
-5.8823
-5.89978
-5.92319
-5.94301
-5.95301
-5.95399
-5.94194
-5.91986
-5.89218
-5.8655
-5.84048
-5.81496
-5.78766
-5.75204
-5.71621
-5.69302
-5.69095
-5.70402
-5.72479
-5.74414
-5.76967
-5.80181
-5.84802
-5.89884
-5.94962
-5.99265
-6.02581
-6.04301
-6.03511
-6.00014
-5.94458
-5.88591
-5.8342
-5.79656
-5.77785
-5.77346
-5.77848
-5.78612
-5.80041
-5.81348
-5.82676
-5.83579
-5.84432
-5.85763
-5.87217
-5.89694
-5.93034
-5.97094
-6.00714
-6.03831
-6.05677
-6.0604
-6.05168
-6.02818
-5.99592
-5.96365
-5.94059
-5.92273
-5.90363
-5.88061
-5.85954
-5.84612
-5.84973
-5.87458
-5.91215
-5.96201
-6.00265
-6.02465
-6.02267
-6.00233
-5.9739
-5.94448
-5.91362
-5.88357
-5.85044
-5.81867
-5.79457
-5.78261
-5.79143
-5.81816
-5.85821
-5.90625
-5.94513
-5.96567
-5.96843
-5.95225
-5.92441
-5.89615
-5.87708
-5.87173
-5.87772
-5.88501
-5.89059
-5.89283
-5.89154
-5.89345
-5.90122
-5.92297
-5.95784
-6.00198
-6.04718
-6.09114
-6.11914
-6.12802
-6.11478
-6.08153
-6.0303
-5.9695
-5.90391
-5.8385
-5.78344
-5.74157
-5.70944
-5.69158
-5.68898
-5.69945
-5.72707
-5.76327
-5.80393
-5.84646
-5.87897
-5.90774
-5.93121
-5.95666
-5.9848
-6.01214
-6.03241
-6.03978
-6.03554
-6.01962
-5.99935
-5.97581
-5.95724
