-0.03184
-0.0318485
-0.0318627
-0.0318826
-0.0319081
-0.0319394
-0.0319765
-0.0320193
-0.032068
-0.0321226
-0.0321831
-0.0322543
-0.032327
-0.0324082
-0.0324982
-0.0325992
-0.0327237
-0.0328552
-0.0329817
-0.0331202
-0.0332777
-0.0334356
-0.0335939
-0.0337717
-0.0339574
-0.034144
-0.0343435
-0.0345657
-0.0347752
-0.0349934
-0.0352421
-0.0354788
-0.0357201
-0.0359664
-0.0362298
-0.0365131
-0.0367952
-0.0370908
-0.0374002
-0.0377097
-0.0380314
-0.0383777
-0.0387279
-0.0390871
-0.0394632
-0.0398613
-0.0402702
-0.0407025
-0.041147
-0.0415999
-0.0420834
-0.0425722
-0.0430912
-0.0436247
-0.0441787
-0.0447663
-0.0453767
-0.0460115
-0.0466745
-0.0473673
-0.0481013
-0.0488618
-0.0496627
-0.0504873
-0.0513592
-0.0522788
-0.0532347
-0.0542415
-0.0553
-0.0564184
-0.0575954
-0.0588395
-0.0601427
-0.0615162
-0.0629663
-0.0644969
-0.0661115
-0.067806
-0.0695777
-0.0714559
-0.0734057
-0.0754292
-0.0775402
-0.0796863
-0.0818692
-0.0840292
-0.0861321
-0.0880662
-0.0897186
-0.0909284
-0.0915007
-0.0911769
-0.089694
-0.0868581
-0.0826526
-0.0773742
-0.0718183
-0.0672226
-0.0648891
-0.0656296
-0.0693368
-0.0750412
-0.0815098
-0.0877861
-0.0934043
-0.0983423
-0.102706
-0.106544
-0.109688
-0.111819
-0.112574
-0.111755
-0.109365
-0.105837
-0.101923
-0.0986052
-0.0968339
-0.0973752
-0.100592
-0.106482
-0.114664
-0.124378
-0.134714
-0.144779
-0.15387
-0.16153
-0.167597
-0.172037
-0.174946
-0.17642
-0.176611
-0.175681
-0.173868
-0.171513
-0.169099
-0.167165
-0.166193
-0.166524
-0.168212
-0.171021
-0.17453
-0.178281
-0.181877
-0.18507
-0.187735
-0.189871
-0.191571
-0.192903
-0.193919
-0.19461
-0.194884
-0.194575
-0.193495
-0.191504
-0.188603
-0.185008
-0.181223
-0.17791
-0.175742
-0.175233
-0.176582
-0.179634
-0.183981
-0.189208
-0.194993
-0.201117
-0.20748
-0.213996
-0.220552
-0.227045
-0.233318
-0.239231
-0.244706
-0.249664
-0.254131
-0.258111
-0.261646
-0.264782
-0.267531
-0.269857
-0.271713
-0.273011
-0.273634
-0.273487
-0.272488
-0.270603
-0.26787
-0.264401
-0.260415
-0.256225
-0.25221
-0.248831
-0.246482
-0.245504
-0.246063
-0.248156
-0.251586
-0.256027
-0.261052
-0.266263
-0.271329
-0.276
-0.280107
-0.283552
-0.286259
-0.288209
-0.289378
-0.289767
-0.289424
-0.288418
-0.286869
-0.284922
-0.282771
-0.280613
-0.278668
-0.277134
-0.276179
-0.275946
-0.276502
-0.27784
-0.279883
-0.282515
-0.285533
-0.28876
-0.292015
-0.295149
-0.29801
-0.300524
-0.302612
-0.304195
-0.305208
-0.305616
-0.305413
-0.304615
-0.303328
-0.301721
-0.299997
-0.298382
-0.297085
-0.296234
-0.295864
-0.295966
-0.296522
-0.297491
-0.298856
-0.300601
-0.302691
-0.305056
-0.307632
-0.31032
-0.313044
-0.315764
-0.318474
-0.321172
-0.323871
-0.326519
-0.329034
-0.331217
-0.332836
-0.333628
-0.333362
-0.331836
-0.328993
-0.324897
-0.319809
-0.314085
-0.308071
-0.30194
-0.295599
-0.288682
-0.2809
-0.272361
-0.263848
-0.25676
-0.252735
-0.252928
-0.257652
-0.266248
-0.27745
-0.289817
-0.302112
-0.313467
-0.323396
-0.33169
-0.338287
-0.343229
-0.34655
-0.348321
-0.348587
-0.347377
-0.344735
-0.340746
-0.335557
-0.329407
-0.322682
-0.315886
-0.309653
-0.304539
-0.300916
-0.298801
-0.297862
-0.297571
-0.29737
-0.296902
-0.296095
-0.295176
-0.294553
-0.294658
-0.295749
-0.297844
-0.300643
-0.303725
-0.306618
-0.308969
-0.310499
-0.311045
-0.310525
-0.308869
-0.30609
-0.30222
-0.29738
-0.291751
-0.285695
-0.279669
-0.274261
-0.270088
-0.267698
-0.26745
-0.269348
-0.273017
-0.27782
-0.282985
-0.287829
-0.291878
-0.294872
-0.296768
-0.297649
-0.297699
-0.297133
-0.296183
-0.295075
-0.29401
-0.293165
-0.292662
-0.29256
-0.292882
-0.293595
-0.294623
-0.295826
-0.297092
-0.298244
-0.299153
-0.299637
-0.299568
-0.29879
-0.297155
-0.294532
-0.290786
-0.285892
-0.279883
-0.272986
-0.265638
-0.258521
-0.252446
-0.248169
-0.246178
-0.246495
-0.248797
-0.252525
-0.257105
-0.262061
-0.267075
-0.271946
-0.276555
-0.280802
-0.284608
-0.287907
-0.290637
-0.29275
-0.294248
-0.295167
-0.295552
-0.29546
-0.29497
-0.294121
-0.292978
-0.291502
-0.289719
-0.287596
-0.285153
-0.282376
-0.279349
-0.276197
-0.27308
-0.270214
-0.267884
-0.266353
-0.265854
-0.26653
-0.268409
-0.271365
-0.275164
-0.279493
-0.284021
-0.288475
-0.292602
-0.296231
-0.299244
-0.301564
-0.303138
-0.303948
-0.303964
-0.303196
-0.301636
-0.299306
-0.296246
-0.292554
-0.288366
-0.283933
-0.279569
-0.275681
-0.272687
-0.270972
-0.27074
-0.272
-0.27452
-0.27789
-0.281653
-0.28541
-0.288823
-0.291702
-0.293932
-0.295499
-0.296379
-0.296588
-0.296102
-0.294874
-0.292809
-0.28978
-0.285653
-0.280378
-0.274058
-0.26706
-0.26007
-0.254026
-0.249765
-0.247702
-0.247659
-0.248975
-0.25091
-0.253019
-0.255239
-0.257756
-0.260746
-0.264244
-0.268029
-0.271801
-0.275211
-0.278078
-0.280291
-0.281896
-0.282972
-0.283628
-0.28399
-0.284125
-0.284114
-0.283999
-0.28381
-0.283554
-0.283252
-0.282879
-0.282423
-0.28187
-0.281168
-0.280299
-0.279217
-0.27794
-0.276486
-0.274934
-0.273386
-0.272003
-0.270986
-0.270539
-0.270851
-0.27206
-0.27417
-0.277106
-0.280699
-0.28469
-0.288796
-0.292759
-0.296339
-0.299331
-0.301607
-0.303068
-0.303672
-0.303428
-0.302389
-0.300677
-0.298477
-0.296038
-0.293658
-0.29167
-0.290399
-0.29007
-0.290813
-0.29258
-0.295158
-0.298229
-0.301475
-0.304613
-0.307505
-0.310101
-0.312477
-0.314743
-0.317022
-0.319395
-0.321834
-0.324244
-0.326432
-0.328185
-0.329238
-0.329391
-0.328515
-0.32661
-0.323852
-0.3206
-0.317479
-0.315227
-0.314508
-0.315751
-0.318973
-0.323806
-0.329605
-0.335682
-0.341484
-0.346585
-0.350728
-0.353799
-0.355776
-0.356701
-0.356657
-0.355848
-0.354468
-0.352723
-0.350828
-0.348936
-0.347148
-0.345524
-0.344056
-0.342797
-0.341818
-0.341214
-0.341045
-0.341288
-0.341771
-0.342268
-0.342516
-0.342308
-0.34158
-0.340359
-0.338857
-0.337313
-0.336013
-0.335217
-0.335065
-0.335564
-0.336572
-0.337807
-0.338936
-0.339641
-0.339702
-0.339019
-0.337642
-0.335736
-0.333533
-0.331279
-0.329177
-0.327365
-0.32588
-0.324732
-0.323893
-0.323327
-0.323083
-0.323187
-0.323687
-0.3246
-0.325933
-0.32758
-0.32943
-0.33132
-0.333146
-0.33478
-0.336144
-0.337206
-0.337928
-0.338295
-0.338285
-0.337817
-0.336838
-0.335207
-0.33281
-0.329536
-0.325402
-0.320589
-0.315535
-0.310909
-0.307543
-0.306134
-0.306998
-0.309915
-0.314214
-0.319056
-0.323663
-0.327476
-0.330118
-0.331337
-0.330904
-0.328587
-0.324153
-0.317412
-0.308443
-0.297792
-0.286762
-0.277284
-0.27146
-0.270551
-0.274318
-0.281305
-0.289597
-0.297636
-0.304523
-0.309903
-0.313769
-0.316291
-0.317683
-0.318139
-0.317828
-0.316899
-0.315447
-0.313539
-0.311243
-0.30862
-0.305724
-0.302634
-0.299452
-0.296305
-0.293325
-0.290622
-0.288319
-0.286434
-0.284939
-0.283729
-0.282638
-0.281563
-0.280375
-0.279069
-0.277744
-0.276526
-0.275606
-0.275164
-0.27528
-0.275915
-0.276963
-0.27823
-0.279522
-0.280668
-0.281576
-0.28221
-0.282555
-0.282659
-0.282566
-0.282303
-0.281866
-0.28118
-0.280084
-0.278225
-0.275092
-0.269917
-0.261755
-0.249747
-0.233862
-0.216021
-0.200946
-0.194482
-0.199531
-0.213495
-0.230555
-0.245842
-0.257234
-0.264648
-0.268896
-0.270882
-0.271362
-0.270835
-0.269588
-0.267759
-0.265372
-0.262391
-0.258742
-0.254434
-0.249637
-0.244777
-0.240514
-0.237692
-0.237081
-0.239051
-0.243391
-0.24941
-0.256248
-0.263084
-0.269405
-0.274945
-0.279661
-0.283624
-0.286971
-0.289825
-0.292289
-0.29445
-0.296366
-0.298034
-0.299434
-0.300509
-0.301163
-0.301254
-0.300578
-0.298914
-0.29602
-0.291644
-0.285613
-0.27798
-0.269177
-0.260088
-0.252084
-0.246658
-0.244872
-0.246812
-0.251498
-0.257318
-0.262673
-0.26644
-0.268168
-0.268012
-0.266673
-0.265086
-0.264246
-0.264837
-0.267053
-0.270636
-0.275055
-0.279722
-0.284202
-0.288228
-0.291682
-0.294603
-0.297008
-0.298968
-0.300547
-0.301797
-0.30277
-0.303527
-0.304123
-0.3046
-0.305011
-0.3054
-0.30582
-0.306242
-0.306687
-0.307099
-0.307431
-0.307574
-0.307398
-0.306805
-0.305656
-0.30385
-0.301378
-0.29834
-0.295025
-0.291909
-0.289557
-0.288494
-0.288985
-0.290918
-0.293857
-0.297219
-0.300421
-0.30307
-0.304945
-0.306033
-0.306396
-0.306148
-0.305436
-0.304357
-0.303039
-0.301602
-0.300183
-0.298895
-0.297775
-0.296713
-0.295466
-0.293705
-0.291141
-0.287653
-0.283365
-0.278751
-0.274454
-0.271205
-0.26954
-0.269708
-0.271609
-0.274944
-0.279314
-0.284322
-0.289678
-0.295138
-0.300466
-0.305511
-0.310132
-0.314239
-0.31778
-0.320737
-0.323111
-0.324959
-0.326334
-0.327299
-0.327922
-0.328284
-0.328452
-0.32848
-0.328412
-0.328274
-0.328104
-0.3279
-0.327641
-0.327351
-0.327015
-0.326622
-0.326145
-0.325588
-0.324898
-0.324053
-0.323025
-0.321772
-0.320261
-0.318472
-0.316369
-0.313981
-0.311335
-0.308462
-0.305454
-0.302361
-0.299243
-0.296156
-0.293102
-0.290097
-0.287163
-0.284302
-0.281511
-0.278801
-0.276174
-0.273646
-0.27128
-0.269228
-0.267725
-0.26703
-0.26739
-0.268942
-0.271665
-0.275402
-0.2799
-0.284839
-0.289884
-0.294759
-0.299256
-0.303238
-0.306644
-0.309464
-0.311715
-0.313451
-0.314728
-0.315598
-0.316088
-0.316278
-0.31617
-0.315782
-0.315102
-0.314119
-0.312787
-0.311045
-0.308807
-0.305965
-0.302412
-0.298051
-0.292784
-0.286622
-0.279662
-0.272186
-0.264648
-0.257651
-0.251854
-0.247803
-0.245807
-0.245917
-0.247989
-0.251774
-0.256986
-0.26329
-0.270307
-0.277624
-0.284806
-0.291535
-0.297553
-0.302745
-0.30706
-0.310513
-0.31313
-0.314956
-0.315978
-0.316184
-0.315466
-0.313678
-0.310627
-0.30614
-0.300107
-0.292631
-0.284198
-0.275739
-0.268547
-0.2638
-0.26202
-0.262842
-0.265196
-0.267893
-0.270082
-0.271439
-0.272085
-0.272397
-0.272853
-0.273818
-0.275553
-0.278112
-0.281394
-0.28517
-0.289155
-0.293061
-0.296686
-0.299872
-0.30252
-0.304581
-0.306059
-0.306971
-0.307327
-0.307164
-0.306498
-0.305358
-0.303746
-0.301723
-0.299376
-0.296846
-0.294348
-0.292152
-0.290483
-0.289572
-0.289479
-0.290137
-0.291311
-0.292701
-0.293967
-0.294831
-0.295122
-0.29478
-0.293895
-0.292657
-0.291376
-0.290408
-0.290075
-0.290556
-0.29191
-0.294005
-0.296618
-0.299429
-0.302167
-0.304619
-0.306631
-0.308134
-0.309097
-0.309531
-0.309457
-0.308916
-0.30793
-0.306563
-0.304875
-0.302893
-0.300725
-0.298481
-0.296257
-0.294214
-0.292534
-0.291375
-0.290908
-0.293723
-0.296679
-0.299884
-0.303192
-0.306457
-0.309565
-0.312436
-0.315024
-0.317305
-0.319267
-0.320931
-0.322287
-0.323344
-0.324096
-0.324548
-0.324681
-0.324492
-0.323996
-0.323176
-0.322061
-0.320665
-0.319031
-0.317209
-0.315252
-0.313239
-0.311246
-0.309396
-0.307796
-0.306606
-0.305971
-0.306029
-0.306893
-0.308539
-0.310876
-0.313728
-0.316832
-0.319939
-0.322848
-0.325424
-0.327606
-0.329373
-0.330774
-0.331863
-0.332694
-0.333309
-0.333752
-0.334029
-0.334066
-0.333798
-0.333117
-0.331827
-0.329745
-0.32673
-0.322761
-0.318135
-0.313566
-0.310194
-0.309249
-0.311567
-0.317071
-0.32475
-0.333152
-0.340938
-0.347201
-0.351509
-0.353809
-0.354272
-0.353191
-0.350918
-0.347906
-0.344627
-0.341565
-0.339135
-0.33764
-0.337212
-0.337801
-0.339188
-0.34105
-0.343013
-0.344752
-0.346018
-0.346682
-0.34665
-0.345917
-0.344495
-0.342388
-0.339598
-0.336085
-0.331851
-0.32691
-0.321438
-0.315832
-0.310777
-0.307231
-0.306161
-0.308217
-0.313396
-0.320995
-0.329864
-0.338894
-0.347181
-0.354195
-0.359747
-0.363837
-0.366617
-0.368291
-0.369093
-0.369243
-0.368912
-0.368278
-0.367468
-0.36656
-0.365582
-0.364548
-0.36346
-0.362302
-0.361092
-0.359842
-0.358568
-0.357287
-0.355998
-0.35471
-0.353428
-0.352174
-0.350986
-0.349946
-0.349118
-0.348552
-0.348251
-0.348183
-0.348288
-0.34849
-0.348753
-0.349052
-0.349409
-0.349837
-0.350377
-0.350998
-0.351709
-0.352443
-0.353149
-0.353739
-0.354177
-0.354408
-0.354406
-0.354171
-0.353713
-0.353064
-0.352235
-0.351271
-0.350218
-0.349111
-0.347971
-0.346819
-0.345672
-0.344527
-0.343399
-0.342268
-0.341167
-0.340104
-0.339143
-0.338328
-0.337732
-0.337421
-0.337453
-0.337836
-0.338574
-0.339557
-0.340673
-0.341724
-0.342508
-0.342796
-0.342369
-0.341045
-0.338744
-0.335495
-0.33158
-0.327493
-0.323888
-0.32146
-0.320642
-0.32147
-0.323552
-0.326224
-0.328861
-0.331058
-0.332619
-0.333557
-0.333968
-0.333932
-0.333453
-0.332474
-0.330939
-0.328793
-0.326125
-0.32314
-0.320192
-0.317695
-0.316098
-0.315751
-0.31681
-0.319268
-0.322853
-0.32724
-0.33198
-0.336731
-0.341201
-0.345227
-0.348733
-0.351746
-0.354339
-0.356576
-0.358555
-0.36037
-0.362051
-0.363619
-0.365065
-0.366351
-0.36746
-0.368332
-0.368961
-0.369309
-0.369394
-0.369237
-0.368884
-0.368425
-0.36796
-0.3676
-0.367463
-0.367677
-0.368317
-0.369429
-0.37099
-0.37294
-0.375156
-0.377459
-0.379646
-0.381519
-0.382867
-0.383491
-0.383243
-0.381988
-0.379674
-0.376324
-0.372061
-0.367167
-0.362126
-0.357524
-0.354029
-0.352173
-0.352228
-0.354117
-0.357488
-0.361869
-0.366814
-0.372018
-0.377283
-0.382532
-0.387744
-0.392882
-0.397875
-0.402668
-0.407142
-0.411169
-0.414629
-0.417408
-0.419371
-0.420413
-0.420432
-0.419346
-0.417104
-0.413672
-0.409042
-0.403251
-0.396417
-0.388789
-0.380789
-0.373157
-0.366835
-0.362824
-0.361768
-0.363742
-0.368308
-0.374704
-0.382177
-0.390067
-0.397859
-0.405112
-0.411503
-0.416835
-0.421039
-0.424149
-0.426285
-0.427589
-0.42823
-0.428325
-0.427943
-0.427082
-0.425674
-0.423595
-0.420639
-0.416597
-0.411248
-0.404484
-0.396301
-0.386916
-0.376765
-0.366446
-0.356597
-0.347753
-0.340269
-0.334346
-0.330134
-0.327857
-0.327747
-0.329984
-0.334523
-0.341029
-0.348896
-0.357348
-0.365617
-0.373046
-0.379172
-0.383756
-0.386767
-0.388335
-0.388714
-0.388187
-0.387039
-0.385492
-0.38375
-0.381963
-0.380259
-0.378755
-0.377549
-0.376718
-0.376307
-0.376303
-0.376636
-0.37717
-0.377753
-0.378223
-0.378446
-0.378305
-0.377756
-0.376791
-0.375465
-0.373839
-0.372003
-0.370029
-0.367996
-0.365982
-0.364072
-0.362289
-0.360682
-0.359266
-0.358035
-0.356966
-0.356038
-0.355249
-0.354663
-0.354331
-0.35438
-0.354902
-0.355942
-0.357501
-0.359437
-0.361593
-0.363728
-0.365657
-0.36724
-0.368384
-0.369025
-0.369132
-0.368722
-0.367817
-0.366471
-0.364771
-0.362838
-0.360859
-0.358996
-0.357434
-0.356304
-0.355664
-0.355514
-0.355753
-0.356251
-0.356908
-0.357637
-0.358375
-0.359146
-0.360003
-0.361002
-0.362194
-0.363617
-0.365271
-0.367108
-0.369049
-0.371015
-0.372917
-0.374667
-0.376214
-0.377507
-0.378521
-0.379254
-0.379714
-0.379901
-0.379832
-0.379494
-0.378891
-0.378008
-0.376815
-0.37526
-0.373311
-0.370915
-0.368051
-0.364688
-0.360822
-0.35653
-0.351933
-0.347202
-0.342609
-0.338418
-0.334893
-0.332237
-0.330507
-0.329674
-0.329565
-0.329943
-0.330577
-0.331239
-0.331833
-0.332314
-0.332766
-0.333317
-0.334138
-0.335358
-0.33705
-0.339177
-0.341643
-0.344309
-0.347029
-0.349656
-0.352091
-0.354259
-0.356118
-0.357634
-0.358818
-0.359659
-0.360153
-0.360313
-0.36013
-0.359597
-0.358707
-0.357424
-0.355743
-0.353648
-0.35112
-0.348172
-0.344847
-0.341203
-0.337361
-0.333501
-0.329811
-0.326485
-0.323669
-0.321428
-0.319747
-0.318509
-0.317623
-0.31698
-0.316557
-0.316331
-0.316308
-0.316434
-0.316622
-0.316743
-0.316683
-0.316368
-0.315774
-0.314921
-0.313877
-0.312698
-0.31148
-0.310327
-0.309305
-0.308506
-0.307998
-0.307829
-0.307997
-0.308477
-0.309222
-0.310157
-0.311201
-0.312296
-0.313397
-0.314482
-0.315524
-0.316513
-0.317427
-0.318201
-0.318782
-0.3191
-0.319076
-0.318629
-0.317674
-0.316169
-0.31413
-0.311622
-0.308792
-0.305906
-0.303285
-0.301263
-0.300095
-0.299815
-0.300257
-0.300986
-0.30147
-0.301151
-0.299571
-0.296496
-0.291884
-0.285955
-0.279194
-0.272333
-0.266293
-0.262103
-0.260609
-0.262232
-0.266727
-0.273262
-0.280723
-0.288096
-0.294687
-0.300188
-0.304543
-0.307907
-0.310445
-0.312318
-0.313646
-0.314478
-0.314814
-0.314619
-0.31383
-0.312319
-0.309992
-0.306739
-0.302505
-0.297281
-0.29117
-0.284457
-0.277665
-0.271475
-0.266682
-0.263945
-0.263625
-0.265639
-0.269509
-0.274551
-0.280071
-0.285486
-0.290391
-0.294504
-0.297691
-0.29989
-0.301113
-0.301405
-0.300879
-0.29968
-0.298012
-0.296087
-0.294209
-0.292607
-0.291519
-0.291123
-0.291514
-0.292727
-0.294732
-0.297439
-0.300676
-0.304284
-0.308055
-0.311784
-0.315293
-0.318403
-0.320993
-0.322922
-0.324078
-0.32435
-0.32359
-0.321631
-0.31824
-0.313203
-0.306316
-0.297514
-0.287047
-0.275754
-0.265183
-0.257451
-0.254495
-0.257196
-0.264777
-0.275281
-0.286534
-0.296912
-0.305535
-0.312118
-0.316752
-0.31966
-0.321104
-0.321342
-0.320601
-0.319055
-0.316899
-0.314354
-0.311697
-0.309262
-0.307431
-0.306524
-0.306725
-0.308017
-0.310111
-0.312557
-0.314827
-0.316441
-0.317063
-0.316501
-0.314781
-0.312064
-0.308678
-0.305047
-0.301567
-0.298685
-0.296817
-0.296421
-0.297901
-0.301443
-0.306908
-0.313734
-0.321098
-0.328221
-0.334494
-0.339607
-0.343472
-0.346189
-0.347929
-0.348897
-0.349282
-0.349217
-0.348771
-0.347954
-0.346723
-0.344962
-0.342502
-0.339175
-0.334774
-0.329136
-0.322144
-0.313801
-0.304347
-0.294377
-0.284958
-0.277469
-0.273229
-0.272891
-0.276158
-0.281907
-0.288791
-0.295668
-0.301839
-0.306997
-0.311072
-0.314112
-0.316189
-0.317383
-0.317751
-0.317332
-0.316174
-0.314321
-0.311905
-0.30912
-0.306321
-0.303944
-0.302436
-0.30214
-0.303203
-0.305549
-0.308879
-0.312823
-0.316963
-0.320981
-0.324623
-0.327736
-0.330269
-0.332219
-0.333642
-0.334642
-0.335317
-0.33575
-0.336007
-0.336134
-0.336159
-0.336102
-0.335956
-0.335752
-0.335489
-0.335173
-0.334813
-0.334452
-0.334101
-0.333766
-0.33347
-0.333233
-0.333049
-0.332929
-0.332844
-0.332787
-0.332727
-0.332645
-0.332487
-0.332217
-0.331831
-0.331318
-0.330733
-0.330123
-0.329613
-0.329316
-0.329356
-0.329815
-0.330735
-0.332063
-0.333676
-0.335426
-0.337136
-0.338671
-0.339928
-0.340917
-0.34169
-0.342357
-0.343093
-0.344062
-0.345406
-0.347221
-0.349526
-0.352231
-0.355197
-0.358184
-0.360945
-0.36316
-0.364506
-0.364601
-0.363064
-0.359533
-0.353765
-0.345757
-0.335985
-0.325605
-0.31634
-0.310161
-0.308432
-0.311368
-0.317947
-0.326498
-0.335389
-0.34337
-0.349727
-0.354122
-0.356463
-0.356921
-0.355778
-0.353558
-0.350918
-0.348582
-0.347243
-0.347417
-0.349281
-0.352678
-0.357149
-0.362051
-0.366723
-0.370607
-0.373334
-0.374699
-0.374763
-0.373721
-0.371948
-0.36992
-0.368108
-0.366886
-0.366484
-0.366934
-0.368109
-0.369833
-0.371928
-0.37424
-0.376654
-0.379063
-0.381364
-0.383453
-0.385239
-0.386653
-0.387639
-0.388178
-0.388275
-0.387948
-0.387232
-0.386157
-0.384743
-0.382997
-0.380926
-0.378503
-0.375703
-0.372506
-0.3689
-0.36493
-0.360767
-0.356677
-0.353058
-0.350336
-0.348835
-0.348679
-0.349713
-0.351529
-0.353632
-0.355599
-0.357154
-0.358189
-0.358797
-0.35914
-0.359446
-0.359923
-0.360713
-0.361842
-0.363247
-0.364759
-0.366115
-0.367081
-0.367433
-0.367079
-0.366044
-0.364568
-0.363037
-0.361933
-0.36162
-0.362263
-0.363679
-0.365384
-0.366779
-0.367309
-0.366684
-0.364989
-0.362748
-0.360858
-0.360316
-0.361929
-0.365918
-0.371949
-0.379234
-0.386907
-0.394277
-0.400884
-0.406532
-0.41113
-0.414675
-0.417147
-0.418506
-0.418663
-0.417494
-0.414862
-0.410659
-0.404837
-0.397502
-0.388992
-0.379947
-0.371297
-0.364138
-0.359414
-0.357615
-0.358514
-0.361225
-0.364443
-0.366857
-0.367533
-0.366127
-0.362979
-0.359052
-0.355606
-0.353745
-0.354016
-0.356194
-0.359548
-0.363123
-0.366075
-0.367767
-0.367817
-0.366146
-0.363048
-0.359158
-0.355473
-0.352993
-0.352502
-0.354239
-0.357838
-0.3625
-0.367301
-0.371413
-0.374345
-0.375893
-0.376114
-0.375271
-0.373695
-0.371732
-0.369693
-0.367828
-0.366285
-0.365153
-0.364433
-0.364126
-0.36417
-0.364493
-0.365021
-0.365681
-0.366417
-0.367163
-0.367871
-0.368527
-0.369075
-0.369509
-0.369816
-0.369982
-0.37
-0.369879
-0.369672
-0.369446
-0.369298
-0.369346
-0.369714
-0.370498
-0.371751
-0.373439
-0.375469
-0.377649
-0.379725
-0.381373
-0.38231
-0.382247
-0.381027
-0.37867
-0.375419
-0.371703
-0.368103
-0.365248
-0.36356
-0.363254
-0.36424
-0.366243
-0.368917
-0.371938
-0.375033
-0.377947
-0.380503
-0.382572
-0.384069
-0.38499
-0.385387
-0.385366
-0.385067
-0.384645
-0.38428
-0.384102
-0.384222
-0.384712
-0.385614
-0.386908
-0.388569
-0.390539
-0.392754
-0.395132
-0.397588
-0.40004
-0.402393
-0.40456
-0.406466
-0.408041
-0.409205
-0.409924
-0.410157
-0.409875
-0.409118
-0.407959
-0.406506
-0.404958
-0.403481
-0.402272
-0.401418
-0.400926
-0.400699
-0.400487
-0.400035
-0.39909
-0.394043
-0.388692
-0.382727
-0.376896
-0.372249
-0.369931
-0.370695
-0.374486
-0.380483
-0.387385
-0.393874
-0.398908
-0.401911
-0.402774
-0.401878
-0.400081
-0.398494
-0.398062
-0.399164
-0.401389
-0.403786
-0.405411
-0.405713
-0.404788
-0.403199
-0.401727
-0.40104
-0.401523
-0.403186
-0.405777
-0.40882
-0.411678
-0.413638
-0.414016
-0.41225
-0.408092
-0.401839
-0.39468
-0.38877
-0.386528
-0.38937
-0.396704
-0.406212
-0.415117
-0.421295
-0.423684
-0.422063
-0.416977
-0.409691
-0.402195
-0.396807
-0.395249
-0.397812
-0.40322
-0.409454
-0.414679
-0.417838
-0.418602
-0.417198
-0.414152
-0.410195
-0.406122
-0.402734
-0.400643
-0.400165
-0.401192
-0.403314
-0.405877
-0.408217
-0.409803
-0.410348
-0.409775
-0.408179
-0.405774
-0.402794
-0.39945
-0.39595
-0.39252
-0.389422
-0.386937
-0.385283
-0.384575
-0.384761
-0.385616
-0.38683
-0.388063
-0.389014
-0.389453
-0.389276
-0.388432
-0.387006
-0.385201
-0.383385
-0.382025
-0.381612
-0.382468
-0.384655
-0.3879
-0.391634
-0.395237
-0.398187
-0.400138
-0.40095
-0.400703
-0.399611
-0.397957
-0.396084
-0.394304
-0.392842
-0.391808
-0.391198
-0.390914
-0.3908
-0.390676
-0.390393
-0.389842
-0.38899
-0.38783
-0.386393
-0.38475
-0.382955
-0.38113
-0.379345
-0.377696
-0.37626
-0.37509
-0.374207
-0.373602
-0.373228
-0.373015
-0.372855
-0.372678
-0.372379
-0.371923
-0.371302
-0.370531
-0.369637
-0.368647
-0.367579
-0.366419
-0.365129
-0.36366
-0.36196
-0.360031
-0.357903
-0.355685
-0.353563
-0.351758
-0.350512
-0.350008
-0.350335
-0.35143
-0.353163
-0.355269
-0.357516
-0.359666
-0.361547
-0.363025
-0.364036
-0.364522
-0.364485
-0.363934
-0.362899
-0.36145
-0.359692
-0.357753
-0.355734
-0.353749
-0.351855
-0.3501
-0.348466
-0.346909
-0.345365
-0.343829
-0.342324
-0.340965
-0.339897
-0.339298
-0.339309
-0.339946
-0.341113
-0.342604
-0.344128
-0.345381
-0.346104
-0.346055
-0.345136
-0.343322
-0.340731
-0.337643
-0.334504
-0.331848
-0.33021
-0.330012
-0.331299
-0.333835
-0.337192
-0.340818
-0.344264
-0.347226
-0.34952
-0.351097
-0.35198
-0.352233
-0.351972
-0.351276
-0.350261
-0.349048
-0.347742
-0.346433
-0.345177
-0.34404
-0.343027
-0.342109
-0.341254
-0.340422
-0.339575
-0.338674
-0.33773
-0.336738
-0.335726
-0.33473
-0.33383
-0.333134
-0.332812
-0.333014
-0.333887
-0.335505
-0.337887
-0.34089
-0.34433
-0.347951
-0.351454
-0.354519
-0.356848
-0.35811
-0.357978
-0.356151
-0.352382
-0.346632
-0.339195
-0.330958
-0.323444
-0.318494
-0.317506
-0.320737
-0.32715
-0.335012
-0.342655
-0.349027
-0.353657
-0.356495
-0.357767
-0.357817
-0.356999
-0.355694
-0.35426
-0.353026
-0.352323
-0.352347
-0.353293
-0.355199
-0.358039
-0.361719
-0.366042
-0.370779
-0.375637
-0.38033
-0.384491
-0.387771
-0.389791
-0.39021
-0.388775
-0.385477
-0.380674
-0.375195
-0.37027
-0.36714
-0.366599
-0.368643
-0.372597
-0.377582
-0.382939
-0.388333
-0.39365
-0.398893
-0.40396
-0.408673
-0.412783
-0.416065
-0.418318
-0.419418
-0.419345
-0.418177
-0.416064
-0.413199
-0.409825
-0.406162
-0.402479
-0.399078
-0.396315
-0.394542
-0.394006
-0.394682
-0.396162
-0.397679
-0.398302
-0.39711
-0.393452
-0.387084
-0.378239
-0.367627
-0.356325
-0.345707
-0.337342
-0.33286
-0.333668
-0.340425
-0.352555
-0.368288
-0.385232
-0.401193
-0.414701
-0.425156
-0.432552
-0.437265
-0.439798
-0.44068
-0.440331
-0.439063
-0.437114
-0.43462
-0.431695
-0.428434
-0.424967
-0.42151
-0.418325
-0.415681
-0.413759
-0.4126
-0.412005
-0.411629
-0.41106
-0.409896
-0.407868
-0.404886
-0.401031
-0.396578
-0.391883
-0.387332
-0.383254
-0.379825
-0.377107
-0.37502
-0.373442
-0.372272
-0.371414
-0.370776
-0.370285
-0.369846
-0.369414
-0.368994
-0.36864
-0.368482
-0.36868
-0.369367
-0.370622
-0.372465
-0.374847
-0.377627
-0.380649
-0.383791
-0.386881
-0.389848
-0.392602
-0.395107
-0.39734
-0.399282
-0.400895
-0.402161
-0.403042
-0.403499
-0.403465
-0.402879
-0.401683
-0.399822
-0.397225
-0.393895
-0.389852
-0.385228
-0.380236
-0.3752
-0.370494
-0.366474
-0.363384
-0.361267
-0.359966
-0.359215
-0.358714
-0.358252
-0.357732
-0.357195
-0.356765
-0.356625
-0.356905
-0.357703
-0.359053
-0.360897
-0.363091
-0.36545
-0.367783
-0.369888
-0.371598
-0.372828
-0.373529
-0.373756
-0.373623
-0.373277
-0.372921
-0.372731
-0.372849
-0.373368
-0.374311
-0.375622
-0.377195
-0.378946
-0.380773
-0.38259
-0.384325
-0.385978
-0.387532
-0.388982
-0.390305
-0.391462
-0.392378
-0.392987
-0.393196
-0.39292
-0.392108
-0.390723
-0.388766
-0.386274
-0.38334
-0.380097
-0.376699
-0.37335
-0.370248
-0.36759
-0.365533
-0.364181
-0.36358
-0.363725
-0.364534
-0.365946
-0.367815
-0.370017
-0.372386
-0.374773
-0.376997
-0.378877
-0.380173
-0.380612
-0.379907
-0.377754
-0.373923
-0.368383
-0.361522
-0.354301
-0.348227
-0.344988
-0.345624
-0.349991
-0.356837
-0.364475
-0.37149
-0.377056
-0.380884
-0.383043
-0.383723
-0.383163
-0.381572
-0.379136
-0.375996
-0.3723
-0.368207
-0.363915
-0.359668
-0.355769
-0.35255
-0.350334
-0.34939
-0.349918
-0.351927
-0.355318
-0.359842
-0.365186
-0.370987
-0.376937
-0.382777
-0.38829
-0.393337
-0.397862
-0.401834
-0.405263
-0.40816
-0.410562
-0.412475
-0.413911
-0.414867
-0.415316
-0.415234
-0.414601
-0.413406
-0.411666
-0.409432
-0.406817
-0.403986
-0.401183
-0.398681
-0.396804
-0.395797
-0.395811
-0.3969
-0.398985
-0.401873
-0.40534
-0.409123
-0.412983
-0.416707
-0.42012
-0.423088
-0.425521
-0.427359
-0.428604
-0.429334
-0.429663
-0.429694
-0.42955
-0.429273
-0.42889
-0.428328
-0.427512
-0.426307
-0.424611
-0.422357
-0.419563
-0.416399
-0.413156
-0.41024
-0.40805
-0.406893
-0.40693
-0.40819
-0.410593
-0.414003
-0.418265
-0.42321
-0.428679
-0.434448
-0.440249
-0.445835
-0.450974
-0.455515
-0.459349
-0.462435
-0.464772
-0.466406
-0.467398
-0.467797
-0.467651
-0.466989
-0.465852
-0.464266
-0.462288
-0.45998
-0.45747
-0.454895
-0.452424
-0.45022
-0.448435
-0.447099
-0.446232
-0.445755
-0.445618
-0.44582
-0.446418
-0.447484
-0.449078
-0.451161
-0.453591
-0.456142
-0.458537
-0.460511
-0.461871
-0.462473
-0.462232
-0.461172
-0.459312
-0.456764
-0.453648
-0.450126
-0.446383
-0.442649
-0.439184
-0.436238
-0.434048
-0.432787
-0.432508
-0.433129
-0.434438
-0.436147
-0.437913
-0.4394
-0.440368
-0.440619
-0.440083
-0.438763
-0.436773
-0.434307
-0.431598
-0.428977
-0.426799
-0.425389
-0.425063
-0.426013
-0.428282
-0.431742
-0.436127
-0.441089
-0.446178
-0.450998
-0.455156
-0.458297
-0.460108
-0.460308
-0.458736
-0.455357
-0.450343
-0.444222
-0.437808
-0.432116
-0.428085
-0.426261
-0.426691
-0.428943
-0.432289
-0.435973
-0.439304
-0.441765
-0.443002
-0.442863
-0.441356
-0.438583
-0.434749
-0.430034
-0.424665
-0.418821
-0.412793
-0.406966
-0.401902
-0.398179
-0.396162
-0.395882
-0.396902
-0.398553
-0.400206
-0.401452
-0.402172
-0.402509
-0.402748
-0.403158
-0.403984
-0.405316
-0.407154
-0.40941
-0.411892
-0.414414
-0.416797
-0.418893
-0.420571
-0.421804
-0.422567
-0.422902
-0.422847
-0.422502
-0.421949
-0.421263
-0.420505
-0.419713
-0.418874
-0.41797
-0.416926
-0.41562
-0.413886
-0.411562
-0.408405
-0.404194
-0.398689
-0.39172
-0.383344
-0.373969
-0.364591
-0.356703
-0.351881
-0.351043
-0.353906
-0.359085
-0.364803
-0.369649
-0.372963
-0.374735
-0.375441
-0.375744
-0.376285
-0.377469
-0.379425
-0.381988
-0.38478
-0.387424
-0.389543
-0.390919
-0.391447
-0.391126
-0.390002
-0.388118
-0.385517
-0.382191
-0.378117
-0.373316
-0.367953
-0.362343
-0.356993
-0.352555
-0.349668
-0.348797
-0.350017
-0.352976
-0.356941
-0.360985
-0.364102
-0.365385
-0.36408
-0.359529
-0.351274
-0.33924
-0.324029
-0.307471
-0.292822
-0.284033
-0.283826
-0.291922
-0.305348
-0.320337
-0.334091
-0.345194
-0.353258
-0.358411
-0.360935
-0.361194
-0.359547
-0.356428
-0.352402
-0.348181
-0.344522
-0.342117
-0.341385
-0.342353
-0.344652
-0.347666
-0.350813
-0.353617
-0.355796
-0.357247
-0.357976
-0.358058
-0.357592
-0.35668
-0.35543
-0.353913
-0.352205
-0.350382
-0.348493
-0.34661
-0.344789
-0.343089
-0.341576
-0.340299
-0.339289
-0.338599
-0.338244
-0.338223
-0.338534
-0.339145
-0.340012
-0.341062
-0.342236
-0.343478
-0.344715
-0.345892
-0.346945
-0.347795
-0.348381
-0.348636
-0.348478
-0.347794
-0.34651
-0.344563
-0.341908
-0.33858
-0.33471
-0.330575
-0.326598
-0.323304
-0.321184
-0.320542
-0.321379
-0.323392
-0.325989
-0.328499
-0.330303
-0.330936
-0.33013
-0.327928
-0.324694
-0.321067
-0.317962
-0.31621
-0.316291
-0.318151
-0.321264
-0.324897
-0.32842
-0.331443
-0.333793
-0.335479
-0.336532
-0.336982
-0.336851
-0.336172
-0.335017
-0.333501
-0.331848
-0.33031
-0.329194
-0.32875
-0.329193
-0.330616
-0.333021
-0.336265
-0.340106
-0.344264
-0.34844
-0.352389
-0.355903
-0.358864
-0.361222
-0.362957
-0.364123
-0.364775
-0.364981
-0.364832
-0.36438
-0.363706
-0.362853
-0.361875
-0.36078
-0.359553
-0.358121
-0.356383
-0.354188
-0.351377
-0.347791
-0.343328
-0.338038
-0.332164
-0.326197
-0.320803
-0.316744
-0.314664
-0.315018
-0.317937
-0.323205
-0.330314
-0.338532
-0.347048
-0.355118
-0.362229
-0.36805
-0.372417
-0.375275
-0.376655
-0.376581
-0.37512
-0.372382
-0.368555
-0.363956
-0.359051
-0.354387
-0.350521
-0.347844
-0.346495
-0.346329
-0.346967
-0.348038
-0.349222
-0.350353
-0.351389
-0.352416
-0.353585
-0.355054
-0.356991
-0.359509
-0.362635
-0.366344
-0.37053
-0.375038
-0.379662
-0.384229
-0.388586
-0.392587
-0.396167
-0.399258
-0.401789
-0.403678
-0.404775
-0.40488
-0.403728
-0.401086
-0.396806
-0.391058
-0.384448
-0.378081
-0.373203
-0.370632
-0.370142
-0.370585
-0.370603
-0.369575
-0.368132
-0.3679
-0.370504
-0.37646
-0.384798
-0.393758
-0.401705
-0.407718
-0.411556
-0.413441
-0.413834
-0.41321
-0.412005
-0.410559
-0.409141
-0.407958
-0.407172
-0.406909
-0.4073
-0.408406
-0.410228
-0.412663
-0.415492
-0.418444
-0.421259
-0.423716
-0.425709
-0.427181
-0.428171
-0.428729
-0.42892
-0.428795
-0.428443
-0.427932
-0.427355
-0.426793
-0.426304
-0.425966
-0.425862
-0.426132
-0.426994
-0.428635
-0.431168
-0.43456
-0.438559
-0.442753
-0.446677
-0.449843
-0.45188
-0.452484
-0.451441
-0.448643
-0.444056
-0.437819
-0.430167
-0.421469
-0.412202
-0.402894
-0.394084
-0.386293
-0.380033
-0.375812
-0.381735
-0.388829
-0.397554
-0.40714
-0.416821
-0.425929
-0.43395
-0.440433
-0.445098
-0.447722
-0.448147
-0.446308
-0.442348
-0.436728
-0.43031
-0.42432
-0.419995
-0.418175
-0.418966
-0.421728
-0.425512
-0.429421
-0.432919
-0.435778
-0.43801
-0.439731
-0.441079
-0.442171
-0.443081
-0.44384
-0.444482
-0.445004
-0.445397
-0.44566
-0.445805
-0.445856
-0.445836
-0.445777
-0.445661
-0.445479
-0.445145
-0.444528
-0.443414
-0.441534
-0.438595
-0.434308
-0.428445
-0.420929
-0.411977
-0.402145
-0.392266
-0.383332
-0.376238
-0.371549
-0.369452
-0.369799
-0.372282
-0.376534
-0.382275
-0.38931
-0.397378
-0.406021
-0.414569
-0.422282
-0.428626
-0.4334
-0.436746
-0.439039
-0.440712
-0.442121
-0.443516
-0.444959
-0.446336
-0.447505
-0.448273
-0.448452
-0.447858
-0.446283
-0.443486
-0.439194
-0.433093
-0.424966
-0.414876
-0.403466
-0.392209
-0.383244
-0.3786
-0.379123
-0.38398
-0.391185
-0.398733
-0.405317
-0.410429
-0.414074
-0.416495
-0.417975
-0.418733
-0.418898
-0.418546
-0.41771
-0.416389
-0.41461
-0.412393
-0.409817
-0.406993
-0.404071
-0.401236
-0.398702
-0.396655
-0.395285
-0.394669
-0.394822
-0.395672
-0.397062
-0.398806
-0.400693
-0.402493
-0.404008
-0.405041
-0.405432
-0.405061
-0.403914
-0.402101
-0.399863
-0.397585
-0.395708
-0.394629
-0.394583
-0.395565
-0.397402
-0.399797
-0.402383
-0.404853
-0.406968
-0.408498
-0.409269
-0.4091
-0.407856
-0.405481
-0.401992
-0.397561
-0.392538
-0.387443
-0.382905
-0.379516
-0.377646
-0.377244
-0.377897
-0.378826
-0.379178
-0.378216
-0.375555
-0.371481
-0.366969
-0.363572
-0.362902
-0.365777
-0.371801
-0.379652
-0.387768
-0.394948
-0.400597
-0.404559
-0.406958
-0.407999
-0.407846
-0.4066
-0.404322
-0.400964
-0.396426
-0.390631
-0.383598
-0.375514
-0.366916
-0.358636
-0.351698
-0.346978
-0.34487
-0.345092
-0.346908
-0.349471
-0.352172
-0.354687
-0.356984
-0.359185
-0.36138
-0.363584
-0.365732
-0.367704
-0.369352
-0.370565
-0.371282
-0.371496
-0.371302
-0.370817
-0.370226
-0.369735
-0.369537
-0.369784
-0.370552
-0.371892
-0.373777
-0.376168
-0.378966
-0.382071
-0.38535
-0.388668
-0.39186
-0.394719
-0.397016
-0.398465
-0.398691
-0.397287
-0.393756
-0.387595
-0.378492
-0.366585
-0.352791
-0.339039
-0.327901
-0.321601
-0.321064
-0.325709
-0.333989
-0.344169
-0.354581
-0.363815
-0.370742
-0.374563
-0.374901
-0.371875
-0.366222
-0.359332
-0.353222
-0.349819
-0.35015
-0.353876
-0.359618
-0.365805
-0.371291
-0.375594
-0.378688
-0.380793
-0.382195
-0.383134
-0.383782
-0.384246
-0.384519
-0.384616
-0.384501
-0.384137
-0.383488
-0.382518
-0.38122
-0.379626
-0.377766
-0.375677
-0.373455
-0.371188
-0.368921
-0.366699
-0.364488
-0.362201
-0.359696
-0.356818
-0.353448
-0.349576
-0.345313
-0.340884
-0.336585
-0.332635
-0.329127
-0.326004
-0.323221
-0.320911
-0.319488
-0.319582
-0.321699
-0.325917
-0.331809
-0.338537
-0.345233
-0.351187
-0.35597
-0.359448
-0.36163
-0.362647
-0.362662
-0.361832
-0.360313
-0.358221
-0.355687
-0.35281
-0.349695
-0.346435
-0.343112
-0.339821
-0.336628
-0.333537
-0.330499
-0.32737
-0.323933
-0.319847
-0.314773
-0.308427
-0.300689
-0.291841
-0.282647
-0.274378
-0.268498
-0.266064
-0.267319
-0.27164
-0.277916
-0.28504
-0.292138
-0.298654
-0.304281
-0.308905
-0.31251
-0.315172
-0.317007
-0.318168
-0.318791
-0.319002
-0.31891
-0.318624
-0.318214
-0.317732
-0.317201
-0.316656
-0.316094
-0.315498
-0.31486
-0.314135
-0.313294
-0.312287
-0.31108
-0.309652
-0.308021
-0.306224
-0.304346
-0.302534
-0.300956
-0.299793
-0.299171
-0.299162
-0.299745
-0.3008
-0.302154
-0.303627
-0.305058
-0.306345
-0.307414
-0.308293
-0.309015
-0.309655
-0.310274
-0.310943
-0.311679
-0.312517
-0.313441
-0.314431
-0.31546
-0.316515
-0.317556
-0.318582
-0.319587
-0.320585
-0.321625
-0.322733
-0.323956
-0.325325
-0.326864
-0.328606
-0.330531
-0.332621
-0.334864
-0.337186
-0.339551
-0.341894
-0.344162
-0.3463
-0.348259
-0.349983
-0.351434
-0.35257
-0.353326
-0.353666
-0.353565
-0.353012
-0.352035
-0.35069
-0.349083
-0.347316
-0.345525
-0.343795
-0.34209
-0.34028
-0.338116
-0.335266
-0.331548
-0.327177
-0.32295
-0.320271
-0.320629
-0.324856
-0.332562
-0.342323
-0.352404
-0.361467
-0.368788
-0.374229
-0.377867
-0.379997
-0.380875
-0.380714
-0.37965
-0.377777
-0.375123
-0.371669
-0.367343
-0.362072
-0.355784
-0.34843
-0.340109
-0.331114
-0.32209
-0.314021
-0.308064
-0.305183
-0.30569
-0.309152
-0.314527
-0.320681
-0.326699
-0.332084
-0.336655
-0.340475
-0.343686
-0.346418
-0.34877
-0.350781
-0.352434
-0.353691
-0.35446
-0.354648
-0.354156
-0.352852
-0.350621
-0.347338
-0.342921
-0.337365
-0.330791
-0.323528
-0.316171
-0.309537
-0.304465
-0.301629
-0.301222
-0.302927
-0.306071
-0.309906
-0.313803
-0.31736
-0.320384
-0.322866
-0.324832
-0.326378
-0.327541
-0.328404
-0.328988
-0.329321
-0.329401
-0.329219
-0.32875
-0.32799
-0.326914
-0.325496
-0.323691
-0.321444
-0.318726
-0.315503
-0.311768
-0.307566
-0.303053
-0.298495
-0.294307
-0.29092
-0.288782
-0.28811
-0.288862
-0.29076
-0.29334
-0.296119
-0.298718
-0.300895
-0.302524
-0.303589
-0.304148
-0.304284
-0.30408
-0.303636
-0.30303
-0.302312
-0.301556
-0.300781
-0.300018
-0.299291
-0.298615
-0.298014
-0.297486
-0.29704
-0.296688
-0.296454
-0.296321
-0.296326
-0.296488
-0.296811
-0.297299
-0.297956
-0.298784
-0.299764
-0.300894
-0.302151
-0.303525
-0.304974
-0.306493
-0.308062
-0.309649
-0.311261
-0.312864
-0.314448
-0.315993
-0.317488
-0.318915
-0.320233
-0.321427
-0.322451
-0.323259
-0.32383
-0.324087
-0.32399
-0.323487
-0.322548
-0.321186
-0.319436
-0.317386
-0.315181
-0.313032
-0.311174
-0.309835
-0.309201
-0.30937
-0.310348
-0.312065
-0.314366
-0.317075
-0.32003
-0.32304
-0.325963
-0.328647
-0.331011
-0.332984
-0.334532
-0.335713
-0.336555
-0.337188
-0.33773
-0.33832
-0.339115
-0.340193
-0.341653
-0.343502
-0.345733
-0.348305
-0.351143
-0.354188
-0.357349
-0.360558
-0.363747
-0.366879
-0.369891
-0.372735
-0.375353
-0.377692
-0.379718
-0.381368
-0.382603
-0.3834
-0.383715
-0.383551
-0.382953
-0.381935
-0.380577
-0.378913
-0.376951
-0.374658
-0.371943
-0.368704
-0.364919
-0.360699
-0.356477
-0.352966
-0.35103
-0.351395
-0.354309
-0.359407
-0.365889
-0.372872
-0.379633
-0.38575
-0.391051
-0.395554
-0.399318
-0.402489
-0.405161
-0.407403
-0.409287
-0.410872
-0.412176
-0.413218
-0.414016
-0.414603
-0.414952
-0.415093
-0.41501
-0.414726
-0.41422
-0.413515
-0.41259
-0.411469
-0.410184
-0.408734
-0.407166
-0.40552
-0.403873
-0.402323
-0.400989
-0.399992
-0.399432
-0.399413
-0.399979
-0.401078
-0.402647
-0.404542
-0.40658
-0.408617
-0.410511
-0.41214
-0.41342
-0.414296
-0.414719
-0.414627
-0.41399
-0.412744
-0.410832
-0.408223
-0.404921
-0.401053
-0.396832
-0.392621
-0.388827
-0.385819
-0.383816
-0.382964
-0.383311
-0.384907
-0.387736
-0.391699
-0.396431
-0.401394
-0.405979
-0.409634
-0.412033
-0.413058
-0.412787
-0.411418
-0.40927
-0.406672
-0.403975
-0.401527
-0.399592
-0.398404
-0.398093
-0.398676
-0.400113
-0.40225
-0.404928
-0.407919
-0.411022
-0.414047
-0.416797
-0.419081
-0.420682
-0.421413
-0.421075
-0.419564
-0.416896
-0.413287
-0.409171
-0.405202
-0.402055
-0.400235
-0.399907
-0.400803
-0.402385
-0.404078
-0.40545
-0.406314
-0.406689
-0.406721
-0.406582
-0.406397
-0.406226
-0.406052
-0.405817
-0.405516
-0.405157
-0.404754
-0.404254
-0.403512
-0.4023
-0.400392
-0.397733
-0.394587
-0.391585
-0.389604
-0.389372
-0.391156
-0.394569
-0.398766
-0.402822
-0.40606
-0.408225
-0.409422
-0.409943
-0.410146
-0.410326
-0.410639
-0.411104
-0.411685
-0.41232
-0.412972
-0.413608
-0.414197
-0.414646
-0.414858
-0.414692
-0.414046
-0.412861
-0.411162
-0.409028
-0.406636
-0.404199
-0.401899
-0.399942
-0.398472
-0.397558
-0.397252
-0.397491
-0.398205
-0.399277
-0.40058
-0.401972
-0.403312
-0.404474
-0.405359
-0.405897
-0.406054
-0.405827
-0.405237
-0.404309
-0.403137
-0.401772
-0.400273
-0.398689
-0.397067
-0.395439
-0.393841
-0.392294
-0.390845
-0.389539
-0.388439
-0.387577
-0.387002
-0.386731
-0.38676
-0.387038
-0.387489
-0.388023
-0.38852
-0.388874
-0.388985
-0.388827
-0.388371
-0.387639
-0.386682
-0.385607
-0.384521
-0.383566
-0.382843
-0.382423
-0.382323
-0.382526
-0.38295
-0.383469
-0.383957
-0.384278
-0.384322
-0.383991
-0.38323
-0.381935
-0.380094
-0.377668
-0.374651
-0.371111
-0.36711
-0.362802
-0.358412
-0.354188
-0.350468
-0.347554
-0.345721
-0.345116
-0.345745
-0.347476
-0.350041
-0.35307
-0.356188
-0.359041
-0.361379
-0.363057
-0.364073
-0.364548
-0.364745
-0.364965
-0.365544
-0.366684
-0.368475
-0.370821
-0.373496
-0.376185
-0.378643
-0.380652
-0.382104
-0.382977
-0.383372
-0.3834
-0.383301
-0.383295
-0.38359
-0.384334
-0.385608
-0.387392
-0.389579
-0.392013
-0.394513
-0.396915
-0.399059
-0.400857
-0.402216
-0.403075
-0.403376
-0.403106
-0.402213
-0.40068
-0.398527
-0.395838
-0.392761
-0.389622
-0.386843
-0.384934
-0.384357
-0.385391
-0.38801
-0.391867
-0.396379
-0.400912
-0.404876
-0.407844
-0.409552
-0.409838
-0.408674
-0.406117
-0.402321
-0.397563
-0.392289
-0.387085
-0.382595
-0.379341
-0.377592
-0.377194
-0.377687
-0.378474
-0.379137
-0.379561
-0.379954
-0.380708
-0.382137
-0.384379
-0.387276
-0.390507
-0.393759
-0.396753
-0.399291
-0.401273
-0.402691
-0.403536
-0.403819
-0.403613
-0.403005
-0.402134
-0.401159
-0.400253
-0.399602
-0.399377
-0.399702
-0.400615
-0.40204
-0.40384
-0.405787
-0.407649
-0.409228
-0.410432
-0.41121
-0.411614
-0.411776
-0.411848
-0.411944
-0.412129
-0.412418
-0.412718
-0.412956
-0.413032
-0.412873
-0.412464
-0.411834
-0.411076
-0.4103
-0.409611
-0.409091
-0.408733
-0.408497
-0.408248
-0.407885
-0.407241
-0.40622
-0.404767
-0.402886
-0.400629
-0.398039
-0.395165
-0.392018
-0.388629
-0.384973
-0.38117
-0.377491
-0.374332
-0.372175
-0.371404
-0.372135
-0.374194
-0.377186
-0.380661
-0.384226
-0.387651
-0.390853
-0.393799
-0.396538
-0.399096
-0.401493
-0.403723
-0.405795
-0.407678
-0.409356
-0.410805
-0.412021
-0.413
-0.413729
-0.414194
-0.414392
-0.414326
-0.413984
-0.413379
-0.4125
-0.411389
-0.41007
-0.408563
-0.40693
-0.405214
-0.403478
-0.401754
-0.400112
-0.39859
-0.397247
-0.396152
-0.39534
-0.394837
-0.394623
-0.395107
-0.395731
-0.396531
-0.397308
-0.397907
-0.398225
-0.398238
-0.398048
-0.397782
-0.397618
-0.397706
-0.398078
-0.398741
-0.399581
-0.400494
-0.401352
-0.402076
-0.402646
-0.403031
-0.403245
-0.403274
-0.403029
-0.40242
-0.401241
-0.39927
-0.396255
-0.391979
-0.38633
-0.379399
-0.371588
-0.363705
-0.356886
-0.352397
-0.351157
-0.353433
-0.358662
-0.365716
-0.373332
-0.380409
-0.386246
-0.39048
-0.393082
-0.394164
-0.394001
-0.392932
-0.391376
-0.389718
-0.388248
-0.387127
-0.386313
-0.385666
-0.384933
-0.383968
-0.382735
-0.3814
-0.380269
-0.379699
-0.379962
-0.381132
-0.383092
-0.385501
-0.387996
-0.390233
-0.391971
-0.393089
-0.393556
-0.3934
-0.392703
-0.391553
-0.390054
-0.388306
-0.386378
-0.384391
-0.382428
-0.380574
-0.378909
-0.377511
-0.376388
-0.375558
-0.374948
-0.374466
-0.374026
-0.373554
-0.373089
-0.372858
-0.373232
-0.374656
-0.377498
-0.381901
-0.387648
-0.394281
-0.401215
-0.407909
-0.413996
-0.419272
-0.423655
-0.427155
-0.429809
-0.431692
-0.432824
-0.43322
-0.432881
-0.431777
-0.429899
-0.427257
-0.423952
-0.420114
-0.415922
-0.411632
-0.407446
-0.403545
-0.400053
-0.397023
-0.39449
-0.392518
-0.391191
-0.390536
-0.39056
-0.391164
-0.392204
-0.393447
-0.394629
-0.395473
-0.395809
-0.395553
-0.394861
-0.394073
-0.393697
-0.394212
-0.395854
-0.398591
-0.402004
-0.405585
-0.408828
-0.411346
-0.412861
-0.41329
-0.4126
-0.410846
-0.408157
-0.404738
-0.400858
-0.396814
-0.392957
-0.389599
-0.387031
-0.385413
-0.384841
-0.385299
-0.386678
-0.388871
-0.391744
-0.395182
-0.399024
-0.403034
-0.406916
-0.410312
-0.412906
-0.414427
-0.414662
-0.413501
-0.410899
-0.406862
-0.40147
-0.394876
-0.387351
-0.379206
-0.370881
-0.362905
-0.35587
-0.350357
-0.346828
-0.345521
-0.346319
-0.348816
-0.352443
-0.356613
-0.360874
-0.364914
-0.368535
-0.37164
-0.374179
-0.376138
-0.377504
-0.378309
-0.378592
-0.378394
-0.377792
-0.37688
-0.375752
-0.374472
-0.373151
-0.371867
-0.370694
-0.369686
-0.36887
-0.36826
-0.367871
-0.367666
-0.367617
-0.367709
-0.367873
-0.368064
-0.368234
-0.368308
-0.368206
-0.36785
-0.367138
-0.365949
-0.364157
-0.361649
-0.358296
-0.354064
-0.349009
-0.343323
-0.337414
-0.331849
-0.327295
-0.32431
-0.323183
-0.323783
-0.325567
-0.327761
-0.329515
-0.330102
-0.329048
-0.326324
-0.322434
-0.318525
-0.316146
-0.31673
-0.320879
-0.328127
-0.337178
-0.346631
-0.35545
-0.363087
-0.369411
-0.374535
-0.378667
-0.382008
-0.384747
-0.386996
-0.388864
-0.390389
-0.391613
-0.392541
-0.393188
-0.393542
-0.393586
-0.393332
-0.392791
-0.391977
-0.390922
-0.389656
-0.38817
-0.386399
-0.384228
-0.381447
-0.37779
-0.373064
-0.36721
-0.360457
-0.353372
-0.346909
-0.342231
-0.340395
-0.341892
-0.34649
-0.353313
-0.361184
-0.36901
-0.376019
-0.38177
-0.386162
-0.389236
-0.391118
-0.392025
-0.392171
-0.39177
-0.391009
-0.390042
-0.388951
-0.387814
-0.38661
-0.385324
-0.383898
-0.382285
-0.380452
-0.378399
-0.376215
-0.374049
-0.372098
-0.370543
-0.369502
-0.369043
-0.369138
-0.369724
-0.370779
-0.372312
-0.374351
-0.37692
-0.379897
-0.383047
-0.386045
-0.388551
-0.390267
-0.391027
-0.390747
-0.389533
-0.387567
-0.385159
-0.382634
-0.380269
-0.378215
-0.376405
-0.374563
-0.372269
-0.369033
-0.364439
-0.358312
-0.350743
-0.342249
-0.33373
-0.326347
-0.321208
-0.319014
-0.319836
-0.323068
-0.327734
-0.33275
-0.33733
-0.340986
-0.343563
-0.345163
-0.346028
-0.346411
-0.346571
-0.346698
-0.346915
-0.347296
-0.34787
-0.348612
-0.349502
-0.35048
-0.35151
-0.352536
-0.353528
-0.354432
-0.355233
-0.355892
-0.356395
-0.356712
-0.356854
-0.356774
-0.356454
-0.355849
-0.354909
-0.353583
-0.35179
-0.349486
-0.346599
-0.343125
-0.339128
-0.334705
-0.330083
-0.325587
-0.32159
-0.318486
-0.316616
-0.316195
-0.317248
-0.319648
-0.323102
-0.327287
-0.331855
-0.336509
-0.341019
-0.345222
-0.349045
-0.352447
-0.355423
-0.357995
-0.360228
-0.36216
-0.363844
-0.365311
-0.366605
-0.367753
-0.368781
-0.369684
-0.370465
-0.37109
-0.371555
-0.371806
-0.371786
-0.371438
-0.370685
-0.369447
-0.367682
-0.36534
-0.362462
-0.359134
-0.355579
-0.352101
-0.349053
-0.346745
-0.345352
-0.344887
-0.34521
-0.346127
-0.347594
-0.349641
-0.352397
-0.355944
-0.360274
-0.365166
-0.370275
-0.375218
-0.379681
-0.383466
-0.386466
-0.388672
-0.390124
-0.390866
-0.390896
-0.390196
-0.388722
-0.386437
-0.38336
-0.379677
-0.375777
-0.372181
-0.369489
-0.368189
-0.368424
-0.370019
-0.372516
-0.375364
-0.378136
-0.380577
-0.382617
-0.384332
-0.385854
-0.387302
-0.388771
-0.390281
-0.3918
-0.393264
-0.394661
-0.395968
-0.397187
-0.398394
-0.399624
-0.400924
-0.402311
-0.403715
-0.405033
-0.406102
-0.406771
-0.406901
-0.406409
-0.405227
-0.403389
-0.400972
-0.398139
-0.395061
-0.391956
-0.388998
-0.386328
-0.384044
-0.382152
-0.380669
-0.379542
-0.378676
-0.378043
-0.377711
-0.377847
-0.378742
-0.380671
-0.38375
-0.387847
-0.392571
-0.397436
-0.401982
-0.405863
-0.408909
-0.411112
-0.41254
-0.413295
-0.413526
-0.413361
-0.412905
-0.412279
-0.411528
-0.410706
-0.40985
-0.408994
-0.408148
-0.407312
-0.406505
-0.40573
-0.405015
-0.40436
-0.403806
-0.403364
-0.403081
-0.402987
-0.403086
-0.403404
-0.40388
-0.404478
-0.405072
-0.405495
-0.40554
-0.404986
-0.403562
-0.401068
-0.397384
-0.392592
-0.387075
-0.38152
-0.376864
-0.374042
-0.373586
-0.375457
-0.379109
-0.383745
-0.388629
-0.393243
-0.397349
-0.400883
-0.403917
-0.406588
-0.409027
-0.411383
-0.413739
-0.416099
-0.418414
-0.420514
-0.422136
-0.422903
-0.422312
-0.41969
-0.414191
-0.404825
-0.390676
-0.371418
-0.348259
-0.324864
-0.306899
-0.299127
-0.302043
-0.311789
-0.323492
-0.334085
-0.342797
-0.350224
-0.357255
-0.364395
-0.371583
-0.378321
-0.384007
-0.388169
-0.390596
-0.391319
-0.390639
-0.389045
-0.387141
-0.385508
-0.384613
-0.384705
-0.385749
-0.387535
-0.38973
-0.39201
-0.394145
-0.395951
-0.39735
-0.398317
-0.398853
-0.398967
-0.39867
-0.397983
-0.396898
-0.395412
-0.393505
-0.391165
-0.388386
-0.385187
-0.38162
-0.377788
-0.37387
-0.370079
-0.366673
-0.363887
-0.361901
-0.360783
-0.360477
-0.360827
-0.361628
-0.362658
-0.363734
-0.364748
-0.365608
-0.366308
-0.366828
-0.367183
-0.367408
-0.367536
-0.367596
-0.367596
-0.367587
-0.367583
-0.367579
-0.367586
-0.36763
-0.3677
-0.367807
-0.367971
-0.368149
-0.368359
-0.368578
-0.368802
-0.369024
-0.369236
-0.369427
-0.369588
-0.369696
-0.369746
-0.369718
-0.369616
-0.369411
-0.369107
-0.368666
-0.368106
-0.367405
-0.36654
-0.365526
-0.36434
-0.362967
-0.361368
-0.359585
-0.357616
-0.355531
-0.353446
-0.351518
-0.349955
-0.349018
-0.348893
-0.349654
-0.351262
-0.353546
-0.356232
-0.359058
-0.361764
-0.364173
-0.366149
-0.367633
-0.368626
-0.369141
-0.36923
-0.368926
-0.368279
-0.367356
-0.366214
-0.364988
-0.363782
-0.362755
-0.362072
-0.361863
-0.362228
-0.363209
-0.364756
-0.366758
-0.369071
-0.371529
-0.373976
-0.376305
-0.378434
-0.380312
-0.381954
-0.383368
-0.384586
-0.385628
-0.386525
-0.387322
-0.388012
-0.388607
-0.389102
-0.38948
-0.389714
-0.389769
-0.389597
-0.389148
-0.388391
-0.387326
-0.385979
-0.384454
-0.382929
-0.381643
-0.380863
-0.380811
-0.381593
-0.383205
-0.385496
-0.388211
-0.391087
-0.393845
-0.396291
-0.398298
-0.399783
-0.400696
-0.40103
-0.400812
-0.400091
-0.398964
-0.397578
-0.396108
-0.394747
-0.393745
-0.39332
-0.393654
-0.394827
-0.396826
-0.399517
-0.402667
-0.405952
-0.40903
-0.411537
-0.413183
-0.41368
-0.412836
-0.410642
-0.407371
-0.403609
-0.400346
-0.398731
-0.399673
-0.40342
-0.409403
-0.416552
-0.423698
-0.429951
-0.434781
-0.438003
-0.439595
-0.439663
-0.438357
-0.435831
-0.432271
-0.4279
-0.423006
-0.417935
-0.413063
-0.408677
-0.404892
-0.401555
-0.398248
-0.394387
-0.389382
-0.382846
-0.374854
-0.366073
-0.357812
-0.351862
-0.349928
-0.353006
-0.360905
-0.372309
-0.385329
-0.398169
-0.409619
-0.419161
-0.426768
-0.432687
-0.437241
-0.440683
-0.443199
-0.444893
-0.445812
-0.446009
-0.445535
-0.444495
-0.442957
-0.441018
-0.438787
-0.436322
-0.433657
-0.430804
-0.427744
-0.424444
-0.42088
-0.41708
-0.413148
-0.409272
-0.40578
-0.403035
-0.401383
-0.401079
-0.402175
-0.40452
-0.407772
-0.411513
-0.415296
-0.418738
-0.42153
-0.423456
-0.424333
-0.424023
-0.422411
-0.419399
-0.414927
-0.408992
-0.40169
-0.393269
-0.384168
-0.375014
-0.366508
-0.359378
-0.3542
-0.351319
-0.350871
-0.352758
-0.356668
-0.362118
-0.368508
-0.375177
-0.381568
-0.387193
-0.391762
-0.395096
-0.397171
-0.398025
-0.397734
-0.396392
-0.394101
-0.390966
-0.387087
-0.382502
-0.377238
-0.371276
-0.364639
-0.357448
-0.350073
-0.343201
-0.33777
-0.334809
-0.334981
-0.338285
-0.344046
-0.351226
-0.358815
-0.366003
-0.372341
-0.377624
-0.381822
-0.38496
-0.387124
-0.388428
-0.388953
-0.388803
-0.388066
-0.386822
-0.385162
-0.383183
-0.380977
-0.378646
-0.376294
-0.374046
-0.372011
-0.370326
-0.369072
-0.368324
-0.368125
-0.368459
-0.369316
-0.370629
-0.37232
-0.374323
-0.376566
-0.379003
-0.381601
-0.384365
-0.387283
-0.390385
-0.393658
-0.397102
-0.400668
-0.404293
-0.407898
-0.411372
-0.414647
-0.417601
-0.420135
-0.422156
-0.423537
-0.424186
-0.423937
-0.42264
-0.42009
-0.416094
-0.41053
-0.403395
-0.39499
-0.386039
-0.377662
-0.371187
-0.36767
-0.36739
-0.36974
-0.373534
-0.377601
-0.381109
-0.383685
-0.385381
-0.386476
-0.387421
-0.388693
-0.390668
-0.393604
-0.397536
-0.4023
-0.407597
-0.413077
-0.418418
-0.423381
-0.4278
-0.431593
-0.434713
-0.43717
-0.43897
-0.440089
-0.44052
-0.440205
-0.439056
-0.436919
-0.433626
-0.428981
-0.422812
-0.415088
-0.406024
-0.396211
-0.386704
-0.378775
-0.373541
-0.371544
-0.372555
-0.375783
-0.380246
-0.385093
-0.389692
-0.39366
-0.396837
-0.399186
-0.400752
-0.401674
-0.402042
-0.40198
-0.40158
-0.400929
-0.400148
-0.399333
-0.398585
-0.39799
-0.39762
-0.397479
-0.397557
-0.397799
-0.398164
-0.398618
-0.399148
-0.399757
-0.40044
-0.401216
-0.402079
-0.403019
-0.403962
-0.404859
-0.405637
-0.406228
-0.406538
-0.406464
-0.405905
-0.404747
-0.402874
-0.400196
-0.396688
-0.392462
-0.38782
-0.383317
-0.379668
-0.377595
-0.377523
-0.379413
-0.382751
-0.38674
-0.390624
-0.393779
-0.395878
-0.395487
-0.394767
-0.39377
-0.392606
-0.391389
-0.390247
-0.389246
-0.38843
-0.387797
-0.387246
-0.386665
-0.385934
-0.384915
-0.383562
-0.381858
-0.379889
-0.377846
-0.376015
-0.374731
-0.374303
-0.374929
-0.376605
-0.379194
-0.382393
-0.385872
-0.38936
-0.392643
-0.395611
-0.398205
-0.400467
-0.402434
-0.404161
-0.405737
-0.407199
-0.408579
-0.409926
-0.411257
-0.412577
-0.413895
-0.415178
-0.41641
-0.41752
-0.418459
-0.419121
-0.419391
-0.41914
-0.418218
-0.416509
-0.413903
-0.41037
-0.405978
-0.400937
-0.395635
-0.390575
-0.386328
-0.383416
-0.382183
-0.382734
-0.384909
-0.388282
-0.392238
-0.396044
-0.398982
-0.400448
-0.400034
-0.397597
-0.393266
-0.387427
-0.380697
-0.373822
-0.367543
-0.362508
-0.359058
-0.357251
-0.356865
-0.357549
-0.359003
-0.361108
-0.36396
-0.367815
-0.372892
-0.379196
-0.38648
-0.394218
-0.401804
-0.408661
-0.41433
-0.418572
-0.421269
-0.422402
-0.422078
-0.420449
-0.41773
-0.4142
-0.410187
-0.406009
-0.402019
-0.398504
-0.395641
-0.393499
-0.391998
-0.390995
-0.390331
-0.389849
-0.389508
-0.389359
-0.389525
-0.390181
-0.391392
-0.393113
-0.395138
-0.397111
-0.39864
-0.399333
-0.39889
-0.397136
-0.394051
-0.389822
-0.384811
-0.379622
-0.374941
-0.37144
-0.369564
-0.369419
-0.370789
-0.373293
-0.376492
-0.379972
-0.383437
-0.386651
-0.38943
-0.391659
-0.393264
-0.394249
-0.394657
-0.394585
-0.394148
-0.393506
-0.392782
-0.392053
-0.391368
-0.390709
-0.390027
-0.389285
-0.388448
-0.387526
-0.386582
-0.385697
-0.384982
-0.38452
-0.384367
-0.384484
-0.384834
-0.385326
-0.385919
-0.386566
-0.387257
-0.387985
-0.388745
-0.389493
-0.390153
-0.39056
-0.390514
-0.389762
-0.388079
-0.385292
-0.381358
-0.376413
-0.370834
-0.365216
-0.360257
-0.356572
-0.354597
-0.354403
-0.355804
-0.35842
-0.361801
-0.365569
-0.369471
-0.373358
-0.377215
-0.381029
-0.384794
-0.388475
-0.392003
-0.395302
-0.398265
-0.400843
-0.403029
-0.404826
-0.406277
-0.407465
-0.408474
-0.409342
-0.410119
-0.410838
-0.411488
-0.412071
-0.412563
-0.412954
-0.413226
-0.413363
-0.413377
-0.413265
-0.413037
-0.412713
-0.41231
-0.411841
-0.411311
-0.410748
-0.410168
-0.4096
-0.409077
-0.408613
-0.408228
-0.407957
-0.40781
-0.407806
-0.407941
-0.408195
-0.408539
-0.408938
-0.409331
-0.409644
-0.409808
-0.409719
-0.409293
-0.408407
-0.406958
-0.404791
-0.401751
-0.397706
-0.392511
-0.386104
-0.378497
-0.369832
-0.360422
-0.350836
-0.341918
-0.334865
-0.331078
-0.331798
-0.337448
-0.347392
-0.360077
-0.373681
-0.386661
-0.398099
-0.407589
-0.415058
-0.420654
-0.424577
-0.427015
-0.428143
-0.42807
-0.426886
-0.424655
-0.42145
-0.417385
-0.412638
-0.407496
-0.402369
-0.397721
-0.394033
-0.391645
-0.390701
-0.391031
-0.392274
-0.393909
-0.395447
-0.39653
-0.39701
-0.39694
-0.396567
-0.396219
-0.396249
-0.3969
-0.398299
-0.400358
-0.402883
-0.405599
-0.408223
-0.41051
-0.412263
-0.413373
-0.413738
-0.413311
-0.412032
-0.409861
-0.406705
-0.402472
-0.397058
-0.390418
-0.382618
-0.374007
-0.365291
-0.357506
-0.351751
-0.348713
-0.348337
-0.349909
-0.3524
-0.354953
-0.357153
-0.358953
-0.36053
-0.362069
-0.36365
-0.365214
-0.366598
-0.367602
-0.368131
-0.368277
-0.368397
-0.369054
-0.370681
-0.37332
-0.376407
-0.378998
-0.380071
-0.379045
-0.376086
-0.372251
-0.369172
-0.368483
-0.370926
-0.376038
-0.3825
-0.388823
-0.393962
-0.397434
-0.399192
-0.399451
-0.398512
-0.396688
-0.394262
-0.391512
-0.388653
-0.385913
-0.383453
-0.381444
-0.379973
-0.37907
-0.378686
-0.378684
-0.378868
-0.378958
-0.378688
-0.377833
-0.376195
-0.373689
-0.370335
-0.366268
-0.361748
-0.357231
-0.353342
-0.350944
-0.35087
-0.35364
-0.359174
-0.366765
-0.375353
-0.383854
-0.391452
-0.397654
-0.402258
-0.405249
-0.406741
-0.406944
-0.406114
-0.404568
-0.402636
-0.400625
-0.398825
-0.397455
-0.396653
-0.396442
-0.396752
-0.397468
-0.398423
-0.399464
-0.400438
-0.401276
-0.401955
-0.402488
-0.402956
-0.403455
-0.404065
-0.404861
-0.405852
-0.406996
-0.408188
-0.409281
-0.410079
-0.410376
-0.409898
-0.408371
-0.405557
-0.401343
-0.395824
-0.389491
-0.383273
-0.37846
-0.376312
-0.37754
-0.381923
-0.388492
-0.396008
-0.403382
-0.409947
-0.41541
-0.419714
-0.422908
-0.425074
-0.426276
-0.426536
-0.425835
-0.424121
-0.421275
-0.417179
-0.411722
-0.404796
-0.396457
-0.387027
-0.377169
-0.367967
-0.360829
-0.357061
-0.357499
-0.362109
-0.37006
-0.379996
-0.390474
-0.400318
-0.40874
-0.415304
-0.419894
-0.422588
-0.423564
-0.423101
-0.421575
-0.41939
-0.417049
-0.415002
-0.413625
-0.413125
-0.413494
-0.414552
-0.416009
-0.417545
-0.418904
-0.419911
-0.420449
-0.420482
-0.41996
-0.418886
-0.417263
-0.415142
-0.412639
-0.410002
-0.407603
-0.405928
-0.405488
-0.406614
-0.409355
-0.413422
-0.418285
-0.423324
-0.427975
-0.431838
-0.434622
-0.436179
-0.436456
-0.435418
-0.433109
-0.429606
-0.425083
-0.419752
-0.413949
-0.408066
-0.402515
-0.39768
-0.393841
-0.391144
-0.389598
-0.389127
-0.389533
-0.390655
-0.39232
-0.394459
-0.397004
-0.399905
-0.40296
-0.405866
-0.408193
-0.409447
-0.40917
-0.407033
-0.402953
-0.39708
-0.389811
-0.381801
-0.373739
-0.36631
-0.360047
-0.355313
-0.35237
-0.351413
-0.352563
-0.355827
-0.361001
-0.367621
-0.374997
-0.382297
-0.388698
-0.393446
-0.39592
-0.395668
-0.392422
-0.386281
-0.37793
-0.36886
-0.361202
-0.357063
-0.357447
-0.361792
-0.36832
-0.375098
-0.380757
-0.384712
-0.386934
-0.387692
-0.387317
-0.386152
-0.384435
-0.382366
-0.380084
-0.377669
-0.375199
-0.372724
-0.370281
-0.367922
-0.365702
-0.363674
-0.361895
-0.360434
-0.359343
-0.358674
-0.358473
-0.358747
-0.359503
-0.360708
-0.362294
-0.364194
-0.366321
-0.368593
-0.370928
-0.373251
-0.375529
-0.377691
-0.379678
-0.381409
-0.382794
-0.383698
-0.383962
-0.383391
-0.381824
-0.379111
-0.37517
-0.37006
-0.363981
-0.35732
-0.350605
-0.344409
-0.339212
-0.335317
-0.332705
-0.331137
-0.330228
-0.329625
-0.329151
-0.328868
-0.329096
-0.330279
-0.332789
-0.336841
-0.342338
-0.348873
-0.355845
-0.362638
-0.368725
-0.37378
-0.377677
-0.38046
-0.382256
-0.383287
-0.383777
-0.383919
-0.383897
-0.383869
-0.383931
-0.384166
-0.384614
-0.385283
-0.386153
-0.387211
-0.388434
-0.389755
-0.391107
-0.392455
-0.393743
-0.394898
-0.39584
-0.396518
-0.396849
-0.396739
-0.396105
-0.39483
-0.392865
-0.39014
-0.386649
-0.382512
-0.377985
-0.373508
-0.369623
-0.366945
-0.365976
-0.366916
-0.369602
-0.373529
-0.378039
-0.382471
-0.386284
-0.389118
-0.390794
-0.391302
-0.390726
-0.389302
-0.387348
-0.385314
-0.383679
-0.382912
-0.383313
-0.384947
-0.387629
-0.390971
-0.394527
-0.397863
-0.400583
-0.402413
-0.403139
-0.402613
-0.400716
-0.397381
-0.392568
-0.386238
-0.378385
-0.369042
-0.358363
-0.346642
-0.334441
-0.322643
-0.312518
-0.305517
-0.302954
-0.305613
-0.313318
-0.324984
-0.339005
-0.353712
-0.367747
-0.380254
-0.390794
-0.399269
-0.405726
-0.410343
-0.413309
-0.414846
-0.415164
-0.414471
-0.412965
-0.410844
-0.408301
-0.405511
-0.402619
-0.399722
-0.396834
-0.393882
-0.390731
-0.387256
-0.383299
-0.378849
-0.374056
-0.369238
-0.364888
-0.361569
-0.359643
-0.359233
-0.360136
-0.36186
-0.363861
-0.365636
-0.366825
-0.36729
-0.367035
-0.366179
-0.364906
-0.363403
-0.361799
-0.360199
-0.358635
-0.357096
-0.355575
-0.354047
-0.352491
-0.350896
-0.34925
-0.347544
-0.345796
-0.343998
-0.342201
-0.340449
-0.338852
-0.337513
-0.336565
-0.336097
-0.336153
-0.336704
-0.337688
-0.338971
-0.340447
-0.341967
-0.343431
-0.344758
-0.345932
-0.346937
-0.347784
-0.348482
-0.349075
-0.349589
-0.350054
-0.350499
-0.350948
-0.351425
-0.351933
-0.352493
-0.353094
-0.353729
-0.354399
-0.355093
-0.355794
-0.356478
-0.357141
-0.35774
-0.358253
-0.358633
-0.358841
-0.358827
-0.358522
-0.357873
-0.356818
-0.355321
-0.353355
-0.350962
-0.348195
-0.345213
-0.342236
-0.339526
-0.337355
-0.335965
-0.335521
-0.336099
-0.337619
-0.339928
-0.342773
-0.345864
-0.348912
-0.351669
-0.353934
-0.355586
-0.35658
-0.356953
-0.356846
-0.35645
-0.355988
-0.355708
-0.355834
-0.356503
-0.357768
-0.359606
-0.361886
-0.364453
-0.367082
-0.369544
-0.371601
-0.373022
-0.373596
-0.373135
-0.3715
-0.368643
-0.364675
-0.359948
-0.355033
-0.350676
-0.347638
-0.346408
-0.347037
-0.349155
-0.352118
-0.355257
-0.358096
-0.360356
-0.361946
-0.362936
-0.363456
-0.363684
-0.363812
-0.363995
-0.36431
-0.364777
-0.365339
-0.365895
-0.366278
-0.366381
-0.366106
-0.365366
-0.364142
-0.362437
-0.360298
-0.357762
-0.35492
-0.351877
-0.348791
-0.345793
-0.343037
-0.340672
-0.338817
-0.337526
-0.336821
-0.336667
-0.336966
-0.337587
-0.338451
-0.339418
-0.340416
-0.341381
-0.342268
-0.343056
-0.343748
-0.344351
-0.344858
-0.345299
-0.345683
-0.346033
-0.34633
-0.346617
-0.346895
-0.347184
-0.347478
-0.34781
-0.348189
-0.348612
-0.349099
-0.349647
-0.350264
-0.350947
-0.351677
-0.352463
-0.353277
-0.354089
-0.354874
-0.355568
-0.356118
-0.356431
-0.356377
-0.355831
-0.354627
-0.352596
-0.349599
-0.34557
-0.340597
-0.334975
-0.329208
-0.323902
-0.319641
-0.316769
-0.315301
-0.314989
-0.315466
-0.31637
-0.317414
-0.318356
-0.318961
-0.318964
-0.318085
-0.316082
-0.3128
-0.30826
-0.302704
-0.296653
-0.290802
-0.285888
-0.282453
-0.280668
-0.280406
-0.281388
-0.283424
-0.286584
-0.291083
-0.297069
-0.304443
-0.3127
-0.32113
-0.329042
-0.335935
-0.341548
-0.345817
-0.348858
-0.350813
-0.351856
-0.352149
-0.351806
-0.350926
-0.349531
-0.34761
-0.345055
-0.341696
-0.337261
-0.331394
-0.323676
-0.313819
-0.301894
-0.288733
-0.276277
-0.267205
-0.26382
-0.26664
-0.274046
-0.283407
-0.292455
-0.299961
-0.305598
-0.309591
-0.312308
-0.314147
-0.315417
-0.316341
-0.317069
-0.317661
-0.318154
-0.318545
-0.318797
-0.318874
-0.318742
-0.318353
-0.317701
-0.316785
-0.31563
-0.314281
-0.312793
-0.311262
-0.309733
-0.308287
-0.307006
-0.305934
-0.305131
-0.304642
-0.304465
-0.304575
-0.304869
-0.305226
-0.305496
-0.305569
-0.305379
-0.304929
-0.304279
-0.303557
-0.302916
-0.302482
-0.302355
-0.302581
-0.303143
-0.303985
-0.30502
-0.306152
-0.307364
-0.308653
-0.310076
-0.311718
-0.31363
-0.315769
-0.318033
-0.320196
-0.321987
-0.323164
-0.323534
-0.322993
-0.321539
-0.319284
-0.316405
-0.313913
-0.311276
-0.309097
-0.307825
-0.307701
-0.308785
-0.310955
-0.314007
-0.31767
-0.32166
-0.325701
-0.32953
-0.33292
-0.335701
-0.337751
-0.339001
-0.33938
-0.338875
-0.337518
-0.335409
-0.332764
-0.329928
-0.32739
-0.325721
-0.325428
-0.326764
-0.329652
-0.333684
-0.338279
-0.342856
-0.346929
-0.350171
-0.352427
-0.353626
-0.35379
-0.352984
-0.351309
-0.348948
-0.346091
-0.343035
-0.340093
-0.33755
-0.335663
-0.334547
-0.334132
-0.334278
-0.334738
-0.335309
-0.335839
-0.336295
-0.336775
-0.337469
-0.33864
-0.340515
-0.343217
-0.346699
-0.350757
-0.35513
-0.35949
-0.36356
-0.367152
-0.370166
-0.372546
-0.374338
-0.37557
-0.376324
-0.376638
-0.376572
-0.376148
-0.375375
-0.374261
-0.37279
-0.370956
-0.368762
-0.366238
-0.363459
-0.360559
-0.357685
-0.355057
-0.352836
-0.35115
-0.349977
-0.349217
-0.348681
-0.348126
-0.347343
-0.346161
-0.34447
-0.342278
-0.339722
-0.337128
-0.334977
-0.333871
-0.334378
-0.336834
-0.341184
-0.347051
-0.353776
-0.36076
-0.367518
-0.373761
-0.379397
-0.38441
-0.388805
-0.392628
-0.395856
-0.39845
-0.400343
-0.401432
-0.401642
-0.400925
-0.399298
-0.396917
-0.394056
-0.391119
-0.388553
-0.386699
-0.385709
-0.385433
-0.385506
-0.385459
-0.384745
-0.382913
-0.379581
-0.374535
-0.36793
-0.360511
-0.353745
-0.349545
-0.349415
-0.353573
-0.360825
-0.369223
-0.377036
-0.383248
-0.387541
-0.39006
-0.391175
-0.391248
-0.390637
-0.389612
-0.388366
-0.387047
-0.385782
-0.384726
-0.384092
-0.384124
-0.385081
-0.387113
-0.390229
-0.394186
-0.398557
-0.402787
-0.406266
-0.408416
-0.408747
-0.406907
-0.402765
-0.3965
-0.388664
-0.380134
-0.37185
-0.364508
-0.358492
-0.354114
-0.351896
-0.352454
-0.355914
-0.36153
-0.367834
-0.373388
-0.377238
-0.379154
-0.379377
-0.378429
-0.376842
-0.375138
-0.373674
-0.372656
-0.372178
-0.37221
-0.372678
-0.373437
-0.374354
-0.375294
-0.37618
-0.37695
-0.377572
-0.378055
-0.378406
-0.378649
-0.378799
-0.37884
-0.378777
-0.378579
-0.378235
-0.37776
-0.377146
-0.376455
-0.375754
-0.375109
-0.374584
-0.374224
-0.374054
-0.374064
-0.374233
-0.374502
-0.37481
-0.375111
-0.375348
-0.375491
-0.375502
-0.375363
-0.375045
-0.374541
-0.373811
-0.372831
-0.371554
-0.369878
-0.367726
-0.364986
-0.361526
-0.357267
-0.352214
-0.346584
-0.340806
-0.335607
-0.331828
-0.330198
-0.331019
-0.334028
-0.338528
-0.343667
-0.348726
-0.353211
-0.356901
-0.359766
-0.361819
-0.363127
-0.36373
-0.363648
-0.362862
-0.36133
-0.359035
-0.356005
-0.352383
-0.34843
-0.344584
-0.341362
-0.339259
-0.338623
-0.339478
-0.341597
-0.344535
-0.347833
-0.351125
-0.35419
-0.356938
-0.359406
-0.361649
-0.363731
-0.365711
-0.367598
-0.369384
-0.371056
-0.372545
-0.373778
-0.374702
-0.375208
-0.375228
-0.374648
-0.373326
-0.371123
-0.36791
-0.363611
-0.358308
-0.352315
-0.346294
-0.341208
-0.338116
-0.337722
-0.340149
-0.344822
-0.350741
-0.356888
-0.362529
-0.367274
-0.371026
-0.373887
-0.376025
-0.37763
-0.378879
-0.379928
-0.380848
-0.381708
-0.38251
-0.383229
-0.383746
-0.383923
-0.383548
-0.382384
-0.380206
-0.3769
-0.37254
-0.367499
-0.36246
-0.358332
-0.355915
-0.355668
-0.357559
-0.361225
-0.3662
-0.372018
-0.378244
-0.384436
-0.390156
-0.395003
-0.398743
-0.401284
-0.402656
-0.402993
-0.402499
-0.401379
-0.399808
-0.397948
-0.395945
-0.393861
-0.391789
-0.389808
-0.387967
-0.386351
-0.385027
-0.38408
-0.383554
-0.383486
-0.383867
-0.384656
-0.385763
-0.387116
-0.38862
-0.390175
-0.391706
-0.393167
-0.394528
-0.39578
-0.396934
-0.398022
-0.39906
-0.400081
-0.401079
-0.402071
-0.403048
-0.403991
-0.404903
-0.405754
-0.406517
-0.407201
-0.407816
-0.408368
-0.408905
-0.409497
-0.410229
-0.411165
-0.412379
-0.413883
-0.415614
-0.41746
-0.419218
-0.42062
-0.42133
-0.421
-0.419274
-0.415922
-0.410894
-0.404455
-0.39731
-0.39054
-0.385248
-0.382162
-0.381199
-0.381618
-0.382385
-0.382671
-0.382047
-0.380586
-0.378636
-0.376701
-0.375284
-0.374812
-0.375509
-0.377421
-0.380416
-0.384218
-0.388482
-0.39285
-0.397002
-0.400656
-0.403676
-0.40595
-0.407479
-0.408342
-0.408661
-0.408606
-0.40839
-0.408191
-0.408069
-0.40802
-0.407929
-0.407604
-0.406841
-0.405551
-0.403741
-0.401602
-0.399487
-0.397825
-0.397051
-0.397471
-0.3992
-0.402117
-0.405884
-0.410093
-0.414312
-0.418199
-0.421524
-0.424193
-0.426154
-0.427488
-0.428259
-0.428558
-0.428476
-0.428078
-0.427399
-0.426453
-0.425244
-0.423714
-0.421804
-0.419417
-0.416442
-0.412782
-0.408342
-0.403082
-0.397062
-0.390426
-0.383528
-0.376851
-0.370989
-0.366605
-0.364216
-0.364109
-0.366216
-0.370131
-0.375209
-0.380772
-0.386271
-0.391337
-0.395821
-0.399739
-0.403139
-0.406159
-0.408892
-0.411372
-0.41363
-0.415603
-0.417227
-0.418429
-0.419147
-0.419371
-0.419153
-0.418623
-0.417907
-0.417227
-0.416747
-0.416578
-0.416702
-0.417025
-0.417358
-0.417496
-0.417252
-0.416489
-0.415143
-0.413258
-0.410893
-0.408163
-0.405165
-0.402018
-0.398808
-0.395628
-0.392604
-0.389909
-0.387817
-0.386659
-0.386806
-0.388516
-0.391861
-0.396607
-0.402286
-0.408282
-0.414002
-0.418963
-0.422877
-0.425625
-0.427229
-0.427787
-0.427468
-0.426482
-0.425029
-0.423258
-0.421341
-0.419358
-0.417368
-0.415365
-0.413262
-0.410908
-0.408171
-0.404927
-0.401197
-0.397214
-0.393484
-0.390726
-0.38969
-0.390908
-0.394399
-0.399694
-0.406006
-0.41249
-0.418461
-0.423482
-0.427366
-0.430025
-0.431508
-0.431884
-0.431268
-0.429821
-0.4277
-0.425122
-0.422312
-0.419525
-0.416989
-0.414902
-0.413375
-0.412477
-0.41221
-0.41251
-0.413312
-0.414538
-0.416111
-0.417924
-0.419853
-0.421725
-0.423294
-0.424198
-0.423975
-0.422053
-0.417833
-0.410839
-0.401031
-0.389083
-0.376504
-0.365114
-0.356167
-0.349794
-0.345412
-0.342718
-0.342031
-0.343774
-0.347903
-0.353875
-0.360944
-0.368312
-0.375247
-0.381158
-0.385722
-0.388849
-0.390693
-0.391473
-0.391431
-0.390764
-0.389539
-0.387781
-0.385395
-0.382174
-0.377827
-0.371984
-0.36434
-0.354836
-0.344031
-0.333453
-0.325454
-0.322352
-0.325055
-0.332447
-0.34207
-0.351529
-0.359318
-0.36492
-0.36841
-0.370162
-0.370582
-0.370022
-0.36874
-0.366952
-0.364799
-0.362401
-0.359878
-0.35738
-0.355046
-0.353015
-0.351452
-0.350453
-0.350094
-0.350348
-0.351143
-0.352357
-0.353858
-0.355497
-0.357153
-0.358727
-0.360127
-0.361311
-0.362229
-0.362834
-0.363095
-0.362978
-0.362439
-0.361443
-0.359955
-0.357945
-0.35542
-0.352436
-0.349073
-0.345491
-0.341915
-0.33862
-0.335855
-0.333809
-0.332573
-0.332051
-0.331966
-0.331903
-0.331265
-0.329414
-0.325819
-0.320313
-0.313307
-0.30616
-0.300957
-0.299764
-0.303505
-0.311475
-0.321725
-0.332078
-0.340814
-0.346822
-0.349462
-0.34851
-0.344217
-0.337465
-0.329853
-0.323446
-0.320257
-0.321494
-0.327157
-0.336115
-0.346666
-0.357204
-0.366638
-0.374538
-0.380974
-0.386226
-0.390505
-0.393788
-0.39587
-0.396457
-0.395296
-0.392262
-0.387535
-0.381574
-0.375172
-0.369322
-0.364926
-0.362449
-0.361776
-0.362339
-0.363422
-0.364547
-0.365617
-0.366917
-0.368858
-0.371816
-0.375915
-0.380881
-0.386158
-0.390993
-0.394599
-0.396315
-0.395733
-0.392876
-0.388328
-0.3834
-0.37982
-0.379157
-0.38196
-0.387459
-0.394019
-0.39989
-0.403815
-0.405165
-0.403817
-0.400045
-0.394377
-0.387589
-0.380664
-0.374596
-0.370228
-0.367925
-0.367466
-0.368177
-0.369214
-0.369806
-0.369506
-0.368233
-0.366277
-0.364138
-0.362299
-0.361028
-0.360264
-0.35967
-0.358882
-0.357604
-0.355791
-0.353556
-0.351117
-0.348696
-0.346403
-0.344269
-0.342254
-0.340315
-0.338543
-0.337279
-0.33719
-0.339116
-0.34376
-0.351331
-0.361313
-0.372603
-0.383937
-0.394298
-0.403033
-0.409875
-0.414826
-0.418066
-0.419822
-0.420365
-0.419936
-0.41877
-0.417082
-0.41506
-0.412858
-0.410592
-0.408326
-0.406083
-0.40384
-0.401532
-0.399066
-0.396356
-0.393316
-0.389929
-0.386216
-0.382253
-0.378211
-0.374303
-0.370777
-0.367886
-0.365835
-0.364754
-0.364674
-0.365537
-0.367169
-0.369333
-0.371805
-0.374389
-0.376907
-0.379264
-0.381368
-0.383204
-0.384759
-0.385983
-0.386858
-0.387306
-0.387217
-0.386446
-0.384878
-0.382322
-0.378693
-0.373963
-0.36835
-0.362292
-0.356481
-0.351654
-0.348317
-0.346504
-0.345836
-0.345738
-0.345844
-0.346186
-0.347117
-0.349024
-0.352132
-0.356254
-0.360938
-0.365614
-0.369773
-0.373121
-0.375498
-0.376947
-0.377599
-0.377623
-0.377246
-0.376671
-0.37607
-0.375564
-0.375207
-0.375006
-0.374923
-0.374865
-0.37474
-0.374458
-0.373938
-0.373093
-0.371901
-0.370305
-0.368335
-0.365997
-0.363319
-0.360329
-0.357094
-0.353733
-0.350395
-0.347295
-0.344708
-0.342916
-0.342118
-0.342329
-0.343408
-0.345025
-0.3468
-0.348382
-0.349563
-0.350294
-0.350721
-0.351106
-0.351724
-0.352806
-0.354503
-0.35678
-0.359464
-0.362355
-0.365196
-0.367736
-0.369785
-0.371221
-0.371962
-0.371969
-0.371238
-0.369814
-0.367744
-0.365145
-0.36215
-0.35895
-0.355798
-0.352988
-0.35079
-0.349406
-0.348913
-0.349269
-0.350275
-0.351685
-0.35325
-0.354783
-0.356181
-0.357399
-0.358428
-0.359288
-0.359913
-0.360223
-0.360043
-0.359171
-0.357415
-0.354626
-0.350785
-0.346072
-0.340898
-0.335889
-0.331781
-0.32917
-0.328299
-0.328891
-0.330304
-0.3317
-0.33237
-0.33188
-0.33024
-0.327902
-0.325693
-0.324663
-0.325686
-0.329089
-0.334522
-0.341117
-0.347888
-0.354037
-0.359098
-0.362917
-0.365553
-0.367162
-0.367959
-0.368139
-0.3679
-0.36738
-0.366726
-0.366035
-0.365418
-0.364924
-0.364632
-0.364568
-0.364755
-0.365207
-0.365906
-0.3668
-0.367836
-0.368909
-0.369902
-0.370622
-0.370858
-0.370306
-0.36863
-0.365444
-0.360456
-0.353517
-0.344891
-0.335429
-0.326616
-0.320153
-0.317193
-0.317826
-0.321173
-0.325966
-0.331224
-0.336424
-0.341355
-0.345854
-0.349687
-0.352591
-0.354359
-0.354927
-0.354428
-0.353156
-0.351536
-0.350065
-0.349215
-0.349372
-0.350724
-0.353287
-0.356912
-0.361294
-0.366082
-0.370925
-0.375527
-0.379644
-0.383114
-0.38585
-0.38781
-0.389019
-0.389535
-0.389451
-0.388892
-0.38797
-0.386806
-0.385533
-0.384207
-0.382869
-0.381471
-0.379963
-0.378217
-0.376105
-0.37347
-0.370195
-0.366222
-0.36157
-0.356349
-0.35075
-0.34503
-0.339496
-0.334403
-0.329988
-0.326456
-0.324
-0.32285
-0.323147
-0.324921
-0.330448
-0.3362
-0.34232
-0.348354
-0.353982
-0.358991
-0.363254
-0.36671
-0.369328
-0.371135
-0.372155
-0.372445
-0.372086
-0.371174
-0.369845
-0.36824
-0.366517
-0.364839
-0.363362
-0.362226
-0.361444
-0.361037
-0.360938
-0.361069
-0.361399
-0.361932
-0.36271
-0.363808
-0.365262
-0.367074
-0.369173
-0.371452
-0.373758
-0.375929
-0.377839
-0.37936
-0.380389
-0.380854
-0.380646
-0.379643
-0.377694
-0.374651
-0.370352
-0.364732
-0.357862
-0.350146
-0.342317
-0.335441
-0.330648
-0.328733
-0.329849
-0.333497
-0.338726
-0.344547
-0.350168
-0.355059
-0.358913
-0.361596
-0.36308
-0.363438
-0.36288
-0.361693
-0.360241
-0.358925
-0.357995
-0.35751
-0.357348
-0.357304
-0.357336
-0.357729
-0.359026
-0.361819
-0.36633
-0.37221
-0.378652
-0.384639
-0.389293
-0.392043
-0.392642
-0.391108
-0.387653
-0.382627
-0.37647
-0.369677
-0.362822
-0.356461
-0.351106
-0.347182
-0.344961
-0.344551
-0.345897
-0.348741
-0.352748
-0.357495
-0.362569
-0.367631
-0.372454
-0.37694
-0.38108
-0.384982
-0.388757
-0.392537
-0.396403
-0.400363
-0.404389
-0.408419
-0.412336
-0.416032
-0.419406
-0.422383
-0.424879
-0.42687
-0.428298
-0.429149
-0.4294
-0.429011
-0.427954
-0.426208
-0.423709
-0.420427
-0.416327
-0.411397
-0.405635
-0.399102
-0.391911
-0.384224
-0.376257
-0.368312
-0.360724
-0.353917
-0.348394
-0.344663
-0.343102
-0.343785
-0.346338
-0.350045
-0.354113
-0.357882
-0.360993
-0.363378
-0.365192
-0.36681
-0.36871
-0.371386
-0.375211
-0.38028
-0.386362
-0.392943
-0.39943
-0.405317
-0.410263
-0.414101
-0.416803
-0.418467
-0.419205
-0.419162
-0.418447
-0.417195
-0.415473
-0.413352
-0.410871
-0.408103
-0.40505
-0.40176
-0.398258
-0.394622
-0.390951
-0.38738
-0.384096
-0.381285
-0.379127
-0.377771
-0.377299
-0.377762
-0.379196
-0.381582
-0.384902
-0.389048
-0.393852
-0.399053
-0.404367
-0.40953
-0.414318
-0.418564
-0.422143
-0.425003
-0.427043
-0.428198
-0.428327
-0.427286
-0.424909
-0.421005
-0.41542
-0.408116
-0.399228
-0.389091
-0.378376
-0.368001
-0.359178
-0.353207
-0.351103
-0.353161
-0.358803
-0.366827
-0.375912
-0.384956
-0.393229
-0.400307
-0.405917
-0.409876
-0.412051
-0.412327
-0.410655
-0.407065
-0.401666
-0.394714
-0.38658
-0.377797
-0.369041
-0.361109
-0.354765
-0.350724
-0.349415
-0.350918
-0.354924
-0.360811
-0.367823
-0.375211
-0.382377
-0.388869
-0.394429
-0.398921
-0.40231
-0.40465
-0.406017
-0.406511
-0.406253
-0.405358
-0.403927
-0.402041
-0.399738
-0.397089
-0.394137
-0.390988
-0.387802
-0.384806
-0.382286
-0.380508
-0.379693
-0.379955
-0.381263
-0.38351
-0.386456
-0.389852
-0.393393
-0.396841
-0.399962
-0.402586
-0.404598
-0.405898
-0.406431
-0.40618
-0.405129
-0.403319
-0.400847
-0.397914
-0.394792
-0.391817
-0.38939
-0.387815
-0.387295
-0.387796
-0.389136
-0.391016
-0.393141
-0.395283
-0.397314
-0.399179
-0.400908
-0.402533
-0.404092
-0.405569
-0.406944
-0.408174
-0.40924
-0.410159
-0.411056
-0.412137
-0.413659
-0.415882
-0.418974
-0.422965
-0.427686
-0.43283
-0.438014
-0.442828
-0.446903
-0.449916
-0.451589
-0.451709
-0.450113
-0.446773
-0.441884
-0.43602
-0.430098
-0.425321
-0.422765
-0.42295
-0.425603
-0.429726
-0.434041
-0.437477
-0.439526
-0.440342
-0.440574
-0.44101
-0.442183
-0.444091
-0.4463
-0.448182
-0.449211
-0.44915
-0.448043
-0.446156
-0.443874
-0.441616
-0.439801
-0.438732
-0.438578
-0.439295
-0.44067
-0.442274
-0.443588
-0.44404
-0.443115
-0.440557
-0.43652
-0.431832
-0.427989
-0.426679
-0.429052
-0.435026
-0.443351
-0.452321
-0.46052
-0.467118
-0.471862
-0.474862
-0.476345
-0.476582
-0.475772
-0.474089
-0.471656
-0.468541
-0.464822
-0.460531
-0.455747
-0.450551
-0.445068
-0.439474
-0.433937
-0.428709
-0.424073
-0.420293
-0.417644
-0.416284
-0.416185
-0.417162
-0.418902
-0.421059
-0.42331
-0.425425
-0.427281
-0.428822
-0.430062
-0.431081
-0.43194
-0.43277
-0.433659
-0.434712
-0.435986
-0.437511
-0.439272
-0.441195
-0.443143
-0.444994
-0.446608
-0.447838
-0.448585
-0.448697
-0.448088
-0.446641
-0.444252
-0.440812
-0.436219
-0.430412
-0.423389
-0.415283
-0.40648
-0.397671
-0.38981
-0.384032
-0.381287
-0.382005
-0.385827
-0.391744
-0.398412
-0.404565
-0.409309
-0.412247
-0.413501
-0.413632
-0.413501
-0.414009
-0.415786
-0.41883
-0.422373
-0.425005
-0.425007
-0.420873
-0.411943
-0.399516
-0.387396
-0.380769
-0.38285
-0.392255
-0.404267
-0.414478
-0.420747
-0.422981
-0.422087
-0.419163
-0.415158
-0.410817
-0.406741
-0.403475
-0.401549
-0.401382
-0.403176
-0.406848
-0.412023
-0.418131
-0.424528
-0.430629
-0.436045
-0.440539
-0.444007
-0.446482
-0.448072
-0.448888
-0.449102
-0.44888
-0.448337
-0.447595
-0.446737
-0.445818
-0.444876
-0.443947
-0.443019
-0.442104
-0.44126
-0.440519
-0.43996
-0.439649
-0.439681
-0.44011
-0.440954
-0.442174
-0.443638
-0.445154
-0.446457
-0.447262
-0.447294
-0.446351
-0.444349
-0.441369
-0.437681
-0.433699
-0.429891
-0.426652
-0.424302
-0.422984
-0.422722
-0.42351
-0.425294
-0.427905
-0.431059
-0.434366
-0.437423
-0.439932
-0.441813
-0.443168
-0.444333
-0.445695
-0.447633
-0.450369
-0.453908
-0.458053
-0.462527
-0.467005
-0.471204
-0.474919
-0.478013
-0.480399
-0.482051
-0.482928
-0.483047
-0.482409
-0.481036
-0.478929
-0.476148
-0.472761
-0.468846
-0.464545
-0.460011
-0.455444
-0.451023
-0.446973
-0.443517
-0.440909
-0.439448
-0.439358
-0.440723
-0.443362
-0.446786
-0.450333
-0.453308
-0.455138
-0.455531
-0.454482
-0.452318
-0.449646
-0.447315
-0.446283
-0.44733
-0.45075
-0.456156
-0.462557
-0.468736
-0.473604
-0.476516
-0.477348
-0.476414
-0.474324
-0.471765
-0.469318
-0.467321
-0.465904
-0.465034
-0.464601
-0.464496
-0.464608
-0.464823
-0.465004
-0.464877
-0.464032
-0.461976
-0.458198
-0.452387
-0.44457
-0.435302
-0.425712
-0.417422
-0.412018
-0.410487
-0.412785
-0.417978
-0.424821
-0.432308
-0.439792
-0.446931
-0.453493
-0.459255
-0.464021
-0.467596
-0.469863
-0.470758
-0.470284
-0.468486
-0.465476
-0.461417
-0.456596
-0.451389
-0.446261
-0.44168
-0.438058
-0.435574
-0.434124
-0.433326
-0.432604
-0.431355
-0.429202
-0.426098
-0.422475
-0.419221
-0.417438
-0.41803
-0.421271
-0.426608
-0.432956
-0.439071
-0.443968
-0.447005
-0.447896
-0.446589
-0.443202
-0.438045
-0.431578
-0.424514
-0.417736
-0.412214
-0.408727
-0.407639
-0.408687
-0.411083
-0.413697
-0.415407
-0.415328
-0.412985
-0.408449
-0.402305
-0.39562
-0.38952
-0.384882
-0.381955
-0.380425
-0.379727
-0.379412
-0.379411
-0.379963
-0.381451
-0.384201
-0.388343
-0.393744
-0.400011
-0.406638
-0.413051
-0.41879
-0.423576
-0.427276
-0.42994
-0.431738
-0.432889
-0.433661
-0.434312
-0.435019
-0.435914
-0.437039
-0.438383
-0.439882
-0.441428
-0.442885
-0.444172
-0.445202
-0.44592
-0.446247
-0.446168
-0.445692
-0.444804
-0.443501
-0.441783
-0.439622
-0.436965
-0.43377
-0.42994
-0.425406
-0.420161
-0.414303
-0.408213
-0.402537
-0.398104
-0.395682
-0.395657
-0.397821
-0.40144
-0.40556
-0.409303
-0.412036
-0.413506
-0.41375
-0.412989
-0.41166
-0.410185
-0.408919
-0.408096
-0.407705
-0.407466
-0.40692
-0.405548
-0.402859
-0.398565
-0.392638
-0.385379
-0.37739
-0.369493
-0.362664
-0.357929
-0.35624
-0.358233
-0.363976
-0.372809
-0.383468
-0.394599
-0.405015
-0.413979
-0.421158
-0.426503
-0.43009
-0.432082
-0.432637
-0.431925
-0.43011
-0.427375
-0.42398
-0.420249
-0.416594
-0.413419
-0.41107
-0.40969
-0.409226
-0.409398
-0.409811
-0.410095
-0.409967
-0.409253
-0.407979
-0.406261
-0.404294
-0.402305
-0.400487
-0.399006
-0.397922
-0.397278
-0.397038
-0.397176
-0.39762
-0.398306
-0.399167
-0.400103
-0.401004
-0.401759
-0.402257
-0.40245
-0.402278
-0.401751
-0.400886
-0.399778
-0.398497
-0.397168
-0.395914
-0.394845
-0.394053
-0.393597
-0.39349
-0.393753
-0.394334
-0.395174
-0.39622
-0.39738
-0.398562
-0.399713
-0.400786
-0.401734
-0.402532
-0.403178
-0.403654
-0.403952
-0.404083
-0.404064
-0.403892
-0.403617
-0.403289
-0.402971
-0.402754
-0.402734
-0.403003
-0.403633
-0.404665
-0.406079
-0.40782
-0.409836
-0.412047
-0.414387
-0.416823
-0.419288
-0.421763
-0.424218
-0.426592
-0.428835
-0.430866
-0.432606
-0.433975
-0.434908
-0.435344
-0.435265
-0.434704
-0.433734
-0.432484
-0.431124
-0.429873
-0.42891
-0.428384
-0.428351
-0.428792
-0.429565
-0.430535
-0.431529
-0.432454
-0.433259
-0.433953
-0.434594
-0.435294
-0.436154
-0.437282
-0.438774
-0.440627
-0.442802
-0.44514
-0.447437
-0.449442
-0.450879
-0.451565
-0.451437
-0.450575
-0.449269
-0.448011
-0.447361
-0.447802
-0.449624
-0.452802
-0.456984
-0.461619
-0.466183
-0.470227
-0.473446
-0.475677
-0.476869
-0.477032
-0.476222
-0.474511
-0.471957
-0.46865
-0.464641
-0.460003
-0.454769
-0.448972
-0.442681
-0.435934
-0.428836
-0.421607
-0.414572
-0.408239
-0.403259
-0.400348
-0.400127
-0.402857
-0.408313
-0.41583
-0.424461
-0.433205
-0.441249
-0.448057
-0.45339
-0.457204
-0.459621
-0.460861
-0.461172
-0.46083
-0.460092
-0.459171
-0.458286
-0.457599
-0.457256
-0.457345
-0.457897
-0.458904
-0.460257
-0.461764
-0.463195
-0.464184
-0.464316
-0.463077
-0.459928
-0.454394
-0.4462
-0.435597
-0.423635
-0.41224
-0.403858
-0.400523
-0.402891
-0.40989
-0.419351
-0.429233
-0.438246
-0.446174
-0.453262
-0.459748
-0.465466
-0.469905
-0.472462
-0.4727
-0.470488
-0.465985
-0.459648
-0.452151
-0.444299
-0.436973
-0.430992
-0.426991
-0.425453
-0.426545
-0.430144
-0.435856
-0.443106
-0.451219
-0.459562
-0.46767
-0.475187
-0.481919
-0.487773
-0.492741
-0.496813
-0.499996
-0.50226
-0.503511
-0.50359
-0.502266
-0.499279
-0.494393
-0.487408
-0.478409
-0.467879
-0.456848
-0.446791
-0.439288
-0.435447
-0.435441
-0.438479
-0.443285
-0.448506
-0.453137
-0.456576
-0.458684
-0.459591
-0.459662
-0.45932
-0.459053
-0.459271
-0.460241
-0.462055
-0.464672
-0.467938
-0.471631
-0.475486
-0.479295
-0.482861
-0.486049
-0.488766
-0.490921
-0.492479
-0.493393
-0.493602
-0.49305
-0.491665
-0.489371
-0.486086
-0.481789
-0.4765
-0.470325
-0.46349
-0.456397
-0.449551
-0.44359
-0.439127
-0.436612
-0.436165
-0.437582
-0.440328
-0.443756
-0.447275
-0.450458
-0.45303
-0.454892
-0.456005
-0.456454
-0.456314
-0.455723
-0.454845
-0.453837
-0.452859
-0.451973
-0.451238
-0.450609
-0.450067
-0.449669
-0.44959
-0.450081
-0.451386
-0.453605
-0.459894
-0.464874
-0.469339
-0.473122
-0.476149
-0.478446
-0.480122
-0.481302
-0.482133
-0.482711
-0.483136
-0.483477
-0.483747
-0.483944
-0.484032
-0.483908
-0.48347
-0.482571
-0.481083
-0.478854
-0.475866
-0.47219
-0.468121
-0.464217
-0.461086
-0.459327
-0.4592
-0.46053
-0.462729
-0.465048
-0.466823
-0.467692
-0.467603
-0.466763
-0.465557
-0.464426
-0.463789
-0.46397
-0.465178
-0.467488
-0.47082
-0.474991
-0.479765
-0.484904
-0.490237
-0.495639
-0.501037
-0.506325
-0.511323
-0.515768
-0.519388
-0.521913
-0.523116
-0.522886
-0.521204
-0.518231
-0.514314
-0.509962
-0.505871
-0.502802
-0.501404
-0.502093
-0.504909
-0.5095
-0.515202
-0.52122
-0.526802
-0.531342
-0.534429
-0.535844
-0.535511
-0.533499
-0.529998
-0.525354
-0.520135
-0.515126
-0.511249
-0.509351
-0.51002
-0.513356
-0.518944
-0.526025
-0.533697
-0.541188
-0.547963
-0.553736
-0.558391
-0.561982
-0.564545
-0.56616
-0.566859
-0.566646
-0.56553
-0.563554
-0.56081
-0.557533
-0.554081
-0.550927
-0.548571
-0.547411
-0.547617
-0.549059
-0.551388
-0.554203
-0.557094
-0.559798
-0.562168
-0.564172
-0.565842
-0.567246
-0.568447
-0.569491
-0.570424
-0.57128
-0.572066
-0.572808
-0.573531
-0.574271
-0.575075
-0.575983
-0.576981
-0.578068
-0.57919
-0.580233
-0.581059
-0.581502
-0.581399
-0.580621
-0.579138
-0.577033
-0.574558
-0.572091
-0.57008
-0.568871
-0.568584
-0.569056
-0.569879
-0.570497
-0.570351
-0.569029
-0.566266
-0.562012
-0.55636
-0.549585
-0.542103
-0.534447
-0.527199
-0.520895
-0.515997
-0.512793
-0.511439
-0.511883
-0.513925
-0.517234
-0.521361
-0.525831
-0.530172
-0.533975
-0.536934
-0.53883
-0.5395
-0.538939
-0.537146
-0.534206
-0.530295
-0.525661
-0.520673
-0.515755
-0.51137
-0.507861
-0.505347
-0.503722
-0.502755
-0.502304
-0.502498
-0.503727
-0.506491
-0.511028
-0.517097
-0.523985
-0.530774
-0.536612
-0.540937
-0.543458
-0.544163
-0.543165
-0.540693
-0.537017
-0.53247
-0.5274
-0.522193
-0.51727
-0.512996
-0.509713
-0.507646
-0.506856
-0.507258
-0.508591
-0.510461
-0.512374
-0.513788
-0.514112
-0.512847
-0.509606
-0.504363
-0.497631
-0.490596
-0.484947
-0.482193
-0.48293
-0.486412
-0.491115
-0.495495
-0.498658
-0.500445
-0.501233
-0.501562
-0.50196
-0.502697
-0.503762
-0.50494
-0.505928
-0.506405
-0.506139
-0.504966
-0.502866
-0.499892
-0.496181
-0.491958
-0.487494
-0.483065
-0.478862
-0.474935
-0.471112
-0.466964
-0.461932
-0.455552
-0.447909
-0.440128
-0.43446
-0.433633
-0.439252
-0.450653
-0.465222
-0.479842
-0.492231
-0.501263
-0.506723
-0.50888
-0.508273
-0.505568
-0.501478
-0.496807
-0.492307
-0.488571
-0.485895
-0.484222
-0.483188
-0.482313
-0.481117
-0.479274
-0.476645
-0.473275
-0.4694
-0.46537
-0.461612
-0.458544
-0.456448
-0.455435
-0.455366
-0.455941
-0.456764
-0.4575
-0.457882
-0.457854
-0.457508
-0.457072
-0.456778
-0.456795
-0.457123
-0.457607
-0.457989
-0.458018
-0.457507
-0.456382
-0.454667
-0.452458
-0.449848
-0.446884
-0.443588
-0.439967
-0.436038
-0.431863
-0.427575
-0.423371
-0.419469
-0.41607
-0.413358
-0.411433
-0.410366
-0.410187
-0.410923
-0.412567
-0.415025
-0.418115
-0.421546
-0.424951
-0.427916
-0.430071
-0.431124
-0.430859
-0.429205
-0.426202
-0.422035
-0.417004
-0.411598
-0.40634
-0.401762
-0.39826
-0.396021
-0.394968
-0.394831
-0.395233
-0.395772
-0.396125
-0.396041
-0.395361
-0.394022
-0.39204
-0.389519
-0.386647
-0.383738
-0.381177
-0.379385
-0.378716
-0.379328
-0.381173
-0.383975
-0.387378
-0.390972
-0.394425
-0.397502
-0.400062
-0.402051
-0.403459
-0.40431
-0.404603
-0.404348
-0.403566
-0.402232
-0.400354
-0.397939
-0.395047
-0.391821
-0.388457
-0.385221
-0.382372
-0.380163
-0.378693
-0.377898
-0.377554
-0.377376
-0.377059
-0.376385
-0.375231
-0.373606
-0.371572
-0.369233
-0.366729
-0.364161
-0.361626
-0.359219
-0.357073
-0.355314
-0.354138
-0.35372
-0.35418
-0.355589
-0.357947
-0.36116
-0.365097
-0.36958
-0.374407
-0.379354
-0.384217
-0.388795
-0.392962
-0.396616
-0.399719
-0.402274
-0.404272
-0.405754
-0.406743
-0.40725
-0.407315
-0.406951
-0.406179
-0.405009
-0.403485
-0.401627
-0.399498
-0.397164
-0.394711
-0.392266
-0.38997
-0.388009
-0.386569
-0.385834
-0.385943
-0.386987
-0.388907
-0.39157
-0.394748
-0.398167
-0.401537
-0.404641
-0.407274
-0.409332
-0.41074
-0.411436
-0.411428
-0.410721
-0.409328
-0.407318
-0.404768
-0.401765
-0.398451
-0.394996
-0.391595
-0.388441
-0.385678
-0.383416
-0.381663
-0.380375
-0.379494
-0.378916
-0.378526
-0.378199
-0.377783
-0.377096
-0.376102
-0.37492
-0.373937
-0.373694
-0.374736
-0.377424
-0.381704
-0.387191
-0.39329
-0.399329
-0.404779
-0.409252
-0.412598
-0.414807
-0.416023
-0.416505
-0.41659
-0.416618
-0.416893
-0.417641
-0.418933
-0.420716
-0.422805
-0.42495
-0.426854
-0.428236
-0.428812
-0.428279
-0.426332
-0.422641
-0.416947
-0.409182
-0.399662
-0.389269
-0.379405
-0.371636
-0.367067
-0.365683
-0.36654
-0.368234
-0.36961
-0.369983
-0.369191
-0.36752
-0.365763
-0.365238
-0.367404
-0.373204
-0.382376
-0.393561
-0.404949
-0.415078
-0.423175
-0.42908
-0.43297
-0.435196
-0.436111
-0.435976
-0.435011
-0.43334
-0.431043
-0.428171
-0.424807
-0.421068
-0.417183
-0.413464
-0.41027
-0.407998
-0.406888
-0.407009
-0.408234
-0.410262
-0.412736
-0.415356
-0.417892
-0.42025
-0.422389
-0.424332
-0.426128
-0.427791
-0.429318
-0.430676
-0.431777
-0.432536
-0.432865
-0.432687
-0.431966
-0.430746
-0.42908
-0.427097
-0.424955
-0.422808
-0.420785
-0.419063
-0.417795
-0.417183
-0.417416
-0.418633
-0.420845
-0.423915
-0.427593
-0.431521
-0.43535
-0.438745
-0.441457
-0.443319
-0.444276
-0.444328
-0.443545
-0.442041
-0.439925
-0.437321
-0.434337
-0.431073
-0.427678
-0.424358
-0.421396
-0.419085
-0.417668
-0.417243
-0.417772
-0.419026
-0.42069
-0.422473
-0.424174
-0.425686
-0.426964
-0.42799
-0.42873
-0.429107
-0.429017
-0.42831
-0.426894
-0.424709
-0.421757
-0.418146
-0.414076
-0.409832
-0.405727
-0.402051
-0.399027
-0.396804
-0.395434
-0.394907
-0.395204
-0.396304
-0.398178
-0.400803
-0.404085
-0.407853
-0.411837
-0.41572
-0.419178
-0.42194
-0.423766
-0.424526
-0.42416
-0.422713
-0.420285
-0.417046
-0.4132
-0.40901
-0.404759
-0.400663
-0.396894
-0.393531
-0.390603
-0.388202
-0.38649
-0.385721
-0.386145
-0.387856
-0.390715
-0.394341
-0.398245
-0.401966
-0.405196
-0.407755
-0.409585
-0.410654
-0.41098
-0.410659
-0.409838
-0.408733
-0.407534
-0.406308
-0.40501
-0.403496
-0.401762
-0.4
-0.398657
-0.398214
-0.398909
-0.400573
-0.402659
-0.404502
-0.405609
-0.405906
-0.405721
-0.40565
-0.406329
-0.408139
-0.411029
-0.414623
-0.418297
-0.421427
-0.423525
-0.424277
-0.423493
-0.421138
-0.417275
-0.412132
-0.40613
-0.399877
-0.394163
-0.389808
-0.387407
-0.387177
-0.388868
-0.391929
-0.39575
-0.399772
-0.403643
-0.407218
-0.410492
-0.413531
-0.416489
-0.419501
-0.422634
-0.4259
-0.429215
-0.432432
-0.435381
-0.437887
-0.439806
-0.441053
-0.441549
-0.441249
-0.440099
-0.438084
-0.435185
-0.431392
-0.42681
-0.421605
-0.416084
-0.410693
-0.405948
-0.402357
-0.400301
-0.399961
-0.401316
-0.404179
-0.408191
-0.412947
-0.417958
-0.42281
-0.427145
-0.430726
-0.433438
-0.435258
-0.436226
-0.4364
-0.435882
-0.434741
-0.433071
-0.430937
-0.428452
-0.425746
-0.422986
-0.420395
-0.418157
-0.416458
-0.415396
-0.414964
-0.415096
-0.415657
-0.416493
-0.417434
-0.41839
-0.419283
-0.420039
-0.420616
-0.420977
-0.421025
-0.420705
-0.419919
-0.418599
-0.416677
-0.414129
-0.410996
-0.407392
-0.403489
-0.399588
-0.395999
-0.393087
-0.391149
-0.390368
-0.39075
-0.392125
-0.394195
-0.396592
-0.398955
-0.401029
-0.402664
-0.403815
-0.404556
-0.405024
-0.405408
-0.405855
-0.406488
-0.407373
-0.408485
-0.409724
-0.410979
-0.412126
-0.413031
-0.413579
-0.413689
-0.413296
-0.412381
-0.410935
-0.408992
-0.40662
-0.403916
-0.401024
-0.398142
-0.39543
-0.393049
-0.391132
-0.389723
-0.388807
-0.388313
-0.388151
-0.388194
-0.388356
-0.388556
-0.388691
-0.388697
-0.3885
-0.387998
-0.387094
-0.385651
-0.383548
-0.380688
-0.377069
-0.372829
-0.368307
-0.364003
-0.360584
-0.358743
-0.358953
-0.361395
-0.36579
-0.371529
-0.377851
-0.383951
-0.389142
-0.392924
-0.394965
-0.395149
-0.393608
-0.390772
-0.387388
-0.384439
-0.382872
-0.383195
-0.385323
-0.388516
-0.391769
-0.394165
-0.395068
-0.39424
-0.39188
-0.388521
-0.384948
-0.381982
-0.380236
-0.379776
-0.380027
-0.379991
-0.378529
-0.374806
-0.368678
-0.36105
-0.353903
-0.349748
-0.350368
-0.355817
-0.364429
-0.373936
-0.382561
-0.389432
-0.39442
-0.397802
-0.39996
-0.40128
-0.402031
-0.402412
-0.402545
-0.402513
-0.40233
-0.402024
-0.401605
-0.401079
-0.400472
-0.399808
-0.399125
-0.398442
-0.397792
-0.3972
-0.396685
-0.396278
-0.395951
-0.395742
-0.395627
-0.395629
-0.395729
-0.395907
-0.39614
-0.396375
-0.396519
-0.396508
-0.396224
-0.3956
-0.394563
-0.393091
-0.391191
-0.388946
-0.386467
-0.383909
-0.381478
-0.379356
-0.377734
-0.376736
-0.376436
-0.376828
-0.377821
-0.379287
-0.381034
-0.382834
-0.384481
-0.385798
-0.386646
-0.386908
-0.386524
-0.385469
-0.383729
-0.381312
-0.378204
-0.374405
-0.369945
-0.364958
-0.359713
-0.354645
-0.350349
-0.347413
-0.346207
-0.346719
-0.348576
-0.351201
-0.354049
-0.356803
-0.359357
-0.361785
-0.364203
-0.366676
-0.369173
-0.371579
-0.373698
-0.375377
-0.376459
-0.37689
-0.376681
-0.375929
-0.374762
-0.373345
-0.371817
-0.370353
-0.369036
-0.367955
-0.367196
-0.366893
-0.36717
-0.368205
-0.370151
-0.373046
-0.376818
-0.381264
-0.386068
-0.39093
-0.395576
-0.39983
-0.403597
-0.406852
-0.409637
-0.411975
-0.413929
-0.415555
-0.416888
-0.417947
-0.418731
-0.41918
-0.419234
-0.418773
-0.417669
-0.41573
-0.412747
-0.408523
-0.402926
-0.395944
-0.387769
-0.378893
-0.370014
-0.361955
-0.355504
-0.351218
-0.34943
-0.350301
-0.353792
-0.359581
-0.367025
-0.37527
-0.383457
-0.39091
-0.397263
-0.40241
-0.406445
-0.409569
-0.412022
-0.414024
-0.415792
-0.417452
-0.419139
-0.42091
-0.422827
-0.424883
-0.427045
-0.429312
-0.431639
-0.433997
-0.436342
-0.43863
-0.440816
-0.442865
-0.444713
-0.446284
-0.447507
-0.448281
-0.448477
-0.447977
-0.446653
-0.444361
-0.441011
-0.436609
-0.43122
-0.425064
-0.418516
-0.41209
-0.406379
-0.40197
