1.76816
1.76816
1.76816
1.76816
1.76816
1.76816
1.76816
1.76816
1.76816
1.76816
1.76816
1.76815
1.76815
1.76815
1.76814
1.76813
1.76811
1.76808
1.76806
1.76804
1.76801
1.76799
1.76797
1.76794
1.76791
1.76789
1.76786
1.76782
1.7678
1.76778
1.76774
1.76772
1.76771
1.7677
1.76768
1.76765
1.76764
1.76762
1.7676
1.76759
1.76758
1.76756
1.76755
1.76754
1.76754
1.76752
1.76751
1.76749
1.76748
1.76747
1.76746
1.76745
1.76744
1.76744
1.76744
1.76742
1.76741
1.76741
1.7674
1.76739
1.76737
1.76736
1.76735
1.76735
1.76734
1.76732
1.76732
1.76731
1.7673
1.76729
1.76728
1.76726
1.76725
1.76724
1.76722
1.7672
1.76718
1.76717
1.76716
1.76714
1.76713
1.76712
1.7671
1.76711
1.7671
1.76711
1.76712
1.76714
1.76717
1.76723
1.7673
1.7674
1.76753
1.76767
1.76779
1.76787
1.76785
1.76769
1.76742
1.7671
1.76683
1.76668
1.76666
1.7667
1.76677
1.76683
1.76689
1.76694
1.76701
1.76713
1.76728
1.76742
1.76756
1.76764
1.76763
1.76752
1.76733
1.76707
1.76679
1.76654
1.76633
1.76622
1.76621
1.76627
1.76638
1.76653
1.76669
1.76686
1.76701
1.76715
1.76727
1.76736
1.76744
1.76748
1.76747
1.7674
1.76729
1.76715
1.76702
1.76693
1.76688
1.76688
1.76691
1.76695
1.767
1.76706
1.7671
1.76713
1.76716
1.7672
1.76726
1.76733
1.76741
1.7675
1.76758
1.76764
1.76764
1.76756
1.76741
1.76723
1.76705
1.76689
1.76678
1.76671
1.76665
1.76662
1.7666
1.76658
1.76659
1.76659
1.76661
1.76666
1.7667
1.76677
1.76682
1.76687
1.76692
1.76697
1.767
1.76705
1.76711
1.76716
1.76724
1.76732
1.76741
1.7675
1.76757
1.76764
1.76767
1.76767
1.76764
1.76756
1.76744
1.76729
1.76713
1.76699
1.76687
1.76678
1.76674
1.76674
1.76677
1.76682
1.76689
1.76696
1.76705
1.76712
1.7672
1.76727
1.76734
1.7674
1.76745
1.76748
1.76749
1.76748
1.76745
1.76739
1.76733
1.76725
1.76717
1.76709
1.76703
1.76697
1.76694
1.76694
1.76695
1.76696
1.76699
1.76703
1.76706
1.76711
1.76717
1.76724
1.76729
1.76735
1.7674
1.76742
1.76742
1.7674
1.76736
1.7673
1.76725
1.76721
1.76717
1.76713
1.7671
1.76706
1.76703
1.76701
1.76699
1.76698
1.76698
1.76699
1.76699
1.76699
1.76699
1.76701
1.76702
1.76706
1.76713
1.76724
1.76735
1.76748
1.76761
1.76773
1.76781
1.76785
1.76787
1.76789
1.76792
1.768
1.7681
1.76815
1.7681
1.76789
1.76751
1.76706
1.76663
1.76629
1.7661
1.76604
1.76609
1.76621
1.76637
1.76653
1.7667
1.76686
1.76703
1.76718
1.76732
1.76747
1.76761
1.76775
1.76786
1.76794
1.76797
1.76795
1.76787
1.76774
1.76759
1.76744
1.76735
1.7673
1.76731
1.76735
1.76738
1.76738
1.76733
1.76724
1.76714
1.76705
1.76699
1.76698
1.76702
1.76708
1.76716
1.76726
1.76735
1.76747
1.76759
1.76769
1.76778
1.76785
1.76787
1.76784
1.76775
1.7676
1.76741
1.76718
1.76697
1.76682
1.76674
1.76673
1.76679
1.76688
1.76699
1.76709
1.76718
1.76724
1.76728
1.7673
1.7673
1.76728
1.76725
1.7672
1.76716
1.76712
1.76708
1.76705
1.76704
1.76703
1.76705
1.76707
1.76713
1.76719
1.76727
1.76736
1.76746
1.76759
1.7677
1.76781
1.76788
1.76791
1.76785
1.76771
1.7675
1.76725
1.76702
1.76685
1.76673
1.76667
1.76665
1.76665
1.76668
1.7667
1.76674
1.76679
1.76685
1.7669
1.76697
1.76703
1.76709
1.76714
1.76719
1.76722
1.76727
1.76729
1.76734
1.76737
1.7674
1.76742
1.76745
1.76748
1.76748
1.76746
1.76743
1.76736
1.76725
1.76713
1.76701
1.76689
1.7668
1.76673
1.76669
1.76669
1.7667
1.76675
1.76681
1.76687
1.76694
1.76702
1.76709
1.76718
1.76726
1.76734
1.76741
1.76748
1.76753
1.76758
1.76758
1.76756
1.7675
1.7674
1.76725
1.7671
1.76696
1.76684
1.76678
1.76677
1.76679
1.76684
1.7669
1.76697
1.76703
1.7671
1.76716
1.76724
1.76731
1.7674
1.7675
1.76763
1.76774
1.76783
1.76787
1.76784
1.76769
1.76748
1.76726
1.76708
1.76697
1.76693
1.76692
1.7669
1.76686
1.76681
1.76677
1.76676
1.76676
1.76682
1.76687
1.76695
1.76701
1.76706
1.76711
1.76713
1.76715
1.76716
1.76717
1.76718
1.76719
1.7672
1.76721
1.76723
1.76724
1.76725
1.76726
1.76729
1.76731
1.76733
1.76734
1.76733
1.76731
1.76727
1.7672
1.76712
1.76702
1.76693
1.76686
1.7668
1.76678
1.76679
1.76682
1.76686
1.76692
1.76699
1.76707
1.76715
1.76723
1.7673
1.76737
1.76741
1.76742
1.7674
1.76734
1.76724
1.76714
1.76704
1.76694
1.76687
1.76683
1.76682
1.76684
1.76686
1.7669
1.76692
1.76692
1.76692
1.7669
1.76689
1.7669
1.76694
1.76699
1.76706
1.76716
1.76727
1.76736
1.76742
1.76745
1.76741
1.76728
1.76709
1.76689
1.76671
1.76656
1.76649
1.76649
1.76654
1.76662
1.76673
1.76685
1.76696
1.76706
1.76717
1.76725
1.76729
1.76731
1.76731
1.76731
1.7673
1.76727
1.76725
1.76722
1.76719
1.76715
1.76711
1.76707
1.76706
1.76707
1.7671
1.76715
1.7672
1.76726
1.76727
1.76726
1.76723
1.76716
1.76709
1.76704
1.767
1.767
1.76702
1.76708
1.76714
1.76722
1.76728
1.76732
1.76734
1.76734
1.76732
1.76728
1.76725
1.76722
1.76719
1.76717
1.76714
1.7671
1.76706
1.76703
1.76699
1.76696
1.76694
1.76696
1.76697
1.767
1.76703
1.76706
1.7671
1.76714
1.76718
1.76724
1.76729
1.76736
1.76743
1.76752
1.7676
1.76766
1.76766
1.76758
1.76742
1.76721
1.76698
1.76679
1.76669
1.76666
1.76672
1.76682
1.76695
1.7671
1.76727
1.76747
1.76768
1.76792
1.76812
1.76825
1.76821
1.76797
1.76753
1.76701
1.7666
1.76636
1.76631
1.76639
1.76652
1.76667
1.76681
1.76694
1.76704
1.76713
1.76721
1.76727
1.76731
1.76736
1.7674
1.76743
1.76745
1.76747
1.76747
1.76746
1.76743
1.7674
1.76736
1.76732
1.76729
1.76726
1.76727
1.76727
1.76728
1.7673
1.76728
1.76725
1.76723
1.76718
1.76712
1.76708
1.76705
1.76704
1.76704
1.76707
1.7671
1.76712
1.76715
1.76716
1.76718
1.76719
1.7672
1.76724
1.76728
1.76738
1.76754
1.76779
1.76813
1.76854
1.76887
1.76891
1.76837
1.76728
1.76615
1.7655
1.76545
1.76578
1.7662
1.76657
1.76684
1.76703
1.76715
1.76723
1.76729
1.76735
1.76742
1.76747
1.76754
1.76761
1.76765
1.76763
1.76752
1.76735
1.7671
1.76684
1.76663
1.76651
1.76645
1.76648
1.76654
1.76663
1.76671
1.76679
1.76684
1.76688
1.76692
1.76696
1.76697
1.767
1.76704
1.76708
1.76713
1.76719
1.76728
1.7674
1.76753
1.76767
1.76783
1.76799
1.76807
1.76805
1.76787
1.76756
1.76717
1.76683
1.76662
1.76658
1.76669
1.76688
1.76708
1.76725
1.76732
1.76731
1.7672
1.76704
1.76687
1.76676
1.7667
1.7667
1.76673
1.76678
1.76685
1.76689
1.76694
1.76698
1.76702
1.76705
1.76707
1.76709
1.7671
1.76712
1.76713
1.76714
1.76714
1.76715
1.76715
1.76716
1.76717
1.76719
1.76725
1.7673
1.76737
1.76744
1.7675
1.76755
1.76756
1.76751
1.76741
1.76727
1.7671
1.76697
1.7669
1.76689
1.76693
1.76699
1.76707
1.76714
1.7672
1.76726
1.7673
1.76733
1.76734
1.76734
1.76733
1.76732
1.7673
1.76731
1.76735
1.76742
1.7675
1.76759
1.76766
1.76766
1.7676
1.76746
1.76729
1.7671
1.76694
1.76681
1.76672
1.76668
1.76667
1.76667
1.7667
1.76673
1.76678
1.76683
1.76689
1.76695
1.76701
1.76706
1.7671
1.76714
1.76717
1.76719
1.76721
1.76723
1.76724
1.76725
1.76725
1.76724
1.76725
1.76725
1.76725
1.76725
1.76726
1.76726
1.76727
1.76729
1.76732
1.76734
1.76737
1.7674
1.76743
1.76745
1.76747
1.76749
1.76749
1.76749
1.7675
1.76749
1.76748
1.76748
1.76747
1.76746
1.76745
1.76745
1.76744
1.76742
1.7674
1.76735
1.76728
1.76719
1.76707
1.76694
1.76682
1.76674
1.76669
1.76666
1.76666
1.76668
1.76673
1.76678
1.76685
1.7669
1.76696
1.76701
1.76705
1.76708
1.76713
1.76716
1.76719
1.76721
1.76725
1.76728
1.76732
1.76736
1.76741
1.76748
1.76756
1.76764
1.76774
1.76783
1.7679
1.76793
1.76791
1.76783
1.76769
1.76749
1.76728
1.76707
1.76689
1.76673
1.7666
1.76651
1.76646
1.76645
1.76648
1.76654
1.76663
1.76672
1.76681
1.76689
1.76697
1.76704
1.76713
1.76721
1.7673
1.76742
1.76756
1.76771
1.76786
1.76798
1.76803
1.76798
1.7678
1.76751
1.76722
1.767
1.76691
1.76692
1.76699
1.76708
1.76713
1.76715
1.76711
1.76705
1.76697
1.76689
1.76682
1.76678
1.76677
1.7668
1.76685
1.76689
1.76694
1.767
1.76706
1.76711
1.76717
1.76723
1.76728
1.76732
1.76736
1.7674
1.76742
1.76743
1.76742
1.76737
1.76731
1.76723
1.76715
1.76708
1.76704
1.76703
1.76705
1.7671
1.76716
1.76723
1.76727
1.76729
1.76728
1.76724
1.76715
1.76707
1.76699
1.76694
1.76689
1.76689
1.76691
1.76694
1.76699
1.76705
1.7671
1.76716
1.76721
1.76726
1.7673
1.76734
1.76735
1.76738
1.76739
1.76738
1.76738
1.76736
1.76732
1.76727
1.7672
1.50865
1.50861
1.5086
1.5086
1.50861
1.50863
1.50865
1.50868
1.50871
1.50875
1.50878
1.50881
1.50884
1.50888
1.50891
1.50895
1.50899
1.50902
1.50905
1.50908
1.5091
1.50913
1.50914
1.50916
1.50916
1.50916
1.50914
1.5091
1.50905
1.50898
1.5089
1.50881
1.50874
1.50869
1.50864
1.50862
1.50864
1.50867
1.50871
1.50876
1.5088
1.50884
1.50886
1.50888
1.50891
1.50893
1.50893
1.50896
1.509
1.50904
1.50911
1.5092
1.5093
1.50939
1.50943
1.50938
1.50919
1.50891
1.50857
1.50827
1.50811
1.5081
1.50821
1.50838
1.50859
1.50878
1.50895
1.50907
1.50917
1.50923
1.50924
1.50919
1.50912
1.50901
1.50891
1.50882
1.50875
1.50872
1.50872
1.50875
1.50881
1.50886
1.50893
1.50899
1.50906
1.50913
1.5092
1.50928
1.50934
1.50941
1.50945
1.50944
1.50935
1.50915
1.50886
1.50854
1.50824
1.50804
1.50797
1.50799
1.50809
1.50824
1.50839
1.50854
1.50867
1.50878
1.50886
1.50891
1.50895
1.50898
1.509
1.509
1.50901
1.50901
1.50901
1.50903
1.50903
1.50904
1.50904
1.50905
1.50906
1.50906
1.50906
1.50905
1.50905
1.50903
1.509
1.50897
1.50895
1.50892
1.50891
1.5089
1.50889
1.50889
1.50888
1.50888
1.50886
1.50886
1.50886
1.50886
1.50886
1.50888
1.50889
1.50891
1.50893
1.50895
1.50897
1.50898
1.50899
1.50901
1.50902
1.50902
1.50902
1.50903
1.50902
1.50903
1.50902
1.50902
1.50902
1.50902
1.50901
1.50899
1.50897
1.50893
1.5089
1.50887
1.50883
1.50881
1.5088
1.50881
1.50885
1.50891
1.50899
1.50909
1.50918
1.50927
1.50932
1.5093
1.50922
1.50908
1.50892
1.50877
1.50867
1.50864
1.50868
1.50873
1.50879
1.50885
1.50891
1.50895
1.50899
1.50905
1.5091
1.50915
1.5092
1.50922
1.5092
1.50914
1.50903
1.50889
1.50876
1.50862
1.50853
1.50846
1.50844
1.50845
1.50849
1.50854
1.5086
1.50865
1.50868
1.50871
1.50874
1.50876
1.50877
1.50877
1.50878
1.5088
1.50881
1.50884
1.50886
1.50889
1.50892
1.50894
1.50896
1.50897
1.50896
1.50894
1.50892
1.50888
1.50883
1.50878
1.50874
1.50871
1.50869
1.50869
1.50871
1.50875
1.5088
1.50889
1.50898
1.50908
1.50919
1.50928
1.50936
1.50942
1.50941
1.50934
1.5092
1.50901
1.50882
1.50865
1.50852
1.50844
1.5084
1.50837
1.50837
1.50838
1.50838
1.50839
1.50841
1.50843
1.50845
1.5085
1.50857
1.50864
1.50872
1.50881
1.50892
1.50904
1.50916
1.50927
1.50939
1.5095
1.5096
1.50966
1.50967
1.50959
1.50941
1.50913
1.50881
1.50852
1.50829
1.50815
1.50807
1.50806
1.50809
1.50817
1.50827
1.50838
1.50849
1.50859
1.50868
1.50877
1.50883
1.50889
1.50893
1.50899
1.50905
1.50912
1.50923
1.50934
1.50949
1.50964
1.50978
1.50989
1.50994
1.50993
1.50986
1.50973
1.50958
1.50941
1.50924
1.50903
1.5088
1.50856
1.50834
1.50816
1.50806
1.50804
1.50809
1.50819
1.50833
1.50848
1.50864
1.50877
1.50888
1.50895
1.50899
1.50902
1.50904
1.50903
1.50902
1.50899
1.50895
1.5089
1.50886
1.50882
1.50878
1.50877
1.50877
1.50878
1.5088
1.50884
1.50888
1.50893
1.50896
1.50899
1.509
1.50901
1.50902
1.50902
1.50899
1.50898
1.50896
1.50894
1.50892
1.50891
1.5089
1.50889
1.50886
1.50883
1.50878
1.50873
1.50869
1.50864
1.50861
1.50859
1.5086
1.50863
1.50868
1.50873
1.50878
1.50884
1.50889
1.50894
1.50897
1.509
1.50902
1.50901
1.509
1.50896
1.50892
1.50887
1.50881
1.50878
1.50876
1.50875
1.50874
1.50874
1.50874
1.50873
1.50871
1.5087
1.50869
1.50866
1.50865
1.50864
1.50864
1.50865
1.50866
1.50868
1.50871
1.50874
1.50877
1.50879
1.50882
1.50884
1.50888
1.50891
1.50894
1.50896
1.509
1.50904
1.50909
1.50913
1.50917
1.50923
1.50927
1.50929
1.50931
1.50928
1.50923
1.50916
1.50907
1.50899
1.50891
1.50884
1.5088
1.50877
1.50878
1.50879
1.50881
1.5088
1.50879
1.50876
1.50871
1.50866
1.50862
1.50859
1.50859
1.50858
1.5086
1.50861
1.50864
1.50867
1.50871
1.50874
1.50877
1.50881
1.50884
1.50887
1.5089
1.50892
1.50897
1.50901
1.50906
1.5091
1.50915
1.50918
1.5092
1.50922
1.50922
1.50919
1.50915
1.5091
1.50904
1.50899
1.50895
1.50891
1.50889
1.50887
1.50886
1.50884
1.50883
1.50883
1.50884
1.50886
1.50889
1.50892
1.50895
1.50896
1.50897
1.50898
1.50896
1.50895
1.50893
1.50891
1.50887
1.50884
1.50882
1.50879
1.50877
1.50876
1.50876
1.50877
1.50877
1.50879
1.5088
1.5088
1.50881
1.50884
1.50887
1.5089
1.50894
1.50899
1.50905
1.5091
1.50914
1.50916
1.50915
1.5091
1.50903
1.50893
1.50886
1.50881
1.50881
1.50885
1.50895
1.5091
1.50925
1.50939
1.50951
1.50956
1.50953
1.50941
1.50918
1.50888
1.50857
1.50831
1.50815
1.50811
1.50815
1.50825
1.50836
1.50849
1.50858
1.50865
1.50871
1.50876
1.5088
1.50886
1.50891
1.50897
1.50905
1.50913
1.50924
1.50933
1.50942
1.50949
1.50954
1.50951
1.50942
1.50925
1.50903
1.50879
1.50857
1.50841
1.50833
1.50831
1.50834
1.5084
1.50849
1.50858
1.50868
1.50877
1.50886
1.50894
1.509
1.50904
1.50906
1.50904
1.509
1.50894
1.50886
1.50878
1.50871
1.50863
1.50856
1.50851
1.50848
1.50847
1.50848
1.5085
1.50855
1.5086
1.50868
1.50877
1.50887
1.50898
1.5091
1.50926
1.50943
1.50962
1.5098
1.50995
1.50997
1.50982
1.50943
1.50889
1.50833
1.5079
1.5077
1.50772
1.50786
1.50805
1.50826
1.50844
1.50859
1.50873
1.50885
1.50894
1.50901
1.50907
1.5091
1.5091
1.50906
1.50899
1.50889
1.50879
1.50868
1.50862
1.50859
1.50863
1.50871
1.50881
1.50893
1.50903
1.50913
1.50919
1.50919
1.50916
1.50907
1.50894
1.50877
1.50857
1.50838
1.50821
1.5081
1.50809
1.50814
1.50825
1.50837
1.5085
1.5086
1.50869
1.50876
1.5088
1.50883
1.50886
1.5089
1.50894
1.509
1.50908
1.50917
1.50929
1.50942
1.50956
1.50969
1.50978
1.5098
1.50969
1.50943
1.50905
1.50866
1.50833
1.50815
1.50809
1.50813
1.50822
1.50833
1.50843
1.50853
1.50861
1.50869
1.50877
1.50884
1.5089
1.50897
1.50901
1.50904
1.50903
1.50896
1.50885
1.50872
1.50858
1.50846
1.50838
1.50833
1.50833
1.50836
1.5084
1.50846
1.50851
1.50857
1.50862
1.50867
1.5087
1.50871
1.50873
1.50874
1.50875
1.50876
1.50878
1.50878
1.50879
1.50879
1.5088
1.5088
1.50879
1.50879
1.50878
1.50878
1.50877
1.50877
1.50877
1.50878
1.50879
1.50878
1.50879
1.50881
1.50882
1.50884
1.50884
1.50884
1.50882
1.50879
1.50875
1.5087
1.50865
1.50861
1.50859
1.50858
1.5086
1.50862
1.50866
1.50868
1.5087
1.50871
1.50869
1.50866
1.50862
1.50857
1.50852
1.50848
1.50846
1.50848
1.50851
1.50859
1.50869
1.50883
1.50901
1.50922
1.50945
1.50967
1.50981
1.5098
1.5096
1.50921
1.50873
1.50828
1.50798
1.50786
1.50789
1.50803
1.50821
1.5084
1.5086
1.50876
1.50891
1.509
1.509
1.50894
1.50881
1.50863
1.50846
1.50832
1.50824
1.50822
1.50828
1.50837
1.50849
1.50862
1.50874
1.50884
1.50889
1.5089
1.50886
1.50879
1.50871
1.50862
1.50855
1.50851
1.50847
1.50846
1.50846
1.50847
1.50849
1.50852
1.50855
1.50859
1.50863
1.50867
1.50872
1.50876
1.5088
1.50883
1.50886
1.50889
1.50892
1.50896
1.50901
1.50904
1.50908
1.50912
1.50912
1.5091
1.50904
1.50893
1.5088
1.50867
1.50856
1.5085
1.50849
1.50852
1.50857
1.50862
1.50865
1.50867
1.50866
1.50863
1.50859
1.50856
1.50854
1.50853
1.50856
1.50861
1.50868
1.50875
1.50882
1.50886
1.50885
1.50877
1.50868
1.50859
1.50853
1.50854
1.50859
1.50869
1.5088
1.50889
1.50892
1.50884
1.50867
1.50843
1.50821
1.50804
1.50796
1.50796
1.50801
1.50811
1.50821
1.50832
1.50843
1.50854
1.50865
1.50877
1.5089
1.50905
1.50921
1.50937
1.50951
1.50961
1.50963
1.50954
1.50934
1.50906
1.50876
1.50852
1.50839
1.5084
1.50853
1.50874
1.50894
1.50909
1.50912
1.50902
1.50883
1.50861
1.50845
1.50838
1.5084
1.50849
1.50863
1.5088
1.50897
1.50908
1.50913
1.50905
1.50889
1.50867
1.50845
1.5083
1.50824
1.50827
1.50837
1.5085
1.50863
1.50875
1.50884
1.5089
1.50892
1.50892
1.50889
1.50884
1.50879
1.50875
1.50871
1.50867
1.50865
1.50863
1.50863
1.50862
1.50862
1.50863
1.50863
1.50864
1.50866
1.50868
1.5087
1.50871
1.50873
1.50874
1.50873
1.50871
1.50868
1.50865
1.5086
1.50855
1.50851
1.50849
1.5085
1.50852
1.50859
1.50866
1.50877
1.50889
1.50901
1.50908
1.50909
1.50905
1.50894
1.50882
1.50869
1.50857
1.50848
1.50843
1.50842
1.50842
1.50845
1.50849
1.50855
1.50861
1.50867
1.50872
1.50876
1.50879
1.5088
1.50879
1.50876
1.50873
1.50869
1.50865
1.50862
1.50859
1.50857
1.50856
1.50855
1.50854
1.50854
1.50856
1.50858
1.50861
1.50865
1.5087
1.50874
1.50878
1.50883
1.50888
1.50891
1.50894
1.50893
1.50892
1.50887
1.50884
1.50881
1.50879
1.5088
1.50883
1.50888
1.40184
1.40193
1.40197
1.4019
1.40173
1.40146
1.40114
1.40087
1.4007
1.40067
1.40075
1.40094
1.40115
1.40135
1.4015
1.40155
1.40147
1.40133
1.40118
1.40111
1.40114
1.40125
1.40139
1.40149
1.40152
1.40147
1.40137
1.40123
1.40112
1.40104
1.40102
1.40107
1.4012
1.40138
1.40161
1.40184
1.40202
1.40204
1.4018
1.40134
1.40082
1.40046
1.40037
1.40053
1.40088
1.40127
1.40166
1.40197
1.40212
1.40205
1.40174
1.40132
1.40095
1.40076
1.40077
1.40094
1.40117
1.40141
1.40159
1.40172
1.40177
1.40175
1.40165
1.4015
1.40133
1.4012
1.40111
1.4011
1.40115
1.40124
1.40135
1.40146
1.40155
1.40162
1.40166
1.40168
1.40169
1.40168
1.40164
1.40156
1.40147
1.40137
1.40129
1.40124
1.40121
1.40122
1.40125
1.40131
1.40137
1.40144
1.40149
1.40152
1.4015
1.40144
1.40132
1.40119
1.40108
1.40099
1.40097
1.40101
1.40109
1.4012
1.40132
1.40142
1.40149
1.40154
1.40155
1.40152
1.40147
1.40143
1.40139
1.40137
1.40136
1.40136
1.40138
1.40141
1.40145
1.40148
1.4015
1.40152
1.40154
1.40153
1.40152
1.40151
1.40148
1.40144
1.40141
1.40139
1.40137
1.40136
1.40136
1.40136
1.40137
1.40139
1.40141
1.40142
1.40143
1.40144
1.40145
1.40147
1.40148
1.4015
1.40153
1.40155
1.40156
1.40156
1.40154
1.40149
1.40142
1.40134
1.40125
1.40119
1.40114
1.40112
1.40111
1.40113
1.40115
1.4012
1.40124
1.40129
1.40134
1.40139
1.40143
1.40148
1.40152
1.40152
1.40152
1.4015
1.40149
1.40148
1.40147
1.40146
1.40146
1.40146
1.40146
1.40143
1.4014
1.40135
1.40128
1.40122
1.40117
1.40115
1.40116
1.4012
1.40126
1.40136
1.40145
1.40154
1.4016
1.40164
1.40161
1.40153
1.40143
1.40126
1.40111
1.40101
1.40094
1.40094
1.40098
1.40104
1.40111
1.40118
1.40124
1.4013
1.40134
1.40138
1.40142
1.40144
1.40144
1.40144
1.40144
1.40142
1.40141
1.4014
1.40139
1.40139
1.40139
1.40141
1.40141
1.40141
1.40141
1.40141
1.4014
1.40139
1.40135
1.40128
1.40121
1.40114
1.40106
1.40101
1.40098
1.40098
1.401
1.40106
1.40114
1.40125
1.4014
1.40159
1.40179
1.40198
1.40212
1.40215
1.402
1.40166
1.40123
1.40083
1.40059
1.40052
1.40061
1.40077
1.40093
1.4011
1.40125
1.40135
1.40143
1.40146
1.40145
1.40142
1.40134
1.40126
1.40115
1.40105
1.40097
1.40088
1.40083
1.40079
1.4008
1.40082
1.40089
1.40099
1.40114
1.40131
1.4015
1.40168
1.40179
1.40181
1.40168
1.40146
1.40119
1.40095
1.40079
1.40072
1.4007
1.4007
1.40073
1.40074
1.40077
1.40081
1.40089
1.40098
1.40108
1.4012
1.40131
1.40142
1.4015
1.40157
1.4016
1.40162
1.40161
1.40157
1.40149
1.40137
1.40124
1.40113
1.40107
1.40111
1.40123
1.40145
1.40172
1.40199
1.40222
1.40235
1.40237
1.40223
1.40193
1.40148
1.4009
1.40031
1.39983
1.39957
1.39955
1.39973
1.40002
1.40032
1.40061
1.40086
1.40106
1.40121
1.40132
1.40141
1.40148
1.40154
1.40159
1.40161
1.40163
1.40161
1.40157
1.4015
1.40143
1.40135
1.40131
1.40131
1.40135
1.40142
1.40152
1.40161
1.4017
1.40174
1.40175
1.40172
1.40166
1.40159
1.40152
1.40145
1.40141
1.40137
1.40134
1.40132
1.40131
1.40132
1.40132
1.40132
1.40132
1.40129
1.40125
1.40119
1.40113
1.40108
1.40103
1.401
1.40099
1.40097
1.40098
1.40099
1.40101
1.40104
1.40107
1.40109
1.40113
1.40117
1.40122
1.40126
1.40132
1.40138
1.40145
1.40151
1.40159
1.40166
1.40173
1.40178
1.40181
1.40179
1.40175
1.40167
1.40157
1.40147
1.40141
1.40136
1.40135
1.40135
1.40135
1.40135
1.40134
1.40129
1.40124
1.4012
1.40115
1.4011
1.40108
1.40107
1.40108
1.40111
1.40115
1.4012
1.40125
1.4013
1.40133
1.40136
1.40135
1.40133
1.4013
1.40126
1.40121
1.40117
1.40116
1.40116
1.40116
1.40116
1.40118
1.4012
1.40122
1.40123
1.40125
1.40127
1.4013
1.40133
1.40137
1.40143
1.40148
1.40154
1.40159
1.40164
1.40168
1.40169
1.4017
1.40169
1.40166
1.40161
1.40155
1.40147
1.4014
1.40132
1.40127
1.40122
1.40118
1.40114
1.40114
1.40115
1.40118
1.40123
1.40129
1.4014
1.40153
1.40169
1.40187
1.40204
1.40214
1.40211
1.40192
1.40157
1.40117
1.40085
1.40067
1.40066
1.40077
1.40093
1.40111
1.40127
1.40141
1.40152
1.40162
1.4017
1.40176
1.40181
1.40184
1.40185
1.40184
1.40179
1.40171
1.4016
1.40147
1.40132
1.40118
1.40104
1.40094
1.40087
1.40084
1.40085
1.40086
1.40089
1.40094
1.40099
1.40105
1.40111
1.40116
1.40121
1.40126
1.40131
1.40136
1.40141
1.40147
1.40153
1.40159
1.40165
1.40169
1.40172
1.40173
1.40172
1.40169
1.40162
1.40152
1.40141
1.4013
1.4012
1.40113
1.40109
1.40107
1.40107
1.4011
1.40114
1.4012
1.40125
1.4013
1.40136
1.40142
1.40145
1.40148
1.40149
1.40151
1.40152
1.40155
1.40158
1.40163
1.40168
1.40174
1.40179
1.40181
1.40181
1.40176
1.40166
1.40155
1.40144
1.40133
1.40122
1.40112
1.40104
1.40099
1.40095
1.40092
1.40093
1.40097
1.40103
1.40109
1.40116
1.40123
1.40131
1.40138
1.40144
1.4015
1.40155
1.40159
1.40163
1.40168
1.40171
1.40174
1.40175
1.40175
1.40173
1.40171
1.40166
1.40162
1.40157
1.40153
1.4015
1.40146
1.40142
1.40137
1.40132
1.40127
1.40125
1.40124
1.40127
1.40133
1.4014
1.40147
1.40156
1.40164
1.40172
1.40178
1.40183
1.40185
1.40186
1.40185
1.40181
1.40175
1.40167
1.40157
1.40147
1.40139
1.40134
1.40132
1.40133
1.40139
1.40145
1.40153
1.4016
1.40168
1.40174
1.40176
1.40177
1.40175
1.40168
1.4016
1.40148
1.40135
1.40122
1.40111
1.40104
1.40099
1.401
1.40105
1.40114
1.40126
1.4014
1.40157
1.40175
1.40191
1.40206
1.40214
1.40212
1.402
1.4018
1.40157
1.40136
1.4012
1.40113
1.40112
1.40118
1.40129
1.40142
1.40156
1.40169
1.40181
1.40191
1.402
1.40205
1.40209
1.40209
1.40205
1.40196
1.4018
1.40163
1.40146
1.40135
1.40132
1.40134
1.40139
1.40143
1.40145
1.40144
1.40141
1.40135
1.4013
1.40126
1.40122
1.4012
1.40121
1.40123
1.40126
1.40131
1.40136
1.40141
1.40145
1.4015
1.40153
1.40154
1.40155
1.40155
1.40155
1.40157
1.40158
1.4016
1.40162
1.40168
1.40174
1.40184
1.40196
1.4021
1.40225
1.40237
1.40244
1.40238
1.40215
1.40179
1.40139
1.40107
1.40091
1.40093
1.40106
1.40122
1.40136
1.40143
1.40144
1.4014
1.40133
1.40126
1.40121
1.4012
1.40122
1.40128
1.40137
1.40146
1.40154
1.40162
1.4017
1.40177
1.40185
1.40192
1.402
1.40204
1.40204
1.40199
1.40186
1.40169
1.40148
1.40127
1.40113
1.40107
1.40111
1.40125
1.40148
1.40176
1.40211
1.40251
1.40287
1.40314
1.40315
1.40278
1.40203
1.40113
1.4004
1.40004
1.40003
1.40023
1.40053
1.40082
1.40109
1.40134
1.40154
1.40171
1.40184
1.40191
1.40188
1.40179
1.40164
1.40147
1.40132
1.4012
1.40117
1.40118
1.40123
1.4013
1.40138
1.40145
1.40151
1.40156
1.4016
1.40162
1.40164
1.40166
1.40167
1.40168
1.40168
1.40168
1.40167
1.40165
1.40161
1.40159
1.40155
1.40151
1.40148
1.40146
1.40143
1.4014
1.40139
1.40139
1.40139
1.40139
1.4014
1.40141
1.40143
1.40147
1.4015
1.40154
1.4016
1.40168
1.40175
1.40182
1.40188
1.40193
1.40194
1.4019
1.40181
1.40166
1.4015
1.40137
1.40128
1.40125
1.40129
1.40139
1.40152
1.40167
1.4018
1.40187
1.40188
1.40179
1.40162
1.40144
1.40128
1.40117
1.40115
1.40118
1.40124
1.40131
1.40138
1.40143
1.40149
1.40155
1.40161
1.40165
1.40168
1.40169
1.40167
1.40161
1.40153
1.40143
1.40133
1.40123
1.40115
1.4011
1.40109
1.4011
1.40113
1.40119
1.40125
1.4013
1.40137
1.40143
1.40149
1.40153
1.40156
1.40159
1.40161
1.40163
1.40164
1.40166
1.40167
1.40169
1.40173
1.40179
1.40186
1.40194
1.40203
1.40211
1.40216
1.40214
1.40204
1.40187
1.40164
1.40139
1.40114
1.40092
1.40077
1.40069
1.40069
1.40078
1.4009
1.40103
1.40118
1.40133
1.40147
1.40161
1.40175
1.40187
1.40196
1.40202
1.40203
1.40198
1.40188
1.40176
1.40163
1.40151
1.40145
1.40142
1.40142
1.40142
1.40143
1.40143
1.40141
1.40138
1.40133
1.40127
1.40121
1.40117
1.40113
1.40111
1.40111
1.40112
1.40114
1.40119
1.40124
1.40129
1.40136
1.40143
1.40151
1.40162
1.40176
1.40191
1.40207
1.4022
1.40224
1.40216
1.40197
1.40173
1.40156
1.40154
1.40163
1.40173
1.4017
1.4015
1.40118
1.40086
1.4007
1.40072
1.40088
1.40109
1.4013
1.40149
1.40161
1.40169
1.40172
1.40172
1.40171
1.40168
1.40163
1.40157
1.4015
1.40143
1.40136
1.40131
1.40128
1.40128
1.4013
1.40135
1.40139
1.40145
1.4015
1.40154
1.40157
1.4016
1.40162
1.40162
1.40162
1.40161
1.4016
1.40158
1.40155
1.40151
1.40144
1.40135
1.40127
1.40119
1.40114
1.40114
1.40118
1.40128
1.40142
1.40157
1.40174
1.40191
1.4021
1.40225
1.40237
1.40245
1.40248
1.40247
1.4024
1.40228
1.4021
1.40187
1.42259
1.42237
1.42224
1.42219
1.42221
1.4223
1.42241
1.42257
1.42277
1.42299
1.42321
1.42344
1.42364
1.42377
1.42381
1.4237
1.42349
1.42324
1.423
1.42284
1.42278
1.4228
1.42286
1.42293
1.42298
1.42302
1.42305
1.42307
1.42308
1.4231
1.42311
1.42312
1.42313
1.42314
1.42315
1.42316
1.42317
1.42317
1.42318
1.42319
1.42321
1.42324
1.4233
1.42339
1.42352
1.42366
1.42382
1.42398
1.42411
1.42416
1.42412
1.42399
1.42377
1.42352
1.42326
1.42303
1.42283
1.42267
1.42253
1.42241
1.42232
1.42229
1.42234
1.42245
1.42261
1.42277
1.4229
1.42298
1.42302
1.42305
1.42305
1.42303
1.42303
1.42306
1.4231
1.42317
1.42325
1.42336
1.4235
1.42367
1.42386
1.42407
1.42424
1.42433
1.42422
1.42389
1.42339
1.42289
1.42253
1.4224
1.42244
1.42258
1.42273
1.42287
1.42298
1.42306
1.42312
1.42318
1.42323
1.42326
1.42331
1.42335
1.42339
1.42342
1.42344
1.42344
1.42343
1.42338
1.42333
1.42325
1.42317
1.42309
1.42303
1.42299
1.42296
1.42296
1.42298
1.42302
1.42307
1.42314
1.42322
1.42329
1.42335
1.42337
1.42336
1.42331
1.42322
1.42311
1.42302
1.42295
1.4229
1.42289
1.42292
1.42297
1.42303
1.42311
1.4232
1.42332
1.42343
1.42354
1.42362
1.42365
1.42363
1.42355
1.42341
1.42325
1.42312
1.42304
1.42306
1.42315
1.4233
1.42348
1.42359
1.42357
1.42339
1.42307
1.42271
1.42244
1.42233
1.42236
1.42249
1.42265
1.42282
1.42296
1.42308
1.4232
1.42332
1.42343
1.42353
1.42365
1.42378
1.42389
1.42398
1.424
1.42392
1.42373
1.42348
1.42322
1.42302
1.42291
1.42287
1.42287
1.42289
1.42292
1.42293
1.42293
1.42293
1.42295
1.42297
1.42302
1.42307
1.42311
1.42317
1.4232
1.42322
1.42323
1.42322
1.42318
1.42312
1.42307
1.42302
1.42297
1.42292
1.42288
1.42285
1.42284
1.42285
1.42287
1.42292
1.42299
1.42308
1.42323
1.4234
1.42362
1.4239
1.4242
1.42445
1.42457
1.42445
1.42406
1.42351
1.42294
1.42247
1.42219
1.42207
1.42212
1.42229
1.42256
1.42289
1.42325
1.42358
1.42378
1.42383
1.42366
1.42331
1.42292
1.42263
1.4225
1.42252
1.42262
1.42274
1.42285
1.42294
1.423
1.42304
1.42307
1.42308
1.42311
1.42313
1.42315
1.42318
1.42321
1.42324
1.42328
1.42331
1.42333
1.42335
1.42337
1.42336
1.42337
1.42336
1.42336
1.42336
1.42338
1.42342
1.42347
1.42352
1.42355
1.42356
1.42353
1.42349
1.42344
1.42341
1.42337
1.42331
1.4232
1.42302
1.4228
1.42261
1.42247
1.42243
1.42247
1.42256
1.42269
1.42282
1.42295
1.42306
1.42316
1.42324
1.4233
1.42336
1.42341
1.42344
1.42345
1.42345
1.42345
1.42345
1.42344
1.42344
1.42344
1.42347
1.42351
1.4236
1.42372
1.42385
1.42399
1.42407
1.42406
1.4239
1.4236
1.42322
1.42287
1.42261
1.42248
1.42244
1.42246
1.42253
1.42262
1.42272
1.42281
1.4229
1.42298
1.42304
1.42308
1.42312
1.42315
1.42316
1.42317
1.42316
1.42317
1.42317
1.42318
1.42319
1.4232
1.42322
1.42323
1.42325
1.42327
1.4233
1.42332
1.42333
1.42333
1.42332
1.42329
1.42324
1.42319
1.42314
1.42308
1.42304
1.42302
1.42301
1.42302
1.42303
1.42306
1.42308
1.4231
1.42311
1.42311
1.42309
1.42307
1.42305
1.42304
1.42304
1.42305
1.42305
1.42306
1.42306
1.42306
1.42306
1.42305
1.42303
1.42301
1.423
1.42298
1.42296
1.42295
1.42294
1.42292
1.42291
1.42291
1.42291
1.42291
1.42292
1.42294
1.42298
1.42301
1.42304
1.42308
1.42313
1.42318
1.42322
1.42326
1.42329
1.42331
1.42332
1.42332
1.42331
1.42332
1.42336
1.4234
1.42348
1.42356
1.42359
1.42352
1.42329
1.42294
1.42255
1.42226
1.42212
1.42216
1.4223
1.4225
1.42267
1.42284
1.42298
1.42309
1.42317
1.42326
1.42334
1.42341
1.42348
1.42357
1.42367
1.42377
1.42388
1.42396
1.42401
1.42398
1.42384
1.42358
1.42324
1.42292
1.42266
1.42253
1.42249
1.42254
1.42261
1.42269
1.42276
1.42281
1.42285
1.42288
1.42291
1.42295
1.42299
1.42305
1.42312
1.42319
1.42328
1.42339
1.4235
1.42363
1.42374
1.42383
1.42388
1.42386
1.42374
1.42356
1.42332
1.42308
1.42289
1.42278
1.42274
1.42276
1.4228
1.42287
1.42292
1.42297
1.423
1.42304
1.42306
1.42309
1.42311
1.42313
1.42315
1.42318
1.42321
1.42324
1.42327
1.4233
1.42335
1.42341
1.42346
1.42351
1.42355
1.42357
1.42357
1.42351
1.42342
1.42328
1.42312
1.42299
1.42288
1.42283
1.42283
1.42287
1.42291
1.42297
1.42303
1.42308
1.42311
1.42315
1.42316
1.42317
1.42318
1.42317
1.42317
1.42317
1.42318
1.42318
1.42317
1.42317
1.42316
1.42315
1.42313
1.42313
1.42312
1.4231
1.42308
1.42307
1.42305
1.42304
1.42303
1.42302
1.42301
1.42299
1.42299
1.42299
1.42299
1.42299
1.42299
1.42299
1.42299
1.423
1.42301
1.42301
1.42302
1.42303
1.42305
1.42309
1.42311
1.42314
1.42318
1.42322
1.42327
1.42331
1.42334
1.42336
1.42337
1.42335
1.42331
1.42326
1.42318
1.4231
1.42303
1.42296
1.42291
1.42288
1.42286
1.42286
1.42287
1.4229
1.42294
1.42298
1.42303
1.42305
1.42309
1.42311
1.42311
1.42311
1.42308
1.42305
1.423
1.42296
1.42292
1.42289
1.42288
1.42286
1.42285
1.42284
1.42286
1.42286
1.42286
1.42287
1.42289
1.42292
1.42295
1.42299
1.42304
1.42307
1.42312
1.42317
1.42321
1.42325
1.42328
1.4233
1.42333
1.42337
1.42342
1.42349
1.42353
1.42356
1.42353
1.42341
1.42321
1.42297
1.42272
1.42253
1.42244
1.42243
1.42248
1.42255
1.42263
1.4227
1.42278
1.42283
1.42288
1.42292
1.42296
1.42299
1.42301
1.42303
1.42306
1.42307
1.4231
1.42312
1.42315
1.42316
1.42319
1.4232
1.42323
1.42326
1.42327
1.42329
1.42329
1.4233
1.4233
1.42329
1.42326
1.42321
1.42317
1.42313
1.42306
1.42302
1.42298
1.42294
1.42294
1.42295
1.42297
1.423
1.42304
1.42308
1.42312
1.42318
1.42324
1.4233
1.42337
1.42344
1.42351
1.42355
1.42358
1.42357
1.42351
1.42341
1.42331
1.42319
1.42307
1.42293
1.42282
1.42272
1.42267
1.42268
1.42274
1.42286
1.42299
1.42312
1.42323
1.42333
1.42339
1.42341
1.42341
1.42337
1.42331
1.42323
1.42313
1.42305
1.42297
1.42291
1.42286
1.42283
1.42283
1.42284
1.42288
1.42293
1.42301
1.42309
1.42321
1.42333
1.42345
1.42353
1.42356
1.42351
1.4234
1.42326
1.42312
1.42302
1.42298
1.42299
1.42303
1.42308
1.42312
1.42314
1.42316
1.42317
1.42317
1.42316
1.42317
1.42317
1.42318
1.42319
1.42321
1.42325
1.42331
1.42339
1.42346
1.42349
1.42345
1.4233
1.42311
1.42292
1.42279
1.42275
1.42279
1.4229
1.42301
1.42309
1.42314
1.42316
1.42315
1.42314
1.42312
1.42312
1.42311
1.42312
1.42313
1.42313
1.42316
1.42319
1.42323
1.42328
1.42333
1.42338
1.42342
1.42344
1.42342
1.4234
1.42336
1.4233
1.42325
1.42318
1.42313
1.42308
1.42305
1.42303
1.42302
1.42303
1.42305
1.42309
1.42313
1.42317
1.42321
1.42324
1.42329
1.42332
1.42333
1.42334
1.42334
1.42333
1.42333
1.42332
1.42331
1.42331
1.4233
1.42327
1.42324
1.42321
1.42318
1.42315
1.42313
1.42312
1.42311
1.42311
1.42313
1.42317
1.42319
1.42322
1.42324
1.42326
1.42327
1.42327
1.42325
1.42322
1.42319
1.42317
1.42314
1.42312
1.42311
1.42311
1.42313
1.42317
1.42321
1.42325
1.4233
1.42336
1.42342
1.42348
1.42353
1.42357
1.4236
1.42359
1.42357
1.4235
1.42342
1.4233
1.42317
1.42305
1.42296
1.42288
1.42285
1.42285
1.42289
1.42295
1.42302
1.42308
1.42313
1.42313
1.42312
1.42306
1.423
1.42294
1.42288
1.42285
1.42287
1.4229
1.42295
1.42301
1.42307
1.4231
1.42314
1.42315
1.42313
1.42309
1.42304
1.42299
1.42294
1.42291
1.42289
1.42289
1.4229
1.42293
1.42297
1.42301
1.42307
1.42313
1.42319
1.42325
1.42331
1.42337
1.42341
1.42345
1.42344
1.42338
1.42327
1.42312
1.42296
1.42281
1.42271
1.42268
1.4227
1.42279
1.42291
1.42304
1.42319
1.42334
1.42347
1.42358
1.42367
1.4237
1.42366
1.42355
1.42342
1.42327
1.42315
1.42309
1.42309
1.42311
1.42313
1.42312
1.42306
1.42298
1.4229
1.42284
1.42283
1.42284
1.42287
1.42293
1.423
1.42306
1.42311
1.42316
1.4232
1.42324
1.42327
1.42327
1.42325
1.42321
1.42316
1.4231
1.42304
1.423
1.42297
1.42297
1.42299
1.42303
1.42306
1.4231
1.42314
1.42316
1.42316
1.42315
1.42313
1.42311
1.42312
1.42313
1.42315
1.42317
1.42319
1.42321
1.42321
1.42321
1.4232
1.42317
1.42316
1.42315
1.42317
1.42318
1.42321
1.42325
1.4233
1.42335
1.42338
1.42341
1.42345
1.42349
1.42351
1.42353
1.42354
1.42351
1.42344
1.42333
1.42317
1.42302
1.42291
1.42283
1.4228
1.4228
1.42282
1.42284
1.42287
1.42289
1.42291
1.42292
1.42295
1.42296
1.42298
1.42299
1.42302
1.42304
1.42306
1.42309
1.42312
1.42315
1.42317
1.42319
1.42321
1.42325
1.42327
1.42329
1.42332
1.42334
1.42335
1.42334
1.42334
1.42332
1.42331
1.42329
1.42326
1.42323
1.4232
1.42319
1.40513
1.40511
1.40509
1.40511
1.40513
1.40515
1.40518
1.40519
1.40519
1.40517
1.40513
1.4051
1.40507
1.40506
1.40506
1.40506
1.40508
1.40509
1.40512
1.40513
1.40515
1.40518
1.40521
1.40528
1.40537
1.40548
1.40561
1.40575
1.40586
1.40593
1.40589
1.40573
1.40544
1.40508
1.40474
1.40449
1.40437
1.40436
1.40445
1.40459
1.40477
1.40492
1.40506
1.40517
1.40524
1.40527
1.40526
1.40523
1.40519
1.40517
1.40515
1.40517
1.4052
1.40523
1.40522
1.40519
1.40512
1.40503
1.40495
1.40487
1.40485
1.40485
1.40489
1.40495
1.40502
1.40508
1.40515
1.4052
1.40524
1.40527
1.40528
1.4053
1.4053
1.4053
1.40529
1.40527
1.40524
1.40522
1.40519
1.40517
1.40517
1.40517
1.40516
1.40516
1.40512
1.40504
1.40491
1.40477
1.40461
1.4045
1.40444
1.40443
1.40449
1.40457
1.40465
1.40474
1.40482
1.40491
1.40499
1.40506
1.40513
1.4052
1.40528
1.40536
1.40544
1.40551
1.40555
1.40558
1.40556
1.40554
1.40551
1.40546
1.40541
1.40536
1.4053
1.40522
1.40516
1.4051
1.40506
1.40503
1.40503
1.40504
1.40509
1.40515
1.40521
1.40524
1.40523
1.40517
1.40506
1.40495
1.40485
1.40481
1.40482
1.40487
1.40495
1.40507
1.40518
1.40528
1.40538
1.40546
1.40552
1.40555
1.40556
1.40553
1.40547
1.40537
1.40527
1.40517
1.40506
1.40497
1.40489
1.40483
1.40479
1.40475
1.40475
1.40477
1.40484
1.40493
1.40504
1.40518
1.40533
1.40547
1.4056
1.40573
1.40585
1.40591
1.40595
1.40595
1.40589
1.40576
1.40558
1.40537
1.40514
1.40494
1.40478
1.40469
1.40466
1.40467
1.40469
1.40474
1.40479
1.40485
1.4049
1.40496
1.40501
1.40506
1.40511
1.40515
1.40518
1.40518
1.40519
1.40519
1.40519
1.40518
1.40516
1.40514
1.40512
1.4051
1.40508
1.40507
1.40505
1.40504
1.40503
1.40503
1.40504
1.40506
1.4051
1.40514
1.40519
1.40526
1.40533
1.40542
1.40551
1.40558
1.40563
1.40562
1.40557
1.40544
1.40527
1.40509
1.40493
1.40484
1.40483
1.40492
1.40506
1.40524
1.40539
1.40546
1.40539
1.40517
1.40483
1.40448
1.40422
1.40411
1.40414
1.40423
1.40436
1.4045
1.40462
1.40471
1.40478
1.40483
1.40488
1.4049
1.40494
1.40497
1.40501
1.40504
1.40506
1.4051
1.40512
1.40514
1.40517
1.40519
1.40521
1.40524
1.40528
1.40532
1.40538
1.40548
1.4056
1.40571
1.40578
1.40578
1.40567
1.40546
1.40514
1.4048
1.40453
1.40436
1.40432
1.40437
1.40447
1.40461
1.40474
1.40485
1.40496
1.40505
1.40511
1.40516
1.40519
1.4052
1.40522
1.40522
1.40523
1.40524
1.40526
1.40528
1.4053
1.40532
1.40533
1.40532
1.40528
1.40522
1.40517
1.40511
1.40506
1.40502
1.40497
1.40491
1.40487
1.40481
1.40478
1.40477
1.40481
1.40487
1.40497
1.40506
1.40517
1.40525
1.40532
1.40534
1.40533
1.4053
1.40526
1.40525
1.40527
1.40533
1.40544
1.4056
1.40575
1.40588
1.40594
1.40589
1.40572
1.40545
1.40515
1.40486
1.40467
1.40456
1.40458
1.40465
1.40475
1.40485
1.40494
1.40499
1.40502
1.40503
1.40502
1.40501
1.40499
1.40496
1.40494
1.40492
1.40492
1.40492
1.40493
1.40494
1.40496
1.40497
1.40499
1.40501
1.40504
1.40505
1.40507
1.40509
1.40512
1.40515
1.40518
1.40524
1.40528
1.40535
1.40542
1.40546
1.40549
1.40551
1.40548
1.40541
1.40531
1.40518
1.40503
1.40489
1.40476
1.40467
1.40462
1.4046
1.40461
1.40463
1.40467
1.4047
1.40473
1.40477
1.40481
1.40483
1.40485
1.40487
1.40489
1.40492
1.40494
1.40495
1.40497
1.40497
1.405
1.405
1.40502
1.40504
1.40507
1.40511
1.40517
1.40522
1.40528
1.40532
1.40535
1.40536
1.40534
1.40528
1.4052
1.40512
1.40503
1.40495
1.40492
1.40487
1.4048
1.40472
1.40465
1.40458
1.40453
1.40452
1.40455
1.40462
1.40469
1.40477
1.40485
1.40493
1.40499
1.40507
1.40514
1.40521
1.40528
1.40536
1.40541
1.40541
1.40536
1.40524
1.40508
1.40493
1.40481
1.40474
1.40474
1.40476
1.4048
1.40484
1.40487
1.40488
1.40488
1.40488
1.40487
1.40486
1.40488
1.40489
1.40489
1.4049
1.40489
1.40488
1.40488
1.40487
1.40488
1.40489
1.40492
1.40497
1.40504
1.4051
1.40516
1.40522
1.40528
1.40531
1.40534
1.40533
1.40531
1.40527
1.40522
1.40519
1.40516
1.40512
1.4051
1.40509
1.40505
1.40499
1.4049
1.40479
1.40467
1.40459
1.40455
1.40456
1.40461
1.40469
1.40478
1.40486
1.40493
1.40499
1.40504
1.40508
1.40512
1.40512
1.40513
1.40513
1.40513
1.40512
1.40511
1.4051
1.4051
1.4051
1.40509
1.40508
1.40507
1.40506
1.40504
1.40501
1.40499
1.40496
1.40496
1.40495
1.40495
1.40497
1.40503
1.4051
1.4052
1.40531
1.40543
1.40553
1.40556
1.40552
1.4054
1.40519
1.40495
1.40474
1.4046
1.40453
1.40453
1.40458
1.40464
1.4047
1.40475
1.40478
1.4048
1.4048
1.40479
1.40479
1.4048
1.40483
1.40489
1.405
1.40516
1.4054
1.40572
1.40615
1.40666
1.40715
1.40742
1.40721
1.40642
1.4053
1.40435
1.40389
1.40387
1.40405
1.40423
1.40431
1.40432
1.40431
1.40432
1.40439
1.40452
1.40469
1.40486
1.40502
1.40514
1.40521
1.40522
1.40518
1.4051
1.405
1.40492
1.40486
1.40483
1.40484
1.40486
1.40489
1.40493
1.40496
1.405
1.40504
1.40509
1.40513
1.40517
1.40521
1.40526
1.4053
1.40534
1.40537
1.40541
1.40543
1.40542
1.4054
1.40535
1.40528
1.40519
1.40511
1.40503
1.40498
1.40494
1.40493
1.40494
1.40495
1.40497
1.40498
1.40499
1.405
1.40502
1.40503
1.40504
1.40505
1.40505
1.40505
1.40504
1.40505
1.40505
1.40506
1.40506
1.40504
1.40504
1.40504
1.40504
1.40504
1.40505
1.40505
1.40505
1.40505
1.40506
1.40507
1.40508
1.40508
1.40509
1.4051
1.40512
1.40513
1.40515
1.40518
1.4052
1.40521
1.40522
1.40526
1.40528
1.4053
1.40531
1.40529
1.40527
1.40524
1.40518
1.40509
1.40501
1.40493
1.40487
1.40485
1.40485
1.40488
1.40491
1.40495
1.40501
1.40507
1.40513
1.40516
1.4052
1.40522
1.40524
1.40526
1.40526
1.40525
1.40523
1.40518
1.40512
1.40507
1.405
1.40495
1.40491
1.40489
1.40487
1.40488
1.40489
1.4049
1.40494
1.40497
1.405
1.40502
1.40504
1.40507
1.40507
1.40508
1.40508
1.40509
1.40511
1.40513
1.40515
1.40518
1.40521
1.40525
1.40528
1.4053
1.40531
1.40531
1.40528
1.40522
1.40514
1.40506
1.40499
1.40493
1.4049
1.40488
1.4049
1.40494
1.40499
1.40504
1.40509
1.40515
1.4052
1.40525
1.40529
1.4053
1.40529
1.40527
1.40522
1.40515
1.40506
1.40498
1.40491
1.40485
1.40481
1.40481
1.40484
1.40492
1.40502
1.40513
1.40528
1.40542
1.4055
1.40551
1.40541
1.40521
1.40493
1.40466
1.40448
1.40442
1.40447
1.40459
1.40474
1.40489
1.40505
1.4052
1.40533
1.40544
1.40553
1.4056
1.40564
1.40564
1.4056
1.40554
1.40548
1.40546
1.40549
1.40558
1.40571
1.40587
1.406
1.40603
1.40591
1.4056
1.40513
1.40461
1.40417
1.4039
1.40382
1.4039
1.40407
1.40427
1.40446
1.40461
1.40474
1.40484
1.40493
1.40501
1.40508
1.40515
1.40522
1.40526
1.4053
1.40534
1.40536
1.40538
1.40539
1.40541
1.40543
1.40545
1.40548
1.40549
1.40549
1.40548
1.40543
1.40533
1.40521
1.40507
1.40493
1.40481
1.40474
1.40471
1.40472
1.40478
1.40486
1.40495
1.40506
1.40518
1.40531
1.40546
1.40561
1.40575
1.40588
1.40598
1.40602
1.40599
1.4059
1.40573
1.40551
1.40527
1.40503
1.40481
1.40462
1.4045
1.40443
1.40444
1.40448
1.40457
1.40468
1.40482
1.40495
1.40507
1.40518
1.40528
1.40537
1.40546
1.40553
1.4056
1.40566
1.40573
1.40579
1.40584
1.40584
1.40575
1.40556
1.40528
1.40496
1.40466
1.40446
1.40437
1.40436
1.40443
1.40454
1.40466
1.40476
1.40487
1.40497
1.40505
1.40513
1.40519
1.40525
1.40531
1.40535
1.40538
1.4054
1.4054
1.4054
1.40538
1.40537
1.40532
1.40527
1.40522
1.40515
1.4051
1.40504
1.40499
1.40495
1.40492
1.4049
1.40488
1.40487
1.40485
1.40485
1.40483
1.40482
1.4048
1.40479
1.40478
1.40478
1.40481
1.40483
1.40486
1.40491
1.40497
1.40504
1.40512
1.40522
1.40532
1.40545
1.4056
1.40576
1.40591
1.40602
1.40602
1.4059
1.40565
1.40533
1.40502
1.4048
1.40472
1.40474
1.40482
1.40492
1.40499
1.40504
1.40503
1.40497
1.40489
1.40479
1.40469
1.40462
1.40458
1.40458
1.40462
1.40466
1.40472
1.40478
1.40484
1.40491
1.40496
1.40503
1.40511
1.40519
1.40527
1.40538
1.40551
1.40565
1.40581
1.40596
1.40608
1.40612
1.40604
1.40582
1.40552
1.4052
1.40493
1.40475
1.40467
1.40466
1.4047
1.40478
1.40486
1.40494
1.40503
1.40509
1.40514
1.40518
1.40521
1.40523
1.40524
1.40523
1.40521
1.4052
1.40517
1.40515
1.40513
1.40512
1.40512
1.40512
1.40511
1.40509
1.40508
1.40507
1.40506
1.40504
1.40505
1.40506
1.40508
1.4051
1.40513
1.40517
1.40522
1.40528
1.40536
1.40544
1.40552
1.40558
1.4056
1.40555
1.40543
1.40524
1.40503
1.40485
1.40474
1.40472
1.40475
1.40484
1.40496
1.40417
1.40421
1.40424
1.40425
1.40425
1.40423
1.40421
1.40419
1.40416
1.40415
1.40416
1.40418
1.40423
1.40427
1.4043
1.40432
1.40431
1.40428
1.40421
1.40412
1.40401
1.40393
1.40385
1.4038
1.40379
1.4038
1.40382
1.40384
1.40388
1.40391
1.40393
1.40396
1.40397
1.40397
1.40398
1.40399
1.40399
1.404
1.404
1.40401
1.40401
1.40403
1.40404
1.40407
1.40411
1.40417
1.40425
1.40434
1.40443
1.40452
1.4046
1.40466
1.40466
1.40461
1.40451
1.40436
1.40419
1.40401
1.40387
1.40377
1.40373
1.40377
1.40389
1.40406
1.40426
1.40446
1.40463
1.40476
1.40482
1.4048
1.40472
1.40457
1.40441
1.40425
1.40412
1.40403
1.40397
1.4039
1.40382
1.40371
1.40358
1.40347
1.40339
1.40338
1.40342
1.40351
1.40366
1.40381
1.40395
1.4041
1.40423
1.40435
1.40445
1.40452
1.40455
1.40456
1.40453
1.40447
1.4044
1.40432
1.40426
1.40423
1.4042
1.40419
1.40418
1.40415
1.40412
1.40406
1.404
1.40395
1.40393
1.40395
1.404
1.4041
1.40422
1.40435
1.40448
1.40457
1.40463
1.40462
1.40455
1.40441
1.40423
1.40406
1.40393
1.40384
1.40378
1.40376
1.40378
1.4038
1.40385
1.40391
1.40397
1.40404
1.40409
1.40413
1.40417
1.40419
1.40419
1.40419
1.40419
1.40419
1.4042
1.40421
1.40421
1.40422
1.40421
1.4042
1.40418
1.40416
1.40412
1.40409
1.40407
1.40407
1.40406
1.40405
1.40405
1.40404
1.40404
1.40405
1.40406
1.40409
1.40414
1.40422
1.40433
1.40445
1.40456
1.40465
1.40469
1.40466
1.40456
1.40442
1.40423
1.40406
1.40392
1.40382
1.40376
1.40373
1.40372
1.40374
1.40374
1.40375
1.40376
1.40378
1.40381
1.40383
1.40386
1.40391
1.40394
1.40398
1.40402
1.40406
1.40407
1.40408
1.40409
1.40409
1.40411
1.40411
1.40413
1.40413
1.40414
1.40416
1.40417
1.40418
1.4042
1.40421
1.40421
1.40421
1.40422
1.40422
1.40423
1.40423
1.40422
1.40421
1.40421
1.4042
1.40419
1.40417
1.40416
1.40415
1.40414
1.40414
1.40414
1.40415
1.40417
1.4042
1.40424
1.4043
1.40436
1.40443
1.40453
1.40464
1.40476
1.40488
1.40499
1.40508
1.40514
1.40512
1.40501
1.40476
1.40438
1.40389
1.40341
1.40304
1.40285
1.40283
1.40295
1.40314
1.40333
1.40353
1.4037
1.40386
1.404
1.40413
1.40425
1.40436
1.40446
1.40455
1.40463
1.40468
1.40471
1.40469
1.40462
1.40451
1.40437
1.40422
1.40411
1.40404
1.40403
1.40406
1.40412
1.40418
1.40422
1.40423
1.40421
1.40415
1.40409
1.40401
1.40395
1.40391
1.4039
1.40391
1.40395
1.40402
1.40408
1.40416
1.40424
1.40433
1.40442
1.40452
1.40463
1.40476
1.40487
1.40498
1.40504
1.40501
1.40488
1.40463
1.40435
1.40412
1.40397
1.40392
1.40395
1.40399
1.40402
1.40403
1.40402
1.40402
1.40403
1.40407
1.40411
1.40415
1.40417
1.40415
1.40406
1.40396
1.40386
1.40386
1.40396
1.40415
1.40437
1.40453
1.40454
1.4044
1.4041
1.40379
1.40357
1.4035
1.40357
1.40373
1.4039
1.40407
1.40421
1.40431
1.40439
1.40445
1.40447
1.40447
1.40444
1.40441
1.40435
1.4043
1.40425
1.4042
1.40418
1.40416
1.40419
1.40424
1.40431
1.40439
1.40448
1.40456
1.40462
1.40465
1.40461
1.40452
1.40433
1.40407
1.40378
1.40353
1.40337
1.40332
1.40338
1.4035
1.40366
1.40382
1.40398
1.40412
1.40424
1.40434
1.4044
1.40442
1.40442
1.40438
1.40434
1.40427
1.40421
1.40417
1.40413
1.40412
1.40411
1.40412
1.40413
1.40414
1.40415
1.40415
1.40415
1.40414
1.40412
1.4041
1.40409
1.40409
1.40411
1.40416
1.40422
1.4043
1.40441
1.40456
1.4047
1.40482
1.40485
1.40478
1.40459
1.40429
1.40394
1.40366
1.40349
1.40344
1.40349
1.40359
1.40371
1.40382
1.40393
1.40403
1.40412
1.40421
1.40431
1.40441
1.40454
1.40467
1.4048
1.40494
1.40508
1.40516
1.40516
1.40504
1.40477
1.40438
1.40395
1.40356
1.40328
1.40314
1.40315
1.40325
1.40341
1.40361
1.40381
1.40399
1.40415
1.40429
1.40438
1.40443
1.40443
1.40438
1.4043
1.40421
1.40413
1.40408
1.40405
1.40405
1.40408
1.40412
1.40417
1.40422
1.40427
1.40433
1.40439
1.40444
1.40447
1.40446
1.40441
1.40432
1.40418
1.40402
1.40386
1.40374
1.40368
1.40369
1.40375
1.40384
1.40395
1.40409
1.40422
1.40435
1.40448
1.4046
1.40469
1.40477
1.4048
1.40479
1.40474
1.40465
1.40454
1.40443
1.40433
1.40423
1.40415
1.40408
1.40404
1.404
1.40398
1.40394
1.40394
1.40397
1.40405
1.40418
1.40435
1.40454
1.40473
1.40489
1.40501
1.40505
1.40503
1.40494
1.4048
1.40464
1.40445
1.40424
1.40403
1.40383
1.40366
1.40354
1.40349
1.40353
1.40365
1.40385
1.40411
1.40439
1.40469
1.40495
1.40512
1.40511
1.40486
1.40443
1.40398
1.40365
1.40352
1.40357
1.40372
1.4039
1.40406
1.40419
1.4043
1.40436
1.40441
1.40444
1.40445
1.40447
1.40447
1.40447
1.40446
1.40446
1.40444
1.40442
1.40439
1.40436
1.40432
1.40428
1.40423
1.40418
1.40413
1.40409
1.40405
1.40403
1.40401
1.404
1.404
1.40401
1.40401
1.40402
1.40404
1.40407
1.40411
1.40416
1.40423
1.40432
1.40443
1.40455
1.40468
1.40479
1.40488
1.40491
1.40489
1.40481
1.4047
1.40457
1.40445
1.40437
1.40432
1.4043
1.40429
1.40426
1.4042
1.40407
1.40393
1.40378
1.40365
1.40357
1.40356
1.4036
1.40369
1.4038
1.40392
1.40402
1.40411
1.40418
1.40421
1.40423
1.40424
1.40423
1.40421
1.40419
1.40416
1.40413
1.40412
1.40411
1.40409
1.40408
1.40408
1.40409
1.40409
1.40409
1.40412
1.40415
1.40418
1.40423
1.40428
1.40436
1.40443
1.40451
1.40459
1.40466
1.40469
1.40465
1.40456
1.40442
1.40424
1.40405
1.4039
1.4038
1.40377
1.4038
1.40387
1.40398
1.4041
1.40422
1.40432
1.40439
1.40442
1.4044
1.40434
1.40424
1.40411
1.40399
1.4039
1.40385
1.40385
1.40388
1.40395
1.40404
1.40415
1.40428
1.40442
1.40458
1.40473
1.40489
1.40504
1.40519
1.40531
1.40539
1.4054
1.40531
1.40507
1.40469
1.4042
1.40367
1.40319
1.40286
1.4027
1.40269
1.40281
1.40299
1.4032
1.4034
1.40359
1.40376
1.40392
1.40406
1.40417
1.40426
1.40433
1.40438
1.40442
1.40443
1.40444
1.40444
1.40443
1.40445
1.40449
1.40452
1.40457
1.40462
1.40463
1.40462
1.40456
1.40442
1.40427
1.40412
1.404
1.40395
1.40395
1.40399
1.40407
1.40415
1.40422
1.40427
1.40432
1.40433
1.40434
1.40434
1.40433
1.40433
1.40432
1.40432
1.40432
1.40432
1.40433
1.40434
1.40434
1.40434
1.40433
1.40432
1.4043
1.40427
1.40423
1.40418
1.40412
1.40408
1.40404
1.40403
1.40401
1.40401
1.40402
1.40405
1.40407
1.40408
1.40409
1.4041
1.40411
1.40412
1.40412
1.40413
1.40413
1.40413
1.40413
1.40412
1.40411
1.40411
1.4041
1.4041
1.4041
1.40411
1.4041
1.40411
1.40412
1.40414
1.40416
1.40418
1.40422
1.40426
1.4043
1.40435
1.4044
1.40443
1.40446
1.40448
1.40448
1.40444
1.40437
1.40427
1.40418
1.40407
1.40398
1.40391
1.40387
1.40385
1.40387
1.4039
1.40396
1.40402
1.40408
1.40414
1.40419
1.4042
1.4042
1.40417
1.40411
1.40404
1.40397
1.40391
1.40388
1.40386
1.40387
1.4039
1.40395
1.40403
1.40412
1.40422
1.40433
1.40445
1.40456
1.40461
1.40459
1.4045
1.40433
1.40414
1.40396
1.40384
1.40378
1.40379
1.40383
1.4039
1.40397
1.40402
1.40406
1.40408
1.40409
1.40407
1.40405
1.40404
1.40404
1.40404
1.40406
1.4041
1.40413
1.40418
1.40423
1.40428
1.40431
1.40434
1.40437
1.4044
1.40439
1.40437
1.40434
1.40429
1.40423
1.40418
1.40413
1.40408
1.40404
1.40403
1.40401
1.404
1.404
1.404
1.40401
1.40402
1.40404
1.40405
1.40407
1.40408
1.40408
1.40407
1.40408
1.40407
1.40407
1.40406
1.40407
1.40406
1.40405
1.40405
1.40404
1.40404
1.40403
1.40402
1.40402
1.40401
1.40401
1.40401
1.40401
1.40402
1.40404
1.40406
1.40411
1.40416
1.40423
1.40432
1.40441
1.40451
1.4046
1.40465
1.40463
1.40456
1.40443
1.40429
1.40415
1.40406
1.40399
1.40396
1.40396
1.40398
1.40403
1.4041
1.40421
1.40433
1.40446
1.40458
1.40466
1.40468
1.40463
1.40451
1.40434
1.40418
1.40404
1.40393
1.40383
1.4037
1.40356
1.40342
1.40329
1.40323
1.40325
1.40333
1.40345
1.40358
1.40372
1.40384
1.40394
1.40403
1.40409
1.40415
1.4042
1.40426
1.40431
1.40438
1.40447
1.40459
1.40475
1.40496
1.40518
1.40535
1.40541
1.40523
1.40477
1.40414
1.40356
1.40322
1.40314
1.40325
1.40343
1.40362
1.40376
1.40387
1.40395
1.404
1.40403
1.40404
1.40405
1.40406
1.40407
1.40408
1.4041
1.40412
1.40415
1.40417
1.4042
1.40422
1.40424
1.40425
1.40425
1.40424
1.40424
1.40421
1.40418
1.40415
1.40412
1.40409
1.40407
1.40405
1.40405
1.40406
1.40408
1.40411
1.40413
1.40415
1.40416
1.40414
1.40411
1.40406
1.40402
1.40399
1.40397
1.40395
1.40395
1.40394
1.40393
1.40392
1.4039
1.40387
1.40386
1.40385
1.40386
1.40392
1.40399
1.40407
1.40416
1.40425
1.40433
1.40439
1.48368
1.48366
1.4836
1.48349
1.48336
1.48324
1.48314
1.48306
1.48301
1.483
1.483
1.48303
1.48309
1.48315
1.48323
1.48331
1.4834
1.4835
1.48359
1.48367
1.48371
1.4837
1.48364
1.48352
1.48336
1.4832
1.48305
1.48296
1.48294
1.48297
1.48303
1.48313
1.48323
1.48334
1.48344
1.48353
1.48362
1.48367
1.48371
1.48371
1.48368
1.48363
1.48356
1.48348
1.48342
1.48338
1.48336
1.48336
1.48336
1.48336
1.48335
1.48331
1.48326
1.48318
1.48308
1.48301
1.48297
1.48295
1.48296
1.483
1.48305
1.4831
1.48316
1.48322
1.48328
1.48333
1.48338
1.48341
1.48345
1.48349
1.48352
1.48356
1.4836
1.48363
1.48366
1.48368
1.48367
1.48367
1.48364
1.4836
1.48354
1.48349
1.48346
1.48344
1.48346
1.4835
1.48354
1.4836
1.48364
1.48368
1.48366
1.48359
1.48345
1.48327
1.48306
1.48289
1.48275
1.4827
1.4827
1.48273
1.4828
1.48286
1.48292
1.48298
1.48303
1.48309
1.48316
1.48323
1.48331
1.4834
1.48349
1.48359
1.48365
1.48368
1.48367
1.4836
1.48352
1.48343
1.48337
1.48336
1.48338
1.48347
1.4836
1.48376
1.48393
1.48406
1.48409
1.48394
1.4836
1.48315
1.48276
1.48253
1.48251
1.48262
1.48281
1.48301
1.48318
1.4833
1.48339
1.48345
1.48348
1.4835
1.48351
1.4835
1.48347
1.48342
1.48334
1.48324
1.48313
1.48303
1.48295
1.48294
1.48297
1.48307
1.48322
1.48342
1.48365
1.48387
1.48406
1.48419
1.48422
1.48416
1.48405
1.4839
1.48372
1.48347
1.48317
1.4829
1.48274
1.48274
1.48287
1.48307
1.48325
1.4834
1.48348
1.48352
1.48352
1.48347
1.48342
1.48337
1.48332
1.48328
1.48326
1.48325
1.48326
1.48328
1.48329
1.48331
1.48332
1.48333
1.48334
1.48335
1.48336
1.48337
1.48339
1.48341
1.48341
1.48343
1.48344
1.48344
1.48343
1.48341
1.48339
1.48337
1.48336
1.48334
1.48333
1.48333
1.48334
1.48335
1.48336
1.48337
1.48339
1.48341
1.48342
1.48345
1.48347
1.48349
1.48354
1.4836
1.48366
1.48373
1.48382
1.48391
1.48395
1.48394
1.48385
1.48367
1.48343
1.48319
1.48301
1.4829
1.48287
1.4829
1.48297
1.48305
1.48312
1.48319
1.48326
1.48333
1.4834
1.48347
1.48355
1.48362
1.4837
1.48374
1.48376
1.48372
1.48363
1.4835
1.48334
1.4832
1.48308
1.48302
1.48299
1.483
1.48302
1.48306
1.48309
1.48311
1.48313
1.48314
1.48315
1.48316
1.48317
1.48318
1.48321
1.48324
1.4833
1.48335
1.48342
1.4835
1.48359
1.4837
1.48381
1.4839
1.48395
1.48392
1.48378
1.48353
1.48326
1.483
1.48282
1.48273
1.48275
1.48282
1.48292
1.48302
1.4831
1.48316
1.48321
1.48324
1.48324
1.48325
1.48325
1.48326
1.48326
1.48329
1.48334
1.4834
1.48349
1.4836
1.48372
1.48381
1.48384
1.48381
1.48368
1.48349
1.48326
1.48305
1.4829
1.48279
1.48273
1.48272
1.48274
1.4828
1.4829
1.48303
1.48314
1.48325
1.48335
1.48343
1.48347
1.4835
1.48353
1.48353
1.48353
1.48353
1.48351
1.48349
1.48347
1.48344
1.48341
1.48337
1.48333
1.48329
1.48325
1.48323
1.48322
1.48321
1.48321
1.48322
1.48323
1.48324
1.48324
1.48325
1.48325
1.48325
1.48325
1.48325
1.48325
1.48325
1.48327
1.48327
1.48327
1.48329
1.48329
1.48329
1.48329
1.48329
1.48328
1.48327
1.48325
1.48322
1.48319
1.48317
1.48317
1.4832
1.48324
1.48333
1.48344
1.4836
1.48377
1.48392
1.48403
1.48406
1.48396
1.48378
1.48354
1.48336
1.48326
1.48327
1.48334
1.48344
1.48351
1.48353
1.4835
1.48344
1.48333
1.48321
1.4831
1.48301
1.48294
1.48291
1.48291
1.48294
1.48301
1.48308
1.48316
1.48324
1.48329
1.48333
1.48336
1.48337
1.48335
1.48334
1.48334
1.48335
1.48337
1.48343
1.48347
1.48352
1.48354
1.48351
1.48345
1.48334
1.48322
1.48309
1.48298
1.48292
1.4829
1.48291
1.48296
1.48303
1.48309
1.48318
1.48325
1.48331
1.48336
1.48339
1.48342
1.48344
1.48347
1.4835
1.48353
1.48357
1.48362
1.48368
1.48375
1.48383
1.48392
1.48398
1.48404
1.48404
1.48399
1.48388
1.4837
1.48348
1.48325
1.48305
1.48289
1.48281
1.4828
1.48282
1.48287
1.48293
1.48297
1.48302
1.48306
1.48309
1.48313
1.48315
1.48318
1.48321
1.48325
1.48331
1.48337
1.48341
1.48343
1.48344
1.48343
1.4834
1.48336
1.48333
1.48332
1.48334
1.48337
1.4834
1.48346
1.48352
1.48357
1.48362
1.48365
1.48368
1.48369
1.48369
1.48369
1.48366
1.48362
1.48354
1.48344
1.48329
1.48312
1.48296
1.48284
1.48277
1.48277
1.48282
1.48291
1.48302
1.48314
1.48325
1.48335
1.48345
1.48351
1.48355
1.48358
1.48358
1.48359
1.48359
1.48359
1.4836
1.48364
1.48368
1.48373
1.48377
1.48378
1.48373
1.4836
1.48341
1.48318
1.48296
1.48282
1.48276
1.48278
1.48286
1.48298
1.48309
1.48321
1.48332
1.48342
1.48352
1.48359
1.48365
1.48369
1.48371
1.4837
1.48367
1.48361
1.48356
1.4835
1.48343
1.48338
1.48334
1.4833
1.48327
1.48326
1.48326
1.48328
1.48332
1.4834
1.48354
1.48373
1.48398
1.48426
1.48453
1.48469
1.48467
1.48448
1.48422
1.48398
1.48381
1.48364
1.48341
1.48316
1.48294
1.4828
1.48272
1.48272
1.48279
1.48292
1.48305
1.4832
1.48331
1.48342
1.4835
1.48355
1.48362
1.48368
1.48375
1.48384
1.48396
1.48413
1.48432
1.48449
1.48457
1.48445
1.48408
1.48352
1.48297
1.4826
1.4825
1.4826
1.48281
1.48303
1.48323
1.48339
1.4835
1.48359
1.48365
1.48369
1.48372
1.48373
1.48374
1.48373
1.4837
1.48367
1.48361
1.48356
1.48348
1.48342
1.48337
1.48334
1.48332
1.48332
1.48332
1.48333
1.48335
1.48336
1.48338
1.48341
1.48345
1.48349
1.48354
1.48359
1.48364
1.4837
1.48375
1.48378
1.48381
1.48383
1.48383
1.48379
1.48372
1.48363
1.48355
1.48348
1.48346
1.48348
1.48355
1.4837
1.48389
1.48406
1.48417
1.4841
1.48381
1.48333
1.48284
1.48249
1.48236
1.48243
1.48265
1.48296
1.48331
1.48367
1.48398
1.48417
1.48416
1.48395
1.48355
1.48309
1.48269
1.48243
1.48235
1.48241
1.48254
1.4827
1.48284
1.48296
1.48306
1.48317
1.4833
1.48347
1.48365
1.48384
1.484
1.48408
1.48408
1.48398
1.48381
1.48362
1.48347
1.48338
1.48336
1.48336
1.48337
1.48333
1.48324
1.48314
1.48302
1.48295
1.48295
1.48303
1.48318
1.48339
1.48363
1.48383
1.48396
1.48392
1.48371
1.48337
1.48303
1.48283
1.4828
1.48294
1.48317
1.48343
1.48369
1.48392
1.48407
1.48415
1.48411
1.48399
1.48379
1.48358
1.48342
1.48335
1.48336
1.48344
1.48353
1.48362
1.48367
1.48366
1.48361
1.48355
1.4835
1.48351
1.48354
1.4836
1.48365
1.48369
1.4837
1.48369
1.48368
1.48366
1.48365
1.48364
1.48361
1.48354
1.48339
1.48315
1.48286
1.48258
1.48237
1.48229
1.48234
1.48247
1.48264
1.48283
1.48301
1.48318
1.48332
1.48342
1.48351
1.48357
1.48361
1.48364
1.48365
1.48365
1.48365
1.48365
1.48366
1.48367
1.4837
1.48373
1.48377
1.48381
1.48383
1.48385
1.48385
1.48383
1.48378
1.48371
1.48362
1.48352
1.48343
1.48334
1.48326
1.48322
1.48321
1.4832
1.48322
1.48324
1.48327
1.48331
1.48333
1.48337
1.4834
1.48344
1.4835
1.48359
1.48367
1.48377
1.48387
1.48398
1.48405
1.48407
1.48401
1.48388
1.48372
1.48357
1.48348
1.48345
1.48344
1.4834
1.48332
1.48321
1.48309
1.48301
1.48298
1.483
1.48308
1.48317
1.48329
1.48338
1.48345
1.48351
1.48355
1.48356
1.48355
1.48353
1.48351
1.4835
1.48349
1.4835
1.48352
1.48354
1.48356
1.48359
1.48361
1.48366
1.48369
1.48372
1.48375
1.48378
1.48381
1.48381
1.48378
1.48374
1.48368
1.4836
1.48349
1.48341
1.48333
1.4833
1.4833
1.48333
1.48337
1.48342
1.48344
1.48343
1.48339
1.48334
1.48327
1.4832
1.48318
1.48318
1.48319
1.48323
1.48329
1.48335
1.48342
1.4835
1.48358
1.48365
1.48372
1.48376
1.48379
1.4838
1.48378
1.48374
1.48367
1.48358
1.48349
1.48341
1.48334
1.48331
1.48331
1.48332
1.48334
1.48335
1.48337
1.48338
1.48342
1.48345
1.48351
1.48358
1.48367
1.48378
1.48388
1.48395
1.48397
1.48393
1.48381
1.48364
1.48347
1.48335
1.4833
1.48334
1.48343
1.48356
1.48367
1.4837
1.48364
1.48348
1.48325
1.48302
1.48285
1.48279
1.48281
1.4829
1.48302
1.48314
1.48325
1.48335
1.48342
1.48348
1.4835
1.48353
1.48353
1.48353
1.48352
1.48351
1.48348
1.48346
1.48344
1.48342
1.48339
1.48338
1.48337
1.48337
1.48339
1.48343
1.48348
1.48358
1.4837
1.48389
1.48408
1.48427
1.4844
1.48444
1.4843
1.48399
1.48361
1.48329
1.48308
1.48298
1.48297
1.48299
1.48303
1.48307
1.48315
1.48325
1.48337
1.48349
1.48358
1.48364
1.48365
1.48361
1.48353
1.48341
1.4833
1.48319
1.4831
1.48304
1.48301
1.48302
1.48306
1.48311
1.48319
1.48326
1.48335
1.48343
1.4835
1.48355
1.48359
1.48362
1.48364
1.48365
1.48365
1.48364
1.48366
1.48367
1.48369
1.48372
1.48377
1.48384
1.48392
1.48399
1.48404
1.48406
1.48406
1.48403
1.48398
1.4839
1.4838
1.48369
1.48355
1.4834
1.48325
1.47406
1.47399
1.47397
1.47399
1.47404
1.47411
1.47419
1.47427
1.47436
1.47443
1.4745
1.47457
1.47462
1.47468
1.47471
1.47473
1.47474
1.47473
1.4747
1.47465
1.47461
1.47457
1.47453
1.47451
1.47449
1.47447
1.47445
1.47441
1.47438
1.47435
1.47433
1.47432
1.47432
1.47434
1.47436
1.4744
1.47446
1.47452
1.47459
1.47467
1.47478
1.47489
1.47503
1.47515
1.47528
1.47533
1.4753
1.47515
1.47489
1.47458
1.47431
1.47408
1.47396
1.47394
1.47399
1.47408
1.4742
1.47432
1.47443
1.47453
1.4746
1.47465
1.47467
1.47464
1.47459
1.47455
1.47452
1.47451
1.4745
1.47444
1.47432
1.47415
1.47398
1.47388
1.47387
1.47396
1.47412
1.47432
1.47454
1.47475
1.47494
1.47508
1.47516
1.4752
1.47518
1.4751
1.47498
1.47482
1.47464
1.47446
1.47428
1.47415
1.47405
1.47399
1.47398
1.47399
1.47403
1.47406
1.4741
1.47412
1.47414
1.47413
1.47412
1.47411
1.47411
1.4741
1.47411
1.47414
1.47418
1.47422
1.47428
1.47433
1.47439
1.47445
1.4745
1.47456
1.47463
1.47469
1.47477
1.47486
1.47495
1.47503
1.47511
1.47518
1.47522
1.47525
1.47527
1.47525
1.47519
1.47509
1.47493
1.47473
1.47451
1.4743
1.47414
1.47406
1.47406
1.47412
1.4742
1.47426
1.4743
1.4743
1.47425
1.47415
1.47403
1.47392
1.47383
1.47381
1.47386
1.47395
1.47405
1.47416
1.47427
1.47436
1.47445
1.47451
1.47458
1.47462
1.47466
1.4747
1.47475
1.47477
1.4748
1.47482
1.47484
1.47484
1.47484
1.47483
1.47479
1.47474
1.47467
1.47458
1.47448
1.47439
1.47428
1.47419
1.4741
1.47402
1.47396
1.47394
1.47394
1.47397
1.47401
1.47407
1.47415
1.47421
1.4743
1.47439
1.4745
1.47464
1.47478
1.47494
1.47511
1.47528
1.47542
1.47553
1.47554
1.47545
1.47524
1.4749
1.47448
1.47407
1.47375
1.47358
1.47352
1.47356
1.47366
1.47379
1.47395
1.47413
1.47431
1.4745
1.4747
1.47489
1.47506
1.4752
1.4753
1.47534
1.47531
1.47519
1.47501
1.47475
1.47447
1.47419
1.47396
1.47381
1.47373
1.47373
1.47377
1.47386
1.47396
1.47406
1.47418
1.47428
1.47437
1.47445
1.47452
1.47458
1.47463
1.47467
1.47471
1.47474
1.47476
1.47477
1.47477
1.47474
1.47467
1.47459
1.47449
1.47438
1.47429
1.47421
1.47416
1.47412
1.47412
1.47414
1.47418
1.47424
1.47431
1.47438
1.47447
1.47454
1.47462
1.4747
1.47477
1.47481
1.47481
1.47478
1.47471
1.47462
1.47452
1.47442
1.47434
1.4743
1.47428
1.47429
1.47429
1.4743
1.47431
1.47432
1.47431
1.47432
1.47433
1.47435
1.47436
1.47438
1.47437
1.47434
1.47428
1.4742
1.47411
1.47403
1.47397
1.47394
1.47395
1.474
1.47408
1.4742
1.47435
1.47452
1.47469
1.47486
1.475
1.47506
1.47503
1.47485
1.47459
1.47431
1.4741
1.47401
1.47405
1.47417
1.47431
1.47441
1.47443
1.47439
1.47431
1.47426
1.47426
1.47431
1.47441
1.47452
1.47462
1.47469
1.4747
1.47469
1.47463
1.47455
1.47445
1.47437
1.47431
1.4743
1.47436
1.47448
1.47464
1.47481
1.47493
1.47494
1.47477
1.47446
1.47407
1.47375
1.47359
1.4736
1.47371
1.47389
1.47408
1.47425
1.4744
1.47451
1.47461
1.47469
1.47476
1.47483
1.47487
1.47492
1.47497
1.47501
1.47504
1.47504
1.47502
1.47498
1.4749
1.47481
1.4747
1.47457
1.47445
1.47436
1.4743
1.47427
1.47427
1.47429
1.47431
1.47434
1.47437
1.47438
1.47441
1.4744
1.4744
1.47438
1.47436
1.47434
1.47431
1.47429
1.47429
1.47431
1.47434
1.47439
1.47443
1.4745
1.47457
1.47465
1.47475
1.47487
1.47499
1.47511
1.47523
1.47533
1.47538
1.47534
1.4752
1.47494
1.47461
1.47426
1.47398
1.47383
1.47382
1.47392
1.47408
1.47427
1.47442
1.4745
1.47448
1.47439
1.47425
1.47414
1.47414
1.47431
1.47466
1.47511
1.47558
1.47579
1.47553
1.47477
1.47388
1.47333
1.47329
1.47361
1.47404
1.47441
1.47467
1.47482
1.4749
1.4749
1.47485
1.47475
1.47459
1.47439
1.47419
1.47402
1.4739
1.47383
1.47382
1.47388
1.47397
1.47407
1.47417
1.47427
1.47434
1.47441
1.47447
1.4745
1.47453
1.47454
1.47455
1.47456
1.47456
1.47455
1.47454
1.47455
1.47454
1.47453
1.4745
1.47447
1.47443
1.47439
1.47435
1.47432
1.47431
1.47432
1.47435
1.47442
1.4745
1.4746
1.47471
1.4748
1.47485
1.47486
1.47481
1.47475
1.47466
1.47455
1.47445
1.47435
1.47425
1.47418
1.47414
1.47414
1.47418
1.47424
1.4743
1.47435
1.47435
1.47432
1.47425
1.47416
1.47408
1.47404
1.47402
1.47404
1.47408
1.47414
1.4742
1.47428
1.47436
1.47445
1.47453
1.4746
1.47467
1.47475
1.47481
1.47486
1.47491
1.47494
1.47496
1.47495
1.47493
1.47488
1.4748
1.47471
1.47458
1.47443
1.47428
1.47416
1.47411
1.47413
1.4742
1.47433
1.47447
1.47461
1.4747
1.47472
1.47464
1.47447
1.47424
1.474
1.47383
1.47379
1.47387
1.47404
1.47425
1.47446
1.47462
1.4747
1.47472
1.47468
1.47463
1.47457
1.47452
1.47448
1.47445
1.47443
1.47443
1.47443
1.47447
1.47457
1.47471
1.47491
1.47512
1.47531
1.47541
1.47537
1.47515
1.47481
1.47441
1.47405
1.4738
1.47369
1.47365
1.47367
1.47372
1.47379
1.47388
1.47398
1.47411
1.47425
1.47439
1.47453
1.47465
1.47476
1.47487
1.47494
1.47496
1.47492
1.47485
1.47473
1.47462
1.47453
1.47449
1.4745
1.47458
1.47468
1.47477
1.47479
1.47471
1.47451
1.47425
1.474
1.47383
1.47378
1.47386
1.47401
1.47422
1.47444
1.47465
1.47485
1.475
1.4751
1.47512
1.47506
1.47489
1.47467
1.47444
1.47425
1.47416
1.47419
1.47433
1.47454
1.47477
1.47496
1.47508
1.47507
1.47497
1.4748
1.47464
1.47452
1.47444
1.47442
1.47439
1.47433
1.47421
1.47408
1.47394
1.47383
1.47377
1.47375
1.47379
1.47388
1.47397
1.47407
1.47416
1.47423
1.47428
1.47431
1.47432
1.4743
1.47428
1.47426
1.47425
1.47423
1.47422
1.47424
1.47427
1.4743
1.47432
1.47437
1.47442
1.47447
1.4745
1.47454
1.47457
1.47461
1.47467
1.47472
1.4748
1.47487
1.47492
1.47497
1.47498
1.47491
1.47476
1.47453
1.47429
1.47409
1.47399
1.47398
1.47404
1.47416
1.47429
1.47438
1.47448
1.47451
1.47449
1.47446
1.47442
1.47438
1.47438
1.47444
1.47454
1.47469
1.47486
1.47502
1.47514
1.47518
1.47513
1.47497
1.47472
1.47437
1.47399
1.47363
1.47337
1.47327
1.47328
1.47339
1.47356
1.47375
1.47392
1.47409
1.47424
1.47438
1.4745
1.47461
1.47469
1.47475
1.47477
1.47474
1.47468
1.47459
1.4745
1.47442
1.47437
1.47436
1.47439
1.47442
1.47448
1.47453
1.47457
1.47459
1.47458
1.47457
1.47452
1.47449
1.47444
1.4744
1.47436
1.47434
1.47432
1.47431
1.4743
1.4743
1.47432
1.47436
1.4744
1.47444
1.47447
1.47451
1.47452
1.47453
1.47454
1.47453
1.47451
1.47448
1.47444
1.47441
1.47438
1.47435
1.47434
1.47433
1.47432
1.47433
1.47434
1.47435
1.47437
1.47439
1.4744
1.47441
1.47443
1.47445
1.47445
1.47447
1.47448
1.47447
1.47446
1.47445
1.47443
1.4744
1.47437
1.47433
1.47429
1.47426
1.47424
1.47422
1.47421
1.47419
1.47419
1.47419
1.47419
1.47421
1.47422
1.47425
1.47428
1.47432
1.47437
1.47442
1.47448
1.47453
1.47456
1.47458
1.47458
1.47456
1.47452
1.47448
1.47444
1.47439
1.47436
1.47435
1.47436
1.47437
1.47437
1.47437
1.47437
1.47435
1.47432
1.4743
1.47425
1.47422
1.47419
1.47418
1.4742
1.47424
1.47431
1.47439
1.47447
1.47454
1.47458
1.47455
1.47446
1.47434
1.47421
1.47409
1.474
1.47399
1.47403
1.4741
1.47419
1.4743
1.4744
1.47451
1.4746
1.47468
1.47477
1.47485
1.47492
1.47498
1.47504
1.47511
1.47515
1.47518
1.47522
1.47522
1.47518
1.47508
1.47491
1.47468
1.47438
1.47408
1.47383
1.47366
1.47359
1.47362
1.47372
1.47387
1.47402
1.47416
1.47429
1.4744
1.47448
1.47453
1.47455
1.47456
1.47455
1.47452
1.47449
1.47444
1.47441
1.47436
1.47433
1.47433
1.47435
1.47442
1.47452
1.47469
1.47491
1.47516
1.47542
1.47563
1.47569
1.47553
1.47513
1.47458
1.47403
1.47364
1.47351
1.47353
1.47365
1.47374
1.47381
1.47386
1.47395
1.47411
1.47432
1.47457
1.47481
1.47502
1.47518
1.47526
1.47526
1.47518
1.475
1.47479
1.47452
1.47426
1.47401
1.47383
1.4737
1.47364
1.47366
1.47371
1.47378
1.47386
1.47395
1.47403
1.47411
1.47421
1.4743
1.4744
1.47452
1.47468
1.47487
1.47506
1.47528
1.47547
1.47558
1.47557
1.4754
1.47508
1.47469
1.47432
1.47408
1.47396
1.47397
1.47406
1.4742
1.47434
1.47445
1.47451
1.47454
1.47452
1.47446
1.47437
1.47428
1.47421
1.47416
1.47412
1.47412
1.47414
1.47417
1.47422
1.47426
1.47432
1.47439
1.47445
1.47452
1.4746
1.47468
1.47477
1.47488
1.47498
1.47508
1.47516
1.47521
1.47522
1.47517
1.47506
1.47488
1.47467
1.47448
1.47431
1.47421
1.47417
1.47418
1.47422
1.47429
1.47435
1.47444
1.4745
1.47455
1.47459
1.4746
1.4746
1.47459
1.4746
1.47459
1.47458
1.47457
1.47454
1.4745
1.47443
1.47434
1.47425
1.34507
1.34511
1.34517
1.34524
1.34531
1.34538
1.34544
1.34548
1.34551
1.34553
1.34555
1.34555
1.34556
1.34557
1.34558
1.34561
1.34564
1.3457
1.34576
1.34585
1.34592
1.34598
1.34601
1.34595
1.34585
1.34569
1.34554
1.34541
1.34535
1.34537
1.34544
1.34554
1.34563
1.34569
1.34572
1.34569
1.34563
1.34554
1.34543
1.34531
1.34521
1.34514
1.34509
1.34506
1.34504
1.34505
1.34505
1.34507
1.3451
1.34517
1.34527
1.34539
1.34554
1.34569
1.34583
1.34596
1.34603
1.34605
1.346
1.34586
1.34568
1.34546
1.34526
1.34511
1.34503
1.34503
1.3451
1.34522
1.34538
1.34555
1.34573
1.34589
1.34602
1.34612
1.34615
1.34609
1.34593
1.34571
1.34544
1.34519
1.34499
1.34487
1.34484
1.34489
1.34498
1.34508
1.3452
1.3453
1.3454
1.3455
1.34558
1.34567
1.34577
1.34585
1.34592
1.34596
1.34596
1.34591
1.34581
1.34568
1.34553
1.34541
1.34534
1.34531
1.34532
1.34534
1.34538
1.34542
1.34545
1.34547
1.34548
1.3455
1.34551
1.34551
1.34551
1.34551
1.34551
1.34552
1.34551
1.34549
1.34549
1.34549
1.34549
1.34551
1.34554
1.34559
1.34565
1.34573
1.3458
1.34585
1.34587
1.34585
1.34578
1.34569
1.3456
1.34555
1.34553
1.34557
1.34567
1.3458
1.34595
1.34609
1.34622
1.34631
1.34635
1.34634
1.34627
1.34615
1.34599
1.34582
1.34562
1.34544
1.34529
1.34518
1.34512
1.3451
1.34513
1.34521
1.3453
1.34541
1.34555
1.34567
1.34579
1.3459
1.34598
1.34604
1.34605
1.34603
1.34596
1.34585
1.34575
1.34567
1.34562
1.34557
1.34548
1.34536
1.34518
1.34501
1.34488
1.34485
1.3449
1.34502
1.34518
1.34536
1.34553
1.34569
1.34583
1.34594
1.34601
1.34605
1.34605
1.346
1.34592
1.34582
1.34569
1.34557
1.34546
1.34538
1.34535
1.34538
1.34544
1.34558
1.34575
1.34596
1.34615
1.34626
1.34621
1.34599
1.34565
1.34531
1.34509
1.34504
1.34512
1.34526
1.34539
1.34546
1.34549
1.34546
1.34541
1.34538
1.34539
1.34543
1.3455
1.34558
1.34567
1.34576
1.34584
1.3459
1.34595
1.34597
1.34596
1.34594
1.34591
1.34591
1.34597
1.34609
1.34624
1.34634
1.34627
1.34593
1.34534
1.34469
1.34421
1.34403
1.34415
1.34444
1.3448
1.34514
1.34546
1.34571
1.34588
1.34599
1.34602
1.34597
1.34588
1.34577
1.34567
1.34563
1.34563
1.34569
1.34576
1.34584
1.34591
1.34594
1.34594
1.34589
1.34581
1.3457
1.34559
1.34551
1.34546
1.34546
1.34547
1.34552
1.34556
1.34559
1.34559
1.34557
1.34554
1.34551
1.34551
1.34553
1.34558
1.34563
1.34569
1.34575
1.3458
1.34583
1.34587
1.3459
1.34594
1.34596
1.34598
1.34599
1.34597
1.34593
1.34587
1.34579
1.34571
1.34562
1.34554
1.34545
1.34535
1.34527
1.34522
1.3452
1.34522
1.34528
1.34537
1.34549
1.34562
1.34576
1.34589
1.34599
1.34607
1.34608
1.34604
1.34595
1.34583
1.34571
1.34561
1.34554
1.34551
1.34551
1.34554
1.34559
1.34565
1.34572
1.34578
1.34582
1.34584
1.34583
1.34578
1.34568
1.34555
1.34541
1.34528
1.34521
1.34517
1.34517
1.34519
1.34524
1.34529
1.34535
1.34541
1.34545
1.34551
1.34557
1.34561
1.34567
1.34571
1.34576
1.34582
1.34584
1.34585
1.34582
1.34577
1.3457
1.34562
1.34556
1.34553
1.34552
1.34555
1.34559
1.34565
1.34569
1.34572
1.34575
1.34576
1.34576
1.34576
1.34574
1.3457
1.34565
1.34558
1.34549
1.3454
1.34531
1.34522
1.34514
1.34508
1.34504
1.34502
1.34502
1.34504
1.34507
1.34512
1.34518
1.34524
1.3453
1.34535
1.3454
1.34545
1.3455
1.34554
1.34559
1.34562
1.34566
1.34569
1.34572
1.34574
1.34575
1.34576
1.34575
1.34573
1.34568
1.34562
1.34554
1.34545
1.34536
1.34528
1.34522
1.34518
1.34516
1.34519
1.34522
1.34528
1.34535
1.34541
1.34548
1.34555
1.34562
1.3457
1.34576
1.34581
1.34585
1.34587
1.34588
1.34587
1.34583
1.34579
1.34573
1.34568
1.34564
1.34561
1.34558
1.34557
1.34557
1.34557
1.34561
1.34563
1.34565
1.34561
1.34551
1.34537
1.3452
1.34505
1.34496
1.34492
1.34496
1.34503
1.34515
1.34525
1.34535
1.34544
1.3455
1.34552
1.3455
1.34547
1.34542
1.34536
1.34532
1.3453
1.34531
1.34535
1.34542
1.34551
1.34564
1.34579
1.34598
1.34619
1.3464
1.34655
1.34658
1.34645
1.34618
1.34583
1.34554
1.34537
1.34535
1.34542
1.34554
1.34564
1.3457
1.34567
1.34547
1.34515
1.34477
1.34448
1.34436
1.34441
1.34459
1.3448
1.34501
1.3452
1.34536
1.34548
1.34558
1.34566
1.34573
1.34579
1.34585
1.34589
1.34592
1.34592
1.34588
1.34581
1.3457
1.34558
1.34546
1.34536
1.3453
1.34528
1.34528
1.3453
1.34532
1.34534
1.34537
1.34538
1.34539
1.34541
1.34542
1.34545
1.34549
1.34554
1.34559
1.34565
1.34569
1.34573
1.34576
1.34577
1.34576
1.34575
1.34571
1.34565
1.34557
1.34548
1.34538
1.34528
1.34521
1.34516
1.34516
1.34518
1.34524
1.34532
1.34543
1.34552
1.34561
1.34569
1.34575
1.3458
1.34584
1.34587
1.34588
1.34588
1.34587
1.34582
1.34574
1.34565
1.34557
1.34548
1.34541
1.34538
1.34539
1.34542
1.34544
1.34547
1.34549
1.34551
1.34554
1.34559
1.34566
1.34574
1.34581
1.34588
1.34594
1.34598
1.34599
1.34596
1.3459
1.34583
1.34575
1.34567
1.34558
1.3455
1.34542
1.34535
1.34528
1.34522
1.34518
1.34517
1.3452
1.34527
1.34535
1.34545
1.34556
1.34569
1.3458
1.34589
1.34596
1.346
1.34603
1.34602
1.346
1.34596
1.34591
1.34587
1.34581
1.34573
1.34562
1.34549
1.34537
1.34528
1.34523
1.34522
1.34526
1.34532
1.34541
1.34549
1.34556
1.34564
1.34569
1.34573
1.34574
1.34574
1.34575
1.34576
1.34579
1.34581
1.3458
1.34573
1.34561
1.3455
1.34543
1.34542
1.34547
1.34557
1.34564
1.34566
1.34563
1.34553
1.34541
1.34533
1.34528
1.34531
1.34539
1.34552
1.34566
1.34582
1.34597
1.34611
1.34622
1.34628
1.34626
1.34617
1.346
1.3458
1.34558
1.34541
1.3453
1.34524
1.34524
1.34527
1.34531
1.34533
1.34535
1.34536
1.34534
1.34533
1.34531
1.34531
1.34533
1.34536
1.34541
1.34548
1.34555
1.34562
1.34569
1.34577
1.34586
1.34593
1.34602
1.34609
1.34614
1.34616
1.34614
1.34605
1.34592
1.34575
1.34557
1.34541
1.34527
1.34518
1.34512
1.34512
1.34515
1.34522
1.3453
1.34539
1.34547
1.34555
1.34563
1.34569
1.34575
1.34579
1.34584
1.34587
1.34588
1.34589
1.34586
1.34581
1.34575
1.34567
1.34561
1.34556
1.34553
1.3455
1.3455
1.3455
1.3455
1.34552
1.34555
1.34556
1.34561
1.34565
1.34571
1.34577
1.34583
1.3459
1.34595
1.34599
1.34602
1.346
1.34596
1.34588
1.34578
1.34566
1.34554
1.34546
1.3454
1.34538
1.3454
1.34544
1.34548
1.34553
1.34556
1.34559
1.34558
1.34557
1.34555
1.34553
1.3455
1.3455
1.34552
1.34554
1.34557
1.34561
1.34565
1.34571
1.34576
1.34581
1.34586
1.34589
1.34591
1.34593
1.34591
1.34588
1.34585
1.3458
1.34575
1.3457
1.34566
1.34563
1.34563
1.34563
1.34562
1.34563
1.34564
1.34567
1.34571
1.34575
1.34581
1.34588
1.34596
1.34603
1.34609
1.34609
1.34603
1.34592
1.34573
1.34551
1.34529
1.34511
1.34501
1.34499
1.34504
1.34515
1.34531
1.34549
1.34568
1.34583
1.34593
1.34595
1.34587
1.3457
1.34551
1.34535
1.34529
1.34534
1.34545
1.34561
1.34579
1.34593
1.34599
1.34597
1.34588
1.34574
1.34562
1.34559
1.34567
1.34586
1.3461
1.34631
1.34638
1.34623
1.34583
1.34533
1.3449
1.34469
1.34469
1.34483
1.34502
1.3452
1.34534
1.34544
1.34551
1.34555
1.34558
1.3456
1.34561
1.34562
1.34563
1.34563
1.34565
1.34566
1.34567
1.34567
1.34567
1.34567
1.34567
1.34567
1.34565
1.34565
1.34564
1.34564
1.34562
1.34561
1.3456
1.34559
1.34558
1.34559
1.3456
1.34563
1.34566
1.3457
1.34574
1.34578
1.34581
1.34582
1.34582
1.3458
1.34576
1.3457
1.34563
1.34556
1.34549
1.34544
1.3454
1.34537
1.34537
1.3454
1.34544
1.34548
1.34554
1.3456
1.34567
1.34574
1.34581
1.34587
1.34594
1.34601
1.34605
1.34605
1.34601
1.3459
1.34575
1.34557
1.34542
1.34531
1.34525
1.34525
1.34526
1.34527
1.34528
1.34527
1.34526
1.34527
1.34528
1.34533
1.34538
1.34544
1.3455
1.34557
1.34562
1.34565
1.34567
1.34569
1.34567
1.34565
1.34563
1.34561
1.34555
1.34549
1.3454
1.3453
1.34521
1.34513
1.34506
1.34504
1.34504
1.34508
1.34512
1.34518
1.34523
1.34526
1.3453
1.34533
1.34537
1.34539
1.34542
1.34544
1.34547
1.34551
1.34557
1.34564
1.34572
1.34584
1.34597
1.34611
1.34625
1.34636
1.34639
1.34636
1.34625
1.34607
1.34583
1.34558
1.34531
1.34505
1.34484
1.34472
1.34469
1.34473
1.34483
1.34496
1.34508
1.34519
1.34527
1.34533
1.34536
1.34537
1.34538
1.34537
1.34537
1.34534
1.34532
1.34531
1.34531
1.34531
1.3453
1.34531
1.34532
1.34534
1.34535
1.34537
1.34541
1.34545
1.34549
1.34556
1.34563
1.34571
1.3458
1.34591
1.34601
1.34609
1.34615
1.34617
1.34614
1.34605
1.34589
