1.09915
1.09619
1.09098
1.08326
1.07273
1.05898
1.04149
1.0197
0.993018
0.960945
0.923205
0.879933
0.831894
0.780632
0.728509
0.678401
0.633232
0.595397
0.566336
0.546426
0.535156
0.531373
0.533551
0.539965
0.548879
0.558691
0.568048
0.575912
0.581656
0.585082
0.586471
0.586531
0.586235
0.586536
0.58801
0.590632
0.593874
0.597
0.599391
0.600677
0.600721
0.599537
0.597215
0.593892
0.589783
0.58524
0.580688
0.576548
0.573117
0.570484
0.568506
0.56685
0.565033
0.562591
0.5592
0.554772
0.549518
0.543941
0.538744
0.534637
0.532091
0.53117
0.531462
0.532209
0.532566
0.53184
0.529673
0.526093
0.521465
0.516381
0.511482
0.507336
0.504374
0.502968
0.503435
0.506075
0.511039
0.518201
0.527131
0.537192
0.54766
0.557834
0.567106
0.574956
0.580969
0.584826
0.586372
0.585627
0.582823
0.578414
0.573047
0.567533
0.562769
0.559647
0.558871
0.560835
0.56553
0.572554
0.581256
0.590877
0.600683
0.610031
0.618382
0.625279
0.630323
0.633193
0.63361
0.631362
0.626326
0.61848
0.607924
0.594917
0.579899
0.563508
0.546618
0.530306
0.515743
0.503998
0.495822
0.491493
0.490791
0.493124
0.497698
0.503634
0.510107
0.516429
0.522108
0.526867
0.530596
0.533312
0.535067
0.535913
0.535918
0.535184
0.533891
0.532328
0.530899
0.530064
0.530245
0.531743
0.534662
0.538848
0.543919
0.549341
0.554548
0.559061
0.562567
0.564979
0.566446
0.567292
0.567948
0.568816
0.570144
0.571957
0.574081
0.576226
0.578063
0.579335
0.579894
0.5797
0.5788
0.577322
0.575432
0.573326
0.571168
0.569061
0.567004
0.564937
0.562816
0.560653
0.558566
0.556765
0.555437
0.554641
0.554297
0.554236
0.554311
0.554435
0.554595
0.554748
0.554714
0.554192
0.552835
0.550338
0.546538
0.541482
0.535466
0.529038
0.522857
0.517557
0.513622
0.511321
0.510776
0.511993
0.514866
0.519184
0.524633
0.530832
0.537409
0.544019
0.550385
0.556265
0.561395
0.56545
0.568078
0.568949
0.567854
0.564785
0.559948
0.553759
0.546814
0.539781
0.533325
0.528033
0.524295
0.522295
0.521989
0.523142
0.525374
0.528259
0.531355
0.534278
0.536747
0.538587
0.539697
0.540044
0.539642
0.538543
0.536867
0.53481
0.532663
0.530769
0.529468
0.529013
0.529504
0.530874
0.532947
0.535488
0.538265
0.54107
0.543725
0.546078
0.547991
0.549335
0.550001
0.54992
0.549095
0.547606
0.545631
0.543366
0.540998
0.538698
0.536609
0.53489
0.533751
0.533481
0.534374
0.53671
0.540726
0.546614
0.554421
0.563981
0.574811
0.586099
0.596854
0.606122
0.613172
0.61757
0.619214
0.618249
0.615023
0.609998
0.603643
0.596382
0.588531
0.580311
0.571904
0.563474
0.555269
0.547622
0.540923
0.535575
0.531897
0.530024
0.529851
0.531059
0.533156
0.535601
0.537937
0.539907
0.541498
0.542902
0.544403
0.546253
0.548535
0.551112
0.55364
0.555653
0.556701
0.556478
0.554966
0.552478
0.549583
0.546864
0.544693
0.543068
0.54175
0.540499
0.5393
0.53839
0.538158
0.538974
0.541034
0.544258
0.548279
0.552539
0.556434
0.559444
0.561219
0.561629
0.560759
0.558909
0.556566
0.554341
0.552892
0.552785
0.554351
0.557535
0.56186
0.566504
0.570516
0.573003
0.573323
0.571149
0.566522
0.559803
0.551636
0.542861
0.534434
0.527261
0.522045
0.51918
0.51871
0.520382
0.52377
0.528427
0.533986
0.540166
0.546754
0.553535
0.560251
0.566585
0.572192
0.576758
0.58006
0.582053
0.582895
0.582898
0.582409
0.581692
0.58076
0.57938
0.577157
0.573715
0.568901
0.562879
0.556108
0.549285
0.543223
0.538677
0.536191
0.536023
0.53807
0.541953
0.547065
0.552695
0.558154
0.562875
0.56649
0.568838
0.569929
0.569863
0.568766
0.566748
0.563863
0.56013
0.555508
0.549959
0.543462
0.536065
0.527924
0.519338
0.510778
0.502867
0.496308
0.491754
0.489698
0.490377
0.493744
0.499499
0.507131
0.516006
0.525473
0.534924
0.543879
0.552
0.559096
0.5651
0.570054
0.574025
0.57706
0.579124
0.580099
0.57985
0.578277
0.575367
0.571251
0.566232
0.560744
0.555319
0.550495
0.546729
0.544351
0.54351
0.544133
0.545969
0.548642
0.551669
0.55454
0.556771
0.557941
0.557777
0.556173
0.553233
0.549277
0.544795
0.540356
0.536501
0.533636
0.531974
0.531543
0.53222
0.533852
0.536305
0.539503
0.5434
0.547934
0.552986
0.558347
0.563701
0.568645
0.572728
0.575503
0.576599
0.575815
0.57317
0.56892
0.563513
0.55756
0.55172
0.546603
0.542698
0.540336
0.539659
0.540651
0.543158
0.546882
0.551393
0.556194
0.560723
0.564449
0.566918
0.567805
0.566933
0.564261
0.559877
0.553984
0.546871
0.538896
0.53044
0.521892
0.513593
0.50583
0.498836
0.492816
0.487952
0.48444
0.482514
0.482389
0.484227
0.488017
0.493538
0.500361
0.507928
0.515637
0.522942
0.529407
0.534724
0.538693
0.541229
0.542357
0.542207
0.541021
0.53914
0.536966
0.53493
0.53344
0.532842
0.533369
0.535121
0.538058
0.54202
0.546762
0.551998
0.557427
0.562769
0.567769
0.572211
0.575925
0.578803
0.580833
0.582101
0.582766
0.583035
0.583088
0.583021
0.582799
0.582255
0.58112
0.57911
0.576013
0.571766
0.56647
0.560398
0.55398
0.547827
0.542744
0.539573
0.538922
0.540864
0.544909
0.550198
0.555826
0.561064
0.565461
0.568849
0.571291
0.57301
0.574341
0.57561
0.577034
0.578623
0.580182
0.581375
0.581842
0.581264
0.579406
0.576139
0.571448
0.565433
0.558303
0.550359
0.542007
0.533735
0.526045
0.519377
0.514052
0.510214
0.507843
0.506816
0.506993
0.508282
0.510665
0.514148
0.518639
0.523854
0.529315
0.534453
0.538789
0.542105
0.544515
0.546409
0.548332
0.550798
0.554131
0.558397
0.563399
0.568756
0.574018
0.578762
0.582678
0.585616
0.58759
0.588664
0.588834
0.587968
0.585863
0.582399
0.577697
0.572146
0.566349
0.560975
0.556651
0.553827
0.552732
0.553328
0.555341
0.558344
0.56183
0.56531
0.568444
0.571062
0.573198
0.575074
0.57704
0.579476
0.582696
0.586857
0.591962
0.597862
0.60429
0.610917
0.617358
0.62316
0.627826
0.630831
0.631733
0.630203
0.626115
0.619594
0.611022
0.601024
0.590389
0.579939
0.570392
0.562241
0.555726
0.55086
0.547512
0.545468
0.544486
0.544291
0.544612
0.545205
0.545903
0.546608
0.547247
0.547748
0.548005
0.547885
0.547246
0.545982
0.544038
0.541346
0.53778
0.533124
0.527138
0.519676
0.510892
0.501393
0.4923
0.485056
0.480977
0.480862
0.484732
0.491893
0.501195
0.511357
0.521267
0.53013
0.537469
0.543041
0.546713
0.548422
0.548244
0.546525
0.544021
0.541841
0.541191
0.542979
0.547422
0.553914
0.561309
0.568355
0.574067
0.577899
0.579717
0.579664
0.578029
0.575139
0.571282
0.566696
0.56152
0.555806
0.549596
0.542995
0.536216
0.52964
0.523803
0.519309
0.516718
0.516381
0.518302
0.522085
0.527001
0.53212
0.536537
0.539558
0.540845
0.540533
0.539224
0.537907
0.537695
0.539383
0.543061
0.548106
0.553515
0.558396
0.562238
0.564961
0.566819
0.568312
0.570069
0.572698
0.576564
0.58163
0.587403
0.593026
0.597552
0.600158
0.600343
0.597992
0.593373
0.587161
0.580344
0.574056
0.569386
0.567072
0.567299
0.569634
0.573199
0.577001
0.580243
0.582494
0.583719
0.584167
0.584208
0.584181
0.584272
0.58451
0.584804
0.585018
0.585067
0.584969
0.584845
0.584873
0.585222
0.586
0.58721
0.588725
0.590328
0.591747
0.592713
0.593014
0.592547
0.591322
0.589441
0.587045
0.584269
0.581182
0.577767
0.573971
0.569721
0.565012
0.559983
0.554943
0.550287
0.546358
0.543296
0.540974
0.539087
0.53729
0.535426
0.533542
0.531823
0.530481
0.529647
0.529334
0.52947
0.529948
0.53069
0.531737
0.533248
0.535448
0.538456
0.542115
0.545915
0.549132
0.5511
0.551435
0.550135
0.547559
0.544345
0.54125
0.538981
0.538027
0.538515
0.540235
0.542779
0.545708
0.548678
0.551492
0.554062
0.556364
0.558409
0.560207
0.561753
0.563026
0.564013
0.564741
0.565294
0.565846
0.566589
0.567674
0.56915
0.570983
0.573121
0.575553
0.578335
0.581546
0.585254
0.589478
0.594168
0.599182
0.60431
0.609289
0.613806
0.617516
0.620039
0.620993
0.62001
0.616815
0.611267
0.603428
0.593595
0.582348
0.570479
0.558936
0.548679
0.540476
0.534761
0.531636
0.530979
0.532629
0.536501
0.542575
0.550804
0.560978
0.572654
0.585123
0.597479
0.608733
0.617971
0.624446
0.627661
0.627412
0.623799
0.617214
0.608344
0.598089
0.587514
0.577741
0.56978
0.564357
0.561792
0.561947
0.564321
0.568211
0.572914
0.577852
0.582634
0.587068
0.591127
0.594914
0.598566
0.602137
0.605549
0.608572
0.610941
0.612474
0.613136
0.613031
0.612365
0.611353
0.610124
0.60869
0.606983
0.604893
0.602348
0.59942
0.596355
0.593563
0.591527
0.590642
0.591074
0.592732
0.595295
0.598309
0.601283
0.603731
0.605226
0.605443
0.604205
0.601501
0.597451
0.592298
0.586376
0.580111
0.57402
0.5687
0.564723
0.562562
0.562454
0.564377
0.568113
0.573311
0.579524
0.586182
0.592641
0.598326
0.602871
0.606185
0.608355
0.609483
0.609602
0.608663
0.606632
0.603543
0.599525
0.594797
0.58965
0.584434
0.579583
0.575599
0.573002
0.572181
0.573251
0.575981
0.579794
0.583918
0.587597
0.590222
0.591369
0.590794
0.588421
0.584348
0.578865
0.572478
0.565863
0.559746
0.554738
0.551225
0.549293
0.548773
0.549309
0.550441
0.551685
0.552607
0.552853
0.552215
0.550637
0.548216
0.545163
0.541754
0.538262
0.534918
0.531891
0.529306
0.527285
0.525962
0.525528
0.52618
0.527996
0.530855
0.534401
0.538152
0.541665
0.544711
0.547336
0.549777
0.552369
0.555378
0.558894
0.56282
0.566866
0.570658
0.573831
0.576123
0.577443
0.577881
1.1014
1.09699
1.08764
1.07455
1.05878
1.04109
1.02181
1.00094
0.978411
0.954583
0.930717
0.909199
0.892849
0.88339
0.880102
0.879968
0.879394
0.875965
0.869219
0.860432
0.851845
0.845724
0.843557
0.845675
0.851431
0.859672
0.869195
0.878887
0.887717
0.894815
0.899621
0.902083
0.902588
0.901813
0.900569
0.899804
0.900478
0.903321
0.908506
0.915429
0.9228
0.928873
0.93193
0.93072
0.924831
0.914909
0.90268
0.890496
0.880615
0.874576
0.872997
0.875773
0.882174
0.89091
0.900404
0.909183
0.91627
0.921269
0.92422
0.925422
0.925325
0.924492
0.923584
0.923326
0.924301
0.926789
0.930518
0.934637
0.937888
0.939001
0.937082
0.931861
0.92378
0.913792
0.903016
0.892324
0.882098
0.872316
0.862776
0.853366
0.844124
0.835259
0.827161
0.820423
0.815762
0.813797
0.814814
0.818758
0.825594
0.835673
0.849526
0.866968
0.886396
0.905042
0.920016
0.929245
0.931829
0.9279
0.918462
0.905165
0.890145
0.87574
0.864026
0.85641
0.853261
0.853861
0.856768
0.860439
0.863791
0.866443
0.868615
0.87073
0.873046
0.875465
0.877535
0.878573
0.877884
0.874887
0.86927
0.861199
0.851692
0.842922
0.837941
0.839293
0.847235
0.859415
0.872455
0.883718
0.891889
0.896671
0.898384
0.897675
0.895457
0.892799
0.890826
0.890451
0.892199
0.896108
0.901792
0.908575
0.915684
0.922402
0.928121
0.93232
0.934522
0.934314
0.931397
0.925633
0.917106
0.906144
0.893228
0.878936
0.863842
0.848488
0.833385
0.819103
0.806456
0.796556
0.79077
0.790434
0.796365
0.808347
0.824865
0.843458
0.861564
0.877245
0.889537
0.898347
0.90421
0.90792
0.910179
0.911302
0.911071
0.908855
0.903886
0.895573
0.883894
0.869681
0.854778
0.841865
0.833915
0.833216
0.840178
0.852843
0.867692
0.881356
0.891821
0.898572
0.901965
0.902577
0.900914
0.897544
0.893216
0.8888
0.884991
0.882065
0.879877
0.878075
0.876385
0.874769
0.873384
0.872482
0.872268
0.872841
0.874237
0.876478
0.879697
0.884127
0.890017
0.897506
0.906404
0.91601
0.925088
0.932062
0.935426
0.934057
0.927565
0.916428
0.902046
0.886552
0.872377
0.861631
0.85554
0.854072
0.856107
0.859932
0.863773
0.866235
0.866568
0.864724
0.861288
0.857173
0.853268
0.850099
0.84774
0.84606
0.845066
0.84516
0.847145
0.851852
0.859546
0.869567
0.880317
0.889815
0.896352
0.899015
0.897929
0.894043
0.888693
0.883115
0.878089
0.873978
0.871073
0.86986
0.870889
0.874302
0.879506
0.885279
0.890314
0.893725
0.895261
0.895286
0.894564
0.893934
0.894076
0.89531
0.897471
0.899937
0.901763
0.901901
0.899435
0.893842
0.885254
0.874649
0.863895
0.855501
0.851915
0.854583
0.863389
0.876725
0.892112
0.906996
0.919492
0.928862
0.935516
0.940599
0.945369
0.950661
0.956634
0.962803
0.968273
0.972115
0.973545
0.972108
0.967672
0.96041
0.950799
0.93952
0.927309
0.914798
0.902447
0.890652
0.879995
0.871379
0.865862
0.864044
0.865491
0.868826
0.872492
0.875407
0.877197
0.878042
0.878454
0.879074
0.880526
0.883338
0.88787
0.894219
0.902023
0.910463
0.918474
0.924975
0.929065
0.930235
0.928368
0.923799
0.917352
0.910278
0.903965
0.899498
0.897311
0.897045
0.897842
0.898823
0.89941
0.899391
0.898733
0.897337
0.894935
0.891264
0.886395
0.88091
0.875858
0.872519
0.872013
0.874892
0.880957
0.889201
0.898101
0.906134
0.912294
0.916238
0.917987
0.917446
0.914257
0.908095
0.899185
0.888504
0.877456
0.867294
0.858615
0.851194
0.844276
0.837088
0.829184
0.820643
0.812088
0.80452
0.79915
0.79704
0.798823
0.804478
0.81337
0.82455
0.837018
0.849908
0.862455
0.874006
0.883984
0.89191
0.897432
0.900477
0.901352
0.900728
0.899469
0.89834
0.897754
0.897685
0.897858
0.897939
0.897693
0.896897
0.895333
0.89277
0.889039
0.88421
0.878712
0.873289
0.868869
0.866312
0.866247
0.868954
0.874299
0.881772
0.890562
0.899735
0.908364
0.915652
0.92088
0.923408
0.922724
0.918579
0.911219
0.901646
0.891772
0.883961
0.879867
0.87927
0.879973
0.878976
0.87368
0.862435
0.844549
0.820432
0.791959
0.762947
0.738631
0.723462
0.718673
0.722207
0.730932
0.742423
0.755245
0.768437
0.781106
0.792355
0.801539
0.808579
0.814038
0.818823
0.823741
0.82914
0.834993
0.841169
0.847678
0.854649
0.862132
0.869951
0.877662
0.884706
0.890587
0.895025
0.898023
0.899805
0.900683
0.900919
0.900612
0.899558
0.89722
0.892959
0.886462
0.878041
0.868628
0.859488
0.851778
0.846175
0.842789
0.841266
0.841021
0.841472
0.842144
0.842613
0.842418
0.841074
0.838216
0.833813
0.828241
0.822339
0.817161
0.813626
0.812201
0.812864
0.81534
0.819329
0.82456
0.830757
0.837751
0.845616
0.854698
0.865288
0.877228
0.88963
0.901194
0.910758
0.917689
0.921915
0.923571
0.922725
0.919349
0.913544
0.905681
0.896524
0.887065
0.878313
0.871076
0.865859
0.862835
0.861903
0.862686
0.864529
0.866539
0.867718
0.867101
0.863925
0.857911
0.849455
0.839694
0.830295
0.822918
0.818672
0.817874
0.820137
0.824542
0.829806
0.834499
0.837364
0.837644
0.835361
0.831379
0.827055
0.823644
0.821864
0.821898
0.823754
0.827619
0.833919
0.843084
0.855214
0.869818
0.88579
0.901603
0.915669
0.92665
0.933665
0.936353
0.934853
0.929679
0.921589
0.911446
0.900132
0.88846
0.877108
0.866651
0.857657
0.850771
0.846742
0.846256
0.849648
0.856714
0.866723
0.878646
0.891459
0.904341
0.916721
0.928158
0.93818
0.946207
0.951595
0.953699
0.951973
0.946052
0.935936
0.922102
0.905569
0.887826
0.870686
0.856123
0.846046
0.842071
0.845247
0.855638
0.871963
0.89171
0.911768
0.929311
0.942393
0.950074
0.952232
0.949299
0.941965
0.930987
0.917124
0.901179
0.884107
0.86712
0.851647
0.8391
0.830465
0.825933
0.824723
0.825245
0.825616
0.82432
0.820634
0.814687
0.807189
0.799037
0.79105
0.784029
0.778947
0.776983
0.779086
0.785322
0.794509
0.804568
0.813374
0.819499
0.822341
0.82195
0.818772
0.813464
0.806774
0.799445
0.792184
0.785659
0.780472
0.777127
0.775952
0.776941
0.779768
0.783886
0.788814
0.794393
0.800925
0.809025
0.819245
0.831641
0.845678
0.860434
0.874889
0.888103
0.899185
0.907292
0.911678
0.911833
0.907592
0.899275
0.887716
0.874186
0.860182
0.847158
0.836242
0.828112
0.822848
0.81994
0.818387
0.817028
0.814868
0.811282
0.806182
0.800052
0.793898
0.789032
0.786748
0.787915
0.792736
0.800706
0.810791
0.821601
0.831664
0.839626
0.844449
0.845513
0.842733
0.836618
0.828317
0.819499
0.812029
0.80749
0.80681
0.810092
0.816677
0.825315
0.83451
0.842743
0.848684
0.851416
0.850553
0.846379
0.839887
0.832653
0.826437
0.822603
0.821627
0.823063
0.826006
0.829579
0.83316
0.83628
0.838517
0.839586
0.839575
0.839181
0.839629
0.842377
0.84851
0.85824
0.870757
0.884486
0.897585
0.908442
0.915932
0.91948
0.918949
0.914469
0.906392
0.895446
0.882884
0.870527
0.860475
0.854501
0.853502
0.857068
0.863653
0.871125
0.877447
0.88127
0.882256
0.881126
0.879335
0.87832
0.878744
0.880445
0.882901
0.885658
0.888282
0.890148
0.890431
0.888409
0.88387
0.877361
0.870095
0.863508
0.858728
0.856335
0.85637
0.858584
0.862634
0.868156
0.874686
0.881497
0.887559
0.891625
0.892493
0.889285
0.881718
0.870209
0.855791
0.839766
0.823256
0.806932
0.791182
0.776622
0.764462
0.756318
0.753622
0.756805
0.764913
0.776102
0.788423
0.800373
0.81104
0.819978
0.827007
0.832152
0.835692
0.83822
0.840541
0.843259
0.846352
0.849061
0.850248
0.849075
0.84555
0.84054
0.835339
0.831114
0.828594
0.828145
0.829998
0.834268
0.840873
0.849396
0.859122
0.869229
0.87892
0.887575
0.894852
0.900781
0.905832
0.910793
0.916444
0.923001
0.929834
0.935722
0.939437
0.940329
0.938586
0.935041
0.930801
0.92687
0.923973
0.922392
0.921949
0.922018
0.921623
0.919656
0.91512
0.907385
0.896305
0.882237
0.866055
0.849099
0.833127
0.820213
0.812355
0.810929
0.816126
0.826705
0.84035
0.8543
0.866147
0.874439
0.878865
0.880113
0.879421
0.878018
0.876651
0.875422
0.873946
0.871743
0.868668
0.865132
0.86207
0.860507
0.860984
0.863223
0.866219
0.868765
0.869973
0.869518
0.867643
0.864947
0.862057
0.859354
0.856892
0.854481
0.85197
0.849402
0.847044
0.845231
0.844141
0.843664
0.843447
0.843012
0.841927
0.839859
0.83664
0.83233
0.827224
0.821837
0.816875
0.81311
0.811247
0.811686
0.814386
0.818909
0.824562
0.830657
0.836661
0.842207
0.847098
0.851269
0.854704
0.857415
0.85943
0.860859
0.861991
0.863328
0.865497
0.869037
0.874074
0.880172
0.88635
0.891307
0.893902
0.893462
0.889846
0.883295
0.874237
0.863176
0.850612
0.837075
0.823145
0.809442
0.79664
0.785545
0.777132
0.772459
0.772417
0.777322
0.78664
0.798906
0.811955
0.823402
0.83125
0.834414
0.833053
0.828484
0.82281
0.81828
0.816575
0.818284
0.822852
0.828877
0.834694
0.838958
0.84097
0.84076
0.838806
0.835663
0.831668
0.826949
0.82167
0.81633
0.811876
0.809561
0.81065
0.815927
0.825192
0.837192
0.85014
0.862449
0.8732
0.882072
0.88908
0.894324
0.897891
0.899956
0.900859
0.901045
0.900841
0.90032
0.899409
0.898043
0.896263
0.894192
0.89191
0.889445
0.886838
0.884294
0.882169
0.880771
0.880222
0.880425
0.881188
0.882335
0.883624
0.884738
0.885488
0.886265
0.888306
0.893087
0.901103
0.911319
0.921785
0.930524
0.935996
0.937201
0.933639
0.925407
0.913228
0.898389
0.882703
0.868327
0.857486
0.852022
0.852868
0.859571
0.870274
0.882258
0.892743
0.899569
0.901626
0.898907
0.892328
0.883206
0.872704
0.861564
0.850157
1.08341
1.06389
1.04354
1.02398
1.00742
0.996996
0.996538
1.00868
1.03259
1.06372
1.09606
1.12469
1.14667
1.16081
1.16703
1.16586
1.15808
1.14456
1.126
1.10264
1.07467
1.04349
1.01302
0.988998
0.975736
0.973326
0.978458
0.987213
0.996857
1.00612
1.01473
1.0229
1.03084
1.03849
1.04551
1.05133
1.05531
1.05708
1.05691
1.05575
1.05485
1.05501
1.05623
1.05796
1.0597
1.06147
1.06393
1.06806
1.07464
1.08356
1.09374
1.10339
1.11057
1.1138
1.11249
1.1069
1.09793
1.08654
1.07333
1.0584
1.04181
1.02402
1.0061
0.989405
0.975196
0.964342
0.957207
0.953668
0.953216
0.955141
0.95882
0.963978
0.97078
0.979664
0.990928
1.00427
1.0186
1.03225
1.0435
1.05103
1.05419
1.05302
1.04813
1.0407
1.03271
1.0269
1.02599
1.03115
1.04085
1.05172
1.06053
1.06573
1.06754
1.06732
1.06663
1.06676
1.06842
1.07177
1.07644
1.08173
1.08669
1.09028
1.09148
1.08944
1.0836
1.07372
1.06019
1.04436
1.02864
1.01612
1.00932
1.00892
1.01371
1.02162
1.03064
1.03919
1.04617
1.05094
1.05344
1.05412
1.05367
1.05287
1.05231
1.05235
1.05299
1.05395
1.0549
1.05567
1.05649
1.05794
1.06067
1.06492
1.07026
1.0758
1.08036
1.08271
1.08175
1.07649
1.06626
1.05083
1.03062
1.0067
0.981077
0.956435
0.935572
0.920402
0.911335
0.907596
0.908197
0.912677
0.920995
0.932771
0.946601
0.960199
0.971335
0.978809
0.982736
0.984184
0.984532
0.985001
0.986422
0.989148
0.993321
0.999207
1.00738
1.01828
1.03171
1.04658
1.06135
1.07468
1.08575
1.0944
1.10081
1.10534
1.10841
1.11046
1.11184
1.11267
1.11277
1.11176
1.10923
1.10503
1.09941
1.09304
1.08685
1.08175
1.07831
1.07661
1.07627
1.07667
1.07716
1.077
1.07527
1.07071
1.06187
1.04779
1.02879
1.00701
0.986261
0.970573
0.962435
0.961829
0.966687
0.97419
0.981828
0.987856
0.991418
0.992443
0.991565
0.989809
0.988228
0.98755
0.988002
0.989492
0.991877
0.99517
0.999571
1.00555
1.01383
1.02522
1.04013
1.05805
1.07744
1.09606
1.11171
1.12265
1.12773
1.12619
1.11782
1.10313
1.08367
1.06172
1.03939
1.01789
0.997541
0.978346
0.96053
0.944599
0.931112
0.920614
0.913596
0.910512
0.911729
0.917386
0.927199
0.94034
0.955487
0.971138
0.986047
0.999654
1.01214
1.02407
1.03584
1.04724
1.05749
1.0655
1.07046
1.07224
1.07165
1.07013
1.06912
1.06935
1.07061
1.07208
1.07289
1.07247
1.07071
1.06777
1.06397
1.05963
1.0552
1.05124
1.04818
1.0459
1.04336
1.03917
1.03244
1.0235
1.01369
1.00443
0.996295
0.989095
0.982668
0.977668
0.975523
0.977749
0.98496
0.996437
1.01034
1.02443
1.03689
1.04682
1.05415
1.05894
1.0607
1.05821
1.05032
1.03711
1.0207
1.00514
0.994596
0.99091
0.992499
0.995871
0.997964
0.997398
0.994472
0.990586
0.987543
0.986838
0.989092
0.993772
0.999392
1.00399
1.0058
1.00383
0.998256
0.990365
0.982228
0.976086
0.973675
0.975656
0.981508
0.989818
0.998837
1.00713
1.01395
1.01939
1.02402
1.02833
1.03229
1.0354
1.03733
1.03858
1.04066
1.04545
1.05386
1.06516
1.07712
1.08721
1.09368
1.09616
1.09546
1.09288
1.08962
1.08631
1.08293
1.07902
1.07402
1.06762
1.05993
1.05176
1.04471
1.04079
1.04139
1.04623
1.05322
1.05944
1.06253
1.06135
1.05591
1.04698
1.03574
1.02367
1.0123
1.00284
0.995741
0.990671
0.986547
0.981985
0.97576
0.967281
0.956933
0.946071
0.936579
0.930371
0.92906
0.933884
0.945718
0.964934
0.991045
1.02225
1.05542
1.0868
1.11311
1.13203
1.14228
1.14329
1.13496
1.1178
1.0934
1.06501
1.03747
1.01601
1.00405
1.00177
1.00667
1.01543
1.02555
1.03571
1.04526
1.05357
1.06006
1.06446
1.06692
1.06774
1.06702
1.06461
1.06019
1.05366
1.04526
1.03571
1.02605
1.01734
1.01025
1.00475
1.00011
0.995199
0.989054
0.981297
0.972552
0.964609
0.959996
0.96106
0.968748
0.982042
0.998352
1.01461
1.02826
1.03775
1.04251
1.04269
1.03905
1.03277
1.0253
1.01821
1.01308
1.01122
1.01335
1.01946
1.02878
1.03986
1.05085
1.0597
1.06453
1.06379
1.05635
1.04167
1.02012
0.993325
0.964377
0.937547
0.917132
0.905695
0.902826
0.905702
0.911124
0.917294
0.924151
0.932641
0.943739
0.957803
0.974411
0.99241
1.01017
1.02587
1.03788
1.04511
1.04731
1.04509
1.0396
1.03205
1.02334
1.01399
1.00425
0.994382
0.98479
0.976004
0.968623
0.963361
0.961237
0.963756
0.97214
0.985841
1.00204
1.01694
1.0277
1.03318
1.03384
1.0312
1.02715
1.02334
1.02074
1.01963
1.01991
1.0216
1.02517
1.03133
1.04049
1.05222
1.06509
1.0773
1.0874
1.09485
1.09986
1.10296
1.1044
1.10398
1.10126
1.09621
1.08971
1.08331
1.0785
1.07567
1.07381
1.07088
1.06478
1.05441
1.04036
1.02483
1.01083
1.00104
0.997092
0.999084
1.00572
1.01482
1.02413
1.03198
1.03763
1.04123
1.04348
1.04527
1.04735
1.05
1.05307
1.05616
1.05883
1.06082
1.06197
1.06224
1.06157
1.05988
1.05716
1.05351
1.04929
1.04522
1.04249
1.04257
1.04673
1.05555
1.06839
1.08347
1.09841
1.11088
1.11907
1.12186
1.11873
1.1098
1.09577
1.07784
1.05756
1.03661
1.01674
0.999726
0.987245
0.980605
0.980221
0.985333
0.994157
1.00457
1.015
1.02481
1.034
1.04242
1.04927
1.05328
1.05327
1.04887
1.04113
1.03235
1.02549
1.02295
1.02566
1.03257
1.04094
1.04733
1.04918
1.04587
1.03896
1.03162
1.02743
1.02917
1.03789
1.05272
1.07136
1.09084
1.10846
1.12237
1.13188
1.13717
1.1388
1.13697
1.13131
1.12114
1.10594
1.08577
1.06165
1.03568
1.01091
0.990947
0.978964
0.976626
0.983332
0.996376
1.01198
1.02651
1.03736
1.04323
1.04389
1.03985
1.03213
1.02211
1.01136
1.00126
0.992796
0.98647
0.982531
0.981188
0.982631
0.986945
0.993925
1.00308
1.01372
1.02506
1.0363
1.04664
1.05529
1.06151
1.06467
1.06448
1.06112
1.05539
1.04863
1.04246
1.03829
1.03694
1.03832
1.04147
1.04492
1.04706
1.04653
1.04249
1.03474
1.02366
1.01005
0.994934
0.979269
0.963756
0.948816
0.934675
0.921562
0.909939
0.900417
0.893185
0.887335
0.881163
0.87355
0.865479
0.860191
0.861585
0.871936
0.890883
0.916081
0.94443
0.97288
0.998797
1.02018
1.03598
1.04623
1.05189
1.05452
1.05567
1.05628
1.05647
1.05579
1.05369
1.04998
1.04479
1.03834
1.03096
1.02361
1.01794
1.01589
1.01882
1.02672
1.03824
1.05118
1.06314
1.07209
1.07666
1.07619
1.07079
1.06109
1.04796
1.03229
1.01486
0.996582
0.978985
0.964399
0.955497
0.954053
0.95994
0.97134
0.985884
1.00165
1.01742
1.03241
1.04607
1.05807
1.06822
1.07642
1.08251
1.08604
1.08621
1.08195
1.0725
1.05822
1.0415
1.02664
1.01789
1.01682
1.02158
1.02874
1.03542
1.03971
1.04031
1.0362
1.02679
1.01225
0.993768
0.97374
0.955591
0.942857
0.93769
0.940025
0.94798
0.959049
0.97118
0.983368
0.995706
1.00892
1.02347
1.03882
1.05353
1.06587
1.07474
1.08006
1.08258
1.08332
1.08307
1.08222
1.08082
1.07873
1.07563
1.07095
1.06415
1.05486
1.04307
1.02933
1.01499
1.00234
0.993809
0.990598
0.991739
0.994835
0.997629
0.999012
0.999095
0.998749
0.999063
1.00102
1.0055
1.01322
1.02458
1.03924
1.05584
1.07224
1.08604
1.0951
1.09786
1.09356
1.08219
1.06463
1.04275
1.01945
0.99834
0.982923
0.975274
0.975097
0.980022
0.986941
0.993356
0.998102
1.0015
1.00508
1.0109
1.02056
1.03443
1.05161
1.07025
1.08816
1.10335
1.11438
1.1206
1.12192
1.1185
1.11049
1.09798
1.08121
1.06085
1.03822
1.01515
0.993633
0.975278
0.961058
0.951404
0.946451
0.945857
0.948382
0.951916
0.95425
0.954078
0.951423
0.947414
0.943792
0.942386
0.944729
0.951762
0.963626
0.97956
0.998079
1.0175
1.03641
1.05389
1.06949
1.08298
1.09424
1.10326
1.11019
1.11532
1.11901
1.12161
1.1232
1.12358
1.12233
1.11904
1.1137
1.10684
1.09941
1.0924
1.08651
1.08194
1.07848
1.0755
1.07214
1.06778
1.06222
1.05569
1.04857
1.0413
1.03446
1.02885
1.02521
1.02358
1.02293
1.02154
1.01786
1.01121
1.00196
0.991261
0.980687
0.971832
0.965906
0.963559
0.964881
0.969647
0.977475
0.987805
0.999711
1.01182
1.02256
1.03054
1.03496
1.03561
1.03299
1.02842
1.02415
1.02306
1.02745
1.03788
1.05254
1.06816
1.08135
1.08979
1.09279
1.09123
1.08714
1.08294
1.08049
1.08062
1.08333
1.08835
1.09542
1.10413
1.11364
1.12266
1.12973
1.13355
1.13331
1.12888
1.12091
1.1109
1.10093
1.09304
1.08817
1.08579
1.08456
1.08333
1.08159
1.07912
1.07537
1.06954
1.06154
1.05283
1.0463
1.04443
1.04768
1.05448
1.06252
1.06996
1.07592
1.08044
1.0839
1.08628
1.08672
1.08383
1.07652
1.06462
1.04889
1.03074
1.01199
0.995108
0.982928
0.977442
0.978356
0.983348
0.989774
0.995851
1.00087
1.00491
1.00861
1.01289
1.0187
1.02661
1.0367
1.04838
1.06057
1.07216
1.08241
1.09116
1.09845
1.10421
1.10813
1.10996
1.10991
1.10881
1.10787
1.10806
1.10959
1.11179
1.11349
1.1136
1.11154
1.10717
1.10056
1.09174
1.08079
1.06838
1.05587
1.04507
1.0373
1.0327
1.03023
1.0284
1.02598
1.0225
1.0181
1.01339
1.00917
1.0062
1.09466
1.08868
1.0826
1.07632
1.0696
1.06265
1.05666
1.05372
1.0559
1.06388
1.07657
1.09179
1.10726
1.12106
1.13188
1.13913
1.1429
1.14385
1.14296
1.14123
1.13936
1.13761
1.13582
1.13365
1.13083
1.12727
1.12278
1.11699
1.10953
1.10063
1.09145
1.08389
1.07956
1.07911
1.08206
1.08725
1.09331
1.09892
1.10294
1.10462
1.10392
1.10162
1.09923
1.09853
1.10086
1.10672
1.11559
1.12624
1.13725
1.14747
1.15605
1.16251
1.16662
1.1683
1.16759
1.16448
1.1588
1.15067
1.14097
1.13179
1.12544
1.12273
1.12207
1.12064
1.11656
1.11016
1.10359
1.09954
1.09984
1.10468
1.11257
1.12118
1.12834
1.13286
1.13455
1.13419
1.13315
1.13314
1.13568
1.14136
1.14923
1.15692
1.16172
1.16186
1.15737
1.14994
1.14225
1.1368
1.13498
1.13672
1.14088
1.14598
1.15057
1.15332
1.15294
1.14825
1.13866
1.12474
1.1084
1.09235
1.0788
1.06829
1.05966
1.05127
1.04228
1.03341
1.02659
1.02389
1.02638
1.03387
1.04533
1.05946
1.0749
1.09019
1.10369
1.1138
1.11914
1.11886
1.11262
1.10056
1.08311
1.06114
1.03649
1.01234
0.992961
0.982222
0.981812
0.990591
1.0056
1.02371
1.04266
1.06117
1.07853
1.09403
1.10672
1.11566
1.12018
1.12017
1.11591
1.10788
1.09657
1.08247
1.06642
1.04953
1.03297
1.01757
1.00342
0.990036
0.976876
0.964132
0.952981
0.945096
0.94159
0.942403
0.947038
0.955534
0.967872
0.98265
0.997339
1.00999
1.02025
1.0291
1.03801
1.04825
1.06033
1.07382
1.08752
1.09993
1.10989
1.11685
1.1209
1.12247
1.12211
1.12032
1.11749
1.11398
1.11016
1.1064
1.10303
1.10017
1.09744
1.09376
1.08754
1.07726
1.06221
1.04326
1.02337
1.00755
1.00121
1.00729
1.0245
1.04888
1.07632
1.10389
1.12954
1.15165
1.16887
1.18015
1.1849
1.18305
1.17499
1.16151
1.14378
1.12325
1.10165
1.0809
1.06315
1.05067
1.04555
1.04916
1.06136
1.08001
1.10131
1.12106
1.13612
1.14522
1.14889
1.14893
1.14755
1.14653
1.14673
1.14793
1.14926
1.14979
1.14901
1.14696
1.14384
1.13963
1.13388
1.12594
1.11563
1.10389
1.09303
1.08578
1.08373
1.08664
1.09315
1.10206
1.11278
1.12523
1.13933
1.15459
1.16981
1.1832
1.19273
1.19655
1.19333
1.18265
1.16505
1.14209
1.11605
1.08925
1.06369
1.04123
1.0245
1.01678
1.02048
1.03501
1.05647
1.07922
1.09788
1.10892
1.11136
1.10681
1.09877
1.09098
1.08566
1.08266
1.08018
1.07629
1.07006
1.06201
1.05374
1.04707
1.04311
1.04185
1.04256
1.04438
1.04679
1.04961
1.05288
1.05657
1.06026
1.06291
1.06306
1.05936
1.05116
1.03878
1.02346
1.00703
0.991506
0.97874
0.970302
0.967498
0.971349
0.98221
0.999214
1.02026
1.04276
1.06444
1.08347
1.09834
1.10797
1.11211
1.11153
1.10792
1.10331
1.09931
1.09675
1.09559
1.09515
1.09447
1.09259
1.08896
1.08389
1.0788
1.07585
1.07671
1.08137
1.08819
1.09517
1.10113
1.10591
1.10986
1.11323
1.11605
1.11835
1.12026
1.12201
1.12373
1.12544
1.12714
1.12892
1.13071
1.13217
1.13275
1.13192
1.12942
1.12541
1.12058
1.11615
1.1137
1.11441
1.11819
1.12337
1.1274
1.12816
1.1247
1.11747
1.10813
1.09918
1.09357
1.0937
1.10044
1.11249
1.12652
1.1383
1.14401
1.14132
1.12979
1.11078
1.08704
1.0622
1.04009
1.02386
1.01526
1.01435
1.01974
1.02922
1.04038
1.05111
1.06006
1.06667
1.07094
1.07292
1.07259
1.07004
1.06572
1.06024
1.05385
1.04618
1.03664
1.02511
1.01231
0.999698
0.989015
0.981823
0.979166
0.98134
0.987891
0.997795
1.00971
1.02215
1.03368
1.04289
1.04853
1.04957
1.04572
1.03785
1.02827
1.02017
1.01627
1.0176
1.02351
1.03261
1.0435
1.05496
1.06579
1.07474
1.08072
1.08314
1.08212
1.07866
1.07429
1.07047
1.06808
1.06729
1.06775
1.06909
1.07122
1.07442
1.07914
1.08586
1.09471
1.10534
1.11682
1.12786
1.13713
1.14349
1.14624
1.14521
1.14092
1.13461
1.12799
1.12268
1.11956
1.11831
1.11763
1.11607
1.1128
1.10805
1.10289
1.09857
1.09563
1.09363
1.09138
1.08762
1.08182
1.07439
1.06647
1.05956
1.05513
1.05446
1.05847
1.06762
1.08156
1.09893
1.11752
1.13459
1.14762
1.15486
1.15585
1.15134
1.14293
1.13235
1.12089
1.10932
1.09805
1.08759
1.07871
1.07226
1.06873
1.06812
1.07024
1.07512
1.08316
1.09467
1.10927
1.12569
1.14218
1.15726
1.17019
1.18109
1.19036
1.19807
1.20349
1.20525
1.20199
1.19306
1.17895
1.16139
1.14312
1.12715
1.11586
1.10975
1.1073
1.10617
1.10451
1.10133
1.09597
1.08775
1.0762
1.06156
1.04491
1.02779
1.01172
0.997949
0.987543
0.981481
0.980506
0.984792
0.99364
1.00552
1.01853
1.0309
1.04132
1.04896
1.05349
1.05538
1.05605
1.05757
1.06186
1.0702
1.08274
1.09814
1.11356
1.12538
1.13043
1.12705
1.11548
1.0976
1.07627
1.05461
1.0353
1.02022
1.01022
1.00512
1.00391
1.00521
1.00778
1.0109
1.01452
1.01896
1.0244
1.0307
1.03754
1.04486
1.05294
1.06217
1.07269
1.08398
1.09499
1.10455
1.11191
1.11706
1.12049
1.12271
1.12387
1.12371
1.12166
1.11713
1.10968
1.09912
1.08557
1.06947
1.05167
1.0335
1.01681
1.00384
0.99689
0.997543
1.00584
1.01995
1.03686
1.05369
1.0685
1.08048
1.08955
1.09601
1.10028
1.10297
1.10487
1.10696
1.1102
1.11518
1.12171
1.12877
1.13483
1.13856
1.1394
1.13777
1.13487
1.13204
1.13004
1.12868
1.12719
1.12495
1.12218
1.11989
1.11951
1.12212
1.12774
1.13512
1.14189
1.14547
1.144
1.13717
1.12636
1.11385
1.10159
1.09018
1.07884
1.06681
1.05534
1.04861
1.05185
1.06722
1.0914
1.1176
1.13981
1.15527
1.16419
1.16828
1.16942
1.16897
1.16744
1.16472
1.1603
1.15383
1.14534
1.1354
1.12494
1.11514
1.10717
1.10204
1.10051
1.10287
1.10876
1.11712
1.12621
1.13387
1.1381
1.13751
1.13161
1.12091
1.10669
1.09075
1.07492
1.06037
1.04711
1.03437
1.02177
1.01037
1.00246
0.99967
1.00147
1.00549
1.00928
1.01151
1.01208
1.01165
1.01109
1.0112
1.01261
1.01587
1.02147
1.02988
1.04129
1.05538
1.0712
1.08734
1.10233
1.11495
1.12456
1.13114
1.13522
1.13764
1.13933
1.14106
1.14329
1.14595
1.14835
1.14927
1.14733
1.14149
1.13174
1.11959
1.1079
1.10001
1.09847
1.10395
1.11514
1.12925
1.14292
1.15325
1.1585
1.15839
1.15391
1.14665
1.13821
1.12981
1.12226
1.11591
1.1106
1.10593
1.10162
1.09769
1.09439
1.09196
1.09044
1.08952
1.08863
1.08709
1.08427
1.0799
1.07426
1.06845
1.06411
1.06272
1.06465
1.06876
1.07294
1.07534
1.07545
1.07439
1.07435
1.0775
1.08495
1.09617
1.10924
1.1217
1.13152
1.13763
1.13979
1.13825
1.13357
1.12643
1.11737
1.10677
1.09482
1.08166
1.0677
1.05398
1.04241
1.03562
1.03593
1.04407
1.0586
1.07666
1.09534
1.11238
1.12601
1.13445
1.13577
1.12835
1.1118
1.08763
1.05945
1.03218
1.0105
0.997346
0.993201
0.996495
1.00446
1.01424
1.02379
1.03198
1.03831
1.04242
1.04419
1.04387
1.04216
1.04005
1.03868
1.03916
1.04234
1.04847
1.05713
1.06757
1.07897
1.09049
1.10124
1.11038
1.1172
1.12129
1.12243
1.12038
1.11462
1.10446
1.08937
1.06988
1.04839
1.02932
1.01774
1.01633
1.02333
1.03383
1.04326
1.04948
1.0525
1.05334
1.05284
1.05124
1.04835
1.04424
1.03968
1.03622
1.03545
1.03813
1.04359
1.04999
1.05524
1.05781
1.05724
1.05406
1.04955
1.04539
1.04337
1.045
1.05093
1.06064
1.07237
1.08366
1.09203
1.09577
1.09444
1.08911
1.08217
1.07655
1.07477
1.07806
1.08615
1.09778
1.11134
1.12543
1.13903
1.15163
1.16316
1.17371
1.18317
1.19094
1.19618
1.19827
1.19752
1.19526
1.19342
1.19348
1.19585
1.19978
1.20405
1.20755
1.20961
1.20978
1.20749
1.2018
1.19171
1.17676
1.1576
1.1362
1.11548
1.09839
1.08683
1.08106
1.07979
1.08077
1.0814
1.07935
1.07298
1.06189
1.04776
1.03456
1.02695
1.02713
1.03372
1.04364
1.0544
1.0647
1.07411
1.08261
1.09015
1.09651
1.10141
1.10491
1.10763
1.11049
1.11395
1.11747
1.1198
1.11988
1.11751
1.11345
1.10905
1.10568
1.10439
1.10563
1.1092
1.11441
1.12046
1.12661
1.13234
1.13741
1.14186
1.14612
1.15075
1.15604
1.16178
1.16729
1.17178
1.17468
1.17584
1.17561
1.17468
1.17373
1.1731
1.17264
1.17157
1.16884
1.16331
1.15406
1.14049
1.12259
1.10126
1.07862
1.05799
1.04291
1.03575
1.03661
1.04342
1.05315
1.06323
1.0722
1.07935
1.08414
1.08603
1.08478
1.08083
1.07511
1.06868
1.06256
1.05777
1.05548
1.05701
1.06338
1.07484
1.09045
1.1082
1.1255
1.13975
1.14897
1.15215
1.14928
1.14121
1.12926
1.11483
1.09915
1.08318
1.06751
1.05241
1.03774
1.02333
1.00922
0.996016
0.984889
0.977242
0.974235
0.976274
0.982653
0.991547
1.00051
1.0073
1.01054
1.01007
1.00689
1.00295
1.00088
1.00309
1.01032
1.021
1.03232
1.04197
1.0491
1.05402
1.05746
1.05992
1.0613
1.06094
1.05805
1.05229
1.04438
1.03633
1.03074
1.02929
1.03142
1.03473
1.03683
1.03664
1.03446
1.03117
1.0274
1.02333
1.09477
1.09003
1.0877
1.08899
1.09383
1.10089
1.10866
1.11632
1.12376
1.1311
1.13827
1.14498
1.15109
1.15675
1.16236
1.16843
1.17525
1.1825
1.18904
1.19296
1.19198
1.18423
1.1689
1.14662
1.11935
1.0899
1.06126
1.03594
1.01568
1.00148
0.993893
0.993179
0.999257
1.0116
1.02934
1.05146
1.07678
1.10396
1.13167
1.15878
1.18439
1.20764
1.22727
1.24166
1.24922
1.24905
1.24133
1.22711
1.20817
1.187
1.16676
1.15023
1.13811
1.12863
1.11933
1.10898
1.09769
1.08594
1.07368
1.06046
1.04605
1.03071
1.01519
1.00076
0.989199
0.982705
0.983328
0.992289
1.00954
1.0338
1.06278
1.09371
1.12396
1.15134
1.17438
1.19241
1.2054
1.21373
1.21792
1.21854
1.216
1.21049
1.20208
1.19103
1.17811
1.16465
1.15223
1.14207
1.1348
1.13055
1.12932
1.13114
1.13585
1.14263
1.15001
1.15653
1.16134
1.16444
1.16639
1.16782
1.16893
1.16927
1.16801
1.16446
1.15877
1.15223
1.14681
1.14401
1.14379
1.14477
1.14521
1.1436
1.13862
1.12967
1.11808
1.10694
1.09922
1.09576
1.0953
1.09583
1.0959
1.09538
1.09522
1.0964
1.09902
1.10247
1.10597
1.10897
1.11104
1.11178
1.11069
1.10724
1.10109
1.09238
1.08195
1.07137
1.06257
1.05695
1.05462
1.05435
1.05454
1.05412
1.053
1.05182
1.05142
1.05231
1.0544
1.05712
1.05964
1.06132
1.0619
1.06199
1.06303
1.06652
1.07254
1.07962
1.08604
1.09135
1.09659
1.10338
1.11314
1.12659
1.14372
1.16365
1.18481
1.20543
1.22396
1.23938
1.2512
1.25928
1.26356
1.26392
1.26019
1.2524
1.24096
1.22691
1.21188
1.19733
1.1837
1.17037
1.15675
1.14362
1.1334
1.12897
1.1322
1.14293
1.15932
1.17861
1.19796
1.21499
1.22806
1.23644
1.24024
1.24019
1.2373
1.23249
1.2264
1.21931
1.21134
1.2026
1.19341
1.18425
1.17561
1.16784
1.16103
1.15514
1.15029
1.14692
1.14563
1.14679
1.15027
1.15557
1.1622
1.16992
1.17886
1.18922
1.20086
1.21288
1.22353
1.23049
1.23147
1.22493
1.21071
1.19047
1.16767
1.14694
1.13257
1.12683
1.12926
1.13752
1.14897
1.16172
1.17462
1.18684
1.1976
1.20619
1.21211
1.21513
1.2153
1.21292
1.20857
1.20314
1.19785
1.19414
1.19348
1.19697
1.2045
1.21409
1.2225
1.22664
1.22489
1.21718
1.20458
1.18882
1.17183
1.15523
1.13982
1.12509
1.1095
1.09141
1.07023
1.04705
1.02452
1.00592
0.993962
0.989878
0.993115
1.00182
1.01364
1.02623
1.0376
1.04614
1.05086
1.05144
1.04836
1.04279
1.03622
1.03027
1.02651
1.02649
1.0317
1.04276
1.05864
1.07685
1.09469
1.11018
1.12205
1.12914
1.13003
1.1235
1.10936
1.08908
1.06595
1.04413
1.02717
1.01655
1.01144
1.00976
1.00978
1.01115
1.01478
1.02191
1.03319
1.04809
1.0648
1.08075
1.09342
1.10121
1.10382
1.10208
1.09751
1.09171
1.08598
1.08117
1.07769
1.07591
1.07636
1.07953
1.08532
1.09271
1.10011
1.10615
1.10997
1.11133
1.11039
1.10747
1.10291
1.09754
1.09325
1.09261
1.09721
1.10642
1.11836
1.13152
1.14526
1.15909
1.1722
1.18328
1.19083
1.1934
1.1897
1.1788
1.16065
1.13712
1.11263
1.09278
1.08136
1.07877
1.08321
1.09269
1.10559
1.12038
1.13552
1.14954
1.16122
1.16968
1.17429
1.17473
1.17109
1.16426
1.15601
1.14854
1.14338
1.14055
1.1391
1.13814
1.13747
1.13731
1.13783
1.13865
1.1389
1.13757
1.13406
1.12851
1.12196
1.11606
1.11255
1.11242
1.11551
1.12064
1.12635
1.13154
1.13577
1.13897
1.14107
1.14148
1.13901
1.13216
1.11996
1.10277
1.08278
1.0635
1.04846
1.03948
1.0363
1.0374
1.04129
1.04725
1.05532
1.06599
1.0797
1.09619
1.11426
1.13238
1.14923
1.16361
1.17391
1.17826
1.17534
1.1651
1.14885
1.12906
1.10898
1.09187
1.08011
1.07444
1.07419
1.07823
1.08586
1.09696
1.11133
1.1283
1.14671
1.16512
1.18215
1.19644
1.20668
1.21177
1.21107
1.20481
1.19423
1.18148
1.1691
1.15921
1.15288
1.15001
1.14963
1.15047
1.15152
1.15224
1.15246
1.15213
1.15128
1.1501
1.149
1.14847
1.14877
1.14952
1.14971
1.14807
1.14365
1.13629
1.1268
1.11683
1.10834
1.10308
1.10223
1.10624
1.11504
1.12793
1.14346
1.15944
1.17341
1.18348
1.18877
1.18949
1.18667
1.18186
1.17665
1.1722
1.16911
1.16754
1.16741
1.16853
1.17044
1.17256
1.17431
1.17536
1.17566
1.17539
1.17466
1.17337
1.1712
1.16805
1.16499
1.16508
1.17234
1.18821
1.20883
1.22719
1.23757
1.23772
1.22851
1.2126
1.19283
1.17115
1.1483
1.12486
1.10241
1.08377
1.0717
1.06726
1.0689
1.07322
1.07688
1.07788
1.076
1.07242
1.069
1.06776
1.07017
1.07678
1.08715
1.10004
1.11355
1.1253
1.13264
1.13352
1.12744
1.1159
1.10205
1.08956
1.08121
1.07821
1.08044
1.08726
1.09794
1.11183
1.12832
1.14674
1.16588
1.18369
1.19784
1.20685
1.21108
1.21294
1.21559
1.22075
1.22732
1.23232
1.23299
1.22799
1.21748
1.2032
1.18812
1.17582
1.16932
1.16965
1.17539
1.18338
1.19015
1.19336
1.19232
1.18776
1.18104
1.17359
1.16667
1.16135
1.15833
1.15747
1.15726
1.15494
1.14741
1.13264
1.11084
1.08497
1.06006
1.04165
1.0336
1.03652
1.04803
1.06462
1.08344
1.10284
1.12184
1.13934
1.15366
1.16259
1.16393
1.15634
1.14021
1.11828
1.09569
1.0788
1.07237
1.07662
1.08717
1.09814
1.10531
1.10731
1.10518
1.10135
1.09855
1.09883
1.10283
1.10964
1.11703
1.12222
1.12296
1.11854
1.11027
1.101
1.09404
1.0918
1.09475
1.10162
1.11029
1.11894
1.12662
1.13334
1.13971
1.14631
1.15321
1.1597
1.16443
1.16602
1.16364
1.15724
1.14744
1.13518
1.12142
1.10711
1.09357
1.08275
1.0769
1.07756
1.08451
1.09567
1.1082
1.11996
1.12992
1.13752
1.14215
1.14306
1.13992
1.13314
1.12393
1.11397
1.10509
1.09916
1.09799
1.10308
1.11466
1.13106
1.14898
1.16457
1.17438
1.17608
1.16918
1.15544
1.13843
1.12239
1.11073
1.10506
1.10502
1.10866
1.11344
1.11737
1.1195
1.11958
1.11732
1.1121
1.10333
1.0909
1.0757
1.05967
1.04545
1.03557
1.03144
1.03295
1.03864
1.04653
1.05479
1.06218
1.06811
1.07241
1.07522
1.07696
1.07842
1.08122
1.08772
1.10042
1.12057
1.1469
1.17596
1.2036
1.22652
1.24289
1.25214
1.25464
1.25136
1.24379
1.23383
1.22343
1.21393
1.20573
1.19848
1.19152
1.18397
1.17438
1.1609
1.14227
1.11932
1.09589
1.07788
1.06973
1.07091
1.0764
1.08048
1.07979
1.07417
1.06612
1.05933
1.05663
1.05876
1.06474
1.07293
1.08208
1.09126
1.0994
1.105
1.10638
1.10295
1.09678
1.0927
1.09507
1.10353
1.11359
1.12096
1.12402
1.12319
1.11981
1.11584
1.11384
1.11603
1.12295
1.13307
1.144
1.15377
1.16127
1.16609
1.16827
1.1683
1.16705
1.16528
1.16333
1.16113
1.15864
1.15622
1.15469
1.15548
1.16067
1.17194
1.18881
1.20783
1.22408
1.23358
1.23451
1.22702
1.21233
1.19206
1.168
1.14225
1.11724
1.09559
1.07987
1.07221
1.07397
1.08507
1.10352
1.12568
1.14731
1.16492
1.17646
1.18139
1.18029
1.17419
1.16423
1.15156
1.13756
1.12404
1.11321
1.10733
1.10781
1.11453
1.12587
1.13965
1.15401
1.16787
1.18068
1.19221
1.20218
1.21003
1.21462
1.2142
1.20682
1.19091
1.16631
1.13519
1.10249
1.07483
1.05778
1.05335
1.05987
1.07377
1.09147
1.11011
1.12749
1.14207
1.15306
1.16058
1.1655
1.16909
1.17262
1.17687
1.18181
1.18663
1.19027
1.19215
1.19269
1.19316
1.19486
1.19837
1.20341
1.20893
1.21321
1.21427
1.21037
1.20045
1.1844
1.16296
1.13762
1.1105
1.08429
1.06188
1.04578
1.03753
1.03739
1.04415
1.05532
1.06794
1.07994
1.09102
1.10242
1.11565
1.13114
1.14779
1.16352
1.17615
1.1842
1.18722
1.18566
1.1805
1.17291
1.16391
1.15419
1.14404
1.13368
1.12369
1.11546
1.11103
1.11241
1.12074
1.13577
1.15595
1.1788
1.20131
1.22035
1.23305
1.23725
1.23179
1.2168
1.19394
1.16632
1.13815
1.11386
1.09701
1.0895
1.09163
1.10228
1.11919
1.13914
1.15871
1.17508
1.18652
1.19245
1.19314
1.18922
1.18133
1.16985
1.15508
1.13757
1.11833
1.09878
1.08043
1.06457
1.05208
1.04335
1.0381
1.0354
1.03419
1.03421
1.03639
1.04193
1.05111
1.06266
1.07457
1.08528
1.09434
1.1024
1.11081
1.121
1.13387
1.14931
1.16609
1.18218
1.19531
1.20353
1.20552
1.20083
1.18978
1.1736
1.15468
1.13682
1.12479
1.12198
1.12763
1.13711
1.14519
1.14883
1.14758
1.14276
1.13649
1.13092
1.1274
1.12592
1.12497
1.12232
1.11632
1.10686
1.09554
1.08529
1.0795
1.08089
1.09052
1.10723
1.12811
1.14956
1.16828
1.18194
1.18941
1.19077
1.18705
1.17994
1.17157
1.16407
1.15935
1.15877
1.16297
1.17178
1.18427
1.1988
1.21327
1.22555
1.23411
1.23836
1.23864
1.23581
1.23074
1.22384
1.21526
1.2052
1.19441
1.18434
1.17667
1.17244
1.17139
1.17198
1.17221
1.17043
1.16587
1.1588
1.15041
1.14268
1.13808
1.13909
1.14728
1.16239
1.18227
1.20368
1.22348
1.23933
1.24987
1.25454
1.25329
1.24631
1.23379
1.21621
1.19466
1.17106
1.08182
1.0669
1.05722
1.05305
1.05411
1.05962
1.06841
1.07911
1.09035
1.10085
1.10937
1.11474
1.116
1.11275
1.10548
1.09574
1.08579
1.07796
1.07381
1.07355
1.07614
1.07967
1.08199
1.0813
1.07663
1.06824
1.05754
1.04695
1.03936
1.03742
1.0427
1.05509
1.07299
1.0941
1.1162
1.13738
1.15581
1.16952
1.17666
1.17634
1.16926
1.1576
1.14431
1.13197
1.12192
1.11402
1.10724
1.10079
1.09492
1.09099
1.09048
1.09363
1.09889
1.1038
1.10637
1.10591
1.10291
1.09824
1.0924
1.08511
1.07544
1.06228
1.04511
1.02442
1.00184
0.979821
0.961261
0.948899
0.944884
0.950315
0.964821
0.986536
1.01253
1.0397
1.06551
1.08832
1.10724
1.12189
1.13213
1.13791
1.1392
1.13619
1.12945
1.12008
1.10966
1.09997
1.09259
1.08846
1.08763
1.08925
1.09177
1.09343
1.09263
1.08853
1.08142
1.07288
1.06534
1.06114
1.0616
1.06684
1.07611
1.08811
1.10122
1.1135
1.12297
1.12805
1.12807
1.12337
1.11536
1.10623
1.09859
1.09495
1.09703
1.10503
1.11735
1.13101
1.1428
1.15021
1.1518
1.14709
1.13628
1.12014
1.09995
1.07752
1.05495
1.03412
1.01625
1.00193
0.991456
0.9851
0.983136
0.985798
0.993205
1.00525
1.02138
1.04035
1.06037
1.07943
1.09567
1.10777
1.11519
1.11839
1.11883
1.11861
1.11955
1.12217
1.12527
1.12677
1.12517
1.12026
1.11284
1.10411
1.09495
1.08579
1.07659
1.06713
1.05733
1.04749
1.0384
1.03119
1.02686
1.02596
1.02851
1.03422
1.04258
1.05294
1.06451
1.07632
1.08734
1.09661
1.10369
1.10904
1.11388
1.11944
1.12611
1.1333
1.13987
1.14485
1.14787
1.14912
1.1491
1.1483
1.14704
1.14552
1.14398
1.14297
1.14346
1.14657
1.15299
1.16215
1.17205
1.17982
1.1828
1.17933
1.16928
1.15427
1.13708
1.12009
1.10411
1.08837
1.07174
1.05378
1.03503
1.0168
1.00075
0.988442
0.980928
0.978605
0.981388
0.988961
1.00089
1.01666
1.03566
1.05724
1.08061
1.10474
1.12818
1.14899
1.1651
1.17471
1.17672
1.17088
1.15785
1.13904
1.11646
1.09253
1.06999
1.05178
1.04057
1.03797
1.04384
1.0562
1.07223
1.08959
1.10713
1.12468
1.14226
1.1596
1.17602
1.19069
1.20269
1.21108
1.21498
1.21375
1.20703
1.19488
1.17777
1.15657
1.13249
1.10704
1.0821
1.05985
1.04258
1.03207
1.02888
1.03185
1.0385
1.04618
1.0532
1.05936
1.06539
1.072
1.07925
1.08676
1.09425
1.10197
1.11042
1.11996
1.13045
1.14144
1.15246
1.16311
1.17299
1.1814
1.18728
1.18943
1.18697
1.17963
1.16791
1.15306
1.13688
1.12152
1.10918
1.10175
1.10017
1.1039
1.11087
1.11819
1.12319
1.12425
1.121
1.1143
1.10592
1.09819
1.0933
1.09235
1.09489
1.09925
1.10377
1.10768
1.11131
1.11555
1.12117
1.1283
1.13636
1.1442
1.15044
1.15377
1.15324
1.14883
1.14157
1.13301
1.12416
1.11487
1.10424
1.09161
1.07733
1.06306
1.05155
1.04576
1.04747
1.05617
1.06925
1.08323
1.09523
1.10367
1.10814
1.10888
1.10629
1.10083
1.09303
1.08378
1.07437
1.06644
1.06149
1.0605
1.06368
1.07046
1.07976
1.09018
1.10038
1.10939
1.1169
1.12325
1.12913
1.13506
1.14091
1.14589
1.14914
1.15033
1.1497
1.14777
1.14491
1.14133
1.13754
1.13455
1.13324
1.13323
1.13272
1.12955
1.12218
1.11011
1.09377
1.07437
1.05351
1.03275
1.01335
0.996578
0.984135
0.978061
0.979747
0.988887
1.00348
1.02087
1.03886
1.05635
1.07329
1.09033
1.10823
1.12725
1.14669
1.16502
1.18042
1.19135
1.19671
1.19607
1.18966
1.17844
1.1641
1.14882
1.13477
1.12349
1.11545
1.11012
1.10648
1.10355
1.10073
1.09773
1.09435
1.09044
1.08587
1.08074
1.07555
1.07128
1.06924
1.07042
1.07512
1.0828
1.09256
1.1035
1.11482
1.1255
1.13431
1.14004
1.14193
1.13978
1.13406
1.12566
1.11566
1.10519
1.09523
1.08663
1.08024
1.07739
1.08005
1.0903
1.10878
1.13365
1.16107
1.18666
1.20708
1.22059
1.22701
1.22735
1.22345
1.2173
1.21029
1.20282
1.19449
1.18458
1.17241
1.15772
1.14089
1.12303
1.10566
1.09027
1.07813
1.07044
1.06829
1.07218
1.08132
1.0937
1.10701
1.1196
1.13085
1.14075
1.14939
1.15644
1.16111
1.16243
1.15976
1.15347
1.14558
1.13973
1.13974
1.1471
1.15951
1.17226
1.18096
1.18323
1.17881
1.16885
1.15515
1.13935
1.12256
1.10528
1.08785
1.07102
1.05613
1.04454
1.03687
1.03276
1.03143
1.03235
1.0353
1.04
1.04553
1.05038
1.05298
1.05236
1.04891
1.04453
1.0422
1.04497
1.05482
1.0719
1.09455
1.11986
1.14463
1.16637
1.18376
1.19661
1.20529
1.21024
1.21174
1.21011
1.20601
1.20047
1.19471
1.18983
1.18644
1.18441
1.18286
1.18057
1.17649
1.17019
1.16197
1.15278
1.14394
1.13677
1.13232
1.13104
1.13258
1.13596
1.13994
1.14333
1.14521
1.14508
1.14288
1.13904
1.13446
1.13047
1.12847
1.12942
1.13325
1.13867
1.14359
1.14594
1.14447
1.13911
1.13096
1.12191
1.11404
1.10905
1.10777
1.10988
1.11408
1.11863
1.12207
1.12361
1.12312
1.1208
1.11681
1.11131
1.10471
1.09822
1.09385
1.09369
1.09862
1.10734
1.11694
1.12424
1.12672
1.12285
1.11204
1.09477
1.07307
1.05095
1.03379
1.02622
1.03015
1.04436
1.06538
1.08888
1.11088
1.12856
1.14045
1.1463
1.14672
1.14277
1.13555
1.12606
1.11509
1.10331
1.09134
1.07989
1.06973
1.06162
1.05615
1.0536
1.05374
1.05592
1.05897
1.06129
1.06112
1.05703
1.04861
1.03708
1.02514
1.01631
1.01348
1.01778
1.02806
1.04161
1.0555
1.0677
1.07737
1.08445
1.08903
1.09106
1.09049
1.08779
1.08423
1.08167
1.08158
1.08424
1.08861
1.09316
1.09675
1.09899
1.10002
1.09995
1.09857
1.09536
1.08975
1.08127
1.06972
1.05538
1.03929
1.02342
1.01038
1.00251
1.00076
1.00422
1.01086
1.01861
1.02595
1.03187
1.03562
1.03668
1.03484
1.03021
1.02322
1.01444
1.00472
0.995335
0.987997
0.984399
0.985424
0.990695
0.998791
1.00806
1.01738
1.02634
1.0351
1.04392
1.05297
1.06201
1.07036
1.0769
1.08056
1.08107
1.07941
1.07777
1.07822
1.08089
1.0833
1.08168
1.07301
1.05639
1.03345
1.0077
0.983359
0.963731
0.95035
0.94325
0.941787
0.945266
0.953068
0.964321
0.977738
0.991755
1.00489
1.01609
1.02495
1.03176
1.03732
1.04262
1.04867
1.05623
1.06566
1.07674
1.08862
1.09989
1.10878
1.11339
1.11226
1.10482
1.09174
1.07484
1.0566
1.03966
1.02643
1.01885
1.01812
1.02428
1.03603
1.05106
1.06689
1.08171
1.09475
1.10586
1.11494
1.12164
1.12543
1.12617
1.12435
1.12108
1.1177
1.11518
1.11387
1.11333
1.11272
1.11117
1.10809
1.10318
1.09638
1.08791
1.07862
1.07029
1.0655
1.06635
1.07304
1.08368
1.09547
1.10585
1.11263
1.11407
1.10929
1.09863
1.08393
1.06804
1.05404
1.04428
1.03988
1.04052
1.04483
1.05095
1.05709
1.06194
1.06516
1.06754
1.07041
1.07418
1.07761
1.07855
1.07558
1.0686
1.0587
1.04747
1.03643
1.0267
1.01877
1.0126
1.00793
1.00473
1.0034
1.00442
1.00748
1.01107
1.01318
1.01254
1.00939
1.00494
1.00055
0.997079
0.994937
0.994407
0.996001
1.00045
1.00838
1.01981
1.03385
1.0487
1.06197
1.07126
1.07525
1.07475
1.07302
1.07376
1.07764
1.08162
1.08169
1.07565
1.06367
1.04746
1.02959
1.01289
1.00005
0.993202
0.993635
1.00159
1.01608
1.03482
1.05448
1.07172
1.08448
1.09258
1.09722
1.09993
1.1018
1.10327
1.10448
1.10562
1.10715
1.10969
1.11362
1.11888
1.12473
1.12995
1.13312
1.13304
1.12912
1.12146
1.11099
1.09971
1.09086
1.08858
1.09612
1.11357
1.13708
1.16074
1.1793
1.18977
1.1915
1.18542
1.17339
1.1577
1.14086
1.12536
1.11338
1.10642
1.10487
1.10804
1.11442
1.12227
1.12994
1.13582
1.13828
1.13574
1.12713
1.11265
1.09458
1.07725
1.06536
1.06098
1.06211
1.06408
1.06217
1.05419
1.04275
1.03475
1.03561
1.04345
1.05169
1.05551
1.05381
1.04784
1.03947
1.0306
1.0231
1.01881
1.01932
1.02534
1.03621
1.04977
1.06301
1.07299
1.07769
1.07643
1.06992
1.06013
1.05006
1.04302
1.04165
1.04703
1.05839
1.07364
1.09027
1.10609
1.1196
1.13008
1.13774
1.14362
1.14944
1.15686
1.16664
1.17788
1.18841
1.19579
1.19843
1.19593
1.18881
1.17815
1.16517
1.15098
1.13641
1.12212
1.10859
1.09652
1.08714
1.08202
1.08224
1.08729
1.09544
1.10486
1.11423
1.1226
1.12897
1.13233
1.13188
1.12743
1.11961
1.10969
1.09928
1.08986
1.08242
1.07726
1.074
1.07179
1.0694
1.06558
1.05933
1.05022
1.0388
1.02667
1.01633
1.01053
1.01131
1.0193
1.03355
1.05201
1.07217
1.09172
1.10896
1.12299
1.13358
1.14091
1.14528
1.14677
1.14528
1.1408
1.13389
1.12603
1.1194
1.11595
1.11618
1.11865
1.12062
1.11987
1.11587
1.10961
1.10272
1.0964
1.09102
1.08619
1.08135
1.07628
1.07142
1.06754
1.06536
1.06509
1.06645
1.06903
1.0727
1.07784
1.08506
1.09469
1.10618
1.11804
1.12823
1.13493
1.13722
1.13552
1.13166
1.12846
1.12888
1.1348
1.14625
1.16147
1.17775
1.19234
1.20315
1.20905
1.21002
1.20702
1.20166
1.19567
1.19053
1.18733
