-0.0492374
-0.048924
-0.0483966
-0.047646
-0.046642
-0.0453717
-0.0438353
-0.0419906
-0.0398626
-0.0374119
-0.0346845
-0.031688
-0.0284764
-0.0251353
-0.0218202
-0.0186574
-0.0158012
-0.0133587
-0.0114175
-0.00998394
-0.00901884
-0.0084802
-0.00829901
-0.00837323
-0.00861255
-0.00892991
-0.00930537
-0.00964559
-0.00991902
-0.0101021
-0.0101983
-0.0102506
-0.0102959
-0.0103711
-0.0105073
-0.0106573
-0.0108472
-0.0110272
-0.0111417
-0.0111994
-0.0111856
-0.0111276
-0.0110182
-0.0108532
-0.0106238
-0.0103977
-0.0101537
-0.00994126
-0.00973673
-0.0095696
-0.00940117
-0.00925366
-0.00908654
-0.00888524
-0.00865098
-0.00837378
-0.00806382
-0.00772812
-0.00743453
-0.00718253
-0.00699982
-0.00689051
-0.00683813
-0.0068012
-0.00673961
-0.00662789
-0.00643343
-0.00617472
-0.00588321
-0.0055757
-0.00526909
-0.00500178
-0.00480719
-0.0046866
-0.00466601
-0.00475288
-0.00495756
-0.00526605
-0.0056819
-0.0061388
-0.00660901
-0.00708813
-0.00754193
-0.00792035
-0.00822511
-0.00842367
-0.00851831
-0.00850703
-0.00839381
-0.00821063
-0.00800995
-0.00779994
-0.00764345
-0.00755447
-0.00758437
-0.00775348
-0.00805422
-0.00847265
-0.00897208
-0.0095087
-0.0100706
-0.0105869
-0.0110448
-0.0114259
-0.0117087
-0.0118796
-0.011908
-0.0117855
-0.0114909
-0.0110627
-0.010486
-0.00978762
-0.00898333
-0.00811478
-0.00721863
-0.00635563
-0.00558054
-0.00494183
-0.0044877
-0.00421722
-0.00409816
-0.00415928
-0.00431482
-0.00453793
-0.0048082
-0.00507344
-0.0053123
-0.00551089
-0.00566978
-0.00580412
-0.00590225
-0.00595347
-0.00596839
-0.00595536
-0.00591799
-0.00588026
-0.00587042
-0.0058849
-0.00595134
-0.00609337
-0.00630916
-0.00660085
-0.00692909
-0.00727274
-0.00761621
-0.00791036
-0.0081541
-0.00836758
-0.008532
-0.00866973
-0.00878926
-0.00890865
-0.00904356
-0.00918041
-0.00932164
-0.00944052
-0.00953843
-0.00961102
-0.00962958
-0.00959267
-0.0095321
-0.00943402
-0.00929789
-0.00916181
-0.00900218
-0.00885053
-0.00867658
-0.00849903
-0.00831935
-0.00813772
-0.00796561
-0.00780406
-0.0076503
-0.00751809
-0.00743711
-0.00734422
-0.00726388
-0.00718095
-0.00710452
-0.00700381
-0.00690299
-0.00677703
-0.00661971
-0.00640092
-0.00610662
-0.00577296
-0.00539623
-0.00501631
-0.00464863
-0.00432706
-0.00407852
-0.00390099
-0.00382104
-0.00385051
-0.00395785
-0.00413492
-0.0043751
-0.00466855
-0.0049806
-0.00530237
-0.00560937
-0.00588029
-0.00612614
-0.00630033
-0.00639358
-0.00639238
-0.006312
-0.00610603
-0.00582331
-0.0054671
-0.00507953
-0.00467965
-0.00429275
-0.00396197
-0.00370866
-0.00353758
-0.00343643
-0.00340852
-0.00344635
-0.00350378
-0.00356568
-0.0036395
-0.00370353
-0.00373161
-0.00373025
-0.00369781
-0.00364619
-0.00356042
-0.00344223
-0.00330823
-0.00319244
-0.00308861
-0.0030367
-0.00301207
-0.0030434
-0.00311671
-0.00322186
-0.00335746
-0.00350409
-0.00366781
-0.00384915
-0.00399394
-0.00414229
-0.00427702
-0.00438658
-0.00445723
-0.00450535
-0.00452452
-0.00454293
-0.00455
-0.00456828
-0.00457684
-0.00461181
-0.00467006
-0.00477281
-0.00493477
-0.00515515
-0.00545635
-0.00584243
-0.00632048
-0.00687068
-0.00748926
-0.0081557
-0.00880477
-0.00944704
-0.0099825
-0.0104153
-0.010697
-0.0108562
-0.0108624
-0.010757
-0.0105423
-0.0102459
-0.00991821
-0.00953658
-0.00913042
-0.00871166
-0.00830791
-0.00792499
-0.00755174
-0.00723905
-0.00699223
-0.00684273
-0.00677942
-0.0067936
-0.00688877
-0.00702782
-0.00716974
-0.00732692
-0.00746286
-0.00757178
-0.00768321
-0.00779693
-0.00790849
-0.00803514
-0.0081782
-0.00831034
-0.00839974
-0.00844701
-0.00844457
-0.00837083
-0.00824727
-0.00810058
-0.0079551
-0.00781832
-0.00770092
-0.00759137
-0.00747493
-0.00735519
-0.00725509
-0.00716756
-0.00713054
-0.00715345
-0.00723363
-0.00731907
-0.00742185
-0.0075015
-0.00754401
-0.00753896
-0.0074746
-0.00736466
-0.00722983
-0.00707815
-0.00694024
-0.00686739
-0.00685418
-0.00694094
-0.00709442
-0.00730725
-0.00753564
-0.00773082
-0.00784369
-0.0078703
-0.00777508
-0.00757893
-0.00727105
-0.00690904
-0.00652828
-0.00617937
-0.00588089
-0.00568621
-0.0056028
-0.00562202
-0.00573989
-0.00595395
-0.00621161
-0.0065188
-0.00684495
-0.00716645
-0.00750658
-0.00782233
-0.00811099
-0.00834268
-0.00853212
-0.00863253
-0.0086678
-0.00863275
-0.00857108
-0.00846343
-0.00833496
-0.00818276
-0.00800482
-0.0077823
-0.00750553
-0.00718159
-0.00678669
-0.00639025
-0.00601776
-0.0057026
-0.00546315
-0.00533857
-0.00532917
-0.00542825
-0.00561577
-0.00587296
-0.00616116
-0.00644056
-0.00668152
-0.00686766
-0.00702749
-0.00709902
-0.00712285
-0.00709667
-0.00700643
-0.00686542
-0.00667432
-0.00644826
-0.00616499
-0.00583512
-0.00546826
-0.00508155
-0.00467658
-0.00426464
-0.00389665
-0.00360572
-0.00343294
-0.00338625
-0.00347462
-0.00370265
-0.00402286
-0.00443872
-0.00491488
-0.00543058
-0.00592971
-0.00639284
-0.00683162
-0.00720883
-0.007529
-0.00777233
-0.00796293
-0.00811523
-0.00819399
-0.00821493
-0.00817332
-0.00806213
-0.007877
-0.00763607
-0.00735365
-0.00704328
-0.00675087
-0.00648406
-0.00626422
-0.00611924
-0.00606112
-0.00605865
-0.0061098
-0.00621734
-0.00632631
-0.0064187
-0.00647808
-0.00648112
-0.00640469
-0.0062702
-0.00608236
-0.00583363
-0.0055796
-0.00532348
-0.00510241
-0.00492273
-0.00482422
-0.00479581
-0.00481997
-0.00489715
-0.00500359
-0.00516603
-0.00537373
-0.0056188
-0.00588561
-0.00618085
-0.0064644
-0.0067127
-0.00690301
-0.00702504
-0.00708239
-0.00704697
-0.00691035
-0.00669751
-0.00643184
-0.00615021
-0.00586033
-0.00559425
-0.00540483
-0.00528358
-0.00525123
-0.00530258
-0.00541607
-0.0056031
-0.0058288
-0.00607662
-0.00630337
-0.00649631
-0.00661556
-0.00666762
-0.00661481
-0.00649551
-0.00628984
-0.00600353
-0.00566472
-0.00526008
-0.00483804
-0.00442025
-0.00402422
-0.00364709
-0.00332139
-0.0030469
-0.00284253
-0.00270749
-0.00266372
-0.00270497
-0.00282778
-0.00307848
-0.00339347
-0.00378027
-0.00420072
-0.00462409
-0.00503569
-0.00542118
-0.00572286
-0.00598887
-0.00618357
-0.00629034
-0.00635575
-0.00635812
-0.00634036
-0.0063104
-0.00628377
-0.00627483
-0.00628573
-0.00637357
-0.00649781
-0.0066738
-0.00691358
-0.00716958
-0.0074435
-0.00772992
-0.00800432
-0.00825685
-0.00846183
-0.00862935
-0.00875722
-0.00884528
-0.00889541
-0.00890398
-0.00890012
-0.00887597
-0.00884662
-0.00879471
-0.0087398
-0.00864199
-0.00848612
-0.00828779
-0.00804275
-0.0077409
-0.00741303
-0.0070948
-0.00681868
-0.00659042
-0.0064729
-0.00647349
-0.00658871
-0.00680196
-0.00706607
-0.00734602
-0.00759493
-0.00781605
-0.00799588
-0.00811794
-0.00820226
-0.00825558
-0.00829306
-0.00832898
-0.00835327
-0.00836966
-0.00834767
-0.00829157
-0.00817014
-0.00796961
-0.00771475
-0.00737105
-0.00696959
-0.00649794
-0.00598884
-0.00547103
-0.00496306
-0.00449278
-0.00408278
-0.00374954
-0.00349268
-0.00331088
-0.00323589
-0.00322
-0.00327276
-0.00339684
-0.00359237
-0.00384747
-0.00413715
-0.00445263
-0.00475546
-0.00502771
-0.00526109
-0.0054394
-0.00561401
-0.00578855
-0.00597578
-0.00619793
-0.00646146
-0.00673086
-0.00700335
-0.00725785
-0.00747061
-0.00763444
-0.00773169
-0.00776909
-0.00775532
-0.0076785
-0.0075399
-0.00732131
-0.00703216
-0.00667518
-0.00628775
-0.00588285
-0.00550541
-0.00518192
-0.00493305
-0.00476882
-0.00470075
-0.0047074
-0.00477562
-0.0048841
-0.00503075
-0.00515668
-0.00527545
-0.00542037
-0.0055788
-0.00574945
-0.00596292
-0.00623947
-0.00656996
-0.00695316
-0.00736753
-0.00781763
-0.00826915
-0.00872272
-0.00913854
-0.00947078
-0.00972977
-0.00986297
-0.00988472
-0.00977463
-0.00953537
-0.00920193
-0.0087934
-0.00834698
-0.00789841
-0.00748902
-0.00714773
-0.00686529
-0.00665176
-0.00650633
-0.00641096
-0.00635914
-0.00633629
-0.00634587
-0.00633705
-0.00633787
-0.00633009
-0.00632366
-0.00631039
-0.0062694
-0.00621234
-0.00611777
-0.00599736
-0.00584888
-0.00565646
-0.00542856
-0.00515088
-0.00481133
-0.00441483
-0.00396917
-0.00350932
-0.00309564
-0.00277049
-0.0026154
-0.00264882
-0.00287928
-0.00326204
-0.00373977
-0.00427243
-0.00480935
-0.00529103
-0.00571178
-0.00605792
-0.00632353
-0.00648017
-0.00655162
-0.00657062
-0.00654545
-0.00654351
-0.00660544
-0.00676512
-0.00702511
-0.00735386
-0.00772246
-0.00807208
-0.00833147
-0.00850602
-0.00857164
-0.00855414
-0.008459
-0.00829157
-0.00806281
-0.0078035
-0.00749414
-0.00715745
-0.00678513
-0.00641222
-0.00602575
-0.00565773
-0.00534168
-0.00509545
-0.00492875
-0.00487397
-0.00494027
-0.00507177
-0.00526
-0.00546646
-0.0056457
-0.00578037
-0.00584996
-0.00583706
-0.00579641
-0.00574982
-0.00575781
-0.00586517
-0.00603065
-0.00625724
-0.00650288
-0.00673573
-0.00691591
-0.00705948
-0.00716773
-0.00728302
-0.0073946
-0.0075496
-0.00777492
-0.00805465
-0.0083484
-0.00864386
-0.00887868
-0.0090287
-0.00908431
-0.00900008
-0.00883373
-0.00859368
-0.00833284
-0.00811442
-0.00798165
-0.00796094
-0.00804865
-0.00822766
-0.00845331
-0.00871237
-0.00894464
-0.0091281
-0.00926621
-0.00936308
-0.00943241
-0.00949536
-0.0095452
-0.0095779
-0.00960525
-0.00962944
-0.00962196
-0.00961472
-0.00960141
-0.00957342
-0.0095748
-0.00960175
-0.00964091
-0.00967792
-0.00972524
-0.00976623
-0.00977794
-0.00975366
-0.00968912
-0.00959621
-0.00947028
-0.0093128
-0.00914014
-0.00894584
-0.00874695
-0.00851852
-0.00827577
-0.00799088
-0.00769607
-0.00740145
-0.00713361
-0.00689802
-0.0066995
-0.00652717
-0.00637851
-0.00623783
-0.00609695
-0.00594719
-0.00578548
-0.00566301
-0.00555634
-0.0054886
-0.00542363
-0.00538855
-0.00535436
-0.00534132
-0.00536779
-0.00541344
-0.0054902
-0.00560377
-0.00572312
-0.0058008
-0.00581149
-0.00576119
-0.00563299
-0.00546367
-0.00527025
-0.0050944
-0.0049745
-0.00491993
-0.00493258
-0.00502412
-0.0051307
-0.00527439
-0.0054122
-0.0055584
-0.00570056
-0.00581152
-0.00592833
-0.00601504
-0.00608039
-0.00614195
-0.00618919
-0.00624958
-0.0062825
-0.00630637
-0.00634894
-0.00640869
-0.00649741
-0.00662555
-0.00676023
-0.00691669
-0.00710783
-0.00730257
-0.00753335
-0.0078054
-0.00807996
-0.00834783
-0.00864782
-0.00891368
-0.00915296
-0.00933611
-0.00944389
-0.00947288
-0.00938842
-0.00918986
-0.00887951
-0.00844083
-0.00790904
-0.00729856
-0.00665631
-0.0060448
-0.00548356
-0.00503218
-0.00470658
-0.00451465
-0.00445259
-0.00451436
-0.00469138
-0.00499388
-0.00540187
-0.0059199
-0.0065204
-0.00716351
-0.00780515
-0.0083961
-0.00889306
-0.00926819
-0.00947725
-0.00950174
-0.00937187
-0.00909913
-0.00869996
-0.00825277
-0.00778748
-0.0073667
-0.00704907
-0.00683715
-0.00676311
-0.00682722
-0.00697345
-0.00722846
-0.00752948
-0.00785685
-0.0081743
-0.00847861
-0.00877844
-0.00907436
-0.00936803
-0.00963995
-0.00993824
-0.0101919
-0.0104272
-0.0106051
-0.0107445
-0.0108526
-0.0109493
-0.0110097
-0.0110458
-0.0110846
-0.0111051
-0.0111071
-0.0110814
-0.0110407
-0.0109739
-0.0109409
-0.0109211
-0.0109422
-0.0110174
-0.011126
-0.0112533
-0.011386
-0.0115003
-0.0115622
-0.0115589
-0.0114701
-0.0113033
-0.011074
-0.0107581
-0.01038
-0.00997095
-0.00955368
-0.00914849
-0.00878281
-0.00851148
-0.0083385
-0.00827877
-0.00832828
-0.00848419
-0.00873207
-0.00905577
-0.00941687
-0.00977547
-0.0101037
-0.0104036
-0.0106419
-0.0108105
-0.0109275
-0.0109951
-0.011001
-0.0109387
-0.0108234
-0.0106441
-0.0104254
-0.010173
-0.00990472
-0.00964845
-0.0094277
-0.00925188
-0.00916158
-0.00914887
-0.00919196
-0.0092701
-0.00934397
-0.00939307
-0.00938139
-0.0092862
-0.00910466
-0.00883763
-0.00848571
-0.00807908
-0.00762213
-0.007162
-0.00672907
-0.00635455
-0.00605174
-0.00581832
-0.00566696
-0.00558835
-0.00552598
-0.00548456
-0.00545269
-0.00538978
-0.00528614
-0.00514595
-0.00498702
-0.00481027
-0.00461733
-0.00443229
-0.0042841
-0.0041389
-0.00402776
-0.00396562
-0.00394353
-0.0039715
-0.00405363
-0.00419485
-0.00437945
-0.00460435
-0.0048243
-0.00505086
-0.0052564
-0.00543166
-0.00560485
-0.00579196
-0.00598353
-0.00618923
-0.00638984
-0.00660769
-0.0068171
-0.00698221
-0.0071077
-0.0071925
-0.00723926
-0.00350552
-0.0032667
-0.00275885
-0.00203703
-0.00116203
-0.00016386
0.000944133
0.00214095
0.00339847
0.00471086
0.00599438
0.00716464
0.00806173
0.00863453
0.00891467
0.00906223
0.00921699
0.00947048
0.0098306
0.0102248
0.010572
0.0107835
0.0107668
0.0105467
0.0101432
0.00960236
0.00898681
0.00835907
0.00777365
0.00727013
0.00687142
0.00660635
0.00642129
0.00630518
0.00622556
0.00613743
0.00599186
0.00575902
0.00544616
0.00507871
0.00471846
0.00442813
0.00428656
0.00432907
0.00459892
0.00504005
0.00556694
0.0060679
0.00644808
0.00665501
0.00664727
0.00644312
0.00607804
0.00558253
0.00505024
0.00455254
0.00412826
0.00379862
0.00357322
0.00341669
0.00330887
0.00325973
0.00321255
0.00315147
0.00305376
0.00288746
0.00270702
0.00254843
0.00243999
0.00243462
0.00258733
0.0028983
0.00334661
0.00389289
0.00447494
0.00505644
0.00563298
0.0061923
0.00676564
0.0073401
0.00790222
0.00846164
0.00897043
0.0094255
0.00976786
0.00996888
0.0100373
0.00996905
0.0097546
0.00937771
0.00884158
0.00813183
0.00736443
0.00664853
0.00612266
0.00586602
0.00590846
0.00625102
0.00683611
0.00756572
0.00835759
0.00910841
0.00971988
0.0101335
0.0103447
0.010393
0.0103317
0.0102156
0.0101014
0.0100156
0.00994125
0.00985183
0.00976875
0.00967534
0.00959815
0.00957397
0.00962559
0.00977791
0.0100437
0.0103828
0.0107695
0.0110875
0.0112285
0.0110642
0.0106176
0.0099865
0.00931533
0.00873212
0.00828133
0.00797625
0.0078149
0.00777435
0.00780121
0.00786097
0.00787557
0.00785418
0.00773188
0.00752992
0.00727061
0.006953
0.00663578
0.00635121
0.00613885
0.00598351
0.00594332
0.00601032
0.00624195
0.006591
0.00710392
0.00771159
0.00839948
0.00914201
0.00992678
0.0107207
0.0114691
0.0121519
0.0127439
0.013181
0.0133891
0.0133575
0.013013
0.0124019
0.0115906
0.010681
0.00980505
0.00903285
0.00842187
0.00797188
0.00764041
0.00743131
0.00730366
0.0072488
0.00727054
0.00740396
0.00766299
0.0080883
0.00865138
0.00932728
0.00999468
0.0105572
0.0108791
0.0108713
0.0105237
0.00994884
0.0092671
0.00862032
0.00812301
0.00779094
0.00757857
0.00749608
0.00751658
0.00762224
0.00777972
0.00793104
0.00808008
0.00819292
0.00827025
0.00831985
0.00837016
0.00840944
0.0084361
0.00842089
0.00835456
0.0082701
0.00812516
0.00794587
0.00772583
0.00742002
0.00705157
0.00660212
0.00610357
0.00557806
0.00511265
0.00476634
0.00460848
0.00467155
0.00499352
0.00554469
0.00627222
0.00703661
0.0077636
0.00833562
0.0087146
0.00888103
0.0089103
0.00887332
0.00883093
0.00885378
0.00896271
0.0091705
0.00943959
0.00974152
0.0100215
0.0102532
0.0104458
0.0106038
0.0107137
0.0107511
0.010695
0.0104849
0.0101473
0.00970556
0.00923226
0.00877801
0.00846352
0.00831287
0.00831083
0.0084102
0.00855563
0.00870745
0.00882581
0.00887197
0.00887887
0.00878775
0.00861175
0.00834327
0.00800797
0.00765239
0.00735889
0.00715625
0.00703812
0.00699446
0.00698804
0.00698974
0.00694947
0.00689211
0.00678582
0.0066568
0.00657352
0.00655436
0.00666112
0.00690074
0.0072813
0.00773078
0.00816985
0.00847744
0.00855896
0.00834719
0.00785707
0.00717708
0.00639712
0.00562941
0.0049859
0.0044552
0.00402923
0.00367091
0.00332315
0.00294184
0.00255227
0.00216221
0.00180869
0.00155938
0.00142251
0.00143233
0.00160179
0.00190959
0.00235692
0.00287772
0.00344766
0.00406855
0.00469732
0.00529418
0.005853
0.00630061
0.00662543
0.00679314
0.00681879
0.00674729
0.00666835
0.0066079
0.00659438
0.00660001
0.00660389
0.00658552
0.00652426
0.00638942
0.00619686
0.00590673
0.00556347
0.00519012
0.00488193
0.00464827
0.00454099
0.00458152
0.00476765
0.00507363
0.00547165
0.00590078
0.00629364
0.00660198
0.00679659
0.00692379
0.00699649
0.00705236
0.00711854
0.00719234
0.00729196
0.00741006
0.00757611
0.00778111
0.00802073
0.00827527
0.00850396
0.00864145
0.00863489
0.00847979
0.00818382
0.00778658
0.00738772
0.00704861
0.00680275
0.00667361
0.00665486
0.00675391
0.00698725
0.00738573
0.0079302
0.00856834
0.00923139
0.00987666
0.0104789
0.0110208
0.0115507
0.0120973
0.0126401
0.0131822
0.0137032
0.0141319
0.0144097
0.0145145
0.0144091
0.0140916
0.0136182
0.0130195
0.012335
0.0116202
0.0109277
0.0102918
0.00974452
0.00930065
0.00898186
0.00880651
0.00872374
0.00873065
0.00878931
0.00884891
0.00889216
0.00892178
0.00896175
0.00899801
0.00904262
0.00910018
0.00918282
0.00930996
0.00947284
0.0096829
0.00988773
0.0100756
0.0102023
0.0102369
0.0101665
0.00994571
0.00960762
0.00920701
0.00873741
0.00827524
0.00784426
0.00751238
0.00728077
0.00717456
0.00724479
0.00749064
0.00789235
0.00840483
0.00894407
0.00939964
0.00971471
0.00991775
0.010105
0.0104009
0.0109132
0.011723
0.0128288
0.0142219
0.0158005
0.0173584
0.0186879
0.0195865
0.0200251
0.0200833
0.0198974
0.0195655
0.0191449
0.0186757
0.0182029
0.0177603
0.0173907
0.0171019
0.0168384
0.0165828
0.0162749
0.015943
0.0155595
0.0151475
0.0146985
0.0141919
0.0136391
0.0130602
0.0124864
0.0119442
0.01145
0.011021
0.0106758
0.0103814
0.0101413
0.00995826
0.00981618
0.00973398
0.00974285
0.00985493
0.0100749
0.0103933
0.0107705
0.0111482
0.011461
0.0117181
0.0118689
0.011942
0.0119926
0.0120174
0.0120316
0.012062
0.0121182
0.0122452
0.012441
0.0126889
0.0129667
0.0132607
0.0135015
0.0136326
0.0136803
0.0136288
0.0134888
0.0132519
0.0129691
0.0126215
0.0122411
0.0118044
0.0113119
0.0107485
0.0101346
0.00950894
0.00894385
0.00847038
0.00812314
0.00790117
0.00779932
0.0078232
0.00798672
0.0082742
0.00866017
0.00910717
0.00957305
0.0100027
0.0103643
0.0106332
0.0108105
0.0109012
0.0109231
0.0108998
0.0108738
0.0108896
0.0109887
0.0111992
0.0115382
0.0119764
0.0124506
0.0129043
0.0132506
0.0134435
0.0134874
0.0134041
0.013227
0.0130023
0.0127959
0.0126689
0.0126311
0.0126906
0.0128137
0.0129125
0.0129347
0.0128923
0.0127284
0.0124779
0.0121135
0.0116317
0.0110072
0.0102581
0.00939121
0.00849251
0.00762854
0.00688013
0.00627753
0.00589853
0.00573657
0.00579362
0.0060296
0.00641051
0.00692062
0.00749355
0.00809407
0.0086739
0.00919752
0.00966527
0.0100213
0.0102192
0.0102278
0.0100322
0.00965182
0.00913835
0.00852567
0.00787019
0.00720483
0.00659092
0.00602075
0.00550784
0.00512911
0.00489788
0.00485839
0.00503038
0.005406
0.0059942
0.0067513
0.00764443
0.00858627
0.00948932
0.0102504
0.0107696
0.0110147
0.0109204
0.0104961
0.00978728
0.00893691
0.00807298
0.00733299
0.00678468
0.00648527
0.00644685
0.00665219
0.00707309
0.00765595
0.00839177
0.00920367
0.0100652
0.0109019
0.0116834
0.0123239
0.0127682
0.0130422
0.0131746
0.0132219
0.0132811
0.0133926
0.0136174
0.01392
0.0143124
0.014701
0.0150906
0.0154253
0.0156405
0.0156947
0.0155746
0.0152752
0.0148562
0.0144013
0.0140145
0.0137404
0.0136498
0.0137046
0.0138894
0.014167
0.0145067
0.0148897
0.0152627
0.015605
0.0158573
0.0160253
0.016067
0.0160089
0.0158678
0.0156471
0.015383
0.0150688
0.0147174
0.0142593
0.0136953
0.0130599
0.0123472
0.0116338
0.0109478
0.010346
0.00983541
0.00950188
0.00936925
0.00944488
0.00972022
0.0101991
0.0108389
0.0115516
0.0122985
0.0129848
0.0135513
0.0139931
0.0142931
0.0144861
0.0146142
0.0147205
0.0148712
0.015056
0.0153158
0.0155918
0.0158669
0.0160452
0.0161056
0.0159786
0.0156985
0.0152711
0.0147243
0.0141679
0.0136282
0.0131986
0.0128995
0.0127873
0.0128442
0.0130224
0.0133256
0.0136306
0.0138636
0.0139714
0.0139158
0.0137067
0.0133303
0.0128395
0.0123565
0.0119207
0.0116127
0.0114578
0.0114669
0.0116269
0.0118801
0.0121566
0.0123609
0.0124696
0.0124673
0.0123506
0.0121629
0.0119455
0.0117318
0.0115385
0.0113835
0.0112701
0.0111898
0.0111106
0.0109631
0.010733
0.0103502
0.00980508
0.0091455
0.00843965
0.00777379
0.00723182
0.00687255
0.00670985
0.00674202
0.00695107
0.00732381
0.0078397
0.00841191
0.0089841
0.00940975
0.00963854
0.00965016
0.00945935
0.0091267
0.00873785
0.00840721
0.00818262
0.00807224
0.00804132
0.00803984
0.00800658
0.00792003
0.00778294
0.00761558
0.007436
0.00727651
0.00715113
0.00713409
0.00721666
0.00739902
0.00768153
0.00797303
0.00825541
0.00846007
0.00854735
0.00854458
0.00843381
0.00826192
0.00801831
0.00774135
0.00746137
0.00725267
0.00713257
0.00720094
0.00743151
0.00787952
0.0085179
0.00928483
0.0101238
0.0109936
0.0118656
0.0127029
0.0134652
0.0141135
0.0145588
0.0147604
0.014669
0.014362
0.0139146
0.0134
0.0129212
0.0124828
0.0121084
0.0118116
0.011598
0.0114433
0.0113204
0.0112197
0.0110882
0.0109388
0.010828
0.0107666
0.0108031
0.0109278
0.0110873
0.0112766
0.01138
0.0114137
0.0113482
0.0111805
0.0108753
0.0104794
0.00998993
0.00944707
0.00888442
0.00834411
0.00784005
0.00740464
0.00704235
0.00671676
0.00639503
0.00603958
0.00566999
0.00531633
0.00501567
0.00481918
0.00477307
0.00485472
0.00501289
0.00521502
0.00540683
0.00557232
0.00570132
0.00579966
0.00588374
0.0060043
0.00622506
0.00657104
0.00707648
0.00773747
0.00852183
0.00937652
0.01027
0.0110867
0.0117408
0.0121343
0.0122186
0.0120092
0.0115605
0.0109662
0.0103665
0.0098528
0.00948322
0.00929303
0.00923313
0.00925015
0.00932333
0.00938962
0.00945378
0.00954971
0.00967265
0.00980726
0.00997245
0.010085
0.0101309
0.0100863
0.00996551
0.00979366
0.0096267
0.00953035
0.00947677
0.0095059
0.00955258
0.00960949
0.00964194
0.00966017
0.00968076
0.00972088
0.00973814
0.00975762
0.00974499
0.00970031
0.00965597
0.00959404
0.00956964
0.00958199
0.00964719
0.00976408
0.00993036
0.0101353
0.0103586
0.0105613
0.0107021
0.0107733
0.0107325
0.0106058
0.0103966
0.0101488
0.00987682
0.00964265
0.00943402
0.00925362
0.00913407
0.00903979
0.00897978
0.00894981
0.00894509
0.00896146
0.00894825
0.00889644
0.00875743
0.0085555
0.00831415
0.00806309
0.00786993
0.00778979
0.00786121
0.00806176
0.00839243
0.00884771
0.00938253
0.00999678
0.0106632
0.0113274
0.0119752
0.0125543
0.0130451
0.0134065
0.013574
0.0135192
0.01324
0.0127418
0.0121425
0.0115147
0.0109729
0.0106131
0.0104544
0.010517
0.0107145
0.0109639
0.011159
0.0112432
0.0111832
0.0110192
0.010792
0.0105652
0.0104272
0.0104026
0.0104745
0.0106171
0.0108088
0.0110387
0.0112824
0.0115446
0.0117771
0.0119733
0.0120532
0.0119447
0.0116432
0.0111482
0.0105417
0.00987254
0.00922825
0.00864026
0.00814851
0.00775908
0.00745181
0.00722077
0.00705927
0.00697763
0.00693788
0.0069336
0.00694586
0.00700575
0.0071096
0.00722627
0.00736232
0.00750413
0.00766907
0.00785464
0.00804245
0.00818887
0.00832209
0.00842305
0.00845475
0.00847966
0.00848026
0.00846606
0.00844476
0.00842963
0.00840054
0.00828894
0.00806383
0.00767409
0.00721706
0.00675608
0.00638159
0.00614876
0.00610257
0.00626515
0.00664657
0.00717043
0.00781006
0.00844093
0.00900376
0.00936056
0.0094667
0.00928343
0.00883511
0.00822206
0.00759224
0.00704575
0.00668547
0.00654887
0.00662322
0.00691377
0.00733016
0.00782973
0.00837924
0.00894334
0.0116991
0.0126031
0.0135356
0.0144066
0.0150867
0.015449
0.0153232
0.0146348
0.0134241
0.0119229
0.010389
0.009047
0.00802714
0.00739085
0.00716635
0.0073044
0.0077666
0.00853752
0.00956968
0.0108491
0.0123473
0.0139779
0.0155487
0.0167954
0.0175638
0.0178489
0.0178073
0.01759
0.0173281
0.0170483
0.0167779
0.0164663
0.0161742
0.0158713
0.01561
0.0153762
0.0152184
0.0151497
0.0151403
0.0151462
0.0151447
0.0150892
0.0149805
0.0148491
0.0147313
0.0145977
0.0144468
0.0142169
0.0139
0.0135026
0.0130637
0.0126727
0.0124217
0.0123522
0.0125015
0.012874
0.0133688
0.0140053
0.0147473
0.0155791
0.0164884
0.0174513
0.0183977
0.0192756
0.0200196
0.0205963
0.0209755
0.0211959
0.0212737
0.0212049
0.0210359
0.0207763
0.0204294
0.0199983
0.0194459
0.018804
0.0181457
0.0175479
0.0170838
0.0168038
0.0167216
0.0168291
0.0170915
0.0174555
0.0178333
0.0180936
0.0181007
0.0178402
0.0173929
0.0168933
0.0164834
0.0162127
0.0160745
0.0160103
0.0159424
0.0158625
0.0157178
0.0155137
0.0152459
0.0149753
0.014744
0.014573
0.0145492
0.0147218
0.0150903
0.0156504
0.0163853
0.0172106
0.0180382
0.0187201
0.0191538
0.0193015
0.0192382
0.0190406
0.0187811
0.018535
0.0183331
0.0182247
0.0181971
0.0182189
0.018277
0.0183239
0.0183363
0.0183259
0.0182824
0.0182093
0.0180978
0.0180001
0.0179029
0.0177505
0.0175525
0.0172909
0.0169934
0.0167065
0.0165028
0.0164195
0.0165146
0.0168412
0.0174176
0.0182354
0.0192981
0.0205139
0.021789
0.0229937
0.0239971
0.0247229
0.0251186
0.0252555
0.0251544
0.0248319
0.0242745
0.0235366
0.0227074
0.0218903
0.0211843
0.0206251
0.0202118
0.0198962
0.019629
0.0193736
0.0190855
0.0187293
0.0183412
0.017866
0.017297
0.0166231
0.0158529
0.0150515
0.014262
0.0135468
0.0129502
0.0124624
0.0121113
0.0118553
0.0116678
0.011551
0.011474
0.0114715
0.0115207
0.0116437
0.0118476
0.012154
0.0125307
0.012928
0.013316
0.0136748
0.0139587
0.0141687
0.0143099
0.0144375
0.0145734
0.0147268
0.0149722
0.0153694
0.0159483
0.0167514
0.0177417
0.0188418
0.0198552
0.020623
0.0210289
0.0210795
0.020891
0.0205598
0.0202333
0.0199195
0.0197183
0.0196147
0.0195816
0.0195507
0.0194888
0.0193729
0.0192133
0.0189841
0.0186766
0.0183187
0.0178988
0.0173906
0.0167765
0.016031
0.0151248
0.0140998
0.0130456
0.0120571
0.01126
0.0107054
0.0104796
0.0105999
0.0110507
0.0118207
0.012833
0.014
0.0151947
0.0163765
0.017536
0.01863
0.0196759
0.0206289
0.0214469
0.0221271
0.0226271
0.0229429
0.0230371
0.0229245
0.0226126
0.0221464
0.0215694
0.0209539
0.0203418
0.0197726
0.0192383
0.0187083
0.0181886
0.0177054
0.0172614
0.0169252
0.0167195
0.0166473
0.0166667
0.0167155
0.0167291
0.0166876
0.0165979
0.0165045
0.016433
0.0164038
0.0164328
0.0164884
0.0165854
0.0167054
0.0168254
0.0169304
0.0169815
0.0170295
0.0171017
0.0172542
0.0175163
0.0178583
0.0182515
0.0186188
0.0189247
0.0191917
0.0194113
0.0195588
0.0195452
0.0193377
0.0188913
0.0182793
0.0175455
0.0168493
0.0162318
0.0157353
0.015384
0.015175
0.015133
0.0152801
0.0156855
0.0163175
0.0170668
0.0177722
0.0182268
0.0183887
0.0183368
0.0181937
0.0180936
0.0181018
0.0181795
0.0182774
0.0183419
0.0182956
0.0181317
0.0178677
0.0175564
0.0173253
0.0172341
0.0173272
0.0175655
0.0179211
0.0182923
0.0185635
0.0186637
0.0185863
0.0183304
0.0179852
0.0175891
0.0172313
0.0168971
0.0166413
0.016407
0.0161665
0.0159347
0.0157287
0.0155711
0.0154246
0.0152239
0.0148956
0.0143759
0.0137679
0.0131498
0.0126219
0.0122678
0.0120977
0.0120807
0.0121543
0.0122738
0.012438
0.0126253
0.0128721
0.0131835
0.0135841
0.0140459
0.0145374
0.01497
0.0152864
0.0154041
0.0153499
0.0152215
0.015117
0.0151726
0.0154231
0.0158239
0.0163459
0.0169703
0.0175837
0.0181535
0.0186268
0.0189701
0.0192133
0.0194137
0.0196329
0.0199158
0.020281
0.0207143
0.0211447
0.0214719
0.0216469
0.0215716
0.0211943
0.0204605
0.0193985
0.0180116
0.0164203
0.0147418
0.0131798
0.0118628
0.0109363
0.010413
0.0103533
0.0107688
0.0115926
0.0127552
0.0140955
0.0153824
0.0163969
0.0169867
0.0171707
0.0170435
0.0167572
0.0164073
0.0160567
0.0157208
0.0154856
0.0153208
0.0152625
0.0153002
0.015424
0.015644
0.015949
0.0163231
0.0168059
0.0173424
0.0179268
0.0184791
0.0189758
0.0193868
0.019711
0.020008
0.020293
0.0206061
0.0209902
0.0213905
0.0217114
0.0218895
0.0217986
0.0213979
0.0207881
0.0200433
0.0193244
0.0187187
0.0182932
0.0180797
0.0180704
0.0182135
0.0184705
0.0187656
0.0190087
0.019157
0.0191648
0.019005
0.0186536
0.018166
0.0176043
0.0170914
0.0166904
0.0164944
0.0165702
0.0169669
0.017712
0.0187809
0.0200665
0.0214315
0.0226863
0.0236434
0.0241937
0.0243883
0.0243272
0.024135
0.0239
0.0236081
0.0232111
0.0226727
0.0220002
0.0211797
0.0203283
0.0194931
0.0187635
0.0181917
0.0178392
0.017732
0.0178087
0.0180204
0.0183408
0.0187068
0.0191184
0.0195348
0.0199321
0.0203336
0.0206466
0.0208831
0.0209873
0.0209259
0.020643
0.0200851
0.0193154
0.0184451
0.0176509
0.017082
0.0167228
0.0165972
0.01664
0.01673
0.0168296
0.0168651
0.0168449
0.0167531
0.0165855
0.0163226
0.0159184
0.0153914
0.0147423
0.0140319
0.0133621
0.0127894
0.0123514
0.0120183
0.0117987
0.0116672
0.0116468
0.0117383
0.0119719
0.012271
0.0125875
0.0128385
0.0130382
0.0132064
0.0134493
0.0138139
0.0143935
0.0151146
0.0158562
0.0165176
0.0169862
0.0171738
0.0171046
0.0168399
0.0164403
0.0160348
0.0157103
0.0154517
0.015299
0.015218
0.0151539
0.0150805
0.0150182
0.0149378
0.0148793
0.0148435
0.0148528
0.0149123
0.0150116
0.0151744
0.0153637
0.0155914
0.0158526
0.016124
0.0163638
0.0165042
0.0165232
0.0163352
0.0159336
0.0153738
0.0147212
0.0141007
0.0136099
0.0133538
0.0133726
0.0136624
0.0142458
0.0150789
0.016096
0.0172232
0.0183657
0.0194419
0.0203482
0.0210276
0.0214053
0.0214694
0.0212644
0.0208653
0.0203462
0.0198103
0.0192888
0.0187637
0.0182613
0.0178244
0.017534
0.0173983
0.0174738
0.0176746
0.0178818
0.018008
0.0179261
0.0176344
0.0171847
0.0166799
0.0162855
0.0160975
0.0161141
0.0163009
0.0164695
0.0164732
0.0162024
0.0156364
0.0148006
0.0138304
0.0128418
0.0119873
0.0113063
0.0108548
0.0106155
0.010574
0.010742
0.0111342
0.0117648
0.0126622
0.0137816
0.0150642
0.0164375
0.0177329
0.0187889
0.0194618
0.0196951
0.0195231
0.0190604
0.0184982
0.0179934
0.0176481
0.0175438
0.0176732
0.0180211
0.0185312
0.0191489
0.019783
0.020374
0.0208527
0.0212213
0.0214383
0.0215216
0.0214382
0.021181
0.0207797
0.0202295
0.0195871
0.0188948
0.0182097
0.0175779
0.0169911
0.0165555
0.0162437
0.0161147
0.0161343
0.0162657
0.0164642
0.0166491
0.016767
0.0167796
0.0167038
0.0165789
0.0164606
0.0164336
0.01655
0.0168338
0.0172769
0.0178859
0.0186178
0.0194235
0.0202433
0.0210553
0.0218452
0.0226007
0.0232979
0.0239196
0.0244452
0.0248579
0.0252244
0.0255992
0.0260172
0.0263699
0.0265583
0.0264143
0.0258287
0.0248665
0.0236118
0.0222239
0.0208248
0.0195456
0.0184616
0.0176422
0.0170875
0.0167317
0.0165339
0.0164037
0.0163149
0.0162338
0.0162263
0.0162712
0.0164139
0.0166253
0.0168878
0.0171869
0.0174748
0.0176769
0.0177077
0.0175003
0.0170958
0.0165381
0.0159171
0.0153538
0.014936
0.0147451
0.0147924
0.0150726
0.0155577
0.0161944
0.0169611
0.0178021
0.0186632
0.0194592
0.0200889
0.0204337
0.0204324
0.0200982
0.0194881
0.0187485
0.0179112
0.0170624
0.0162623
0.0154768
0.0148036
0.0141975
0.0137121
0.0133533
0.0131464
0.0130935
0.0132689
0.0136789
0.0143099
0.0150221
0.0156726
0.0160491
0.0161163
0.0159366
0.0156789
0.015449
0.0153386
0.0154157
0.0157237
0.0162545
0.0170237
0.0179391
0.018909
0.0197721
0.0203583
0.0205858
0.0204756
0.0201009
0.0195783
0.0189794
0.0183632
0.0177353
0.0170477
0.0163185
0.0155556
0.014838
0.0142511
0.0138131
0.0135332
0.0133859
0.0133159
0.0132799
0.0132832
0.0133067
0.013363
0.0134831
0.0136939
0.0140232
0.0144572
0.0149977
0.0156128
0.0162543
0.0167951
0.0171491
0.0172868
0.0172295
0.0171129
0.0169963
0.016925
0.0169207
0.0169367
0.0169249
0.0168572
0.0166555
0.0163227
0.0158374
0.0152199
0.0145512
0.0139324
0.0134486
0.0132282
0.0133107
0.0137136
0.0144516
0.0154683
0.0166401
0.0178801
0.0189874
0.0198029
0.0202369
0.0203354
0.020181
0.0199034
0.0196128
0.0193713
0.019152
0.0188876
0.0184809
0.0179083
0.0171235
0.0162251
0.0152602
0.0143427
0.0135895
0.01305
0.0127649
0.0127333
0.0129573
0.0133968
0.0140708
0.014964
0.0160082
0.0171278
0.0182754
0.0193411
0.0202338
0.0209067
0.0213881
0.0216237
0.0216621
0.0215522
0.0213805
0.0212184
0.0211717
0.0212066
0.0212677
0.0212926
0.021221
0.0209466
0.0204443
0.0197411
0.0188461
0.0178385
0.0168022
0.0158199
0.0148946
0.0140837
0.0133735
0.0127954
0.0123262
0.0119802
0.0117471
0.011622
0.0115509
0.0115516
0.0116155
0.0117778
0.0120385
0.0123894
0.012825
0.0132619
0.0136884
0.0140583
0.0143659
0.0146378
0.0148565
0.015107
0.0153933
0.0157294
0.0161027
0.0164557
0.0168415
0.017191
0.017465
0.0176465
0.0177446
0.0178151
0.0179161
0.0181078
0.0184202
0.0188169
0.0192657
0.0196604
0.0199542
0.0200977
0.0200422
0.0198017
0.0193744
0.0187731
0.0180306
0.0172336
0.0164187
0.0156755
0.0150591
0.0146126
0.0143819
0.0142738
0.0142773
0.0142684
0.0141274
0.0137557
0.0131628
0.0124072
0.0116477
0.0110346
0.0106533
0.010535
0.0106192
0.0108185
0.0110259
0.011175
0.0112027
0.0111185
0.0109349
0.0106801
0.0103464
0.00998001
0.00963792
0.00942092
0.00933667
0.00945767
0.00974897
0.0102016
0.010737
0.011273
0.0117084
0.0119939
0.0121799
0.0123069
0.0124384
0.0125902
0.0127695
0.0130184
0.0133717
0.013804
0.0142403
0.0145641
0.0146856
0.0145897
0.0143407
0.0140068
0.0137285
0.0134943
0.0133443
0.0132511
0.0132195
0.01329
0.0135156
0.0139514
0.0145828
0.0153721
0.0162555
0.0171186
0.0178711
0.0183885
0.0186065
0.0185223
0.0182629
0.0179339
0.0175964
0.0172887
0.0169939
0.0167011
0.016386
0.0159864
0.0154866
0.0148795
0.0142189
0.0135438
0.0129244
0.0123681
0.0119052
0.0114902
0.0111925
0.0110015
0.0109325
0.0109498
0.0110502
0.0111552
0.0112283
0.0112508
0.0112843
0.0113505
0.0115028
0.0117622
0.0121296
0.0125925
0.0131755
0.0138254
0.0145204
0.0152269
0.0158375
0.0163235
0.0166594
0.0169001
0.0171039
0.0173384
0.017612
0.0179122
0.0182348
0.0185205
0.0187539
0.0198967
0.020305
0.0207091
0.0211067
0.0214947
0.0218778
0.0221415
0.0222353
0.0220714
0.0216186
0.0209422
0.0201538
0.0193424
0.0186066
0.0180093
0.0175769
0.0172906
0.0171683
0.0171263
0.0171443
0.0171895
0.0172503
0.017323
0.0174343
0.0175825
0.0177518
0.0179702
0.0182617
0.0185902
0.0189836
0.0193484
0.0196298
0.01976
0.0197054
0.0194663
0.0191471
0.0187626
0.0184064
0.0180782
0.0178716
0.0177462
0.0176942
0.0176224
0.0174752
0.0171946
0.0167603
0.0162035
0.0155857
0.0149567
0.014394
0.0139169
0.0135664
0.0133479
0.0132449
0.0132628
0.0134023
0.0136994
0.0141078
0.0145747
0.0150267
0.0153733
0.0155651
0.0156911
0.0158673
0.0161465
0.0165034
0.0168592
0.0170758
0.0170784
0.0169069
0.0165692
0.0162147
0.0159054
0.0157106
0.0156255
0.0155985
0.0155947
0.0155298
0.0153443
0.0150427
0.0146603
0.0143276
0.0141286
0.014144
0.0144042
0.0147805
0.0151721
0.015472
0.0156163
0.0156295
0.0155434
0.0154293
0.0153501
0.0153801
0.015554
0.015931
0.016534
0.0173203
0.0181796
0.0190491
0.0197912
0.0204068
0.020922
0.0214178
0.0219109
0.022365
0.0226801
0.0227611
0.0225816
0.0221409
0.0215116
0.0207506
0.0199285
0.0191046
0.0183828
0.0178099
0.0174879
0.0174431
0.0176929
0.0182123
0.0189668
0.0199368
0.0209987
0.0220049
0.0227448
0.0230867
0.0229685
0.0224581
0.0216706
0.0207588
0.0198211
0.018917
0.0181001
0.0174105
0.0168562
0.0165331
0.0164287
0.0165717
0.0169279
0.017484
0.0181937
0.019035
0.0199753
0.0209592
0.0219112
0.0228183
0.023674
0.0244724
0.025254
0.0259676
0.0265753
0.0269877
0.027176
0.0271594
0.0269409
0.0265069
0.02587
0.0251185
0.0243742
0.023687
0.0230921
0.0225163
0.0219422
0.021306
0.02057
0.0197734
0.018985
0.0182545
0.0176522
0.0171718
0.016857
0.0166559
0.0165625
0.0165609
0.0166177
0.016723
0.0168749
0.0170358
0.0171858
0.0173314
0.0175016
0.0177291
0.018098
0.0186309
0.01937
0.0202355
0.0210936
0.0217305
0.0219083
0.0215253
0.0206782
0.0195239
0.0182292
0.0169588
0.0157525
0.0147254
0.013933
0.0134445
0.0132931
0.0134407
0.0139064
0.0146329
0.0155533
0.0166011
0.0176688
0.018657
0.0195007
0.0200809
0.0202816
0.0200759
0.0194729
0.0185954
0.0175933
0.0166661
0.0159721
0.0155401
0.015345
0.0153203
0.0153919
0.0154601
0.0154932
0.0155237
0.0155678
0.0156632
0.015822
0.0160523
0.0163332
0.0166871
0.0170946
0.0175789
0.0181582
0.0187797
0.0192952
0.0196211
0.0196667
0.0194724
0.0191088
0.0185985
0.0179916
0.0172917
0.0165011
0.0156834
0.0148913
0.0141847
0.0136888
0.0134963
0.0136673
0.0141719
0.0150333
0.0161428
0.0173884
0.018662
0.0198718
0.0209245
0.0217178
0.0220725
0.0219161
0.0212863
0.0203744
0.019451
0.0187261
0.0183331
0.0183127
0.0186076
0.0190623
0.019481
0.0198126
0.0200469
0.0202685
0.0205432
0.0209095
0.0213472
0.0217764
0.0221043
0.02232
0.0224093
0.0223931
0.0223175
0.0222241
0.022099
0.0219457
0.021771
0.0215984
0.0214927
0.0215047
0.021716
0.022108
0.0227002
0.0234163
0.0241655
0.024845
0.0253769
0.0256964
0.0257545
0.0254988
0.0249132
0.0240466
0.0229886
0.0218775
0.0208106
0.0198792
0.0191369
0.0186653
0.0184233
0.0183869
0.0184819
0.0186342
0.0187617
0.0188406
0.0188788
0.0188837
0.0189119
0.0189892
0.0191662
0.0194037
0.0196275
0.0197514
0.01973
0.0195559
0.0193062
0.019062
0.0188278
0.0186562
0.0185231
0.0183914
0.0182825
0.0181822
0.0180934
0.018008
0.017929
0.0178348
0.0177563
0.0176588
0.017563
0.0174992
0.0174591
0.0175006
0.0176148
0.017789
0.0179991
0.0181848
0.0182915
0.0182473
0.018092
0.0178702
0.0177161
0.0177111
0.0178824
0.0182174
0.01862
0.0189875
0.0191795
0.0191033
0.0187568
0.0182056
0.0176046
0.0171495
0.0169987
0.017235
0.0178807
0.0188583
0.0200306
0.0212372
0.0223134
0.023106
0.0235415
0.0236236
0.0234049
0.0229853
0.022486
0.0219877
0.0215384
0.0211955
0.020983
0.0208635
0.0208717
0.021009
0.0212495
0.0215724
0.0219445
0.0224288
0.02303
0.0237262
0.024461
0.0251752
0.0258125
0.0262767
0.0265032
0.0264853
0.0262507
0.0258621
0.025349
0.0247863
0.024252
0.0238022
0.0235138
0.023421
0.0235324
0.0237974
0.0241373
0.0243827
0.0244465
0.024285
0.0239377
0.0234286
0.0228373
0.0222194
0.0216
0.0210612
0.0206503
0.0203854
0.0202651
0.0202537
0.0202667
0.020269
0.0202085
0.0200967
0.0199252
0.0197496
0.0195476
0.0193134
0.0190078
0.0186407
0.0182004
0.0176822
0.0171449
0.0166709
0.016258
0.0159936
0.0159109
0.0159783
0.0162167
0.0165388
0.0168855
0.0171528
0.0173302
0.0174488
0.0175372
0.0176902
0.0179159
0.0182357
0.0185488
0.0188171
0.0190554
0.0192452
0.0194563
0.0197461
0.0201307
0.0205755
0.0210239
0.0214099
0.0216695
0.021731
0.0215645
0.0211455
0.0205011
0.0196915
0.0188357
0.0180307
0.0174189
0.0170724
0.0170069
0.0171751
0.0175221
0.0179586
0.0184188
0.0188993
0.0193487
0.0197232
0.0200384
0.0202216
0.0202412
0.020116
0.0198543
0.0194355
0.0188629
0.0181301
0.0172559
0.0162955
0.0153527
0.0144735
0.0136862
0.013007
0.0124151
0.0119298
0.0115603
0.0114122
0.0115409
0.0119505
0.0125971
0.0134095
0.0142635
0.0150226
0.0155952
0.0159585
0.0161987
0.0163936
0.0166202
0.0169229
0.0173166
0.0178403
0.0185176
0.0192924
0.0201474
0.0210007
0.021777
0.0224275
0.0229082
0.0231565
0.0231578
0.0229097
0.0224486
0.021865
0.0212235
0.0206086
0.0200801
0.0196809
0.0194142
0.0192573
0.0191527
0.0189941
0.0187235
0.0183071
0.0177318
0.0170671
0.0164519
0.0160405
0.0159641
0.0162776
0.0169635
0.0179432
0.0190905
0.0202312
0.0212635
0.0221096
0.0227221
0.0230992
0.0232848
0.023354
0.0233424
0.023283
0.0231677
0.0230149
0.0227883
0.0225071
0.0221998
0.0218415
0.0214519
0.0210006
0.020475
0.0199074
0.0193743
0.0188942
0.0185194
0.0182394
0.0180505
0.017921
0.0178528
0.0178804
0.0180166
0.0183022
0.0187385
0.0192977
0.0200223
0.0208691
0.0217706
0.0227056
0.0235214
0.0241213
0.0244434
0.0244137
0.0239869
0.0232867
0.0224549
0.0215792
0.0207899
0.0201267
0.0195596
0.0191146
0.0187372
0.0184494
0.0182034
0.0179272
0.0176407
0.017287
0.0168888
0.0164792
0.0161256
0.0158978
0.015806
0.0158361
0.015932
0.0160286
0.0161014
0.016153
0.016229
0.0163416
0.01646
0.0165561
0.0165683
0.0164394
0.0162062
0.015921
0.0156825
0.0156078
0.0157563
0.0161362
0.016695
0.0173167
0.0179259
0.0185094
0.019082
0.019648
0.0201569
0.020394
0.0201679
0.0193853
0.0182344
0.0170151
0.0159724
0.0152154
0.0147518
0.0144987
0.0143883
0.0143578
0.0144256
0.0145581
0.0147798
0.0150883
0.0154728
0.0159389
0.0164065
0.0168438
0.0171883
0.0173916
0.017447
0.0173283
0.0170521
0.0166749
0.0162805
0.0159588
0.0158164
0.0159098
0.0162497
0.0168157
0.0175515
0.018396
0.0192372
0.020046
0.0208033
0.0215407
0.0222532
0.0228996
0.0233497
0.0235514
0.0235545
0.0234467
0.0233449
0.0232906
0.0232733
0.023277
0.0233024
0.0232592
0.0231366
0.0229302
0.0225949
0.0221218
0.0215023
0.0207659
0.0199513
0.0191087
0.0183396
0.0176935
0.0171479
0.0167728
0.0165166
0.0163344
0.0161846
0.0160725
0.0159633
0.0158533
0.0157517
0.015728
0.0158373
0.0161323
0.0165862
0.0171054
0.0175885
0.0178788
0.0178715
0.0175469
0.0169706
0.0162557
0.0155731
0.0150243
0.0147368
0.0146651
0.014747
0.0150035
0.0153057
0.0156444
0.0159433
0.0161997
0.016396
0.0165843
0.0167708
0.0169712
0.0171534
0.0172762
0.0173861
0.0174848
0.0176083
0.0177738
0.018006
0.0183226
0.0186834
0.0190341
0.019328
0.0194741
0.0194883
0.0194078
0.0193328
0.0193311
0.0194313
0.0195832
0.0196537
0.0195752
0.0193136
0.0188956
0.0184185
0.0179649
0.0176531
0.0174945
0.0175222
0.0177196
0.018052
0.0185018
0.019006
0.0196072
0.0202345
0.0209163
0.0216118
0.0222373
0.0227392
0.0229889
0.0228903
0.0224316
0.0216799
0.0207653
0.0198083
0.0189461
0.0182465
0.0178201
0.0177203
0.0180263
0.0187435
0.0197863
0.0210026
0.0221524
0.0230417
0.0235675
0.0236961
0.0235211
0.0231336
0.0226737
0.0222348
0.0218695
0.0215942
0.0214352
0.021385
0.021445
0.021559
0.0216936
0.0218117
0.0218454
0.0217659
0.0215435
0.0212162
0.0208147
0.0203696
0.0199375
0.019522
0.0192008
0.018972
0.0188842
0.0189351
0.0191355
0.019527
0.0201166
0.0209184
0.0218969
0.0229365
0.0238318
0.0243736
0.0244494
0.0241786
0.0237729
0.0233922
0.0231484
0.0230171
0.0229739
0.0229876
0.0230646
0.0231856
0.0233721
0.0235496
0.0236823
0.023692
0.0235725
0.0233002
0.0230125
0.0227839
0.0226688
0.0227024
0.0228236
0.0229802
0.023109
0.0231248
0.0229654
0.0225964
0.0220798
0.0214819
0.0208991
0.0204745
0.0202585
0.0202814
0.0204709
0.0207053
0.0208709
0.0208536
0.0206059
0.0201538
0.0195432
0.0188515
0.0181294
0.0174225
0.0167736
0.0161663
0.0156199
0.0151437
0.0147423
0.0144703
0.0143416
0.0143395
0.0144035
0.0144658
0.0144452
0.0143387
0.0142102
0.0140774
0.0140163
0.0140258
0.0141714
0.0144839
0.0149619
0.0156498
0.0165652
0.0176753
0.0188438
0.0199607
0.0208909
0.02157
0.0219644
0.0221261
0.022188
0.0222566
0.0223884
0.0226874
0.0231697
0.0237279
0.0241916
0.0243961
0.0242445
0.0238143
0.0232237
0.0225794
0.0219617
0.0213592
0.0208055
0.0202841
0.0198326
0.019439
0.0191236
0.018849
0.0185828
0.0183391
0.0180968
0.0179307
0.017883
0.0179791
0.0181348
0.0183022
0.0184415
0.018485
0.0184253
0.0182789
0.0180467
0.0177894
0.0175345
0.0172911
0.0171056
0.0169312
0.016777
0.0165962
0.016397
0.0161671
0.0159472
0.0157871
0.0156561
0.0156088
0.0156134
0.0156578
0.0156972
0.0157476
0.0158248
0.0159663
0.0162185
0.0166035
0.0171653
0.0179516
0.0189215
0.0200222
0.0211468
0.0221325
0.0228469
0.0231708
0.0231494
0.0228489
0.0224207
0.0219591
0.0215203
0.0211695
0.0209329
0.0208351
0.020855
0.0209822
0.0211857
0.0214017
0.0215913
0.0216859
0.021679
0.021469
0.0210324
0.0203603
0.0195319
0.0186473
0.0178206
0.0171501
0.0167541
0.0166469
0.0168656
0.0173341
0.018037
0.0188676
0.0198096
0.0207737
0.0217576
0.0227232
0.0236678
0.0245794
0.0254602
0.0262843
0.0269649
0.027437
0.0276694
0.0276555
0.0274156
0.0270447
0.0266511
0.0263443
0.0261798
0.026146
0.0262231
0.0263093
0.0263304
0.0261482
0.0257571
0.0252127
0.0246752
0.0241972
0.0238231
0.0235388
0.023303
0.0231122
0.0229798
0.0229276
0.0230139
0.0232437
0.0235491
0.0238964
0.0241159
0.0241927
0.0241199
0.0240208
0.0239668
0.0239951
0.0240829
0.0241999
0.0243119
0.0244322
0.0251067
0.0251253
0.0250288
0.0247555
0.024312
0.0237914
0.0232363
0.0226824
0.0221319
0.0215785
0.0210489
0.0205612
0.0201064
0.0196735
0.0192704
0.0188896
0.0185021
0.0181739
0.0179298
0.0178563
0.0180744
0.0186349
0.0195647
0.0208306
0.0223429
0.0239247
0.0254432
0.0267825
0.027865
0.02861
0.0290107
0.0290511
0.0287
0.0280383
0.027086
0.0259154
0.0245984
0.0231849
0.0217266
0.0203259
0.0190031
0.0178429
0.0168993
0.016243
0.0159337
0.0160319
0.0165171
0.0173142
0.0183228
0.0194745
0.0205914
0.0215641
0.0223432
0.023046
0.0237318
0.0244581
0.0252187
0.0259542
0.0267193
0.0274822
0.0282518
0.0289971
0.0296801
0.0302508
0.0306141
0.0306792
0.0303747
0.0296536
0.0285194
0.0270584
0.0253765
0.0236248
0.0218926
0.020322
0.0189684
0.0178566
0.0170424
0.0164662
0.016118
0.0159835
0.0160445
0.0162946
0.016716
0.017308
0.0180206
0.0187802
0.0195033
0.020163
0.0206979
0.0210891
0.0213544
0.0214662
0.0214344
0.0213194
0.0211449
0.0210017
0.0208818
0.020843
0.0208513
0.0208683
0.0208976
0.0209537
0.0210837
0.0212864
0.0215834
0.021911
0.0221813
0.0223652
0.0224533
0.0224996
0.0225978
0.022791
0.0231664
0.0237222
0.0243712
0.024991
0.0254489
0.0257321
0.0258761
0.0259917
0.0261144
0.0262369
0.02629
0.0262805
0.026195
0.0260863
0.0259376
0.0258088
0.0257101
0.0256685
0.0257071
0.0258217
0.0260476
0.026389
0.0267784
0.027153
0.0274323
0.02756
0.0275353
0.0274227
0.0272714
0.0271482
0.0270228
0.0268855
0.0267131
0.0264805
0.0262504
0.0259686
0.0257234
0.0255418
0.0254064
0.0253118
0.0251796
0.024965
0.0246617
0.0243314
0.0240375
0.0237923
0.0235192
0.0231758
0.0226994
0.0220782
0.0212981
0.020404
0.0194666
0.0185583
0.0177487
0.0170739
0.0166029
0.0162967
0.016162
0.016218
0.0164711
0.0169162
0.0175273
0.0182396
0.0189758
0.0196915
0.0203576
0.0209953
0.0215949
0.0221432
0.0225278
0.0226081
0.0223435
0.0217421
0.0209019
0.0199312
0.0189814
0.0181471
0.0174891
0.0170672
0.0168323
0.0167822
0.0168633
0.0170661
0.0173064
0.0175892
0.0179555
0.0183068
0.0186909
0.0190494
0.0194045
0.0197256
0.0199593
0.0201631
0.0203071
0.0203752
0.0203428
0.0201871
0.0199213
0.0196021
0.0192038
0.0187542
0.0182531
0.0177035
0.0171353
0.0165651
0.0160994
0.0158661
0.0159245
0.0163176
0.0170829
0.0180956
0.0191989
0.0201802
0.0208445
0.0211166
0.0210128
0.0206214
0.0201001
0.0195128
0.0189038
0.0183209
0.0178262
0.0174297
0.0171529
0.0170169
0.0170164
0.017123
0.0173305
0.017595
0.0178177
0.0179843
0.0180107
0.0178646
0.0175583
0.0171755
0.0168925
0.0168269
0.0170601
0.0175689
0.0182933
0.0191798
0.0201128
0.0210493
0.0219473
0.0228052
0.0237278
0.0247508
0.025867
0.027026
0.0281037
0.0289584
0.0294778
0.0296077
0.0294071
0.028938
0.0283247
0.0276718
0.0270693
0.0265981
0.0263128
0.026218
0.026287
0.0264653
0.0266751
0.0268597
0.026927
0.0268178
0.0264679
0.0258631
0.0250658
0.0241855
0.0233433
0.0226301
0.0221071
0.0218142
0.02184
0.0222483
0.0230012
0.0240203
0.0251554
0.0262227
0.0270727
0.0276191
0.0279222
0.0280629
0.0280954
0.0280191
0.0278001
0.027407
0.0268109
0.0260521
0.025237
0.0244873
0.0238836
0.0235115
0.0233964
0.0234786
0.0237122
0.0240038
0.0242971
0.0245659
0.0247586
0.0248784
0.0248919
0.0247574
0.0245054
0.024214
0.0239262
0.0237101
0.023608
0.0236137
0.0237185
0.0238747
0.0240791
0.024296
0.0244457
0.024396
0.0240925
0.0235937
0.0229625
0.0222367
0.0214993
0.0207441
0.0200402
0.0194371
0.0190354
0.0188799
0.0190319
0.0195189
0.0203524
0.0214077
0.0224756
0.0233324
0.0238102
0.0239143
0.0237165
0.0232776
0.0226612
0.0219643
0.0212467
0.0205591
0.0199661
0.0195057
0.0192264
0.0191377
0.019251
0.0194911
0.0198028
0.0200822
0.0202705
0.0203652
0.0204063
0.0204347
0.0204671
0.0204916
0.0205069
0.0205318
0.0206009
0.0207503
0.0210107
0.0213697
0.0217513
0.0221106
0.0223604
0.0224438
0.0224109
0.0222756
0.0221157
0.0220075
0.021937
0.0218883
0.0219049
0.0220113
0.0222566
0.0226893
0.0233482
0.0242219
0.0251647
0.0260494
0.0267261
0.0271223
0.0272828
0.0272268
0.0270478
0.02678
0.0264011
0.0259097
0.0252995
0.0245436
0.0237348
0.022959
0.0222393
0.0216788
0.0213256
0.0212429
0.0214899
0.0220403
0.0228616
0.0238054
0.024701
0.0254462
0.025922
0.0261138
0.0260638
0.0257818
0.0253223
0.0247018
0.0239021
0.0229837
0.0220076
0.0210611
0.0202131
0.0194966
0.0189894
0.018752
0.018819
0.0191246
0.0196414
0.0202785
0.0208982
0.0214126
0.0217708
0.0219815
0.0220827
0.0221173
0.0221142
0.0221219
0.0221224
0.0221503
0.0221835
0.0222217
0.0222374
0.0222322
0.0221717
0.0220949
0.0220643
0.0221055
0.022285
0.0225927
0.0229645
0.0233544
0.0236596
0.0238107
0.0237341
0.0234548
0.0229394
0.022243
0.0214603
0.0206565
0.0199509
0.0194119
0.0191003
0.019006
0.0190434
0.0191771
0.0193375
0.0194701
0.0195451
0.0195763
0.019551
0.0194616
0.0193372
0.0191959
0.0190982
0.0190167
0.0189638
0.0189452
0.0189312
0.0189333
0.0189645
0.0190479
0.0191211
0.01904
0.0186551
0.0179305
0.0170477
0.016313
0.0159651
0.0160927
0.0166325
0.017464
0.0185017
0.0196049
0.0207789
0.0219501
0.0230585
0.0239763
0.0245989
0.0248768
0.0249054
0.0248108
0.0247583
0.0247885
0.024939
0.0251379
0.0253062
0.0253664
0.0252707
0.0249872
0.024568
0.0240362
0.0234903
0.0230427
0.02279
0.0228302
0.0231506
0.0236883
0.0242949
0.0248058
0.0250914
0.0251234
0.0249024
0.0244345
0.0237734
0.0229077
0.0219164
0.0208506
0.0197452
0.0187153
0.0178658
0.0172399
0.0168444
0.0165635
0.0162732
0.0158774
0.0155072
0.0152537
0.0152207
0.015464
0.0159417
0.0166062
0.0173082
0.0178747
0.0182009
0.0182412
0.0180439
0.0177818
0.0175767
0.0175457
0.0176989
0.0180248
0.018421
0.0188878
0.0193208
0.019704
0.0200053
0.0202596
0.0204831
0.0208328
0.0214248
0.0223176
0.023516
0.0248527
0.0260443
0.0268909
0.0272428
0.0270551
0.026451
0.0255834
0.0245779
0.023509
0.022477
0.0215002
0.0206923
0.0201313
0.0199309
0.0201445
0.0207531
0.02162
0.0224951
0.0231405
0.0233515
0.0231486
0.0227147
0.0222721
0.0220067
0.0219927
0.0221556
0.0223722
0.0225464
0.0226036
0.0225132
0.022321
0.0221288
0.0220501
0.0221594
0.0224544
0.0228964
0.0233338
0.0236324
0.0236976
0.0235042
0.0231307
0.0226599
0.0221527
0.0216794
0.0212146
0.020752
0.0202897
0.0198131
0.019367
0.0189945
0.0187949
0.0187805
0.0189668
0.0192878
0.0197447
0.0202661
0.0208083
0.0213124
0.0217044
0.0218683
0.0217527
0.0213889
0.0208782
0.020333
0.0198533
0.0194867
0.0192589
0.0191929
0.0193124
0.0196281
0.020111
0.0206739
0.0212457
0.0217566
0.0220915
0.0221773
0.0219526
0.0214384
0.0207037
0.0199293
0.0192671
0.0188723
0.0188426
0.019196
0.0198469
0.0206186
0.0213249
0.0218389
0.0220972
0.0221022
0.0219721
0.0217771
0.0216332
0.0215938
0.0216571
0.0218339
0.0221729
0.0226535
0.0233122
0.0240908
0.0248625
0.0255595
0.0260552
0.0262763
0.0262344
0.0260066
0.0256976
0.0253675
0.0250635
0.0248263
0.0246454
0.0245369
0.0244456
0.024349
0.0241828
0.023818
0.0231605
0.022176
0.0209196
0.0195798
0.0183172
0.0172905
0.0165651
0.016169
0.0160866
0.0162492
0.0166242
0.0171218
0.0176543
0.0181636
0.0186033
0.0190302
0.0194602
0.0199435
0.0205068
0.0212531
0.0222146
0.0233356
0.0244294
0.025258
0.0256579
0.0256429
0.0254752
0.0253908
0.0254692
0.0257316
0.0260632
0.0263268
0.026383
0.0262141
0.025874
0.0254361
0.0249542
0.0244501
0.0240224
0.023708
0.0235979
0.0236903
0.0239057
0.0240053
0.0238496
0.0234625
0.0230592
0.0227667
0.0226588
0.0226975
0.0228196
0.0229576
0.0229841
0.0228265
0.0224479
0.0219614
0.0214502
0.0210011
0.0206593
0.0204508
0.0203518
0.0203337
0.0203883
0.0204387
0.0205172
0.0206227
0.0207205
0.0208038
0.0208038
0.0206986
0.0203805
0.0197721
0.0189538
0.0180842
0.0173519
0.0169395
0.0169255
0.0172905
0.0179891
0.0189386
0.0200572
0.0212272
0.0223406
0.0232697
0.0238795
0.0240863
0.0238566
0.0232004
0.0222222
0.0210799
0.0199843
0.0190913
0.0184778
0.0181743
0.0181838
0.0184322
0.0188863
0.0194738
0.0201087
0.0207185
0.0212103
0.0214589
0.0214149
0.0210862
0.0205504
0.0198709
0.0191643
0.0184807
0.0178529
0.0172783
0.0168141
0.0164681
0.0163151
0.0164553
0.0169427
0.0178377
0.0191432
0.020715
0.0223286
0.0236922
0.0245741
0.0249107
0.0247507
0.0242593
0.0235804
0.0228369
0.0221199
0.0215081
0.0210298
0.0206926
0.0204324
0.020209
0.0199843
0.0197094
0.0194129
0.0191096
0.0188816
0.0187268
0.0186131
0.0185017
0.0183649
0.0181573
0.0179003
0.0176668
0.0175039
0.017515
0.0177856
0.0183467
0.0191946
0.020273
0.0215167
0.0228487
0.0241111
0.0252091
0.0259805
0.0263751
0.0264244
0.0261244
0.0256367
0.0250686
0.0245234
0.0239883
0.0234315
0.0227752
0.0220497
0.0212745
0.020563
0.0200115
0.0196967
0.0195922
0.019716
0.0199952
0.0203878
0.0208366
0.0213099
0.0218144
0.0222982
0.0227574
0.0231255
0.0232631
0.0231088
0.0226484
0.0218857
0.0208932
0.0198328
0.0188178
0.0180063
0.0175339
0.0174711
0.0178882
0.018752
0.0199759
0.0213969
0.0227942
0.0239995
0.0248477
0.0252376
0.0251715
0.0246889
0.0239184
0.0230265
0.0221333
0.0213935
0.0208501
0.0206027
0.0205752
0.0207998
0.0212339
0.0218387
0.0226057
0.023518
0.0245003
0.0254867
0.0264166
0.02721
0.0278622
0.0283065
0.0286042
0.0287473
0.0288171
0.0288104
0.0286549
0.0283333
0.0278234
0.0271878
0.02656
0.0259766
0.0254551
0.0249512
0.0244222
0.0238114
0.0230791
0.0222586
0.02141
0.0205959
0.019935
0.0195255
0.0193899
0.0195563
0.0199812
0.0206499
0.0213945
0.0220734
0.0224565
0.0224506
0.0220899
0.0216059
0.0211928
0.0209682
0.0209946
0.0211578
0.0214163
0.0216502
0.0218356
0.0219677
0.022092
0.0222985
0.0226704
0.0231603
0.0237121
0.0241911
0.0244356
0.0243566
0.0239082
0.0231443
0.0222156
0.0212612
0.0204303
0.0198477
0.0195655
0.0195519
0.0197661
0.0201212
0.0205067
0.0208535
0.0210499
0.0210611
0.0208347
0.0204196
0.0198158
0.019128
0.0184691
0.0178977
0.0175104
0.01732
0.0173241
0.017474
0.0177334
0.0180985
0.0185216
0.0190201
0.0195553
0.0200673
0.020445
0.0206393
0.0207001
0.0206745
0.0206589
0.0207272
0.0208829
0.0211249
0.0214115
0.0216061
0.0216449
0.0214059
0.0208408
0.0199832
0.0189283
0.0178304
0.0168151
0.0160354
0.015518
0.0153177
0.0154247
0.0158481
0.0165517
0.0175095
0.0186773
0.0199233
0.0205729
0.0214129
0.0219968
0.0223075
0.0223847
0.0222626
0.0219608
0.0215751
0.0211505
0.0207534
0.0204192
0.02024
0.0202201
0.0203963
0.0207465
0.0211867
0.021613
0.0219344
0.0221027
0.0220809
0.0219572
0.0218064
0.0217081
0.0217293
0.0219041
0.0222629
0.0226684
0.0230705
0.0232904
0.0232508
0.0228746
0.0221439
0.0211722
0.0200564
0.0188783
0.0177611
0.0167637
0.0159805
0.0155197
0.0154014
0.0155994
0.0160103
0.01652
0.0170221
0.0174478
0.0178153
0.018156
0.0184895
0.0187974
0.0189913
0.0190446
0.0189431
0.0187538
0.0186106
0.0185617
0.0186473
0.0188526
0.0191218
0.0194712
0.0199024
0.020437
0.0211487
0.0220281
0.023048
0.0241157
0.0251389
0.0259464
0.0264766
0.0265677
0.0262183
0.0254357
0.0243525
0.0230533
0.0217066
0.0204127
0.0192701
0.0183104
0.0175628
0.0170437
0.0167438
0.0166728
0.0168094
0.0171109
0.0175511
0.0180309
0.0184958
0.0188215
0.0190429
0.0191099
0.0190821
0.01904
0.0190194
0.0191261
0.0193461
0.0196881
0.0200688
0.0203728
0.0204968
0.0204099
0.0200894
0.0195819
0.0189532
0.0182642
0.017622
0.0171287
0.0168447
0.0167993
0.0169491
0.0172678
0.0176248
0.0179185
0.0180709
0.0180022
0.017678
0.0172068
0.0167247
0.0163674
0.0162406
0.0163922
0.0168323
0.0175679
0.0185602
0.0197069
0.0209629
0.0222101
0.0233363
0.024312
0.0251066
0.0257053
0.0260746
0.0262215
0.0261283
0.0257992
0.025251
0.0245092
0.0236456
0.0227613
0.0219015
0.0211667
0.0206294
0.0202962
0.020161
0.0201574
0.0201842
0.0201455
0.0200653
0.0199936
0.0199864
0.0201375
0.0204173
0.0208037
0.0212397
0.0216805
0.0220997
0.0225136
0.0229256
0.0233204
0.0236999
0.0240198
0.0242178
0.0243064
0.0242229
0.0239949
0.0236119
0.0231187
0.0225349
0.0218819
0.0212402
0.0206554
0.0201289
0.0197062
0.0193351
0.0189973
0.0186474
0.0182583
0.0178329
0.0174482
0.0171219
0.0169021
0.0167379
0.0166449
0.0165866
0.0165397
0.0164886
0.0164324
0.0163753
0.0162418
0.0159868
0.015616
0.015157
0.0147102
0.014402
0.0143456
0.0146067
0.0151831
0.0159955
0.0169298
0.017867
0.0187656
0.0196795
0.0206277
0.0216127
0.0226202
0.0235387
0.0243269
0.0249156
0.0252514
0.0253093
0.0251128
0.0246819
0.0240389
0.0231895
0.0221938
0.0210958
0.0199077
0.0187152
0.0175779
0.0166098
0.015882
0.0155045
0.0154828
0.015826
0.0165002
0.0174344
0.0185335
0.019661
0.0207053
0.0215372
0.0220092
0.0220951
0.0217798
0.0211357
0.0203184
0.0194147
0.0184831
0.0175178
0.0165608
0.0156075
0.0147167
0.0139532
0.013327
0.0128981
0.0126989
0.01275
0.0130756
0.01368
0.0145154
0.0155212
0.0166793
0.017857
0.0190195
0.0200499
0.0208362
0.0213199
0.021483
0.0213974
0.0211466
0.0208659
0.0205997
0.0203649
0.0201371
0.019871
0.0195568
0.0192308
0.0188844
0.0185119
0.0181215
0.0176513
0.0171215
0.0165613
0.0159927
0.0154628
0.0149599
0.0145343
0.0142127
0.0140867
0.0141965
0.0145547
0.0150868
0.0157575
0.0165025
0.0171903
0.0177335
0.0180577
0.0181317
0.017998
0.017742
0.0174791
0.0173384
0.017392
0.0176101
0.0179842
0.0184043
0.0188026
0.0190548
0.0191304
0.0190471
0.0188726
0.0186766
0.0185044
0.0183371
0.0181049
0.017825
0.0175069
0.0171369
0.0168015
0.0165551
0.0164598
0.0165543
0.0168359
0.0172151
0.0176757
0.0181501
0.0186445
0.0192266
0.0198883
0.0205943
0.0212821
0.0218154
0.0220576
0.0219974
0.021624
0.0210948
0.0205447
0.0200708
0.0197724
0.0197025
0.0197533
0.0199654
0.0203139
0.0207533
0.0212512
0.0217373
0.0221262
0.0223943
0.0224552
0.0223263
0.0220245
0.0215944
0.0211469
0.0207075
0.0203176
0.0199822
0.0197154
0.0194774
0.0192553
0.0190875
0.0189756
0.0189431
0.0190253
0.0192192
0.0194877
0.0198043
0.0201221
0.0204445
0.0207252
0.0209347
0.0211026
0.0212935
0.0216187
0.0221149
0.0228147
0.0236878
0.0246741
0.02569
0.0267212
0.0276674
0.0284507
0.0290181
0.0292398
0.0291151
0.0286441
0.0279208
0.0270867
0.0262025
0.0253036
0.0244357
0.0235352
0.0225988
0.0216246
0.0206262
0.0197149
0.0189638
0.0184469
0.0181765
0.0181953
0.0184835
0.0189943
0.0196291
0.0203284
0.020956
0.0214708
0.0218458
0.0221069
0.0222932
0.0224359
0.0225666
0.0227041
0.0228553
0.0230374
0.0232301
0.0234123
0.0235964
0.0237025
0.0236762
0.0234907
0.0231491
0.0226646
0.022095
0.0214877
0.0208619
0.0202949
0.0198377
0.0195442
0.0194385
0.0195477
0.0198018
0.0201775
0.0206506
0.0211125
0.0215466
0.0218936
0.0221126
0.0221112
0.0218284
0.0211706
0.020135
0.018841
0.0174914
0.0162203
0.0152139
0.014552
0.0142102
0.0141841
0.0143654
0.0146757
0.0150451
0.0154807
0.0160036
0.0166261
0.0173536
0.0182091
0.019155
0.0201235
0.0210643
0.0219244
0.0226021
0.0230509
0.0232438
0.0231099
0.0227475
0.0222235
0.0216416
0.0210809
0.0205713
0.0200962
0.0196845
0.0193498
0.0191554
0.0191279
0.0192717
0.0196027
0.0199828
0.0202824
0.0203133
0.0200456
0.0195982
0.0191734
0.01894
0.0190329
0.0194289
0.0200677
0.0208814
0.0217821
0.0227202
0.023674
0.0246217
0.0255089
0.0262873
0.0268825
0.0272679
0.0274723
0.0275114
0.0274228
0.0272174
0.0269183
0.0265801
0.0262629
0.0260691
0.0259806
0.0260267
0.0260564
0.0259759
0.0256556
0.0249959
0.0240139
0.0228118
0.0215016
0.0202366
0.0191315
0.0182206
0.017529
0.0170571
0.0167764
0.0166764
0.0167349
0.0169074
0.0171695
0.0174282
0.0176699
0.0178487
0.0179719
0.0180668
0.0182256
0.0184399
0.0187652
0.0191554
0.0195876
0.0200069
0.0203424
0.0205441
0.0206099
0.0205732
0.0204619
0.0203078
0.0201813
0.0201038
0.0201321
0.02024
0.0204126
0.0205801
0.0207123
0.020724
0.0206072
0.020341
0.0200259
0.0197112
0.0194839
0.0194316
0.0195577
0.019787
0.0200642
0.0202384
0.0203166
0.02023
0.0199987
0.0197034
0.01938
0.019133
0.018986
0.0189214
0.0189533
0.0190684
0.0192572
0.0194941
0.0197298
0.0198394
0.0197697
0.0194862
0.0190583
0.0186261
0.0183373
0.0182539
0.0184793
0.0190289
0.0198525
0.0208633
0.0218763
0.0226236
0.0229415
0.0227442
0.0220941
0.021175
0.0201472
0.0192008
0.0184828
0.0180092
0.0178206
0.0178774
0.018166
0.01859
0.0191363
0.0197387
0.0203739
0.0209954
0.021582
0.0220942
0.0224742
0.02272
0.0228301
0.0228049
0.0227179
0.0225981
0.0225433
0.0226138
0.0228799
0.0233406
0.0239207
0.0245215
0.0249786
0.0251436
0.0249792
0.0245795
0.0240481
0.0234982
0.0230177
0.022626
0.0223589
0.0221858
0.022119
0.0221532
0.0222815
0.0224242
0.0225171
0.0224914
0.0223465
0.0221522
0.0219597
0.0217816
0.0216652
0.0216281
0.0216282
0.0216972
0.0218705
0.0221396
0.0225461
0.0231087
0.0237935
0.0245117
0.025225
0.0257655
0.026054
0.0260839
0.025891
0.0255473
0.0251627
0.0248099
0.0245171
0.0243421
0.0242929
0.0244129
0.0246704
0.0250417
0.025506
0.0260098
0.0265019
0.0268762
0.0270682
0.0270363
0.0267721
0.0263791
0.025907
0.025396
0.0248626
0.0243181
0.0237463
0.0231567
0.0225735
0.0220539
0.0216046
0.021332
0.0212159
0.0212042
0.0212487
0.021234
0.0211745
0.021214
0.0214565
0.0220528
0.0230164
0.0242764
0.0256314
0.0269073
0.0279849
0.0287643
0.0292428
0.0294537
0.0294298
0.0291923
0.0287631
0.028197
0.027587
0.0269868
0.0264416
0.0259902
0.0256136
0.0252592
0.0249149
0.0245391
0.0241076
0.0235952
0.0230421
0.0224637
0.0219616
0.0215886
0.0214593
0.0215703
0.0219565
0.0226094
0.0234227
0.0242818
0.0250538
0.0256172
0.0259186
0.0258606
0.0254948
0.0249075
0.0241569
0.0233716
0.0226528
0.022007
0.0214349
0.0209739
0.0206333
0.0204279
0.0203552
0.0203887
0.0204733
0.0205842
0.0206723
0.0207148
0.0207212
0.0207423
0.0208233
0.0209718
0.0211974
0.0215254
0.0219074
0.0223017
0.0226357
0.0228022
0.0227094
0.0223518
0.0218166
0.0212401
0.0207293
0.0203746
0.0202787
0.0204704
0.0209256
0.0215537
0.0222363
0.0228396
0.0232484
0.0234193
0.023357
0.0231401
0.0228239
0.0224951
0.022206
0.0219755
0.0217938
0.0215969
0.0213621
0.0211984
0.021163
0.0213237
0.0216597
0.0221104
0.0226196
0.0231436
0.0236258
0.0240108
0.0242858
0.0244914
0.024597
0.0245946
0.0244973
0.0243286
0.0241272
0.0240103
0.0240053
0.0241225
0.0242896
0.0244181
0.0245416
0.02458
0.0245258
0.0243767
0.0240846
0.0236349
0.023044
0.0223662
0.0216674
0.021054
0.020632
0.0204511
0.0204723
0.0205397
0.0205457
0.0204715
0.0204283
0.0206133
0.0210578
0.0217636
0.02264
0.0235549
0.0243763
0.0249931
0.0253059
0.0252764
0.0248632
0.0241547
0.0232568
0.0223071
0.0214528
0.0207934
0.0202978
0.0199492
0.0196974
0.0194932
0.0193011
0.0191433
0.0189863
0.0188366
0.0186525
0.0184399
0.0181577
0.0178919
0.0176747
0.0175806
0.0176217
0.0178696
0.0182511
0.0187801
0.0192928
0.0196612
0.0197101
0.0193107
0.0185063
0.0174592
0.0164517
0.0156826
0.0152991
0.0153053
0.0156512
0.0162642
0.0170388
0.0178556
0.0186026
0.019175
0.0195076
0.0195762
0.0194382
0.0191403
0.0187512
0.0183896
0.0180948
0.0179734
0.0180788
0.0184588
0.0190928
0.0198727
0.0206107
0.021118
0.0213149
0.021311
0.0212832
0.0214394
0.0218458
0.0223706
0.0227093
0.0226481
0.0223353
0.0220587
0.0219812
0.0221222
0.0224352
0.0228463
0.0232676
0.0236093
0.0237803
0.023737
0.0234467
0.0229387
0.0223065
0.0217281
0.0212985
0.0211315
0.0211894
0.0214878
0.0219189
0.0223125
0.0225604
0.0225379
0.0222012
0.0215968
0.0208205
0.0199789
0.0191643
0.0184397
0.0178409
0.0173387
0.0169214
0.0164954
0.0160108
0.0154227
0.0148079
0.0142643
0.013906
0.0137514
0.0138543
0.0141858
0.0147007
0.0153208
0.0160056
0.0167305
0.0174268
0.0180909
0.0186762
0.0191222
0.0193538
0.0193608
0.0191513
0.0188196
0.0184651
0.0180882
0.0177728
0.0175585
0.0174905
0.0176222
0.0179507
0.0184243
0.0190027
0.0196237
0.0202116
0.0207091
0.0211064
0.0214231
0.0217026
0.0219728
0.0222874
0.022707
0.0232324
0.0238064
0.0243929
0.024865
0.0250919
0.0250016
0.0245689
0.0238608
0.0229582
0.0219752
0.0210519
0.0202355
0.0195676
0.0190665
0.0187564
0.0186117
0.018616
0.0187687
0.0190639
0.0194782
0.0199169
0.0202801
0.020519
0.0205929
0.0205778
0.0205858
0.0206993
0.0209307
0.021227
0.0215645
0.0218599
0.0221121
0.0223217
0.0225015
0.0226765
0.0228205
0.0228844
0.0228509
0.0227113
0.0225013
0.0222012
0.0218393
0.0214288
0.0209439
0.0203593
0.0197088
0.0190729
0.0185346
0.018179
0.0180272
0.018049
0.0181722
0.0182528
0.0181703
0.017832
0.0172594
0.0165085
0.015728
0.015017
0.0144816
0.0141425
0.0140278
0.014086
0.014237
0.0144231
0.0145649
0.0146322
