1.64873
1.64429
1.63646
1.62489
1.6091
1.58847
1.56224
1.52954
1.48953
1.44142
1.38481
1.3199
1.24784
1.17095
1.09276
1.0176
0.949848
0.893096
0.849503
0.81964
0.802734
0.797059
0.800327
0.809947
0.823319
0.838037
0.852071
0.863868
0.872484
0.877623
0.879707
0.879797
0.879353
0.879804
0.882016
0.885948
0.890811
0.8955
0.899086
0.901016
0.901082
0.899305
0.895823
0.890838
0.884674
0.87786
0.871033
0.864822
0.859675
0.855727
0.852759
0.850276
0.84755
0.843886
0.8388
0.832158
0.824277
0.815912
0.808117
0.801956
0.798137
0.796755
0.797192
0.798314
0.798849
0.797761
0.794509
0.78914
0.782197
0.774571
0.767223
0.761004
0.756561
0.754452
0.755152
0.759112
0.766559
0.777302
0.790696
0.805788
0.82149
0.836751
0.850659
0.862434
0.871454
0.877238
0.879559
0.878441
0.874235
0.867621
0.859571
0.8513
0.844154
0.83947
0.838306
0.841253
0.848295
0.85883
0.871884
0.886315
0.901025
0.915047
0.927574
0.937918
0.945484
0.94979
0.950414
0.947043
0.939489
0.92772
0.911886
0.892375
0.869849
0.845262
0.819927
0.795459
0.773615
0.755997
0.743733
0.737239
0.736186
0.739686
0.746547
0.755451
0.76516
0.774644
0.783162
0.7903
0.795894
0.799969
0.8026
0.803869
0.803877
0.802776
0.800836
0.798492
0.796349
0.795097
0.795368
0.797614
0.801993
0.808272
0.815878
0.824011
0.831822
0.838591
0.84385
0.847468
0.849669
0.850938
0.851922
0.853225
0.855216
0.857936
0.861122
0.86434
0.867095
0.869003
0.869841
0.869551
0.868201
0.865983
0.863148
0.859989
0.856752
0.853591
0.850505
0.847406
0.844224
0.840979
0.837849
0.835148
0.833156
0.831962
0.831445
0.831354
0.831467
0.831653
0.831892
0.832122
0.832071
0.831288
0.829253
0.825507
0.819807
0.812223
0.803199
0.793558
0.784286
0.776335
0.770433
0.766982
0.766164
0.76799
0.772299
0.778776
0.786949
0.796248
0.806114
0.816028
0.825577
0.834398
0.842092
0.848174
0.852117
0.853423
0.851781
0.847177
0.839922
0.830638
0.820221
0.809672
0.799988
0.79205
0.786443
0.783443
0.782984
0.784713
0.788062
0.792389
0.797033
0.801417
0.80512
0.807881
0.809546
0.810065
0.809462
0.807814
0.805301
0.802215
0.798995
0.796153
0.794202
0.793519
0.794255
0.796311
0.799421
0.803233
0.807398
0.811605
0.815587
0.819117
0.821987
0.824003
0.825002
0.82488
0.823642
0.82141
0.818446
0.815049
0.811497
0.808048
0.804914
0.802335
0.800626
0.800221
0.801561
0.805065
0.811089
0.819921
0.831632
0.845972
0.862216
0.879148
0.895281
0.909183
0.919758
0.926356
0.928821
0.927373
0.922535
0.914997
0.905464
0.894573
0.882797
0.870466
0.857856
0.845211
0.832904
0.821434
0.811384
0.803363
0.797845
0.795036
0.794777
0.796588
0.799734
0.803402
0.806906
0.809861
0.812247
0.814353
0.816605
0.81938
0.822802
0.826669
0.83046
0.83348
0.835051
0.834717
0.832448
0.828717
0.824375
0.820295
0.81704
0.814602
0.812624
0.810749
0.80895
0.807585
0.807237
0.80846
0.811552
0.816387
0.822418
0.828808
0.834652
0.839166
0.841828
0.842443
0.841138
0.838364
0.83485
0.831512
0.829338
0.829178
0.831527
0.836303
0.842789
0.849756
0.855774
0.859505
0.859985
0.856724
0.849783
0.839704
0.827454
0.814291
0.801651
0.790892
0.783068
0.77877
0.778065
0.780573
0.785654
0.79264
0.800979
0.810249
0.820131
0.830302
0.840377
0.849877
0.858287
0.865136
0.87009
0.873079
0.874343
0.874347
0.873614
0.872538
0.87114
0.86907
0.865735
0.860572
0.853351
0.844319
0.834162
0.823928
0.814834
0.808015
0.804287
0.804035
0.807105
0.81293
0.820598
0.829042
0.837231
0.844313
0.849734
0.853257
0.854893
0.854794
0.85315
0.850121
0.845795
0.840195
0.833262
0.824938
0.815193
0.804098
0.791886
0.779008
0.766166
0.754301
0.744462
0.737632
0.734548
0.735566
0.740616
0.749248
0.760696
0.774009
0.788209
0.802386
0.815819
0.828001
0.838644
0.84765
0.855081
0.861038
0.865591
0.868686
0.870148
0.869775
0.867416
0.86305
0.856877
0.849348
0.841117
0.832979
0.825743
0.820093
0.816527
0.815264
0.8162
0.818954
0.822962
0.827503
0.831811
0.835156
0.836912
0.836665
0.834259
0.829849
0.823915
0.817192
0.810534
0.804751
0.800455
0.79796
0.797314
0.798329
0.800777
0.804457
0.809255
0.8151
0.821901
0.829479
0.83752
0.845551
0.852967
0.859092
0.863254
0.864899
0.863722
0.859755
0.85338
0.84527
0.83634
0.82758
0.819904
0.814048
0.810504
0.809489
0.810976
0.814737
0.820323
0.82709
0.834291
0.841085
0.846673
0.850377
0.851708
0.850399
0.846392
0.839816
0.830976
0.820306
0.808344
0.79566
0.782838
0.770389
0.758745
0.748254
0.739224
0.731927
0.726661
0.723771
0.723583
0.726341
0.732026
0.740308
0.750541
0.761892
0.773455
0.784412
0.794111
0.802085
0.80804
0.811843
0.813536
0.813311
0.811532
0.80871
0.805448
0.802396
0.80016
0.799263
0.800053
0.802681
0.807087
0.81303
0.820143
0.827997
0.83614
0.844154
0.851654
0.858317
0.863888
0.868204
0.87125
0.873152
0.874149
0.874553
0.874632
0.874531
0.874198
0.873383
0.87168
0.868664
0.86402
0.857649
0.849706
0.840597
0.83097
0.821741
0.814116
0.809359
0.808383
0.811296
0.817363
0.825297
0.833739
0.841596
0.848192
0.853273
0.856937
0.859515
0.861511
0.863415
0.865551
0.867934
0.870273
0.872063
0.872763
0.871895
0.869109
0.864208
0.857172
0.848149
0.837455
0.825538
0.81301
0.800603
0.789068
0.779066
0.771078
0.765321
0.761764
0.760224
0.76049
0.762423
0.765997
0.771222
0.777958
0.785781
0.793973
0.801679
0.808184
0.813157
0.816773
0.819613
0.822498
0.826196
0.831196
0.837595
0.845099
0.853135
0.861027
0.868144
0.874018
0.878423
0.881385
0.882996
0.88325
0.881952
0.878794
0.873599
0.866545
0.858219
0.849524
0.841463
0.834976
0.830741
0.829098
0.829993
0.833011
0.837516
0.842745
0.847965
0.852667
0.856593
0.859797
0.862611
0.865561
0.869214
0.874044
0.880285
0.887942
0.896794
0.906435
0.916376
0.926037
0.934741
0.941738
0.946246
0.947599
0.945305
0.939173
0.929391
0.916533
0.901536
0.885583
0.869909
0.855587
0.843361
0.83359
0.82629
0.821268
0.818202
0.81673
0.816437
0.816918
0.817807
0.818855
0.819912
0.82087
0.821622
0.822008
0.821828
0.820869
0.818974
0.816056
0.81202
0.80667
0.799686
0.790707
0.779515
0.766338
0.752089
0.73845
0.727584
0.721465
0.721293
0.727099
0.737839
0.751792
0.767035
0.7819
0.795194
0.806203
0.814561
0.82007
0.822633
0.822367
0.819788
0.816031
0.812762
0.811786
0.814469
0.821133
0.830872
0.841963
0.852532
0.8611
0.866848
0.869576
0.869496
0.867043
0.862708
0.856924
0.850044
0.842279
0.833709
0.824394
0.814492
0.804324
0.794459
0.785705
0.778964
0.775077
0.774571
0.777453
0.783127
0.790501
0.798179
0.804805
0.809337
0.811267
0.8108
0.808836
0.80686
0.806542
0.809075
0.814591
0.822159
0.830272
0.837595
0.843357
0.847441
0.850229
0.852468
0.855104
0.859048
0.864846
0.872445
0.881105
0.88954
0.896328
0.900237
0.900514
0.896988
0.890059
0.880742
0.870515
0.861083
0.854079
0.850609
0.850948
0.854451
0.859798
0.865502
0.870365
0.873741
0.875579
0.87625
0.876312
0.876271
0.876408
0.876765
0.877206
0.877528
0.877601
0.877453
0.877268
0.87731
0.877833
0.879
0.880815
0.883088
0.885492
0.887621
0.889069
0.889521
0.88882
0.886983
0.884161
0.880568
0.876403
0.871773
0.86665
0.860957
0.854581
0.847518
0.839974
0.832414
0.82543
0.819537
0.814943
0.811461
0.808631
0.805936
0.803139
0.800313
0.797734
0.795722
0.794471
0.794001
0.794205
0.794922
0.796035
0.797605
0.799873
0.803171
0.807685
0.813172
0.818873
0.823698
0.826651
0.827152
0.825202
0.821338
0.816517
0.811876
0.808471
0.807041
0.807773
0.810352
0.814169
0.818562
0.823017
0.827238
0.831093
0.834546
0.837614
0.840311
0.84263
0.844539
0.84602
0.847111
0.847941
0.84877
0.849883
0.85151
0.853725
0.856475
0.859682
0.863329
0.867502
0.872319
0.877881
0.884217
0.891252
0.898772
0.906466
0.913934
0.92071
0.926273
0.930059
0.93149
0.930015
0.925223
0.9169
0.905142
0.890393
0.873522
0.855718
0.838403
0.823019
0.810714
0.802142
0.797455
0.796469
0.798943
0.804751
0.813862
0.826206
0.841467
0.858982
0.877685
0.896219
0.9131
0.926957
0.936669
0.941492
0.941118
0.935699
0.925821
0.912516
0.897133
0.881271
0.866612
0.85467
0.846536
0.842688
0.842921
0.846482
0.852317
0.859371
0.866778
0.873952
0.880603
0.88669
0.892372
0.897849
0.903205
0.908324
0.912859
0.916412
0.918711
0.919704
0.919547
0.918547
0.917029
0.915186
0.913035
0.910474
0.90734
0.903523
0.89913
0.894532
0.890344
0.88729
0.885963
0.886611
0.889097
0.892942
0.897463
0.901924
0.905596
0.907839
0.908165
0.906307
0.902251
0.896177
0.888447
0.879564
0.870166
0.86103
0.85305
0.847085
0.843842
0.843682
0.846565
0.852169
0.859966
0.869286
0.879272
0.888961
0.897489
0.904306
0.909278
0.912533
0.914225
0.914403
0.912995
0.909947
0.905314
0.899287
0.892196
0.884475
0.876651
0.869375
0.863399
0.859503
0.858271
0.859877
0.863972
0.869691
0.875876
0.881396
0.885334
0.887054
0.886191
0.882632
0.876523
0.868297
0.858716
0.848795
0.839619
0.832107
0.826837
0.823939
0.823159
0.823963
0.825661
0.827528
0.82891
0.82928
0.828322
0.825955
0.822323
0.817745
0.812631
0.807394
0.802378
0.797837
0.79396
0.790927
0.788943
0.788293
0.78927
0.791994
0.796283
0.801601
0.807228
0.812497
0.817067
0.821004
0.824666
0.828554
0.833066
0.838342
0.84423
0.850299
0.855987
0.860746
0.864185
0.866165
0.866821
1.6521
1.64549
1.63146
1.61182
1.58817
1.56163
1.53272
1.5014
1.46762
1.43187
1.39608
1.3638
1.33927
1.32508
1.32015
1.31995
1.31909
1.31395
1.30383
1.29065
1.27777
1.26859
1.26534
1.26851
1.27715
1.28951
1.30379
1.31833
1.33158
1.34222
1.34943
1.35312
1.35388
1.35272
1.35085
1.34971
1.35072
1.35498
1.36276
1.37314
1.3842
1.39331
1.3979
1.39608
1.38725
1.37236
1.35402
1.33574
1.32092
1.31186
1.3095
1.31366
1.32326
1.33636
1.35061
1.36377
1.37441
1.3819
1.38633
1.38813
1.38799
1.38674
1.38538
1.38499
1.38645
1.39018
1.39578
1.40196
1.40683
1.4085
1.40562
1.39779
1.38567
1.37069
1.35452
1.33849
1.32315
1.30847
1.29416
1.28005
1.26619
1.25289
1.24074
1.23064
1.22364
1.2207
1.22222
1.22814
1.23839
1.25351
1.27429
1.30045
1.32959
1.35756
1.38002
1.39387
1.39774
1.39185
1.37769
1.35775
1.33522
1.31361
1.29604
1.28462
1.27989
1.28079
1.28515
1.29066
1.29569
1.29966
1.30292
1.30609
1.30957
1.3132
1.3163
1.31786
1.31683
1.31233
1.30391
1.2918
1.27754
1.26438
1.25691
1.25894
1.27085
1.28912
1.30868
1.32558
1.33783
1.34501
1.34758
1.34651
1.34319
1.3392
1.33624
1.33568
1.3383
1.34416
1.35269
1.36286
1.37353
1.3836
1.39218
1.39848
1.40178
1.40147
1.3971
1.38845
1.37566
1.35922
1.33984
1.3184
1.29576
1.27273
1.25008
1.22865
1.20968
1.19483
1.18616
1.18565
1.19455
1.21252
1.2373
1.26519
1.29235
1.31587
1.33431
1.34752
1.35632
1.36188
1.36527
1.36695
1.36661
1.36328
1.35583
1.34336
1.32584
1.30452
1.28217
1.2628
1.25087
1.24982
1.26027
1.27926
1.30154
1.32203
1.33773
1.34786
1.35295
1.35387
1.35137
1.34632
1.33982
1.3332
1.32749
1.3231
1.31982
1.31711
1.31458
1.31215
1.31008
1.30872
1.3084
1.30926
1.31136
1.31472
1.31955
1.32619
1.33502
1.34626
1.35961
1.37402
1.38763
1.39809
1.40314
1.40109
1.39135
1.37464
1.35307
1.32983
1.30857
1.29245
1.28331
1.28111
1.28416
1.2899
1.29566
1.29935
1.29985
1.29709
1.29193
1.28576
1.2799
1.27515
1.27161
1.26909
1.2676
1.26774
1.27072
1.27778
1.28932
1.30435
1.32048
1.33472
1.34453
1.34852
1.34689
1.34107
1.33304
1.32467
1.31713
1.31097
1.30661
1.30479
1.30633
1.31145
1.31926
1.32792
1.33547
1.34059
1.34289
1.34293
1.34185
1.3409
1.34111
1.34296
1.34621
1.34991
1.35264
1.35285
1.34915
1.34076
1.32788
1.31197
1.29584
1.28325
1.27787
1.28187
1.29508
1.31509
1.33817
1.36049
1.37924
1.39329
1.40327
1.4109
1.41805
1.42599
1.43495
1.4442
1.45241
1.45817
1.46032
1.45816
1.45151
1.44061
1.4262
1.40928
1.39096
1.3722
1.35367
1.33598
1.31999
1.30707
1.29879
1.29607
1.29824
1.30324
1.30874
1.31311
1.3158
1.31706
1.31768
1.31861
1.32079
1.32501
1.3318
1.34133
1.35303
1.36569
1.37771
1.38746
1.3936
1.39535
1.39255
1.3857
1.37603
1.36542
1.35595
1.34925
1.34597
1.34557
1.34676
1.34823
1.34912
1.34909
1.3481
1.34601
1.3424
1.3369
1.32959
1.32137
1.31379
1.30878
1.30802
1.31234
1.32144
1.3338
1.34715
1.3592
1.36844
1.37436
1.37698
1.37617
1.37139
1.36214
1.34878
1.33276
1.31618
1.30094
1.28792
1.27679
1.26641
1.25563
1.24378
1.23096
1.21813
1.20678
1.19872
1.19556
1.19823
1.20672
1.22006
1.23683
1.25553
1.27486
1.29368
1.31101
1.32598
1.33787
1.34615
1.35072
1.35203
1.35109
1.3492
1.34751
1.34663
1.34653
1.34679
1.34691
1.34654
1.34535
1.343
1.33916
1.33356
1.32632
1.31807
1.30993
1.3033
1.29947
1.29937
1.30343
1.31145
1.32266
1.33584
1.3496
1.36255
1.37348
1.38132
1.38511
1.38409
1.37787
1.36683
1.35247
1.33766
1.32594
1.3198
1.31891
1.31996
1.31846
1.31052
1.29365
1.26682
1.23065
1.18794
1.14442
1.10795
1.08519
1.07801
1.08331
1.0964
1.11364
1.13287
1.15266
1.17166
1.18853
1.20231
1.21287
1.22106
1.22823
1.23561
1.24371
1.25249
1.26175
1.27152
1.28197
1.2932
1.30493
1.31649
1.32706
1.33588
1.34254
1.34703
1.34971
1.35103
1.35138
1.35092
1.34934
1.34583
1.33944
1.32969
1.31706
1.30294
1.28923
1.27767
1.26926
1.26418
1.2619
1.26153
1.26221
1.26322
1.26392
1.26363
1.26161
1.25732
1.25072
1.24236
1.23351
1.22574
1.22044
1.2183
1.2193
1.22301
1.22899
1.23684
1.24614
1.25663
1.26842
1.28205
1.29793
1.31584
1.33445
1.35179
1.36614
1.37653
1.38287
1.38536
1.38409
1.37902
1.37032
1.35852
1.34479
1.3306
1.31747
1.30661
1.29879
1.29425
1.29285
1.29403
1.29679
1.29981
1.30158
1.30065
1.29589
1.28687
1.27418
1.25954
1.24544
1.23438
1.22801
1.22681
1.23021
1.23681
1.24471
1.25175
1.25605
1.25647
1.25304
1.24707
1.24058
1.23547
1.2328
1.23285
1.23563
1.24143
1.25088
1.26463
1.28282
1.30473
1.32869
1.3524
1.3735
1.38997
1.4005
1.40453
1.40228
1.39452
1.38238
1.36717
1.3502
1.33269
1.31566
1.29998
1.28649
1.27616
1.27011
1.26938
1.27447
1.28507
1.30008
1.31797
1.33719
1.35651
1.37508
1.39224
1.40727
1.41931
1.42739
1.43055
1.42796
1.41908
1.4039
1.38315
1.35835
1.33174
1.30603
1.28418
1.26907
1.26311
1.26787
1.28346
1.30794
1.33757
1.36765
1.39397
1.41359
1.42511
1.42835
1.42395
1.41295
1.39648
1.37569
1.35177
1.32616
1.30068
1.27747
1.25865
1.2457
1.2389
1.23708
1.23787
1.23842
1.23648
1.23095
1.22203
1.21078
1.19856
1.18658
1.17604
1.16842
1.16547
1.16863
1.17798
1.19176
1.20685
1.22006
1.22925
1.23351
1.23293
1.22816
1.2202
1.21016
1.19917
1.18828
1.17849
1.17071
1.16569
1.16393
1.16541
1.16965
1.17583
1.18322
1.19159
1.20139
1.21354
1.22887
1.24746
1.26852
1.29065
1.31233
1.33215
1.34878
1.36094
1.36752
1.36775
1.36139
1.34891
1.33157
1.31128
1.29027
1.27074
1.25436
1.24217
1.23427
1.22991
1.22758
1.22554
1.2223
1.21692
1.20927
1.20008
1.19085
1.18355
1.18012
1.18187
1.1891
1.20106
1.21619
1.2324
1.2475
1.25944
1.26667
1.26827
1.2641
1.25493
1.24248
1.22925
1.21804
1.21124
1.21021
1.21514
1.22501
1.23797
1.25176
1.26411
1.27303
1.27712
1.27583
1.26957
1.25983
1.24898
1.23966
1.23391
1.23244
1.23459
1.23901
1.24437
1.24974
1.25442
1.25778
1.25938
1.25936
1.25877
1.25944
1.26357
1.27277
1.28736
1.30614
1.32673
1.34638
1.36266
1.3739
1.37922
1.37842
1.3717
1.35959
1.34317
1.32433
1.30579
1.29071
1.28175
1.28025
1.2856
1.29548
1.30669
1.31617
1.3219
1.32338
1.32169
1.319
1.31748
1.31812
1.32067
1.32435
1.32849
1.33242
1.33522
1.33565
1.33261
1.32581
1.31604
1.30514
1.29526
1.28809
1.2845
1.28456
1.28788
1.29395
1.30223
1.31203
1.32225
1.33134
1.33744
1.33874
1.33393
1.32258
1.30531
1.28369
1.25965
1.23488
1.2104
1.18677
1.16493
1.14669
1.13448
1.13043
1.13521
1.14737
1.16415
1.18263
1.20056
1.21656
1.22997
1.24051
1.24823
1.25354
1.25733
1.26081
1.26489
1.26953
1.27359
1.27537
1.27361
1.26832
1.26081
1.25301
1.24667
1.24289
1.24222
1.245
1.2514
1.26131
1.27409
1.28868
1.30384
1.31838
1.33136
1.34228
1.35117
1.35875
1.36619
1.37467
1.3845
1.39475
1.40358
1.40916
1.41049
1.40788
1.40256
1.3962
1.39031
1.38596
1.38359
1.38292
1.38303
1.38243
1.37948
1.37268
1.36108
1.34446
1.32336
1.29908
1.27365
1.24969
1.23032
1.21853
1.21639
1.22419
1.24006
1.26052
1.28145
1.29922
1.31166
1.3183
1.32017
1.31913
1.31703
1.31498
1.31313
1.31092
1.30761
1.303
1.2977
1.29311
1.29076
1.29148
1.29483
1.29933
1.30315
1.30496
1.30428
1.30146
1.29742
1.29308
1.28903
1.28534
1.28172
1.27795
1.2741
1.27057
1.26785
1.26621
1.2655
1.26517
1.26452
1.26289
1.25979
1.25496
1.24849
1.24084
1.23276
1.22531
1.21966
1.21687
1.21753
1.22158
1.22836
1.23684
1.24599
1.25499
1.26331
1.27065
1.2769
1.28206
1.28612
1.28915
1.29129
1.29299
1.29499
1.29825
1.30356
1.31111
1.32026
1.32952
1.33696
1.34085
1.34019
1.33477
1.32494
1.31136
1.29476
1.27592
1.25561
1.23472
1.21416
1.19496
1.17832
1.1657
1.15869
1.15863
1.16598
1.17996
1.19836
1.21793
1.2351
1.24688
1.25162
1.24958
1.24273
1.23422
1.22742
1.22486
1.22743
1.23428
1.24332
1.25204
1.25844
1.26146
1.26114
1.25821
1.2535
1.2475
1.24042
1.23251
1.22449
1.21781
1.21434
1.21598
1.22389
1.23779
1.25579
1.27521
1.29367
1.3098
1.32311
1.33362
1.34149
1.34684
1.34993
1.35129
1.35157
1.35126
1.35048
1.34911
1.34706
1.3444
1.34129
1.33786
1.33417
1.33026
1.32644
1.32325
1.32116
1.32033
1.32064
1.32178
1.3235
1.32544
1.32711
1.32823
1.3294
1.33246
1.33963
1.35165
1.36698
1.38268
1.39579
1.40399
1.4058
1.40046
1.38811
1.36984
1.34758
1.32405
1.30249
1.28623
1.27803
1.2793
1.28936
1.30541
1.32339
1.33911
1.34935
1.35244
1.34836
1.33849
1.32481
1.30906
1.29235
1.27523
1.62512
1.59584
1.56531
1.53597
1.51113
1.49549
1.49481
1.51302
1.54888
1.59558
1.6441
1.68704
1.72
1.74121
1.75055
1.74878
1.73712
1.71685
1.68899
1.65396
1.612
1.56524
1.51953
1.4835
1.4636
1.45999
1.46769
1.48082
1.49529
1.50918
1.5221
1.53436
1.54625
1.55773
1.56827
1.57699
1.58296
1.58562
1.58536
1.58363
1.58227
1.58251
1.58435
1.58694
1.58954
1.5922
1.59589
1.60209
1.61195
1.62534
1.64061
1.65508
1.66585
1.67071
1.66874
1.66036
1.64689
1.62982
1.61
1.58761
1.56271
1.53603
1.50915
1.48411
1.46279
1.44651
1.43581
1.4305
1.42982
1.43271
1.43823
1.44597
1.45617
1.4695
1.48639
1.5064
1.52789
1.54837
1.56525
1.57654
1.58128
1.57954
1.57219
1.56105
1.54906
1.54034
1.53899
1.54672
1.56127
1.57758
1.5908
1.59859
1.60131
1.60098
1.59995
1.60014
1.60264
1.60765
1.61466
1.62259
1.63004
1.63542
1.63722
1.63417
1.6254
1.61058
1.59029
1.56653
1.54295
1.52418
1.51398
1.51338
1.52057
1.53243
1.54595
1.55879
1.56926
1.57642
1.58016
1.58118
1.58051
1.5793
1.57847
1.57853
1.57948
1.58093
1.58235
1.58351
1.58473
1.58691
1.59101
1.59738
1.6054
1.61371
1.62053
1.62407
1.62262
1.61473
1.59939
1.57625
1.54592
1.51006
1.47162
1.43465
1.40336
1.3806
1.367
1.36139
1.3623
1.36902
1.38149
1.39916
1.4199
1.4403
1.457
1.46821
1.4741
1.47628
1.4768
1.4775
1.47963
1.48372
1.48998
1.49881
1.51106
1.52742
1.54757
1.56987
1.59203
1.61201
1.62863
1.6416
1.65121
1.658
1.66261
1.66569
1.66776
1.66901
1.66916
1.66764
1.66385
1.65754
1.64911
1.63955
1.63028
1.62263
1.61746
1.61491
1.6144
1.61501
1.61573
1.6155
1.61291
1.60606
1.5928
1.57169
1.54318
1.51052
1.47939
1.45586
1.44365
1.44274
1.45003
1.46128
1.47274
1.48178
1.48713
1.48866
1.48735
1.48471
1.48234
1.48133
1.482
1.48424
1.48782
1.49275
1.49936
1.50832
1.52075
1.53783
1.56019
1.58708
1.61615
1.64409
1.66756
1.68398
1.69159
1.68929
1.67674
1.6547
1.62551
1.59258
1.55908
1.52684
1.49631
1.46752
1.44079
1.4169
1.39667
1.38092
1.37039
1.36577
1.36759
1.37608
1.3908
1.41051
1.43323
1.45671
1.47907
1.49948
1.51821
1.53611
1.55376
1.57086
1.58624
1.59826
1.60568
1.60835
1.60747
1.6052
1.60368
1.60402
1.60592
1.60812
1.60933
1.6087
1.60606
1.60166
1.59595
1.58944
1.5828
1.57686
1.57228
1.56884
1.56504
1.55875
1.54866
1.53526
1.52054
1.50664
1.49444
1.48364
1.474
1.4665
1.46328
1.46662
1.47744
1.49466
1.51552
1.53665
1.55533
1.57023
1.58122
1.58841
1.59104
1.58731
1.57548
1.55566
1.53105
1.50771
1.49189
1.48636
1.48875
1.49381
1.49695
1.4961
1.49171
1.48588
1.48131
1.48026
1.48364
1.49066
1.49909
1.50599
1.5087
1.50575
1.49738
1.48555
1.47334
1.46413
1.46051
1.46348
1.47226
1.48473
1.49826
1.51069
1.52092
1.52909
1.53603
1.54249
1.54843
1.5531
1.55599
1.55787
1.56099
1.56817
1.58079
1.59774
1.61569
1.63081
1.64051
1.64424
1.64318
1.63932
1.63443
1.62946
1.6244
1.61853
1.61103
1.60142
1.58989
1.57763
1.56706
1.56119
1.56209
1.56935
1.57982
1.58916
1.5938
1.59203
1.58387
1.57046
1.5536
1.53551
1.51845
1.50426
1.49361
1.48601
1.47982
1.47298
1.46364
1.45092
1.4354
1.41911
1.40487
1.39556
1.39359
1.40083
1.41858
1.4474
1.48657
1.53338
1.58313
1.63021
1.66967
1.69805
1.71342
1.71493
1.70244
1.6767
1.6401
1.59751
1.55621
1.52402
1.50608
1.50266
1.51001
1.52315
1.53832
1.55357
1.56789
1.58035
1.59008
1.59669
1.60038
1.60161
1.60054
1.59691
1.59029
1.58048
1.5679
1.55357
1.53908
1.52601
1.51538
1.50713
1.50016
1.4928
1.48358
1.47195
1.45883
1.44691
1.43999
1.44159
1.45312
1.47306
1.49753
1.52191
1.5424
1.55663
1.56376
1.56403
1.55858
1.54916
1.53794
1.52731
1.51963
1.51683
1.52002
1.52919
1.54316
1.5598
1.57628
1.58955
1.5968
1.59569
1.58452
1.56251
1.53019
1.48999
1.44657
1.40632
1.3757
1.35854
1.35424
1.35855
1.36669
1.37594
1.38623
1.39896
1.41561
1.4367
1.46162
1.48862
1.51525
1.53881
1.55682
1.56766
1.57097
1.56763
1.5594
1.54807
1.53502
1.52098
1.50637
1.49157
1.47718
1.46401
1.45294
1.44504
1.44186
1.44563
1.45821
1.47876
1.50305
1.52542
1.54155
1.54977
1.55077
1.5468
1.54072
1.535
1.53111
1.52945
1.52986
1.5324
1.53775
1.54699
1.56074
1.57833
1.59763
1.61595
1.63111
1.64227
1.64979
1.65444
1.6566
1.65597
1.65188
1.64432
1.63457
1.62497
1.61775
1.6135
1.61072
1.60633
1.59717
1.58161
1.56053
1.53725
1.51624
1.50156
1.49564
1.49863
1.50858
1.52223
1.53619
1.54796
1.55645
1.56185
1.56521
1.5679
1.57102
1.575
1.57961
1.58424
1.58825
1.59123
1.59295
1.59336
1.59235
1.58982
1.58574
1.58027
1.57393
1.56782
1.56373
1.56385
1.5701
1.58333
1.60259
1.6252
1.64761
1.66632
1.67861
1.68278
1.67809
1.6647
1.64366
1.61677
1.58633
1.55491
1.52512
1.49959
1.48087
1.47091
1.47033
1.478
1.49124
1.50685
1.52249
1.53721
1.55101
1.56364
1.57391
1.57993
1.5799
1.57331
1.56169
1.54853
1.53824
1.53443
1.53848
1.54886
1.56142
1.571
1.57378
1.5688
1.55844
1.54742
1.54115
1.54376
1.55683
1.57908
1.60703
1.63627
1.66269
1.68356
1.69782
1.70576
1.7082
1.70545
1.69697
1.68172
1.6589
1.62865
1.59248
1.55352
1.51637
1.48642
1.46845
1.46494
1.475
1.49456
1.51797
1.53976
1.55604
1.56484
1.56583
1.55977
1.54819
1.53317
1.51704
1.50189
1.48919
1.47971
1.4738
1.47178
1.47395
1.48042
1.49089
1.50462
1.52059
1.53759
1.55444
1.56996
1.58294
1.59226
1.59701
1.59672
1.59168
1.58308
1.57295
1.56369
1.55743
1.5554
1.55747
1.5622
1.56738
1.57059
1.56979
1.56373
1.5521
1.53549
1.51508
1.4924
1.4689
1.44563
1.42322
1.40201
1.38234
1.36491
1.35063
1.33978
1.331
1.32174
1.31033
1.29822
1.29029
1.29238
1.3079
1.33632
1.37412
1.41664
1.45932
1.49819
1.53027
1.55398
1.56935
1.57784
1.58179
1.5835
1.58441
1.58471
1.58369
1.58053
1.57497
1.56719
1.5575
1.54644
1.53541
1.52691
1.52384
1.52822
1.54007
1.55736
1.57677
1.59471
1.60814
1.61498
1.61429
1.60619
1.59163
1.57194
1.54844
1.52229
1.49487
1.46848
1.4466
1.43324
1.43108
1.43991
1.45701
1.47883
1.50248
1.52613
1.54861
1.56911
1.5871
1.60233
1.61463
1.62377
1.62907
1.62931
1.62292
1.60875
1.58733
1.56225
1.53995
1.52683
1.52523
1.53237
1.54311
1.55313
1.55957
1.56047
1.5543
1.54019
1.51838
1.49065
1.46061
1.43339
1.41429
1.40653
1.41004
1.42197
1.43857
1.45677
1.47505
1.49356
1.51339
1.5352
1.55824
1.58029
1.59881
1.61211
1.62009
1.62387
1.62497
1.62461
1.62333
1.62123
1.6181
1.61345
1.60643
1.59623
1.58229
1.5646
1.54399
1.52249
1.50351
1.49071
1.4859
1.48761
1.49225
1.49644
1.49852
1.49864
1.49812
1.49859
1.50154
1.50825
1.51982
1.53687
1.55885
1.58375
1.60836
1.62906
1.64264
1.6468
1.64034
1.62328
1.59694
1.56413
1.52918
1.49751
1.47439
1.46291
1.46265
1.47003
1.48041
1.49003
1.49715
1.50225
1.50762
1.51635
1.53084
1.55165
1.57741
1.60537
1.63224
1.65502
1.67158
1.68091
1.68289
1.67775
1.66573
1.64697
1.62181
1.59128
1.55732
1.52272
1.49045
1.46292
1.44159
1.42711
1.41968
1.41879
1.42257
1.42787
1.43137
1.43112
1.42713
1.42112
1.41569
1.41358
1.41709
1.42764
1.44544
1.46934
1.49712
1.52624
1.55461
1.58084
1.60423
1.62447
1.64136
1.6549
1.66529
1.67298
1.67852
1.68242
1.6848
1.68537
1.68349
1.67856
1.67054
1.66026
1.64912
1.63861
1.62976
1.62291
1.61773
1.61325
1.60821
1.60168
1.59333
1.58353
1.57285
1.56195
1.55169
1.54328
1.53781
1.53537
1.5344
1.53231
1.52679
1.51682
1.50294
1.48689
1.47103
1.45775
1.44886
1.44534
1.44732
1.45447
1.46621
1.48171
1.49957
1.51774
1.53383
1.54581
1.55244
1.55341
1.54949
1.54263
1.53623
1.53459
1.54118
1.55682
1.57881
1.60224
1.62202
1.63468
1.63918
1.63684
1.63072
1.62441
1.62073
1.62092
1.62499
1.63252
1.64313
1.6562
1.67045
1.68399
1.6946
1.70032
1.69997
1.69333
1.68137
1.66634
1.6514
1.63956
1.63225
1.62869
1.62684
1.62499
1.62239
1.61868
1.61305
1.60432
1.59231
1.57924
1.56944
1.56664
1.57152
1.58172
1.59378
1.60494
1.61387
1.62065
1.62585
1.62941
1.63007
1.62574
1.61479
1.59693
1.57334
1.5461
1.51799
1.49266
1.47439
1.46616
1.46753
1.47502
1.48466
1.49378
1.5013
1.50736
1.51291
1.51934
1.52805
1.53992
1.55506
1.57257
1.59086
1.60824
1.62362
1.63673
1.64767
1.65632
1.6622
1.66495
1.66487
1.66322
1.66181
1.66209
1.66438
1.66768
1.67023
1.6704
1.66731
1.66075
1.65084
1.6376
1.62119
1.60256
1.5838
1.56761
1.55596
1.54904
1.54534
1.54259
1.53898
1.53374
1.52715
1.52008
1.51376
1.5093
1.642
1.63302
1.6239
1.61448
1.6044
1.59398
1.58499
1.58058
1.58385
1.59582
1.61485
1.63769
1.66089
1.68159
1.69782
1.70869
1.71435
1.71578
1.71444
1.71184
1.70903
1.70641
1.70373
1.70047
1.69624
1.6909
1.68417
1.67548
1.6643
1.65094
1.63718
1.62584
1.61935
1.61867
1.6231
1.63087
1.63996
1.64838
1.65441
1.65693
1.65588
1.65243
1.64885
1.64779
1.65129
1.66008
1.67338
1.68936
1.70588
1.7212
1.73408
1.74377
1.74993
1.75245
1.75139
1.74671
1.73821
1.72601
1.71146
1.69769
1.68815
1.68409
1.68311
1.68096
1.67484
1.66524
1.65539
1.64931
1.64976
1.65702
1.66885
1.68177
1.69252
1.69929
1.70183
1.70128
1.69973
1.69971
1.70352
1.71204
1.72384
1.73538
1.74257
1.74279
1.73605
1.72492
1.71337
1.70519
1.70246
1.70507
1.71133
1.71898
1.72585
1.72998
1.72941
1.72238
1.708
1.68711
1.6626
1.63853
1.6182
1.60243
1.58949
1.5769
1.56343
1.55011
1.53989
1.53584
1.53957
1.5508
1.568
1.58919
1.61235
1.63529
1.65554
1.6707
1.67872
1.67829
1.66894
1.65085
1.62466
1.59171
1.55474
1.51852
1.48944
1.47333
1.47272
1.48589
1.5084
1.53557
1.56399
1.59175
1.6178
1.64105
1.66009
1.67348
1.68027
1.68025
1.67387
1.66183
1.64485
1.6237
1.59963
1.5743
1.54946
1.52635
1.50514
1.48505
1.46531
1.4462
1.42947
1.41764
1.41238
1.4136
1.42056
1.4333
1.45181
1.47397
1.49601
1.51499
1.53038
1.54366
1.55702
1.57237
1.59049
1.61073
1.63128
1.6499
1.66483
1.67528
1.68134
1.68371
1.68316
1.68048
1.67624
1.67098
1.66524
1.6596
1.65454
1.65025
1.64616
1.64064
1.63131
1.6159
1.59331
1.56488
1.53506
1.51133
1.50182
1.51093
1.53676
1.57332
1.61448
1.65583
1.69431
1.72748
1.7533
1.77022
1.77735
1.77457
1.76249
1.74227
1.71567
1.68487
1.65248
1.62135
1.59472
1.576
1.56832
1.57374
1.59204
1.62002
1.65197
1.68159
1.70419
1.71783
1.72334
1.7234
1.72132
1.7198
1.72009
1.72189
1.72389
1.72469
1.72352
1.72044
1.71576
1.70944
1.70082
1.68892
1.67344
1.65584
1.63954
1.62866
1.6256
1.62995
1.63973
1.65308
1.66916
1.68784
1.709
1.73189
1.75471
1.7748
1.7891
1.79482
1.79
1.77397
1.74757
1.71314
1.67407
1.63388
1.59553
1.56185
1.53674
1.52517
1.53072
1.55252
1.58471
1.61883
1.64682
1.66338
1.66704
1.66022
1.64816
1.63647
1.62848
1.62399
1.62027
1.61444
1.6051
1.59301
1.58061
1.57061
1.56466
1.56277
1.56384
1.56657
1.57018
1.57442
1.57931
1.58485
1.59038
1.59436
1.59458
1.58904
1.57674
1.55817
1.53519
1.51055
1.48726
1.46811
1.45545
1.45125
1.45702
1.47331
1.49882
1.53038
1.56414
1.59665
1.6252
1.6475
1.66196
1.66816
1.66729
1.66188
1.65496
1.64897
1.64513
1.64339
1.64273
1.64171
1.63889
1.63344
1.62584
1.6182
1.61378
1.61507
1.62205
1.63228
1.64276
1.65169
1.65886
1.66479
1.66984
1.67408
1.67752
1.68039
1.68302
1.6856
1.68815
1.69072
1.69338
1.69606
1.69825
1.69913
1.69789
1.69413
1.68812
1.68087
1.67423
1.67055
1.67162
1.67729
1.68505
1.69111
1.69224
1.68704
1.6762
1.66219
1.64878
1.64036
1.64055
1.65066
1.66874
1.68978
1.70744
1.71602
1.71199
1.69469
1.66617
1.63056
1.5933
1.56014
1.53579
1.5229
1.52152
1.5296
1.54383
1.56056
1.57667
1.59009
1.60001
1.60642
1.60938
1.60888
1.60506
1.59859
1.59037
1.58077
1.56927
1.55496
1.53766
1.51846
1.49955
1.48352
1.47273
1.46875
1.47201
1.48184
1.49669
1.51456
1.53323
1.55051
1.56434
1.57279
1.57436
1.56858
1.55677
1.5424
1.53025
1.5244
1.5264
1.53527
1.54891
1.56524
1.58244
1.59869
1.61211
1.62108
1.6247
1.62318
1.61799
1.61144
1.6057
1.60212
1.60093
1.60163
1.60364
1.60684
1.61163
1.61871
1.62879
1.64207
1.658
1.67522
1.6918
1.7057
1.71524
1.71936
1.71782
1.71137
1.70192
1.69198
1.68402
1.67934
1.67746
1.67645
1.67411
1.6692
1.66207
1.65434
1.64785
1.64345
1.64045
1.63707
1.63143
1.62273
1.61158
1.59971
1.58934
1.5827
1.58169
1.5877
1.60143
1.62233
1.6484
1.67627
1.70188
1.72142
1.73229
1.73377
1.72701
1.7144
1.69852
1.68134
1.66398
1.64707
1.63138
1.61807
1.60839
1.60309
1.60218
1.60535
1.61268
1.62474
1.64201
1.66391
1.68853
1.71328
1.73588
1.75529
1.77163
1.78554
1.7971
1.80523
1.80788
1.80299
1.78959
1.76842
1.74209
1.71467
1.69073
1.67379
1.66463
1.66095
1.65925
1.65676
1.65199
1.64395
1.63162
1.6143
1.59233
1.56736
1.54168
1.51758
1.49692
1.48131
1.47222
1.47076
1.47719
1.49046
1.50829
1.5278
1.54635
1.56198
1.57344
1.58023
1.58306
1.58408
1.58635
1.59278
1.60529
1.6241
1.6472
1.67034
1.68806
1.69564
1.69058
1.67322
1.6464
1.61441
1.58191
1.55294
1.53032
1.51533
1.50768
1.50586
1.50781
1.51166
1.51635
1.52179
1.52844
1.53659
1.54605
1.55631
1.56729
1.5794
1.59325
1.60903
1.62597
1.64248
1.65682
1.66787
1.67559
1.68073
1.68406
1.68581
1.68557
1.68249
1.6757
1.66452
1.64869
1.62836
1.60421
1.5775
1.55025
1.52521
1.50576
1.49533
1.49631
1.50877
1.52993
1.55529
1.58053
1.60275
1.62072
1.63433
1.64401
1.65042
1.65446
1.6573
1.66043
1.6653
1.67276
1.68256
1.69316
1.70225
1.70784
1.70911
1.70665
1.7023
1.69806
1.69506
1.69303
1.69078
1.68743
1.68327
1.67983
1.67927
1.68318
1.69162
1.70267
1.71284
1.7182
1.716
1.70576
1.68954
1.67077
1.65239
1.63527
1.61826
1.60022
1.58301
1.57292
1.57777
1.60083
1.63711
1.6764
1.70971
1.7329
1.74629
1.75242
1.75413
1.75345
1.75117
1.74708
1.74046
1.73074
1.71801
1.70309
1.68742
1.67272
1.66075
1.65307
1.65077
1.6543
1.66314
1.67568
1.68931
1.70081
1.70715
1.70626
1.69742
1.68137
1.66003
1.63612
1.61239
1.59056
1.57066
1.55156
1.53265
1.51556
1.50369
1.49951
1.5022
1.50823
1.51391
1.51726
1.51812
1.51748
1.51663
1.5168
1.51892
1.5238
1.53221
1.54482
1.56194
1.58307
1.6068
1.63101
1.65349
1.67243
1.68684
1.69671
1.70283
1.70646
1.70899
1.7116
1.71494
1.71893
1.72253
1.7239
1.72099
1.71223
1.69761
1.67939
1.66185
1.65002
1.6477
1.65592
1.67272
1.69388
1.71439
1.72988
1.73774
1.73759
1.73086
1.71998
1.70732
1.69471
1.68339
1.67386
1.6659
1.6589
1.65243
1.64653
1.64158
1.63794
1.63565
1.63427
1.63295
1.63063
1.62641
1.61984
1.6114
1.60268
1.59616
1.59408
1.59698
1.60314
1.60941
1.61301
1.61318
1.61159
1.61153
1.61626
1.62743
1.64426
1.66386
1.68255
1.69728
1.70645
1.70968
1.70737
1.70036
1.68964
1.67605
1.66016
1.64223
1.62248
1.60155
1.58097
1.56362
1.55343
1.5539
1.56611
1.5879
1.61499
1.64302
1.66857
1.68902
1.70168
1.70366
1.69253
1.66771
1.63145
1.58918
1.54827
1.51576
1.49602
1.4898
1.49474
1.50668
1.52136
1.53568
1.54797
1.55746
1.56363
1.56628
1.5658
1.56324
1.56007
1.55802
1.55874
1.56351
1.5727
1.5857
1.60136
1.61846
1.63573
1.65186
1.66557
1.6758
1.68193
1.68365
1.68056
1.67193
1.65669
1.63405
1.60483
1.57259
1.54398
1.52661
1.5245
1.53499
1.55074
1.5649
1.57421
1.57875
1.58
1.57926
1.57686
1.57253
1.56636
1.55953
1.55433
1.55317
1.55719
1.56538
1.57499
1.58286
1.58672
1.58586
1.58109
1.57432
1.56808
1.56506
1.5675
1.5764
1.59095
1.60855
1.62548
1.63804
1.64365
1.64165
1.63367
1.62326
1.61483
1.61216
1.61709
1.62923
1.64667
1.66701
1.68814
1.70854
1.72745
1.74474
1.76057
1.77476
1.78642
1.79427
1.79741
1.79627
1.79289
1.79013
1.79023
1.79378
1.79968
1.80608
1.81132
1.81442
1.81467
1.81124
1.8027
1.78757
1.76514
1.7364
1.7043
1.67323
1.64759
1.63025
1.62159
1.61969
1.62115
1.6221
1.61903
1.60947
1.59283
1.57163
1.55184
1.54042
1.5407
1.55059
1.56546
1.5816
1.59706
1.61117
1.62391
1.63522
1.64476
1.65212
1.65737
1.66145
1.66574
1.67093
1.6762
1.6797
1.67983
1.67626
1.67018
1.66357
1.65852
1.65658
1.65844
1.66379
1.67162
1.68069
1.68991
1.69851
1.70611
1.71279
1.71918
1.72612
1.73407
1.74268
1.75094
1.75767
1.76202
1.76376
1.76341
1.76201
1.76059
1.75965
1.75895
1.75736
1.75325
1.74496
1.73108
1.71074
1.68389
1.65188
1.61793
1.58698
1.56436
1.55363
1.55492
1.56513
1.57972
1.59485
1.6083
1.61902
1.62622
1.62904
1.62717
1.62125
1.61266
1.60302
1.59384
1.58666
1.58322
1.58551
1.59508
1.61226
1.63567
1.6623
1.68824
1.70962
1.72346
1.72823
1.72392
1.71181
1.69389
1.67224
1.64873
1.62477
1.60127
1.57861
1.55662
1.535
1.51383
1.49402
1.47733
1.46586
1.46135
1.46441
1.47398
1.48732
1.50077
1.51095
1.51581
1.5151
1.51033
1.50443
1.50133
1.50464
1.51548
1.53151
1.54848
1.56296
1.57365
1.58102
1.58619
1.58988
1.59195
1.59141
1.58707
1.57843
1.56657
1.55449
1.54611
1.54394
1.54713
1.5521
1.55525
1.55496
1.55169
1.54675
1.54109
1.535
1.64215
1.63504
1.63155
1.63349
1.64075
1.65133
1.66298
1.67447
1.68564
1.69665
1.7074
1.71747
1.72664
1.73512
1.74353
1.75265
1.76288
1.77375
1.78356
1.78944
1.78797
1.77634
1.75335
1.71994
1.67903
1.63485
1.59188
1.55391
1.52352
1.50222
1.49084
1.48977
1.49889
1.5174
1.54402
1.57719
1.61516
1.65593
1.69751
1.73817
1.77659
1.81146
1.84091
1.86249
1.87383
1.87358
1.86199
1.84066
1.81226
1.7805
1.75014
1.72535
1.70716
1.69295
1.679
1.66346
1.64654
1.62891
1.61051
1.59069
1.56908
1.54606
1.52279
1.50114
1.4838
1.47406
1.47499
1.48843
1.51431
1.5507
1.59416
1.64057
1.68594
1.72701
1.76158
1.78861
1.80811
1.8206
1.82689
1.82781
1.824
1.81573
1.80312
1.78654
1.76716
1.74698
1.72834
1.71311
1.7022
1.69583
1.69397
1.69672
1.70378
1.71394
1.72501
1.73479
1.74202
1.74666
1.74958
1.75172
1.75339
1.75391
1.75202
1.74669
1.73815
1.72834
1.72022
1.71602
1.71568
1.71715
1.71782
1.71541
1.70792
1.69451
1.67713
1.66041
1.64882
1.64364
1.64296
1.64375
1.64385
1.64307
1.64284
1.6446
1.64854
1.6537
1.65896
1.66345
1.66656
1.66767
1.66604
1.66086
1.65164
1.63857
1.62292
1.60706
1.59385
1.58543
1.58193
1.58153
1.58181
1.58119
1.5795
1.57773
1.57712
1.57847
1.5816
1.58567
1.58946
1.59198
1.59286
1.59298
1.59455
1.59978
1.60882
1.61943
1.62906
1.63703
1.64488
1.65508
1.66971
1.68989
1.71558
1.74547
1.77722
1.80815
1.83594
1.85907
1.87679
1.88893
1.89535
1.89587
1.89029
1.87859
1.86143
1.84037
1.81783
1.79599
1.77555
1.75556
1.73512
1.71544
1.7001
1.69346
1.6983
1.7144
1.73898
1.76791
1.79693
1.82249
1.8421
1.85466
1.86035
1.86028
1.85595
1.84874
1.8396
1.82897
1.817
1.8039
1.79012
1.77637
1.76341
1.75176
1.74154
1.73271
1.72544
1.72037
1.71845
1.72019
1.7254
1.73335
1.7433
1.75489
1.76829
1.78383
1.8013
1.81933
1.8353
1.84573
1.8472
1.8374
1.81606
1.7857
1.75151
1.72041
1.69885
1.69024
1.69389
1.70628
1.72346
1.74258
1.76194
1.78026
1.79639
1.80928
1.81816
1.82269
1.82295
1.81939
1.81285
1.8047
1.79678
1.79121
1.79022
1.79546
1.80675
1.82114
1.83374
1.83996
1.83734
1.82577
1.80687
1.78324
1.75774
1.73285
1.70973
1.68763
1.66426
1.63712
1.60534
1.57058
1.53678
1.50888
1.49094
1.48482
1.48967
1.50274
1.52047
1.53934
1.55639
1.56921
1.57629
1.57716
1.57254
1.56418
1.55433
1.54541
1.53976
1.53974
1.54755
1.56414
1.58796
1.61528
1.64203
1.66526
1.68308
1.69371
1.69505
1.68526
1.66404
1.63362
1.59892
1.5662
1.54075
1.52482
1.51716
1.51464
1.51467
1.51673
1.52217
1.53286
1.54978
1.57213
1.5972
1.62113
1.64013
1.65182
1.65573
1.65312
1.64626
1.63756
1.62898
1.62175
1.61654
1.61387
1.61454
1.6193
1.62798
1.63906
1.65017
1.65922
1.66496
1.667
1.66559
1.6612
1.65437
1.64632
1.63987
1.63892
1.64581
1.65964
1.67753
1.69728
1.71788
1.73864
1.7583
1.77492
1.78625
1.7901
1.78455
1.7682
1.74097
1.70568
1.66894
1.63916
1.62204
1.61815
1.62482
1.63904
1.65839
1.68058
1.70328
1.7243
1.74183
1.75452
1.76143
1.76209
1.75664
1.74639
1.73401
1.72282
1.71506
1.71083
1.70864
1.70721
1.70621
1.70597
1.70674
1.70797
1.70835
1.70635
1.70109
1.69277
1.68293
1.67409
1.66883
1.66864
1.67326
1.68096
1.68953
1.69731
1.70365
1.70846
1.7116
1.71223
1.70851
1.69824
1.67994
1.65416
1.62416
1.59525
1.57268
1.55922
1.55445
1.5561
1.56194
1.57087
1.58298
1.59899
1.61955
1.64428
1.6714
1.69857
1.72384
1.74541
1.76087
1.76739
1.76301
1.74764
1.72328
1.6936
1.66347
1.63781
1.62016
1.61166
1.61129
1.61734
1.6288
1.64544
1.66699
1.69246
1.72006
1.74768
1.77322
1.79465
1.81003
1.81765
1.81661
1.80722
1.79134
1.77222
1.75365
1.73881
1.72933
1.72501
1.72444
1.72571
1.72728
1.72836
1.72869
1.7282
1.72693
1.72515
1.7235
1.72271
1.72315
1.72427
1.72456
1.7221
1.71548
1.70443
1.6902
1.67524
1.66251
1.65463
1.65334
1.65936
1.67255
1.69189
1.71519
1.73915
1.76012
1.77523
1.78316
1.78423
1.78
1.7728
1.76497
1.7583
1.75367
1.7513
1.75112
1.75279
1.75567
1.75884
1.76146
1.76304
1.76349
1.76308
1.76199
1.76005
1.7568
1.75207
1.74749
1.74762
1.75851
1.78232
1.81325
1.84079
1.85635
1.85657
1.84277
1.8189
1.78925
1.75672
1.72244
1.68728
1.65361
1.62565
1.60756
1.6009
1.60334
1.60984
1.61531
1.61682
1.61401
1.60862
1.6035
1.60165
1.60526
1.61517
1.63073
1.65006
1.67033
1.68795
1.69895
1.70028
1.69117
1.67384
1.65307
1.63434
1.62182
1.61731
1.62067
1.63089
1.64691
1.66774
1.69248
1.72012
1.74882
1.77553
1.79676
1.81027
1.81661
1.8194
1.82338
1.83113
1.84097
1.84847
1.84949
1.84198
1.82622
1.80481
1.78218
1.76374
1.75398
1.75447
1.76309
1.77507
1.78523
1.79005
1.78848
1.78163
1.77155
1.76038
1.75
1.74202
1.7375
1.73621
1.7359
1.73241
1.72112
1.69896
1.66626
1.62745
1.59009
1.56247
1.5504
1.55479
1.57205
1.59693
1.62516
1.65426
1.68275
1.70901
1.73049
1.74388
1.74589
1.73451
1.71031
1.67741
1.64353
1.6182
1.60856
1.61493
1.63076
1.64721
1.65796
1.66096
1.65778
1.65203
1.64783
1.64825
1.65425
1.66445
1.67555
1.68334
1.68443
1.67782
1.6654
1.65149
1.64107
1.63769
1.64213
1.65242
1.66543
1.67841
1.68993
1.70001
1.70956
1.71946
1.72982
1.73954
1.74664
1.74904
1.74546
1.73586
1.72116
1.70278
1.68213
1.66066
1.64035
1.62412
1.61535
1.61635
1.62677
1.6435
1.66231
1.67995
1.69488
1.70628
1.71322
1.71459
1.70987
1.69971
1.6859
1.67096
1.65764
1.64874
1.64699
1.65462
1.67199
1.69659
1.72348
1.74685
1.76157
1.76413
1.75377
1.73315
1.70765
1.68359
1.66609
1.65758
1.65753
1.66299
1.67015
1.67605
1.67925
1.67937
1.67598
1.66816
1.65499
1.63635
1.61355
1.5895
1.56818
1.55336
1.54717
1.54942
1.55796
1.56979
1.58218
1.59327
1.60216
1.60861
1.61283
1.61543
1.61764
1.62182
1.63158
1.65064
1.68085
1.72035
1.76394
1.8054
1.83979
1.86433
1.87821
1.88197
1.87704
1.86569
1.85075
1.83514
1.82089
1.80859
1.79772
1.78728
1.77595
1.76157
1.74135
1.71341
1.67898
1.64384
1.61682
1.60459
1.60636
1.6146
1.62072
1.61968
1.61125
1.59918
1.58899
1.58494
1.58815
1.5971
1.6094
1.62312
1.63689
1.64911
1.6575
1.65957
1.65443
1.64517
1.63906
1.64261
1.6553
1.67038
1.68144
1.68603
1.68478
1.67971
1.67376
1.67077
1.67405
1.68442
1.69961
1.716
1.73065
1.7419
1.74913
1.7524
1.75245
1.75058
1.74793
1.74499
1.74169
1.73795
1.73432
1.73203
1.73322
1.741
1.75791
1.78321
1.81174
1.83612
1.85037
1.85176
1.84053
1.8185
1.78808
1.752
1.71337
1.67585
1.64339
1.6198
1.60832
1.61096
1.62761
1.65529
1.68852
1.72097
1.74738
1.76469
1.77209
1.77044
1.76128
1.74635
1.72735
1.70635
1.68605
1.66981
1.66099
1.66172
1.67179
1.6888
1.70947
1.73102
1.7518
1.77102
1.78831
1.80328
1.81505
1.82193
1.8213
1.81023
1.78637
1.74947
1.70279
1.65374
1.61225
1.58667
1.58003
1.5898
1.61066
1.63721
1.66516
1.69123
1.7131
1.72959
1.74088
1.74825
1.75364
1.75894
1.7653
1.77271
1.77994
1.7854
1.78822
1.78904
1.78975
1.79229
1.79755
1.80512
1.81339
1.81981
1.82141
1.81556
1.80068
1.7766
1.74445
1.70642
1.66575
1.62643
1.59282
1.56867
1.55629
1.55608
1.56622
1.58298
1.60191
1.61991
1.63653
1.65363
1.67348
1.6967
1.72168
1.74528
1.76423
1.77629
1.78084
1.77849
1.77075
1.75936
1.74586
1.73129
1.71606
1.70052
1.68554
1.6732
1.66655
1.66862
1.6811
1.70365
1.73392
1.7682
1.80197
1.83052
1.84957
1.85587
1.84768
1.82521
1.79091
1.74948
1.70722
1.67079
1.64551
1.63426
1.63744
1.65342
1.67878
1.70871
1.73806
1.76262
1.77978
1.78868
1.78971
1.78383
1.77199
1.75477
1.73261
1.70636
1.67749
1.64817
1.62064
1.59686
1.57812
1.56503
1.55716
1.5531
1.55128
1.55132
1.55458
1.5629
1.57666
1.59399
1.61185
1.62793
1.64151
1.65359
1.66621
1.68151
1.70081
1.72397
1.74914
1.77327
1.79297
1.8053
1.80829
1.80124
1.78467
1.76041
1.73203
1.70524
1.68719
1.68297
1.69145
1.70566
1.71778
1.72325
1.72137
1.71414
1.70474
1.69638
1.69109
1.68888
1.68745
1.68348
1.67449
1.66029
1.6433
1.62794
1.61925
1.62133
1.63577
1.66084
1.69217
1.72434
1.75242
1.77291
1.78411
1.78616
1.78058
1.76991
1.75735
1.7461
1.73902
1.73815
1.74445
1.75766
1.77641
1.79821
1.81991
1.83832
1.85117
1.85755
1.85796
1.85372
1.84611
1.83576
1.82289
1.8078
1.79162
1.77651
1.765
1.75867
1.75708
1.75796
1.75832
1.75565
1.74881
1.7382
1.72561
1.71401
1.70712
1.70864
1.72092
1.74359
1.77341
1.80552
1.83521
1.859
1.8748
1.8818
1.87994
1.86946
1.85069
1.82432
1.79199
1.75659
1.62273
1.60034
1.58583
1.57957
1.58117
1.58944
1.60262
1.61867
1.63553
1.65127
1.66406
1.67211
1.67401
1.66912
1.65822
1.64362
1.62869
1.61694
1.61071
1.61033
1.61421
1.6195
1.62299
1.62195
1.61495
1.60235
1.58631
1.57043
1.55904
1.55613
1.56405
1.58264
1.60949
1.64116
1.6743
1.70607
1.73372
1.75428
1.76498
1.76451
1.75388
1.7364
1.71646
1.69795
1.68288
1.67103
1.66087
1.65119
1.64239
1.63648
1.63572
1.64045
1.64834
1.6557
1.65955
1.65887
1.65436
1.64735
1.6386
1.62767
1.61316
1.59342
1.56766
1.53663
1.50275
1.46973
1.44189
1.42335
1.41733
1.42547
1.44723
1.4798
1.5188
1.55955
1.59827
1.63248
1.66086
1.68284
1.6982
1.70686
1.70881
1.70429
1.69418
1.68012
1.66449
1.64996
1.63889
1.63269
1.63144
1.63387
1.63766
1.64015
1.63895
1.63279
1.62213
1.60931
1.59801
1.59171
1.5924
1.60027
1.61416
1.63217
1.65183
1.67025
1.68445
1.69208
1.6921
1.68505
1.67303
1.65934
1.64789
1.64243
1.64554
1.65755
1.67602
1.69651
1.7142
1.72532
1.7277
1.72063
1.70443
1.68022
1.64993
1.61628
1.58243
1.55118
1.52437
1.50289
1.48718
1.47765
1.4747
1.4787
1.48981
1.50788
1.53207
1.56053
1.59055
1.61915
1.64351
1.66165
1.67278
1.67759
1.67825
1.67791
1.67932
1.68326
1.6879
1.69015
1.68776
1.68038
1.66926
1.65616
1.64243
1.62869
1.61489
1.60069
1.586
1.57124
1.5576
1.54678
1.54029
1.53894
1.54277
1.55133
1.56387
1.57942
1.59676
1.61448
1.63101
1.64491
1.65553
1.66356
1.67082
1.67915
1.68916
1.69995
1.7098
1.71727
1.7218
1.72368
1.72365
1.72245
1.72056
1.71828
1.71597
1.71446
1.71519
1.71986
1.72948
1.74322
1.75807
1.76974
1.7742
1.76899
1.75391
1.73141
1.70561
1.68014
1.65617
1.63255
1.6076
1.58067
1.55255
1.5252
1.50112
1.48266
1.47139
1.46791
1.47208
1.48344
1.50134
1.52499
1.55349
1.58586
1.62091
1.65711
1.69227
1.72349
1.74765
1.76206
1.76507
1.75631
1.73677
1.70855
1.67469
1.63879
1.60499
1.57767
1.56085
1.55695
1.56576
1.5843
1.60835
1.63438
1.66069
1.68702
1.71339
1.7394
1.76403
1.78604
1.80403
1.81662
1.82248
1.82063
1.81054
1.79232
1.76666
1.73486
1.69873
1.66056
1.62315
1.58978
1.56387
1.54811
1.54332
1.54778
1.55776
1.56926
1.5798
1.58904
1.59809
1.60799
1.61887
1.63014
1.64137
1.65295
1.66564
1.67994
1.69567
1.71216
1.72869
1.74467
1.75949
1.77211
1.78092
1.78415
1.78046
1.76944
1.75187
1.7296
1.70533
1.68228
1.66378
1.65262
1.65026
1.65586
1.66631
1.67728
1.68479
1.68637
1.6815
1.67144
1.65888
1.64728
1.63994
1.63853
1.64233
1.64888
1.65566
1.66153
1.66697
1.67332
1.68175
1.69245
1.70454
1.7163
1.72566
1.73065
1.72986
1.72325
1.71236
1.69952
1.68624
1.6723
1.65636
1.63741
1.61599
1.59458
1.57733
1.56864
1.57121
1.58426
1.60387
1.62484
1.64284
1.65551
1.66222
1.66331
1.65943
1.65124
1.63954
1.62566
1.61156
1.59965
1.59224
1.59075
1.59553
1.6057
1.61964
1.63527
1.65056
1.66408
1.67534
1.68487
1.69369
1.70259
1.71137
1.71883
1.72371
1.72549
1.72456
1.72166
1.71736
1.712
1.70631
1.70182
1.69986
1.69984
1.69908
1.69433
1.68328
1.66517
1.64066
1.61156
1.58026
1.54912
1.52002
1.49487
1.4762
1.46709
1.46962
1.48333
1.50522
1.5313
1.55829
1.58453
1.60994
1.63549
1.66235
1.69087
1.72003
1.74752
1.77063
1.78702
1.79506
1.79411
1.78449
1.76766
1.74615
1.72324
1.70216
1.68523
1.67317
1.66518
1.65972
1.65532
1.6511
1.6466
1.64153
1.63566
1.6288
1.62111
1.61332
1.60693
1.60386
1.60563
1.61268
1.6242
1.63884
1.65525
1.67223
1.68825
1.70146
1.71006
1.71289
1.70968
1.70108
1.68848
1.67349
1.65778
1.64285
1.62995
1.62036
1.61608
1.62008
1.63545
1.66316
1.70048
1.7416
1.77999
1.81062
1.83088
1.84051
1.84103
1.83518
1.82594
1.81543
1.80423
1.79174
1.77687
1.75862
1.73658
1.71133
1.68454
1.65848
1.6354
1.61719
1.60566
1.60244
1.60826
1.62198
1.64055
1.66051
1.67941
1.69627
1.71113
1.72409
1.73466
1.74167
1.74365
1.73964
1.73021
1.71838
1.70959
1.70961
1.72065
1.73926
1.7584
1.77144
1.77485
1.76821
1.75327
1.73272
1.70903
1.68383
1.65791
1.63177
1.60653
1.58419
1.56681
1.5553
1.54914
1.54715
1.54852
1.55295
1.56
1.56829
1.57558
1.57947
1.57854
1.57336
1.56679
1.5633
1.56746
1.58222
1.60786
1.64183
1.67979
1.71695
1.74955
1.77564
1.79491
1.80794
1.81535
1.8176
1.81516
1.80902
1.80071
1.79206
1.78475
1.77967
1.77661
1.77429
1.77086
1.76474
1.75528
1.74295
1.72917
1.71591
1.70515
1.69849
1.69657
1.69887
1.70395
1.70991
1.71499
1.71782
1.71763
1.71432
1.70856
1.70169
1.69571
1.69271
1.69413
1.69988
1.708
1.71538
1.71891
1.7167
1.70866
1.69644
1.68287
1.67107
1.66358
1.66165
1.66482
1.67112
1.67795
1.68311
1.68542
1.68468
1.68119
1.67522
1.66696
1.65707
1.64733
1.64077
1.64054
1.64793
1.661
1.67541
1.68636
1.69008
1.68428
1.66807
1.64216
1.60961
1.57643
1.55069
1.53932
1.54523
1.56654
1.59807
1.63332
1.66632
1.69284
1.71067
1.71945
1.72008
1.71416
1.70333
1.68909
1.67264
1.65496
1.63701
1.61984
1.60459
1.59242
1.58423
1.58039
1.58061
1.58388
1.58845
1.59194
1.59168
1.58554
1.57292
1.55561
1.53771
1.52446
1.52022
1.52667
1.54209
1.56241
1.58326
1.60155
1.61605
1.62667
1.63355
1.6366
1.63574
1.63168
1.62635
1.62251
1.62237
1.62636
1.63292
1.63974
1.64512
1.64849
1.65003
1.64993
1.64786
1.64305
1.63463
1.62191
1.60458
1.58307
1.55894
1.53513
1.51556
1.50376
1.50114
1.50633
1.51629
1.52792
1.53893
1.5478
1.55342
1.55501
1.55225
1.54532
1.53483
1.52166
1.50708
1.493
1.482
1.4766
1.47814
1.48604
1.49819
1.51209
1.52607
1.53951
1.55265
1.56589
1.57945
1.59302
1.60554
1.61535
1.62085
1.6216
1.61912
1.61666
1.61733
1.62134
1.62495
1.62252
1.60951
1.58459
1.55017
1.51155
1.47504
1.4456
1.42553
1.41488
1.41268
1.4179
1.4296
1.44648
1.46661
1.48763
1.50734
1.52413
1.53742
1.54764
1.55598
1.56393
1.573
1.58434
1.59849
1.61511
1.63293
1.64984
1.66317
1.67009
1.66839
1.65723
1.63761
1.61226
1.5849
1.55949
1.53964
1.52827
1.52718
1.53641
1.55404
1.57659
1.60033
1.62256
1.64212
1.65878
1.67242
1.68245
1.68814
1.68925
1.68652
1.68163
1.67654
1.67278
1.6708
1.66999
1.66908
1.66675
1.66213
1.65477
1.64457
1.63186
1.61793
1.60544
1.59825
1.59953
1.60957
1.62552
1.64321
1.65877
1.66894
1.67111
1.66393
1.64795
1.6259
1.60207
1.58105
1.56642
1.55982
1.56078
1.56724
1.57643
1.58563
1.59291
1.59774
1.60131
1.60561
1.61128
1.61641
1.61783
1.61337
1.60291
1.58806
1.57121
1.55465
1.54005
1.52815
1.5189
1.5119
1.50709
1.5051
1.50663
1.51122
1.51661
1.51977
1.51881
1.51408
1.50741
1.50083
1.49562
1.4924
1.49161
1.494
1.50067
1.51256
1.52971
1.55077
1.57306
1.59295
1.6069
1.61288
1.61212
1.60953
1.61064
1.61647
1.62244
1.62253
1.61348
1.5955
1.57118
1.54438
1.51934
1.50007
1.4898
1.49045
1.50239
1.52413
1.55224
1.58172
1.60758
1.62672
1.63887
1.64583
1.64989
1.6527
1.65491
1.65673
1.65843
1.66073
1.66453
1.67044
1.67832
1.6871
1.69493
1.69968
1.69957
1.69368
1.68218
1.66648
1.64956
1.6363
1.63287
1.64418
1.67035
1.70563
1.74111
1.76895
1.78466
1.78725
1.77813
1.76008
1.73656
1.71129
1.68804
1.67008
1.65962
1.65731
1.66206
1.67163
1.6834
1.69491
1.70373
1.70742
1.70361
1.69069
1.66897
1.64186
1.61588
1.59805
1.59147
1.59316
1.59612
1.59325
1.58129
1.56413
1.55213
1.55342
1.56517
1.57754
1.58326
1.58072
1.57176
1.5592
1.5459
1.53465
1.52822
1.52897
1.53801
1.55431
1.57466
1.59452
1.60948
1.61653
1.61464
1.60487
1.5902
1.5751
1.56453
1.56248
1.57055
1.58759
1.61046
1.6354
1.65914
1.6794
1.69513
1.70661
1.71544
1.72415
1.73529
1.74996
1.76683
1.78261
1.79369
1.79765
1.79389
1.78322
1.76723
1.74776
1.72646
1.70461
1.68318
1.66288
1.64478
1.6307
1.62304
1.62336
1.63093
1.64316
1.65729
1.67135
1.68389
1.69345
1.69849
1.69782
1.69115
1.67942
1.66454
1.64892
1.6348
1.62363
1.61589
1.61101
1.60768
1.6041
1.59837
1.58899
1.57533
1.5582
1.54
1.5245
1.5158
1.51697
1.52895
1.55033
1.57801
1.60825
1.63758
1.66345
1.68448
1.70037
1.71137
1.71792
1.72015
1.71792
1.7112
1.70083
1.68905
1.67911
1.67392
1.67427
1.67797
1.68093
1.67981
1.67381
1.66442
1.65408
1.6446
1.63653
1.62929
1.62202
1.61442
1.60713
1.60131
1.59804
1.59763
1.59967
1.60355
1.60905
1.61676
1.62759
1.64203
1.65927
1.67706
1.69235
1.70239
1.70582
1.70328
1.69749
1.69268
1.69332
1.70221
1.71937
1.7422
1.76662
1.78852
1.80473
1.81357
1.81504
1.81054
1.80249
1.7935
1.7858
1.781
