-4.71445
-4.71412
-4.71377
-4.71337
-4.71171
-4.70892
-4.70619
-4.70188
-4.69868
-4.69452
-4.69216
-4.69031
-4.6888
-4.68713
-4.68723
-4.68762
-4.68888
-4.69028
-4.69286
-4.69557
-4.69723
-4.69869
-4.70036
-4.70115
-4.70094
-4.69944
-4.70019
-4.70066
-4.70122
-4.70133
-4.70078
-4.70065
-4.70083
-4.70129
-4.70268
-4.70207
-4.70285
-4.70384
-4.70309
-4.7023
-4.7009
-4.70073
-4.70102
-4.70103
-4.69943
-4.6997
-4.69913
-4.69983
-4.69934
-4.69946
-4.69802
-4.69758
-4.69676
-4.69588
-4.69587
-4.69618
-4.69669
-4.69625
-4.69727
-4.69763
-4.69788
-4.69826
-4.69899
-4.69959
-4.69992
-4.70032
-4.69965
-4.69901
-4.69935
-4.69994
-4.69986
-4.69986
-4.70068
-4.70109
-4.70169
-4.70204
-4.70239
-4.70223
-4.70321
-4.70286
-4.70166
-4.70156
-4.70229
-4.70219
-4.70279
-4.7029
-4.70316
-4.70328
-4.7027
-4.70206
-4.70273
-4.70263
-4.70312
-4.70237
-4.70171
-4.70137
-4.701
-4.701
-4.70104
-4.70066
-4.70154
-4.70112
-4.70048
-4.70008
-4.69992
-4.70033
-4.70024
-4.69983
-4.69805
-4.69748
-4.69664
-4.6963
-4.69589
-4.6959
-4.69576
-4.69594
-4.6963
-4.69664
-4.69782
-4.69884
-4.69814
-4.69944
-4.6994
-4.69893
-4.69925
-4.69903
-4.69845
-4.69755
-4.69679
-4.69725
-4.69801
-4.69818
-4.69822
-4.69827
-4.6979
-4.69774
-4.6984
-4.69823
-4.6978
-4.69787
-4.69807
-4.69914
-4.69969
-4.7
-4.70083
-4.70039
-4.69962
-4.70022
-4.70056
-4.70125
-4.70171
-4.70207
-4.70275
-4.70282
-4.70299
-4.70236
-4.70199
-4.70234
-4.70193
-4.70076
-4.70082
-4.70074
-4.69994
-4.70038
-4.69992
-4.70039
-4.69964
-4.69903
-4.69871
-4.69856
-4.69889
-4.6991
-4.69843
-4.6976
-4.69886
-4.69844
-4.69845
-4.69815
-4.69831
-4.69709
-4.69673
-4.69648
-4.69693
-4.6969
-4.69579
-4.69577
-4.69552
-4.69596
-4.69605
-4.69608
-4.69631
-4.69566
-4.69547
-4.69649
-4.69687
-4.69676
-4.69675
-4.69744
-4.69777
-4.69835
-4.6986
-4.69805
-4.69852
-4.69803
-4.69718
-4.69614
-4.69659
-4.6954
-4.69516
-4.69471
-4.69495
-4.69499
-4.69437
-4.69413
-4.69438
-4.6948
-4.69458
-4.69462
-4.69551
-4.69542
-4.69466
-4.69491
-4.69558
-4.69548
-4.69536
-4.69525
-4.69589
-4.6961
-4.69557
-4.69478
-4.6951
-4.69501
-4.69618
-4.69617
-4.69661
-4.69674
-4.69637
-4.69612
-4.69538
-4.69522
-4.69624
-4.69528
-4.6955
-4.69616
-4.69681
-4.6967
-4.69689
-4.69665
-4.69735
-4.69763
-4.69838
-4.69765
-4.69739
-4.69686
-4.69681
-4.69742
-4.69777
-4.69861
-4.69964
-4.70098
-4.70142
-4.7015
-4.70163
-4.70011
-4.70085
-4.70011
-4.70049
-4.70008
-4.70118
-4.70127
-4.70202
-4.70209
-4.70178
-4.70303
-4.70311
-4.70308
-4.70291
-4.70368
-4.70479
-4.7043
-4.70433
-4.70395
-4.70437
-4.70449
-4.70412
-4.70459
-4.70498
-4.70424
-4.70465
-4.70459
-4.70379
-4.70378
-4.70382
-4.70298
-4.70228
-4.7023
-4.70226
-4.70138
-4.70106
-4.70161
-4.70159
-4.70148
-4.70147
-4.70154
-4.70118
-4.70109
-4.70111
-4.70082
-4.70038
-4.70061
-4.69984
-4.69956
-4.6999
-4.70096
-4.70028
-4.70027
-4.69986
-4.69955
-4.6995
-4.69914
-4.69897
-4.69931
-4.69913
-4.6986
-4.69922
-4.699
-4.69987
-4.69993
-4.70034
-4.70077
-4.7009
-4.70015
-4.70025
-4.69972
-4.69982
-4.69865
-4.69804
-4.69773
-4.69816
-4.69781
-4.69814
-4.69851
-4.69825
-4.69793
-4.69876
-4.69861
-4.69917
-4.6994
-4.69854
-4.699
-4.69882
-4.69888
-4.69829
-4.69902
-4.69852
-4.69848
-4.69803
-4.69914
-4.6994
-4.69967
-4.69963
-4.69968
-4.69952
-4.69932
-4.69972
-4.69836
-4.6983
-4.69897
-4.70005
-4.70048
-4.70127
-4.70177
-4.70193
-4.7017
-4.70183
-4.702
-4.70177
-4.70102
-4.69993
-4.7011
-4.70047
-4.7006
-4.70106
-4.70063
-4.70005
-4.69931
-4.69948
-4.69904
-4.69859
-4.69847
-4.69913
-4.69955
-4.69885
-4.6984
-4.6982
-4.69901
-4.69986
-4.70073
-4.70217
-4.70204
-4.70227
-4.70255
-4.70365
-4.70375
-4.70319
-4.70395
-4.70425
-4.70469
-4.70393
-4.70349
-4.70425
-4.70395
-4.70392
-4.70418
-4.70443
-4.70424
-4.70423
-4.70428
-4.7038
-4.70416
-4.70413
-4.70372
-4.70379
-4.70478
-4.70483
-4.70468
-4.70583
-4.70614
-4.70608
-4.70609
-4.70591
-4.70479
-4.70443
-4.7047
-4.70398
-4.7044
-4.7043
-4.70443
-4.70384
-4.70448
-4.70541
-4.70572
-4.70585
-4.70461
-4.70411
-4.70391
-4.70384
-4.70345
-4.70408
-4.7042
-4.70365
-4.70242
-4.70129
-4.70162
-4.70209
-4.70198
-4.70207
-4.7024
-4.70343
-4.70349
-4.70274
-4.70311
-4.7029
-4.703
-4.70309
-4.70224
-4.70224
-4.70217
-4.70262
-4.70254
-4.70283
-4.70231
-4.70251
-4.70148
-4.70197
-4.70233
-4.70228
-4.70273
-4.70157
-4.70077
-4.70049
-4.7007
-4.7002
-4.70033
-4.70034
-4.70083
-4.70105
-4.70176
-4.7019
-4.70084
-4.70187
-4.7015
-4.70165
-4.70156
-4.70108
-4.70098
-4.70173
-4.70048
-4.70118
-4.70172
-4.70091
-4.70149
-4.70121
-4.70189
-4.70279
-4.7036
-4.70401
-4.70311
-4.70405
-4.70378
-4.70349
-4.70453
-4.70448
-4.70438
-4.70483
-4.7051
-4.70533
-4.70448
-4.70375
-4.70332
-4.7032
-4.70325
-4.70272
-4.70298
-4.70296
-4.7034
-4.70321
-4.7042
-4.70439
-4.70348
-4.70301
-4.70269
-4.70134
-4.70005
-4.69974
-4.7006
-4.70053
-4.70133
-4.70188
-4.70193
-4.70203
-4.70169
-4.70137
-4.70021
-4.69992
-4.70022
-4.69994
-4.69986
-4.69953
-4.69909
-4.69896
-4.69853
-4.69865
-4.69826
-4.69873
-4.69885
-4.69834
-4.69919
-4.69898
-4.6994
-4.6988
-4.69825
-4.69823
-4.69828
-4.69856
-4.69905
-4.69972
-4.69994
-4.69955
-4.70095
-4.70127
-4.70144
-4.70175
-4.70237
-4.70295
-4.70288
-4.70317
-4.70308
-4.70293
-4.70293
-4.70176
-4.70188
-4.70208
-4.70189
-4.70203
-4.70292
-4.70285
-4.70287
-4.70297
-4.70286
-4.70302
-4.70272
-4.70243
-4.7026
-4.70246
-4.70244
-4.70178
-4.70128
-4.70052
-4.70059
-4.7003
-4.70042
-4.70062
-4.70072
-4.70053
-4.70076
-4.70064
-4.70045
-4.70017
-4.70105
-4.70007
-4.69863
-4.69887
-4.69932
-4.69891
-4.6987
-4.69929
-4.69974
-4.70017
-4.69982
-4.70002
-4.69972
-4.70041
-4.70103
-4.70022
-4.70038
-4.69943
-4.69935
-4.69912
-4.69848
-4.69852
-4.69852
-4.69849
-4.69828
-4.69846
-4.69946
-4.69986
-4.70025
-4.70091
-4.70124
-4.70153
-4.70162
-4.70259
-4.7017
-4.70141
-4.7008
-4.70078
-4.70106
-4.70056
-4.70049
-4.6998
-4.69955
-4.69974
-4.69947
-4.69963
-4.69974
-4.69953
-4.69946
-4.6993
-4.69927
-4.6999
-4.69969
-4.70025
-4.70056
-4.70127
-4.70153
-4.70099
-4.70087
-4.70121
-4.70055
-4.70015
-4.70002
-4.70033
-4.69944
-4.69872
-4.69929
-4.69941
-4.70032
-4.70124
-4.70194
-4.70216
-4.70163
-4.70181
-4.70242
-4.70156
-4.70126
-4.70036
-4.70025
-4.70049
-4.70048
-4.70005
-4.70056
-4.70018
-4.7001
-4.69943
-4.69999
-4.69999
-4.70021
-4.70112
-4.70198
-4.7017
-4.70144
-4.70191
-4.70062
-4.69936
-4.69841
-4.69748
-4.69754
-4.69818
-4.69783
-4.69836
-4.6983
-4.69854
-4.69991
-4.69942
-4.69909
-4.69892
-4.69924
-4.69876
-4.69876
-4.69851
-4.69942
-4.6989
-4.69847
-4.69896
-4.69957
-4.69916
-4.69951
-4.69927
-4.69924
-4.70021
-4.69939
-4.6997
-4.69954
-4.69939
-4.70001
-4.70108
-4.70222
-4.70273
-4.70283
-4.70218
-4.7029
-4.70337
-4.70351
-4.70383
-4.70404
-4.70416
-4.70478
-4.70495
-4.70436
-4.70406
-4.70449
-4.70386
-4.70415
-4.70446
-4.70359
-4.70395
-4.70493
-4.70559
-4.70532
-4.70561
-4.70616
-4.70623
-4.70597
-4.7054
-4.70529
-4.70505
-4.70438
-4.70403
-4.70338
-4.70363
-4.70326
-4.70349
-4.70238
-4.70159
-4.70087
-4.70081
-4.70078
-4.70076
-4.70039
-4.70043
-4.70073
-4.70117
-4.70103
-4.69956
-4.69963
-4.69926
-4.69993
-4.69939
-4.69973
-4.69917
-4.69892
-4.69977
-4.69974
-4.6994
-4.69977
-4.70033
-4.70004
-4.69905
-4.6988
-4.69797
-4.69783
-4.69749
-4.69742
-4.69804
-4.69856
-4.69877
-4.70013
-4.69961
-4.70009
-4.69978
-4.70035
-4.70137
-4.70117
-4.70235
-4.70246
-4.70212
-4.70253
-4.70294
-4.70502
-4.70561
-4.70533
-4.70537
-4.70512
-4.70518
-4.70629
-4.70633
-4.70638
-4.70719
-4.70651
-4.70643
-4.70742
-4.70717
-4.7057
-4.70645
-4.70595
-4.70585
-4.7054
-4.70459
-4.70447
-4.70385
-4.7035
-4.70391
-4.70358
-4.70377
-4.70347
-4.70315
-4.70388
-4.70384
-4.7045
-4.70534
-4.70633
-4.70729
-4.70808
-4.70826
-4.70859
-4.70799
-4.70765
-4.70737
-4.70696
-4.70656
-4.70617
-4.70595
-4.70655
-4.70664
-4.70567
-4.70534
-4.70509
-4.70376
-4.70364
-4.70323
-4.70313
-4.70408
-4.70389
-4.70372
-4.70394
-4.70225
-4.70257
-4.70279
-4.7034
-4.7032
-4.70269
-4.70264
-4.70291
-4.70335
-4.70258
-4.7042
-4.70413
-4.70492
-4.70448
-4.7042
-4.70426
-4.7054
-4.70536
-4.70458
-4.70484
-4.70495
-4.70518
-4.70512
-4.70538
-4.70448
-4.70531
-4.70516
-4.7049
-4.7051
-4.70481
-4.70415
-4.70373
-4.70353
-4.70281
-4.70204
-4.70077
-4.69994
-4.70048
-4.70015
-4.69955
-4.69947
-4.69976
-4.69983
-4.6994
-4.70009
-4.70054
-4.70085
-4.70069
-4.70049
-4.70037
-4.70078
-4.70109
-4.70086
-4.70026
-4.70083
-4.70095
-4.70018
-4.69973
-4.69988
-4.70002
-4.69985
-4.70031
-4.70018
-4.7004
-4.70037
-4.70009
-4.70003
-4.7002
-4.69969
-4.70013
-4.7007
-4.70076
-4.70071
-4.70024
-4.70027
-4.70023
-4.69983
-4.69956
-4.6996
-4.69951
-4.70024
-4.70031
-4.70064
-4.70092
-4.70127
-4.70136
-4.70068
-4.70057
-4.70145
-4.70089
-4.70072
-4.70155
-4.70173
-4.70128
-4.70069
-4.70088
-4.70126
-4.70108
-4.70109
-4.70249
-4.70239
-4.70247
-4.70332
-4.70389
-4.70434
-4.70452
-4.70469
-4.70437
-4.70458
-4.70382
-4.70421
-4.70459
-4.70424
-4.70439
-4.70519
-4.70527
-4.70504
-4.70357
-4.70326
-4.70349
-4.70292
-4.70262
-4.70278
-4.70327
-3.92074
-3.91977
-3.91898
-3.9182
-3.91803
-3.91778
-3.91679
-3.91579
-3.916
-3.91588
-3.9165
-3.91603
-3.917
-3.91819
-3.91997
-3.92029
-3.91983
-3.91901
-3.91828
-3.9186
-3.91882
-3.91844
-3.91954
-3.91969
-3.9197
-3.92012
-3.92067
-3.92091
-3.92071
-3.92039
-3.92033
-3.91894
-3.91885
-3.91887
-3.91873
-3.91858
-3.91886
-3.91952
-3.91969
-3.91956
-3.91889
-3.91855
-3.91813
-3.91864
-3.91796
-3.91747
-3.91746
-3.91827
-3.91952
-3.92017
-3.92115
-3.92161
-3.92145
-3.92258
-3.92347
-3.92372
-3.92373
-3.92341
-3.92221
-3.92183
-3.92244
-3.92178
-3.92182
-3.92167
-3.92129
-3.92226
-3.92194
-3.92054
-3.91985
-3.91989
-3.9194
-3.91892
-3.91841
-3.91762
-3.91743
-3.91779
-3.91786
-3.91852
-3.91809
-3.91765
-3.91784
-3.91717
-3.91748
-3.91699
-3.91736
-3.91855
-3.919
-3.91897
-3.91912
-3.91966
-3.91933
-3.92038
-3.92032
-3.92026
-3.91936
-3.91824
-3.91739
-3.91602
-3.91471
-3.91475
-3.91498
-3.91526
-3.91595
-3.91692
-3.91756
-3.91741
-3.91717
-3.91763
-3.91814
-3.91804
-3.918
-3.91878
-3.91836
-3.91835
-3.91839
-3.91803
-3.91772
-3.91734
-3.91664
-3.91738
-3.91777
-3.91888
-3.91909
-3.92013
-3.92037
-3.92043
-3.92046
-3.9196
-3.91894
-3.91875
-3.91849
-3.91789
-3.9179
-3.91763
-3.91902
-3.91871
-3.9195
-3.9198
-3.91926
-3.91996
-3.92025
-3.92014
-3.91889
-3.91923
-3.91874
-3.91926
-3.91778
-3.91781
-3.91575
-3.91512
-3.91517
-3.91562
-3.91524
-3.91434
-3.91472
-3.91566
-3.91614
-3.91696
-3.91905
-3.91936
-3.92076
-3.92128
-3.92132
-3.92156
-3.92085
-3.92039
-3.9194
-3.91846
-3.91913
-3.91902
-3.919
-3.91882
-3.91887
-3.91851
-3.9188
-3.91828
-3.91842
-3.91787
-3.91887
-3.91972
-3.92083
-3.92186
-3.92276
-3.92198
-3.92171
-3.92208
-3.92123
-3.91978
-3.92008
-3.92001
-3.92001
-3.91966
-3.91898
-3.91934
-3.9184
-3.91763
-3.91726
-3.91759
-3.91729
-3.91716
-3.91676
-3.91731
-3.91878
-3.9186
-3.91948
-3.91946
-3.91857
-3.91923
-3.91931
-3.92
-3.92017
-3.92094
-3.92058
-3.92014
-3.91964
-3.92024
-3.92039
-3.9204
-3.91931
-3.91995
-3.91988
-3.92067
-3.92125
-3.92293
-3.92378
-3.9239
-3.92423
-3.92394
-3.92375
-3.92285
-3.92208
-3.9207
-3.91988
-3.91985
-3.91966
-3.91915
-3.91897
-3.91935
-3.91925
-3.92046
-3.92058
-3.92021
-3.91925
-3.92012
-3.91957
-3.91852
-3.91757
-3.91711
-3.91699
-3.91643
-3.91595
-3.91716
-3.91707
-3.91844
-3.9191
-3.91958
-3.92021
-3.92155
-3.9218
-3.92152
-3.92171
-3.92184
-3.9221
-3.92187
-3.92248
-3.92128
-3.92093
-3.92151
-3.92118
-3.92175
-3.9216
-3.92158
-3.92043
-3.91981
-3.91923
-3.91934
-3.91946
-3.92013
-3.92095
-3.92083
-3.92108
-3.92158
-3.92022
-3.91991
-3.92004
-3.91991
-3.91995
-3.92096
-3.92104
-3.9213
-3.92203
-3.92156
-3.92176
-3.92176
-3.92117
-3.92093
-3.91957
-3.91953
-3.9202
-3.91945
-3.91859
-3.91887
-3.91865
-3.91995
-3.92034
-3.92043
-3.92052
-3.92143
-3.92137
-3.92151
-3.92089
-3.92079
-3.92108
-3.92131
-3.92118
-3.92142
-3.92018
-3.92029
-3.92014
-3.92091
-3.91955
-3.91879
-3.91777
-3.91656
-3.91551
-3.91516
-3.91467
-3.91424
-3.91415
-3.91434
-3.91542
-3.91519
-3.91513
-3.9151
-3.91486
-3.91522
-3.91512
-3.91544
-3.91496
-3.91492
-3.91523
-3.91536
-3.91493
-3.91468
-3.91517
-3.91538
-3.91579
-3.91706
-3.91718
-3.91664
-3.91632
-3.91584
-3.91581
-3.9162
-3.91697
-3.91683
-3.91618
-3.91557
-3.91548
-3.91508
-3.91424
-3.91453
-3.91438
-3.91354
-3.91403
-3.91473
-3.91465
-3.9152
-3.91653
-3.91693
-3.91723
-3.91792
-3.91742
-3.91693
-3.9172
-3.91765
-3.91754
-3.91704
-3.91616
-3.91567
-3.91529
-3.91403
-3.91436
-3.91435
-3.91387
-3.91394
-3.91433
-3.91469
-3.91394
-3.91376
-3.91384
-3.91434
-3.91497
-3.91495
-3.91522
-3.91463
-3.91534
-3.91588
-3.91656
-3.91705
-3.91655
-3.91757
-3.91854
-3.91759
-3.91786
-3.91723
-3.91709
-3.91546
-3.91465
-3.91495
-3.91444
-3.91378
-3.91335
-3.913
-3.9127
-3.91318
-3.91393
-3.91416
-3.91396
-3.91362
-3.91327
-3.912
-3.91146
-3.91033
-3.90903
-3.90952
-3.91019
-3.91191
-3.91321
-3.91435
-3.91475
-3.91457
-3.91423
-3.91407
-3.91391
-3.91424
-3.91406
-3.91302
-3.91315
-3.91297
-3.91424
-3.91402
-3.91422
-3.91366
-3.91297
-3.91335
-3.91417
-3.91495
-3.91519
-3.91504
-3.91514
-3.91537
-3.91471
-3.91501
-3.91535
-3.91497
-3.91488
-3.91458
-3.91358
-3.9128
-3.91262
-3.91255
-3.91235
-3.91219
-3.91308
-3.91236
-3.91312
-3.91442
-3.9141
-3.91402
-3.91447
-3.91485
-3.91577
-3.91541
-3.91472
-3.91466
-3.9153
-3.91488
-3.91492
-3.91658
-3.91675
-3.91659
-3.91623
-3.91719
-3.9169
-3.91748
-3.9173
-3.91775
-3.91796
-3.91835
-3.91834
-3.91816
-3.91687
-3.9159
-3.91488
-3.91434
-3.91441
-3.91464
-3.91411
-3.91347
-3.91306
-3.91294
-3.91283
-3.91331
-3.91404
-3.91512
-3.9159
-3.91635
-3.91641
-3.91649
-3.91644
-3.91623
-3.91589
-3.91562
-3.91491
-3.91432
-3.91455
-3.91445
-3.91501
-3.91613
-3.91663
-3.91627
-3.91559
-3.9153
-3.9151
-3.91445
-3.91464
-3.91476
-3.91431
-3.91513
-3.917
-3.91697
-3.9183
-3.91858
-3.91921
-3.91947
-3.92022
-3.92049
-3.92184
-3.92223
-3.92207
-3.92094
-3.92099
-3.91975
-3.9188
-3.9176
-3.91726
-3.91765
-3.91696
-3.9167
-3.9164
-3.9168
-3.91804
-3.91786
-3.91763
-3.91797
-3.91884
-3.92032
-3.92189
-3.9224
-3.9229
-3.92296
-3.92322
-3.92175
-3.92097
-3.92192
-3.92157
-3.92127
-3.92012
-3.91846
-3.91766
-3.91676
-3.91673
-3.91613
-3.91579
-3.91558
-3.91613
-3.91816
-3.91887
-3.91968
-3.92009
-3.92125
-3.92136
-3.92131
-3.92045
-3.92028
-3.92005
-3.91955
-3.91884
-3.91779
-3.9176
-3.91633
-3.91639
-3.91631
-3.9172
-3.91664
-3.91627
-3.91704
-3.91686
-3.91634
-3.91645
-3.91613
-3.91701
-3.91695
-3.91786
-3.9168
-3.91737
-3.9167
-3.91602
-3.9167
-3.91817
-3.91882
-3.91922
-3.9192
-3.91945
-3.91927
-3.92001
-3.91875
-3.918
-3.91748
-3.91767
-3.91828
-3.91809
-3.91831
-3.91802
-3.91917
-3.91963
-3.92117
-3.92193
-3.92171
-3.92186
-3.92135
-3.92116
-3.91969
-3.92013
-3.92122
-3.92091
-3.92155
-3.92096
-3.92054
-3.91952
-3.92034
-3.91983
-3.91862
-3.91766
-3.91777
-3.91736
-3.91637
-3.91649
-3.91549
-3.91513
-3.91582
-3.91581
-3.91606
-3.91589
-3.91554
-3.91563
-3.9147
-3.91521
-3.91456
-3.91508
-3.91473
-3.91594
-3.91626
-3.91787
-3.91794
-3.91773
-3.9187
-3.91778
-3.91785
-3.91684
-3.91661
-3.91527
-3.91426
-3.9152
-3.91424
-3.91462
-3.91572
-3.91641
-3.91656
-3.91531
-3.91571
-3.91802
-3.91858
-3.91937
-3.91894
-3.91826
-3.91758
-3.91669
-3.91631
-3.91635
-3.91799
-3.91886
-3.91867
-3.91896
-3.91941
-3.91975
-3.91957
-3.91916
-3.91854
-3.91821
-3.91824
-3.91857
-3.92018
-3.91988
-3.91952
-3.91956
-3.91956
-3.9199
-3.92042
-3.92043
-3.91941
-3.91819
-3.91729
-3.91732
-3.91773
-3.91724
-3.91744
-3.91628
-3.91724
-3.91841
-3.9187
-3.91853
-3.91851
-3.91922
-3.91891
-3.91833
-3.91794
-3.91803
-3.91791
-3.91781
-3.91742
-3.91712
-3.91704
-3.91735
-3.91729
-3.91786
-3.9165
-3.91582
-3.91622
-3.91586
-3.91723
-3.91729
-3.91732
-3.91829
-3.91819
-3.91894
-3.91843
-3.91862
-3.91857
-3.91868
-3.91727
-3.91701
-3.91479
-3.91489
-3.91426
-3.91328
-3.91295
-3.91312
-3.91311
-3.91257
-3.91239
-3.91295
-3.91298
-3.91357
-3.9134
-3.91484
-3.91559
-3.91604
-3.91697
-3.91592
-3.91538
-3.91526
-3.91527
-3.915
-3.91525
-3.91607
-3.9158
-3.91633
-3.91695
-3.91604
-3.91603
-3.91581
-3.91581
-3.91705
-3.91607
-3.91734
-3.91763
-3.91781
-3.91741
-3.91853
-3.9184
-3.91864
-3.91876
-3.91905
-3.91908
-3.91979
-3.92003
-3.9194
-3.91903
-3.91894
-3.91968
-3.91964
-3.91883
-3.91843
-3.91849
-3.9176
-3.91666
-3.91663
-3.91646
-3.91688
-3.91692
-3.91651
-3.91588
-3.91589
-3.91603
-3.91525
-3.91465
-3.91354
-3.9123
-3.91161
-3.912
-3.91111
-3.91112
-3.91145
-3.9128
-3.91457
-3.91549
-3.91583
-3.91637
-3.9159
-3.91543
-3.91545
-3.9146
-3.91437
-3.91494
-3.91431
-3.91464
-3.91524
-3.91471
-3.91442
-3.91552
-3.91522
-3.91628
-3.91672
-3.91672
-3.91632
-3.91678
-3.91784
-3.9176
-3.91887
-3.91824
-3.91848
-3.91834
-3.91913
-3.92006
-3.92051
-3.91973
-3.9205
-3.92041
-3.92096
-3.92182
-3.92129
-3.92174
-3.92092
-3.92018
-3.91941
-3.91909
-3.91909
-3.91916
-3.91902
-3.91915
-3.92
-3.92002
-3.92098
-3.92129
-3.92212
-3.92253
-3.9236
-3.9228
-3.92211
-3.922
-3.92053
-3.92012
-3.92001
-3.92022
-3.92045
-3.91984
-3.92007
-3.91979
-3.92077
-3.92113
-3.92077
-3.92082
-3.92069
-3.92012
-3.91858
-3.91812
-3.91801
-3.91737
-3.91772
-3.91738
-3.91638
-3.91637
-3.91615
-3.91695
-3.91744
-3.91732
-3.91781
-3.9184
-3.91867
-3.92029
-3.92012
-3.92004
-3.91962
-3.91835
-3.91809
-3.91689
-3.91656
-3.91644
-3.91707
-3.91742
-3.91807
-3.91794
-3.91832
-3.91968
-3.91982
-3.91902
-3.91826
-3.9179
-3.91776
-3.91749
-3.91815
-3.91855
-3.92012
-3.92019
-3.92032
-3.92167
-3.92246
-3.92359
-3.9234
-3.924
-3.92427
-3.92505
-3.92492
-3.92374
-3.92288
-3.92264
-3.92304
-3.92245
-3.92222
-3.92187
-3.92243
-3.92191
-3.92063
-3.92043
-3.92039
-3.92112
-3.92125
-3.92063
-3.91976
-3.92046
-3.91983
-3.91874
-3.9199
-3.91951
-3.91925
-3.9191
-3.91935
-3.91946
-3.91939
-3.92017
-3.9199
-3.92109
-3.92052
-3.91978
-3.91862
-3.91789
-3.9175
-3.91723
-3.91582
-3.91592
-3.91505
-3.91585
-3.91563
-3.91708
-3.918
-3.91879
-3.91985
-3.92054
-3.91944
-3.91841
-3.91714
-3.91655
-3.91755
-3.91708
-3.91725
-3.91727
-3.91676
-3.91644
-3.5381
-3.53833
-3.53818
-3.53801
-3.53929
-3.54083
-3.54321
-3.54483
-3.54675
-3.54749
-3.54767
-3.54713
-3.5463
-3.54525
-3.54289
-3.54138
-3.54107
-3.54028
-3.53985
-3.53929
-3.53881
-3.53873
-3.53945
-3.54176
-3.54395
-3.54626
-3.54736
-3.54794
-3.54688
-3.54618
-3.54503
-3.54665
-3.54662
-3.54731
-3.54627
-3.54618
-3.54556
-3.54448
-3.5441
-3.54466
-3.54433
-3.54421
-3.54448
-3.54481
-3.54419
-3.54454
-3.54411
-3.54444
-3.54422
-3.5436
-3.54335
-3.54281
-3.54139
-3.54058
-3.53959
-3.53736
-3.53814
-3.53784
-3.53713
-3.53642
-3.53589
-3.53518
-3.53542
-3.53572
-3.53647
-3.53717
-3.53864
-3.53854
-3.53728
-3.53728
-3.53736
-3.53789
-3.53847
-3.53806
-3.53886
-3.54016
-3.54064
-3.54024
-3.53915
-3.53777
-3.5368
-3.53633
-3.53646
-3.53667
-3.5365
-3.53646
-3.53795
-3.53911
-3.53923
-3.53912
-3.53833
-3.53792
-3.53766
-3.53778
-3.53919
-3.53893
-3.53873
-3.53806
-3.53851
-3.53838
-3.53794
-3.53917
-3.53934
-3.53774
-3.53608
-3.53503
-3.53412
-3.53455
-3.53466
-3.53523
-3.53589
-3.53725
-3.53756
-3.5374
-3.53743
-3.53695
-3.5371
-3.5363
-3.53553
-3.53561
-3.53536
-3.53581
-3.53679
-3.53659
-3.5359
-3.53532
-3.5365
-3.53649
-3.53563
-3.53623
-3.53616
-3.53636
-3.53661
-3.53685
-3.536
-3.53542
-3.53484
-3.53368
-3.5326
-3.53244
-3.53119
-3.53093
-3.53118
-3.53187
-3.53293
-3.5334
-3.53518
-3.53528
-3.53497
-3.53464
-3.53596
-3.5373
-3.53759
-3.53705
-3.5358
-3.53507
-3.53477
-3.53526
-3.53611
-3.53636
-3.53669
-3.53841
-3.53849
-3.53969
-3.54084
-3.54156
-3.54217
-3.54166
-3.54167
-3.54198
-3.54192
-3.54277
-3.54216
-3.54191
-3.54263
-3.54297
-3.54409
-3.5434
-3.54296
-3.5423
-3.5419
-3.54045
-3.53908
-3.53889
-3.53899
-3.53801
-3.53737
-3.53685
-3.53731
-3.53691
-3.53627
-3.53701
-3.53698
-3.53583
-3.53539
-3.53504
-3.53564
-3.53535
-3.53601
-3.53658
-3.53792
-3.53982
-3.54041
-3.54134
-3.53999
-3.54102
-3.54032
-3.53922
-3.53781
-3.53777
-3.53832
-3.53893
-3.53819
-3.53803
-3.53937
-3.54028
-3.54093
-3.54182
-3.54224
-3.542
-3.54251
-3.54316
-3.54321
-3.54336
-3.54215
-3.54164
-3.53978
-3.5377
-3.537
-3.53645
-3.53621
-3.53512
-3.53519
-3.53521
-3.53432
-3.53481
-3.5343
-3.53402
-3.53489
-3.53522
-3.53624
-3.53671
-3.53798
-3.53864
-3.53905
-3.5387
-3.53858
-3.53823
-3.53851
-3.53846
-3.53834
-3.53891
-3.53903
-3.53787
-3.53776
-3.53719
-3.53685
-3.53657
-3.53662
-3.53692
-3.53768
-3.53817
-3.53857
-3.53822
-3.53792
-3.53786
-3.53737
-3.53812
-3.53832
-3.53827
-3.5383
-3.53797
-3.53887
-3.53831
-3.53756
-3.53676
-3.53622
-3.53674
-3.53628
-3.53599
-3.53645
-3.53641
-3.53641
-3.53582
-3.53638
-3.53621
-3.53709
-3.53669
-3.53793
-3.53688
-3.53639
-3.53644
-3.53591
-3.53506
-3.53376
-3.53377
-3.53307
-3.53269
-3.53296
-3.5327
-3.53399
-3.53482
-3.53459
-3.53487
-3.53512
-3.53471
-3.53536
-3.53642
-3.53653
-3.53696
-3.53679
-3.53675
-3.53794
-3.53763
-3.53695
-3.53561
-3.53561
-3.53481
-3.53391
-3.53406
-3.53501
-3.5352
-3.53614
-3.53576
-3.53634
-3.53584
-3.53727
-3.53665
-3.53628
-3.5367
-3.53706
-3.5375
-3.53718
-3.53688
-3.53656
-3.53617
-3.53791
-3.53758
-3.53671
-3.5361
-3.53519
-3.53449
-3.53396
-3.53424
-3.53511
-3.53497
-3.53538
-3.5351
-3.53521
-3.53469
-3.5347
-3.53459
-3.53537
-3.53508
-3.53548
-3.53583
-3.53562
-3.53634
-3.53529
-3.53312
-3.53253
-3.533
-3.53201
-3.53277
-3.53299
-3.53288
-3.53353
-3.53421
-3.53439
-3.53407
-3.53375
-3.53372
-3.53353
-3.53375
-3.53533
-3.53566
-3.53635
-3.53705
-3.5389
-3.53924
-3.54002
-3.53934
-3.53948
-3.53847
-3.5381
-3.53596
-3.5355
-3.53455
-3.53242
-3.53149
-3.53078
-3.53054
-3.53142
-3.53268
-3.53481
-3.5361
-3.53735
-3.53769
-3.53792
-3.53787
-3.53893
-3.53749
-3.53748
-3.53732
-3.53736
-3.53743
-3.53644
-3.5354
-3.53584
-3.53493
-3.53515
-3.53445
-3.53498
-3.53519
-3.5353
-3.53565
-3.53448
-3.53405
-3.53442
-3.53359
-3.53326
-3.53463
-3.53474
-3.53572
-3.53804
-3.53824
-3.53904
-3.5385
-3.53811
-3.53787
-3.53731
-3.53637
-3.53619
-3.53575
-3.5357
-3.53725
-3.53857
-3.53898
-3.53839
-3.53879
-3.53917
-3.54005
-3.53911
-3.53848
-3.53774
-3.5371
-3.53649
-3.53526
-3.53342
-3.53269
-3.53255
-3.53294
-3.53402
-3.53602
-3.53681
-3.53754
-3.53849
-3.53841
-3.53827
-3.53876
-3.5398
-3.54023
-3.54265
-3.54288
-3.54285
-3.54209
-3.54204
-3.54173
-3.5401
-3.53952
-3.53989
-3.53937
-3.53939
-3.53826
-3.53762
-3.53793
-3.53605
-3.53637
-3.53603
-3.53657
-3.53715
-3.53752
-3.53857
-3.53858
-3.53894
-3.53893
-3.53681
-3.53693
-3.53631
-3.53491
-3.5353
-3.53498
-3.53581
-3.53603
-3.53653
-3.53707
-3.53741
-3.5386
-3.53844
-3.53858
-3.53936
-3.53942
-3.53934
-3.53849
-3.53863
-3.53807
-3.53811
-3.53795
-3.53864
-3.53789
-3.53809
-3.53779
-3.5384
-3.53789
-3.53788
-3.53693
-3.53754
-3.53599
-3.53499
-3.53591
-3.53668
-3.53703
-3.5384
-3.53907
-3.53884
-3.54008
-3.54071
-3.5398
-3.54067
-3.54041
-3.53952
-3.53937
-3.53991
-3.53908
-3.53942
-3.53938
-3.54005
-3.54054
-3.54071
-3.54118
-3.54027
-3.54042
-3.54057
-3.54045
-3.54026
-3.54037
-3.54175
-3.54168
-3.54252
-3.54365
-3.54383
-3.54443
-3.54451
-3.54473
-3.54368
-3.54221
-3.54207
-3.54124
-3.54026
-3.5395
-3.53868
-3.53842
-3.53827
-3.53929
-3.5398
-3.54073
-3.54164
-3.54188
-3.54181
-3.5428
-3.54273
-3.54173
-3.54163
-3.54177
-3.54204
-3.54091
-3.54115
-3.53963
-3.53884
-3.53983
-3.54004
-3.54142
-3.54186
-3.5414
-3.54133
-3.54033
-3.53894
-3.53855
-3.53643
-3.53591
-3.53649
-3.53781
-3.53868
-3.54034
-3.54083
-3.54132
-3.53981
-3.53932
-3.5385
-3.53837
-3.53876
-3.53853
-3.53774
-3.53717
-3.53579
-3.53556
-3.53647
-3.53627
-3.53644
-3.53684
-3.53777
-3.53847
-3.53889
-3.5397
-3.53946
-3.53861
-3.53822
-3.53698
-3.53622
-3.53544
-3.53514
-3.53447
-3.53448
-3.53452
-3.53588
-3.53637
-3.53766
-3.53761
-3.53774
-3.53831
-3.53807
-3.5391
-3.54001
-3.54081
-3.54058
-3.53917
-3.54006
-3.53874
-3.53915
-3.53835
-3.53807
-3.53842
-3.5384
-3.53876
-3.539
-3.53944
-3.53933
-3.53888
-3.53864
-3.53757
-3.53603
-3.53471
-3.53463
-3.53404
-3.53328
-3.53254
-3.53282
-3.53334
-3.5336
-3.53358
-3.53407
-3.53479
-3.53545
-3.53681
-3.53688
-3.5364
-3.5353
-3.53711
-3.53862
-3.54002
-3.5426
-3.54358
-3.54458
-3.54434
-3.54413
-3.54341
-3.54338
-3.54267
-3.54129
-3.54087
-3.53964
-3.53922
-3.53856
-3.53953
-3.53889
-3.53941
-3.53842
-3.53746
-3.53699
-3.5366
-3.53643
-3.53639
-3.53661
-3.538
-3.53806
-3.53813
-3.53891
-3.53948
-3.54011
-3.53953
-3.53892
-3.53837
-3.5378
-3.53796
-3.53734
-3.53684
-3.53667
-3.5374
-3.53853
-3.54017
-3.54148
-3.54215
-3.54369
-3.54308
-3.54391
-3.54429
-3.54291
-3.54419
-3.54302
-3.54349
-3.54273
-3.54133
-3.53923
-3.53879
-3.5379
-3.53786
-3.53773
-3.53919
-3.53911
-3.53979
-3.53965
-3.5401
-3.5396
-3.5395
-3.53933
-3.53853
-3.53716
-3.53711
-3.53626
-3.53659
-3.53647
-3.5363
-3.53718
-3.53852
-3.53922
-3.53986
-3.53984
-3.54034
-3.54048
-3.53995
-3.54044
-3.54002
-3.54019
-3.5401
-3.53888
-3.53832
-3.53784
-3.5369
-3.53625
-3.5366
-3.53652
-3.53718
-3.53827
-3.53883
-3.5387
-3.53759
-3.53735
-3.53761
-3.53846
-3.53869
-3.54006
-3.54143
-3.54175
-3.54268
-3.54201
-3.54214
-3.54312
-3.54314
-3.54286
-3.54244
-3.54094
-3.54123
-3.54116
-3.5414
-3.54211
-3.54224
-3.54156
-3.54159
-3.53998
-3.5385
-3.53802
-3.53701
-3.53591
-3.53669
-3.53585
-3.53573
-3.5365
-3.53816
-3.53852
-3.53888
-3.5394
-3.53979
-3.53923
-3.53868
-3.53842
-3.53951
-3.53955
-3.54119
-3.5411
-3.54205
-3.54328
-3.54319
-3.54295
-3.54206
-3.54103
-3.53928
-3.5389
-3.53793
-3.53613
-3.53538
-3.53623
-3.53588
-3.53551
-3.53623
-3.5381
-3.53775
-3.53844
-3.53811
-3.53737
-3.53672
-3.53776
-3.53705
-3.53675
-3.53729
-3.5378
-3.53706
-3.53786
-3.53936
-3.53959
-3.54054
-3.54155
-3.54216
-3.54124
-3.54158
-3.54098
-3.54125
-3.54076
-3.54119
-3.5412
-3.54065
-3.53881
-3.53836
-3.53774
-3.53799
-3.5377
-3.53769
-3.53816
-3.53755
-3.53846
-3.53859
-3.53894
-3.53913
-3.53805
-3.5388
-3.53808
-3.53745
-3.53652
-3.5355
-3.53711
-3.53637
-3.5362
-3.5369
-3.53768
-3.53808
-3.53749
-3.53693
-3.5365
-3.53576
-3.53575
-3.5349
-3.53551
-3.53588
-3.53563
-3.53604
-3.53582
-3.53585
-3.53673
-3.5384
-3.53838
-3.53889
-3.53901
-3.53943
-3.53991
-3.53801
-3.53851
-3.53808
-3.53836
-3.5392
-3.54088
-3.54169
-3.54314
-3.54405
-3.54391
-3.5434
-3.54217
-3.54148
-3.54115
-3.54131
-3.54091
-3.54161
-3.54243
-3.54306
-3.54228
-3.54202
-3.54189
-3.54215
-3.54053
-3.54042
-3.53918
-3.53934
-3.53921
-3.53937
-3.53895
-3.53892
-3.53997
-3.54024
-3.54091
-3.54101
-3.54106
-3.54153
-3.54127
-3.54001
-3.5393
-3.53942
-3.53983
-3.53972
-3.53919
-3.53863
-3.54015
-3.53966
-3.54063
-3.54045
-3.54016
-3.53979
-3.53924
-3.53878
-3.53748
-3.53638
-3.5353
-3.53402
-3.53442
-3.53508
-3.53614
-3.53658
-3.53784
-3.53807
-3.53766
-3.53752
-3.5372
-3.5377
-3.53802
-3.53729
-3.53727
-3.53761
-3.53896
-3.53972
-3.54061
-3.54029
-3.54052
-3.54
-3.54189
-3.54194
-3.54179
-3.54103
-3.54125
-3.54013
-3.53949
-3.5391
-3.53972
-3.53912
-3.5391
-3.53895
-3.53876
-3.53857
-3.53884
-3.5376
-3.53777
-3.53855
-3.53793
-3.53801
-3.53715
-3.53696
-3.53686
-3.53729
-3.53714
-3.53729
-3.53809
-3.53811
-3.53901
-3.53969
-3.3967
-3.39622
-3.39606
-3.39615
-3.39669
-3.39597
-3.39763
-3.39873
-3.39945
-3.40042
-3.40096
-3.40039
-3.39996
-3.39913
-3.39801
-3.39701
-3.39744
-3.39634
-3.3966
-3.39669
-3.3967
-3.39657
-3.39684
-3.39645
-3.39604
-3.39683
-3.39727
-3.39658
-3.39784
-3.39799
-3.39946
-3.40031
-3.40042
-3.40038
-3.40171
-3.40088
-3.40105
-3.39998
-3.40117
-3.4005
-3.40079
-3.4002
-3.40064
-3.40087
-3.40109
-3.4016
-3.40211
-3.40226
-3.40297
-3.40262
-3.40248
-3.40138
-3.39981
-3.39915
-3.39894
-3.39917
-3.39758
-3.39665
-3.39686
-3.39699
-3.39664
-3.39711
-3.39704
-3.39627
-3.39584
-3.39594
-3.39538
-3.39579
-3.39711
-3.39634
-3.39737
-3.39684
-3.39664
-3.3956
-3.39447
-3.39456
-3.3943
-3.39474
-3.39596
-3.39654
-3.39746
-3.39705
-3.39749
-3.39811
-3.39646
-3.39607
-3.39596
-3.39614
-3.39702
-3.39717
-3.39772
-3.39819
-3.39861
-3.39793
-3.39766
-3.39709
-3.39606
-3.39539
-3.3966
-3.39595
-3.39642
-3.39636
-3.39695
-3.39689
-3.39666
-3.39607
-3.39595
-3.39684
-3.39763
-3.39921
-3.40001
-3.40045
-3.40038
-3.40083
-3.40028
-3.40086
-3.40006
-3.39887
-3.39708
-3.39578
-3.39548
-3.39401
-3.39338
-3.39334
-3.39531
-3.39712
-3.39864
-3.3992
-3.40001
-3.40027
-3.40042
-3.40074
-3.40037
-3.39926
-3.39996
-3.39888
-3.39865
-3.39753
-3.39678
-3.39565
-3.3955
-3.39575
-3.39569
-3.39536
-3.3961
-3.39615
-3.3954
-3.3953
-3.39412
-3.39426
-3.39448
-3.39585
-3.39713
-3.39713
-3.39693
-3.39753
-3.39879
-3.39941
-3.3986
-3.39853
-3.39777
-3.39859
-3.39811
-3.39731
-3.39758
-3.39786
-3.39731
-3.39716
-3.39628
-3.39688
-3.39602
-3.39615
-3.3962
-3.39587
-3.3962
-3.39673
-3.39642
-3.3966
-3.39759
-3.39856
-3.39866
-3.39869
-3.39727
-3.39673
-3.39543
-3.39533
-3.39602
-3.39709
-3.39931
-3.40192
-3.40269
-3.4028
-3.40299
-3.40117
-3.40135
-3.40115
-3.40138
-3.40073
-3.39883
-3.39846
-3.39698
-3.3955
-3.39452
-3.39348
-3.39377
-3.39558
-3.39622
-3.39659
-3.39828
-3.39948
-3.40064
-3.40057
-3.40092
-3.40084
-3.39908
-3.39773
-3.3972
-3.39699
-3.39588
-3.39558
-3.39591
-3.39525
-3.39488
-3.39471
-3.39511
-3.39524
-3.39569
-3.39474
-3.39461
-3.395
-3.39454
-3.39327
-3.39409
-3.39466
-3.39667
-3.39822
-3.39834
-3.39909
-3.39905
-3.39885
-3.39938
-3.39871
-3.39767
-3.39813
-3.39815
-3.39717
-3.395
-3.3948
-3.39296
-3.39173
-3.39146
-3.39198
-3.39291
-3.39417
-3.39439
-3.39599
-3.39759
-3.39927
-3.40017
-3.39883
-3.39681
-3.39537
-3.39445
-3.39306
-3.3915
-3.39223
-3.39234
-3.39287
-3.39292
-3.39321
-3.39331
-3.39285
-3.39252
-3.39348
-3.39346
-3.39352
-3.39434
-3.39521
-3.39482
-3.39473
-3.39481
-3.395
-3.39538
-3.39496
-3.39477
-3.39321
-3.39329
-3.39244
-3.39184
-3.39184
-3.39304
-3.3948
-3.39646
-3.39725
-3.3977
-3.39826
-3.39873
-3.39973
-3.3999
-3.39977
-3.39894
-3.39852
-3.39617
-3.39538
-3.39525
-3.39572
-3.39587
-3.39651
-3.39689
-3.3966
-3.39709
-3.39727
-3.39809
-3.39752
-3.39709
-3.39756
-3.39865
-3.39897
-3.39928
-3.39898
-3.39798
-3.399
-3.3987
-3.39769
-3.39776
-3.39738
-3.39746
-3.39742
-3.39726
-3.3965
-3.39665
-3.3956
-3.39561
-3.39559
-3.39459
-3.39486
-3.39402
-3.39332
-3.39298
-3.39249
-3.39223
-3.39143
-3.39179
-3.39124
-3.39185
-3.39179
-3.39148
-3.39146
-3.39085
-3.39103
-3.39132
-3.3928
-3.39514
-3.39669
-3.39771
-3.39812
-3.39744
-3.39615
-3.39525
-3.39415
-3.39353
-3.39386
-3.39461
-3.39516
-3.39622
-3.39741
-3.39818
-3.39896
-3.39952
-3.39898
-3.39833
-3.39876
-3.39855
-3.39685
-3.39665
-3.39615
-3.39525
-3.39458
-3.39399
-3.39505
-3.39435
-3.39283
-3.39166
-3.39188
-3.39265
-3.39217
-3.39189
-3.39277
-3.39408
-3.39511
-3.39461
-3.39464
-3.39475
-3.39434
-3.39419
-3.39326
-3.39237
-3.39182
-3.39228
-3.39213
-3.39351
-3.39457
-3.39534
-3.39486
-3.39537
-3.39539
-3.39477
-3.39548
-3.39571
-3.3955
-3.39541
-3.3951
-3.39425
-3.39439
-3.39396
-3.39421
-3.39412
-3.39533
-3.39514
-3.39528
-3.39532
-3.3965
-3.39682
-3.39667
-3.39748
-3.39796
-3.39628
-3.39651
-3.39601
-3.39453
-3.39459
-3.39313
-3.39235
-3.39124
-3.39214
-3.39338
-3.39387
-3.39534
-3.39542
-3.39576
-3.3941
-3.39415
-3.3951
-3.39454
-3.3952
-3.3958
-3.39581
-3.39536
-3.3952
-3.3954
-3.39567
-3.3957
-3.39635
-3.3968
-3.39757
-3.3982
-3.39901
-3.39897
-3.39989
-3.39986
-3.39922
-3.39832
-3.39807
-3.39748
-3.39742
-3.39827
-3.39769
-3.39747
-3.3987
-3.3978
-3.39716
-3.39746
-3.39743
-3.39708
-3.39767
-3.39803
-3.39809
-3.39816
-3.3986
-3.39772
-3.39697
-3.39679
-3.39622
-3.396
-3.39527
-3.39603
-3.39537
-3.39348
-3.39173
-3.39121
-3.3912
-3.3918
-3.39313
-3.39453
-3.39613
-3.39634
-3.39636
-3.39603
-3.39515
-3.39461
-3.39368
-3.39182
-3.39173
-3.39109
-3.3907
-3.39097
-3.39125
-3.39123
-3.39226
-3.39335
-3.39456
-3.39589
-3.39604
-3.39651
-3.3969
-3.39713
-3.39683
-3.39668
-3.39668
-3.39651
-3.39755
-3.3984
-3.39815
-3.39795
-3.39773
-3.39684
-3.39556
-3.39406
-3.39307
-3.39256
-3.39183
-3.39052
-3.39085
-3.39138
-3.39151
-3.39167
-3.39234
-3.39327
-3.39323
-3.39335
-3.39342
-3.39427
-3.39396
-3.39456
-3.39527
-3.39503
-3.39572
-3.39526
-3.39471
-3.39487
-3.39537
-3.39432
-3.39402
-3.39322
-3.39292
-3.39226
-3.39225
-3.39268
-3.39229
-3.39196
-3.39064
-3.38942
-3.39047
-3.3902
-3.38972
-3.39047
-3.3892
-3.39005
-3.39231
-3.39307
-3.3926
-3.39409
-3.39488
-3.39444
-3.3956
-3.39551
-3.39431
-3.39465
-3.39429
-3.39582
-3.3961
-3.39605
-3.39783
-3.39746
-3.39742
-3.39699
-3.3971
-3.39758
-3.39746
-3.39749
-3.3972
-3.39683
-3.39692
-3.39705
-3.39754
-3.39731
-3.39689
-3.39748
-3.39782
-3.39806
-3.3993
-3.39938
-3.39886
-3.3981
-3.39668
-3.39571
-3.39513
-3.39426
-3.39419
-3.39431
-3.39364
-3.39281
-3.39274
-3.39219
-3.3932
-3.39425
-3.39668
-3.39839
-3.39889
-3.39873
-3.39858
-3.39772
-3.39731
-3.39685
-3.39697
-3.395
-3.39358
-3.39223
-3.39191
-3.39285
-3.3927
-3.39377
-3.39457
-3.39569
-3.39725
-3.39752
-3.39764
-3.3978
-3.39774
-3.39738
-3.39729
-3.39649
-3.3954
-3.39478
-3.39459
-3.39481
-3.39411
-3.39455
-3.39446
-3.3946
-3.39432
-3.39424
-3.39338
-3.39393
-3.39502
-3.39524
-3.3955
-3.39487
-3.3943
-3.39485
-3.39583
-3.39467
-3.39513
-3.39597
-3.39583
-3.39623
-3.39652
-3.39696
-3.39685
-3.3967
-3.39753
-3.3971
-3.39577
-3.39711
-3.39653
-3.39607
-3.39635
-3.39752
-3.39697
-3.39585
-3.39466
-3.39484
-3.39511
-3.39548
-3.39487
-3.39437
-3.39527
-3.39561
-3.39613
-3.39673
-3.39712
-3.39717
-3.39779
-3.39747
-3.39799
-3.39597
-3.39537
-3.39771
-3.39697
-3.39736
-3.39593
-3.39549
-3.39522
-3.39671
-3.39753
-3.39803
-3.39704
-3.3961
-3.39745
-3.39803
-3.39868
-3.39863
-3.39863
-3.39855
-3.39772
-3.3976
-3.39846
-3.39851
-3.39978
-3.40037
-3.40129
-3.40173
-3.40214
-3.4017
-3.40033
-3.40067
-3.40128
-3.40162
-3.40175
-3.40092
-3.40079
-3.39923
-3.39864
-3.3976
-3.39648
-3.39592
-3.39499
-3.3961
-3.39498
-3.39554
-3.39493
-3.39412
-3.3952
-3.39573
-3.39666
-3.39799
-3.39894
-3.39968
-3.40012
-3.40106
-3.40052
-3.39986
-3.39757
-3.39605
-3.39451
-3.39321
-3.39277
-3.39225
-3.3931
-3.39469
-3.39562
-3.39688
-3.39688
-3.39764
-3.39802
-3.39787
-3.39717
-3.3967
-3.3959
-3.39571
-3.39514
-3.39576
-3.3967
-3.3969
-3.39741
-3.39756
-3.39858
-3.39906
-3.3991
-3.39918
-3.39807
-3.39834
-3.39743
-3.39764
-3.39706
-3.3966
-3.39639
-3.39503
-3.39386
-3.39282
-3.392
-3.39142
-3.39161
-3.39229
-3.39409
-3.39468
-3.39388
-3.39378
-3.39296
-3.39316
-3.39352
-3.39396
-3.39348
-3.39373
-3.39283
-3.39333
-3.39318
-3.39323
-3.39206
-3.39356
-3.39383
-3.39381
-3.39394
-3.39289
-3.39289
-3.39343
-3.39363
-3.39394
-3.39441
-3.3958
-3.39595
-3.39591
-3.39669
-3.39593
-3.39517
-3.3934
-3.39206
-3.39221
-3.39278
-3.3941
-3.39578
-3.39672
-3.39742
-3.39728
-3.39712
-3.39699
-3.39577
-3.39516
-3.39396
-3.39225
-3.39162
-3.39088
-3.39055
-3.39067
-3.3912
-3.39126
-3.39221
-3.39342
-3.39295
-3.39336
-3.39288
-3.39383
-3.39336
-3.39126
-3.39021
-3.38964
-3.38893
-3.38752
-3.38801
-3.38867
-3.38971
-3.38985
-3.39065
-3.39236
-3.39264
-3.39178
-3.39273
-3.39307
-3.39244
-3.39286
-3.39431
-3.39512
-3.39625
-3.39682
-3.39754
-3.39828
-3.39756
-3.39772
-3.39698
-3.39697
-3.39616
-3.39639
-3.39622
-3.39648
-3.39701
-3.39587
-3.39624
-3.39656
-3.39679
-3.39541
-3.39556
-3.39638
-3.39633
-3.39684
-3.39707
-3.39647
-3.39695
-3.39686
-3.39652
-3.39689
-3.39557
-3.39551
-3.39477
-3.39487
-3.39436
-3.39468
-3.39488
-3.39376
-3.39501
-3.39537
-3.39612
-3.39638
-3.39762
-3.39828
-3.39825
-3.39747
-3.39607
-3.39572
-3.39586
-3.39444
-3.39353
-3.39316
-3.39336
-3.39487
-3.39609
-3.39841
-3.39888
-3.39938
-3.39868
-3.39813
-3.39865
-3.39834
-3.39733
-3.39565
-3.3952
-3.39517
-3.39469
-3.39467
-3.39449
-3.39554
-3.39466
-3.39503
-3.39565
-3.39712
-3.3976
-3.39696
-3.39577
-3.39543
-3.39411
-3.39409
-3.39293
-3.39331
-3.39224
-3.39258
-3.39142
-3.39159
-3.39091
-3.39069
-3.39074
-3.39167
-3.39236
-3.39197
-3.3924
-3.39363
-3.39439
-3.39421
-3.39428
-3.39401
-3.39367
-3.39275
-3.39172
-3.39198
-3.39201
-3.39301
-3.39245
-3.39306
-3.39344
-3.39449
-3.3933
-3.39265
-3.39182
-3.39094
-3.39092
-3.39094
-3.39073
-3.391
-3.39028
-3.38912
-3.38984
-3.38882
-3.39013
-3.39016
-3.39098
-3.39064
-3.39048
-3.39043
-3.39081
-3.39101
-3.39141
-3.39046
-3.27347
-3.27417
-3.27436
-3.27509
-3.27658
-3.27648
-3.2762
-3.27571
-3.27538
-3.27567
-3.27532
-3.27418
-3.27364
-3.27435
-3.27499
-3.2751
-3.27641
-3.27595
-3.27585
-3.27618
-3.27527
-3.27476
-3.2744
-3.27364
-3.27175
-3.27137
-3.27171
-3.27222
-3.27217
-3.27329
-3.27385
-3.27398
-3.27618
-3.2769
-3.27793
-3.27819
-3.27721
-3.27647
-3.27736
-3.27719
-3.2781
-3.27781
-3.27699
-3.27606
-3.2757
-3.27422
-3.27225
-3.27126
-3.27224
-3.27185
-3.2724
-3.27308
-3.27516
-3.27534
-3.27598
-3.27611
-3.27541
-3.27641
-3.27525
-3.27477
-3.27445
-3.27496
-3.27608
-3.27698
-3.27849
-3.28034
-3.28169
-3.28282
-3.28444
-3.28547
-3.28641
-3.28603
-3.28694
-3.28667
-3.2864
-3.28699
-3.2852
-3.28439
-3.28397
-3.28347
-3.28302
-3.28243
-3.28246
-3.28196
-3.28147
-3.28152
-3.2827
-3.28265
-3.2831
-3.28431
-3.28447
-3.28492
-3.28546
-3.28445
-3.28456
-3.28389
-3.28543
-3.28536
-3.28449
-3.28384
-3.28286
-3.28208
-3.28086
-3.28126
-3.28132
-3.28165
-3.28273
-3.2827
-3.2827
-3.28319
-3.28283
-3.28316
-3.28197
-3.28052
-3.28035
-3.28054
-3.28164
-3.28206
-3.2828
-3.28175
-3.28027
-3.27904
-3.28009
-3.28048
-3.28095
-3.2798
-3.28037
-3.28025
-3.28009
-3.27939
-3.27817
-3.27823
-3.27812
-3.27703
-3.27689
-3.27717
-3.27773
-3.27841
-3.27913
-3.279
-3.27926
-3.27838
-3.27877
-3.27944
-3.27991
-3.28087
-3.27875
-3.27923
-3.27884
-3.27777
-3.27778
-3.27735
-3.27749
-3.27715
-3.27668
-3.27608
-3.27545
-3.27473
-3.27591
-3.27703
-3.2783
-3.27842
-3.27862
-3.27862
-3.27836
-3.27829
-3.27834
-3.27918
-3.27771
-3.27715
-3.27732
-3.27732
-3.27701
-3.27642
-3.27564
-3.27552
-3.27627
-3.27641
-3.27636
-3.27604
-3.27707
-3.27746
-3.27769
-3.27921
-3.28009
-3.28095
-3.28113
-3.28178
-3.28128
-3.28047
-3.28025
-3.27878
-3.27905
-3.279
-3.27926
-3.27768
-3.27797
-3.27873
-3.27665
-3.27776
-3.27773
-3.27898
-3.27849
-3.27728
-3.27863
-3.27862
-3.2788
-3.27892
-3.27897
-3.27964
-3.28056
-3.27943
-3.2796
-3.28007
-3.28087
-3.2817
-3.28153
-3.28252
-3.28304
-3.28139
-3.28004
-3.28006
-3.27854
-3.27803
-3.27802
-3.27871
-3.28052
-3.28199
-3.28351
-3.28597
-3.28642
-3.28636
-3.28661
-3.28689
-3.28571
-3.28473
-3.28415
-3.28326
-3.28225
-3.28206
-3.28122
-3.27979
-3.28068
-3.28059
-3.281
-3.28136
-3.28185
-3.28311
-3.28296
-3.2823
-3.28032
-3.27873
-3.27828
-3.27736
-3.27793
-3.27793
-3.2778
-3.27885
-3.27797
-3.27675
-3.27648
-3.27652
-3.27704
-3.27788
-3.27887
-3.2805
-3.28086
-3.28165
-3.28191
-3.28201
-3.28229
-3.28237
-3.28175
-3.281
-3.28038
-3.27997
-3.28026
-3.28003
-3.28063
-3.28133
-3.28234
-3.28334
-3.28373
-3.28384
-3.28375
-3.28344
-3.28296
-3.28349
-3.2832
-3.28098
-3.2793
-3.27831
-3.27792
-3.27799
-3.27814
-3.27968
-3.2805
-3.28054
-3.28043
-3.28083
-3.28158
-3.28173
-3.28219
-3.28276
-3.28238
-3.28099
-3.28079
-3.28076
-3.28003
-3.28009
-3.2795
-3.27959
-3.27998
-3.27955
-3.28008
-3.27992
-3.2797
-3.28103
-3.28256
-3.28238
-3.28225
-3.28166
-3.28009
-3.27852
-3.27684
-3.27702
-3.27773
-3.27833
-3.27825
-3.27898
-3.28007
-3.27971
-3.27921
-3.28054
-3.28044
-3.28131
-3.28155
-3.28218
-3.28123
-3.28022
-3.27889
-3.27792
-3.27602
-3.27522
-3.27614
-3.27753
-3.27981
-3.28132
-3.28175
-3.28236
-3.28351
-3.28321
-3.28223
-3.28181
-3.28153
-3.28189
-3.28174
-3.28156
-3.28024
-3.28019
-3.27985
-3.27998
-3.28036
-3.2811
-3.28212
-3.28307
-3.28343
-3.28353
-3.28331
-3.28284
-3.28237
-3.28222
-3.28173
-3.28088
-3.28146
-3.28141
-3.28157
-3.283
-3.28295
-3.28389
-3.28478
-3.28359
-3.28269
-3.28344
-3.28339
-3.28276
-3.28175
-3.28114
-3.28062
-3.27925
-3.28001
-3.28103
-3.28247
-3.28416
-3.28402
-3.28513
-3.28546
-3.28486
-3.28491
-3.28459
-3.28353
-3.28478
-3.2858
-3.28554
-3.28646
-3.28537
-3.28384
-3.28282
-3.28154
-3.28127
-3.27964
-3.27876
-3.2802
-3.28102
-3.28238
-3.28312
-3.28232
-3.28259
-3.28236
-3.28136
-3.28196
-3.28272
-3.28357
-3.28331
-3.28193
-3.28171
-3.28161
-3.28092
-3.27899
-3.27929
-3.27955
-3.27913
-3.27953
-3.28018
-3.28103
-3.28149
-3.28145
-3.28139
-3.28212
-3.2819
-3.28258
-3.28204
-3.28182
-3.2815
-3.28185
-3.28152
-3.28239
-3.28314
-3.28265
-3.28289
-3.28198
-3.28082
-3.28108
-3.28086
-3.28124
-3.28169
-3.28376
-3.28435
-3.28608
-3.28751
-3.28683
-3.28639
-3.28546
-3.28508
-3.28375
-3.28162
-3.28151
-3.28135
-3.28125
-3.28142
-3.2821
-3.28172
-3.28117
-3.28148
-3.28185
-3.28274
-3.28159
-3.28118
-3.28077
-3.27964
-3.27957
-3.28022
-3.28158
-3.28208
-3.28244
-3.28356
-3.28472
-3.28567
-3.28628
-3.28601
-3.28469
-3.28241
-3.28074
-3.28013
-3.27793
-3.27788
-3.27683
-3.27729
-3.27795
-3.27908
-3.27991
-3.28129
-3.28165
-3.2822
-3.28129
-3.28159
-3.28108
-3.28127
-3.28207
-3.28314
-3.28376
-3.28483
-3.2844
-3.28479
-3.285
-3.28452
-3.28427
-3.28306
-3.28254
-3.28195
-3.28161
-3.28177
-3.28298
-3.2835
-3.28333
-3.2838
-3.28342
-3.28521
-3.28616
-3.28562
-3.28572
-3.28533
-3.28447
-3.28458
-3.28402
-3.28378
-3.28365
-3.28597
-3.2855
-3.28456
-3.28376
-3.28289
-3.28368
-3.28378
-3.2841
-3.28555
-3.28657
-3.28738
-3.28902
-3.28906
-3.28925
-3.28847
-3.28802
-3.28669
-3.28754
-3.28648
-3.28696
-3.28697
-3.28687
-3.28515
-3.28534
-3.28477
-3.28393
-3.2837
-3.28176
-3.27956
-3.28063
-3.28198
-3.28262
-3.28412
-3.28528
-3.28608
-3.2867
-3.28776
-3.28642
-3.28577
-3.28406
-3.28322
-3.28224
-3.28133
-3.28021
-3.27956
-3.28088
-3.28191
-3.28333
-3.28375
-3.28345
-3.28385
-3.28401
-3.28251
-3.28131
-3.28174
-3.28255
-3.2831
-3.28377
-3.28419
-3.28375
-3.28245
-3.28107
-3.28096
-3.28029
-3.28057
-3.28115
-3.28164
-3.2825
-3.28232
-3.28167
-3.28186
-3.28109
-3.28144
-3.28205
-3.28181
-3.28197
-3.28196
-3.28294
-3.28223
-3.28146
-3.27968
-3.27955
-3.2782
-3.2776
-3.27761
-3.27802
-3.27801
-3.27907
-3.28068
-3.28194
-3.28249
-3.2831
-3.28333
-3.28316
-3.28261
-3.28195
-3.28135
-3.28045
-3.27923
-3.2793
-3.27979
-3.27935
-3.27979
-3.28049
-3.28165
-3.28193
-3.28256
-3.28172
-3.28092
-3.27998
-3.27897
-3.27776
-3.27655
-3.2764
-3.27747
-3.27846
-3.27907
-3.28039
-3.28028
-3.28147
-3.282
-3.28125
-3.28047
-3.28008
-3.27852
-3.27871
-3.27791
-3.27687
-3.27801
-3.2779
-3.2778
-3.27869
-3.28035
-3.28188
-3.28205
-3.28213
-3.28255
-3.2823
-3.28252
-3.28156
-3.28176
-3.28182
-3.28114
-3.28146
-3.28225
-3.28302
-3.28446
-3.28437
-3.28416
-3.28281
-3.28146
-3.27995
-3.2784
-3.27854
-3.27805
-3.27725
-3.27641
-3.27554
-3.27663
-3.27672
-3.27655
-3.27531
-3.2753
-3.27458
-3.27381
-3.2734
-3.27425
-3.27566
-3.27694
-3.27951
-3.28011
-3.27864
-3.27874
-3.27891
-3.27945
-3.27915
-3.27958
-3.2801
-3.28024
-3.27985
-3.27931
-3.2803
-3.27973
-3.27981
-3.27908
-3.2789
-3.27823
-3.27943
-3.28036
-3.28111
-3.27958
-3.27853
-3.27698
-3.27603
-3.27595
-3.27545
-3.27596
-3.27638
-3.27822
-3.27851
-3.2786
-3.27831
-3.27777
-3.27646
-3.27579
-3.27614
-3.27556
-3.27704
-3.27731
-3.27636
-3.27618
-3.27579
-3.27708
-3.27713
-3.27751
-3.27937
-3.27984
-3.27901
-3.27867
-3.27805
-3.27705
-3.27647
-3.27567
-3.27513
-3.27442
-3.27451
-3.27468
-3.2751
-3.27693
-3.27933
-3.28093
-3.28207
-3.28245
-3.28296
-3.28242
-3.28115
-3.28046
-3.28026
-3.27898
-3.27862
-3.27784
-3.27753
-3.27868
-3.27998
-3.28043
-3.28147
-3.28215
-3.28238
-3.28169
-3.28234
-3.28217
-3.28158
-3.28065
-3.28104
-3.28047
-3.28083
-3.28097
-3.27945
-3.27826
-3.27722
-3.27557
-3.27538
-3.27628
-3.27816
-3.28048
-3.2817
-3.28322
-3.28387
-3.28419
-3.28429
-3.28456
-3.28435
-3.28411
-3.28304
-3.28305
-3.28326
-3.28288
-3.28331
-3.28306
-3.28371
-3.28286
-3.2823
-3.28294
-3.28396
-3.28376
-3.28403
-3.28449
-3.28368
-3.28363
-3.2833
-3.28199
-3.28045
-3.27897
-3.27872
-3.2792
-3.27869
-3.27937
-3.27865
-3.2799
-3.28189
-3.28183
-3.28375
-3.28416
-3.28448
-3.2837
-3.28364
-3.28322
-3.28402
-3.2834
-3.28372
-3.2837
-3.28324
-3.28143
-3.2813
-3.28023
-3.28009
-3.28012
-3.28088
-3.28216
-3.28211
-3.28302
-3.28271
-3.28117
-3.28177
-3.28306
-3.28337
-3.28397
-3.28547
-3.28518
-3.28517
-3.2847
-3.2834
-3.28291
-3.28144
-3.27995
-3.27839
-3.2774
-3.27844
-3.27904
-3.27945
-3.28061
-3.28155
-3.28312
-3.28396
-3.28293
-3.28261
-3.28151
-3.28236
-3.28063
-3.2811
-3.28001
-3.27855
-3.27803
-3.27773
-3.27663
-3.27633
-3.27656
-3.27655
-3.27761
-3.27726
-3.27872
-3.27858
-3.27992
-3.27994
-3.27927
-3.28016
-3.28057
-3.2818
-3.28366
-3.28311
-3.28225
-3.28128
-3.28138
-3.28171
-3.28222
-3.28339
-3.28371
-3.283
-3.28316
-3.28285
-3.28108
-3.27993
-3.27863
-3.27867
-3.27685
-3.27701
-3.27726
-3.27954
-3.28129
-3.2833
-3.28356
-3.28379
-3.28469
-3.28343
-3.28412
-3.28363
-3.28417
-3.28362
-3.28247
-3.28192
-3.2818
-3.28049
-3.28067
-3.28075
-3.28089
-3.28211
-3.28273
-3.28332
-3.28417
-3.28405
-3.28446
-3.28519
-3.28476
-3.2829
-3.28145
-3.2799
-3.27881
-3.2791
-3.27879
-3.27964
-3.27987
-3.2812
-3.28093
-3.28212
-3.28286
-3.28207
-3.2822
-3.28142
-3.28078
-3.27964
-3.27895
-3.27881
-3.2781
-3.27936
-3.28024
-3.28054
-3.27958
-3.27975
-3.28134
-3.28186
-3.28255
-3.28265
-3.2818
-3.28184
-3.28184
-3.28088
-3.28223
-3.28291
-3.28422
-3.28548
-3.28593
-3.28624
-3.28604
-3.28664
-3.28516
-3.28445
-3.28296
-3.28178
-3.27988
-3.27877
-3.27823
-3.27717
-3.27797
-3.38016
-3.38059
-3.38187
-3.38405
-3.38508
-3.3849
-3.38574
-3.38531
-3.38483
-3.38386
-3.38392
-3.38245
-3.38208
-3.38142
-3.38032
-3.37982
-3.38029
-3.38122
-3.38152
-3.38326
-3.38369
-3.38335
-3.38301
-3.38321
-3.38411
-3.38259
-3.38333
-3.38236
-3.3832
-3.38331
-3.38352
-3.38554
-3.38649
-3.38663
-3.38722
-3.38603
-3.38515
-3.38474
-3.38334
-3.38239
-3.38167
-3.38183
-3.38211
-3.38225
-3.38292
-3.38302
-3.3828
-3.38254
-3.38211
-3.38329
-3.38372
-3.38403
-3.38445
-3.38315
-3.38256
-3.38197
-3.38121
-3.38177
-3.38129
-3.38056
-3.38071
-3.37952
-3.37862
-3.37775
-3.3778
-3.37721
-3.37872
-3.37818
-3.38016
-3.38174
-3.38389
-3.38369
-3.38453
-3.38463
-3.38517
-3.38494
-3.38492
-3.38471
-3.3839
-3.38337
-3.38241
-3.38164
-3.38192
-3.38134
-3.38163
-3.38097
-3.38308
-3.38284
-3.38359
-3.38384
-3.38262
-3.38265
-3.38113
-3.38109
-3.38058
-3.38025
-3.38061
-3.38186
-3.38229
-3.38326
-3.38407
-3.38436
-3.38528
-3.38574
-3.38503
-3.38384
-3.38232
-3.38231
-3.38137
-3.38187
-3.38306
-3.38307
-3.38263
-3.38389
-3.38462
-3.3844
-3.38343
-3.38188
-3.38064
-3.3803
-3.37944
-3.37797
-3.37841
-3.37779
-3.37733
-3.37862
-3.37957
-3.38013
-3.38012
-3.38092
-3.3813
-3.382
-3.38271
-3.38307
-3.3836
-3.38359
-3.38192
-3.38177
-3.38198
-3.38159
-3.38166
-3.38112
-3.38012
-3.37943
-3.38045
-3.38033
-3.37933
-3.37939
-3.37812
-3.37783
-3.3774
-3.37713
-3.37727
-3.37818
-3.37861
-3.37871
-3.37957
-3.38007
-3.38088
-3.38307
-3.3831
-3.38393
-3.38383
-3.38457
-3.38477
-3.38516
-3.38677
-3.38703
-3.38592
-3.38606
-3.38544
-3.38617
-3.38606
-3.38486
-3.38349
-3.38363
-3.3833
-3.38392
-3.38318
-3.38385
-3.3834
-3.38286
-3.38281
-3.3837
-3.38479
-3.38418
-3.38435
-3.38543
-3.38576
-3.38589
-3.38547
-3.38462
-3.38358
-3.38256
-3.38166
-3.38113
-3.38043
-3.38042
-3.38129
-3.38092
-3.38043
-3.3801
-3.37871
-3.37953
-3.38014
-3.3805
-3.38112
-3.3825
-3.3834
-3.38363
-3.38334
-3.38417
-3.38445
-3.38387
-3.38467
-3.38483
-3.38533
-3.38461
-3.3842
-3.38191
-3.38042
-3.37943
-3.37875
-3.37833
-3.37796
-3.37888
-3.37978
-3.38021
-3.38203
-3.38231
-3.3827
-3.3842
-3.38453
-3.38476
-3.38461
-3.38567
-3.38581
-3.38694
-3.38764
-3.38655
-3.38607
-3.38515
-3.38427
-3.38392
-3.38324
-3.38139
-3.37981
-3.37958
-3.37791
-3.37875
-3.37855
-3.37854
-3.3796
-3.3807
-3.3819
-3.38204
-3.38281
-3.38265
-3.3831
-3.38347
-3.38322
-3.38333
-3.38416
-3.38416
-3.38447
-3.38469
-3.38288
-3.38243
-3.38255
-3.38273
-3.38315
-3.38201
-3.3817
-3.38125
-3.38228
-3.38224
-3.38105
-3.37853
-3.37796
-3.37778
-3.37669
-3.377
-3.37792
-3.37907
-3.38009
-3.38015
-3.3798
-3.37977
-3.37896
-3.37709
-3.37694
-3.37625
-3.37694
-3.37662
-3.37733
-3.37792
-3.37863
-3.37951
-3.38049
-3.38056
-3.38013
-3.38165
-3.38219
-3.38118
-3.38169
-3.38155
-3.38134
-3.38081
-3.3799
-3.37863
-3.37984
-3.38005
-3.38093
-3.38231
-3.38173
-3.38113
-3.38129
-3.38119
-3.38201
-3.38472
-3.38557
-3.38735
-3.38742
-3.38684
-3.38744
-3.38715
-3.3837
-3.38377
-3.38331
-3.38246
-3.38232
-3.38205
-3.38216
-3.38342
-3.3829
-3.38369
-3.38413
-3.3849
-3.38637
-3.38537
-3.38433
-3.38351
-3.38375
-3.38348
-3.38377
-3.38439
-3.38341
-3.38305
-3.38396
-3.38442
-3.38358
-3.38221
-3.38073
-3.38126
-3.38175
-3.38226
-3.38252
-3.38199
-3.38158
-3.37998
-3.37898
-3.37768
-3.37667
-3.37634
-3.37746
-3.37623
-3.37532
-3.37584
-3.37605
-3.37881
-3.38045
-3.38219
-3.3837
-3.38317
-3.38283
-3.38364
-3.38284
-3.38323
-3.38325
-3.38293
-3.38394
-3.38362
-3.3826
-3.38061
-3.38003
-3.37913
-3.37832
-3.37757
-3.37818
-3.37747
-3.3781
-3.37828
-3.37844
-3.37832
-3.37818
-3.37869
-3.37943
-3.37999
-3.38037
-3.37967
-3.37928
-3.37998
-3.37913
-3.37907
-3.3798
-3.38048
-3.38053
-3.38106
-3.38129
-3.3811
-3.38214
-3.38255
-3.38277
-3.38269
-3.38283
-3.38165
-3.38223
-3.38313
-3.38222
-3.38299
-3.38299
-3.38311
-3.38293
-3.38436
-3.38568
-3.38783
-3.39018
-3.39116
-3.38922
-3.38863
-3.38707
-3.38462
-3.38377
-3.38193
-3.38116
-3.38096
-3.38195
-3.38231
-3.38152
-3.38047
-3.38024
-3.37958
-3.37933
-3.38035
-3.38116
-3.38051
-3.38109
-3.38216
-3.38215
-3.38454
-3.38518
-3.38562
-3.38576
-3.38527
-3.38446
-3.38502
-3.38542
-3.38619
-3.3856
-3.38473
-3.38488
-3.3834
-3.38327
-3.38256
-3.38335
-3.3842
-3.3843
-3.38365
-3.38339
-3.38115
-3.37916
-3.37802
-3.377
-3.37694
-3.3776
-3.37831
-3.37878
-3.37973
-3.37999
-3.38041
-3.38099
-3.38085
-3.38137
-3.38183
-3.38258
-3.38354
-3.38415
-3.38498
-3.38363
-3.38374
-3.38177
-3.38201
-3.38198
-3.38174
-3.38271
-3.38385
-3.38371
-3.38369
-3.38308
-3.38173
-3.38149
-3.38159
-3.38116
-3.38092
-3.38058
-3.3803
-3.38076
-3.38019
-3.38101
-3.38076
-3.38069
-3.38068
-3.38141
-3.38015
-3.38043
-3.37965
-3.37988
-3.37984
-3.3794
-3.37945
-3.38036
-3.38113
-3.38058
-3.3797
-3.37999
-3.38012
-3.3812
-3.38073
-3.38044
-3.3798
-3.38055
-3.38061
-3.38161
-3.38147
-3.38213
-3.38084
-3.38059
-3.38158
-3.38158
-3.38046
-3.38003
-3.37855
-3.38025
-3.37987
-3.37997
-3.38039
-3.37966
-3.38048
-3.38008
-3.37917
-3.37933
-3.37907
-3.37868
-3.37818
-3.37763
-3.37659
-3.37754
-3.3783
-3.37931
-3.38012
-3.37998
-3.37835
-3.37839
-3.37751
-3.37618
-3.37578
-3.37539
-3.375
-3.37678
-3.37845
-3.38061
-3.38296
-3.38348
-3.38426
-3.38438
-3.38252
-3.3822
-3.38163
-3.38181
-3.38049
-3.38069
-3.37996
-3.37995
-3.37972
-3.38006
-3.37989
-3.37939
-3.38021
-3.38094
-3.38137
-3.38264
-3.38241
-3.38272
-3.38202
-3.38151
-3.3804
-3.37935
-3.37938
-3.37869
-3.37807
-3.37912
-3.38135
-3.3819
-3.38154
-3.38094
-3.37998
-3.37989
-3.3786
-3.37808
-3.37769
-3.37777
-3.37723
-3.37755
-3.37784
-3.37873
-3.37968
-3.37906
-3.37776
-3.37818
-3.37828
-3.37675
-3.37643
-3.37604
-3.37482
-3.37502
-3.37501
-3.3738
-3.37239
-3.37318
-3.37251
-3.3739
-3.37601
-3.3769
-3.37707
-3.37782
-3.378
-3.37755
-3.37802
-3.3781
-3.37903
-3.3786
-3.37851
-3.37895
-3.3792
-3.37976
-3.37964
-3.38039
-3.38106
-3.3816
-3.3835
-3.38363
-3.38324
-3.3829
-3.38285
-3.38239
-3.38241
-3.38259
-3.3827
-3.3816
-3.3826
-3.38181
-3.38154
-3.38243
-3.38172
-3.38181
-3.382
-3.37999
-3.3794
-3.37806
-3.37679
-3.37489
-3.37496
-3.37609
-3.37636
-3.37763
-3.37943
-3.38082
-3.38121
-3.38089
-3.38101
-3.38182
-3.38178
-3.38185
-3.38226
-3.38177
-3.38106
-3.38171
-3.3819
-3.38194
-3.3816
-3.38203
-3.38162
-3.38224
-3.38141
-3.38089
-3.3783
-3.37782
-3.37811
-3.37708
-3.37595
-3.3746
-3.3738
-3.37437
-3.37414
-3.37641
-3.37797
-3.37728
-3.37756
-3.37766
-3.37621
-3.37532
-3.37563
-3.37516
-3.37445
-3.37384
-3.3737
-3.37415
-3.37556
-3.37579
-3.37536
-3.37507
-3.37557
-3.37594
-3.37559
-3.37563
-3.3761
-3.37522
-3.37517
-3.37577
-3.37627
-3.3764
-3.37657
-3.37703
-3.3777
-3.37765
-3.37755
-3.37807
-3.37762
-3.37698
-3.37652
-3.37673
-3.37696
-3.37701
-3.37747
-3.37783
-3.37849
-3.37799
-3.37795
-3.37783
-3.37804
-3.37859
-3.37827
-3.37827
-3.37955
-3.37872
-3.3779
-3.37636
-3.37537
-3.37566
-3.3762
-3.37527
-3.37326
-3.37218
-3.37272
-3.37263
-3.37393
-3.37607
-3.37719
-3.37709
-3.37791
-3.37755
-3.37758
-3.37653
-3.3757
-3.37715
-3.37597
-3.37619
-3.37722
-3.3776
-3.37854
-3.37954
-3.37987
-3.37892
-3.37795
-3.37705
-3.376
-3.37521
-3.37475
-3.37597
-3.37635
-3.37603
-3.3763
-3.37457
-3.37407
-3.37344
-3.373
-3.37344
-3.37475
-3.37612
-3.37775
-3.37844
-3.38058
-3.38156
-3.38149
-3.38118
-3.38061
-3.37912
-3.37955
-3.37992
-3.37958
-3.37905
-3.37961
-3.37943
-3.38021
-3.38017
-3.38051
-3.37982
-3.38133
-3.38148
-3.38173
-3.38101
-3.38166
-3.38017
-3.38057
-3.37847
-3.37843
-3.37913
-3.38058
-3.38292
-3.38418
-3.38537
-3.38492
-3.38461
-3.38314
-3.38217
-3.3822
-3.38239
-3.38265
-3.38313
-3.38353
-3.38405
-3.38456
-3.38549
-3.38518
-3.38507
-3.3859
-3.38499
-3.38489
-3.38364
-3.38248
-3.38124
-3.38034
-3.38012
-3.38064
-3.38157
-3.38293
-3.38326
-3.38372
-3.38302
-3.38188
-3.38096
-3.38146
-3.38404
-3.38517
-3.38384
-3.3821
-3.38134
-3.38115
-3.38094
-3.38087
-3.38123
-3.38261
-3.38342
-3.38408
-3.38511
-3.38694
-3.38664
-3.38641
-3.38432
-3.38466
-3.38385
-3.38283
-3.38397
-3.38467
-3.38565
-3.38695
-3.38784
-3.38807
-3.38778
-3.38722
-3.38664
-3.38573
-3.38597
-3.38523
-3.38522
-3.38495
-3.38603
-3.38639
-3.38608
-3.38439
-3.38467
-3.38438
-3.38377
-3.38258
-3.38233
-3.38222
-3.38101
-3.3811
-3.3808
-3.38081
-3.38134
-3.38285
-3.38335
-3.3841
-3.38395
-3.38176
-3.38167
-3.38128
-3.3812
-3.38158
-3.38113
-3.38041
-3.3809
-3.38132
-3.38092
-3.38026
-3.38014
-3.38017
-3.37994
-3.37895
-3.37866
-3.37896
-3.37839
-3.37768
-3.37864
-3.37858
-3.37847
-3.37919
-3.37997
-3.38116
-3.3815
-3.38208
-3.38304
-3.38219
-3.38174
-3.38198
-3.38269
-3.38192
-3.38073
-3.37984
-3.37924
-3.37881
-3.37779
-3.37766
-3.37863
-3.37844
-3.37862
-3.37844
-3.378
-3.37781
-3.37828
-3.38003
-3.38006
-3.3805
-3.38032
-3.38035
-3.38107
-3.38106
-3.3807
-3.38106
-3.3815
-3.38223
-3.38183
-3.38305
-3.38459
-3.38486
-3.38431
-3.38435
-3.38483
-3.38503
-3.38537
-3.38519
-3.38529
-3.38586
-3.3859
-3.38641
-3.38669
-3.38756
-3.38768
-3.38849
-3.38796
-3.38752
-3.38622
-3.38606
-3.38523
-3.38445
-3.38455
-3.38443
-3.38526
-3.38607
