1.09546
1.09532
1.09927
1.1052
1.1103
1.11205
1.10903
1.10115
1.08944
1.07557
1.06135
1.04845
1.03821
1.03161
1.02916
1.03088
1.03639
1.04514
1.05657
1.07005
1.08473
1.09955
1.11341
1.12542
1.13504
1.142
1.14589
1.14624
1.14265
1.1352
1.12464
1.11227
1.0995
1.08761
1.07763
1.07039
1.06649
1.06612
1.06875
1.07315
1.07775
1.08135
1.08373
1.08611
1.09076
1.09993
1.1143
1.13228
1.15043
1.16489
1.17269
1.17251
1.1647
1.15083
1.13325
1.11466
1.09773
1.0846
1.0764
1.07299
1.07315
1.07516
1.07755
1.07944
1.08051
1.08046
1.07875
1.07459
1.06734
1.05665
1.04267
1.02594
1.00733
0.988099
0.970156
0.956212
0.949302
0.951235
0.961173
0.975844
0.991335
1.0047
1.01433
1.01964
1.02089
1.01918
1.01634
1.01432
1.01443
1.01676
1.02039
1.02396
1.02631
1.02699
1.02624
1.02488
1.02399
1.02458
1.02735
1.03242
1.03927
1.04672
1.05313
1.05671
1.0559
1.04989
1.03899
1.02478
1.00995
0.997523
0.989912
0.988088
0.991489
0.998659
1.00801
1.01818
1.02816
1.03727
1.04536
1.05267
1.05943
1.06537
1.06963
1.07118
1.06949
1.06501
1.05926
1.05432
1.05215
1.05384
1.05934
1.06759
1.07688
1.0852
1.09058
1.09154
1.08741
1.07849
1.06613
1.05235
1.03938
1.02907
1.02254
1.02007
1.0213
1.02542
1.03139
1.03807
1.04425
1.04899
1.05181
1.05305
1.05361
1.05457
1.0567
1.05988
1.06308
1.06486
1.06413
1.06057
1.05468
1.04757
1.04064
1.03517
1.03182
1.03048
1.0305
1.031
1.03128
1.03076
1.02901
1.02568
1.02075
1.01481
1.00942
1.00701
1.01013
1.01971
1.03404
1.0495
1.06261
1.07115
1.07436
1.07272
1.06765
1.0611
1.05451
1.04815
1.04122
1.03295
1.0233
1.01299
1.00303
0.994489
0.988431
0.98566
0.986353
0.989787
0.994562
0.999178
1.00248
1.00399
1.00386
1.0028
1.00191
1.00238
1.00524
1.01117
1.02038
1.03237
1.04553
1.05735
1.06529
1.06771
1.06444
1.05658
1.04592
1.03437
1.02348
1.01426
1.00715
1.00236
1.00011
1.00074
1.00442
1.0107
1.01843
1.02591
1.03144
1.03369
1.03202
1.02671
1.01885
1.01008
1.00197
0.995683
0.991877
0.990877
0.992939
0.998262
1.00672
1.01741
1.02843
1.03738
1.04228
1.04232
1.03809
1.03112
1.02323
1.01599
1.01054
1.00753
1.00736
1.01023
1.01617
1.02488
1.0358
1.04817
1.06103
1.07331
1.08401
1.09227
1.09738
1.0989
1.09681
1.09181
1.08534
1.07927
1.07525
1.07388
1.07454
1.07591
1.07681
1.07682
1.07652
1.07701
1.07908
1.08271
1.0871
1.09122
1.09429
1.09604
1.09654
1.0961
1.09513
1.094
1.09298
1.09217
1.0915
1.09074
1.08956
1.08763
1.08478
1.08117
1.0772
1.07343
1.07023
1.06762
1.06519
1.06228
1.05825
1.05281
1.04604
1.0382
1.02956
1.02059
1.01231
1.00646
1.00508
1.00948
1.01937
1.03287
1.04745
1.0609
1.07188
1.07997
1.08571
1.0904
1.09554
1.10178
1.10854
1.11476
1.11993
1.12448
1.12946
1.1359
1.14431
1.1544
1.16509
1.17486
1.18222
1.18621
1.18655
1.18366
1.17835
1.17152
1.16372
1.15513
1.14564
1.13507
1.12341
1.11094
1.09793
1.08435
1.06953
1.0523
1.03164
1.00771
0.982695
0.960434
0.944626
0.937124
0.93758
0.944022
0.953691
0.963919
0.972748
0.979199
0.983321
0.985863
0.987917
0.990507
0.994343
0.999697
1.00626
1.01294
1.01798
1.01949
1.01629
1.00864
0.998459
0.988577
0.981356
0.977312
0.974777
0.970992
0.963807
0.95292
0.940115
0.92839
0.920446
0.917511
0.919324
0.92498
0.933663
0.944901
0.958438
0.973996
0.99098
1.0083
1.02438
1.03738
1.04549
1.0473
1.04223
1.03082
1.0148
0.99696
0.980746
0.969612
0.966305
0.972122
0.986468
1.00701
1.03045
1.0535
1.0735
1.08852
1.09705
1.09786
1.09006
1.07341
1.0487
1.01802
0.984886
0.95406
0.93082
0.919687
0.922679
0.938224
0.961977
0.988836
1.0147
1.03719
1.05557
1.07049
1.083
1.09376
1.1026
1.10881
1.1119
1.11196
1.10961
1.10565
1.10091
1.09614
1.09187
1.08825
1.08491
1.08114
1.07638
1.0709
1.06598
1.0634
1.06456
1.06983
1.07857
1.08946
1.10092
1.11146
1.1201
1.12627
1.12947
1.12878
1.12286
1.11052
1.09165
1.06777
1.04196
1.01818
1
0.989361
0.98583
0.987055
0.989967
0.992015
0.991761
0.988803
0.983702
0.977995
0.973814
0.972908
0.975677
0.981077
0.987471
0.993497
0.998388
1.00173
1.00317
1.00233
0.999011
0.993448
0.986531
0.979644
0.974354
0.97198
0.973199
0.977912
0.985351
0.99441
1.00398
1.01317
1.02141
1.02839
1.03397
1.0381
1.04078
1.04211
1.04235
1.04187
1.04111
1.04038
1.03976
1.03897
1.03752
1.03483
1.03052
1.02468
1.01792
1.01117
1.00529
1.00093
0.998782
0.999696
1.00421
1.01189
1.02123
1.03043
1.0381
1.04364
1.04713
1.04906
1.04984
1.04966
1.04832
1.04546
1.04084
1.0347
1.02793
1.02208
1.0191
1.02083
1.02845
1.04209
1.0607
1.08236
1.10468
1.12535
1.14242
1.15459
1.16123
1.16233
1.15844
1.15041
1.1393
1.12624
1.11246
1.09889
1.08567
1.07173
1.05561
1.038
1.02364
1.01822
1.02174
1.02877
1.03471
1.03845
1.04076
1.0423
1.04325
1.04346
1.04288
1.04162
1.03996
1.03802
1.03569
1.03265
1.02844
1.02261
1.01495
1.00559
0.99501
0.98417
0.974439
0.967572
0.965405
0.969239
0.978963
0.992817
1.00817
1.02268
1.03489
1.04424
1.05075
1.05482
1.05706
1.05833
1.05962
1.06182
1.0655
1.07085
1.07778
1.08608
1.0955
1.10555
1.11544
1.12423
1.13111
1.13582
1.13882
1.14099
1.14274
1.14333
1.141
1.13394
1.12134
1.10397
1.08395
1.06424
1.04784
1.03708
1.03307
1.03549
1.04283
1.05289
1.06354
1.07335
1.08175
1.08883
1.09476
1.09946
1.10249
1.10321
1.10123
1.09658
1.08994
1.08256
1.07552
1.06895
1.06169
1.05195
1.03853
1.02131
1.00135
0.980629
0.961594
0.946442
0.93654
0.932191
0.932766
0.936938
0.942972
0.949184
0.954542
0.958934
0.962887
0.966892
0.971032
0.975203
0.979451
0.983851
0.987966
0.990741
0.991098
0.988815
0.984944
0.981151
0.978747
0.97823
0.97957
0.982408
0.985924
0.988744
0.98934
0.986618
0.98039
0.971604
0.962211
0.954902
0.952386
0.95647
0.967302
0.983281
1.00157
1.01908
1.03338
1.04333
1.04923
1.05254
1.05515
1.05877
1.06432
1.0717
1.07972
1.08649
1.09004
1.08885
1.08214
1.06981
1.05214
1.02964
1.00316
0.974572
0.947059
0.924545
0.910172
0.90507
0.908216
0.917195
0.929189
0.941713
0.952943
0.961794
0.968003
0.972209
0.975872
0.980863
0.988752
1.00003
1.01386
1.02839
1.04165
1.05229
1.05984
1.06457
1.06705
1.06783
1.06747
1.06665
1.06622
1.06689
1.06879
1.07133
1.07327
1.07318
1.07018
1.06435
1.05677
1.04912
1.04293
1.03894
1.03674
1.03499
1.03206
1.02684
1.01929
1.01033
1.00122
0.992843
0.985337
0.978407
0.971795
0.965649
0.960679
0.958244
0.960156
0.967905
0.981491
0.998749
1.01615
1.03042
1.03965
1.04348
1.04259
1.03807
1.03083
1.02135
1.0097
0.996165
0.982026
0.970222
0.964943
0.969982
0.986573
1.01235
1.04235
1.07117
1.09463
1.11039
1.11775
1.11723
1.11019
1.09859
1.08487
1.07178
1.06197
1.05748
1.05902
1.06548
1.07423
1.08183
1.08495
1.08138
1.07044
1.05307
1.0315
1.00862
0.987458
0.970684
0.960047
0.956028
0.957781
0.963501
0.970985
0.978169
0.983569
0.986486
0.987117
0.98644
0.985947
0.987087
0.990749
0.997089
1.00578
1.01634
1.02813
1.0403
1.05184
1.06186
1.0697
1.0748
1.07653
1.07426
1.06775
1.05754
1.04515
1.03287
1.02312
1.01768
1.0171
1.02063
1.02654
1.03262
1.0369
1.03817
1.03666
1.03416
1.03354
1.03723
1.04575
1.05776
1.07107
1.08374
1.09442
1.10234
1.10729
1.10948
1.10939
1.10751
1.10414
1.09943
1.09356
1.08711
1.08131
1.07772
1.07755
1.08091
1.08697
1.09484
1.10437
1.11566
1.12784
1.13869
1.14572
1.14738
1.14349
1.13481
1.12271
1.10887
1.09511
1.08307
1.07388
1.06801
1.06532
1.06541
1.06759
1.07077
1.07356
1.07466
1.07338
1.06998
1.06571
1.06218
1.0605
1.06035
1.05986
1.0563
1.04736
1.03232
1.01257
0.99169
0.974515
0.96536
0.965988
0.974946
0.988809
1.00409
1.01834
1.03027
1.03941
1.04565
1.04898
1.04944
1.04723
1.0429
1.03752
1.03269
1.03029
1.0318
1.03754
1.04624
1.0557
1.06387
1.06959
1.0726
1.07305
1.07106
1.06643
1.05878
1.04786
1.03393
1.01805
1.0023
0.989532
0.982691
0.983807
0.993247
1.00955
1.02995
1.05119
1.07038
1.08555
1.09583
1.10108
1.10149
1.09725
1.08846
1.07562
1.06031
1.04544
1.03444
1.02956
1.03078
1.03622
1.04339
1.05001
1.05431
1.05503
1.05155
1.04392
1.03305
1.0205
1.00825
0.998167
0.991306
0.98758
0.985931
0.984975
0.983756
0.982126
0.980804
0.981136
0.984762
0.993046
1.00649
1.02421
1.044
1.063
1.07848
1.08855
1.09239
1.09036
1.08383
1.07482
1.0654
1.05724
1.05127
1.0475
1.04507
1.04263
1.03882
1.03297
1.02547
1.01786
1.0123
1.01061
1.01321
1.01887
1.02545
1.03099
1.03441
1.03576
1.03608
1.03699
1.04016
1.04661
1.05637
1.06839
1.08097
1.09248
1.10201
1.10944
1.11515
1.11949
1.12254
1.12413
1.124
1.12191
1.11785
1.11209
1.10517
1.09791
1.09126
1.08593
1.08221
1.07988
1.07842
1.07724
1.07594
1.07435
1.07229
1.06936
1.06476
1.05752
1.04726
1.03483
1.02245
1.01271
1.00734
1.00686
1.01092
1.01872
1.02924
1.04125
1.05334
1.06403
1.07183
1.07555
1.07466
1.06977
1.06285
1.0566
1.05311
1.05272
1.0544
1.05695
1.05969
1.06219
1.06385
1.06436
1.0644
1.06561
1.06946
1.07605
1.08371
1.08991
1.09247
1.09028
1.08323
1.07192
1.05741
1.04164
1.02762
1.0188
1.01746
1.02351
1.03455
1.04702
1.05742
1.06325
1.06359
1.05932
1.05252
1.04554
1.04022
1.03747
1.03731
1.03912
1.04201
1.04505
1.04753
1.04905
1.04939
1.04853
1.04657
1.04381
1.04068
1.03763
1.03513
1.03383
1.03462
1.0381
1.0434
1.04796
1.04912
1.04589
1.03906
1.03015
1.02051
1.01117
1.00312
0.997384
0.994725
0.995167
0.997831
1.00115
1.00351
1.00375
1.00144
0.996762
0.990221
0.982421
0.974015
0.965625
0.957948
0.952129
0.95005
0.953905
0.965029
0.982745
1.00425
1.0254
1.04205
1.05083
1.0497
1.03813
1.01747
0.991177
0.965002
0.945961
0.93982
0.948378
0.969085
0.997213
1.02812
1.05826
1.08514
1.10705
1.12298
1.13254
1.13602
1.13419
1.12818
1.11938
1.10921
1.09896
1.08947
1.08086
1.07252
1.0633
1.05181
1.03701
1.01937
1.00216
0.990476
0.987279
0.99038
0.994857
0.997273
0.99695
0.994747
0.99164
0.988116
0.984328
0.980532
0.977389
0.975938
0.977178
0.981467
0.988304
0.996486
1.00462
1.01175
1.01773
1.02327
1.02962
1.03798
1.04892
1.06184
1.07518
1.08692
1.09542
1.10002
1.10131
1.10075
1.09966
1.09843
1.09637
1.09262
1.08702
1.08022
1.07305
1.06587
1.05855
1.05099
1.04365
1.03754
1.03372
1.0326
1.03367
1.03578
1.03757
1.03783
1.0356
1.03034
1.02206
1.01145
0.999888
0.989003
0.980209
0.974359
0.971689
0.972035
0.975211
0.981115
0.989626
1.0003
1.01222
1.0241
1.03483
1.04414
1.05283
1.06222
1.07293
1.084
1.0934
1.09904
1.09966
1.0949
1.08507
1.07096
1.05382
1.03566
1.01956
1.00934
1.00782
1.01458
1.02582
1.03667
1.04342
1.04418
1.03824
1.02571
1.00765
0.986593
0.966702
0.952947
0.94944
0.957751
0.976264
1.00088
1.02662
1.04907
1.0651
1.07303
1.07264
1.06517
1.05303
1.03923
1.0267
1.01774
1.01361
1.01437
1.01876
1.02476
1.03026
1.03371
1.03434
1.03211
1.02758
1.02185
1.01645
1.01281
1.01156
1.01221
1.01356
1.01452
1.01485
1.01515
1.0165
1.02
1.02648
1.03628
1.04903
1.06353
1.07764
1.08882
1.09483
1.0944
1.08756
1.07555
1.06041
1.04448
1.02993
1.01841
1.01107
1.00849
1.01078
1.01724
1.0263
1.03586
1.04393
1.04922
1.05134
1.05061
1.0477
1.04333
1.038
1.0319
1.02484
1.01649
1.00675
0.996043
0.985155
0.974945
0.965984
0.958758
0.954255
0.954212
0.959839
0.969869
0.980725
0.988793
0.992196
0.990778
0.985345
0.977376
0.969096
0.96352
0.963854
0.972258
0.988636
1.01043
1.03364
1.05427
1.0694
1.07754
1.07855
1.07339
1.06376
1.05183
1.03973
1.02917
1.02125
1.0164
1.01462
1.01565
1.01918
1.02489
1.03242
1.04133
1.05129
1.06215
1.07387
1.08598
1.09731
1.10618
1.11097
1.11065
1.10498
1.09456
1.08049
1.06408
1.04663
1.02938
1.01354
1.00036
0.990897
0.985722
0.98476
0.98739
0.992726
0.999922
1.00839
1.0178
1.028
1.03879
1.04973
1.06016
1.06928
1.0763
1.08067
1.08215
1.08093
1.0776
1.07286
1.06736
1.06149
1.05546
1.04955
1.04417
1.03973
1.0365
1.03439
1.03307
1.03205
1.03075
1.0286
1.02501
1.01958
1.01248
1.00471
0.99806
0.994577
0.995902
1.00271
1.01456
1.0302
1.04793
1.06614
1.0836
1.09954
1.11351
1.12518
1.13415
1.13994
1.14224
1.14111
1.13719
1.13179
1.12668
1.1237
1.12414
1.12815
1.13485
1.14269
1.14993
1.1549
1.1562
1.15275
1.14408
1.13049
1.1131
1.09374
1.07445
1.05696
1.04223
1.03048
1.02161
1.01578
1.01359
1.01566
1.02202
1.03171
1.04306
1.05415
1.06332
1.06948
1.07219
1.07148
1.06748
1.06016
1.04928
1.03482
1.01759
0.999681
0.984428
0.975444
0.975236
0.984007
0.999404
1.01734
1.03347
1.04445
1.04866
1.04617
1.03842
1.02773
1.01663
1.0072
1.00068
0.997373
0.996921
0.998713
1.0021
1.00643
1.01097
1.01457
1.01584
1.01357
1.00766
0.99957
0.9919
0.987325
0.987528
0.992579
1.00107
1.01081
1.01994
1.0276
1.03407
1.04
1.0456
1.05023
1.0531
1.05394
1.05334
1.05255
1.053
1.05598
1.06217
1.07135
1.08257
1.0946
1.10645
1.1176
1.12761
1.13583
1.14147
1.14396
1.1433
1.14023
1.13584
1.13113
1.12646
1.12148
1.11527
1.10692
1.09603
1.08293
1.06861
1.05453
1.04219
1.03283
1.02724
1.02583
1.02867
1.03539
1.04509
1.05638
1.06765
1.07754
1.08529
1.09087
1.09479
1.09766
1.09984
1.10121
1.10123
1.09918
1.09458
1.08741
1.07825
1.06822
1.05878
1.05157
1.04798
1.04853
1.05245
1.05799
1.0633
1.0672
1.06912
1.0689
1.0665
1.06203
1.05598
1.0492
1.04283
1.03774
1.03431
1.03237
1.03151
1.03122
1.03095
1.03005
1.0278
1.02353
1.01661
1.00674
0.994161
0.979789
0.965169
0.952274
0.943149
0.939602
0.942869
0.953315
0.970181
0.991573
1.01496
1.03782
1.0582
1.07501
1.08795
1.09727
1.1035
1.10708
1.1082
1.10672
1.10251
1.09586
1.08778
1.07982
1.07332
1.06872
1.06546
1.06242
1.05851
1.05309
1.04605
1.03763
1.0282
1.01804
1.00743
0.996695
0.986253
0.976469
0.967625
0.959976
0.953729
0.949062
0.946166
0.945225
0.946466
0.950164
0.956473
0.965312
0.976276
0.988516
1.00074
1.01144
1.01936
1.0239
1.02526
1.02415
1.02152
1.01831
1.01508
1.01178
1.00802
1.00344
0.998321
0.993902
0.992267
0.995869
1.00657
1.02462
1.04807
1.07317
1.09569
1.11226
1.12128
1.12302
1.11935
1.11311
1.10723
1.10385
1.10359
1.10521
1.10612
1.10332
1.09439
1.07832
1.0557
1.02848
0.999607
0.972371
0.949809
0.934119
0.926205
0.925584
0.930625
0.939099
0.948887
0.95863
0.968149
0.978326
0.990311
1.00431
1.01879
1.03091
1.03796
1.03876
1.03427
1.0273
1.02162
1.02063
1.02631
1.03893
1.05753
1.08068
1.10666
1.13343
1.15865
1.17984
1.19489
1.20228
1.20121
1.19146
1.17328
1.1475
1.11602
1.0826
1.05265
1.03107
1.01951
1.01622
1.0185
1.02465
1.03385
1.04528
1.05749
1.06852
1.07639
1.07985
1.07873
1.07393
1.06686
1.05885
1.05067
1.0426
1.0348
1.02761
1.02148
1.01663
1.01295
1.0101
1.00766
1.00518
1.00224
0.9985
0.993793
0.988207
0.982091
0.975986
0.970556
0.966699
0.965673
0.968778
0.976459
0.987623
1.00013
1.01213
1.02292
1.03288
1.04262
1.05233
1.06154
1.06937
1.07503
1.07817
1.0791
1.0786
1.07765
1.07698
1.07693
1.07759
1.07879
1.08
1.08025
1.07832
1.07316
1.06423
1.05157
1.03582
1.0181
1.00003
0.983577
0.970829
0.963295
0.96119
0.96328
0.967858
0.974176
0.982812
0.994381
1.00799
1.02119
1.03132
1.03684
1.03754
1.03412
1.02766
1.01935
1.01051
1.00273
0.998054
0.998676
1.00583
1.01849
1.03312
1.04523
1.05142
1.05029
1.04227
1.0289
1.01223
0.99428
0.976521
0.959485
0.942737
0.925385
0.907166
0.889553
0.876065
0.870742
0.875453
0.888406
0.905729
0.924258
0.942621
0.960336
0.976592
0.989927
0.998737
1.00193
0.999292
0.991622
0.980729
0.969314
0.96036
0.956011
0.956607
0.960676
0.965946
0.970461
0.973074
0.973333
0.971084
0.966238
0.958753
0.948773
0.936753
0.923435
0.909667
0.896279
0.883984
0.873418
0.865392
0.861181
0.862469
0.870674
0.886114
0.907549
0.932449
0.957813
0.981028
1.00039
1.01518
1.02531
1.03099
1.03246
1.02981
1.02325
1.01329
1.0009
0.987594
0.975201
0.965831
0.962005
0.966309
0.979746
1.00018
1.02325
1.04508
1.06385
1.07923
1.09129
1.09992
1.10492
1.10614
1.10371
1.09814
1.09051
1.08238
1.0755
1.07115
1.0696
1.06996
1.07054
1.06947
1.06546
1.05818
1.04825
1.03673
1.02478
1.01329
1.00307
0.99493
0.989711
0.987745
0.988486
0.990812
0.993966
0.998127
1.00398
1.01187
1.02143
1.03174
1.04184
1.05116
1.0596
1.06735
1.07447
1.08082
1.08603
1.08971
1.09157
1.09144
1.08926
1.08501
1.07868
1.07034
1.06016
1.04843
1.03566
1.02252
1.00987
0.998695
0.990121
0.985339
0.985438
0.990989
1.00166
1.01605
1.03205
1.04726
1.05957
1.06743
1.06996
1.0669
1.05873
1.04669
1.03267
1.01879
1.00673
0.997488
0.991473
0.988812
0.989628
0.994118
1.00231
1.01363
1.02678
1.04003
1.05186
1.06158
1.06951
1.07668
1.0843
1.09309
1.10304
1.11359
1.12409
1.13402
1.14281
1.14955
1.15311
1.15255
1.14747
1.13814
1.12533
1.11006
1.0936
1.0774
1.06298
1.05147
1.04291
1.03623
1.0298
1.02232
1.0135
1.00422
0.996144
0.990942
0.989594
0.992235
0.998301
1.0067
1.01594
1.02439
1.0308
1.03471
1.03667
1.03789
1.03954
1.04202
1.04458
1.04566
1.04375
1.03811
1.02912
1.01814
1.00699
0.997351
0.990562
0.987366
0.98785
0.99158
0.997866
1.00602
1.01544
1.02534
1.03473
1.04249
1.04769
1.04978
1.0487
1.04473
1.03842
1.0305
1.02198
1.01423
1.00899
1.00817
1.01346
1.02559
1.04374
1.06547
1.08751
1.10666
1.12035
1.12695
1.1257
1.11688
1.10168
1.08197
1.06001
1.0381
1.01833
1.00238
0.991408
0.985851
0.985293
0.988686
0.994868
1.00304
1.01279
1.02363
1.03471
1.04501
1.05381
1.06083
1.06625
1.07059
1.07462
1.07917
1.08471
1.09118
1.09818
1.10508
1.11118
1.11564
1.11778
1.11731
1.11456
1.11047
1.10633
1.10358
1.10315
1.10489
1.10742
1.10869
1.10688
1.10109
1.09144
1.07906
1.06579
1.05379
1.04498
1.04039
1.04014
1.04388
1.05126
1.06196
1.07537
1.0904
1.10539
1.11828
1.12693
1.12968
1.12599
1.11664
1.10312
1.08641
1.06646
1.04285
1.01604
0.987915
0.961446
0.939924
0.926224
0.922373
0.929284
0.946421
0.971452
1.00042
1.02861
1.05176
1.06703
1.07359
1.07277
1.06777
1.06248
1.05956
1.05916
1.05956
1.05876
1.05551
1.04976
1.04229
1.03424
1.02679
1.02082
1.01696
1.01565
1.0171
1.02118
1.02728
1.03434
1.04106
1.04632
1.04951
1.05068
1.05038
1.04934
1.04814
1.04704
1.04583
1.04384
1.04002
1.03334
1.02329
1.01045
0.996572
0.98398
0.974798
0.970236
0.970235
0.973546
0.978238
0.982439
0.984846
0.984967
0.983072
0.979839
0.975805
0.971186
0.966514
0.963448
0.964861
0.973611
0.990705
1.01448
1.04159
1.06866
1.09334
1.11421
1.13046
1.14153
1.14713
1.14729
1.14256
1.134
1.12297
1.11085
1.09865
1.08698
1.07613
1.06637
1.05792
1.05078
1.04447
1.03807
1.03056
1.02122
1.01005
0.997845
0.985938
0.975807
0.968626
0.965036
0.965041
0.968056
0.973163
0.979549
0.98694
0.9954
1.00461
1.01354
1.0208
1.02543
1.02717
1.02635
1.02327
1.01805
1.01061
1.00102
0.989926
0.978753
0.969393
0.963533
0.961992
0.964422
0.969589
0.976047
0.982802
0.989536
0.996346
1.00325
1.0098
1.01502
1.01768
1.01677
1.01189
1.00342
0.992525
0.98094
0.970705
0.963775
0.961566
0.964609
0.972461
0.983934
0.997592
1.01224
1.02717
1.04204
1.05649
1.06977
1.0808
1.08846
1.09219
1.09231
1.09016
1.08759
1.0863
1.08716
1.09031
1.09582
1.10406
1.11474
1.12556
1.13266
1.13268
1.12459
1.11005
1.09258
1.07618
1.06397
1.05745
1.05657
1.06021
1.06672
1.07448
1.08199
1.08805
1.09167
1.09208
1.08884
1.08183
1.07146
1.05872
1.04521
1.03286
1.02329
1.01707
1.01327
1.01006
1.00578
0.999972
0.993561
0.988181
0.985274
0.985439
0.988503
0.993972
1.00155
1.01105
1.02186
1.03259
1.04148
1.04729
1.04995
1.05018
1.04864
1.04537
1.04004
1.03241
1.02262
1.0113
0.999606
0.989097
0.981334
0.977518
0.978189
0.983322
0.992497
1.00498
1.01971
1.03519
1.04973
1.0616
1.06939
1.07222
1.07006
1.06379
1.05517
1.04639
1.03948
1.03579
1.03556
1.03795
1.04141
1.04419
1.04489
1.04272
1.03773
1.03086
1.02385
1.01893
1.0181
1.02228
1.03077
1.04154
1.05221
1.06096
1.06691
1.07001
1.07088
1.07042
1.06966
1.06947
1.07045
1.07297
1.07732
1.08371
1.09209
1.10203
1.11258
1.12247
1.13025
1.13457
1.13441
1.12912
1.11859
1.1032
1.08402
1.0629
1.04243
1.02534
1.01341
1.0066
1.00303
0.999937
0.995024
0.987449
0.978145
0.969539
0.96454
0.965105
0.97111
0.980266
0.989221
0.994958
0.995825
0.991917
0.984838
0.976987
0.970809
0.968444
0.971344
0.979653
0.991838
1.0054
1.01808
1.02864
1.03697
1.04362
1.04929
1.05446
1.05931
1.06381
1.06774
1.07073
1.07237
1.07232
1.07049
1.06707
1.06236
1.05646
1.04915
1.04001
1.02886
1.0163
1.00385
0.993461
0.986814
0.98469
0.986875
0.992434
1.00006
1.00845
1.01663
1.02405
1.03037
1.03547
1.03939
1.04236
1.04478
1.04724
1.05029
1.05442
1.05988
1.06671
1.07457
1.0827
1.09007
1.0956
1.0985
1.09824
1.09442
1.08673
1.07507
1.05992
1.04267
1.02544
1.01033
0.998369
0.989145
0.981426
0.974231
0.967371
0.961361
0.9569
0.954445
0.954184
0.956195
0.960595
0.967381
0.97619
0.98621
0.99643
1.00604
1.01467
1.02234
1.02943
1.03647
1.04406
1.05254
1.06187
1.07139
1.07985
1.08557
1.08681
1.08233
1.07214
1.05839
1.04546
1.0379
1.0372
1.04122
1.04703
1.05355
1.06116
1.06996
1.07887
1.08625
1.09101
1.09331
1.0942
1.09497
1.09638
1.09823
1.09932
1.09793
1.09247
1.08197
1.06639
1.04664
1.02441
1.00199
0.981921
0.966636
0.957932
0.956501
0.961783
0.972302
0.986214
1.00186
1.01793
1.03339
1.04731
1.05883
1.06724
1.07216
1.07365
1.07226
1.06892
1.0646
1.06004
1.05563
1.05142
1.04734
1.04337
1.03972
1.03678
1.03503
1.0348
1.03611
1.03852
1.04122
1.04323
1.04371
1.04221
1.03872
1.03347
1.02674
1.01863
1.00898
0.997495
0.983979
0.968608
0.952234
0.936538
0.923668
0.915331
0.911944
0.912326
0.914184
0.915127
0.913996
0.911832
0.911234
0.914189
0.920272
0.926952
0.93112
0.930172
0.92273
0.909379
0.893182
0.879578
0.874965
0.883836
0.90605
0.936762
0.969327
0.998299
1.02061
1.03529
1.04282
1.04465
1.04281
1.0397
1.03765
1.03852
1.04331
1.05184
1.06284
1.07432
1.08412
1.0904
1.09203
1.08871
1.08088
1.06959
1.05621
1.04236
1.02978
1.01991
1.01346
1.01032
1.01001
1.01227
1.01709
1.02439
1.03356
1.0433
1.05188
1.05773
1.0599
1.05837
1.05417
1.04917
1.04558
1.04514
1.04848
1.05496
1.06317
1.07158
1.07885
1.0839
1.08603
1.08509
1.08154
1.07609
1.06924
1.06101
1.05137
1.04063
1.0296
1.01946
1.01143
1.00648
1.005
1.00659
1.0102
1.01439
1.01774
1.01904
1.01755
1.01318
1.00648
0.998546
0.990614
0.983928
0.979533
0.977955
0.978879
0.981245
0.983927
0.986345
0.988813
0.992382
0.998001
1.00525
1.01183
1.01475
1.01243
1.00624
1.00047
1.00022
1.00783
1.02098
1.03457
1.0441
1.04722
1.04381
1.03553
1.02528
1.0163
1.01116
1.01095
1.01523
1.02247
1.03081
1.03848
1.04412
1.04693
1.04654
1.0429
1.03626
1.02722
1.01699
1.00738
1.00053
0.998426
1.00238
1.01267
1.02837
1.04759
1.06782
1.08654
1.10169
1.11197
1.11688
1.11672
1.11252
1.10579
1.09828
1.09155
1.08657
1.0836
1.0822
1.08161
1.08096
1.0796
1.07739
1.07477
1.07237
1.07056
1.0692
1.06783
1.06604
1.0635
1.05971
1.05398
1.04576
1.03529
1.02396
1.01416
1.00864
1.00957
1.01781
1.03246
1.05094
1.06976
1.08559
1.09625
1.10092
1.09985
1.09395
1.08441
1.07263
1.06028
1.04955
1.04288
1.04217
1.04777
1.05813
1.07058
1.08252
1.09232
1.09959
1.10492
1.10939
1.11382
1.11836
1.12238
1.12499
1.12545
1.12344
1.11908
1.11276
1.10498
1.0963
1.08692
1.07652
1.06438
1.04998
1.03364
1.01645
0.999789
0.984836
0.972576
0.963962
0.960008
0.961519
0.968618
0.980505
0.995479
1.01139
1.02624
1.03862
1.04781
1.05369
1.05648
1.05662
1.0546
1.05101
1.0464
1.04138
1.0364
1.03174
1.02757
1.02411
1.02181
1.02128
1.02272
1.02515
1.02659
1.02504
1.01955
1.01073
1.00064
0.992204
0.988371
0.991069
1.00045
1.01479
1.03104
1.04585
1.05631
1.06064
1.05842
1.05089
1.04092
1.03212
1.02695
1.02536
1.02577
1.02742
1.0314
1.03961
1.05285
1.06984
1.08782
1.10378
1.11521
1.12047
1.11879
1.11035
1.09645
1.07947
1.06261
1.04904
1.04111
1.03966
1.04365
1.05068
1.05795
1.06334
1.06587
1.06552
1.06277
1.0582
1.05216
1.0448
1.03623
1.02687
1.01801
1.01217
1.01239
1.02037
1.0348
1.05203
1.06817
1.08048
1.08737
1.08795
1.08182
1.06929
1.05174
1.03204
1.01439
1.00314
1.00089
1.00703
1.01808
1.02968
1.03835
1.04253
1.04267
1.0408
1.03937
1.04004
1.04302
1.04732
1.05141
1.05378
1.05337
1.04985
1.04358
1.03558
1.02727
1.02023
1.01594
1.01547
1.01908
1.02597
1.03453
1.04324
1.05127
1.05869
1.06586
1.07287
1.07932
1.08462
1.08833
1.09024
1.09025
1.0882
1.08398
1.07772
1.07
1.06179
1.0544
1.04923
1.0474
1.04943
1.05504
1.06326
1.07273
1.08214
1.09051
1.0972
1.10165
1.10312
1.1009
1.09482
1.08581
1.0761
1.06849
1.06478
1.06492
1.06747
1.07086
1.07407
1.07665
1.07842
1.0792
1.07881
1.07701
1.07366
1.06891
1.06332
1.05782
1.0535
1.05121
1.05104
1.05223
1.05341
1.05318
1.05065
1.04548
1.03792
1.02854
1.01823
1.00805
0.998978
0.991638
0.986077
0.981773
0.977995
0.974301
0.970924
0.968736
0.968789
0.971609
0.976664
0.982471
0.987179
0.989307
0.988083
0.983669
0.977079
0.969817
0.963135
0.957296
0.951541
0.945156
0.938594
0.933734
0.932946
0.937646
0.947813
0.962642
0.981084
1.00155
1.02174
1.03941
1.0535
1.06438
1.0734
1.0821
1.09158
1.10198
1.11236
1.12122
1.12709
1.12905
1.12684
1.12076
1.1115
1.09998
1.08735
1.07492
1.06389
1.05504
1.04861
1.04448
1.04249
1.04242
1.0435
1.04426
1.04282
1.03788
1.02939
1.01883
1.00868
1.00141
0.998486
1
1.00488
1.01135
1.01752
1.02178
1.02311
1.02103
1.01535
1.0059
0.992468
0.975298
0.955849
0.937388
0.924679
0.922336
0.93253
0.953612
0.98091
1.00897
1.03371
1.05331
1.06793
1.07873
1.08685
1.09284
1.09666
1.09816
1.09743
1.09495
1.09152
1.08786
1.08457
1.08208
1.08073
1.08062
1.08144
1.08255
1.08338
1.08375
1.08393
1.08449
1.08577
1.0875
1.08855
1.08726
1.08208
1.07224
1.05798
1.04048
1.02161
1.00367
0.989042
0.979955
0.978029
0.983821
0.996553
1.01421
1.03411
1.05362
1.07071
1.08406
1.09308
1.09776
1.09836
1.09506
1.0878
1.07656
1.06177
1.04462
1.02691
1.01063
0.997684
0.989743
0.987752
0.991453
0.999399
1.00957
1.02019
1.03024
1.0395
1.0484
1.05749
1.06695
1.07624
1.08436
1.09025
1.0932
1.09294
1.08961
1.08357
1.07539
1.06585
1.05593
1.04678
1.03947
1.03464
1.03243
1.0325
1.03421
1.03664
1.03895
1.04071
1.04212
1.0437
1.04591
1.04884
1.05214
1.05532
1.05789
1.05959
1.06034
1.06009
1.0588
1.05641
1.05306
1.04908
1.04503
1.04153
1.03908
1.03765
1.03634
1.03331
1.0263
1.01371
0.995983
0.976716
0.961163
0.952503
0.949642
0.949523
0.950454
0.952889
0.958375
0.968275
0.982571
0.999204
1.01465
1.02566
1.03069
1.0302
1.02602
1.02033
1.01487
1.01049
1.00718
1.00454
1.00234
1.00087
1.00104
1.00404
1.01048
1.01971
1.02975
1.03827
1.04355
1.04524
1.04416
1.04176
1.03919
1.037
1.03519
1.03378
1.03315
1.03402
1.03703
1.04221
1.04888
1.05594
1.06244
1.06794
1.07258
1.0768
1.08096
1.08515
1.089
1.09182
1.09284
1.09158
1.08815
1.08342
1.07887
1.07623
1.07682
1.08089
1.08756
1.0953
1.10267
1.10878
1.11334
1.11646
1.11818
1.11796
1.11454
1.10631
1.09217
1.0723
1.04886
1.02575
1.00749
0.997254
0.995546
1.00033
1.00827
1.01605
1.02113
1.02211
1.01866
1.01143
1.00176
0.991427
0.982465
0.976883
0.976373
0.98172
0.992365
1.00652
1.02179
1.03605
1.04804
1.05773
1.0662
1.07496
1.08488
1.09556
1.10524
1.11154
1.11229
1.1062
1.09308
1.07386
1.05037
1.02518
1.00112
0.980756
0.965789
0.95668
0.952799
0.953181
0.957228
0.964922
0.976285
0.990704
1.00687
1.02326
1.03876
1.05303
1.06634
1.07921
1.09205
1.10479
1.11687
1.12741
1.13539
1.14003
1.14084
1.13787
1.13171
1.12331
1.11376
1.1039
1.09411
1.08421
1.07367
1.06205
1.04955
1.03748
1.02812
1.02385
1.02589
1.03363
1.04516
1.05837
1.07166
1.08393
1.0944
1.10232
1.10701
1.10809
1.10575
1.1007
1.09398
1.0868
1.08028
1.07523
1.072
1.07029
1.06911
1.06691
1.06205
1.0532
1.0399
1.02292
1.00434
0.987131
0.974105
0.966937
0.965715
0.969273
0.975904
0.984017
0.992441
1.00045
1.00775
1.01432
1.02021
1.02543
1.02984
1.03318
1.03534
1.03661
1.03795
1.04065
1.0457
1.05302
1.06144
1.0693
1.07535
1.07904
1.08055
1.08051
1.07977
1.07915
1.07926
1.08018
1.08146
1.08227
1.08187
1.08006
1.07741
1.07488
1.07337
1.07321
1.07415
1.07591
1.07852
1.08217
1.08653
1.09034
1.09184
1.08991
1.0847
1.0774
1.06956
1.0624
1.05662
1.0524
1.04939
1.04672
1.04304
1.03677
1.02651
1.01147
0.991868
0.968932
0.944826
0.922324
0.904272
0.89289
0.889158
0.892652
0.901965
0.915382
0.931342
0.948578
0.966106
0.983164
0.999198
1.01379
1.02644
1.03653
1.04333
1.0463
1.04532
1.04102
1.03488
1.02914
1.02632
1.02825
1.0353
1.04602
1.05754
1.06641
1.06947
1.06466
1.05155
1.03139
1.00691
0.981781
0.959843
0.944289
0.936965
0.938147
0.946689
0.960453
0.976878
0.9935
1.0084
1.02037
1.02893
1.03408
1.03613
1.03558
1.03304
1.02928
1.02532
1.02237
1.02153
1.02347
1.0282
1.03514
1.04341
1.05206
1.06024
1.06716
1.0722
1.07486
1.07511
1.07336
1.07034
1.06673
1.06295
1.05916
1.05553
1.05245
1.05059
1.05052
1.05242
1.05588
1.06009
1.06425
1.06785
1.07072
1.07255
1.07267
1.07027
1.06495
1.05702
1.04716
1.03581
1.02291
1.00847
0.993338
0.979398
0.969037
0.963974
0.964582
0.970196
0.979857
0.992495
1.00655
1.01987
1.03012
1.03541
1.03475
1.02807
1.01633
1.00191
0.988876
0.981998
0.984337
0.995229
1.01103
1.02754
1.04151
1.05089
1.0546
1.05248
1.0454
1.03519
1.02439
1.01549
1.01018
1.00888
1.01091
1.01499
1.0198
1.02411
1.02712
1.02879
1.03032
1.03343
1.03895
1.04602
1.05327
1.0605
1.06869
1.07837
1.08839
1.09629
1.09981
1.09789
1.09073
1.07952
1.06641
1.05425
1.04624
1.04494
1.05125
1.06384
1.0798
1.09573
1.10885
1.1174
1.12056
1.11799
1.10951
1.09489
1.07409
1.04784
1.0184
0.989738
0.966322
0.951098
0.944423
0.944873
0.950622
0.960105
0.972061
0.985391
0.998994
1.01173
1.0224
1.02982
1.03305
1.03165
1.02587
1.01695
1.00709
0.999199
0.995882
0.998296
1.00568
1.01614
1.02793
1.04025
1.05298
1.06596
1.07872
1.09053
1.10053
1.10777
1.11129
1.11045
1.10519
1.09623
1.0848
1.07242
1.06071
1.05116
1.0452
1.04407
1.04857
1.05865
1.07319
1.09017
1.10708
1.12161
1.13207
1.1376
1.13812
1.13418
1.1267
1.11681
1.1056
1.09393
1.08229
1.07058
1.05811
1.04381
1.02695
1.00792
0.988633
0.971935
0.960035
0.953272
0.950067
0.948097
0.945556
0.941803
0.937484
0.93434
0.934809
0.941121
0.954207
0.973074
0.995047
1.01669
1.03489
1.04758
1.054
1.05473
1.05157
1.04716
1.04415
1.04399
1.04618
1.04916
1.05183
1.05411
1.05611
1.05731
1.05703
1.05539
1.05368
1.05374
1.05702
1.06396
1.07402
1.08592
1.09808
1.10909
1.11816
1.1254
1.13148
1.13699
1.14184
1.14514
1.14573
1.1428
1.1363
1.12706
1.11673
1.10756
1.10168
1.1
1.10156
1.10411
1.10531
1.10361
1.09834
1.08941
1.07715
1.06242
1.04678
1.03241
1.02154
1.01578
1.01554
1.01987
1.02684
1.03421
1.03993
1.04264
1.04175
1.03735
1.02999
1.02071
1.01114
1.00344
0.999644
1.00061
1.0054
1.01186
1.01791
1.02229
1.02455
1.02477
1.02332
1.02076
1.01771
1.0146
1.01157
1.00838
1.00462
0.999971
0.994688
0.989878
0.987301
0.988558
0.994032
1.00253
1.01191
1.02005
1.02568
1.02857
1.02941
1.02935
1.02954
1.03052
1.03195
1.03285
1.0321
1.02914
1.02445
1.01938
1.01557
1.01431
1.01603
1.02046
1.02706
1.03536
1.04493
1.05494
1.06397
1.07004
1.0713
1.06663
1.05623
1.04146
1.02457
1.00828
0.995286
0.987758
0.986661
0.991364
1.0001
1.01086
1.02201
1.03238
1.0411
1.04739
1.05049
1.04989
1.04569
1.03906
1.03216
1.0272
1.02519
1.02537
1.02578
1.02442
1.02002
1.01241
1.00242
0.991762
0.982577
0.977061
0.976924
0.982991
0.994914
1.01123
1.02968
1.04762
1.06241
1.07165
1.07341
1.06651
1.05089
1.02795
1.0008
0.973747
0.951001
0.935112
0.926433
0.923839
0.925946
0.931705
0.940314
0.950989
0.963082
0.976331
0.990854
1.00677
1.02372
1.04072
1.05644
1.06968
1.07969
1.08619
1.08914
1.08857
1.08449
1.07698
1.0664
1.05361
1.04002
1.02745
1.01759
1.01143
1.0089
1.00907
1.01094
1.01382
1.01742
1.02163
1.0264
1.03185
1.03813
1.04501
1.05189
1.05808
1.06325
1.06737
1.07062
1.07326
1.07549
1.07737
1.0788
1.07941
1.07857
1.07551
1.06941
1.05975
1.04667
1.03138
1.01623
1.00415
0.997619
0.997839
1.00456
1.01664
1.03245
1.04972
1.06564
1.07749
1.08354
1.08364
1.07893
1.0711
1.06168
1.05184
1.04281
1.03623
1.03362
1.0352
1.03926
1.04333
1.04578
1.0465
1.04639
1.04622
1.04613
1.04577
1.04492
1.04383
1.04325
1.04402
1.04666
1.05117
1.05685
1.06243
1.06615
1.06634
1.06228
1.05487
1.04662
1.04065
1.03934
1.04332
1.05147
1.06165
1.07155
1.07926
1.08357
1.08428
1.08226
1.07922
1.07681
1.0758
1.07607
1.07713
1.0784
1.07926
1.07889
1.07663
1.07231
1.06638
1.05958
1.05277
1.04691
1.04313
1.0428
1.04722
1.05697
1.07137
1.08843
1.10537
1.11947
1.12879
1.13251
1.13082
1.12476
1.11602
1.10704
1.10066
1.09934
1.10433
1.11499
1.12914
1.14382
1.15625
1.16441
1.16727
1.16467
1.15713
1.14573
1.13202
1.11792
1.10534
1.09559
1.08881
1.08403
1.0798
1.07493
1.06909
1.0625
1.05556
1.04841
1.04089
1.03284
1.02432
1.01576
1.00773
1.00064
0.994697
0.990036
0.986866
0.985458
0.986001
0.988488
0.992804
0.998744
1.00597
1.01384
1.02144
1.0278
1.03231
1.03501
1.03665
1.03829
1.04093
1.04504
1.05049
1.05666
1.06292
1.06891
1.07462
1.08023
1.08575
1.09098
1.09541
1.09843
1.09947
1.09831
1.09515
1.09048
1.08485
1.07864
1.07222
1.06616
1.06135
1.05872
1.05876
1.06102
1.06405
1.06572
1.06391
1.05734
1.04639
1.03326
1.02148
1.01445
1.01392
1.01916
1.02742
1.0354
1.0406
1.04223
1.04127
1.03999
1.0407
1.04455
1.05107
1.05861
1.06532
1.07005
1.07286
1.07494
1.07828
1.08472
1.0949
1.10771
1.12068
1.13108
1.13688
1.13706
1.13152
1.12085
1.10616
1.08907
1.07144
1.05491
1.04043
1.02813
1.01775
1.00926
1.00306
0.999714
0.999538
1.00241
1.0079
1.01531
1.02381
1.03256
1.0409
1.0484
1.05483
1.05999
1.06362
1.06542
1.06515
1.06286
1.059
1.05444
1.0502
1.04695
1.04466
1.04256
1.03948
1.03445
1.02723
1.01873
1.01108
1.0071
1.00912
1.0179
1.03228
1.04994
1.0683
1.08526
1.09953
1.11056
1.11815
1.12222
1.12255
1.11879
1.1105
1.09738
1.07957
1.05819
1.0356
1.0151
0.999643
0.990505
0.98696
0.987183
0.989456
0.99271
0.996562
1.00097
1.00582
1.01082
1.01579
1.02102
1.0273
1.03514
1.04411
1.05285
1.05982
1.0641
1.0657
1.06551
1.06463
1.06375
1.06281
1.06126
1.0586
1.05488
1.05087
1.04787
1.04735
1.05039
1.05731
1.06733
1.07859
1.08861
1.09489
1.09574
1.09097
1.08207
1.07186
1.06349
1.05928
1.06003
1.06514
1.07329
1.08325
1.0942
1.10564
1.11721
1.12844
1.13858
1.14633
1.14991
1.14744
1.13766
1.12075
1.09873
1.07542
1.05538
1.04227
1.03745
1.0399
1.04719
1.0566
1.06591
1.07379
1.07993
1.08476
1.08897
1.093
1.09672
1.09951
1.10051
1.09889
1.094
1.08546
1.07318
1.05758
1.03965
1.02108
1.00399
0.990239
0.980732
0.975331
0.973518
0.975075
0.980164
0.988899
1.00078
1.01444
1.02804
1.0399
1.04916
1.05587
1.06085
1.06513
1.06948
1.07404
1.07832
1.08127
1.08164
1.07839
1.07118
1.06067
1.04857
1.03719
1.02898
1.02588
1.02882
1.03749
1.0504
1.06531
1.07974
1.09142
1.09874
1.10111
1.09885
1.09295
1.08467
1.07509
1.06481
1.05379
1.04157
1.02759
1.01153
0.993636
0.97485
0.956791
0.941445
0.930457
0.924535
0.92336
0.926088
0.931933
0.940398
0.950995
0.962958
0.975173
0.986359
0.995398
1.00165
1.00506
1.00629
1.00652
1.00719
1.00947
1.01364
1.01892
1.02381
1.02705
1.02824
1.02798
1.02757
1.02844
1.03163
1.0374
1.04501
1.05291
1.05916
1.06212
1.061
1.05596
1.04802
1.03865
1.02942
1.02159
1.01588
1.01266
1.01209
1.01433
1.01949
1.02716
1.03609
1.04441
1.05028
1.05265
1.05154
1.04772
1.04204
1.03483
1.02593
1.01526
1.00328
0.991177
0.980625
0.973533
0.97176
0.976692
0.98859
1.00603
1.02591
1.04455
1.05893
1.06763
1.07073
1.06944
1.06539
1.06025
1.0554
1.05171
1.0494
1.04814
1.04751
1.04746
1.04875
1.0527
1.06033
1.0713
1.0836
1.09429
1.10083
1.10207
1.09828
1.0908
1.08141
1.07193
1.06378
1.05774
1.05397
1.05216
1.05188
1.05291
1.05524
1.05884
1.0635
1.06889
1.07483
1.08141
1.08868
1.09608
1.10209
1.10458
1.1017
1.09276
1.07856
1.06117
1.04327
1.02741
1.01537
1.00779
1.00431
1.00388
1.00513
1.0067
1.00751
1.00681
1.00441
1.00066
0.996387
0.992546
0.98985
0.988495
0.988165
0.988293
0.988393
0.988316
0.988453
0.989683
0.993114
0.999682
1.00978
1.02295
1.03806
1.05368
1.06848
1.08155
1.0924
1.10092
1.10726
1.11153
1.11346
1.11225
1.10693
1.09714
1.08373
1.06883
1.05487
1.04333
1.03419
1.02661
1.02002
1.01455
1.01079
1.00938
1.01071
1.01507
1.02265
1.03331
1.04623
1.05986
1.07211
1.08097
1.08511
1.08412
1.07858
1.0698
1.05939
1.04895
1.04007
1.03435
1.03273
1.03435
1.03638
1.03542
1.02911
1.01709
1.00123
0.9852
0.973364
0.968957
0.972563
0.981867
0.993181
1.00372
1.01272
1.02104
1.02987
1.03965
1.0496
1.05791
1.0625
1.06185
1.05555
1.04439
1.03003
1.01438
0.999221
0.985959
0.9757
0.969303
0.967429
0.970495
0.978493
0.990733
1.00586
1.022
1.03714
1.04944
1.05743
1.06031
1.05811
1.05173
1.04279
1.03338
1.02577
1.02172
1.02176
1.02498
1.0295
1.03334
1.03508
1.03408
1.03039
1.02458
1.01762
1.0107
1.00507
1.00162
1.00052
1.00105
1.00188
1.00171
0.999701
0.995914
0.991195
0.986793
0.983697
0.982178
0.981826
0.982076
0.982753
0.984141
0.986757
0.990841
0.99601
1.00121
1.00518
1.00711
1.00714
1.0062
1.00541
1.00542
1.00603
1.00646
1.00596
1.00443
1.00262
1.00169
1.00257
1.00551
1.01023
1.01617
1.02268
1.02901
1.03443
1.03853
1.04139
1.04361
1.04613
1.04997
1.05583
1.06396
1.07404
1.08523
1.09641
1.10658
1.11517
1.12196
1.12683
1.12959
1.13029
1.12951
1.12834
1.12792
1.12896
1.13132
1.134
1.13531
1.13334
1.1264
1.11322
1.0929
1.0649
1.02983
0.991681
0.95983
0.945182
0.95067
0.969268
0.992023
1.01336
1.0305
1.04214
1.04804
1.04912
1.04725
1.04478
1.04392
1.04615
1.05193
1.0607
1.07133
1.0826
1.09358
1.10381
1.1131
1.12122
1.12757
1.13117
1.13099
1.12635
1.11728
1.10461
1.08975
1.07444
1.06027
1.04829
1.03884
1.0316
1.02577
1.02043
1.01486
1.00885
1.00268
0.997143
0.993264
0.992052
0.994116
0.99948
1.00762
1.01777
1.02928
1.04176
1.05484
1.06775
1.07923
1.08802
1.09355
1.09621
1.09691
1.09639
1.09468
1.09109
1.08472
1.07522
1.06332
1.05081
1.04001
1.03287
1.03031
1.03222
1.03779
1.04601
1.05595
1.06698
1.0787
1.09087
1.10317
1.115
1.12536
1.13294
1.13648
1.1353
1.12964
1.12052
1.10901
1.09577
1.08119
1.06605
1.05193
1.04092
1.03477
1.03425
1.03899
1.04798
1.05998
1.07372
1.08788
1.10118
1.11247
1.12068
1.12493
1.12469
1.12026
1.11311
1.10566
1.10019
1.09722
1.09542
1.09336
1.09136
1.09125
1.09439
1.10049
1.10809
1.11562
1.12195
1.12652
1.12941
1.13107
1.13179
1.13134
1.1287
1.12239
1.11119
1.09523
1.07681
1.06028
1.05078
1.05162
1.06223
1.07883
1.09679
1.1125
1.12397
1.13039
1.13183
1.12893
1.12286
1.11504
1.10697
1.09992
1.09487
1.09251
1.09324
1.09691
1.10282
1.10981
1.11667
1.12244
1.12654
1.12864
1.1285
1.12589
1.1208
1.11355
1.10489
1.09564
1.0864
1.07734
1.06846
1.06011
1.05337
1.05013
1.05231
1.06062
1.07384
1.08918
1.10364
1.11508
1.12274
1.12691
1.1284
1.12802
1.12626
1.12321
1.11859
1.11193
1.10275
1.09068
1.07539
1.05677
1.0354
1.01328
0.994105
0.982699
0.983231
0.997049
1.0217
1.05216
1.08316
1.11074
1.13248
1.14721
1.15458
1.15484
1.14878
1.13773
1.1234
1.10757
1.09177
1.07704
1.06398
1.05289
1.04401
1.03748
1.03334
1.03147
1.03157
1.03323
1.03592
1.03907
1.04215
1.04481
1.04699
1.04883
1.05048
1.05182
1.05237
1.0514
1.0483
1.04292
1.0357
1.02744
1.01891
1.01054
1.00253
0.995098
0.988753
0.984167
0.981911
0.982218
0.984953
0.989786
0.9964
1.00462
1.01429
1.02508
1.03635
1.04748
1.05851
1.07042
1.08415
1.09909
1.11254
1.121
1.122
1.11538
1.10365
1.09112
1.08175
1.07686
1.07467
1.07221
1.06763
1.06131
1.05553
1.05281
1.05394
1.05719
1.05962
1.05893
1.05452
1.04726
1.03876
1.03101
1.02609
1.02587
1.0311
1.04045
1.05064
1.05802
1.06003
1.0558
1.04572
1.03091
1.01279
0.993019
0.973347
0.955418
0.940451
0.929067
0.921381
0.917261
0.916637
0.919664
0.926686
0.937904
0.952987
0.97078
0.98932
1.0061
1.01862
1.02501
1.02466
1.01862
1.00935
0.999796
0.992146
0.987277
0.985218
0.985958
0.989692
0.996233
1.0042
1.011
1.01379
1.01087
1.00244
0.99063
0.978983
0.97101
0.968249
0.969382
0.971601
0.972742
0.972228
0.970707
0.969362
0.969516
0.972514
0.979508
0.990943
1.00597
1.02254
1.03826
1.05152
1.06201
1.07031
1.07729
1.08354
1.08921
1.09413
1.09801
1.10058
1.10162
1.10105
1.09898
1.09572
1.09165
1.08712
1.08232
1.07724
1.07194
1.06666
1.06208
1.05911
1.05866
1.06107
1.0659
1.07192
1.07741
1.08051
1.07984
1.07492
1.06628
1.05536
1.04403
1.03418
1.02715
1.02312
1.0211
1.01947
1.01682
1.01246
1.00641
0.998996
0.990647
0.981664
0.972421
0.963543
0.955903
0.950364
0.947321
0.946467
0.946921
0.947554
0.947522
0.946701
0.945977
0.947168
0.952264
0.962274
0.976244
0.991409
1.00436
1.01245
1.01474
1.01225
1.0075
1.00353
1.00285
1.00679
1.01542
1.02798
1.0431
1.05904
1.07388
1.0859
1.09416
1.09886
1.10125
1.10298
1.10497
1.10685
1.10728
1.10481
1.09862
1.08878
1.07595
1.06107
1.04511
1.02897
1.01338
0.99887
0.985767
0.974215
0.964352
0.956445
0.951084
0.949228
0.951901
0.959607
0.971792
0.986788
1.00236
1.0165
1.02792
1.03605
1.04086
1.04264
1.04172
1.03854
1.03356
1.0275
1.0213
1.01583
1.01162
1.00855
1.00599
1.00317
0.999742
0.996217
0.993962
0.994478
0.99848
1.00559
1.01501
1.02636
1.03979
1.05555
1.07337
1.09204
1.10946
1.12327
1.13155
1.13348
1.12953
1.12115
1.11025
1.09854
1.0873
1.07737
1.06934
1.06379
1.06111
1.06134
1.06386
1.06746
1.07052
1.07151
1.06938
1.0637
1.05487
1.04415
1.03354
1.02542
1.02187
1.02379
1.03065
1.04076
1.05194
1.06214
1.06982
1.07396
1.07412
1.07034
1.06308
1.05327
1.04217
1.03109
1.02098
1.01218
1.00452
0.997458
0.990525
0.983584
0.977012
0.971791
0.969446
0.971654
0.979445
0.992433
1.00863
1.02521
1.03964
1.05049
1.05755
1.06134
1.06261
1.06194
1.05975
1.05663
1.05339
1.05131
1.05186
1.05631
1.06516
1.07781
1.09262
1.10738
1.11995
1.12882
1.13329
1.13346
1.13018
1.12475
1.11856
1.11265
1.10769
1.10402
1.10171
1.10056
1.10007
1.09935
1.09732
1.09312
1.08644
1.07773
1.06813
1.05916
1.05234
1.0489
1.04945
1.05379
1.06088
1.06897
1.07596
1.07991
1.0795
1.07447
1.06583
1.05558
1.04599
1.03863
1.03424
1.03317
1.03585
1.04246
1.05233
1.06364
1.07367
1.07944
1.07856
1.06991
1.05396
1.03283
1.00987
0.989078
0.97423
0.967949
0.97098
0.982114
0.998893
1.01863
1.03915
1.05887
1.07656
1.09118
1.10198
1.10871
1.11165
1.1115
1.10919
1.10558
1.10127
1.09644
1.09092
1.08435
1.07641
1.06698
1.05635
1.0452
1.03447
1.02495
1.01707
1.0106
1.00493
0.999375
0.993506
0.987398
0.981649
0.977286
0.975373
0.976654
0.981196
0.988415
0.997393
1.0072
1.01697
1.02582
1.03276
1.03684
1.03737
1.03406
1.02728
1.01821
1.00894
1.00204
0.99983
1.00341
1.01219
1.02412
1.0365
1.04686
1.05358
1.05597
1.05419
1.04889
1.0409
1.03119
1.02107
1.01219
1.00616
1.00401
1.00595
1.01153
1.01993
1.02989
1.03973
1.0477
1.05246
1.0535
1.05096
1.04535
1.03732
1.02764
1.01732
1.00765
0.999992
0.995476
0.994774
0.997893
1.00405
1.01182
1.0195
1.02565
1.02946
1.03094
1.03061
1.02903
1.0265
1.02292
1.01805
1.01194
1.00518
0.998893
0.994467
0.99292
0.994534
0.998935
1.00548
1.01343
1.02186
1.02952
1.03509
1.03765
1.0372
1.03475
1.03192
1.03028
1.0306
1.03257
1.03507
1.03682
1.03692
1.03519
1.03211
1.02867
1.02587
1.0244
1.02447
1.0257
1.02738
1.0288
1.02967
1.03013
1.0306
1.03152
1.0332
1.03589
1.03974
1.04479
1.05098
1.05805
1.06561
1.07299
1.07938
1.08409
1.08675
1.08749
1.08676
1.08507
1.08268
1.07956
1.07543
1.07009
1.06378
1.0573
1.05212
1.05002
1.05258
1.06048
1.07307
1.08827
1.1034
1.11614
1.12499
1.12939
1.12943
1.12562
1.11856
1.10883
1.09687
1.08301
1.06764
1.05135
1.03507
1.02006
1.00761
0.998715
0.99385
0.993056
0.996322
1.00372
1.01505
1.02936
1.04482
1.05944
1.07192
1.08182
1.08882
1.09188
1.08942
1.08026
1.06445
1.04348
1.02002
0.997099
0.977396
0.962691
0.953827
0.950956
0.953799
0.961675
0.973412
0.987305
1.00138
1.01378
1.02306
1.02823
1.02886
1.02544
1.01991
1.01549
1.01509
1.01933
1.0263
1.03335
1.03881
1.04246
1.04493
1.0471
1.04968
1.05306
1.05728
1.06219
1.06744
1.0726
1.07717
1.08059
1.08244
1.08242
1.0804
1.07629
1.07004
1.06147
1.0503
1.03615
1.01885
0.998972
0.978033
0.95832
0.942276
0.93178
0.927745
0.930226
0.938752
0.952615
0.970794
0.991724
1.01326
1.03293
1.04852
1.05861
1.06293
1.06246
1.05916
1.05553
1.05396
1.05621
1.06289
1.07336
1.08608
1.09921
1.11102
1.12026
1.12615
1.1283
1.12666
1.12146
1.1133
1.10313
1.0921
1.08144
1.07226
1.06535
1.06111
1.05948
1.05995
1.0617
1.06383
1.0657
1.06708
1.06817
1.06941
1.07128
1.07422
1.07851
1.08427
1.0914
1.09959
1.10831
1.11673
1.12371
1.12798
1.12844
1.1246
1.1169
1.10666
1.09556
1.08501
1.07564
1.06725
1.05911
1.05045
1.04086
1.03035
1.01923
1.00798
0.997122
0.987377
0.979821
0.975798
0.976512
0.982457
0.993047
1.00674
1.02162
1.03601
1.04891
1.06
1.06916
1.07597
1.07964
1.07945
1.07546
1.0688
1.06144
1.05572
1.05368
1.05661
1.06462
1.07669
1.09085
1.10484
1.1167
1.12506
1.12912
1.12855
1.12348
1.11478
1.1041
1.09336
1.084
1.0764
1.07007
1.06433
1.05883
1.05351
1.0481
1.0418
1.0334
1.0218
1.00662
0.988401
0.968549
0.949109
0.932257
0.919766
0.912544
0.910534
0.912929
0.918521
0.926123
0.934836
0.944116
0.953674
0.963407
0.973414
0.983957
0.995176
1.0068
1.01793
1.02711
1.03278
1.03386
1.03024
1.02291
1.01363
1.00445
0.997066
0.992311
0.990141
0.989918
0.990837
0.992284
0.994081
0.996395
0.999565
1.00383
1.00917
1.0153
1.02174
1.02786
1.033
1.03669
1.03893
1.04029
1.0415
1.04278
1.04339
1.04207
1.03792
1.03105
1.02278
1.01522
1.01054
1.00989
1.01281
1.01745
1.02162
1.02378
1.02367
1.02246
1.02249
1.02624
1.03457
1.04574
1.05618
1.06226
1.06203
1.05603
1.04712
1.039
1.03409
1.03264
1.03388
1.03748
1.04397
1.05388
1.06686
1.08156
1.09618
1.10922
1.11971
1.12709
1.13091
1.13071
1.12607
1.11673
1.1027
1.08452
1.06327
1.04073
1.01926
1.00126
0.988524
0.981655
0.980189
0.983091
0.989212
0.997474
1.00686
1.01629
1.02464
1.03077
1.03361
1.03232
1.02663
1.01727
1.00625
0.996547
0.99073
0.989576
0.99182
0.995431
0.998967
1.00201
1.00483
1.00778
1.01075
1.01309
1.01402
1.01329
1.0116
1.01043
1.01147
1.01575
1.02292
1.03123
1.03798
1.04039
1.03663
1.02648
1.01169
0.995657
0.982374
0.974845
0.974075
0.979225
0.988759
1.00149
1.01695
1.03511
1.0558
1.0781
1.10028
1.12016
1.13573
1.14557
1.14899
1.14594
1.13698
1.12314
1.10591
1.087
1.06822
1.05116
1.037
1.02632
1.01909
1.0148
1.01263
1.01163
1.0109
1.00971
1.00753
1.00416
0.999742
0.994738
0.990005
0.986689
0.986007
0.988751
0.994751
1.00269
1.01058
1.01654
1.01951
1.01943
1.01697
1.01313
1.00891
1.00503
1.00185
0.999492
0.997934
0.99724
0.997559
0.999014
1.00154
1.00497
1.00932
1.01518
1.02353
1.03499
1.04904
1.06393
1.07742
1.08776
1.09423
1.09714
1.09745
1.09629
1.09455
1.09273
1.09079
1.08825
1.08458
1.07967
1.07399
1.06851
1.06432
1.06217
1.06234
1.06478
1.06922
1.07516
1.08171
1.08745
1.09083
1.09076
1.08724
1.08153
1.07581
1.07234
1.07262
1.07674
1.08326
1.08981
1.09383
1.09345
1.08788
1.0775
1.06369
1.04845
1.03386
1.02155
1.01227
1.00589
1.00167
0.998765
0.996651
0.995247
0.994886
0.996134
0.999384
1.00447
1.01052
1.01628
1.02082
1.02398
1.02651
1.02956
1.03421
1.04094
1.04951
1.05892
1.06772
1.07423
1.07693
1.07481
1.06791
1.05736
1.04514
1.03311
1.02243
1.01357
1.00658
1.00119
0.996771
0.992519
0.987842
0.982776
0.97796
0.974443
0.973179
0.974503
0.977984
0.982659
0.98772
0.993127
0.999619
1.00811
1.01896
1.03195
1.04643
1.06155
1.07623
1.08916
1.09895
1.10438
1.1044
1.09833
1.08614
1.06886
1.04899
1.03044
1.01738
1.01199
1.01308
1.0171
1.02077
1.02284
1.02438
1.02776
1.03525
1.0478
1.06468
1.08382
1.10265
1.11863
1.12964
1.13422
1.13164
1.12194
1.10603
1.08577
1.06414
1.04498
1.0322
1.02841
1.03372
1.0458
1.06121
1.07676
1.09021
1.10019
1.10603
1.1075
1.10485
1.09864
1.08961
1.07846
1.06563
1.05137
1.03617
1.02103
1.00752
0.997401
0.992001
0.991585
0.995252
1.00127
1.00769
1.01291
1.01588
1.01607
1.01333
1.0079
1.00061
0.992896
0.986654
0.983588
0.984523
0.988921
0.995095
1.00104
1.00537
1.00782
1.0091
1.01032
1.01237
1.01559
1.0196
1.02353
1.02634
1.02718
1.02582
1.02308
1.02074
1.02094
1.02518
1.03358
1.04487
1.05723
1.06911
1.07976
1.0892
1.09779
1.1057
1.11256
1.11748
1.1195
1.11815
1.11375
1.10733
1.10023
1.09367
1.08857
1.0854
1.08427
1.08478
1.08607
1.08699
1.08647
1.08406
1.08023
1.0763
1.07389
1.07421
1.0777
1.08417
1.09287
1.10245
1.11103
1.11659
1.11759
1.11352
1.1052
1.09464
1.08432
1.07639
1.07188
1.07057
1.07123
1.07229
1.07219
1.06988
1.06492
1.05754
1.04862
1.03933
1.03069
1.02322
1.01703
1.01199
1.00818
1.00607
1.0065
1.0103
1.01785
1.02877
1.04177
1.0551
1.06697
1.07608
1.08187
1.08456
1.08495
1.08413
1.08323
1.08314
1.08433
1.08675
1.08992
1.09318
1.0959
1.09767
1.09818
1.09725
1.09471
1.09059
1.08529
1.07964
1.07468
1.07147
1.07062
1.07204
1.07495
1.07826
1.08103
1.08276
1.08345
1.08356
1.08376
1.08443
1.08547
1.08636
1.08654
1.08579
1.08435
1.08279
1.08175
1.08171
1.08295
1.08546
1.08899
1.09297
1.09645
1.09822
1.09712
1.09254
1.08471
1.07469
1.06392
1.05373
1.04483
1.0373
1.03071
1.02454
1.0184
1.01198
1.00513
0.99789
0.990789
0.984924
0.981895
0.983169
0.989103
0.998374
1.00863
1.01774
1.02459
1.02893
1.03099
1.03097
1.02902
1.02522
1.01971
1.01265
1.00403
0.993591
0.980803
0.964991
0.94587
0.924365
0.903399
0.887633
0.881607
0.887277
0.9031
0.925139
0.94919
0.972356
0.993361
1.01194
1.02823
1.04225
1.05383
1.06264
1.06845
1.07129
1.07164
1.07031
1.0681
1.06553
1.06272
1.05958
1.05618
1.05288
1.05027
1.04894
1.04917
1.05076
1.05292
1.05449
1.05416
1.05073
1.04348
1.03251
1.01895
1.005
0.993136
0.985067
0.981019
0.980007
0.980714
0.982191
0.983942
0.985784
0.987719
0.989859
0.992192
0.994475
0.996354
0.997875
0.999682
1.00279
1.00804
1.0157
1.02527
1.03549
1.04467
1.0513
1.05443
1.05389
1.05008
1.04389
1.03647
1.02908
1.02291
1.01866
1.01647
1.01597
1.01684
1.01927
1.02382
1.03117
1.04147
1.05413
1.06783
1.08088
1.09159
1.09856
1.10086
1.09816
1.09091
1.08033
1.06818
1.05624
1.04593
1.03811
1.03322
1.03146
1.03292
1.03771
1.04589
1.05686
1.06879
1.07918
1.08602
1.08871
1.08782
1.08462
1.08045
1.07629
1.07251
1.06882
1.06452
1.05902
1.05222
1.04449
1.03634
1.02794
1.01907
1.00935
0.998746
0.9877
0.977083
0.967906
0.961162
0.957649
0.957795
0.961645
0.969025
0.979747
0.99365
1.01018
1.028
1.0449
1.05819
1.06558
1.0658
1.05869
1.04498
1.02614
1.00416
0.981528
0.961141
0.945923
0.938229
0.939145
0.948094
0.963085
0.981337
1.0001
1.01723
1.03138
1.04208
1.04949
1.05412
1.05658
1.05724
1.05615
1.05298
1.04728
1.03876
1.02769
1.01499
1.0021
0.990521
0.981409
0.975367
0.972462
0.972438
0.974861
0.979085
0.984246
0.98942
0.993976
0.997731
1.00094
1.00423
1.00854
1.01488
1.02367
1.03385
1.04294
1.04826
1.04826
1.04301
1.03385
1.0226
1.01089
0.99996
0.990897
0.985129
0.984487
0.990239
1.00179
1.01671
1.03232
1.04688
1.05976
1.07091
1.08047
1.08868
1.09571
1.10148
1.10557
1.10743
1.10671
1.10349
1.09822
1.09144
1.08337
1.07394
1.06288
1.05004
1.03561
1.02035
1.00559
0.992868
0.983187
0.976341
0.970906
0.965088
0.957749
0.948773
0.938944
0.929536
0.921837
0.91688
0.915456
0.91825
0.925791
0.938016
0.953869
0.971399
0.988431
1.0032
1.01464
1.02239
1.02667
1.02833
1.02876
1.02956
1.03194
1.03616
1.04118
1.04508
1.04584
1.04214
1.03381
1.02193
1.00863
0.9965
0.988141
0.985373
0.988841
0.997881
1.011
1.02654
1.04304
1.05937
1.07466
1.08833
1.10021
1.11042
1.11908
1.12605
1.13087
1.13292
1.13162
1.12668
1.11834
1.10741
1.09522
1.08328
1.07292
1.06494
1.05948
1.05621
1.05477
1.05497
1.05672
1.05968
1.06307
1.06588
1.06716
1.06633
1.06316
1.0577
1.05019
1.04107
1.03086
1.02015
1.0095
0.99967
0.992032
0.988313
0.989342
0.993926
0.99978
1.00578
1.01243
1.02014
1.02794
1.03404
1.03723
1.03741
1.03519
1.03127
1.02608
1.01995
1.01334
1.0068
1.00067
0.994957
0.989557
0.984774
0.981588
0.981459
0.985715
0.994907
1.00848
1.02482
1.0417
1.05702
1.06942
1.07855
1.08489
1.08932
1.09269
1.09563
1.09828
1.10023
1.10061
1.0984
1.09277
1.08346
1.07085
1.05588
1.04014
1.02559
1.01441
1.00835
1.00812
1.01291
1.0206
1.0285
1.03473
1.03931
1.04386
1.0494
1.05473
1.05739
1.05587
1.0505
1.0426
1.03331
1.02305
1.01185
1.00003
0.988881
0.980549
0.97712
0.979381
0.986515
0.996954
1.00943
1.02332
1.03839
1.05439
1.07071
1.08609
1.09874
1.10691
1.10949
1.10638
1.09837
1.08676
1.073
1.05836
1.04389
1.03039
1.01874
1.01028
1.00695
1.01031
1.02002
1.03333
1.04634
1.05575
1.0599
1.05878
1.05362
1.0462
1.03835
1.03144
1.02626
1.02298
1.02153
1.02193
1.02454
1.02989
1.03807
1.04817
1.05819
1.06558
1.06776
1.06263
1.04919
1.02877
1.00611
0.987884
0.977901
0.974493
0.973663
0.97319
0.973188
0.974702
0.978642
0.985487
0.995271
1.00762
1.02171
1.03632
1.05005
1.06167
1.07045
1.07631
1.07991
1.08244
1.0853
1.08963
1.09593
1.10384
1.11237
1.12012
1.12576
1.12846
1.12817
1.12561
1.12196
1.11828
1.11474
1.11054
1.10431
1.09494
1.08221
1.06711
1.05164
1.03828
1.02906
1.0247
1.02434
1.02602
1.02768
1.02789
1.02627
1.0233
1.02013
1.01838
1.01987
1.02622
1.0382
1.05527
1.07542
1.09575
1.11337
1.12633
1.13406
1.13741
1.1381
1.13774
1.13702
1.13547
1.13212
1.12632
1.11806
1.10765
1.09513
1.08046
1.06423
1.04827
1.03535
1.02812
1.02791
1.03429
1.04531
1.05833
1.07061
1.07988
1.08457
1.08402
1.07846
1.06898
1.05721
1.04492
1.03361
1.02418
1.01708
1.01254
1.01075
1.01189
1.01572
1.02137
1.02732
1.03197
1.03428
1.03432
1.03332
1.03345
1.03699
1.04517
1.05734
1.0711
1.08348
1.09204
1.0954
1.09332
1.08658
1.07688
1.06642
1.0573
1.05073
1.04666
1.04404
1.04124
1.03671
1.02942
1.01909
1.00626
0.992099
0.978208
0.966427
0.958516
0.955621
0.957753
0.963681
0.971382
0.978839
0.984671
0.988383
0.990321
0.991521
0.99355
0.998094
1.00634
1.01855
1.03385
1.05058
1.06669
1.08031
1.09008
1.09549
1.09698
1.09568
1.09321
1.09121
1.0909
1.09259
1.0955
1.09806
1.09855
1.0959
1.09012
1.08247
1.07508
1.07031
1.06988
1.07429
1.08273
1.09357
1.10508
1.11591
1.12526
1.13273
1.13811
1.14111
1.14142
1.13874
1.13309
1.12494
1.11525
1.10538
1.09673
1.09043
1.08702
1.08637
1.08771
1.08993
1.09199
1.09335
1.09407
1.0946
1.09537
1.09658
1.09826
1.10031
1.10259
1.10488
1.10687
1.10818
1.10846
1.10744
1.10517
1.10222
1.09952
1.09785
1.09726
1.097
1.09587
1.09285
1.08738
1.07938
1.06924
1.05784
1.0465
1.03685
1.03049
1.02835
1.03032
1.03539
1.04215
1.04921
1.05537
1.05967
1.06158
1.06107
1.05874
1.05542
1.05196
1.04912
1.04754
1.04771
1.04957
1.05224
1.05428
1.05426
1.05151
1.04622
1.03924
1.03171
1.02471
1.01914
1.01562
1.01459
1.01634
1.02101
1.02837
1.03788
1.04867
1.05969
1.06985
1.07806
1.08323
1.08433
1.08055
1.07167
1.05837
1.04247
1.02691
1.01517
1.01025
1.01365
1.02481
1.04162
1.06118
1.08072
1.09807
1.11159
1.12009
1.12258
1.11842
1.10764
1.09132
1.07178
1.05229
1.03632
1.02644
1.02357
1.02691
1.03449
1.04401
1.05356
1.06198
1.06895
1.07498
1.08121
1.08889
1.09893
1.11138
1.12535
1.13921
1.15106
1.15906
1.16175
1.15823
1.14827
1.13248
1.11237
1.09008
1.06778
1.04691
1.02806
1.01125
0.99656
0.984472
0.975788
0.971298
0.971386
0.975824
0.983774
0.993983
1.00508
1.01578
1.025
1.03197
1.0362
1.03749
1.0358
1.03133
1.02448
1.016
1.00702
0.998913
0.993057
0.990397
0.99116
0.99479
1.00018
1.00608
1.01138
1.01532
1.01756
1.0182
1.01776
1.0171
1.01747
1.0202
1.02626
1.03583
1.04804
1.06109
1.07274
1.08092
1.08424
1.08223
1.07522
1.06396
1.0494
1.03246
1.01418
0.995743
0.9784
0.963389
0.951951
0.945299
0.944263
0.948893
0.958209
0.970432
0.98348
0.995552
1.0055
1.01283
1.01732
1.01876
1.01706
1.01257
1.00626
0.999702
0.994936
0.994002
0.998367
1.00835
1.0231
1.04108
1.06069
1.0805
1.09912
1.11524
1.12784
1.13655
1.14174
1.14428
1.14486
1.1436
1.14015
1.13413
1.12541
1.11429
1.10139
1.08765
1.07455
1.06405
1.05826
1.05863
1.06521
1.07659
1.09063
1.10527
1.1188
1.12983
1.13714
1.13966
1.13655
1.12741
1.11237
1.0923
1.06867
1.04342
1.01831
0.994351
0.971855
0.951124
0.933255
0.920323
0.91441
0.916289
0.925082
0.939017
0.956356
0.975794
0.996417
1.0174
1.03776
1.05632
1.07186
1.08333
1.09008
1.09196
1.08949
1.08384
1.07669
1.06986
1.06469
1.06162
1.0602
1.05952
1.05874
1.05745
1.05575
1.05409
1.05314
1.05348
1.0555
1.059
1.06329
1.06736
1.07025
1.0714
1.07075
1.06855
1.06526
1.06151
1.05816
1.05637
1.05713
1.06068
1.06623
1.0723
1.07733
1.08014
1.08019
1.07777
1.07391
1.06987
1.0663
1.0627
1.05772
1.05004
1.03938
1.0268
1.01451
1.00532
1.00145
1.00351
1.01021
1.01908
1.02741
1.03296
1.03431
1.03125
1.02486
1.01729
1.01123
1.00893
1.01135
1.01796
1.02741
1.03834
1.04973
1.06076
1.0706
1.07849
1.08396
1.08702
1.08815
1.08798
1.08682
1.08434
1.07975
1.07245
1.06277
1.05229
1.04353
1.03902
1.04023
1.04685
1.05686
1.06723
1.07484
1.07729
1.07343
1.06357
1.04958
1.03453
1.02191
1.0145
1.0135
1.01852
1.0281
1.04034
1.05349
1.06608
1.07686
1.08455
1.08794
1.08634
1.07989
1.06949
1.05652
1.04258
1.02944
1.01891
1.01256
1.0114
1.01552
1.024
1.035
1.04634
1.05612
1.06319
1.06734
1.06908
1.06935
1.06912
1.06904
1.06923
1.06915
1.06769
1.0635
1.05562
1.04411
1.03049
1.01755
1.00841
1.00535
1.00883
1.01737
1.02835
1.03888
1.04651
1.04942
1.04653
1.03744
1.02271
1.00398
0.984114
0.966721
0.955193
0.951588
0.956034
0.96697
0.981978
0.998703
1.01541
1.031
1.0447
1.05583
1.06367
1.06763
1.06756
1.06397
1.05817
1.05199
1.04736
1.0457
1.0475
1.05215
1.05824
1.06408
1.06824
1.07019
1.07059
1.07117
1.07412
1.08113
1.09269
1.10814
1.12611
1.14506
1.16354
1.18029
1.1943
1.20473
1.211
1.21277
1.20985
1.2021
1.18952
1.17232
1.15123
1.12753
1.10297
1.07931
1.05792
1.03962
1.02466
1.01309
1.00509
1.00112
1.00184
1.00771
1.01857
1.03322
1.0497
1.06577
1.07955
1.09
1.09711
1.10174
1.10503
1.10775
1.1101
1.11195
1.11325
1.11419
1.11496
1.11557
1.11582
1.11524
1.11326
1.10924
1.10261
1.09317
1.08145
1.0689
1.05776
1.05035
1.04831
1.05184
1.05964
1.06952
1.07942
1.08807
1.09498
1.10013
1.10377
1.10629
1.10813
1.1096
1.11065
1.11085
1.1096
1.10642
1.10124
1.09468
1.08795
1.08256
1.07986
1.08053
1.08434
1.09007
1.09582
1.09958
1.09974
1.09553
1.08717
1.07587
1.06354
1.05232
1.04385
1.03878
1.03666
1.0362
1.03568
1.03352
1.0286
1.02058
1.00981
0.997272
0.984358
0.972613
0.963495
0.958126
0.9572
0.96099
0.969443
0.982276
0.998981
1.01866
1.03997
1.06124
1.08079
1.09728
1.11001
1.11882
1.12393
1.12578
1.12486
1.12164
1.11656
1.10995
1.10203
1.09303
1.08312
1.07262
1.06204
1.05221
1.04405
1.03809
1.03415
1.03138
1.02882
1.02586
1.02244
1.01875
1.0151
1.01188
1.00967
1.00924
1.01131
1.01634
1.02444
1.03541
1.04861
1.06277
1.07607
1.08652
1.09256
1.09346
1.08938
1.08123
1.07023
1.05765
1.0446
1.03203
1.02072
1.01133
1.00433
0.999979
0.998214
0.998662
1.00059
1.00288
1.00418
1.00342
1.00053
0.996797
0.994297
0.994384
0.996658
0.999459
1.00124
1.00131
0.999748
0.997054
0.993889
0.991053
0.989539
0.990405
0.994557
1.00245
1.0138
1.02746
1.04159
1.05409
1.06315
1.06784
1.06855
1.06693
1.06522
1.06517
1.06733
1.07099
1.0747
1.07711
1.07771
1.0769
1.0756
1.07478
1.07501
1.07633
1.07822
1.07982
1.0802
1.07863
1.07475
1.0685
1.06021
1.05051
1.04031
1.03068
1.02268
1.01718
1.01466
1.01524
1.0187
1.02449
1.03156
1.03842
1.04358
1.04611
1.04595
1.04368
1.04014
1.03605
1.03202
1.02894
1.0279
1.02959
1.03347
1.03791
1.04141
1.04386
1.04675
1.05203
1.06075
1.07219
1.08419
1.09408
1.09988
1.10139
1.10032
1.09906
1.09854
1.09724
1.09281
1.08422
1.07276
1.06128
1.05265
1.0484
1.0483
1.05079
1.05381
1.05556
1.05494
1.05181
1.04703
1.04224
1.03919
1.03901
1.04179
1.04678
1.0529
1.05915
1.06475
1.06897
1.07114
1.07095
1.06888
1.06646
1.06583
1.06843
1.07399
1.08064
1.08604
1.08844
1.08733
1.08369
1.07974
1.07816
1.08073
1.08764
1.09777
1.10939
1.1205
1.12912
1.13413
1.13622
1.13741
1.13865
1.13823
1.13293
1.12017
1.09905
1.07032
1.03648
1.00169
0.970975
0.948292
0.934789
0.928662
0.926703
0.926157
0.925657
0.925392
0.926844
0.932088
0.942732
0.959122
0.980221
1.00403
1.02826
1.05086
1.07018
1.085
1.09456
1.09847
1.09678
1.08999
1.07912
1.06584
1.0526
1.0423
1.03717
1.03736
1.04049
1.04271
1.04055
1.03212
1.01755
0.998848
0.979565
0.964032
0.956031
0.95732
0.967027
0.982403
1.00009
1.0172
1.03182
1.04307
1.05096
1.05608
1.05925
1.06144
1.06365
1.06666
1.07061
1.07477
1.07788
1.07872
1.07663
1.07158
1.064
1.05447
1.04344
1.03129
1.01838
1.00523
0.992528
0.980955
0.971017
0.962854
0.95616
0.950251
0.944278
0.937526
0.929831
0.921894
0.915318
0.912311
0.915115
0.925325
0.943363
0.968089
0.997008
1.02687
1.05456
1.07765
1.0946
1.1046
1.10736
1.10295
1.09163
1.07383
1.05008
1.02112
0.988252
0.953881
0.922211
0.8989
0.888832
0.89343
0.910279
0.935271
0.964583
0.995144
1.02442
1.05014
1.07019
1.08285
1.087
1.08243
1.06993
1.05134
1.02928
1.00659
0.985826
0.968851
0.956896
0.95077
0.95096
0.957454
0.969656
0.986499
1.00682
1.02962
1.054
1.07886
1.10272
1.12377
1.14028
1.15077
1.15422
1.15024
1.13917
1.12227
1.10167
1.08008
1.06002
1.04302
1.02934
1.0183
1.00908
1.00131
0.995124
0.990815
0.988517
0.9881
0.989305
0.992039
0.996451
1.00289
1.01169
1.02283
1.03564
1.04889
1.0612
1.07157
1.07966
1.08558
1.08965
1.09215
1.09337
1.09371
1.09345
1.0926
1.09079
1.08758
1.0828
1.07668
1.06993
1.06344
1.05801
1.05404
1.05147
1.04989
1.04875
1.04758
1.04616
1.04469
1.04376
1.04416
1.04655
1.05107
1.05725
1.06412
1.0706
1.0758
1.07921
1.0808
1.08097
1.08036
1.07979
1.07995
1.08125
1.0836
1.0866
1.08985
1.0933
1.09718
1.10199
1.10813
1.11569
1.12421
1.13271
1.13986
1.14422
1.1446
1.14031
1.13126
1.11797
1.10137
1.08259
1.06278
1.04307
1.02461
1.00861
0.996084
0.987438
0.982151
0.978974
0.976481
0.97365
0.970166
0.966434
0.963517
0.963161
0.967497
0.978029
0.994339
1.01396
1.03362
1.05085
1.06464
1.07538
1.08409
1.09181
1.09924
1.1066
1.11354
1.11923
1.12257
1.1225
1.11846
1.11053
1.0995
1.08652
1.07269
1.05873
1.04493
1.03141
1.01837
1.00626
0.995719
0.987381
0.981663
0.978558
0.977615
0.978138
0.979573
0.981819
0.98536
0.99093
0.998851
1.00843
1.01785
1.02475
1.02696
1.02321
1.01347
0.999318
0.983916
0.971264
0.96467
0.965248
0.971878
0.982634
0.996049
1.01127
1.0274
1.04291
1.056
1.06508
1.06917
1.06789
1.06125
1.04964
1.03393
1.01566
0.997195
0.981715
0.972667
0.972151
0.979373
0.991178
1.00408
1.01574
1.02509
1.03192
1.03648
1.03953
1.04239
1.04677
1.05416
1.06468
1.07666
1.08723
1.09373
1.09491
1.0915
1.08634
1.08351
1.08598
1.09312
1.10095
1.10502
1.10295
1.09486
1.08239
1.06763
1.05226
1.03731
1.02328
1.01054
0.999663
0.991432
0.986544
0.985296
0.987514
0.992666
0.999992
1.00851
1.01707
1.02439
1.02929
1.03092
1.02891
1.02342
1.0152
1.00547
0.995996
0.988831
0.985983
0.988717
0.996994
1.00956
1.02455
1.0403
1.05578
1.07057
1.08457
1.09745
1.10839
1.11618
1.11943
1.11702
1.10834
1.09331
1.07232
1.04643
1.01781
0.989788
0.966187
0.949849
0.941514
0.939977
0.943341
0.950091
0.959216
0.969794
0.980653
0.990323
0.997365
1.00096
1.00133
0.999987
0.999344
1.00153
1.00702
1.01425
1.02067
1.02444
1.02522
1.02389
1.02156
1.01868
1.01469
1.00855
0.999366
0.986867
0.971781
0.956229
0.943782
0.938496
0.942817
0.955757
0.973137
0.989853
1.00216
1.00861
1.00975
1.00725
1.00311
0.999167
0.996783
0.99668
0.998908
1.00284
1.0071
1.00977
1.00911
1.00437
0.996206
0.986327
0.976734
0.969148
0.964734
0.964046
0.966886
0.972361
0.979014
0.985174
0.989314
0.990621
0.989526
0.987953
0.988851
0.995009
1.00769
1.02589
1.04671
1.06664
1.0828
1.09359
1.09882
1.09932
1.09657
1.09234
1.08834
1.08579
1.08519
1.08636
1.08883
1.09217
1.0958
1.09888
1.10045
1.09978
1.09659
1.09092
1.08297
1.07288
1.06077
1.04692
1.03196
1.0169
1.00282
0.990463
0.980187
0.972389
0.967916
0.967956
0.973395
0.984129
0.998932
1.01592
1.03314
1.04895
1.06204
1.07159
1.07738
1.0798
1.07966
1.07784
1.07495
1.07127
1.06705
1.06261
1.05848
1.05525
1.05335
1.053
1.05423
1.05694
1.06088
1.06581
1.07156
1.07807
1.08531
1.09311
1.10104
1.10841
1.11438
1.11819
1.11939
1.11801
1.11465
1.11036
1.1065
1.10442
1.10492
1.10796
1.11252
1.11691
1.11925
1.11789
1.11176
1.10064
1.08522
1.0672
1.04893
1.03262
1.01954
1.00975
1.00255
0.997373
0.994305
0.99404
0.997347
1.00438
1.01437
1.02575
1.0368
1.04622
1.05329
1.05796
1.06074
1.06248
1.06414
1.06648
1.06976
1.07375
1.07779
1.08106
1.08275
1.08216
1.07869
1.07184
1.06142
1.04788
1.03245
1.01704
1.00368
0.993977
0.988657
0.987517
0.98963
0.993861
0.99923
1.00504
1.01074
1.01584
1.01982
1.02232
1.02329
1.02327
1.02312
1.02362
1.02507
1.02729
1.0298
1.03216
1.03408
1.03546
1.03634
1.03679
1.0369
1.03669
1.03633
1.03625
1.03705
1.03924
1.04292
1.04774
1.05303
1.05803
1.06198
1.06408
1.06361
1.06
1.05291
1.04245
1.02927
1.01461
1.0002
0.987845
0.978941
0.974087
0.973028
0.97494
0.978906
0.98416
0.9902
0.996717
1.00355
1.01067
1.01812
1.02588
1.03366
1.04084
1.04661
1.05022
1.05115
1.04913
1.04403
1.03588
1.02504
1.01237
0.999281
0.987459
0.978104
0.971096
0.964848
0.957218
0.946862
0.934195
0.921273
0.911054
0.906194
0.908135
0.916713
0.930466
0.947296
0.965113
0.982225
0.997429
1.00982
1.01856
1.02292
1.02246
1.01737
1.00855
0.997392
0.985472
0.974285
0.964986
0.958108
0.953519
0.950937
0.950604
0.953423
0.960364
0.97175
0.986971
1.00463
1.02303
1.04049
1.05566
1.06757
1.07566
1.07987
1.0808
1.07994
1.07991
1.08392
1.09395
1.10893
1.12522
1.13884
1.14754
1.15114
1.15076
1.14792
1.14389
1.13932
1.13437
1.12892
1.12276
1.11574
1.10769
1.0985
1.0882
1.07724
1.06669
1.05808
1.0528
1.05148
1.05368
1.05782
1.06168
1.06326
1.06163
1.05691
1.0497
1.04064
1.03015
1.01851
1.0059
0.992444
0.978422
0.964492
0.951886
0.942342
0.937634
0.939175
0.94772
0.96313
0.984066
1.00805
1.03235
1.05496
1.07517
1.09315
1.10902
1.12195
1.13038
1.13272
1.12827
1.11775
1.10333
1.08817
1.07552
1.06809
1.06696
1.07056
1.07507
1.07658
1.0732
1.06534
1.05496
1.04449
1.03607
1.03103
1.02958
1.03092
1.03348
1.03552
1.0356
1.03302
1.02764
1.01973
1.00961
0.997525
0.983873
0.969428
0.955502
0.943828
0.936185
0.934015
0.938051
0.948082
0.962889
0.980415
0.998218
1.01385
1.0252
1.03069
1.02949
1.02168
1.00836
0.99175
0.974984
0.961564
0.954367
0.954679
0.961698
0.972909
0.985079
0.995401
1.00223
1.00532
1.00554
1.00428
1.00284
1.00204
1.00217
1.00316
1.00478
1.00678
1.00909
1.01179
1.01518
1.01969
1.02564
1.03289
1.04063
1.0474
1.05152
1.05167
1.04742
1.03928
1.0286
1.01715
1.00685
0.999457
0.99631
0.998178
1.00512
1.01642
1.03081
1.04675
1.06286
1.078
1.09117
1.10127
1.10716
1.10794
1.10351
1.09478
1.0836
1.07183
1.06049
1.04964
1.03937
1.03051
1.02446
1.02222
1.02367
1.02759
1.03233
1.03658
1.03971
1.04167
1.04268
1.04287
1.04225
1.04083
1.03889
1.03709
1.0363
1.03734
1.04055
1.04572
1.05229
1.05945
1.06617
1.07116
1.07315
1.07122
1.06537
1.05657
1.04638
1.03631
1.02732
1.01983
1.01396
1.00964
1.00673
1.00505
1.00449
1.00492
1.006
1.00707
1.00722
1.00554
1.00147
0.994873
0.986037
0.975466
0.963804
0.951867
0.941006
0.933491
0.932287
0.939722
0.955949
0.978787
1.00493
1.03117
1.05505
1.07493
1.08998
1.0999
1.1049
1.10564
1.1033
1.09936
1.09514
1.09138
1.08809
1.08493
1.08165
1.07833
1.07532
1.07299
1.07147
1.07066
1.07018
1.06962
1.06868
1.06742
1.06647
1.06682
1.06915
1.0731
1.07728
1.08001
1.08035
1.07856
1.07573
1.07289
1.07022
1.06696
1.06194
1.05418
1.04333
1.02978
1.01478
1.0003
0.988822
0.982786
0.983741
0.991654
1.00484
1.0206
1.03611
1.04922
1.05904
1.06588
1.07052
1.0732
1.0731
1.06906
1.06059
1.04827
1.03357
1.01833
1.00417
0.992073
0.982285
0.974361
0.967513
0.961003
0.954437
0.947932
0.9422
0.938349
0.937579
0.940734
0.948142
0.95957
0.974365
0.991424
1.00934
1.02662
1.04219
1.05577
1.06797
1.07973
1.09159
1.10304
1.11258
1.11857
1.12014
1.11754
1.11182
1.10431
1.09624
1.08852
1.08182
1.07648
1.0726
1.06996
1.06802
1.06595
1.06283
1.05797
1.05128
1.04348
1.03614
1.03127
1.0304
1.0337
1.0399
1.04713
1.05381
1.05901
1.06267
1.06547
1.06843
1.07202
1.07532
1.07609
1.07201
1.06183
1.04618
1.02805
1.01223
1.00282
1.00013
1.00132
1.00441
1.01043
1.02103
1.03504
1.04916
1.06109
1.07049
1.07754
1.08174
1.08216
1.07835
1.07076
1.06054
1.04901
1.03716
1.02537
1.01331
1.00031
0.985859
0.970111
0.954185
0.939897
0.929112
0.923084
0.921979
0.924829
0.930007
0.93603
0.942249
0.948941
0.956985
0.967143
0.979434
0.992852
1.00541
1.01453
1.01777
1.01387
1.00409
0.992789
0.985856
0.986839
0.994638
1.00513
1.01424
1.0194
1.01967
1.01544
1.00815
0.999943
0.993202
0.990073
0.992091
0.999878
1.01293
1.02964
1.04774
1.06492
1.0794
1.09008
1.09652
1.09871
1.0968
1.09106
1.082
1.07055
1.05799
1.04577
1.0352
1.02727
1.02289
1.02299
1.02813
1.03794
1.05086
1.06472
1.07762
1.08848
1.09717
1.10407
1.10968
1.11434
1.11828
1.12172
1.12477
1.12721
1.12842
1.12742
1.12326
1.11539
1.10391
1.08957
1.07357
1.05732
1.04211
1.02873
1.01722
1.00691
0.996662
0.985543
0.97329
0.960488
0.948347
0.938285
0.931644
0.929526
0.932841
0.942147
0.957192
0.976319
0.996357
1.01356
1.02489
1.02892
1.02596
1.01759
1.00596
0.993077
0.980535
0.96946
0.960766
0.955306
0.953863
0.956909
0.964071
0.97368
0.98306
0.989487
0.991224
0.987991
0.980679
0.970682
0.95914
0.946671
0.933672
0.92113
0.911257
0.907262
0.911952
0.926151
0.948214
0.974835
1.00239
1.02802
1.05004
1.06787
1.08153
1.09126
1.09724
1.0995
1.09793
1.09244
1.08319
1.07062
1.05555
1.0391
1.02263
1.00774
0.996237
0.989795
0.989395
0.994779
1.00438
1.01573
1.02611
1.03314
1.0353
1.03235
1.02535
1.01643
1.00824
1.00321
1.00273
1.00694
1.01499
1.02569
1.03781
1.0502
1.06165
1.07083
1.07644
1.07749
1.07354
1.06496
1.05313
1.0403
1.02918
1.02224
1.02099
1.02567
1.03542
1.04865
1.0634
1.07761
1.08922
1.09628
1.09732
1.09187
1.0806
1.06517
1.04767
1.0299
1.0131
0.998077
0.985385
0.975339
0.967929
0.962917
0.960181
0.95994
0.962612
0.968506
0.977485
0.988824
1.00131
1.01366
1.02495
1.03486
1.04356
1.05145
1.05894
1.06634
1.07359
1.08022
1.08544
1.08844
1.08873
1.08637
1.08187
1.07597
1.06933
1.06245
1.05564
1.04924
1.04368
1.03942
1.03675
1.03559
1.03541
1.03539
1.03474
1.03309
1.03083
1.02904
1.02924
1.03273
1.03999
1.05051
1.06324
1.0771
1.09106
1.10377
1.11357
1.11884
1.11844
1.11203
1.09999
1.08331
1.06346
1.04249
1.02292
1.00756
0.999004
0.998912
1.00748
1.02333
1.04379
1.06573
1.08622
1.10311
1.11506
1.12114
1.12047
1.11212
1.09536
1.07041
1.03919
1.00551
0.974318
0.950645
0.938654
0.940502
0.954892
0.97727
1.00232
1.02619
1.04687
1.06345
1.0755
1.08287
1.08584
1.0855
1.08374
1.08285
1.08443
1.0886
1.09403
1.09894
1.10201
1.10287
1.10184
1.09959
1.09674
1.09349
1.0895
1.08399
1.07635
1.06671
1.05592
1.04509
1.03528
1.0274
1.02224
1.0204
1.02223
1.02783
1.03684
1.04846
1.06147
1.07447
1.08594
1.0944
1.0987
1.09837
1.09396
1.08723
1.08083
1.07697
1.07614
1.07687
1.07703
1.07523
1.07126
1.06585
1.06013
1.05524
1.05193
1.05044
1.05041
1.0512
1.05196
1.05203
1.05121
1.04985
1.0485
1.0475
1.04667
1.04552
1.04375
1.04147
1.03913
1.03736
1.03682
1.0381
1.04177
1.04809
1.0567
1.06638
1.07545
1.08242
1.08652
1.08762
1.0859
1.08157
1.07492
1.06644
1.057
1.04783
1.04024
1.03505
1.0322
1.03077
1.02998
1.03017
1.03233
1.03639
1.0404
1.0421
1.04089
1.03797
1.03495
1.03255
1.03049
1.02841
1.027
1.02827
1.03461
1.04696
1.06391
1.08244
1.09952
1.11335
1.12352
1.13049
1.13491
1.13714
1.1371
1.13444
1.12879
1.12004
1.1083
1.09379
1.07662
1.05679
1.0345
1.01072
0.98752
0.967896
0.955249
0.952544
0.961018
0.978784
1.00098
1.02194
1.03739
1.04525
1.04523
1.03831
1.0265
1.01261
0.999837
0.990845
0.987122
0.988906
0.995774
1.00728
1.02331
1.04384
1.06839
1.09561
1.12324
1.14854
1.16893
1.18253
1.1885
1.18703
1.17926
1.16681
1.15121
1.13346
1.11411
1.09372
1.07344
1.05509
1.04066
1.03158
1.02809
1.02926
1.03353
1.03931
1.04528
1.05023
1.05314
1.0533
1.05066
1.04592
1.04036
1.03549
1.03282
1.03354
1.03826
1.04665
1.05739
1.06849
1.0778
1.08355
1.08471
1.08116
1.07381
1.06432
1.05447
1.04553
1.03819
1.03288
1.03027
1.03102
1.03537
1.04284
1.05232
1.06253
1.07254
1.08206
1.09129
1.10068
1.11052
1.12067
1.13049
1.13899
1.14509
1.14788
1.1467
1.14129
1.13167
1.11808
1.10083
1.08021
1.05675
1.0315
1.00637
0.983916
0.966893
0.957463
0.956602
0.963707
0.976669
0.992555
1.00854
1.02257
1.03398
1.0436
1.05318
1.06389
1.07523
1.08522
1.09141
1.09192
1.08578
1.07302
1.05475
1.03325
1.01188
0.994434
0.983648
0.979966
0.981606
0.985771
0.989753
0.991338
0.98892
0.982125
0.973204
0.967972
0.973654
0.993081
1.02174
1.05191
1.0781
1.09833
1.11255
1.12122
1.12475
1.12346
1.11785
1.10871
1.09704
1.08377
1.06966
1.05535
1.0415
1.02884
1.01814
1.01011
1.00543
1.00463
1.00788
1.0149
1.02497
1.0371
1.05015
1.06284
1.07376
1.08156
1.08525
1.08463
1.08045
1.07456
1.06949
1.06771
1.07073
1.07853
1.08968
1.10197
1.11314
1.12145
1.12605
1.12693
1.12479
1.12059
1.11516
1.10898
1.10218
1.09467
1.0865
1.0781
1.07024
1.06379
1.05923
1.05643
1.05479
1.0537
1.05294
1.05283
1.05409
1.05751
1.06343
1.07132
1.07973
1.08659
1.08997
1.08851
1.08183
1.07053
1.05611
1.04059
1.02627
1.01525
1.00924
1.00914
1.01465
1.02427
1.03575
1.04692
1.0564
1.06372
1.06927
1.07383
1.07824
1.08307
1.08848
1.09416
1.09936
1.10314
1.1046
1.10319
1.09871
1.09117
1.08055
1.06653
1.04865
1.0266
1.00054
0.971391
0.941139
0.912909
0.890505
0.877262
0.874691
0.88178
0.895581
0.912562
0.929812
0.94559
0.959306
0.971119
0.981509
0.990822
0.998993
1.00557
1.01004
1.01219
1.01242
1.01164
1.01086
1.01101
1.01307
1.01809
1.02677
1.03905
1.05422
1.07128
1.08911
1.10662
1.12271
1.13642
1.14702
1.15414
1.15773
1.1581
1.15571
1.15103
1.14441
1.13599
1.12581
1.11409
1.10134
1.08826
1.07557
1.06432
1.05638
1.05409
1.05832
1.06702
1.07642
1.08344
1.08693
1.08712
1.0848
1.08068
1.07544
1.06986
1.06498
1.06181
1.06088
1.06197
1.06432
1.06683
1.06843
1.06812
1.06508
1.05888
1.04981
1.03887
1.02766
1.01802
1.01159
1.00941
1.01154
1.01719
1.02491
1.03323
1.04109
1.048
1.05387
1.05888
1.06321
1.06687
1.06956
1.07067
1.06942
1.06507
1.05715
1.04558
1.03073
1.0134
0.994835
0.976628
0.960447
0.947611
0.938775
0.933911
0.932754
0.935217
0.941446
0.951453
0.964787
0.980453
0.99715
1.01349
1.02808
1.03955
1.04657
1.04813
1.04376
1.03384
1.01959
1.00296
0.986292
0.971949
0.961811
0.956786
0.956426
0.959023
0.962133
0.96348
0.961772
0.956881
0.949481
0.940466
0.93082
0.92184
0.915244
0.912797
0.915509
0.923184
0.934883
0.949822
0.967929
0.989431
1.01399
1.04034
1.06652
1.09057
1.11103
1.12713
1.13867
1.14559
1.14771
1.14466
1.13607
1.12192
1.10304
1.08138
1.06009
1.0428
1.03226
1.02894
1.03088
1.03493
1.03849
1.04029
1.04031
1.03924
1.03804
1.03772
1.03918
1.04309
1.04958
1.0581
1.06746
1.07627
1.08326
1.08759
1.08873
1.08643
1.08051
1.07088
1.05759
1.04085
1.02118
0.999596
0.977868
0.958583
0.944572
0.93801
0.939607
0.948552
0.963059
0.980958
0.999985
1.01774
1.03184
1.0406
1.04388
1.0437
1.04319
1.04406
1.0454
1.04529
1.04314
1.04
1.03763
1.03748
1.04028
1.04618
1.05483
1.06543
1.07669
1.08705
1.09479
1.09839
1.09692
1.09015
1.07872
1.06402
1.04798
1.03271
1.02015
1.01176
1.00836
1.01011
1.01658
1.02691
1.03994
1.05427
1.06835
1.08062
1.08995
1.09607
1.09976
1.10264
1.10628
1.11121
1.11657
1.12059
1.12145
1.11797
1.10988
1.09777
1.08315
1.06832
1.05614
1.04941
1.04991
1.05763
1.07079
1.08662
1.10231
1.11562
1.12508
1.12994
1.13005
1.12562
1.11739
1.10666
1.0953
1.08535
1.07819
1.07398
1.07188
1.0711
1.07189
1.07539
1.08266
1.09358
1.10646
1.11891
1.12885
1.13526
1.13826
1.13887
1.13846
1.13838
1.13956
1.1423
1.14636
1.15107
1.15567
1.15951
1.16223
1.16382
1.16441
1.16418
1.1631
1.16101
1.1576
1.1526
1.14592
1.13761
1.12773
1.11622
1.10272
1.08686
1.06858
1.0486
1.02855
1.01072
0.997312
0.989846
0.988779
0.993622
1.00315
1.01569
1.02939
1.04246
1.05345
1.06132
1.06561
1.0663
1.06389
1.0592
1.05331
1.04747
1.04295
1.04073
1.04123
1.04411
1.04831
1.05232
1.05485
1.05579
1.05677
1.06057
1.06926
1.08272
1.09898
1.11567
1.13092
1.14349
1.15255
1.15765
1.15856
1.15543
1.14871
1.13932
1.12859
1.1183
1.11037
1.10637
1.1068
1.11065
1.11588
1.12029
1.12236
1.1216
1.11849
1.11403
1.10922
1.10478
1.10099
1.09767
1.09415
1.0893
1.08196
1.07129
1.05715
1.04015
1.02163
1.00343
0.987514
0.975598
0.96875
0.967126
0.970062
0.976411
0.98491
0.994361
1.00368
1.01198
1.01885
1.02457
1.02993
1.03592
1.04319
1.05171
1.06049
1.0676
1.07087
1.06871
1.06079
1.04807
1.03245
1.01622
1.00157
0.990101
0.98245
0.978356
0.977006
0.977459
0.978902
0.980702
0.982327
0.983163
0.982377
0.979068
0.972737
0.963808
0.953699
0.944559
0.938692
0.937896
0.943008
0.953754
0.968991
0.987054
1.00609
1.02436
1.04036
1.05288
1.06111
1.06473
1.06408
1.06019
1.0547
1.04959
1.0468
1.04773
1.05274
1.06091
1.07025
1.07842
1.08336
1.08397
1.08035
1.07368
1.06575
1.05828
1.0523
1.04787
1.04442
1.04125
1.03803
1.03501
1.03282
1.03223
1.03385
1.03784
1.04359
1.04979
1.05493
1.05819
1.05992
1.06159
1.0652
1.07209
1.08199
1.09317
1.10329
1.11048
1.11361
1.11212
1.1058
1.09481
1.07975
1.06156
1.04155
1.02145
1.00367
0.990934
0.985376
0.987484
0.995944
1.00825
1.02152
1.03312
1.04121
1.04512
1.0452
1.04241
1.03777
1.03214
1.0261
1.02016
1.01484
1.01039
1.00653
1.00257
0.997742
0.991595
0.984033
0.975136
0.965166
0.954727
0.94494
0.937308
0.933217
0.933235
0.936797
0.942539
0.949006
0.95518
0.960598
0.965285
0.969552
0.973667
0.977579
0.980788
0.982385
0.981352
0.976896
0.968858
0.958146
0.946942
0.938415
0.935665
0.940321
0.951801
0.967704
0.984904
1.0007
1.01339
1.02246
1.02843
1.03244
1.0358
1.03946
1.04372
1.04817
1.05197
1.05423
1.05432
1.05207
1.04771
1.0418
1.03504
1.02821
1.0222
1.01798
1.01659
1.0189
1.02525
1.0351
1.04702
1.05904
1.06924
1.07622
1.07936
1.07877
1.07505
1.06901
1.06153
1.05369
1.04675
1.04196
1.04012
1.0411
1.04386
1.04688
1.04872
1.04833
1.0451
1.03882
1.02968
1.01839
1.00616
0.994586
0.985362
0.979899
0.979028
0.982861
0.99071
1.00129
1.01312
1.0249
1.03579
1.04539
1.05349
1.05984
1.06425
1.06676
1.06775
1.06789
1.06787
1.0679
1.06759
1.06598
1.06196
1.05463
1.0436
1.02923
1.01294
0.997173
0.984698
0.977632
0.976916
0.982605
0.994149
1.01035
1.02928
1.04857
1.0657
1.07853
1.08559
1.08612
1.08013
1.06848
1.05311
1.03704
1.02357
1.01479
1.01064
1.00946
1.00936
1.00923
1.00873
1.00789
1.0067
1.00526
1.00426
1.00512
1.00957
1.01884
1.03287
1.05024
1.06871
1.08598
1.10038
1.11099
1.11777
1.12133
1.12297
1.1245
1.12775
1.13381
1.14239
1.1518
1.15945
1.16259
1.15891
1.14671
1.12506
1.09407
1.05563
1.0145
0.978227
0.953729
0.942765
0.941662
0.945541
0.951519
0.958699
0.967028
0.976428
0.986419
0.996087
1.00426
1.00987
1.01232
1.01191
1.00981
1.00778
1.00747
1.00968
1.01405
1.01937
1.02427
1.0277
1.02923
1.02904
1.02801
1.02739
1.02857
1.03246
1.03922
1.0483
1.05882
1.07007
1.08173
1.09363
1.10545
1.11649
1.12603
1.13358
1.13898
1.14231
1.14361
1.14261
1.13853
1.13027
1.11684
1.09812
1.07561
1.05269
1.03385
1.02286
1.02097
1.02655
1.03616
1.04611
1.0535
1.05661
1.05465
1.04749
1.03554
1.01997
1.00296
0.98756
0.976737
0.97205
0.973238
0.979137
0.988869
1.00218
1.01899
1.0387
1.05964
1.07933
1.09509
1.10482
1.1075
1.10334
1.09358
1.08021
1.0655
1.05159
1.04001
1.03143
1.02558
1.02164
1.01866
1.01596
1.01319
1.01018
1.00682
1.00312
0.999295
0.995886
0.993494
0.992533
0.992952
0.994223
0.995413
0.995616
0.994301
0.991488
0.987563
0.982901
0.97776
0.972606
0.968559
0.967457
0.971227
0.981015
0.996652
1.01667
1.03873
1.06
1.07755
1.08874
1.09191
1.08701
1.07559
1.06042
1.04445
1.0301
1.01879
1.01114
1.00709
1.00612
1.00738
1.00988
1.01282
1.0158
1.01895
1.02294
1.02861
1.03655
1.04668
1.05806
1.06912
1.07812
1.08368
1.08525
1.08351
1.08044
1.07886
1.08129
1.08886
1.10087
1.11514
1.12865
1.13832
1.14171
1.13754
1.12616
1.10979
1.09212
1.07699
1.06693
1.06264
1.06359
1.06863
1.07623
1.08484
1.09315
1.10031
1.10585
1.10946
1.11082
1.10949
1.10507
1.09744
1.08704
1.07503
1.06331
1.05399
1.04875
1.04804
1.0509
1.05535
1.05913
1.06061
1.05934
1.05626
1.05316
1.05179
1.05299
1.05637
1.06052
1.06376
1.06473
1.06265
1.05739
1.04933
1.03928
1.02867
1.01938
1.01323
1.01133
1.01362
1.01921
1.0268
1.03514
1.04315
1.04978
1.05411
1.05537
1.05319
1.04773
1.03969
1.03015
1.02034
1.01145
1.00448
1.0003
0.999694
1.00327
1.01124
1.02314
1.03768
1.05301
1.06716
1.07864
1.08681
1.09192
1.09467
1.09542
1.0937
1.08843
1.07885
1.06558
1.05089
1.03797
1.02945
1.02644
1.02848
1.0342
1.04191
1.04995
1.05679
1.06123
1.06244
1.0601
1.0544
1.04608
1.03637
1.02663
1.01804
1.01144
1.00749
1.007
1.01066
1.01857
1.02982
1.04262
1.05474
1.06414
1.06935
1.06966
1.06523
1.05695
1.04632
1.03508
1.02483
1.01673
1.01135
1.00858
1.0078
1.00811
1.00874
1.0094
1.01042
1.01254
1.01657
1.02286
1.03109
1.04037
1.04965
1.05811
1.06541
1.07166
1.07709
1.0817
1.08516
1.08696
1.08678
1.08471
1.08122
1.07695
1.07241
1.06768
1.06251
1.05645
1.04926
1.04104
1.03224
1.02341
1.01483
1.00636
0.997358
0.987134
0.975464
0.962985
0.951239
0.942502
0.939309
0.943734
0.956446
0.976158
0.99987
1.02382
1.04459
1.05973
1.06798
1.0691
1.06371
1.05314
1.03938
1.02485
1.01207
1.00297
0.998317
0.997648
0.999846
1.00388
1.00911
1.01522
1.02208
1.02958
1.0376
1.04579
1.05341
1.05945
1.06293
1.06334
1.06096
1.0568
1.05235
1.04908
1.04805
1.04974
1.05411
1.06067
1.06859
1.07678
1.084
1.08896
1.09072
1.08903
1.08446
1.07812
1.07103
1.06347
1.05512
1.0458
1.03624
1.0278
1.02149
1.01738
1.01482
1.0132
1.01266
1.01413
1.01833
1.02478
1.03196
1.03822
1.04256
1.04482
1.04538
1.0449
1.04405
1.04335
1.0432
1.04375
1.04466
1.04484
1.04271
1.03679
1.02662
1.01302
0.997627
0.982355
0.968847
0.958461
0.95244
0.951839
0.957152
0.968057
0.983455
1.00183
1.02177
1.04207
1.06158
1.07881
1.09191
1.09924
1.10013
1.09539
1.08708
1.07774
1.06943
1.0632
1.05906
1.05641
1.05432
1.05175
1.04789
1.0428
1.03779
1.03491
1.03569
1.04005
1.04628
1.05224
1.05646
1.05851
1.05872
1.0576
1.05542
1.05212
1.04738
1.0409
1.03267
1.02299
1.01265
1.00271
0.9943
0.98832
0.985184
0.984769
0.986519
0.989752
0.994068
0.999598
1.00701
1.01706
1.02998
1.04519
1.06143
1.07725
1.09134
1.10276
1.1108
1.115
1.11516
1.11165
1.10555
1.0985
1.09227
1.08831
1.0875
1.08962
1.09318
1.09581
1.09553
1.092
1.0867
1.08175
1.07856
1.07738
1.07791
1.07975
1.08241
1.08513
1.08676
1.08604
1.08192
1.07399
1.06284
1.05005
1.03783
1.02826
1.0226
1.02086
1.02198
1.02425
1.02598
1.02626
1.02547
1.02517
1.02709
1.03165
1.0374
1.04201
1.04369
1.04195
1.03763
1.0325
1.02882
1.02851
1.03237
1.03957
1.04783
1.05452
1.05796
1.05845
1.05802
1.05908
1.0627
1.06799
1.07285
1.07523
1.07398
1.06908
1.06128
1.0517
1.04135
1.03114
1.02176
1.01388
1.00804
1.00464
1.00391
1.00585
1.01012
1.01595
1.02232
1.02819
1.0328
1.03593
1.03803
1.04022
1.04388
1.04973
1.05741
1.06572
1.0733
1.07916
1.08276
1.08388
1.08252
1.07904
1.07439
1.07039
1.0697
1.07498
1.0874
1.1057
1.12692
1.14792
1.16633
1.18059
1.18958
1.19256
1.18921
1.17979
1.16523
1.14698
1.12676
1.10615
1.08619
1.06741
1.05003
1.03431
1.02114
1.01213
1.00881
1.01089
1.01579
1.02019
1.02222
1.02214
1.02171
1.02295
1.02713
1.03434
1.04352
1.0528
1.06001
1.0633
1.06169
1.05555
1.04684
1.03856
1.03351
1.03302
1.03667
1.04286
1.0495
1.05436
1.05532
1.05067
1.03963
1.02252
1.00082
0.977124
0.954816
0.937512
0.928124
0.927866
0.935875
0.949806
0.966918
0.984829
1.00174
1.01644
1.02828
1.03717
1.04334
1.04727
1.04942
1.05018
1.04999
1.0495
1.0497
1.05163
1.05599
1.06277
1.07121
1.08018
1.08864
1.09597
1.10183
1.10596
1.10813
1.10831
1.10682
1.10451
1.10261
1.10254
1.10543
1.11144
1.11926
1.12641
1.13019
1.12871
1.12136
1.10891
1.0934
1.07784
1.06562
1.05929
1.0595
1.06472
1.07242
1.08032
1.08705
1.09214
1.09563
1.09751
1.09747
1.09502
1.08985
1.08227
1.07334
1.06473
1.05842
1.05611
1.05851
1.06494
1.07363
1.08247
1.08972
