0.0142387
0.0142388
0.0140855
0.0138649
0.0136893
0.0136709
0.0138669
0.0142629
0.0148391
0.0155125
0.016193
0.0168123
0.0172908
0.0175832
0.017678
0.0175596
0.0172482
0.0167636
0.0161332
0.0153967
0.0145998
0.0138017
0.0130382
0.0123567
0.0117807
0.0113496
0.0110601
0.0109432
0.0110197
0.0112776
0.0116797
0.0121868
0.0127111
0.0131942
0.0136146
0.0138994
0.0140403
0.0140151
0.0138707
0.0136371
0.0133776
0.0131727
0.0130108
0.0128267
0.0125069
0.0119921
0.0112661
0.0104203
0.0096114
0.00901268
0.00874797
0.00887221
0.00935857
0.0101313
0.0110755
0.0120829
0.0130199
0.0137749
0.0143189
0.0146733
0.0148731
0.0149814
0.0150572
0.0151692
0.0153284
0.0155358
0.015831
0.0162375
0.016791
0.0174876
0.0183258
0.0192678
0.0202513
0.0212148
0.0220673
0.022688
0.0229252
0.0227429
0.0221768
0.0214017
0.0205988
0.0198749
0.0193113
0.0189504
0.018768
0.0187055
0.0186918
0.0186576
0.018532
0.0183322
0.0180798
0.017854
0.017675
0.0175723
0.01754
0.0175409
0.0175058
0.0174073
0.0172162
0.0169398
0.0165704
0.0161989
0.0158966
0.0157299
0.0157733
0.016057
0.0165494
0.0171589
0.0177885
0.018291
0.0185733
0.0185889
0.0183772
0.0179869
0.0175209
0.0170165
0.0165265
0.0160629
0.0156491
0.0152886
0.0149558
0.0146821
0.0144851
0.0144134
0.0144856
0.0146751
0.0149097
0.0150758
0.0150955
0.0149602
0.0146523
0.0142349
0.0137663
0.013372
0.0131238
0.0130723
0.0132654
0.0136645
0.0142065
0.0147954
0.0153509
0.0157507
0.0159887
0.0160486
0.0159241
0.0156688
0.0153343
0.0149624
0.0146287
0.0143753
0.014204
0.0141206
0.0140591
0.0140011
0.0139101
0.0138242
0.0137533
0.0137828
0.0139403
0.0142499
0.0146649
0.0151328
0.0155929
0.0159719
0.0162972
0.0164982
0.0166415
0.0167654
0.0168934
0.0170552
0.0172524
0.0175032
0.0178145
0.0181383
0.0183887
0.018468
0.0182841
0.0177939
0.0170733
0.0163077
0.015642
0.0151673
0.014904
0.0148756
0.0149956
0.0151636
0.0153693
0.0156016
0.0158587
0.0161746
0.0165675
0.0169852
0.0174048
0.0177532
0.0179986
0.0180957
0.0180345
0.0178575
0.0176152
0.0173841
0.0172137
0.0171278
0.0171025
0.017115
0.017123
0.0170908
0.0169594
0.016705
0.0163251
0.0158733
0.0153774
0.0150027
0.0148169
0.0148657
0.0151841
0.0156944
0.0163349
0.0170093
0.0176502
0.0182193
0.0186838
0.0190258
0.0192426
0.019299
0.0192156
0.0190013
0.0187354
0.0184747
0.0182975
0.0182669
0.0184064
0.0186796
0.0190531
0.0194691
0.0198166
0.0200717
0.0201985
0.0201847
0.0200072
0.0196826
0.0192053
0.0186287
0.0180638
0.0176206
0.0173766
0.0173484
0.0174979
0.017779
0.0181056
0.0184124
0.0186377
0.0187523
0.0187503
0.0186181
0.0183464
0.0179611
0.0174579
0.0168871
0.0162988
0.0157275
0.015229
0.0148375
0.0145832
0.0145031
0.0145722
0.0147649
0.0149756
0.0151567
0.0152405
0.0152015
0.0150696
0.0149048
0.0147387
0.0146089
0.0145004
0.0143245
0.0140991
0.0137883
0.0134801
0.0132
0.0129828
0.0128297
0.0127629
0.0127409
0.0127513
0.0127755
0.0128262
0.0128684
0.0128947
0.0129416
0.0129994
0.01308
0.0132146
0.0133852
0.0135671
0.0137522
0.0139226
0.0140754
0.0142413
0.0144476
0.0147109
0.0150611
0.0154734
0.015953
0.0164919
0.0170303
0.0175206
0.0178966
0.0180249
0.0178797
0.0174835
0.0169219
0.0162766
0.0156773
0.0151438
0.0146977
0.0143281
0.0139904
0.0135892
0.0131349
0.0126443
0.0121792
0.0117622
0.0113577
0.0109544
0.0104619
0.0099081
0.00931005
0.00871434
0.00817923
0.00781392
0.00761271
0.00759889
0.00776718
0.00807544
0.00844721
0.00891869
0.00945746
0.0100645
0.0107486
0.0115055
0.0123331
0.0131803
0.0140624
0.0150505
0.0161306
0.0173475
0.0187174
0.0200764
0.0212831
0.0221791
0.0226595
0.0227611
0.0225914
0.0222584
0.021852
0.0214884
0.0211861
0.0209755
0.0208186
0.0206559
0.0204779
0.020236
0.0199323
0.0195939
0.0192686
0.0190192
0.0189485
0.0191074
0.0194745
0.0199302
0.0203839
0.0207324
0.0209634
0.0211777
0.0214382
0.0218708
0.0224583
0.0231134
0.0237017
0.0240915
0.0242809
0.0242596
0.0240637
0.0237298
0.0232508
0.0226626
0.0219672
0.021209
0.0204323
0.0197105
0.0191322
0.0187635
0.0186685
0.0188651
0.0193277
0.019977
0.0206581
0.0212381
0.0215491
0.0214894
0.0210123
0.0201549
0.0190307
0.0178105
0.0166178
0.0155758
0.0147998
0.0143414
0.0142743
0.0146351
0.0153963
0.016509
0.0178859
0.0193547
0.0206651
0.0215935
0.0219422
0.0216576
0.0208301
0.0196215
0.0182723
0.0169696
0.0158144
0.0148357
0.0140064
0.0132862
0.0126782
0.0121752
0.0118073
0.0116029
0.0115558
0.0116072
0.0117548
0.0119338
0.0121527
0.0123409
0.0124943
0.0126662
0.0128577
0.0130822
0.0133419
0.0135703
0.0136713
0.013595
0.0133193
0.0129039
0.0123843
0.0118502
0.0113586
0.0109787
0.0107201
0.0106004
0.010705
0.0110785
0.011768
0.0127618
0.0139794
0.0152925
0.0165055
0.0174546
0.0180793
0.0183914
0.0184713
0.018504
0.0185683
0.0187076
0.0189272
0.0192478
0.0195653
0.0197922
0.019872
0.0197835
0.0195687
0.0193074
0.0190492
0.0188424
0.0187148
0.0186537
0.0187058
0.0188805
0.0191311
0.0194272
0.0197176
0.0199205
0.0199968
0.0198917
0.0196049
0.019205
0.0187243
0.0182202
0.0177224
0.0172816
0.0168951
0.0165619
0.0163033
0.016139
0.0160172
0.0159901
0.0159975
0.0160488
0.0160939
0.0161742
0.0162789
0.0164355
0.0166527
0.0169734
0.0173508
0.0177873
0.0182291
0.0186261
0.0189357
0.0191623
0.0192287
0.0191444
0.0189433
0.0186493
0.0183645
0.0181571
0.0180421
0.0180078
0.0180307
0.0181139
0.0182447
0.0184167
0.0186532
0.0189559
0.019312
0.019664
0.0199453
0.0200674
0.0199622
0.0195762
0.0189133
0.0180235
0.0170062
0.015981
0.0150552
0.0143018
0.0137767
0.0135247
0.0135431
0.0137986
0.0142691
0.0149035
0.0156405
0.0163975
0.0171853
0.0179413
0.0187547
0.0196211
0.0205341
0.0212431
0.0215334
0.021456
0.0212081
0.0210001
0.0208704
0.0207766
0.0207266
0.0206943
0.0207093
0.0207518
0.0208004
0.0209102
0.0210147
0.0211376
0.0212916
0.0214961
0.0217918
0.022164
0.022614
0.0230961
0.023569
0.0239726
0.0242077
0.0242331
0.0239483
0.023389
0.0226559
0.0218408
0.0210258
0.0203193
0.0197369
0.0192618
0.0188894
0.0186028
0.0183741
0.0181104
0.0178127
0.0174428
0.0169955
0.0164687
0.0158704
0.0152366
0.0145803
0.0139112
0.0133182
0.0128286
0.0124471
0.0121512
0.0119114
0.0117148
0.0116234
0.0116768
0.0119817
0.0125306
0.0133227
0.0142298
0.0151011
0.0158102
0.0162799
0.0164487
0.0163152
0.0159588
0.0155057
0.015037
0.0145918
0.0142153
0.0139144
0.0136596
0.0134917
0.0134248
0.0134557
0.0136423
0.0139591
0.0143834
0.0148547
0.0153326
0.0158227
0.0163753
0.0170648
0.0179426
0.0189951
0.0201451
0.021325
0.0223972
0.0232845
0.0239141
0.0242776
0.0243726
0.0242797
0.0240925
0.0238546
0.0236238
0.0233894
0.0231698
0.0229321
0.0226733
0.0224262
0.0221452
0.0218731
0.0216284
0.0214406
0.0213616
0.0213957
0.0215092
0.0216329
0.0216846
0.021642
0.021534
0.0213737
0.0211939
0.0210598
0.0210269
0.0211483
0.021407
0.0217677
0.0221247
0.0223799
0.0224162
0.0221341
0.0215589
0.0207443
0.0198321
0.0189619
0.0182227
0.0176831
0.0173232
0.0170879
0.01686
0.0166208
0.0163208
0.0159917
0.0156667
0.0154289
0.015386
0.0155746
0.0160712
0.0168078
0.0178108
0.0190494
0.0204707
0.021938
0.0233152
0.0244296
0.0251444
0.0253977
0.0252625
0.0248368
0.024242
0.0236156
0.0229857
0.0224401
0.0219924
0.0216099
0.021259
0.0208373
0.020308
0.0196606
0.0189021
0.018172
0.0175159
0.0169907
0.0166099
0.0163778
0.0162441
0.0161961
0.0162333
0.0162938
0.0163316
0.0163454
0.0163144
0.0162657
0.0162691
0.0163588
0.0165883
0.0169355
0.0173547
0.0177661
0.0181129
0.0183663
0.0185353
0.0187023
0.0189401
0.01929
0.0197556
0.0202848
0.0208243
0.021341
0.0218427
0.0223277
0.0227716
0.0231899
0.0235432
0.0237484
0.0237329
0.0234214
0.0228303
0.0220769
0.0213222
0.0206893
0.0202546
0.0200548
0.0200781
0.0202373
0.0205108
0.0208701
0.0213161
0.0218165
0.0223099
0.0226583
0.022665
0.0221939
0.0211994
0.0198355
0.0182935
0.0168261
0.0156227
0.0147893
0.0143249
0.0142319
0.0144429
0.0148518
0.0153557
0.0158343
0.0161612
0.0162354
0.0160909
0.0157383
0.0153076
0.0149715
0.0148769
0.0151003
0.0156845
0.0165579
0.0176399
0.0187735
0.0198322
0.0207011
0.0212963
0.0216058
0.0216138
0.0214437
0.0211955
0.0209708
0.0207965
0.0207155
0.0207136
0.0207469
0.0207385
0.0206512
0.0204231
0.0200404
0.0195641
0.0190014
0.0183798
0.0177593
0.0171847
0.0167138
0.0163755
0.0161932
0.0161834
0.0163662
0.0167645
0.0173189
0.0179803
0.018614
0.0191025
0.0193742
0.0194111
0.0192596
0.0189839
0.0186611
0.0184117
0.0182792
0.0182455
0.0182149
0.0180764
0.0177284
0.0171883
0.0165008
0.015769
0.0150932
0.0145056
0.0140796
0.0137663
0.0135903
0.0135233
0.0135496
0.013674
0.0138416
0.0140688
0.0142999
0.0145034
0.0145786
0.0144977
0.0142225
0.0138539
0.0134018
0.0128775
0.0122719
0.0116563
0.0111225
0.0107795
0.0106753
0.0108345
0.0112287
0.0117802
0.0124189
0.0130521
0.0135988
0.0140334
0.0143138
0.0144758
0.0145118
0.0144928
0.0144354
0.0144076
0.0144964
0.0147199
0.0150426
0.015421
0.0157807
0.016079
0.0163494
0.016653
0.0171487
0.0178552
0.0188149
0.0199575
0.0210991
0.0220248
0.0225467
0.0226019
0.0222666
0.0216888
0.0210369
0.0203916
0.0198275
0.0193855
0.0190814
0.0189067
0.0188405
0.0189008
0.0190718
0.0192597
0.0194002
0.0194238
0.0192811
0.0189677
0.0185337
0.0180694
0.0176973
0.0174408
0.017329
0.0173399
0.0174891
0.0177889
0.0182466
0.0188378
0.0195422
0.0203338
0.0211154
0.0217276
0.0220448
0.0219941
0.0215362
0.0207701
0.0198193
0.0188245
0.0179249
0.0171882
0.016684
0.0163806
0.0162875
0.0164182
0.0167664
0.0173036
0.0179524
0.0185609
0.0189961
0.0191732
0.0190882
0.0188552
0.018573
0.0182972
0.018156
0.0181677
0.0183741
0.0187471
0.0192479
0.0198175
0.0203657
0.0208076
0.0211165
0.0212857
0.0213427
0.021356
0.0213808
0.0213929
0.0213681
0.0212623
0.0209671
0.0204734
0.0197361
0.0188185
0.0178332
0.0169183
0.0161902
0.0157362
0.0155512
0.0156523
0.015983
0.0164266
0.0168978
0.0173239
0.0176419
0.0178825
0.0180598
0.0182508
0.018473
0.0187736
0.0191443
0.0194926
0.0197437
0.0198076
0.0196689
0.0194011
0.01908
0.0188098
0.0186026
0.0184552
0.018315
0.0181059
0.0177872
0.0173079
0.0166797
0.0159611
0.0152443
0.0145725
0.0140001
0.0135377
0.0131778
0.012909
0.0127121
0.0125925
0.0125719
0.0126768
0.0128688
0.0131481
0.0134974
0.0138685
0.0142088
0.0145
0.014721
0.0148799
0.0150022
0.0151143
0.0152376
0.0153381
0.015472
0.0156424
0.0158625
0.0162141
0.0166441
0.017156
0.0176202
0.0179674
0.0180831
0.017988
0.017664
0.0171741
0.0165842
0.0159298
0.0152929
0.0147379
0.0143298
0.0141246
0.0141158
0.0143118
0.0146156
0.0148912
0.0150377
0.0150846
0.0150633
0.0150276
0.0149857
0.0149561
0.0149782
0.0150138
0.0150747
0.0150782
0.0149629
0.0147376
0.0144767
0.0143118
0.0142858
0.0145018
0.0149299
0.0155339
0.0162563
0.0170384
0.0176913
0.018084
0.0181527
0.0178991
0.0174374
0.0169245
0.0164905
0.016273
0.0162818
0.0164889
0.0167859
0.0170926
0.0172984
0.0173989
0.0173719
0.0172464
0.0170576
0.0168611
0.0167063
0.0165525
0.0164597
0.0164182
0.0164274
0.0164605
0.0165263
0.0165853
0.0166348
0.0166334
0.0165358
0.0163217
0.0160797
0.0159023
0.0158916
0.0161097
0.0164947
0.0169934
0.0175255
0.0180568
0.0185415
0.0189276
0.019194
0.0193376
0.0193965
0.0194417
0.0195312
0.0197065
0.0199865
0.0203631
0.0207987
0.0212662
0.0217458
0.0221941
0.0225805
0.0228367
0.0228761
0.0226092
0.0220267
0.0211201
0.0200626
0.019046
0.0182487
0.0177915
0.0177818
0.018231
0.0190656
0.020116
0.0211096
0.0217205
0.0217745
0.0211514
0.0199945
0.0185005
0.0169034
0.0153319
0.0139305
0.0127705
0.0119309
0.0113966
0.0111755
0.0112396
0.0115412
0.0119885
0.0125201
0.0131069
0.0136888
0.0142704
0.0148482
0.015503
0.0162667
0.0171794
0.0182041
0.0191736
0.0198586
0.0201831
0.0202261
0.0202331
0.0202906
0.0204262
0.0206244
0.0208138
0.0209852
0.021144
0.0212655
0.0213309
0.0212885
0.0210845
0.0207431
0.0202793
0.0197533
0.0192341
0.0187606
0.0183245
0.0179088
0.0174553
0.0169358
0.0163026
0.0156119
0.0149454
0.014379
0.0139557
0.0137307
0.0136617
0.0137088
0.013825
0.0139599
0.0141717
0.0144835
0.0148851
0.0153588
0.0158486
0.0163275
0.0168117
0.0173174
0.0178066
0.0182012
0.018503
0.018673
0.0187382
0.018752
0.0187829
0.0188793
0.0190649
0.0193971
0.0198462
0.0203598
0.0209124
0.0213753
0.0217166
0.0218927
0.0218913
0.0217208
0.0214149
0.0209339
0.0203018
0.0195912
0.0187976
0.0179921
0.0172244
0.0165179
0.0158342
0.0151379
0.0143847
0.0136541
0.0130508
0.0126431
0.0124713
0.0125568
0.0129157
0.013484
0.0141793
0.0149125
0.0155766
0.0159938
0.0160453
0.0157568
0.0153418
0.0149671
0.0147865
0.0148914
0.0153097
0.016015
0.016938
0.0179617
0.0188862
0.0195188
0.0196498
0.0192605
0.0184101
0.0173286
0.0162163
0.0152573
0.0145833
0.0143044
0.0144012
0.0148338
0.0154708
0.0161958
0.0168728
0.0174182
0.017751
0.0178815
0.0178467
0.017742
0.0176701
0.0176789
0.0177943
0.0179992
0.0182791
0.0185902
0.0188699
0.0190611
0.019121
0.0191118
0.0190681
0.019016
0.0189666
0.0189049
0.0187754
0.0185468
0.0181885
0.0176598
0.0170257
0.0163281
0.015679
0.0151906
0.0149675
0.0150431
0.0153998
0.0160028
0.0167496
0.0174943
0.0181849
0.0187313
0.0190796
0.0191996
0.0191058
0.018809
0.0184122
0.0179781
0.0176261
0.0173863
0.0172952
0.0173308
0.017443
0.0176569
0.0179277
0.0182439
0.0186187
0.0190594
0.0195653
0.0201105
0.0206445
0.0211413
0.0215779
0.0219211
0.0221289
0.0221238
0.0218661
0.0214456
0.021007
0.020711
0.0206128
0.0207281
0.0209866
0.0213468
0.0216912
0.0218968
0.021805
0.0213452
0.0205285
0.0195074
0.0184034
0.0174424
0.0167372
0.0163367
0.0162635
0.0164821
0.0169043
0.0174002
0.0179241
0.0183614
0.0186791
0.0188323
0.0188668
0.0187417
0.0184917
0.0181226
0.0176893
0.0171956
0.0166372
0.0160584
0.01545
0.014864
0.0143305
0.013967
0.0138063
0.013916
0.014281
0.0148733
0.015666
0.0165763
0.0175027
0.018421
0.0192697
0.0199871
0.0204949
0.0207975
0.0208878
0.0207962
0.0205802
0.0202705
0.0199049
0.0194791
0.0190354
0.0185385
0.0180352
0.0175643
0.0171696
0.0168747
0.0167213
0.0166909
0.0167953
0.0169994
0.0172642
0.0175481
0.0178411
0.0181508
0.0184626
0.018764
0.0190057
0.019174
0.0193166
0.0194076
0.0194901
0.0195754
0.0197044
0.0199076
0.0201809
0.0205083
0.0208416
0.0210811
0.021173
0.0210162
0.0206054
0.0199321
0.0190828
0.0181343
0.0171444
0.0161903
0.0152969
0.0144827
0.0137949
0.0132333
0.0128154
0.0125737
0.0124839
0.012524
0.0126103
0.012714
0.012698
0.0125347
0.0122296
0.0118348
0.0113879
0.010992
0.010702
0.010633
0.0107809
0.0111737
0.0118078
0.0125907
0.0134679
0.0143366
0.0151311
0.0157882
0.0163117
0.0166841
0.0169024
0.0169419
0.0167749
0.016441
0.0159694
0.0154505
0.0149527
0.0145492
0.0142982
0.0142008
0.0142693
0.0145103
0.0148964
0.0154592
0.016168
0.0169624
0.0177776
0.0184333
0.0187751
0.0187177
0.0182511
0.0175164
0.0166744
0.0159322
0.0154271
0.0152129
0.015311
0.0156571
0.0161503
0.016675
0.0171374
0.0174658
0.0176891
0.017787
0.0178193
0.0177852
0.0176932
0.0176124
0.0175891
0.0176585
0.0178834
0.0182493
0.0186766
0.0190616
0.0192676
0.0192204
0.0189606
0.0185379
0.0180315
0.017551
0.0171235
0.016731
0.0163445
0.0159718
0.0156539
0.015428
0.0152878
0.0151885
0.0151072
0.0149777
0.0147271
0.0143291
0.0137988
0.0132012
0.0125837
0.0119762
0.0114255
0.0109522
0.0105725
0.0103507
0.0102931
0.0103943
0.0106288
0.0109369
0.0112863
0.0116545
0.0120744
0.01256
0.0131605
0.0138836
0.0147068
0.0155645
0.0163939
0.0171425
0.017722
0.0181276
0.0183258
0.0183091
0.0180955
0.0177433
0.0172829
0.0168255
0.0163874
0.0160249
0.0157419
0.015522
0.0153393
0.0151762
0.0150417
0.014977
0.0150229
0.0151783
0.0154638
0.0158225
0.0162213
0.0165971
0.016887
0.0170052
0.0169479
0.0167658
0.016522
0.0163052
0.0161414
0.0160552
0.0160284
0.0161084
0.0162856
0.0165042
0.0167478
0.0169644
0.0171095
0.0171783
0.0171957
0.0171773
0.0171647
0.0171628
0.0172036
0.0173154
0.0175466
0.017908
0.0184091
0.019006
0.0196672
0.0203105
0.0208611
0.021226
0.0213263
0.021084
0.0205534
0.0197259
0.0186819
0.0175679
0.0164781
0.0155182
0.0147218
0.0141155
0.0136727
0.0133945
0.0132708
0.0132689
0.0134024
0.013671
0.014058
0.0145091
0.0149623
0.0153649
0.0156996
0.0159955
0.0163007
0.0166718
0.0171193
0.0176549
0.0182526
0.0189145
0.0196007
0.0202882
0.0209797
0.0216217
0.0222186
0.0227279
0.023169
0.0235088
0.0237574
0.0238884
0.0238921
0.0237752
0.0235385
0.0231796
0.022703
0.0221259
0.0214981
0.020882
0.0203659
0.0199788
0.0197586
0.0196727
0.0197167
0.0198227
0.0199366
0.0200976
0.0202361
0.0204081
0.0205912
0.0207634
0.0208742
0.0208383
0.020516
0.0198684
0.0188641
0.0176641
0.0163899
0.0152543
0.0143997
0.0139175
0.0137429
0.0138454
0.0140813
0.0143132
0.0144787
0.0145425
0.0145764
0.0147068
0.0150243
0.0156294
0.0165499
0.0177444
0.019115
0.0205469
0.0218454
0.0229042
0.023627
0.0239896
0.0239942
0.0237324
0.0232864
0.0228029
0.0222982
0.0217699
0.0212026
0.020553
0.019831
0.0191071
0.0185187
0.0181698
0.0180889
0.0182171
0.018445
0.0185704
0.018499
0.0181099
0.0174028
0.0164376
0.015264
0.013964
0.0126586
0.0114583
0.0104646
0.00979662
0.00951475
0.0096618
0.0102353
0.0112029
0.0125366
0.0141165
0.0157888
0.0172736
0.0183819
0.0190459
0.019331
0.0193558
0.0192038
0.018886
0.0184726
0.0180178
0.0176108
0.0173525
0.0172944
0.0174424
0.01773
0.0181189
0.0185482
0.0189841
0.0194203
0.0198306
0.0202242
0.0205705
0.020858
0.0210848
0.0212795
0.0214475
0.0216102
0.0217926
0.0220155
0.0222804
0.0225701
0.0228891
0.0231936
0.0234444
0.0235963
0.0236105
0.0234389
0.0230444
0.0225018
0.0218912
0.0213005
0.0207612
0.0202422
0.0197512
0.0192567
0.0188108
0.0184249
0.0181143
0.0179312
0.0178433
0.0178075
0.0177794
0.0177375
0.0176681
0.0175841
0.0174786
0.0174005
0.0173828
0.0174825
0.0177473
0.018194
0.0188029
0.0195286
0.0203165
0.0211175
0.0218067
0.0222834
0.0225197
0.0225092
0.0223139
0.0220008
0.0216113
0.0211166
0.0204865
0.0197939
0.019153
0.0186812
0.0184438
0.0184232
0.0185838
0.0188842
0.0192474
0.0196461
0.0199959
0.0202047
0.0201406
0.0198327
0.0192911
0.0187165
0.0182548
0.0180774
0.0182401
0.0187332
0.0194507
0.0203151
0.0212202
0.0221334
0.0230156
0.0238621
0.0247157
0.0255631
0.0263427
0.0268864
0.0270221
0.0266944
0.0260123
0.0251352
0.0242202
0.0232894
0.0223752
0.0215392
0.0208854
0.0204284
0.0202594
0.0203617
0.0206971
0.0211927
0.0217208
0.0221553
0.0223826
0.0224033
0.0222876
0.022131
0.0220124
0.0219624
0.0220234
0.0221911
0.0224499
0.02285
0.0233602
0.0239708
0.0246325
0.0253009
0.0259535
0.0265398
0.0270413
0.0274145
0.0275815
0.0274444
0.0269884
0.0261794
0.0251126
0.0238769
0.0226002
0.0214471
0.0204724
0.0196895
0.0191379
0.0188064
0.01865
0.0187049
0.0189296
0.0193053
0.0197944
0.0203047
0.0207557
0.0210435
0.0210552
0.0207183
0.0199933
0.0189801
0.0178978
0.0168786
0.0160135
0.0153069
0.0147309
0.0143554
0.0141604
0.0141455
0.0143105
0.0146173
0.0150001
0.0154044
0.0157402
0.01598
0.0160831
0.0161031
0.0161172
0.0162361
0.0164966
0.0168878
0.0173952
0.0179669
0.0185282
0.019074
0.0195522
0.0199232
0.0201667
0.02025
0.0202153
0.020119
0.0199655
0.0197839
0.0194868
0.0191305
0.0186963
0.0182305
0.0178003
0.0174091
0.0170686
0.0167495
0.0164886
0.0162502
0.0160536
0.0159432
0.0159174
0.0159652
0.0161172
0.0163551
0.0167034
0.0171364
0.0176427
0.0182345
0.018854
0.0194905
0.0200777
0.0205726
0.0209136
0.0210578
0.0209627
0.0205842
0.0199679
0.0192033
0.0183456
0.0175286
0.0168309
0.0163586
0.0161296
0.0161819
0.0164628
0.0169159
0.0174632
0.0180112
0.018464
0.018794
0.0189727
0.0189917
0.0188335
0.0184881
0.0180063
0.0173613
0.0166774
0.0159778
0.0153475
0.0148212
0.0143792
0.0139858
0.0136071
0.0131742
0.0127005
0.0122227
0.0117739
0.0113463
0.011011
0.0107617
0.0106914
0.010812
0.0111506
0.0116968
0.0124189
0.0132675
0.0141676
0.0150813
0.0159162
0.0166373
0.0172374
0.0177658
0.0183046
0.0188686
0.0195
0.0201056
0.0206466
0.0210367
0.0212184
0.0212024
0.0210121
0.0207155
0.0203358
0.0199767
0.0196947
0.0195124
0.0193729
0.0192645
0.0191246
0.0189464
0.0187591
0.0186386
0.0186585
0.0188443
0.0191442
0.0195047
0.01988
0.0201473
0.0202792
0.0202483
0.0200547
0.0196975
0.0192492
0.0187051
0.0181313
0.0175498
0.0170201
0.0165948
0.0163176
0.0162214
0.016294
0.0165153
0.0168476
0.0172603
0.0176824
0.0180562
0.01832
0.0183261
0.0180535
0.0174607
0.0166113
0.0156038
0.0145815
0.0137204
0.013113
0.0128497
0.0129486
0.0133685
0.014122
0.0150694
0.0161099
0.0171543
0.0180719
0.0188012
0.0192969
0.0195388
0.0195442
0.019355
0.0190153
0.0185548
0.0179982
0.0173906
0.0167639
0.0161522
0.0156059
0.0151303
0.0147386
0.0143799
0.0140411
0.0137066
0.0133385
0.0129624
0.0125719
0.0122166
0.0119254
0.0117128
0.0116372
0.0117018
0.0118662
0.0121092
0.0123592
0.012578
0.0127038
0.0127543
0.0127828
0.0128721
0.0131019
0.0134901
0.0140371
0.0146689
0.0153217
0.0158771
0.0162636
0.0164538
0.0164177
0.0161757
0.0157535
0.0151632
0.0144611
0.0136884
0.0129477
0.0123304
0.0119443
0.0118461
0.0120741
0.0125783
0.0133056
0.0141993
0.0152517
0.0164649
0.0178272
0.0191885
0.0204456
0.0214251
0.0220043
0.0220653
0.0216167
0.020673
0.019371
0.0178975
0.0164648
0.015267
0.0144427
0.0140275
0.0139584
0.0141008
0.014286
0.014416
0.0144987
0.0146138
0.0147868
0.0150836
0.015514
0.0160095
0.016534
0.0170026
0.0173942
0.0176626
0.017795
0.0177886
0.0176316
0.0173787
0.0170764
0.0167832
0.0165618
0.0164535
0.0164201
0.0164601
0.0165339
0.0166456
0.0167501
0.0168742
0.017093
0.0173778
0.0178354
0.0184265
0.019135
0.0198997
0.0205976
0.021143
0.0214772
0.02163
0.0216245
0.0215677
0.0215215
0.0215312
0.0216178
0.0217625
0.0219429
0.0221265
0.0223037
0.0224301
0.0224377
0.0222056
0.0216274
0.0206727
0.0194225
0.0180323
0.016669
0.0154183
0.0143513
0.0135302
0.0129605
0.0126853
0.0126864
0.0129345
0.013384
0.0139908
0.0146715
0.0153784
0.0160679
0.0167506
0.017398
0.0179809
0.0185243
0.0190317
0.0195467
0.0201034
0.020763
0.0214697
0.0222185
0.0229089
0.0234951
0.0239249
0.0241683
0.0242127
0.024087
0.0238645
0.0235374
0.0231514
0.0227166
0.0222413
0.0218076
0.0214349
0.02122
0.0211429
0.0211949
0.021358
0.0216394
0.0220411
0.0225158
0.0230756
0.023591
0.0240177
0.0242251
0.0242409
0.0240558
0.0237273
0.0233165
0.0228875
0.0224456
0.0220178
0.0215642
0.0211425
0.0208171
0.0205994
0.0205659
0.0207071
0.0210022
0.021399
0.0218227
0.0221561
0.0223529
0.0223244
0.022035
0.0215459
0.0209158
0.0201731
0.0193911
0.0185986
0.0178156
0.0170664
0.0163859
0.0158148
0.015419
0.0152047
0.0151372
0.0151825
0.0152341
0.0152433
0.0151432
0.0149305
0.0146172
0.0141814
0.0136644
0.0131463
0.012829
0.0128347
0.0132057
0.013859
0.0146367
0.0153395
0.0158733
0.016154
0.0161753
0.0160212
0.0157323
0.0154277
0.0151121
0.014882
0.0147739
0.0148103
0.0150419
0.0154323
0.0159882
0.0166403
0.0173434
0.0179666
0.0184833
0.0188644
0.0191402
0.0194004
0.0197109
0.0200646
0.0204093
0.0207222
0.0208772
0.0208759
0.0207169
0.0204186
0.020012
0.0194951
0.0189217
0.0183558
0.0178975
0.0175837
0.0174217
0.0173824
0.017445
0.0176071
0.0178972
0.0182924
0.0187787
0.0193385
0.0199217
0.0204412
0.0208268
0.0210194
0.0209976
0.0207804
0.0203672
0.0198022
0.0191435
0.0184819
0.0178407
0.0173362
0.0170343
0.0169769
0.0171296
0.0174778
0.0179166
0.0183551
0.0186847
0.018875
0.0189152
0.0188443
0.0187315
0.0186413
0.018628
0.0187328
0.0189693
0.0192698
0.0195583
0.0197535
0.0197762
0.019589
0.0192273
0.0187699
0.0183357
0.017991
0.0177618
0.0176687
0.0176623
0.0177096
0.017783
0.0178259
0.0178088
0.0177164
0.0175485
0.0172793
0.0169113
0.0164889
0.0160265
0.0156069
0.0153029
0.0151658
0.015263
0.0155902
0.0161527
0.0169011
0.0178372
0.0188206
0.0197565
0.0205064
0.0210241
0.0213089
0.0214419
0.0215677
0.0217577
0.0220435
0.0223921
0.0226995
0.0228498
0.0227657
0.0224312
0.0219991
0.0216045
0.021351
0.0213093
0.0214329
0.0216821
0.0219483
0.0221001
0.0220507
0.0217569
0.0211996
0.0204527
0.0196279
0.0188597
0.0181783
0.0175874
0.0170728
0.0166218
0.0162116
0.0158216
0.0154818
0.0151877
0.0149311
0.0147743
0.0146944
0.0147269
0.0148584
0.0150323
0.0152858
0.0156119
0.0160354
0.0165399
0.0171089
0.0176693
0.0181329
0.0184221
0.0184993
0.0183922
0.0181453
0.017816
0.0174684
0.0171363
0.0168569
0.0166328
0.0164718
0.0163998
0.0163482
0.0163302
0.0163024
0.0162663
0.0161619
0.0160078
0.0157969
0.0155221
0.0152413
0.0149871
0.0148311
0.0147984
0.0148932
0.0151665
0.0156065
0.0162491
0.0170081
0.0178658
0.0187113
0.0194547
0.0200457
0.0205318
0.0209552
0.0213162
0.0216573
0.0219604
0.022186
0.0223218
0.0223366
0.0222424
0.0220298
0.021701
0.0212774
0.0207796
0.0202573
0.0197487
0.019268
0.0188114
0.0183801
0.0179428
0.0174581
0.0169356
0.0163806
0.015825
0.015359
0.0150084
0.0148618
0.0150011
0.0153919
0.0159213
0.0164274
0.0166862
0.0166741
0.0164835
0.0162287
0.0159366
0.0155897
0.0151906
0.014808
0.0145294
0.0143764
0.0143618
0.0143858
0.0144555
0.0145088
0.0145686
0.0146848
0.0149584
0.01543
0.0161282
0.0170523
0.018173
0.0193677
0.02054
0.0215984
0.0224044
0.0228684
0.0229702
0.0227387
0.0222676
0.021586
0.0208178
0.0200046
0.0192136
0.0184808
0.0178623
0.0173737
0.0170627
0.0168979
0.0168726
0.0169379
0.0170681
0.0172203
0.0173698
0.0175401
0.0176992
0.0178624
0.0180099
0.0181388
0.0182207
0.0182497
0.0182132
0.0181219
0.0180588
0.0180293
0.0180866
0.0182489
0.0185069
0.0188489
0.0192627
0.019754
0.0203286
0.0209761
0.0216987
0.0225005
0.023318
0.0240724
0.0246822
0.0250733
0.0252399
0.0252486
0.0251852
0.0251762
0.0252454
0.0253788
0.0254251
0.0253483
0.0251598
0.0249696
0.0249017
0.0250825
0.0255177
0.0261904
0.0269035
0.0274308
0.0275031
0.0269279
0.0257624
0.0242149
0.0225718
0.0210923
0.0198933
0.019023
0.0184593
0.0181499
0.0180183
0.0179272
0.0177935
0.0175442
0.0171272
0.0165774
0.0159497
0.0153438
0.0148293
0.0145068
0.014421
0.0145608
0.0149322
0.015474
0.0161049
0.0167661
0.0173754
0.0178721
0.0182009
0.018379
0.0184254
0.0183608
0.0181781
0.0178678
0.0174897
0.0171025
0.0167659
0.0165437
0.016474
0.0165553
0.016728
0.0169474
0.0170737
0.0170584
0.0168606
0.0165552
0.0161378
0.0157259
0.0153748
0.0151366
0.015022
0.0150566
0.0152027
0.0154305
0.0157286
0.0160946
0.0165362
0.0170329
0.0175408
0.0179868
0.0183393
0.0185516
0.0186265
0.0185696
0.0184288
0.0182733
0.018145
0.0181374
0.0182628
0.0185285
0.0189051
0.0193421
0.0197941
0.0201736
0.0204735
0.0206615
0.0207435
0.0207313
0.0206964
0.0206609
0.020593
0.0204543
0.0202121
0.0199205
0.0196436
0.0195178
0.0195938
0.0197846
0.0199145
0.0197716
0.0192973
0.0185713
0.0178599
0.0173318
0.017082
0.0171093
0.0173339
0.0176456
0.0178864
0.0179684
0.0178653
0.0175756
0.017179
0.0167413
0.0163556
0.0161008
0.016014
0.0160597
0.0162508
0.0165884
0.0170296
0.0175138
0.0179574
0.0182556
0.0183135
0.0180787
0.0175603
0.0168197
0.0159105
0.0149791
0.0141362
0.0134666
0.0130049
0.0127843
0.0128011
0.0129934
0.0132926
0.0136305
0.0139404
0.0141704
0.0143081
0.0143525
0.0143719
0.0143886
0.0144253
0.0145017
0.0145679
0.014635
0.0146675
0.014666
0.0146771
0.0147182
0.0147891
0.0149277
0.0151468
0.0154882
0.0159364
0.016404
0.0168077
0.0170202
0.0169208
0.0165383
0.0158872
0.0151094
0.0143528
0.0137402
0.0133798
0.0132915
0.0134816
0.0138897
0.0144502
0.0151001
0.0157685
0.0163121
0.0166596
0.0167246
0.0164992
0.0160668
0.0155232
0.0149951
0.0145577
0.0142156
0.0139461
0.0137057
0.013478
0.0132636
0.0131091
0.0130263
0.0130704
0.0132463
0.0135294
0.0139212
0.0143857
0.0148928
0.0154647
0.0160908
0.0167981
0.0176039
0.0184943
0.0193915
0.0202661
0.0210199
0.0216303
0.0220318
0.022192
0.0220579
0.0216541
0.0210346
0.0202698
0.0194711
0.0187067
0.0180609
0.0175317
0.0171961
0.0170159
0.0169627
0.0170329
0.0171834
0.0173868
0.0176188
0.0178364
0.0180539
0.0182555
0.0184282
0.0185413
0.0185835
0.018559
0.0184888
0.0185022
0.0186481
0.018952
0.0193837
0.0198446
0.020205
0.0203211
0.0201366
0.0196461
0.018932
0.0181277
0.0174079
0.0168784
0.0166245
0.016665
0.016903
0.0172376
0.017517
0.0176425
0.0176001
0.0174725
0.0172554
0.0168957
0.0163359
0.0155364
0.0145681
0.013564
0.0126629
0.0119914
0.011612
0.0115593
0.0118337
0.0123598
0.0130355
0.0137012
0.0142429
0.0145597
0.0146043
0.0144483
0.0141796
0.0139358
0.0137951
0.0137766
0.0138995
0.0141396
0.0144693
0.014872
0.0153493
0.0158439
0.0163635
0.0168456
0.017151
0.0171612
0.0168188
0.0162084
0.0155018
0.0148618
0.0144084
0.0142126
0.0143132
0.0147182
0.0154066
0.0163002
0.0172838
0.0181284
0.0186803
0.0188286
0.0186159
0.018206
0.0177797
0.0174627
0.0173587
0.017405
0.0175345
0.0176596
0.0177079
0.0176411
0.0175286
0.0174403
0.0174511
0.0176076
0.0178628
0.0182421
0.018671
0.0190928
0.0194368
0.0196235
0.0196281
0.0194478
0.0191257
0.0187147
0.0182963
0.0179121
0.0175213
0.0171591
0.0168139
0.0164903
0.016231
0.0160343
0.0159374
0.0159337
0.0160412
0.0162492
0.0165362
0.0169027
0.0172749
0.0175836
0.0178056
0.0178809
0.0177765
0.017488
0.0170646
0.0166109
0.0161619
0.015753
0.0154247
0.0152079
0.015129
0.0152384
0.0155086
0.0158995
0.0163202
0.0166512
0.0168154
0.0168164
0.0167258
0.0165669
0.0164181
0.0162957
0.01622
0.0161805
0.0161815
0.0162434
0.0163505
0.0165234
0.0167367
0.0169368
0.0170839
0.0171569
0.0171479
0.0170892
0.0170622
0.0170915
0.0172558
0.0175233
0.017899
0.0183578
0.0188331
0.0192882
0.0196968
0.0199906
0.0202043
0.0203583
0.0204872
0.0205981
0.0206943
0.0207163
0.0206385
0.0204612
0.0202045
0.0199368
0.019712
0.0196329
0.0197187
0.0199485
0.0202607
0.0205846
0.0208783
0.0211109
0.0213489
0.0216074
0.0218514
0.0219889
0.0219333
0.0216288
0.0210766
0.0203095
0.0193844
0.0183704
0.0173822
0.0165112
0.0158032
0.0152282
0.0147317
0.0142616
0.0137516
0.0132337
0.0127474
0.012359
0.0121319
0.0120889
0.0122562
0.0126217
0.0131318
0.0137562
0.0144271
0.0151019
0.0157041
0.0162132
0.0166135
0.0168813
0.017057
0.0171403
0.0171711
0.017239
0.0173971
0.017681
0.0181433
0.018669
0.019171
0.0194988
0.019649
0.0195812
0.01935
0.0190344
0.0187351
0.0184956
0.0183661
0.0183646
0.0184989
0.0187954
0.0192474
0.0198503
0.0205231
0.021112
0.021398
0.0211902
0.0204469
0.0192511
0.0178184
0.0163788
0.0151304
0.0141276
0.0133591
0.0127828
0.0123664
0.0120711
0.0119232
0.0119087
0.0120097
0.0122217
0.0124693
0.0127549
0.0130295
0.0132701
0.0134476
0.0135783
0.0136373
0.0136666
0.0136943
0.0137243
0.0137623
0.013789
0.0137978
0.013795
0.0138479
0.0140261
0.0143975
0.0149979
0.0157794
0.0167207
0.0177011
0.0186075
0.0193428
0.0198013
0.019912
0.0196504
0.019069
0.0182631
0.0173449
0.0164392
0.015635
0.0150046
0.0145926
0.0143586
0.0143476
0.0145369
0.0149228
0.015496
0.0162353
0.0170641
0.0179105
0.018691
0.0192973
0.0196361
0.0197077
0.0195071
0.0190958
0.0185595
0.0179813
0.0174132
0.0168646
0.0163118
0.0157358
0.0151495
0.014585
0.0140904
0.0136924
0.0134487
0.0133771
0.0134448
0.0136453
0.0139421
0.0143023
0.0146791
0.0150271
0.0152871
0.0154637
0.0155113
0.0154729
0.0153679
0.0152275
0.0151218
0.0150478
0.0149816
0.0149048
0.014804
0.0146783
0.0145457
0.0144344
0.0143505
0.014316
0.0143412
0.0144156
0.014567
0.0147644
0.015036
0.0153225
0.0156394
0.0159347
0.0162175
0.0164429
0.0166993
0.0170517
0.0175758
0.0183636
0.0193649
0.0203654
0.0211759
0.0216964
0.0219251
0.0220113
0.0220255
0.0219178
0.0216505
0.021164
0.0205015
0.0197506
0.0190764
0.018601
0.0184007
0.0184426
0.0186588
0.0189407
0.0192444
0.0195139
0.0197327
0.0199274
0.0201079
0.0202368
0.0202816
0.0202039
0.0199552
0.0195955
0.0192054
0.0188793
0.0187018
0.0186718
0.0187597
0.0189099
0.0190626
0.0192058
0.0193256
0.0194198
0.0194484
0.0193972
0.0192375
0.0189634
0.018607
0.0182229
0.0178451
0.0175346
0.0172163
0.0169173
0.0166076
0.0162949
0.0159933
0.015769
0.0156238
0.015561
0.0155911
0.0156751
0.0157202
0.0156591
0.0154848
0.0151595
0.0147226
0.0142635
0.0138414
0.0135011
0.0132673
0.0131423
0.0131259
0.0132366
0.0135463
0.0141298
0.0149922
0.016115
0.0173817
0.0186134
0.0196384
0.0202628
0.0205027
0.0204357
0.0202183
0.0199881
0.0198797
0.0198959
0.0201071
0.0204477
0.0208639
0.0212838
0.021613
0.0217566
0.021656
0.0212754
0.0206623
0.0198849
0.0190848
0.0182907
0.0175879
0.0169878
0.0164688
0.0159348
0.0153828
0.0148045
0.0143245
0.0140619
0.0140691
0.0144248
0.0151105
0.0160889
0.0172543
0.0184892
0.0196659
0.0206654
0.0214188
0.0218881
0.0221095
0.0221262
0.0219593
0.0216373
0.0211227
0.0204612
0.019719
0.0189855
0.0182716
0.0176093
0.0169984
0.0163857
0.0157989
0.0152034
0.0146484
0.0141916
0.0138691
0.0136941
0.0137074
0.0138813
0.0142316
0.0146841
0.0151833
0.0157132
0.0162385
0.0167692
0.0173151
0.0179056
0.0184959
0.0190458
0.0194587
0.0196372
0.019513
0.0191434
0.018608
0.0179972
0.0173703
0.0168049
0.0163323
0.0159806
0.0157897
0.0157805
0.0159373
0.0161964
0.0165365
0.0169049
0.0172247
0.017491
0.0177052
0.0178362
0.0179473
0.0181185
0.0184105
0.01887
0.019513
0.0202717
0.0210679
0.0217864
0.0222904
0.0225278
0.0225013
0.0222558
0.0218645
0.0214107
0.0209161
0.0204333
0.0199692
0.0195482
0.0191605
0.0188134
0.0185236
0.018259
0.0180533
0.0178924
0.0177074
0.0174827
0.0171573
0.0167456
0.0163028
0.0158823
0.0155706
0.0153729
0.0152853
0.0152557
0.01527
0.0152862
0.0152736
0.0152504
0.0152209
0.0152495
0.0153277
0.0154844
0.0156823
0.0158782
0.0160313
0.0161403
0.0161914
0.0162298
0.0162333
0.0161979
0.0161401
0.0161166
0.0162224
0.016492
0.0168988
0.0173872
0.0179004
0.0183914
0.0188067
0.0191631
0.0195071
0.0198715
0.0202702
0.0207954
0.0215158
0.0224355
0.0235635
0.0248132
0.0260723
0.0272339
0.0281536
0.0287235
0.028917
0.0287735
0.0283359
0.0276764
0.0268801
0.0259992
0.0250841
0.0241892
0.0233061
0.0225107
0.0218046
0.0212328
0.0208093
0.0205701
0.0204899
0.020574
0.0207184
0.0208248
0.0207862
0.0205277
0.0200203
0.0193883
0.0187262
0.0182257
0.0180089
0.0181685
0.0187211
0.0195927
0.0206399
0.0217158
0.0226434
0.0232669
0.0235278
0.0234046
0.0229314
0.0222142
0.0213823
0.0205517
0.0197747
0.0191391
0.018634
0.018276
0.0180608
0.0179668
0.0179561
0.018027
0.0181132
0.0181457
0.0180855
0.01791
0.017645
0.0172695
0.0168491
0.0164022
0.0160022
0.015679
0.0154413
0.0153119
0.0152829
0.0153444
0.0154744
0.0156184
0.0157606
0.015906
0.0160093
0.016074
0.0160923
0.0159961
0.0158209
0.0155715
0.0153018
0.0150624
0.0148341
0.0146925
0.014597
0.0146208
0.0147787
0.0150621
0.0154795
0.0160188
0.0166198
0.0172936
0.0180266
0.0187523
0.019385
0.0198565
0.0200706
0.0199963
0.0196877
0.0192002
0.0185303
0.0178186
0.017139
0.0165994
0.0162996
0.0162413
0.016447
0.0168746
0.0173981
0.017829
0.0179874
0.0177524
0.017163
0.0163944
0.0156074
0.0149746
0.0145703
0.0144203
0.0145501
0.0149311
0.0154293
0.0159733
0.0164223
0.0167304
0.0168772
0.0168841
0.0167934
0.0166645
0.0165614
0.0164911
0.0164462
0.0163909
0.0162526
0.0159971
0.0156795
0.0153385
0.0150072
0.0146176
0.0141838
0.0137609
0.0134322
0.0133067
0.0134192
0.0137701
0.0142948
0.0148718
0.0153935
0.0157082
0.0157316
0.0154216
0.0148415
0.0141357
0.0134445
0.012884
0.0125644
0.0124812
0.012697
0.0131832
0.013977
0.0150432
0.0163664
0.017807
0.0191778
0.020279
0.0210098
0.0213346
0.0213312
0.021063
0.0206367
0.0200761
0.0194235
0.0187723
0.0181489
0.0176254
0.0172653
0.0170976
0.0171465
0.0173747
0.0177311
0.0181153
0.0184019
0.0184783
0.0182853
0.0178977
0.0173623
0.0167647
0.0161553
0.0155348
0.0149189
0.0143263
0.0137963
0.0134109
0.0131579
0.0131211
0.0133125
0.0137209
0.0142995
0.0150014
0.0157401
0.0164217
0.0170055
0.017381
0.0175059
0.0173538
0.0169377
0.0163136
0.0155625
0.0148168
0.0141778
0.0137247
0.0135043
0.0135053
0.0137016
0.0141065
0.0146351
0.0152364
0.0158801
0.0165282
0.017196
0.0179141
0.0187142
0.0196027
0.0205798
0.0215365
0.0223447
0.0229001
0.0232263
0.0233817
0.0234819
0.023562
0.0236831
0.0237893
0.02381
0.0236477
0.0232156
0.0224913
0.0215111
0.0204361
0.0194009
0.0185263
0.0178821
0.0175487
0.0174672
0.017553
0.0177012
0.0177965
0.0177917
0.0176901
0.017562
0.0174445
0.0173449
0.0172747
0.0172275
0.017221
0.0172655
0.0172956
0.0172016
0.0169422
0.0165245
0.0159854
0.0153377
0.0146889
0.0141107
0.0136105
0.0131755
0.0128114
0.0125057
0.0122429
0.0120968
0.012106
0.0122628
0.012613
0.0130919
0.0136324
0.0141091
0.0144383
0.0145972
0.0146288
0.0146411
0.0147195
0.0149487
0.0153385
0.0158801
0.016566
0.0173543
0.0181739
0.0189257
0.0194932
0.0198206
0.0199107
0.0198031
0.01956
0.0192839
0.0190757
0.0189869
0.0190315
0.0192171
0.0195074
0.0198732
0.0202223
0.0204398
0.0204733
0.0202784
0.0199176
0.0194965
0.0190879
0.0187798
0.0185799
0.0184713
0.0184695
0.0185274
0.0186327
0.0187608
0.0188991
0.0190599
0.0192329
0.0194722
0.0197288
0.0199399
0.0200379
0.0199567
0.0197072
0.0193187
0.0189092
0.0185438
0.0182908
0.0181621
0.0181011
0.018081
0.0180398
0.017938
0.0178397
0.0177596
0.0177424
0.0178347
0.0179736
0.0181083
0.018194
0.0181617
0.0180051
0.0177085
0.0173563
0.0169274
0.0164514
0.0159909
0.0156154
0.0154011
0.015404
0.0156987
0.0162725
0.0170078
0.0178254
0.0186332
0.0192644
0.0196564
0.0197201
0.0195203
0.0191419
0.0186618
0.0181732
0.0177388
0.0173731
0.0171256
0.0170426
0.0171386
0.0174094
0.0177663
0.0181265
0.0183872
0.0185262
0.0185853
0.0186345
0.0187381
0.0189694
0.0193421
0.0197894
0.0202524
0.0206202
0.0208096
0.02073
0.0203821
0.0197515
0.0189732
0.0181009
0.017271
0.016615
0.0162356
0.0162198
0.0166124
0.0174038
0.0185212
0.019809
0.0210818
0.0221361
0.0228489
0.0232701
0.0233734
0.0232351
0.0229203
0.0224489
0.0218486
0.0211779
0.0204368
0.0196209
0.0187158
0.0177861
0.0168585
0.0160156
0.0153093
0.0147791
0.0144265
0.0142717
0.0143166
0.0145471
0.0149757
0.0155552
0.0162449
0.0169935
0.0176633
0.0182099
0.0185905
0.0187886
0.0188878
0.0188984
0.0188346
0.0187274
0.0186041
0.0184365
0.0182149
0.0179448
0.0176633
0.0173642
0.0170816
0.0168461
0.0166595
0.0164955
0.0163635
0.0162606
0.0161623
0.0160751
0.0160578
0.0161298
0.0163158
0.0166273
0.0171067
0.0177124
0.0183887
0.0190407
0.0195309
0.0197429
0.0196326
0.019231
0.0185792
0.0177524
0.0168787
0.01605
0.0154313
0.0150853
0.0149811
0.0151001
0.015369
0.0157316
0.0161018
0.0164264
0.0166667
0.0167401
0.0166425
0.0164706
0.016306
0.0162175
0.0162109
0.0162336
0.0162559
0.0162868
0.0163302
0.016381
0.0164148
0.0164408
0.0163818
0.0162495
0.0160426
0.0157903
0.0155216
0.0153637
0.0153704
0.0155663
0.0158998
0.0162599
0.0164999
0.0165461
0.0163628
0.0160354
0.0156444
0.0152661
0.0149991
0.0148867
0.0149767
0.0151536
0.0153729
0.01557
0.0157129
0.0158024
0.0158594
0.0159184
0.0159815
0.0160781
0.0162665
0.0165342
0.0168875
0.0172276
0.0175434
0.0177914
0.0179065
0.0178328
0.0174956
0.0168993
0.0160778
0.0151379
0.0141927
0.0133888
0.0128084
0.012505
0.0124316
0.0125584
0.0128089
0.0130367
0.0131474
0.0130243
0.0126345
0.0120225
0.0112739
0.0105182
0.00987733
0.00947789
0.0093279
0.00941943
0.00974342
0.0102545
0.0108763
0.0115205
0.0121195
0.0126104
0.0129723
0.0132769
0.0135492
0.0138708
0.0142247
0.0146029
0.0150036
0.0154172
0.0158401
0.0163028
0.0167965
0.0173127
0.0178171
0.0182735
0.0186753
0.019017
0.0192695
0.0194332
0.0194982
0.0194436
0.0192775
0.0190118
0.01866
0.0182788
0.0178954
0.017555
0.0172792
0.0170624
0.0169182
0.0167346
0.0165319
0.0162773
0.0159768
0.015647
0.0153299
0.0150034
0.0147338
0.0144649
0.0142018
0.0139542
0.0137293
0.0136063
0.013568
0.0136427
0.0138297
0.0140854
0.0143876
0.0147196
0.0150731
0.0154383
0.0157435
0.0159653
0.0160634
0.0161052
0.0161372
0.0162371
0.0164951
0.0169873
0.0176553
0.0183854
0.0190266
0.0194085
0.0194887
0.0193184
0.0190267
0.0187504
0.0185598
0.0185009
0.0185406
0.0185731
0.018488
0.0182825
0.017964
0.0175969
0.017267
0.0169897
0.0168055
0.0166354
0.0164105
0.0160553
0.0155474
0.0149353
0.0143632
0.013927
0.0137018
0.0137578
0.0140893
0.0146392
0.0153667
0.0161966
0.017053
0.0178516
0.0185612
0.0191471
0.0196352
0.0200004
0.0202258
0.0203195
0.0202179
0.0199586
0.0195521
0.019064
0.0185155
0.01795
0.0173879
0.0168703
0.0164084
0.0160157
0.0157103
0.0154926
0.0153979
0.0154053
0.0154818
0.0156179
0.0157347
0.0158408
0.0159153
0.0160096
0.0161606
0.0164139
0.0167719
0.0171376
0.0174708
0.0176299
0.017508
0.0170622
0.016406
0.0155946
0.0147498
0.0139998
0.013343
0.0128648
0.0125415
0.0124
0.0124463
0.0126948
0.0131957
0.0139471
0.0149262
0.016056
0.017243
0.0183197
0.0191666
0.0197238
0.0200317
0.02017
0.0201753
0.0200961
0.01998
0.0197742
0.019535
0.0192523
0.0189439
0.0185865
0.0181498
0.0176394
0.0170768
0.0165282
0.0160713
0.0157308
0.0155135
0.0153714
0.0152684
0.0151828
0.0151139
0.0150669
0.0150841
0.0151652
0.0152295
0.0152429
0.0151375
0.0148757
0.0144618
0.0139202
0.0133686
0.012896
0.0126184
0.0126043
0.0128496
0.0132714
0.0137511
0.0141201
0.0143081
0.0142557
0.0140323
0.0136516
0.0132023
0.0127008
0.0121393
0.0115787
0.0110455
0.0106066
0.010301
0.01022
0.010432
0.0109987
0.0118823
0.0130043
0.0141621
0.0151426
0.0158014
0.0161142
0.0160997
0.0158632
0.0155404
0.0152289
0.0149876
0.0148064
0.0146949
0.014622
0.0145413
0.0145034
0.0145164
0.0146063
0.0148374
0.0152028
0.0157519
0.0164786
0.017333
0.0182506
0.0192001
0.0200547
0.02075
0.0212405
0.0215113
0.0216369
0.0215867
0.0213483
0.020932
0.0203878
0.0197451
0.0191158
0.0185585
0.0181213
0.0177864
0.0175136
0.0172632
0.0170282
0.0167964
0.0165744
0.0164278
0.016394
0.0165442
0.0168637
0.0173157
0.0178182
0.0182661
0.0185292
0.0185826
0.0183535
0.0178572
0.017182
0.016454
0.0157601
0.0152127
0.0148657
0.0147586
0.0148542
0.0151454
0.015552
0.0160423
0.0165977
0.0172067
0.0179053
0.0186779
0.0195704
0.0205345
0.0215152
0.0224579
0.0232864
0.02387
0.0242153
0.0243266
0.0242412
0.0239501
0.0235023
0.0229353
0.0222925
0.0216059
0.0209554
0.0203723
0.0199133
0.0195762
0.0193274
0.0191366
0.018948
0.0186838
0.0183621
0.0180185
0.0177079
0.0174724
0.0173178
0.0172307
0.0171604
0.0170626
0.0168697
0.0165606
0.0162013
0.0158697
0.0156178
0.0155064
0.0156086
0.0158927
0.0163044
0.0167849
0.0172583
0.017664
0.0179753
0.0181573
0.0182321
0.018172
0.0179606
0.0176383
0.0172548
0.0168788
0.0166269
0.0165268
0.0165747
0.0167196
0.0169429
0.0172369
0.0176354
0.0180969
0.0186183
0.0191315
0.0195697
0.0198677
0.0199248
0.0196713
0.0191285
0.0183578
0.0174843
0.0166902
0.0161042
0.0157742
0.015677
0.0157992
0.0160398
0.0163356
0.0166161
0.0168396
0.0170032
0.0170975
0.0171505
0.017124
0.0170207
0.0167723
0.0163507
0.0157632
0.0151339
0.0145944
0.0142527
0.0141659
0.014305
0.0146083
0.0149935
0.0154032
0.0157773
0.0160614
0.0162816
0.0163997
0.0164808
0.016487
0.0164377
0.0163428
0.016185
0.01602
0.0158186
0.0155935
0.0153502
0.0151056
0.0149429
0.0149455
0.0151965
0.0157171
0.0164541
0.0173172
0.0181873
0.0189438
0.0195281
0.019899
0.0200752
0.0200987
0.0200431
0.0199747
0.0199183
0.0199061
0.0199626
0.0200522
0.0201576
0.0202218
0.0202409
0.0201882
0.0201086
0.019994
0.0198655
0.019737
0.0195777
0.0193664
0.0190453
0.0185666
0.0179223
0.0171552
0.0163142
0.0154685
0.0146721
0.0139359
0.0133188
0.0128221
0.0124477
0.0121958
0.0120781
0.0121232
0.0123702
0.012801
0.013409
0.0140835
0.0147083
0.0152348
0.0156409
0.0159762
0.0162558
0.0164646
0.0165829
0.0165938
0.0164341
0.0161252
0.0156852
0.0151164
0.0144452
0.0137687
0.0131606
0.0127582
0.0125762
0.0126575
0.0129499
0.0134044
0.0139631
0.014541
0.0150818
0.0154824
0.0157276
0.0158391
0.0159609
0.0162377
0.0167645
0.0175143
0.0184023
0.0192687
0.0199273
0.0202196
0.0201628
0.0198475
0.0194347
0.0190165
0.0186426
0.0182794
0.0178781
0.0174404
0.0170098
0.0166633
0.0164992
0.0165933
0.0169412
0.0174995
0.0181828
0.0188924
0.0195723
0.0201416
0.0205457
0.0207495
0.0207298
0.0204624
0.0199622
0.0192531
0.0184449
0.0176005
0.0168152
0.0162022
0.0158001
0.0156509
0.0157711
0.0160692
0.0165131
0.0169746
0.0173664
0.0176107
0.0176917
0.0176372
0.0175379
0.0174737
0.0174888
0.0176256
0.0178666
0.018192
0.0185479
0.0188488
0.0190885
0.0192051
0.0192182
0.0191679
0.0190769
0.0190327
0.019076
0.0191914
0.0193343
0.019479
0.0195614
0.0195812
0.019569
0.0195256
0.0194514
0.0193485
0.019195
0.0189649
0.0187041
0.0184535
0.0182723
0.0181627
0.0181384
0.0181593
0.018155
0.0181095
0.0180418
0.0179689
0.0179525
0.0179451
0.0179429
0.0178992
0.0177559
0.0175274
0.0172194
0.0168615
0.0165002
0.0161279
0.0157939
0.0155197
0.0153085
0.0151026
0.014886
0.0146199
0.0142542
0.0137918
0.013252
0.0126681
0.0120996
0.0115684
0.0111453
0.0107882
0.0105465
0.0104107
0.010363
0.0103845
0.0104124
0.0104164
0.0103651
0.0102777
0.0101917
0.0101856
0.0103496
0.0107553
0.0114768
0.0125256
0.0139116
0.0155605
0.017287
0.0186575
0.0192235
0.0189124
0.0180577
0.0169911
0.0159772
0.0151484
0.0145494
0.0141732
0.0140122
0.0139926
0.0139748
0.0139094
0.0137153
0.0133613
0.0128952
0.0123715
0.0118106
0.0112869
0.0108193
0.0103913
0.01005
0.00983499
0.00977315
0.00990807
0.0102444
0.0107988
0.0115498
0.0123868
0.0132511
0.0140609
0.0148097
0.015422
0.0159518
0.016429
0.0168584
0.0173072
0.0177648
0.0181886
0.0185606
0.0188376
0.0189512
0.0189011
0.0187067
0.0183683
0.0179055
0.0173733
0.0167875
0.0161633
0.0155619
0.0150332
0.0146225
0.0143716
0.0142342
0.0141841
0.0142078
0.0143017
0.0145003
0.0148278
0.0152989
0.0158602
0.0164203
0.0168969
0.0171671
0.0172357
0.017095
0.0167681
0.0163107
0.0157569
0.0151314
0.0144631
0.0137586
0.0130545
0.0123871
0.0118068
0.0113729
0.0111421
0.0111709
0.0113986
0.0118264
0.0123741
0.0130397
0.0137749
0.0145463
0.0152716
0.0158568
0.0162065
0.0163106
0.016167
0.0158442
0.0153586
0.0147866
0.0141782
0.0135972
0.0130987
0.012722
0.0125064
0.0124894
0.0126218
0.0128492
0.0130723
0.0132302
0.0132688
0.01326
0.0132731
0.0132825
0.0131843
0.0129579
0.0126246
0.0122396
0.0118916
0.0115886
0.011381
0.011274
0.0112152
0.011217
0.0113164
0.0115001
0.0118727
0.0124668
0.013238
0.0140953
0.0148342
0.0152303
0.0151619
0.0146454
0.0138746
0.0130413
0.0122953
0.0117261
0.0113782
0.0112606
0.0113362
0.011534
0.0118215
0.012126
0.0123752
0.0125484
0.0126154
0.0125403
0.0123421
0.012088
0.0117695
0.0114915
0.0112582
0.0111448
0.0111199
0.011204
0.0114248
0.0117682
0.0122115
0.0127285
0.0132512
0.0137624
0.0142783
0.0147511
0.0151689
0.0154568
0.0155754
0.0154137
0.0149517
0.0142883
0.0135395
0.0128194
0.0122431
0.0118437
0.0116215
0.0115451
0.0115845
0.0117366
0.0119808
0.0123251
0.0127783
0.013381
0.0141149
0.0149767
0.0159819
0.0170464
0.0181091
0.0189567
0.0193988
0.0192604
0.0185083
0.0172646
0.0157752
0.0142828
0.0129256
0.0118493
0.0110997
0.0106976
0.0106559
0.0109084
0.0114024
0.0120493
0.0127953
0.0135513
0.0142643
0.0149164
0.0154565
0.0158858
0.0162108
0.0164269
0.0165207
0.0165096
0.0164393
0.0163337
0.0161804
0.0160441
0.0159283
0.0158305
0.0157551
0.0157098
0.0156712
0.0156908
0.0158049
0.0160064
0.0162944
0.0166562
0.017056
0.0174651
0.0178502
0.0182069
0.0185102
0.0187247
0.0188418
0.0188329
0.0186858
0.0183979
0.0180196
0.0175478
0.0169865
0.0163381
0.0156428
0.01496
0.0142897
0.013638
0.0129737
0.012259
0.0115641
0.010994
0.0107017
0.0107874
0.0112333
0.0119168
0.0126309
0.0132352
0.0136711
0.0140022
0.0143397
0.0147649
0.0152583
0.0157153
0.0160109
0.0161709
0.0162507
0.0163835
0.0166467
0.0170363
0.0175427
0.0180737
0.018567
0.0189195
0.0190499
0.0189274
0.0186381
0.0183283
0.0181352
0.0182014
0.0185284
0.0190932
0.0198515
0.0207392
0.0216993
0.0226214
0.0234346
0.0240975
0.0245656
0.0248434
0.0249172
0.024801
0.024481
0.0239751
0.0232728
0.022399
0.021419
0.0204254
0.0195351
0.0188695
0.0184729
0.0184042
0.018607
0.0189709
0.0193652
0.0196865
0.019913
0.020031
0.0199949
0.0198601
0.0196066
0.0193163
0.0190859
0.0190425
0.0192464
0.0196713
0.0202293
0.0207565
0.0211044
0.021243
0.0212315
0.0211889
0.0211843
0.0212647
0.0213421
0.0214066
0.0213648
0.0211867
0.0208168
0.02022
0.0194731
0.0186407
0.0178483
0.0171582
0.0165755
0.0160991
0.0156762
0.0153171
0.0150067
0.0147519
0.0145742
0.0144699
0.0144443
0.0145088
0.0146527
0.0148641
0.0151035
0.0153517
0.0156415
0.0159515
0.0162813
0.0165951
0.0168576
0.0170503
0.0171188
0.0170982
0.0169566
0.0167827
0.016649
0.0166312
0.0168037
0.0171696
0.0177035
0.0183233
0.0189745
0.0195295
0.0199691
0.0202771
0.02051
0.0207152
0.0209781
0.0213251
0.0217405
0.0222186
0.022737
0.023261
0.0238083
0.0242968
0.0247212
0.0250073
0.0251759
0.0252405
0.025214
0.0251774
0.0251163
0.025074
0.0249783
0.0247672
0.024354
0.0237148
0.0229165
0.0220979
0.0213951
0.020927
0.0207147
0.0207048
0.0207975
0.0208538
0.0207575
0.0204677
0.0199694
0.0192981
0.0185309
0.0177379
0.0170072
0.0163969
0.0159607
0.015696
0.01553
0.0153908
0.0152398
0.0151442
0.015133
0.0152707
0.0155919
0.0160817
0.016694
0.0174182
0.0181966
0.0189811
0.019713
0.0204047
0.0210135
0.0215616
0.0219855
0.0223118
0.0224786
0.0224658
0.022233
0.0217693
0.0211115
0.0203573
0.0195841
0.018899
0.0183354
0.0179315
0.0176682
0.0175746
0.0176297
0.0177812
0.0180117
0.0182899
0.0185614
0.0187837
0.0189497
0.0190337
0.019096
0.0191664
0.0192658
0.0193434
0.0193601
0.0192279
0.0189482
0.018543
0.018008
0.0173886
0.0166612
0.0158358
0.014934
0.0140336
0.0131915
0.0125106
0.0121165
0.0120028
0.0121587
0.0125272
0.0130139
0.0135334
0.0140542
0.0145178
0.0148862
0.0151612
0.0152964
0.015277
0.015178
0.015046
0.0149727
0.0149883
0.015152
0.0155064
0.0159764
0.016546
0.0170956
0.0175124
0.0177173
0.0176527
0.0173826
0.016971
0.016515
0.0161308
0.0158652
0.0157574
0.0158229
0.0160862
0.0165173
0.0170564
0.0176651
0.018287
0.0188697
0.0194235
0.0199237
0.0204034
0.0208676
0.0213011
0.0217042
0.02201
0.0221342
0.0220415
0.0216461
0.0210045
0.0202158
0.0193974
0.0186434
0.0180511
0.0176159
0.0173375
0.0171404
0.0170246
0.0169731
0.0169449
0.0169162
0.0168255
0.0166097
0.0162063
0.0156006
0.0148453
0.0140124
0.0132057
0.012549
0.0120646
0.0118185
0.011775
0.0119019
0.012166
0.0124786
0.0127864
0.0130781
0.0133476
0.0135688
0.013783
0.0139708
0.0142011
0.0144937
0.014897
0.0154149
0.0160041
0.0166097
0.0171468
0.0175609
0.0177984
0.0178259
0.0176522
0.0173374
0.0169327
0.0165883
0.0163702
0.0163128
0.0164692
0.0167534
0.0170932
0.01741
0.0176295
0.017718
0.017673
0.0174555
0.0170992
0.0166191
0.0161194
0.0157176
0.0155419
0.0156912
0.0162036
0.0170418
0.0180811
0.0191731
0.0201143
0.0207681
0.0209716
0.0207483
0.020158
0.0192804
0.0182204
0.0171217
0.0160318
0.015036
0.0141803
0.0135106
0.0130432
0.0127566
0.0126434
0.0126405
0.0127357
0.0128879
0.0131209
0.0134077
0.0137765
0.0142391
0.0147957
0.0154228
0.0160464
0.0166891
0.0172703
0.0177896
0.0182543
0.0186714
0.0190872
0.0194855
0.0198685
0.0202163
0.020445
0.0205426
0.020487
0.0202474
0.0198626
0.0193871
0.0188707
0.0183439
0.0178835
0.0175364
0.017356
0.0173455
0.0175406
0.0179092
0.0184041
0.0189133
0.0193188
0.0194955
0.0194011
0.0190882
0.0186109
0.0181325
0.0177182
0.0174432
0.0173533
0.0174554
0.0177128
0.0180589
0.0184954
0.0189329
0.0193013
0.0195507
0.0196173
0.0195074
0.0192439
0.0188646
0.0184183
0.0180109
0.0176973
0.0175519
0.0175953
0.017807
0.0181516
0.0186086
0.0191539
0.019705
0.0202209
0.0206051
0.0208525
0.0208882
0.0207429
0.0204664
0.0201226
0.0198006
0.019535
0.0194013
0.0193608
0.0193977
0.019483
0.0196225
0.0198051
0.0200521
0.0203555
0.0206488
0.0209158
0.0210789
0.0211044
0.0209822
0.0207069
0.0203302
0.0198962
0.019433
0.0189834
0.0186468
0.0184342
0.0183523
0.0183361
0.0183386
0.0183219
0.0182057
0.0180507
0.017895
0.0177724
0.0177041
0.0177558
0.0178479
0.0179544
0.0180333
0.0180588
0.018026
0.0179442
0.0178182
0.0177055
0.0176125
0.0175024
0.017373
0.0172161
0.0170249
0.0167591
0.0164307
0.0160355
0.0156035
0.0151248
0.0146353
0.0141868
0.0137994
0.0135019
0.0133249
0.0132464
0.0132459
0.0132703
0.0133568
0.013473
0.0136262
0.0138338
0.0140596
0.0142818
0.0144391
0.0144335
0.0142033
0.0137315
0.0130783
0.01234
0.0116208
0.0110251
0.0106253
0.0104276
0.0104534
0.0106762
0.0110558
0.0115503
0.0121535
0.0128486
0.0136031
0.014381
0.0151389
0.0158172
0.0163558
0.0167123
0.0168848
0.0168631
0.0166281
0.0162189
0.0156234
0.0149492
0.0142447
0.01363
0.0131412
0.0128068
0.0126648
0.0127864
0.0131958
0.0139639
0.0150455
0.0163515
0.0177875
0.0191751
0.020412
0.0214152
0.022145
0.0225243
0.0226212
0.0224388
0.0220491
0.0215178
0.0209628
0.0204381
0.0200474
0.0198265
0.0197815
0.0199031
0.0200954
0.0202504
0.0202394
0.0200326
0.0197243
0.0194424
0.0192108
0.0190474
0.0188985
0.0187458
0.0185647
0.0183179
0.0179967
0.0176332
0.0172478
0.0168442
0.0164658
0.0161724
0.0159499
0.015848
0.0158429
0.0159517
0.0162117
0.0166086
0.0171666
0.0178847
0.0187399
0.0197187
0.020735
0.0216732
0.0224133
0.0228641
0.0230097
0.0228287
0.0223734
0.0216588
0.0207264
0.0196967
0.0186479
0.0176901
0.0169237
0.0164045
0.0161565
0.0161302
0.0161957
0.016249
0.0161948
0.0159538
0.0154929
0.0148628
0.0141352
0.0133749
0.0126997
0.0121307
0.0117437
0.0115247
0.0115091
0.0116875
0.0119946
0.0124384
0.0129314
0.013439
0.0138859
0.0142503
0.0144994
0.0146514
0.0147231
0.0147381
0.01471
0.014692
0.0146751
0.0146495
0.0146034
0.0145238
0.0143638
0.0141428
0.0138364
0.0134643
0.0130459
0.0126203
0.012247
0.0119299
0.0117861
0.0118623
0.0121146
0.0125726
0.0131704
0.0138341
0.0144992
0.0151206
0.0157256
0.0163175
0.0169375
0.0175966
0.0182988
0.0189909
0.0196702
0.0203124
0.0208661
0.0212862
0.0214882
0.021456
0.0211549
0.0206289
0.019948
0.0191836
0.0184503
0.017764
0.0171515
0.0166219
0.0162235
0.0159549
0.0158793
0.0159743
0.0161919
0.0164061
0.0165522
0.016518
0.0162602
0.0157539
0.0150854
0.0143473
0.0136311
0.0130323
0.0125872
0.0123463
0.0123373
0.0125432
0.0129329
0.0134108
0.0139185
0.0143703
0.0147603
0.0151103
0.0154422
0.0157636
0.0160617
0.0163795
0.0167543
0.0172414
0.0178524
0.0186328
0.019534
0.0204849
0.021387
0.0221473
0.0226699
0.0229456
0.0229613
0.0227715
0.0224101
0.0219556
0.021432
0.0208645
0.0202765
0.019718
0.0191288
0.0185536
0.0179752
0.017402
0.0168976
0.0164689
0.0162374
0.016231
0.0164429
0.016847
0.0173213
0.0178127
0.0182124
0.0185167
0.0187082
0.0188096
0.018859
0.0188648
0.0188277
0.0187755
0.0186796
0.0185261
0.0183263
0.0180697
0.0178108
0.0175824
0.0174105
0.0173082
0.0172578
0.0172781
0.0173026
0.0173201
0.0174043
0.0175474
0.0178055
0.0181943
0.018594
0.0189142
0.0190965
0.0190876
0.018907
0.0186638
0.0184296
0.0182574
0.0181584
0.0180839
0.0179471
0.0176152
0.0170982
0.0164863
0.0159313
0.0155605
0.0155031
0.0156688
0.0159671
0.0162424
0.0164172
0.0164422
0.0163575
0.0161754
0.0158513
0.0153944
0.0148252
0.0141708
0.0135434
0.0129988
0.0125682
0.0122924
0.0121974
0.0123139
0.0126125
0.0131535
0.013916
0.0148557
0.0159387
0.0170324
0.0180386
0.0188681
0.0194245
0.0196933
0.0196909
0.0194852
0.0191011
0.0186165
0.0180718
0.0175162
0.0170135
0.0166198
0.016388
0.0163719
0.0165361
0.0168759
0.0172987
0.017655
0.017851
0.0178514
0.0177046
0.0175236
0.0173617
0.0172282
0.0171071
0.0169793
0.0168753
0.0167978
0.0167948
0.0168639
0.016987
0.0170617
0.0170192
0.0168411
0.0165581
0.0162464
0.0160091
0.0159729
0.016202
0.0167347
0.0174454
0.0181892
0.0187935
0.0191261
0.0191541
0.0188878
0.0184139
0.0177743
0.0169746
0.0160296
0.0149622
0.0138379
0.0127362
0.0117875
0.0110467
0.0106249
0.0105352
0.010785
0.011326
0.0121144
0.0130684
0.0141207
0.0151931
0.0161873
0.017039
0.0177438
0.0182693
0.0186412
0.0189024
0.0190953
0.0192481
0.0193973
0.0195897
0.0198164
0.0200595
0.0203226
0.020577
0.0207426
0.0207855
0.0206639
0.020391
0.0200349
0.019672
0.0193809
0.0192332
0.0192007
0.0192576
0.0193736
0.0195091
0.0196137
0.0196489
0.0196718
0.0196381
0.0195498
0.0194035
0.019207
0.0189585
0.0186489
0.0182949
0.0178329
0.0172653
0.0165554
0.0157515
0.0149182
0.0141621
0.0135725
0.0131643
0.0129311
0.0128208
0.0128089
0.0128456
0.0129291
0.013022
0.0131688
0.0133785
0.0136282
0.0139299
0.0142111
0.0144308
0.0145614
0.0145821
0.0144923
0.0143031
0.0140438
0.013773
0.0135316
0.0134163
0.0134472
0.0136006
0.0138265
0.0140427
0.014162
0.0141045
0.013874
0.0135557
0.0132623
0.0131039
0.0131681
0.0134681
0.0140113
0.0147085
0.0154686
0.0162142
0.0168511
0.0173631
0.0177673
0.0180628
0.0182985
0.0184863
0.0186114
0.0186877
0.0186869
0.0185813
0.0183965
0.0181578
0.0179603
0.0178002
0.0176785
0.0176121
0.017513
0.0173446
0.0171065
0.0167932
0.0164584
0.0161473
0.0159669
0.0159491
0.0161548
0.0165691
0.0171419
0.0177751
0.0184033
0.0189699
0.0194904
0.0199122
0.0202681
0.0206018
0.0208996
0.0212239
0.0215506
0.0218326
0.0220572
0.0221527
0.0221144
0.0219747
0.0217743
0.0215304
0.0212665
0.0209467
0.0205151
0.0199592
0.0193116
0.0185842
0.0178295
0.0170873
0.0164578
0.0159819
0.0157043
0.0157113
0.0159909
0.0165763
0.0173715
0.0182784
0.0190939
0.0196744
0.019909
0.0198562
0.0196558
0.0194615
0.0192812
0.0190789
0.0187803
0.0182771
0.0175412
0.0166233
0.015612
0.0146412
0.0138162
0.0132347
0.0129813
0.0130675
0.0134739
0.0141694
0.0150571
0.0159843
0.0167935
0.0173042
0.0174145
0.0171332
0.0165745
0.0158835
0.0151918
0.014594
0.0141608
0.0139338
0.0139112
0.0140704
0.0144131
0.0148685
0.0154291
0.0160797
0.0167944
0.0175487
0.0182709
0.0189098
0.0193889
0.0196771
0.0197203
0.0195978
0.0193486
0.0190882
0.0188753
0.0187417
0.018727
0.0188383
0.0190437
0.0193323
0.0196149
0.0198334
0.0198873
0.0197865
0.0195367
0.0192023
0.0188922
0.0186431
0.0184928
0.0183928
0.0182891
0.0181562
0.0179659
0.0177516
0.0175426
0.0173693
0.0172752
0.0172795
0.0173257
0.0173338
0.0172002
0.0168875
0.0163782
0.0157312
0.0150459
0.0143659
0.0137554
0.0132018
0.012695
0.0122435
0.011862
0.011605
0.0114805
0.0115407
0.0117582
0.0120751
0.0124234
0.0127583
0.0130054
0.0131712
0.0132443
0.0132447
0.0132073
0.0131876
0.0132363
0.0133559
0.0135122
0.0136523
0.013705
0.0136286
0.0134142
0.0130614
0.0126291
0.0121678
0.0117598
0.0115105
0.0114647
0.0116573
0.0120312
0.0125186
0.0129803
0.0133499
0.0136084
0.0137374
0.0137891
0.0138382
0.0139341
0.0141305
0.0144427
0.0148557
0.015327
0.0158343
0.01629
0.0166803
0.0170161
0.0172872
0.0174945
0.0175928
0.0175799
0.0173831
0.0170275
0.0164992
0.0158875
0.0152467
0.0147024
0.0142506
0.0139521
0.0137893
0.0137356
0.0137119
0.0137049
0.0136656
0.0135798
0.0134087
0.0132268
0.0130337
0.0128714
0.0127568
0.0126745
0.0126685
0.0127331
0.0129012
0.013091
0.0132934
0.0134732
0.0135982
0.0136119
0.0135402
0.0134206
0.0132945
0.0131891
0.0131439
0.0131562
0.0131886
0.0132294
0.0132438
0.0132516
0.0132814
0.0133148
0.0134049
0.0135081
0.0136612
0.0137583
0.0138254
0.0138279
0.0137807
0.0136999
0.0136011
0.0135492
0.0135632
0.0137142
0.014034
0.0144879
0.0150426
0.0156266
0.0161758
0.0166829
0.0171337
0.0175306
0.0179219
0.018296
0.0186613
0.0190356
0.0193973
0.0197398
0.0200062
0.0201115
0.0200224
0.0197335
0.0192937
0.0188299
0.0184205
0.0181308
0.0179643
0.0178832
0.0179021
0.0180429
0.0182637
0.0185718
0.0189265
0.0193829
0.0199294
0.0205977
0.0214017
0.0223593
0.0233887
0.0243883
0.0250967
0.0253821
0.0251325
0.0244539
0.0234726
0.0223678
0.0212804
0.0202596
0.0193116
0.0184716
0.0176809
0.0170271
0.0164871
0.0160886
0.0158384
0.0157352
0.0156821
0.0157115
0.01578
0.0158805
0.0160061
0.016158
0.016326
0.0164507
0.0165202
0.0165511
0.0165118
0.0164569
0.0164264
0.0164627
0.0166468
0.0170035
0.0174827
0.0180653
0.0186254
0.0190679
0.0193277
0.0194261
0.0193798
0.0192462
0.0190658
0.0188522
0.0186378
0.0184315
0.0182245
0.018015
0.017835
0.0176809
0.0175503
0.0174197
0.0172647
0.0170236
0.0166855
0.0162932
0.0159025
0.0155969
0.015428
0.0154173
0.0155876
0.015923
0.0163442
0.0168153
0.0172941
0.0176824
0.0179897
0.018196
0.0183061
0.0183332
0.0182785
0.0180897
0.017754
0.0172977
0.0167142
0.0160775
0.0154904
0.0149916
0.0146803
0.0145803
0.014713
0.0150315
0.015505
0.0160449
0.0165727
0.0170241
0.0173514
0.0175249
0.0175648
0.0174454
0.0171572
0.0166932
0.0161221
0.0155166
0.0149715
0.0145621
0.0143271
0.0142422
0.0142781
0.0143636
0.0144411
0.0145246
0.0146506
0.014838
0.0151258
0.0154815
0.0159012
0.016363
0.016858
0.0173733
0.0179208
0.0185272
0.0191554
0.0197311
0.0202105
0.0205615
0.0207604
0.020754
0.0205709
0.0202078
0.0196973
0.0190557
0.0182874
0.0174991
0.0167765
0.0162432
0.0159914
0.0160864
0.01653
0.0172628
0.018248
0.019335
0.0204287
0.021375
0.022046
0.0223592
0.0222696
0.0217874
0.0210104
0.0200975
0.0191453
0.0183084
0.0175774
0.017051
0.0166669
0.0164506
0.0163576
0.0163505
0.0164637
0.0167018
0.0170793
0.01758
0.0181763
0.0188635
0.0195466
0.0201679
0.0206689
0.0210234
0.0212265
0.0212878
0.0212376
0.0211094
0.0209504
0.020769
0.020613
0.0204706
0.0203458
0.0201932
0.0199991
0.0196665
0.0192281
0.0187217
0.0182986
0.0180489
0.0180176
0.0182316
0.0186141
0.0190839
0.0195615
0.0199923
0.0203216
0.0204853
0.0203839
0.0200052
0.0193548
0.0185513
0.0177392
0.0169324
0.0162048
0.0155232
0.0149309
0.0144086
0.0139373
0.0135496
0.0132599
0.0131022
0.0130791
0.0131954
0.0134186
0.0137387
0.0141356
0.014635
0.0152389
0.0159193
0.0166871
0.0174808
0.0182705
0.018962
0.0195503
0.0200228
0.0204227
0.0208566
0.0213447
0.0218897
0.0224588
0.0229787
0.0233832
0.0236397
0.0237131
0.0235701
0.0231758
0.0225438
0.0217579
0.0208892
0.020056
0.0193083
0.0187248
0.0183016
0.0180486
0.0179163
0.0178364
0.0177558
0.0176199
0.0174302
0.0172072
0.0170576
0.0170719
0.017255
0.0176525
0.018194
0.0187805
0.0192772
0.0195955
0.0196445
0.019429
0.0189736
0.0183172
0.0175774
0.0167866
0.01604
0.0153359
0.0147245
0.0141766
0.0137198
0.01334
0.0130613
0.0129041
0.0128723
0.0130168
0.0133194
0.0137698
0.0143501
0.0149507
0.0155333
0.0160419
0.0164141
0.0166785
0.016831
0.0168881
0.0168717
0.0167915
0.0166566
0.0165079
0.0164041
0.0163932
0.0164892
0.0167266
0.0170729
0.0175184
0.0180552
0.0186217
0.019229
0.0198094
0.0203336
0.0207453
0.0209384
0.0208883
0.020664
0.0203866
0.0200889
0.019717
0.0193296
0.0189482
0.0186148
0.0184422
0.0183823
0.0184214
0.0185465
0.0187225
0.0189359
0.0191763
0.0193911
0.0195935
0.0197555
0.0198878
0.019977
0.0199666
0.0198396
0.0195082
0.0189511
0.0182212
0.0173854
0.0165592
0.0158226
0.0152212
0.0147732
0.0144392
0.0142161
0.0140394
0.0139104
0.013804
0.0137564
0.0137796
0.0139542
0.014285
0.0147815
0.015425
0.0161743
0.01693
0.0176
0.0181165
0.0184053
0.0184049
0.0182128
0.017891
0.0175801
0.0173561
0.0172008
0.0170581
0.0169244
0.0168242
0.0168605
0.017122
0.0175305
0.0180512
0.0186179
0.0192122
0.0198269
0.0204327
0.0209525
0.0213123
0.0214031
0.021221
0.0208093
0.020213
0.0195176
0.0187395
0.0179126
0.017053
0.0162136
0.0154352
0.0148254
0.0144564
0.0143569
0.0145356
0.0149607
0.0155484
0.0162608
0.0170165
0.0177811
0.0184924
0.0190932
0.0195439
0.01974
0.0196334
0.0192307
0.0186819
0.0181505
0.0177723
0.017611
0.0176834
0.0179025
0.0182368
0.0185691
0.0188552
0.0190509
0.0191508
0.0191388
0.0190459
0.0188035
0.0184489
0.0179391
0.0173618
0.0168136
0.0164078
0.0162712
0.016482
0.0170804
0.0179899
0.018988
0.0197958
0.020261
0.0204938
0.0206174
0.020727
0.0208042
0.0207723
0.0206095
0.0203069
0.0198506
0.0192736
0.0185848
0.0178879
0.0172187
0.0166241
0.0161491
0.0157879
0.0155177
0.0152828
0.0150321
0.014695
0.014286
0.0138197
0.013339
0.0129078
0.0125778
0.0124046
0.0123989
0.0124934
0.0126606
0.0128492
0.0130615
0.0133506
0.013743
0.0142864
0.0149784
0.01576
0.0165482
0.0172211
0.0177035
0.0179746
0.0180794
0.0180979
0.0180965
0.0181514
0.0182651
0.0184045
0.0185266
0.0185641
0.0184167
0.0180539
0.0174365
0.0166407
0.0157226
0.0148148
0.0140422
0.0135111
0.0132449
0.0131687
0.0132631
0.0134414
0.0136303
0.0138972
0.0142736
0.0147609
0.0153559
0.016046
0.0168482
0.0177304
0.0186346
0.0195187
0.0202022
0.0206167
0.0207051
0.0204712
0.020028
0.0195008
0.0189754
0.0185915
0.0183956
0.01844
0.0186881
0.0190814
0.0195691
0.0200661
0.0204853
0.0207925
0.0209633
0.0210194
0.0209048
0.020627
0.0202272
0.0197326
0.0192426
0.0188105
0.0184688
0.0182159
0.0180375
0.0177878
0.0174255
0.0168935
0.0162313
0.0155604
0.0149957
0.0146319
0.0145478
0.0147
0.0150752
0.0155935
0.0161499
0.0166759
0.0170817
0.0173861
0.0176516
0.0179418
0.0183004
0.0187903
0.0194007
0.0201286
0.0208989
0.0216353
0.02226
0.0226886
0.0229044
0.0228879
0.022708
0.0224522
0.0221979
0.0219907
0.0218647
0.0218129
0.0217381
0.0215978
0.0213265
0.0208744
0.0202184
0.0194248
0.0185489
0.0177202
0.0169917
0.0164199
0.0160325
0.0158138
0.0157189
0.0156743
0.0156218
0.0155066
0.0153095
0.0150961
0.0149091
0.0148565
0.0149421
0.0151676
0.0154516
0.0157494
0.0159004
0.0158491
0.0155684
0.0151073
0.0145462
0.0139672
0.0133981
0.0128902
0.0124539
0.0121247
0.011903
0.0118148
0.0118677
0.012063
0.0123736
0.0127419
0.0131193
0.0134536
0.013694
0.0137776
0.0137481
0.0136501
0.0135085
0.0133679
0.0132735
0.0132048
0.0131538
0.0130869
0.0130103
0.0129465
0.0128769
0.0128098
0.0127587
0.0127142
0.0127047
0.0127318
0.0128451
0.0129906
0.013181
0.013362
0.0135133
0.0136419
0.0137392
0.0139241
0.0141882
0.0145735
0.0150665
0.0156344
0.0162564
0.0168487
0.0173341
0.0176573
0.0177814
0.0176999
0.017485
0.0171891
0.0168619
0.0165675
0.0163434
0.01624
0.0162315
0.0163121
0.0164352
0.0165854
0.0167006
0.0167764
0.0167756
0.0167366
0.0166805
0.016683
0.0167755
0.0169752
0.0172949
0.0177122
0.0181282
0.0185157
0.0188295
0.0190455
0.0191654
0.0191129
0.0189199
0.0185996
0.0181802
0.0176778
0.0171552
0.0166755
0.0162839
0.0160268
0.0159305
0.0160625
0.0163904
0.0169217
0.0175171
0.0180665
0.0184088
0.0184355
0.0180856
0.0173942
0.0164682
0.0154437
0.014437
0.0135397
0.0128295
0.0124007
0.0122587
0.0124227
0.0128956
0.013618
0.0144662
0.0153076
0.015957
0.0163349
0.0164201
0.0162225
0.0158509
0.015381
0.0148845
0.014462
0.0141054
0.0137719
0.0133925
0.0129789
0.0124779
0.0118648
0.0112142
0.0105947
0.010113
0.00983212
0.0098309
0.0101375
0.0107491
0.0116635
0.0127716
0.0139869
0.0152202
0.0163959
0.0174946
0.0185045
0.0194021
0.0201379
0.0207035
0.0210596
0.021163
0.0210565
0.0207743
0.0203703
0.0199175
0.0194589
0.0190557
0.018734
0.0185532
0.018502
0.0185915
0.0188151
0.0191376
0.0195427
0.0199683
0.0203371
0.0205799
0.0206621
0.0205627
0.0203645
0.0200665
0.0197397
0.019431
0.0191993
0.0190449
0.0189685
0.0189227
0.0188985
0.0188525
0.0187104
0.018443
0.0180219
0.0175666
0.0171026
0.0167358
0.0165651
0.0166571
0.0169837
0.0175516
0.0183186
0.0192322
0.0202716
0.0213622
0.0224392
0.0234268
0.0242838
0.0249481
0.0253605
0.025489
0.0253287
0.024967
0.024431
0.023859
0.0233112
0.0228457
0.0224822
0.0222307
0.0220778
0.0220653
0.0221622
0.0223166
0.0224619
0.0225045
0.022351
0.0219438
0.0212775
0.0203809
0.0193521
0.0182548
0.0171676
0.016121
0.0152016
0.0144366
0.0138664
0.0134698
0.0132368
0.0131162
0.0131169
0.0132315
0.0134972
0.0138942
0.0144154
0.0150222
0.0156501
0.0162199
0.016664
0.0168832
0.0167956
0.0164267
0.0158351
0.0151382
0.0143966
0.0136906
0.0131327
0.0127609
0.0126377
0.0128052
0.0132567
0.0139776
0.0149582
0.0161171
0.017371
0.0186279
0.0198237
0.0209588
0.0219883
0.0228623
0.0234576
0.0237097
0.0235882
0.0231326
0.0224298
0.0215215
0.0205157
0.0194336
0.0183344
0.0172531
0.0162522
0.0153849
0.0147181
0.01429
0.0140759
0.0140616
0.0142207
0.0144563
0.0146847
0.0148406
0.0149178
0.0149384
0.0149057
0.0149028
0.0149228
0.0149538
0.0149737
0.0149473
0.0148731
0.0146983
0.014478
0.0142269
0.0139719
0.0137777
0.0136517
0.0136233
0.0136525
0.0137133
0.0138037
0.0138963
0.0139216
0.0138318
0.0136178
0.0133638
0.0131065
0.0129263
0.0128581
0.0129339
0.0131253
0.0133811
0.0136572
0.0139312
0.0142204
0.0145831
0.0150643
0.0156688
0.0163382
0.01696
0.0174421
0.0176808
0.017661
0.0174591
0.0171872
0.0169399
0.0168241
0.0168952
0.0171516
0.0175686
0.0180158
0.018363
0.0185383
0.0185258
0.0183178
0.0179887
0.0175809
0.0171331
0.016719
0.0163651
0.0161089
0.0159403
0.015868
0.0158933
0.0159592
0.0160711
0.0162468
0.0165186
0.0169052
0.0173679
0.0178732
0.0182865
0.0185017
0.0184417
0.0181501
0.0177392
0.0173344
0.0170734
0.0170546
0.0173132
0.0178173
0.0185146
0.0192402
0.0198639
0.0202401
0.0203214
0.0201586
0.0197854
0.0193105
0.0188144
0.018332
0.0179637
0.0177417
0.0177391
0.0179541
0.0184111
0.0190273
0.0197219
0.02043
0.0211014
0.021609
0.0218668
0.0218764
0.0216194
0.0211359
0.0205194
0.0198911
0.0193251
0.018861
0.0185263
0.0183193
0.0181804
0.0180621
0.0179626
0.0178632
0.0178178
0.017858
0.0180253
0.0183772
0.0188809
0.0194713
0.0200124
0.020367
0.0204561
0.0202617
0.0199019
0.0194697
0.0190746
0.0188302
0.0188049
0.0190539
0.0195967
0.020396
0.0213537
0.0223587
0.0232055
0.0237677
0.02394
0.0237445
0.0232574
0.0225634
0.0217819
0.020983
0.0202362
0.0195637
0.0189996
0.0185981
0.0183612
0.0183048
0.0184014
0.0185792
0.0187754
0.01888
0.0188119
0.0185863
0.0182555
0.0178523
0.0174027
0.0170159
0.0167224
0.0164723
0.0161896
0.0157949
0.0151809
0.0143823
0.0134111
0.0123438
0.0112275
0.0101622
0.00918198
0.00835414
0.00770742
0.0072996
0.00712803
0.00721526
0.00755161
0.00814486
0.00898363
0.0100144
0.0111881
0.0124083
0.0135925
0.0146595
0.0155937
0.0163545
0.0169433
0.017342
0.017514
0.0174387
0.0171114
0.0165255
0.0157432
0.0148762
0.0140346
0.0132936
0.0127141
0.0122895
0.01199
0.0117816
0.011628
0.0115169
0.0114526
0.0114318
0.0114538
0.0114985
0.0115592
0.0116603
0.0117952
0.0120106
0.012319
0.0127433
0.013296
0.0139436
0.014586
0.0151566
0.0155352
0.0156628
0.0155568
0.0152587
0.0148602
0.0144757
0.0141385
0.0138848
0.0136996
0.0135813
0.013514
0.0134799
0.0134627
0.0134748
0.01354
0.0136874
0.0139136
0.0142447
0.0146337
0.0150369
0.0153579
0.0155573
0.0156169
0.0155497
0.0153907
0.015235
0.0151879
0.0152895
0.0155942
0.0160767
0.0166798
0.0173168
0.0178806
0.0183434
0.0186563
0.0188283
0.0189347
0.0190485
0.0192313
0.0195139
0.0199346
0.0204285
0.0209709
0.0215066
0.0219507
0.0222376
0.0223313
0.0221858
0.0217866
0.0211543
0.0203131
0.0192858
0.0181202
0.0169077
0.0157217
0.0146269
0.0136851
0.0129441
0.012429
0.0121091
0.0119638
0.0119681
0.0121014
0.0123404
0.012678
0.0131012
0.0135696
0.0141163
0.0146869
0.0152519
0.0157998
0.016274
0.0166409
0.0169163
0.0171394
0.0173346
0.0175341
0.017728
0.0179179
0.018093
0.0182368
0.0183267
0.0183027
0.0181843
0.0179228
0.0175152
0.0170023
0.0163758
0.0157274
0.0151444
0.0147285
0.014516
0.0145194
0.0147408
0.0151569
0.015699
0.0163249
0.0169671
0.0175786
0.0181543
0.0186349
0.0190052
0.0192528
0.0193942
0.0194407
0.0194264
0.0193888
0.0194126
0.0195198
0.0197186
0.0199225
0.0200704
0.0201235
0.0200534
0.0199982
0.0199559
0.0199925
0.0200826
0.0201996
0.0203472
0.020437
0.0204343
0.0203057
0.0200029
0.0195233
0.0188943
0.0181651
0.0174044
0.0167304
0.0162177
0.0158981
0.0157521
0.0157114
0.0156719
0.0155669
0.0153816
0.0151329
0.0148951
0.0147078
0.0145909
0.0145379
0.0145176
0.0144654
0.0143646
0.0142166
0.0140762
0.0139631
0.0139203
0.0139922
0.014169
0.0144582
0.0148314
0.015277
0.0157363
0.0161598
0.0165021
0.0167413
0.0168439
0.016816
0.0166546
0.0164028
0.0161221
0.0158522
0.0156598
0.0155758
0.015623
0.0157481
0.0159253
0.0161565
0.0163432
0.0165051
0.0165737
0.0165192
0.0163791
0.016244
0.0161534
0.0160966
0.0160176
0.0158182
0.015461
0.0149999
0.0145547
0.014165
0.0139378
0.0138928
0.0139479
0.0139878
0.0140047
0.0140802
0.0142588
0.0146097
0.0150738
0.0155267
0.015837
0.0159469
0.0159034
0.015749
0.0156013
0.0155204
0.0155273
0.0156516
0.0158414
0.0160188
0.0160998
0.016043
0.0158911
0.0156323
0.0153369
0.015005
0.0146815
0.0144306
0.0142745
0.0142313
0.0142381
0.0142624
0.0141981
0.014023
0.0137219
0.0134004
0.0131609
0.0130504
0.0131081
0.0132587
0.013408
0.0134577
0.0133327
0.0130208
0.0125809
0.0120942
0.0116581
0.0113546
0.0112194
0.0112648
0.0113557
0.0115002
0.0117699
0.0123137
0.0132005
0.0144697
0.016068
0.0178929
0.0197338
0.0213339
0.0225782
0.0234027
0.0238731
0.02415
0.0243067
0.0244379
0.0244934
0.0244116
0.024121
0.0235622
0.0227343
0.0216808
0.0204894
0.0192855
0.018158
0.0172014
0.0164481
0.0159739
0.0157717
0.0158241
0.0161225
0.0166269
0.017234
0.017849
0.0183242
0.0185644
0.0186068
0.0185664
0.0185568
0.0187564
0.0192298
0.0199286
0.0207801
0.0216201
0.0222576
0.0225302
0.0223599
0.0218272
0.0210493
0.0201583
0.0192938
0.0185401
0.0179319
0.0174924
0.0171539
0.0169178
0.016708
0.0165119
0.0163061
0.0160795
0.0158877
0.0157533
0.0157444
0.0158826
0.0161553
0.0165493
0.0170499
0.0176146
0.0182572
0.018927
0.0195963
0.0202649
0.0208578
0.0213721
0.0218108
0.0221695
0.022491
0.0227947
0.0231231
0.0234482
0.0237716
0.0240062
0.0240686
0.0238408
0.0232546
0.0223374
0.0211315
0.0197374
0.018339
0.0170771
0.0160632
0.0153556
0.0149879
0.014993
0.0153638
0.0160952
0.0171362
0.0184776
0.0200347
0.0217812
0.0235186
0.0250644
0.0261759
0.0266291
0.0263995
0.02557
0.0243324
0.022884
0.0213638
0.0198647
0.0185535
0.0175223
0.0168416
0.0165724
0.0167066
0.0171999
0.017957
0.018903
0.0198263
0.0206696
0.0213033
0.0216876
0.0217928
0.0215589
0.0210241
0.0201983
0.0191546
0.0179619
0.0166238
0.0152439
0.0138567
0.0125626
0.0114391
0.0105608
0.0100264
0.0098683
0.0100946
0.0106825
0.0115706
0.0126576
0.0138034
0.0148968
0.0158923
0.0167251
0.0174541
0.0180741
0.0186111
0.0190455
0.0193647
0.019568
0.019629
0.0195795
0.019432
0.0191788
0.0187904
0.018275
0.0176233
0.0169011
0.0161712
0.0154641
0.0148676
0.0143681
0.0139938
0.0137077
0.0135248
0.0134047
0.0133409
0.0133572
0.0134337
0.0135673
0.013776
0.0140826
0.0144522
0.0148588
0.0152251
0.0155412
0.0157892
0.0159695
0.0160904
0.0161953
0.0162814
0.0163522
0.016418
0.0164456
0.0164088
0.0162701
0.0160437
0.0157674
0.0154306
0.0151257
0.0148617
0.0146612
0.0145687
0.0145196
0.0145056
0.014482
0.0144475
0.0143598
0.0142449
0.0141025
0.0139385
0.0137705
0.0135912
0.0133814
0.0131203
0.0128063
0.0124852
0.0121917
0.0119747
0.0119246
0.0120677
0.0124334
0.013046
0.0138584
0.0148126
0.0158702
0.0169728
0.0180343
0.0189993
0.0198169
0.0204248
0.0208208
0.0210298
0.021132
0.0211776
0.0211767
0.0211894
0.021163
0.0210569
0.0208033
0.0203369
0.0195764
0.018587
0.0174671
0.0163755
0.0154173
0.0146216
0.0139896
0.0134445
0.0129826
0.012553
0.0121533
0.0118312
0.0115876
0.011491
0.0115927
0.0119081
0.0124104
0.0130696
0.0138243
0.0146356
0.0154627
0.0162414
0.0170044
0.0176984
0.0183316
0.018862
0.0192421
0.0195066
0.0196226
0.0196298
0.0195468
0.0193927
0.0192102
0.0189812
0.0186473
0.0182567
0.017823
0.0174199
0.0171704
0.0171666
0.0174147
0.0179572
0.0186627
0.0194206
0.0200356
0.0203829
0.0204013
0.0201634
0.0197411
0.0191921
0.0185669
0.0178925
0.0172663
0.0167356
0.016418
0.016334
0.0165076
0.0169095
0.0175297
0.0183046
0.0192003
0.0200615
0.0207391
0.0211206
0.0211005
0.0207619
0.020219
0.0196193
0.0190552
0.0185782
0.0181893
0.0178894
0.0176259
0.0173448
0.0170003
0.0165227
0.0158898
0.0152159
0.0146302
0.0142377
0.0140757
0.0141194
0.0142512
0.0142698
0.0140927
0.0137728
0.013504
0.0134476
0.0137082
0.01423
0.0149469
0.0157728
0.0166494
0.0175132
0.0183317
0.0190817
0.0197395
0.0202764
0.0206413
0.0208489
0.0208828
0.0207814
0.0205917
0.0203446
0.0201012
0.0199146
0.0198247
0.019871
0.0200818
0.0204117
0.0208263
0.0212947
0.0216987
0.0219667
0.0220087
0.0217568
0.0212323
0.0204961
0.0196603
0.0187786
0.0179136
0.0170956
0.0163099
0.0156262
0.0150378
0.0146539
0.0145079
0.0146475
0.0151106
0.0158808
0.0169599
0.0182529
0.0196595
0.0210115
0.0221754
0.0229835
0.023423
0.0235362
0.0234276
0.0231432
0.0227138
0.0222278
0.0217079
0.0212184
0.020855
0.0206555
0.0205671
0.0205182
0.02044
0.0202303
0.0198924
0.0194937
0.0191321
0.018901
0.0188031
0.0188131
0.0188799
0.0189983
0.0191934
0.0195133
0.0199486
0.0205432
0.0212342
0.0219088
0.0224021
0.0225463
0.0222608
0.0216061
0.0207691
0.019964
0.0193442
0.018978
0.0188423
0.0188739
0.0189814
0.0190781
0.0191182
0.0190884
0.0189624
0.0187729
0.018579
0.0184728
0.0185239
0.0187528
0.0191304
0.0195736
0.0200136
0.0203308
0.0205169
0.0205278
0.0204244
0.0201958
0.0199193
0.0196756
0.0195206
0.0194805
0.0195096
0.0195563
0.0194557
0.0191276
0.0184927
0.0176237
0.0166512
0.0157232
0.0149734
0.014467
0.0142078
0.0141815
0.014306
0.0145048
0.0147109
0.0148513
0.0149393
0.0149592
0.014921
0.0148568
0.0147858
0.0147696
0.0148306
0.0149791
0.0152317
0.0156097
0.0160824
0.0166385
0.0172729
0.0179706
0.0186986
0.0194102
0.0200315
0.020566
0.0209832
0.0212625
0.0213812
0.0212712
0.0209254
0.0203286
0.0195392
0.0186888
0.0178449
0.0170944
0.0164797
0.0160451
0.0157757
0.0156874
0.0157048
0.0158049
0.015987
0.0162213
0.0164605
0.0167383
0.0169989
0.0172102
0.0173468
0.0173834
0.0173675
0.0172759
0.0170995
0.0168535
0.0165619
0.0162146
0.0158429
0.0154318
0.0149781
0.0145744
0.0142427
0.0140091
0.013891
0.0138831
0.0139497
0.0140683
0.0141629
0.0141753
0.0140813
0.0139159
0.0137325
0.0135691
0.0135363
0.0136915
0.0140798
0.0147044
0.0155426
0.0164978
0.0174752
0.0183838
0.0191523
0.0197842
0.0202924
0.0206918
0.0209798
0.0211117
0.0210804
0.0208596
0.0204909
0.0200421
0.0195916
0.0191945
0.0188948
0.0186846
0.0185497
0.0184613
0.0183587
0.0182245
0.0180598
0.0178741
0.0176735
0.0175179
0.0174475
0.0174837
0.0176705
0.0179978
0.0184793
0.0190864
0.0197733
0.0204356
0.0209821
0.0213617
0.0215328
0.0215336
0.0213867
0.0211461
0.0208413
0.0205288
0.0202321
0.01997
0.0197706
0.0196531
0.0196073
0.0196022
0.0196223
0.0196044
0.0195497
0.0194604
0.0193509
0.0192462
0.0191447
0.0190585
0.0189681
0.0188943
0.0188193
0.018753
0.018697
0.0185926
0.0184265
0.0182083
0.0179395
0.0176118
0.0172722
0.0169542
0.0167002
0.0165831
0.0165916
0.0167612
0.017096
0.0175909
0.0182216
0.0189067
0.0195771
0.0201533
0.020563
0.020788
0.0208595
0.0207849
0.0206094
0.0203609
0.0200949
0.0197769
0.0194595
0.0191279
0.0187473
0.0183655
0.0179961
0.0176596
0.0174038
0.0172701
0.0172556
0.0173978
0.017672
0.0180845
0.018628
0.0192821
0.0199291
0.0205266
0.0210357
0.0214471
0.0218303
0.0222686
0.0228327
0.0234612
0.0240545
0.0244983
0.0246485
0.0244826
0.0239862
0.0232257
0.022305
0.0213352
0.0203848
0.0195094
0.0187658
0.0181983
0.0178376
0.0177178
0.0178195
0.0181051
0.0184959
0.0189375
0.0193375
0.0196642
0.0198849
0.0200203
0.0200537
0.0199656
0.0197349
0.0193158
0.01868
0.0178736
0.0169697
0.0160454
0.0151495
0.0143912
0.0137481
0.013276
0.0129804
0.0128411
0.0127542
0.0126177
0.0122995
0.0117288
0.0109736
0.010166
0.0095152
0.0090821
0.00889095
0.00888649
0.00900106
0.00918335
0.00943149
0.00972727
0.0100627
0.0104388
0.0108836
0.0113707
0.0119317
0.0125489
0.0132032
0.0138097
0.0143194
0.0146805
0.0148871
0.0149382
0.0149085
0.0149281
0.0150336
0.0152854
0.0156715
0.0161912
0.016774
0.0174093
0.0180806
0.0187725
0.0194937
0.0202102
0.0208659
0.0214192
0.0217887
0.0219017
0.0216924
0.0211332
0.0202555
0.0191136
0.0178339
0.0165414
0.0153267
0.0142393
0.0132571
0.0124107
0.0117198
0.0112661
0.0111299
0.0113015
0.0117503
0.0123779
0.013029
0.0135736
0.0139028
0.0139487
0.0138143
0.013689
0.0137001
0.0139347
0.0143605
0.0149062
0.0154418
0.0158769
0.0161761
0.0163267
0.0163521
0.0163641
0.0164117
0.0165407
0.0167993
0.0171829
0.0176822
0.0182943
0.0190106
0.0197834
0.0205612
0.021312
0.0219321
0.0223451
0.0224793
0.0223445
0.0219207
0.0212778
0.0205104
0.0197228
0.019036
0.0185635
0.0183497
0.018444
0.018828
0.0194425
0.0201866
0.0209369
0.0215127
0.0217796
0.021719
0.0213698
0.0208498
0.0202657
0.0197716
0.0194128
0.0192218
0.0191476
0.0191322
0.0191187
0.0190818
0.0190159
0.0189283
0.0188081
0.0186726
0.0185519
0.0184095
0.0182677
0.01808
0.0178405
0.0175904
0.0173483
0.0171764
0.0171659
0.0173353
0.0177171
0.0182602
0.0188963
0.0195361
0.0200844
0.0204712
0.0206164
0.0205001
0.020104
0.0195013
0.0187536
0.0178955
0.0170165
0.0161805
0.0154192
0.0148306
0.0144333
0.0142903
0.0143914
0.0147016
0.0151095
0.0155816
0.0160645
0.0165447
0.0169809
0.0173703
0.0176119
0.0176808
0.0175688
0.0173314
0.0170506
0.016791
0.0165535
0.0163678
0.0162254
0.0161071
0.0160245
0.0159822
0.0159501
0.0159383
0.0158857
0.015764
0.0155677
0.0153012
0.0149947
0.014686
0.0144191
0.0142999
0.0143536
0.0146021
0.0150689
0.0156388
0.0162814
0.0169325
0.0175314
0.0180589
0.0185281
0.0189116
0.0192055
0.0194302
0.0196137
0.0197322
0.0198186
0.0198707
0.0199759
0.0201449
0.0204114
0.0207495
0.0211913
0.021698
0.0222084
0.0227073
0.02313
0.0233494
0.0232433
0.0227539
0.021861
0.0206803
0.0193767
0.0180514
0.0168376
0.0157962
0.015024
0.0144689
0.0141713
0.0141029
0.0141635
0.0143264
0.0145388
0.014751
0.0149632
0.0151626
0.0153542
0.015571
0.0157419
0.0158847
0.0159862
0.0160322
0.0160688
0.0160993
0.0161571
0.0162121
0.0162686
0.0162681
0.0161834
0.0160559
0.0159317
0.0158731
0.0159363
0.0161026
0.0163083
0.0165527
0.0167957
0.0170684
0.0174408
0.0179249
0.0185389
0.0192713
0.020057
0.0207727
0.0213475
0.0216668
0.0216531
0.0213301
0.020795
0.0201406
0.0194838
0.0189347
0.0185172
0.0182411
0.0180626
0.0179822
0.0180304
0.0182475
0.0186418
0.0192147
0.0198721
0.0205346
0.0211234
0.021624
0.0220046
0.0222699
0.0224891
0.0226963
0.0228694
0.0230168
0.0231
0.0230696
0.0228917
0.0225111
0.0219418
0.0212107
0.0203252
0.0193308
0.0182992
0.0173131
0.0164242
0.0156275
0.0149141
0.0142382
0.0135573
0.0129358
0.0124446
0.0121255
0.0120173
0.0121278
0.0123651
0.0126981
0.0130701
0.0134394
0.0137542
0.0140037
0.0142004
0.014369
0.014503
0.0146495
0.0148751
0.0151533
0.01552
0.0159108
0.0162742
0.0165228
0.0165927
0.0164739
0.0162405
0.0159572
0.0157083
0.0155249
0.0154079
0.0153337
0.015253
0.0151254
0.0150461
0.0150977
0.0153908
0.0159131
0.0166777
0.0175021
0.0181798
0.0185516
0.0186267
0.0185032
0.01827
0.0178919
0.0173087
0.0165846
0.0158706
0.0152745
0.0147745
0.014416
0.0142247
0.0142104
0.0144117
0.0148164
0.0153572
0.0159713
0.0166354
0.0173103
0.0180104
0.0187516
0.0195792
0.0204269
0.0212761
0.0220312
0.022603
0.0229504
0.0230341
0.0229338
0.0227125
0.022433
0.0221177
0.0217467
0.021307
0.0207748
0.0201509
0.0195076
0.0189141
0.0185078
0.018375
0.0185568
0.019003
0.0194988
0.0197843
0.019764
0.0194674
0.019099
0.0187961
0.0186421
0.0187306
0.0189996
0.0193833
0.0197644
0.0200731
0.0202127
0.0200984
0.0197194
0.0190808
0.0182864
0.0174447
0.0166208
0.0159155
0.0154193
0.015103
0.0149852
0.0150522
0.0152803
0.0156745
0.0161693
0.0167009
0.017187
0.0175755
0.0178338
0.017904
0.0177657
0.0173709
0.0167771
0.0160574
0.0152986
0.0145981
0.0139979
0.0135034
0.0130989
0.0127911
0.012548
0.01236
0.0122176
0.0121042
0.0120463
0.0120617
0.0121847
0.0124449
0.0128974
0.0134875
0.0141814
0.0149453
0.0157303
0.0164554
0.0170805
0.0176292
0.0181207
0.018609
0.0191173
0.0196778
0.0202443
0.0207612
0.0211628
0.0213744
0.0213839
0.0211215
0.0206043
0.0198211
0.0188988
0.0179582
0.0171785
0.0166814
0.0165245
0.016704
0.017139
0.017733
0.0184051
0.0190676
0.0196863
0.0201876
0.0205356
0.0206946
0.0206794
0.0204752
0.0201496
0.0198516
0.0196967
0.0197603
0.0200236
0.0204497
0.0210025
0.0216047
0.0222299
0.0228384
0.0233842
0.0237396
0.0238033
0.023438
0.0226211
0.0214359
0.0200584
0.0186281
0.0172798
0.016091
0.0150946
0.0143249
0.0137406
0.0133721
0.0131963
0.0132386
0.0134983
0.0139523
0.0145731
0.01532
0.0161315
0.01695
0.0176838
0.0182511
0.0185912
0.0186745
0.0185054
0.0181746
0.0177801
0.0174482
0.0172907
0.0173278
0.0175984
0.0180388
0.018528
0.0189647
0.0192
0.0192074
0.0190014
0.0185698
0.0179906
0.0173255
0.0166307
0.0159692
0.0154228
0.0150394
0.0148822
0.0149764
0.0152809
0.0157228
0.0162021
0.016611
0.0168275
0.0167936
0.0165137
0.0160351
0.0153976
0.0147192
0.0141216
0.0136705
0.0134466
0.0135221
0.0139118
0.0145825
0.0154454
0.0164142
0.0174044
0.0183622
0.0192164
0.0199398
0.020536
0.0209921
0.0213176
0.0214841
0.0215269
0.0214094
0.0211212
0.0206909
0.0201379
0.0195241
0.0189098
0.0183412
0.0178259
0.0173615
0.0169447
0.0165395
0.016156
0.0157972
0.0154703
0.0152388
0.0151183
0.0151155
0.0152524
0.0154872
0.0157988
0.0161411
0.0164813
0.0168185
0.01715
0.0174556
0.0176975
0.0178646
0.0179842
0.0180554
0.0181165
0.018198
0.0183226
0.0184481
0.0185431
0.0185268
0.0183569
0.0180247
0.0175391
0.016966
0.0163638
0.0157687
0.0152448
0.0148869
0.0147452
0.0148777
0.01524
0.0158906
0.0167008
0.017659
0.0186147
0.0194552
0.0200668
0.0203528
0.0202221
0.019692
0.018835
0.0177787
0.0166711
0.0156445
0.014811
0.0142128
0.0139277
0.0139925
0.0144235
0.0152433
0.0164276
0.0178746
0.019412
0.0207831
0.0217742
0.0222227
0.022031
0.0212535
0.020132
0.018888
0.0176776
0.016616
0.0157314
0.0150818
0.0146364
0.0143955
0.014326
0.0143017
0.0142361
0.0140725
0.0137998
0.0135006
0.0132384
0.0130488
0.0130012
0.0130422
0.013138
0.0133094
0.0135032
0.0137299
0.0140362
0.0144902
0.0150144
0.015571
0.0161364
0.0166496
0.0170747
0.0173599
0.0174918
0.0174225
0.0171833
0.016779
0.0162525
0.0156522
0.0150738
0.0145389
0.0141562
0.0139435
0.0139522
0.0141338
0.0143972
0.0146269
0.0147422
0.0147293
0.0146537
0.0146087
0.0146497
0.0147909
0.0149835
0.0151759
0.015326
0.0153978
0.0154144
0.0153604
0.0152857
0.0152515
0.015263
0.0153151
0.015409
0.0155156
0.0156079
0.0157197
0.015839
0.0159965
0.0161875
0.0163422
0.0164779
0.0165721
0.0165637
0.0164537
0.0162005
0.0158463
0.0154624
0.0151133
0.0148601
0.0147358
0.0147368
0.0148795
0.0151391
0.0154844
0.0159285
0.0164049
0.0168474
0.0172042
0.0174639
0.0176258
0.0177425
0.0178037
0.0178335
0.0177566
0.0176016
0.0174726
0.0174446
0.0175377
0.0177163
0.0178746
0.0180244
0.0181442
0.0182778
0.0183514
0.0182694
0.0179274
0.0173074
0.0165161
0.0156594
0.0148635
0.0142053
0.0137093
0.0133475
0.0130958
0.0129642
0.0129303
0.013007
0.0132391
0.0135876
0.0141016
0.0147356
0.0154887
0.0163649
0.0173191
0.0183135
0.019281
0.0200606
0.0205093
0.020514
0.0200463
0.0191948
0.0181968
0.0173051
0.0166615
0.0163836
0.0164443
0.0168304
0.017421
0.0180905
0.0186882
0.0190935
0.0192287
0.0190659
0.018692
0.0180674
0.0172084
0.0161404
0.014893
0.0135461
0.0121974
0.0109876
0.010035
0.00941848
0.00919903
0.00932839
0.0097642
0.0104404
0.0112698
0.0122189
0.0132467
0.0143226
0.0153801
0.0163151
0.0170376
0.0175115
0.0177059
0.0177052
0.017542
0.0173031
0.0170635
0.0168637
0.0167579
0.0167679
0.0169131
0.0171424
0.0173898
0.0175997
0.0176969
0.0176266
0.0173789
0.016968
0.0164603
0.0159612
0.0155257
0.0152618
0.0152176
0.015387
0.0157245
0.0161593
0.0165928
0.0169842
0.0173121
0.0175239
0.0176165
0.0175559
0.017321
0.0169336
0.0164641
0.0159407
0.0154054
0.0148975
0.0144064
0.0138946
0.0133843
0.0128527
0.0123842
0.0120167
0.0117786
0.0117232
0.0118693
0.0122537
0.0128239
0.0136041
0.0145617
0.0156843
0.0168996
0.01818
0.0194013
0.0204517
0.021199
0.0215688
0.0215064
0.0210615
0.0203491
0.0194987
0.0186695
0.0179399
0.0173241
0.0168042
0.0163114
0.015818
0.015346
0.0149805
0.0148117
0.0149391
0.0153851
0.0161361
0.0171017
0.0181949
0.019236
0.020108
0.0206886
0.0209381
0.0209588
0.0208716
0.0207722
0.0207775
0.0209169
0.021215
0.0215423
0.0216543
0.0212416
0.0202657
0.0189093
0.0174909
0.0162631
0.0153073
0.0146292
0.014237
0.0140982
0.0142194
0.0145847
0.0151324
0.0158022
0.0165776
0.017393
0.0182043
0.019018
0.0197618
0.0203775
0.0208589
0.0211599
0.0212665
0.0211579
0.0208664
0.0204168
0.0198662
0.0192547
0.0186673
0.0181319
0.0177555
0.0175784
0.01756
0.0176858
0.0178603
0.0179974
0.0179638
0.0177057
0.0172515
0.0166403
0.0159965
0.015395
0.0149392
0.0146414
0.0145104
0.0145092
0.0145941
0.014758
0.0149283
0.0151295
0.0153547
0.0156241
0.0158818
0.0161082
0.016281
0.0163472
0.0163252
0.016261
0.0161708
0.0160769
0.0159649
0.015796
0.0155433
0.0152116
0.0148028
0.0144212
0.0141229
0.0140323
0.0141544
0.0145426
0.0151142
0.0158331
0.0165942
0.0173009
0.017842
0.0181281
0.0181176
0.0178531
0.0173678
0.0167928
0.016203
0.0156769
0.0152038
0.0148248
0.0144745
0.0141344
0.0137965
0.013462
0.0131257
0.0128503
0.0126745
0.0126432
0.0127813
0.0130918
0.0135931
0.0142522
0.0150951
0.0161245
0.0173639
0.0187694
0.0202988
0.0218368
0.0232203
0.0243047
0.0249399
0.0250581
0.0247293
0.0240806
0.0232626
0.0224244
0.0216206
0.0208762
0.0201998
0.0196032
0.0190327
0.0185155
0.0180665
0.0177074
0.0174553
0.0172679
0.0171364
0.0170098
0.0168328
0.016559
0.0161598
0.0155964
0.0148945
0.014054
0.0131617
0.0122378
0.0113661
0.0105992
0.00996344
0.00950121
0.00922766
0.00914446
0.00922247
0.00946803
0.00982603
0.0103051
0.0108675
0.0114955
0.0121867
0.0129155
0.0136258
0.0142954
0.0148785
0.0152952
0.0154235
0.015276
0.0149015
0.0145128
0.0142135
0.0140577
0.0140166
0.0140877
0.014231
0.0144141
0.0146198
0.0148114
0.0149005
0.0149101
0.0148317
0.0147503
0.0146586
0.0146497
0.014728
0.0149394
0.0153261
0.015819
0.016407
0.0170079
0.0175201
0.0178868
0.0180692
0.0180545
0.0178932
0.0176557
0.0173742
0.0171043
0.0168587
0.0166421
0.0164597
0.0163357
0.016232
0.0161771
0.0162051
0.0163754
0.0167047
0.0171974
0.0178817
0.018709
0.0196792
0.0206834
0.0216609
0.0225344
0.0232393
0.0237633
0.0240704
0.0241976
0.0241355
0.0238703
0.0234063
0.0227619
0.0220082
0.0211787
0.0203743
0.0196346
0.0190321
0.0186398
0.0184993
0.0186169
0.0189964
0.0195735
0.020241
0.0209045
0.0214438
0.0217943
0.0218976
0.0218112
0.0216111
0.0213851
0.0212429
0.0212367
0.0213555
0.0215777
0.0218705
0.0221795
0.0224439
0.0225753
0.0225317
0.0222317
0.0216963
0.0209849
0.0201077
0.0190856
0.0179069
0.0166028
0.015275
0.0139557
0.0127576
0.0117339
0.0109243
0.0103503
0.0100245
0.00993474
0.0101013
0.0105299
0.0111824
0.0120829
0.0130848
0.0140502
0.0148015
0.0152891
0.0154577
0.0153904
0.0152608
0.0151276
0.0150862
0.0151189
0.0151788
0.0152563
0.015298
0.0152609
0.0151332
0.0148986
0.0145799
0.0142495
0.0139456
0.0137652
0.0137191
0.013845
0.0141384
0.0145927
0.0152199
0.0160022
0.0169231
0.0179897
0.0190986
0.0201617
0.0210676
0.0217045
0.0219804
0.0218473
0.0213585
0.0206202
0.019707
0.0187429
0.0178378
0.017085
0.0165768
0.01631
0.0161921
0.0161065
0.015989
0.0158911
0.0158568
0.0159199
0.0160061
0.016054
0.0159839
0.0157737
0.015422
0.0149429
0.0143734
0.0138001
0.0132872
0.0129126
0.0127157
0.0127647
0.0130751
0.0135796
0.0142201
0.0149273
0.0155851
0.0161205
0.0164653
0.0165601
0.0164421
0.0161079
0.0156014
0.014985
0.014325
0.0136854
0.0131455
0.0127418
0.0125029
0.0123727
0.0123144
0.0122264
0.0121086
0.0120312
0.0120418
0.0122134
0.0125578
0.0131269
0.0138543
0.0146623
0.0154436
0.0160689
0.0164106
0.016411
0.0160869
0.0155158
0.0148021
0.0141249
0.0135457
0.0131602
0.0129814
0.0130508
0.0133319
0.0137796
0.0143415
0.0149151
0.0154126
0.0157963
0.0160597
0.0162038
0.0162588
0.0162144
0.0160212
0.0156768
0.0151584
0.0145736
0.0140042
0.0135552
0.0132665
0.0130972
0.013039
0.013025
0.0129803
0.0128893
0.0127278
0.0124927
0.0122254
0.0119617
0.0117326
0.011552
0.0114482
0.0113687
0.0113636
0.011413
0.0115415
0.0117728
0.0120872
0.0125069
0.0130321
0.0136551
0.0143658
0.0151865
0.0161226
0.0171741
0.0183142
0.0194434
0.0204477
0.0212239
0.0216964
0.0218653
0.0217397
0.0214058
0.0208944
0.020316
0.0197502
0.0192538
0.0188544
0.0186044
0.0184955
0.0184877
0.0185768
0.0186741
0.0187736
0.0187709
0.0186545
0.0184101
0.0180536
0.0176391
0.0172315
0.0168919
0.0166052
0.0162756
0.015807
0.01512
0.0142702
0.0132996
0.0123519
0.0114864
0.0107785
0.0102634
0.00995269
0.00984111
0.00994463
0.0102193
0.0106325
0.0111147
0.0115561
0.0118856
0.0120453
0.0120159
0.011872
0.0116548
0.0115019
0.0114596
0.011545
0.0117575
0.0120337
0.0123325
0.0126529
0.0129427
0.0132681
0.0136116
0.014036
0.0145917
0.015302
0.0161853
0.0171784
0.0182082
0.0191946
0.0200316
0.0206631
0.0210497
0.0211534
0.021024
0.0207153
0.0202961
0.0198093
0.0193317
0.0189025
0.0185029
0.0181539
0.0178025
0.0174701
0.0171032
0.0166816
0.0163046
0.0160422
0.0159533
0.0161288
0.0165754
0.0172327
0.0180237
0.0188396
0.0195773
0.0201904
0.020609
0.0208633
0.0209805
0.0210158
0.0209919
0.0209517
0.0209152
0.0209009
0.020958
0.0211193
0.0214023
0.0217799
0.0221928
0.0225482
0.0227053
0.0226247
0.0222735
0.0216786
0.0208669
0.019945
0.0189957
0.0180799
0.017301
0.0167047
0.0163195
0.0161505
0.0161706
0.0163502
0.0166095
0.0168598
0.0170174
0.017026
0.0168491
0.0165613
0.0162441
0.0159858
0.0158879
0.0159671
0.0162342
0.0166187
0.0170796
0.0174671
0.0178059
0.018067
0.0182617
0.0184535
0.018637
0.0187797
0.0188667
0.0188883
0.0187697
0.0185596
0.0182798
0.0179469
0.0176735
0.0174568
0.0172997
0.017113
0.0168466
0.0164372
0.0159125
0.0153673
0.0149101
0.0145766
0.0144392
0.0145372
0.0148602
0.0154037
0.0161096
0.0169567
0.0178569
0.0187405
0.0194893
0.0199976
0.0201781
0.0200262
0.019598
0.0189931
0.0183694
0.0178487
0.0174774
0.0172996
0.0173086
0.017457
0.0177009
0.0179984
0.0183323
0.0186676
0.0189885
0.0192825
0.0195696
0.0198641
0.0202195
0.0206041
0.0210539
0.0215344
0.022054
0.0225481
0.0229833
0.0232847
0.0234016
0.0233383
0.0230736
0.0227045
0.0223099
0.0219046
0.0215547
0.0212272
0.0209043
0.0206133
0.0203246
0.0200808
0.019917
0.0198596
0.0199681
0.0202132
0.0205576
0.020888
0.0210978
0.0210302
0.0206135
0.0199212
0.019033
0.0181212
0.0172625
0.0165628
0.0160202
0.0156513
0.0153898
0.0151749
0.0149656
0.0147468
0.0145314
0.0143701
0.0143099
0.014361
0.0145141
0.0147817
0.0151257
0.0154942
0.0158892
0.0162568
0.0165103
0.0166316
0.016606
0.0163705
0.0159684
0.0155013
0.0150412
0.0146763
0.0144608
0.0144232
0.0145709
0.0148863
0.0152768
0.0157555
0.0162487
0.016685
0.0170369
0.0172835
0.0173993
0.017417
0.0174496
0.0175563
0.0177652
0.0181052
0.018577
0.0191716
0.0198389
0.0205169
0.0211413
0.0216261
0.0219088
0.021953
0.0217264
0.0213238
0.0207753
0.02014
0.0194971
0.0188822
0.0182975
0.0177904
0.0173881
0.0170844
0.0168661
0.0167175
0.0166296
0.0165624
0.0165352
0.0165363
0.0166349
0.0168666
0.0172658
0.0178447
0.0185929
0.0194127
0.0201979
0.0208208
0.0211955
0.0212711
0.0210626
0.0205634
0.0198637
0.0190414
0.0182132
0.0174932
0.0169755
0.016731
0.0167851
0.0171407
0.0177425
0.0185244
0.0192985
0.0199702
0.0204332
0.0207099
0.0208664
0.0209439
0.0210213
0.0210996
0.0211724
0.0212268
0.0212586
0.0212765
0.021146
0.020829
0.0203003
0.0195783
0.0186939
0.0177503
0.0168975
0.0161827
0.0156283
0.0152355
0.0149883
0.0148325
0.014681
0.0144489
0.0140969
0.013671
0.013231
0.0129207
0.0128047
0.013019
0.0136244
0.014658
0.0161136
0.0178729
0.0197085
0.021289
0.0223546
0.0228304
0.0228589
0.0226746
0.0223791
0.0220157
0.0215851
0.0211042
0.0205991
0.0201279
0.0197183
0.0194285
0.0192652
0.0192343
0.0192675
0.0192968
0.0192526
0.0190932
0.0188284
0.0185001
0.0182054
0.0179689
0.0178135
0.0177293
0.0176819
0.0175965
0.0174391
0.0171714
0.0167811
0.0162759
0.0157326
0.0151712
0.0145729
0.0140143
0.0134509
0.0129177
0.0124684
0.0121242
0.0118808
0.0117438
0.0117354
0.0118419
0.0121067
0.0125679
0.013266
0.014211
0.0153153
0.0164117
0.0172995
0.0178216
0.0179541
0.0177614
0.0173977
0.0170408
0.0167981
0.0167435
0.0169147
0.0173083
0.0179221
0.0186819
0.0194862
0.0202152
0.0207242
0.0209522
0.0208975
0.0206294
0.0201785
0.0195619
0.0187687
0.0178415
0.0168561
0.0159451
0.0152269
0.0147872
0.0146534
0.0148578
0.0153063
0.0159306
0.0166189
0.0172867
0.0178517
0.0183019
0.018636
0.0189104
0.0191442
0.0193748
0.0195857
0.0198224
0.0200606
0.0202922
0.0205279
0.0207209
0.0208557
0.0209208
0.0209055
0.0208654
0.0207993
0.0207775
0.0208102
0.0208889
0.021008
0.0211487
0.0213007
0.0214298
0.0214839
0.0213754
0.0210191
0.0203889
0.0195074
0.018421
0.0172657
0.0161635
0.0152573
0.0146592
0.0144347
0.014584
0.0150211
0.0156382
0.0162894
0.0168865
0.0173557
0.0176352
0.0177795
0.0177638
0.0176582
0.0175109
0.017314
0.0171173
0.0169008
0.0166688
0.0163445
0.0159286
0.0154429
0.0149103
0.0144134
0.0140137
0.0137659
0.0136988
0.0137322
0.0138233
0.0138265
0.0136393
0.0132185
0.0126239
0.0119422
0.0113146
0.0108663
0.010717
0.0109379
0.011475
0.0122383
0.0130372
0.0137149
0.0141778
0.014396
0.0143987
0.014228
0.0139558
0.0136608
0.0133768
0.0131768
0.0130711
0.0130759
0.0131692
0.0134192
0.0138241
0.0143554
0.0150157
0.0157237
0.016404
0.016942
0.0172838
0.0173866
0.0173452
0.0172191
0.0171122
0.0170888
0.0171762
0.0173159
0.0174189
0.017472
0.0174008
0.0172614
0.0171275
0.0170277
0.017057
0.0172288
0.0175548
0.017999
0.0185184
0.0190516
0.0194953
0.0198095
0.0199061
0.0198021
0.0195485
0.0192204
0.0188379
0.0184852
0.018191
0.0180194
0.017983
0.0181067
0.0183923
0.018764
0.0191851
0.0196213
0.0199993
0.0202731
0.0203993
0.0203515
0.0200984
0.0196237
0.0189833
0.0182325
0.0174525
0.0167261
0.0161339
0.0156913
0.01541
0.0152495
0.0152087
0.0153106
0.0155863
0.0160605
0.0167028
0.0173805
0.0179722
0.018357
0.0184759
0.0184051
0.0181589
0.0178175
0.0174774
0.0171878
0.0170062
0.0169686
0.0170968
0.0173676
0.0177702
0.0182211
0.0186569
0.0190213
0.0192971
0.0194375
0.0194163
0.0191803
0.018756
0.0181899
0.0175591
0.016978
0.0165324
0.0162639
0.0162379
0.0164266
0.0167695
0.0172168
0.0176821
0.0181067
0.018422
0.0186202
0.0187047
0.0186838
0.0186251
0.0185298
0.0184019
0.018291
0.0181056
0.0178341
0.0174701
0.0170361
0.0165858
0.0161114
0.0157206
0.0153686
0.0151111
0.014906
0.0147671
0.0146946
0.014716
0.0148582
0.0151075
0.0154248
0.0157892
0.0161911
0.0166098
0.0170441
0.017497
0.01801
0.0185793
0.0191238
0.019652
0.0201438
0.0206002
0.0210427
0.0215116
0.021992
0.0224636
0.0228329
0.0230327
0.0229367
0.0224756
0.0216394
0.0204995
0.0192077
0.0179634
0.0168671
0.0160642
0.0156179
0.0155249
0.0157692
0.0162242
0.0168669
0.0175308
0.0181108
0.0185154
0.018702
0.0186899
0.0185511
0.0182999
0.0179785
0.017594
0.0171328
0.0166271
0.016112
0.0155782
0.0150727
0.0146452
0.0143517
0.0142156
0.0142056
0.0142909
0.0143954
0.0144584
0.014435
0.0143122
0.0140693
0.0137852
0.0134465
0.0131198
0.0128609
0.0127182
0.012718
0.0128933
0.013184
0.013534
0.0139303
0.0143326
0.0147894
0.0152647
0.0157221
0.0161074
0.0163985
0.0165984
0.0167043
0.0167787
0.0168073
0.0167344
0.0165632
0.0163126
0.0160459
0.0158286
0.0157188
0.0157021
0.0157608
0.0158661
0.0159803
0.0160733
0.016138
0.0161532
0.0161644
0.0162004
0.0163516
0.0166547
0.0171352
0.0177582
0.0184194
0.0190838
0.019653
0.0200636
0.0202402
0.0201808
0.0198371
0.0192298
0.0184112
0.0174658
0.0164288
0.01537
0.0143444
0.0134345
0.0127165
0.0122879
0.0121563
0.0122628
0.0125312
0.01286
0.0131635
0.0134071
0.013565
0.0136901
0.0137895
0.0139302
0.0141207
0.0143813
0.0146211
0.0147781
0.0147816
0.0146298
0.0144085
0.0142333
0.0141365
0.0141699
0.014289
0.0144811
0.0147652
0.0151107
0.0155336
0.0160572
0.0166741
0.0173544
0.0180896
0.0187645
0.01937
0.0198533
0.0201743
0.0203441
0.020379
0.0203066
0.0201499
0.0199187
0.0195706
0.0190537
0.0183895
0.0176004
0.0167694
0.0159513
0.0152276
0.0146162
0.0141756
0.0139418
0.0138855
0.0139904
0.0142094
0.0144634
0.0146948
0.014829
0.0148348
0.0147174
0.0145454
0.0144296
0.0144572
0.0145964
0.0148047
0.0149944
0.0150942
0.0151078
0.0150376
0.0148986
0.0147165
0.0145581
0.0144579
0.0144959
0.014676
0.0150266
0.015532
0.0160976
0.0166348
0.017064
0.0173115
0.0173999
0.0173825
0.0173155
0.017279
0.0173059
0.0173746
0.0174217
0.0173745
0.0172151
0.0170181
0.0168798
0.0168724
0.0169896
0.0171934
0.017418
0.0175445
0.0175055
0.0172767
0.0169323
0.016533
0.0162188
0.0160298
0.0159695
0.015942
0.0158732
0.015704
0.015496
0.0153438
0.0152842
0.0154196
0.0156986
0.0161152
0.0166076
0.0171214
0.0175984
0.0180321
0.0183736
0.0186025
0.0187094
0.0186802
0.018521
0.0182453
0.0178966
0.0175158
0.0171735
0.0168581
0.0166067
0.0164098
0.0162059
0.0159486
0.0156221
0.0152206
0.0148447
0.0145254
0.0142946
0.0141844
0.0141769
0.0142846
0.0144917
0.0147049
0.0148835
0.0148952
0.0146279
0.0140631
0.0132439
0.0123207
0.011418
0.0106721
0.010145
0.00990068
0.00992678
0.0103038
0.0109803
0.0119068
0.013011
0.01419
0.0154004
0.0165528
0.017641
0.018621
0.0195053
0.0202056
0.0206687
0.0208429
0.0207646
0.0205391
0.0203281
0.020185
0.0201266
0.0200681
0.0199255
0.0196682
0.0192783
0.018812
0.0183797
0.0180558
0.0179354
0.0180337
0.0183332
0.0187547
0.019126
0.0193753
0.0194454
0.0193243
0.019115
0.0189024
0.0187794
0.0188504
0.0191665
0.0197724
0.0206501
0.0216485
0.0227093
0.0236443
0.0243063
0.0245594
0.0243637
0.0237778
0.0228958
0.0218861
0.0208128
0.0198082
0.0189022
0.0181579
0.0175289
0.0170636
0.0167315
0.016483
0.0163168
0.0162058
0.0161262
0.0160196
0.0158479
0.0156036
0.0152771
0.014903
0.0145137
0.0141642
0.0138639
0.0136457
0.0135208
0.0134665
0.013522
0.0136403
0.0137696
0.0138833
0.0138968
0.0137865
0.0135412
0.0132572
0.0130325
0.0129516
0.0131376
0.0135772
0.0142464
0.0150511
0.0158153
0.0164159
0.016746
0.0167996
0.0166098
0.0162946
0.0159509
0.0156552
0.0154057
0.0152314
0.015149
0.0151367
0.0152534
0.0154723
0.0158104
0.0161686
0.0165167
0.0167533
0.0168118
0.0166854
0.0163926
0.0160183
0.0156775
0.0154387
