-6.32605
-6.32427
-6.32438
-6.32561
-6.32526
-6.32501
-6.32918
-6.32979
-6.33111
-6.33193
-6.33357
-6.33379
-6.33476
-6.33506
-6.33645
-6.33528
-6.33308
-6.3328
-6.33251
-6.33105
-6.3305
-6.32718
-6.32419
-6.32227
-6.32301
-6.32496
-6.32729
-6.32572
-6.32616
-6.32426
-6.32497
-6.32617
-6.32724
-6.32563
-6.32635
-6.32653
-6.32603
-6.32667
-6.32508
-6.32338
-6.32399
-6.32472
-6.32674
-6.3282
-6.32947
-6.33074
-6.33113
-6.33014
-6.32955
-6.32622
-6.32305
-6.32522
-6.32656
-6.32739
-6.33029
-6.33069
-6.33208
-6.33043
-6.33043
-6.33033
-6.33006
-6.33068
-6.33008
-6.32495
-6.32587
-6.32587
-6.32598
-6.32513
-6.32578
-6.32684
-6.32792
-6.32742
-6.32696
-6.32753
-6.32816
-6.32814
-6.32901
-6.32971
-6.33015
-6.32866
-6.3288
-6.32836
-6.32807
-6.32679
-6.32505
-6.32368
-6.32313
-6.32371
-6.32688
-6.32723
-6.32842
-6.32873
-6.3291
-6.32796
-6.32886
-6.33082
-6.32931
-6.32797
-6.32693
-6.32924
-6.32785
-6.32731
-6.32726
-6.32927
-6.33011
-6.3321
-6.33167
-6.33044
-6.33088
-6.32992
-6.33161
-6.33165
-6.3284
-6.33
-6.32909
-6.32705
-6.32694
-6.32502
-6.32369
-6.32375
-6.32425
-6.32447
-6.32331
-6.32225
-6.32245
-6.3251
-6.32623
-6.32482
-6.32538
-6.32761
-6.32802
-6.32767
-6.32927
-6.33063
-6.32798
-6.32819
-6.32714
-6.32809
-6.32841
-6.33049
-6.32989
-6.3303
-6.3323
-6.33203
-6.33216
-6.33247
-6.33141
-6.32967
-6.33186
-6.33217
-6.33227
-6.32888
-6.32941
-6.32925
-6.3274
-6.3258
-6.32482
-6.32386
-6.32392
-6.32308
-6.3223
-6.32123
-6.32149
-6.32244
-6.32319
-6.32381
-6.32273
-6.32545
-6.32733
-6.32558
-6.32907
-6.32958
-6.32779
-6.32707
-6.32822
-6.32717
-6.32653
-6.32499
-6.32608
-6.32721
-6.32778
-6.32844
-6.32859
-6.32882
-6.33007
-6.32964
-6.32907
-6.32863
-6.32636
-6.32331
-6.3218
-6.32254
-6.32138
-6.31934
-6.32135
-6.31971
-6.31902
-6.32126
-6.32274
-6.32391
-6.32583
-6.32612
-6.32637
-6.32469
-6.32448
-6.3256
-6.32459
-6.32443
-6.32513
-6.32601
-6.32542
-6.32598
-6.32572
-6.32519
-6.32585
-6.32621
-6.32683
-6.32707
-6.32515
-6.32477
-6.32478
-6.32488
-6.32541
-6.32311
-6.32189
-6.32147
-6.3225
-6.32433
-6.32657
-6.32788
-6.32855
-6.33051
-6.33077
-6.32959
-6.32913
-6.3281
-6.32686
-6.32751
-6.32634
-6.32736
-6.32706
-6.32796
-6.32769
-6.3278
-6.32825
-6.32899
-6.33031
-6.32926
-6.3281
-6.32622
-6.32657
-6.32593
-6.32496
-6.32621
-6.32515
-6.32439
-6.32329
-6.32442
-6.32483
-6.32385
-6.32374
-6.32291
-6.32464
-6.32511
-6.32278
-6.32417
-6.32222
-6.32148
-6.32357
-6.32361
-6.32186
-6.32342
-6.32726
-6.32779
-6.32817
-6.32832
-6.32848
-6.32928
-6.33014
-6.32857
-6.32825
-6.32827
-6.32741
-6.32698
-6.32537
-6.32484
-6.32437
-6.32393
-6.32446
-6.32531
-6.32454
-6.32442
-6.32491
-6.32568
-6.32614
-6.32578
-6.32444
-6.32576
-6.32443
-6.32469
-6.32433
-6.32326
-6.3203
-6.32141
-6.32085
-6.32185
-6.32471
-6.32387
-6.32453
-6.32575
-6.32573
-6.32722
-6.32554
-6.32597
-6.32782
-6.32957
-6.33064
-6.33078
-6.32886
-6.32746
-6.32567
-6.32721
-6.33035
-6.32748
-6.32681
-6.32773
-6.32952
-6.32659
-6.32922
-6.3273
-6.32989
-6.33211
-6.33229
-6.33096
-6.32998
-6.32837
-6.32398
-6.32375
-6.32336
-6.322
-6.32199
-6.32263
-6.32317
-6.32385
-6.32426
-6.32495
-6.3255
-6.32715
-6.32889
-6.32882
-6.33021
-6.32728
-6.3285
-6.32774
-6.32631
-6.32327
-6.32092
-6.3229
-6.32157
-6.32189
-6.32356
-6.32552
-6.32857
-6.32861
-6.33165
-6.33272
-6.33375
-6.33187
-6.33299
-6.33197
-6.32887
-6.32698
-6.32605
-6.32422
-6.32347
-6.32387
-6.32122
-6.32237
-6.3215
-6.31862
-6.31856
-6.32065
-6.32158
-6.32517
-6.32513
-6.32491
-6.32571
-6.32681
-6.32785
-6.32792
-6.32841
-6.32784
-6.32864
-6.32604
-6.32657
-6.32543
-6.32749
-6.32758
-6.32731
-6.32881
-6.33094
-6.33126
-6.32935
-6.33069
-6.32849
-6.32574
-6.32608
-6.32734
-6.32605
-6.32584
-6.32512
-6.3265
-6.32708
-6.32659
-6.32697
-6.3275
-6.32514
-6.32525
-6.32546
-6.32545
-6.32527
-6.32694
-6.32637
-6.32591
-6.32594
-6.32454
-6.32586
-6.32913
-6.331
-6.33334
-6.33256
-6.33007
-6.32888
-6.3278
-6.32781
-6.32596
-6.32378
-6.32445
-6.32699
-6.32592
-6.32552
-6.32681
-6.32742
-6.32886
-6.32781
-6.32724
-6.32699
-6.32852
-6.32806
-6.32855
-6.32863
-6.32757
-6.32664
-6.3261
-6.32778
-6.33087
-6.32876
-6.32723
-6.3264
-6.32677
-6.32401
-6.32406
-6.32367
-6.3244
-6.32458
-6.32579
-6.32674
-6.32709
-6.3249
-6.32564
-6.32599
-6.32811
-6.32924
-6.32966
-6.33068
-6.32891
-6.32909
-6.32686
-6.3256
-6.32569
-6.32588
-6.3229
-6.32343
-6.32604
-6.32602
-6.3265
-6.32645
-6.32745
-6.3269
-6.32645
-6.32644
-6.32722
-6.32723
-6.32618
-6.32545
-6.32612
-6.32474
-6.3256
-6.32484
-6.32466
-6.32629
-6.32572
-6.32581
-6.32518
-6.32766
-6.32672
-6.32723
-6.32958
-6.32994
-6.33094
-6.33248
-6.32962
-6.32878
-6.32778
-6.32838
-6.32938
-6.32891
-6.32631
-6.32643
-6.32632
-6.32435
-6.3257
-6.32618
-6.32837
-6.32732
-6.32587
-6.32684
-6.32474
-6.32418
-6.32433
-6.32369
-6.32489
-6.32338
-6.32393
-6.32289
-6.3234
-6.32317
-6.32414
-6.32436
-6.32448
-6.32706
-6.3272
-6.32584
-6.32461
-6.32353
-6.32428
-6.32275
-6.32194
-6.32167
-6.32107
-6.32087
-6.32211
-6.32438
-6.32392
-6.32499
-6.32771
-6.32872
-6.32775
-6.32843
-6.32828
-6.32643
-6.32559
-6.32423
-6.32631
-6.32565
-6.32641
-6.32692
-6.3265
-6.3281
-6.32814
-6.32788
-6.3305
-6.32847
-6.32889
-6.32951
-6.33068
-6.33277
-6.33318
-6.33126
-6.33219
-6.3318
-6.32922
-6.3304
-6.33182
-6.33216
-6.33257
-6.33124
-6.32834
-6.32637
-6.32734
-6.32622
-6.32481
-6.32425
-6.32269
-6.32115
-6.32152
-6.32343
-6.3232
-6.32391
-6.3235
-6.32417
-6.32268
-6.32141
-6.32142
-6.32468
-6.32411
-6.32393
-6.32379
-6.32592
-6.3266
-6.32443
-6.3246
-6.32617
-6.32669
-6.32695
-6.32575
-6.32575
-6.32307
-6.32351
-6.32443
-6.32352
-6.3233
-6.32528
-6.3255
-6.3243
-6.32465
-6.32533
-6.32448
-6.3257
-6.32507
-6.32772
-6.32807
-6.32832
-6.32874
-6.32835
-6.32584
-6.32609
-6.32301
-6.32511
-6.32444
-6.32431
-6.32412
-6.32412
-6.32352
-6.32508
-6.32577
-6.32754
-6.3285
-6.32749
-6.32882
-6.32797
-6.32912
-6.32739
-6.32638
-6.32592
-6.32719
-6.3266
-6.32864
-6.32811
-6.32972
-6.32808
-6.32881
-6.32808
-6.32657
-6.32622
-6.32647
-6.32453
-6.32473
-6.32551
-6.3236
-6.3273
-6.32807
-6.32714
-6.32708
-6.32761
-6.32851
-6.3273
-6.32602
-6.32589
-6.32443
-6.32499
-6.32326
-6.32416
-6.32458
-6.32271
-6.32055
-6.32011
-6.32239
-6.32099
-6.32211
-6.32155
-6.32384
-6.32431
-6.32609
-6.32579
-6.32751
-6.32826
-6.32736
-6.3291
-6.32657
-6.32617
-6.32709
-6.32702
-6.32707
-6.32547
-6.32636
-6.32841
-6.32802
-6.32744
-6.32637
-6.32815
-6.32768
-6.32697
-6.32575
-6.32703
-6.32959
-6.32994
-6.32894
-6.32993
-6.33131
-6.33024
-6.32989
-6.33004
-6.32669
-6.32324
-6.3218
-6.32121
-6.32064
-6.32217
-6.32197
-6.32358
-6.32395
-6.32351
-6.32493
-6.32733
-6.327
-6.32839
-6.32795
-6.32769
-6.3255
-6.32511
-6.32445
-6.32208
-6.32267
-6.32374
-6.3227
-6.32366
-6.32515
-6.32406
-6.32798
-6.32609
-6.32611
-6.3271
-6.32532
-6.32416
-6.32278
-6.32357
-6.32464
-6.32563
-6.32615
-6.32638
-6.32491
-6.32424
-6.32503
-6.327
-6.32666
-6.32536
-6.32636
-6.32804
-6.32714
-6.32947
-6.33078
-6.3304
-6.32895
-6.32541
-6.32431
-6.32439
-6.32542
-6.32269
-6.32506
-6.3248
-6.32642
-6.32655
-6.32669
-6.32864
-6.32719
-6.32818
-6.32745
-6.32729
-6.32541
-6.32536
-6.32553
-6.32535
-6.32361
-6.32332
-6.32324
-6.32339
-6.32274
-6.32418
-6.32318
-6.32554
-6.32348
-6.32601
-6.32882
-6.33085
-6.33201
-6.33326
-6.33356
-6.33189
-6.33178
-6.33166
-6.32972
-6.32838
-6.32593
-6.32386
-6.32623
-6.32467
-6.32687
-6.32872
-6.32993
-6.32991
-6.3311
-6.33023
-6.32897
-6.3297
-6.32964
-6.3276
-6.32559
-6.32429
-6.32275
-6.32097
-6.31836
-6.31882
-6.32046
-6.3223
-6.32427
-6.32531
-6.325
-6.32527
-6.32514
-6.32595
-6.32739
-6.32815
-6.33052
-6.33033
-6.32896
-6.32902
-6.32857
-6.3282
-6.32878
-6.32793
-6.33013
-6.3289
-6.32559
-6.32384
-6.32398
-6.32374
-6.32278
-6.32306
-6.32464
-6.32435
-6.32446
-6.32397
-6.32671
-6.32874
-6.32878
-6.32781
-6.32881
-6.32727
-6.32519
-6.32619
-6.32641
-6.32718
-6.32938
-6.32836
-6.3272
-6.32772
-6.32731
-6.32795
-6.3284
-6.32681
-6.32524
-6.32382
-6.32261
-6.32167
-6.3206
-6.3206
-6.3222
-6.3228
-6.32075
-6.32349
-6.32423
-6.3249
-6.32461
-6.32603
-6.32694
-6.32928
-6.33194
-6.32991
-6.33086
-6.33123
-6.32884
-6.32767
-6.32781
-6.3277
-6.32578
-6.32631
-6.32512
-6.32444
-6.32481
-6.32445
-6.32363
-6.32266
-6.32416
-6.32302
-6.32422
-6.32434
-6.32318
-6.32267
-6.32395
-6.32288
-6.32403
-6.32629
-6.32645
-6.32725
-6.32691
-6.32691
-6.32449
-6.32329
-6.32462
-6.32393
-6.32404
-6.32517
-6.32497
-6.32404
-6.32434
-6.32461
-6.32326
-6.32427
-6.32317
-6.32649
-6.32968
-6.32942
-6.33103
-6.33364
-6.33354
-6.33264
-6.33204
-6.32939
-6.32724
-6.32549
-6.32653
-6.32677
-6.32602
-6.32534
-6.32449
-6.32747
-6.32484
-6.32504
-6.32403
-6.32105
-6.32089
-6.32272
-6.32241
-6.32475
-6.32474
-6.32738
-6.3276
-6.32879
-6.32792
-6.32761
-6.32864
-6.32601
-6.32634
-6.32553
-6.32877
-6.32987
-6.33067
-6.33176
-6.33016
-6.33043
-6.32746
-6.3265
-6.32694
-6.32624
-6.32706
-6.32719
-6.3266
-6.3262
-6.32681
-6.32666
-6.33009
-6.33017
-6.32978
-6.32866
-6.32826
-6.32519
-6.32771
-6.32725
-6.32428
-6.32405
-6.3242
-6.32389
-6.32328
-6.32451
-6.32493
-6.32616
-6.32657
-6.32624
-6.32908
-6.32704
-6.32821
-6.32836
-6.3298
-6.32806
-6.32804
-6.32783
-6.32706
-6.32569
-6.32628
-6.32589
-6.32803
-6.32804
-6.32841
-6.32755
-6.32783
-6.32589
-6.32738
-6.32751
-6.32637
-6.32525
-6.32605
-6.32704
-6.32998
-6.33016
-6.33067
-6.33079
-6.32954
-6.32866
-6.32761
-6.32592
-6.32564
-6.32648
-6.32586
-6.32441
-6.32637
-6.32757
-6.32804
-6.32898
-6.33026
-6.32939
-6.32815
-6.3265
-6.32613
-6.32564
-6.32621
-6.32441
-6.3255
-6.32457
-6.32574
-6.32477
-6.32583
-6.32601
-6.32622
-6.32802
-6.32838
-6.32918
-6.32909
-6.33006
-6.32924
-6.32801
-6.32643
-6.32657
-6.32722
-6.32777
-6.32977
-6.32826
-6.33091
-6.32839
-6.32764
-6.32747
-6.32724
-6.32719
-6.32745
-6.32752
-6.32696
-6.32801
-6.32715
-6.32928
-6.32928
-6.33078
-6.32831
-6.32806
-6.3252
-6.32464
-6.32289
-6.32396
-6.32342
-6.32299
-6.32398
-6.32471
-6.32606
-6.32589
-6.32599
-6.32846
-6.32959
-6.32858
-6.32928
-6.32913
-6.32763
-6.3256
-6.32164
-6.32146
-6.32042
-6.31961
-6.32298
-6.32259
-6.32373
-6.32579
-6.32856
-6.33001
-6.3298
-6.32929
-6.32924
-6.32915
-6.3282
-6.32802
-6.32826
-6.32786
-6.32704
-6.32768
-6.32951
-6.32774
-6.32605
-6.32484
-6.32766
-6.32862
-6.32797
-6.32726
-6.32811
-6.32798
-6.32657
-6.32648
-6.32742
-6.32747
-6.3254
-6.32774
-6.32704
-6.32714
-6.3267
-6.32729
-6.32783
-6.32913
-6.32976
-6.32933
-6.32822
-6.32653
-6.32599
-6.32574
-6.32717
-6.3274
-6.32678
-6.324
-6.32328
-6.32271
-6.32072
-6.32194
-6.32288
-6.32321
-6.32576
-6.32513
-6.32753
-6.32852
-6.33057
-6.33046
-6.32836
-6.32709
-6.32525
-6.32462
-6.32459
-6.32344
-6.32239
-6.32167
-6.32191
-6.32147
-6.3233
-6.32389
-6.32231
-6.32181
-6.32237
-6.3233
-6.32195
-6.3222
-6.32245
-6.32437
-6.32413
-6.32657
-6.32742
-6.32786
-6.32976
-6.33012
-6.327
-6.32848
-6.32848
-6.32931
-6.32846
-6.33023
-6.32821
-6.32897
-6.32899
-6.32669
-6.32693
-6.32587
-6.32642
-6.32595
-6.32744
-6.32664
-6.32583
-6.325
-6.32237
-6.32053
-6.3205
-6.32074
-6.3218
-6.32275
-6.32269
-6.32455
-6.32546
-6.32492
-6.32849
-6.33
-6.33111
-6.32894
-6.33004
-6.32822
-6.32765
-6.32667
-6.3262
-6.32726
-6.32731
-6.32676
-6.32577
-6.32644
-6.32791
-6.32887
-6.33078
-6.33042
-6.33008
-6.32894
-6.3296
-6.32896
-6.32749
-6.33051
-6.32937
-6.3302
-6.32908
-6.32599
-6.32551
-6.32421
-6.32677
-6.32613
-6.32602
-6.32526
-6.32724
-6.32704
-6.32786
-6.32772
-6.32796
-6.32454
-6.32288
-6.32191
-6.32011
-6.32462
-6.32688
-6.32667
-6.32667
-6.32671
-6.32606
-6.32637
-6.32835
-6.32855
-6.32642
-6.32695
-6.32471
-6.32528
-6.3254
-6.3273
-6.32864
-6.32766
-6.32846
-6.32967
-6.32901
-6.32949
-6.33087
-6.32807
-6.32731
-6.32668
-6.32489
-6.32417
-6.32317
-6.32411
-6.32274
-6.32299
-6.32427
-6.32431
-6.32345
-6.32457
-6.32608
-6.32448
-6.32438
-6.32388
-6.32519
-6.32749
-6.32704
-6.32726
-6.32583
-6.32377
-6.32278
-6.32417
-6.32312
-6.32388
-6.32523
-6.32531
-6.3239
-6.32206
-6.32117
-6.32256
-6.32455
-6.32543
-6.32634
-6.32682
-6.32748
-6.32704
-6.32587
-6.32307
-6.32224
-6.32208
-6.32256
-6.3259
-6.32619
-6.32566
-6.32492
-6.32107
-6.31742
-6.31696
-6.31754
-6.32089
-6.32061
-6.31908
-6.31956
-6.31876
-6.32105
-6.32234
-6.32218
-6.32112
-6.32368
-6.3269
-6.32556
-6.32457
-6.32247
-6.32335
-6.32352
-6.32437
-6.32681
-6.32618
-6.32655
-6.32721
-6.32784
-6.32975
-6.33035
-6.33189
-6.33303
-6.33311
-6.33114
-6.332
-6.33118
-6.32938
-6.32791
-6.32935
-6.32653
-6.32621
-6.32546
-6.32491
-6.32467
-6.32194
-6.32107
-6.32181
-6.32251
-6.32368
-6.32385
-6.32351
-6.32165
-6.32387
-6.32507
-6.32568
-6.32575
-6.32528
-6.32555
-6.32556
-6.32787
-6.32662
-6.32727
-6.32622
-6.32473
-6.32766
-6.3292
-6.32808
-6.32562
-6.32665
-6.32663
-6.32619
-6.32566
-6.32638
-6.32617
-6.32445
-6.32164
-6.32131
-6.32344
-6.32475
-6.32421
-6.32244
-6.32458
-6.32671
-6.32811
-6.32867
-6.32827
-6.32915
-6.32917
-6.32724
-6.32783
-6.32721
-6.32795
-6.33016
-6.32776
-6.32607
-6.32377
-6.32223
-6.32292
-6.32404
-6.32698
-6.32787
-6.32923
-6.33061
-6.32765
-6.3277
-6.32878
-6.32675
-6.32491
-6.32629
-6.32739
-6.32697
-6.32539
-6.32658
-6.32734
-6.32701
-6.32817
-6.32974
-6.32897
-6.32833
-6.32519
-6.32572
-6.32579
-6.32582
-6.32524
-6.32733
-6.32723
-6.32487
-6.3228
-6.32322
-6.32225
-6.32383
-6.32486
-6.32453
-6.32522
-6.32661
-6.32755
-6.32876
-6.32966
-6.33137
-6.33008
-6.33084
-6.33062
-6.33088
-6.32842
-6.32804
-6.32802
-6.32765
-6.32696
-6.3277
-6.3297
-6.33047
-6.33151
-6.33285
-6.33406
-6.33525
-6.33425
-6.33585
-6.33544
-6.33252
-6.33072
-6.32941
-6.32826
-6.32627
-6.32567
-6.32316
-6.32133
-6.3202
-6.32111
-6.32185
-6.32439
-6.32387
-6.32519
-6.32584
-6.32778
-6.33059
-6.33043
-6.33052
-6.33221
-6.33412
-6.33346
-6.33145
-6.32999
-6.32743
-6.32885
-6.32527
-6.3267
-6.3249
-6.32553
-6.32649
-6.32542
-6.32777
-6.3267
-6.32543
-6.32393
-6.32351
-6.32294
-6.32167
-6.32245
-6.32217
-6.32286
-6.3229
-6.32476
-6.32473
-6.32393
-6.32453
-6.32458
-6.32446
-6.32522
-6.32465
-6.32344
-6.32515
-6.32396
-6.32346
-6.32302
-6.32338
-6.32624
-6.32908
-6.32896
-6.32772
-6.32867
-6.33057
-6.33092
-6.33131
-6.32956
-6.32785
-6.32669
-6.32591
-6.32564
-6.32531
-6.32502
-6.32295
-6.32237
-6.32294
-6.32194
-6.32271
-6.325
-6.32567
-6.32557
-6.32571
-6.32719
-6.32563
-6.3241
-6.32404
-6.32484
-6.32812
-6.32765
-6.32976
-6.33104
-6.33232
-6.33421
-6.33413
-6.33381
-6.33144
-6.33171
-6.33152
-6.33059
-6.32858
-6.3297
-6.32942
-6.32751
-6.32661
-6.32632
-6.32577
-6.32828
-6.32791
-6.32926
-6.32852
-6.32932
-6.32872
-6.3283
-6.32837
-6.32927
-6.32973
-6.32851
-6.33017
-6.32732
-6.32551
-6.32418
-6.32369
-6.32309
-6.32429
-6.32785
-6.32819
-6.32688
-6.32551
-6.32637
-6.32531
-6.32398
-6.3234
-6.32291
-6.32403
-6.32631
-6.32602
-6.32636
-6.32837
-6.32799
-6.32928
-6.32953
-6.32977
-6.32971
-6.32993
-6.33089
-6.33042
-6.33217
-6.33149
-6.33038
-6.32934
-6.32929
-6.32824
-6.3281
-6.3271
-6.32969
-6.33192
-6.33358
-6.33361
-6.33359
-6.33209
-6.33032
-6.32786
-6.32385
-6.32449
-6.32401
-6.32307
-6.32549
-6.32604
-6.32503
-6.32414
-6.32413
-6.32535
-6.32741
-6.32824
-6.32906
-6.33111
-6.3314
-6.33138
-6.33185
-6.33016
-6.32804
-6.32509
-6.32481
-6.32583
-6.32667
-6.3261
-6.32632
-6.32652
-6.32677
-6.32711
-6.32542
-6.32624
-6.32356
-6.32347
-6.32295
-6.32497
-6.32491
-6.32614
-6.32687
-6.32711
-6.32696
-6.3253
-6.32295
-6.32249
-6.32178
-6.32281
-6.32414
-6.32389
-6.32547
-6.3274
-6.32592
-6.32591
-6.32868
-6.32931
-6.32928
-6.32945
-6.32844
-6.32791
-6.32856
-6.32919
-6.3263
-6.32606
-6.32487
-6.32235
-6.3253
-6.32497
-6.32595
-6.32505
-6.32557
-6.32465
-6.32293
-6.32522
-6.32267
-6.32292
-6.32299
-6.32547
-6.32463
-6.3232
-6.32231
-6.32334
-6.32564
-6.32743
-6.32885
-6.32872
-6.32758
-6.3277
-6.32789
-6.32569
-6.3238
-6.32392
-6.32383
-6.32417
-6.32498
-6.32429
-6.32535
-6.32491
-6.32687
-6.32601
-6.32751
-6.32773
-6.32818
-6.32908
-6.33198
-6.333
-6.33092
-6.32968
-6.32612
-6.32417
-6.32453
-6.32463
-6.32384
-6.32253
-6.32338
-6.32226
-6.32186
-6.32119
-6.32505
-6.32677
-6.32868
-6.33049
-6.33044
-6.33012
-6.32964
-6.32854
-6.32737
-6.32279
-6.32144
-6.32112
-6.32314
-6.32548
-6.32581
-6.32693
-6.32841
-6.3304
-6.32984
-6.33083
-6.33111
-6.33111
-6.33063
-6.32851
-6.32582
-6.32647
-6.32496
-6.32486
-6.32588
-6.3265
-6.32452
-6.32415
-6.32529
-6.32711
-6.32488
-6.32271
-6.32189
-6.32412
-6.32469
-6.326
-6.32751
-6.32791
-6.32777
-6.33144
-6.33165
-6.3306
-6.32899
-6.33014
-6.32962
-6.32972
-6.32913
-6.32685
-6.32543
-6.32269
-6.32101
-6.32215
-6.32007
-6.31931
-6.32111
-6.32375
-6.32487
-6.32701
-6.32692
-6.32815
-6.32769
-6.32832
-6.33056
-6.32981
-6.32803
-6.32658
-6.32423
-6.32176
-6.31958
-6.31948
-6.31803
-6.31765
-6.31911
-6.31949
-6.31901
-6.32163
-6.3239
-6.32628
-6.32898
-6.32844
-6.3266
-6.32839
-6.3271
-6.32767
-6.32694
-6.32885
-6.33054
-6.32782
-6.32717
-6.32732
-6.32498
-6.32398
-6.32615
-6.32851
-6.32742
-6.32873
-6.32755
-6.32545
-6.32736
-6.32921
-6.32797
-6.32833
-6.32576
-6.32604
-6.3265
-6.32613
-6.32462
-6.3243
-6.32487
-6.32595
-6.32803
-6.32898
-6.33122
-6.33117
-6.33148
-6.32767
-6.32662
-6.32766
-6.32692
-6.32804
-6.32666
-6.3265
-6.3267
-6.32723
-6.32864
-6.32981
-6.33223
-6.3339
-6.33126
-6.33112
-6.32997
-6.32979
-6.3283
-6.32776
-6.32938
-6.32956
-6.33148
-6.32997
-6.32834
-6.32734
-6.32645
-6.32708
-6.32539
-6.32429
-6.32336
-6.32346
-6.32223
-6.32252
-6.32273
-6.32484
-6.32469
-6.32558
-6.32627
-6.3283
-6.32704
-6.32681
-6.32717
-6.32682
-6.32488
-6.32411
-6.32178
-6.32227
-6.3234
-6.32326
-6.32223
-6.32163
-6.32435
-6.3248
-6.32633
-6.3277
-6.33062
-6.3311
-6.33075
-6.32995
-6.33008
-6.32837
-6.32881
-6.32768
-6.3254
-6.32462
-6.32571
-6.32671
-6.32504
-6.32393
-6.32563
-6.32656
-6.32504
-6.32549
-6.32619
-6.32641
-6.32803
-6.32811
-6.32925
-6.32923
-6.32885
-6.32532
-6.32526
-6.32482
-6.32527
-6.32717
-6.32843
-6.33021
-6.32888
-6.32989
-6.32936
-6.32995
-6.32978
-6.3302
-6.33001
-6.33023
-6.3293
-6.32951
-6.32918
-6.3288
-6.32955
-6.32908
-6.32682
-6.32324
-6.32438
-6.32558
-6.32665
-6.32786
-6.32742
-6.32759
-6.32836
-6.32924
-6.329
-6.32786
-6.32826
-6.32642
-6.32396
-6.32346
-6.32199
-6.32152
-6.31954
-6.31873
-6.31852
-6.31925
-6.32088
-6.32396
-6.32456
-6.32426
-6.32498
-6.32822
-6.32928
-6.3296
-6.33036
-6.33096
-6.32993
-6.32937
-6.32909
-6.32791
-6.32558
-6.32606
-6.32266
-6.32069
-6.32126
-6.32339
-6.3279
-6.33094
-6.33247
-6.33253
-6.33289
-6.33451
-6.33496
-6.33315
-6.33255
-6.3301
-6.3292
-6.32926
-6.32772
-6.32709
-6.3276
-6.32852
-6.32749
-6.3277
-6.32588
-6.32592
-6.32552
-6.32177
-6.32248
-6.32422
-6.3243
-6.32418
-6.32678
-6.32864
-6.33013
-6.33062
-6.33121
-6.33286
-6.3331
-6.33216
-6.33218
-6.3307
-6.32749
-6.32645
-6.32597
-6.32315
-6.32512
-6.32598
-6.32692
-6.32714
-6.32645
-6.3264
-6.32506
-6.32416
-6.32287
-6.32394
-6.32393
-6.32326
-6.32582
-6.32669
-6.32704
-6.33032
-6.3312
-6.33251
-6.3303
-6.33135
-6.33119
-6.32962
-6.33069
-6.33004
-6.32942
-6.32916
-6.33043
-6.32979
-6.32733
-6.32972
-6.32951
-6.3278
-6.32538
-6.32464
-6.32207
-6.32444
-6.32525
-6.32616
-6.32468
-6.32604
-6.32597
-6.32882
-6.32987
-6.32933
-6.3314
-6.33032
-6.32947
-6.32864
-6.32955
-6.32969
-6.32972
-6.32893
-6.32946
-6.3302
-6.3301
-6.32815
-6.32378
-6.32255
-6.32394
-6.32349
-6.32451
-6.32384
-6.32475
-6.32566
-6.32816
-6.32795
-6.32778
-6.32942
-6.32848
-6.3268
-6.327
-6.3279
-6.32967
-6.32921
-6.32985
-6.33061
-6.32789
-6.32744
-6.3289
-6.32936
-6.3285
-6.32888
-6.32949
-6.32937
-6.32929
-6.33108
-6.3314
-6.33353
-6.33435
-6.33445
-6.33613
-6.33477
-6.33465
-6.33333
-6.33252
-6.33233
-6.33151
-6.33172
-6.33233
-6.33237
-6.33282
-6.33105
-6.3325
-6.33132
-6.3314
-6.32955
-6.32909
-6.32686
-6.32575
-6.32634
-6.32693
-6.32842
-6.3269
-6.32662
-6.32694
-6.32661
-6.32663
-6.32669
-6.32583
-6.32502
-6.32653
-6.32651
-6.32593
-6.3283
-6.32998
-6.32769
-6.32788
-6.32896
-6.32862
-6.32981
-6.3309
-6.33032
-6.32804
-6.32796
-6.32878
-6.32826
-6.32744
-6.32732
-6.32888
-6.32857
-6.3293
-6.33014
-6.32856
-6.32621
-6.32532
-6.32515
-6.3249
-6.32387
-6.32533
-6.32683
-6.32685
-6.3286
-6.32747
-6.32531
-6.32791
-6.32845
-6.32755
-6.32942
-6.32786
-6.33003
-6.33109
-6.32889
-6.32932
-6.32955
-6.329
-6.328
-6.32753
-6.32912
-6.32912
-6.32904
-6.33013
-6.33073
-6.32826
-6.32698
-6.32666
-6.3251
-6.32661
-6.32698
-6.33007
-6.33089
-6.32998
-6.325
-6.32502
-6.32561
-6.3253
-6.32519
-6.32534
-6.32666
-6.32778
-6.32824
-6.328
-6.32739
-6.32803
-6.32736
-6.32957
-6.32981
-6.32807
-6.32792
-6.32635
-6.32618
-6.32642
-6.32579
-6.32703
-6.32932
-6.32824
-6.32809
-6.3266
-6.32792
-6.32967
-6.33239
-6.33368
-6.33057
-6.33145
-6.33117
-6.33042
-6.32831
-6.32621
-6.32642
-6.32612
-6.32442
-6.32497
-6.32523
-6.32638
-6.32822
-6.32891
-6.33021
-6.3308
-6.32915
-6.32831
-6.32618
-6.32447
-6.32422
-6.32639
-6.32867
-6.32908
-6.32693
-6.32807
-6.32929
-6.32898
-6.32869
-6.32668
-6.32743
-6.32575
-6.32687
-6.32889
-6.3289
-6.32825
-6.32728
-6.32669
-6.32717
-6.32749
-6.32831
-6.32735
-6.32742
-6.32936
-6.32951
-6.33042
-6.32951
-6.32875
-6.32692
-6.32664
-6.32672
-6.32725
-6.32508
-6.3222
-6.32121
-6.32237
-6.32271
-6.32471
-6.32506
-6.32561
-6.32665
-6.32491
-6.32462
-6.32253
-6.32447
-6.3227
-6.32081
-6.32017
-6.3209
-6.32084
-6.32397
-6.32351
-6.3253
-6.32574
-6.32891
-6.32852
-6.33058
-6.33048
-6.33145
-6.33026
-6.33014
-6.33109
-6.33083
-6.32944
-6.32959
-6.32879
-6.32911
-6.32697
-6.3256
-6.32528
-6.32568
-6.32522
-6.32597
-6.32441
-6.32474
-6.32514
-6.32734
-6.32921
-6.32745
-6.32633
-6.32407
-6.32188
-6.32164
-6.32154
-6.32413
-6.32502
-6.32685
-6.32683
-6.32682
-6.32621
-6.32606
-6.32745
-6.32591
-6.32667
-6.32718
-6.32841
-6.32772
-6.32861
-6.32616
-6.32518
-6.32728
-6.32537
-6.32404
-6.32501
-6.32449
-6.32453
-6.3262
-6.32434
-6.3254
-6.32605
-6.32548
-6.32616
-6.32566
-6.32487
-6.32568
-6.32715
-6.32872
-6.3266
-6.32606
-6.32879
-6.32511
-6.32702
-6.32711
-6.32606
-6.32808
-6.32795
-6.32784
-6.32665
-6.32494
-6.32463
-6.32486
-6.32449
-6.32335
-6.32317
-6.32486
-6.32697
-6.32714
-6.32694
-6.32762
-6.32748
-6.32738
-6.32922
-6.3295
-6.3274
-6.32506
-6.32293
-6.32334
-6.32343
-6.32257
-6.32296
-6.32579
-6.32767
-6.32776
-6.33108
-6.33211
-6.33326
-6.33244
-6.33118
-6.32951
-6.32894
-6.32661
-6.3278
-6.32853
-6.32725
-6.3283
-6.32832
-6.32528
-6.32551
-6.32686
-6.32706
-6.32666
-6.32581
-6.32468
-6.32376
-6.3259
-6.32656
-6.32742
-6.32823
-6.32932
-6.32846
-6.32891
-6.32877
-6.3284
-6.32807
-6.328
-6.32835
-6.331
-6.33238
-6.33161
-6.32918
-6.32882
-6.32775
-6.32636
-6.32553
-6.32289
-6.32477
-6.32533
-6.3262
-6.32707
-6.32825
-6.32844
-6.32733
-6.32591
-6.3268
-6.3274
-6.327
-6.32779
-6.32772
-6.32832
-6.32764
-6.32768
-6.32924
-6.32762
-6.32489
-6.32564
-6.32506
-6.32319
-6.32428
-6.32511
-6.32499
-6.32608
-6.32691
-6.32793
-6.33189
-6.33187
-6.33175
-6.32963
-6.3285
-6.32778
-6.32854
-6.3276
-6.32602
-6.32488
-6.3262
-6.32549
-6.3247
-6.32542
-6.32468
-6.32566
-6.32539
-6.32804
-6.32803
-6.32822
-6.32788
-6.3257
-6.32463
-6.32472
-6.32313
-6.32255
-6.3237
-6.32505
-6.32508
-6.32483
-6.32721
-6.32763
-6.32654
-6.32597
-6.32731
-6.32785
-6.32863
-6.32752
-6.32761
-6.32577
-6.32566
-6.32573
-6.32503
-6.32552
-6.32458
-6.32731
-6.32648
-6.32845
-6.32829
-6.32917
-6.32949
-6.32897
-6.3277
-6.32868
-6.32843
-6.32896
-6.32803
-6.32856
-6.32823
-6.32699
-6.32642
-6.32486
-6.32428
-6.32506
-6.32502
-6.3245
-6.3273
-6.32869
-6.32661
-6.32563
-6.32651
-6.32807
-6.32869
-6.32897
-6.33012
-6.33042
-6.32923
-6.32729
-6.32673
-6.32774
-6.32782
-6.32795
-6.32769
-6.32559
-6.32673
-6.33106
-6.33367
-6.33517
-6.33516
-6.33455
-6.33461
-6.33408
-6.33398
-6.32957
-6.32646
-6.32702
-6.32676
-6.32408
-6.3264
-6.32555
-6.32607
-6.3257
-6.32639
-6.32622
-6.32743
-6.32937
-6.32912
-6.32632
-6.3258
-6.32819
-6.32959
-6.33202
-6.32969
-6.33165
-6.33171
-6.33137
-6.33181
-6.33066
-6.3301
-6.33112
-6.32825
-6.33001
-6.32906
-6.32457
-6.32057
-6.32072
-6.32153
-6.32048
-6.3205
-6.32258
-6.32633
-6.32838
-6.32819
-6.32876
-6.33028
-6.33364
-6.33271
-6.33177
-6.33312
-6.33227
-6.33057
-6.33071
-6.32956
-6.32888
-6.32717
-6.3268
-6.32844
-6.32852
-6.32892
-6.33081
-6.3285
-6.33121
-6.33335
-6.33364
-6.33149
-6.33181
-6.33458
-6.33227
-6.33131
-6.33104
-6.32964
-6.32832
-6.32704
-6.32541
-6.32574
-6.32432
-6.32439
-6.32526
-6.32509
-6.32444
-6.32439
-6.32544
-6.32611
-6.32424
-6.3273
-6.32843
-6.32858
-6.32871
-6.32885
-6.32871
-6.32863
-6.32795
-6.32957
-6.33152
-6.33145
-6.32998
-6.32969
-6.32903
-6.3278
-6.32869
-6.32592
-6.32462
-6.32538
-6.32812
-6.32924
-6.32963
-6.33087
-6.33128
-6.32957
-6.32929
-6.32786
-6.32664
-6.32603
-6.32522
-6.32433
-6.32501
-6.32594
-6.32476
-6.32399
-6.32584
-6.32829
-6.32804
-6.32888
-6.32819
-6.32697
-6.3266
-6.32552
-6.32665
-6.32808
-6.3269
-6.32638
-6.32496
-6.32527
-6.3244
-6.32432
-6.32409
-6.32477
-6.32418
-6.32366
-6.32563
-6.32588
-6.32892
-6.32849
-6.32925
-6.32786
-6.3274
-6.32766
-6.32837
-6.32687
-6.32889
-6.32785
-6.32601
-6.32346
-6.32224
-6.32438
-6.32376
-6.32432
-6.32345
-6.32339
-6.32378
-6.32455
-6.32855
-6.32862
-6.32795
-6.32623
-6.32672
-6.32553
-6.3272
-6.32912
-6.32675
-6.32985
-6.33003
-6.32864
-6.32823
-6.3281
-6.32622
-6.32714
-6.32833
-6.32735
-6.32591
-6.32735
-6.32869
-6.32722
-6.3273
-6.32784
-6.33015
-6.33006
-6.32927
-6.32747
-6.32662
-6.32417
-6.32438
-6.32278
-6.32482
-6.32619
-6.32488
-6.32477
-6.32372
-6.32219
-6.32217
-6.32133
-6.32148
-6.32282
-6.3253
-6.32669
-6.32738
-6.32932
-6.32993
-6.32756
-6.32866
-6.33034
-6.32908
-6.32625
-6.32773
-6.32895
-6.32661
-6.32546
-6.32416
-6.32599
-6.32329
-6.32204
-6.32235
-6.32389
-6.32392
-6.32554
-6.32737
-6.32686
-6.32601
-6.32615
-6.32506
-6.32462
-6.32708
-6.32493
-6.32528
-6.32684
-6.32738
-6.32596
-6.32585
-6.3264
-6.32761
-6.3269
-6.32816
-6.32751
-6.32652
-6.32581
-6.32566
-6.32452
-6.32508
-6.32617
-6.32688
-6.32845
-6.32875
-6.32757
-6.32898
-6.33075
-6.3304
-6.3281
-6.32844
-6.32688
-6.32695
-6.32569
-6.32864
-6.33093
-6.33029
-6.32773
-6.32555
-6.3264
-6.32711
-6.32605
-6.32483
-6.32398
-6.32439
-6.32436
-6.32645
-6.32809
-6.32807
-6.32906
-6.32921
-6.3285
-6.32623
-6.32748
-6.32734
-6.32769
-6.32592
-6.32594
-6.3278
-6.32737
-6.32892
-6.32929
-6.33016
-6.3306
-6.3306
-6.32947
-6.33096
-6.33038
-6.33181
-6.33097
-6.33146
-6.32924
-6.32906
-6.32884
-6.32867
-6.32814
-6.32868
-6.32814
-6.32867
-6.3286
-6.32858
-6.32628
-6.32496
-6.32083
-6.32092
-6.32168
-6.32247
-6.32121
-6.32429
-6.32748
-6.32835
-6.32941
-6.33184
-6.3328
-6.33213
-6.33287
-6.33385
-6.33279
-6.33158
-6.33275
-6.33336
-6.33149
-6.33047
-6.32784
-6.32478
-6.32383
-6.32326
-6.32244
-6.32375
-6.32488
-6.32656
-6.32739
-6.32803
-6.32879
-6.32963
-6.33147
-6.33101
-6.33375
-6.3323
-6.33164
-6.32866
-6.32641
-6.32595
-6.32477
-6.32484
-6.32551
-6.32513
-6.3259
-6.32611
-6.3282
-6.32784
-6.32687
-6.32528
-6.32615
-6.32449
-6.32442
-6.32408
-6.32537
-6.32522
-6.32601
-6.32658
-6.32649
-6.32805
-6.32876
-6.32619
-6.32533
-6.32239
-6.32184
-6.32365
-6.3232
-6.32597
-6.32612
-6.32686
-6.32714
-6.32526
-6.32604
-6.32821
-6.32898
-6.32787
-6.32635
-6.32685
-6.32714
-6.32807
-6.32879
-6.32898
-6.3304
-6.32915
-6.32796
-6.32669
-6.32454
-6.32224
-6.32432
-6.32497
-6.32742
-6.32912
-6.33071
-6.33059
-6.33222
-6.3328
-6.33438
-6.33587
-6.33472
-6.3359
-6.33374
-6.33157
-6.32946
-6.32846
-6.32927
-6.32677
-6.3274
-6.32913
-6.32955
-6.32981
-6.32987
-6.32877
-6.32821
-6.33053
-6.32993
-6.32735
-6.32662
-6.32451
-6.32467
-6.32169
-6.32207
-6.32226
-6.32091
-6.32061
-6.32039
-6.32126
-6.32259
-6.324
-6.32508
-6.32774
-6.32675
-6.32632
-6.32516
-6.32525
-6.32501
-6.32611
-6.32923
-6.32851
-6.32812
-6.32831
-6.32964
-6.32622
-6.32679
-6.32716
-6.32772
-6.32826
-6.32732
-6.32669
-6.32681
-6.32607
-6.32537
-6.32701
-6.32713
-6.32746
-6.32695
-6.32833
-6.32661
-6.32523
-6.3247
-6.32444
-6.32513
-6.32414
-6.32332
-6.32481
-6.32593
-6.32694
-6.32684
-6.32723
-6.32876
-6.32751
-6.32799
-6.32666
-6.32815
-6.32677
-6.3244
-6.3264
-6.32637
-6.32672
-6.32841
-6.33052
-6.33068
-6.33024
-6.33187
-6.33269
-6.33169
-6.33178
-6.33169
-6.32798
-6.325
-6.32322
-6.32338
-6.32417
-6.32358
-6.32379
-6.32117
-6.32343
-6.32564
-6.3283
-6.3284
-6.32853
-6.3281
-6.32822
-6.32804
-6.32728
-6.32827
-6.32709
-6.32759
-6.32676
-6.32652
-6.32594
-6.32608
-6.32514
-6.32675
-6.32821
-6.32779
-6.32956
-6.3303
-6.32811
-6.33049
-6.32963
-6.33191
-6.32913
-6.32839
-6.33005
-6.33032
-6.33032
-6.32914
-6.32912
-6.32598
-6.32448
-6.32483
-6.32533
-6.32563
-6.32642
-6.32654
-6.32682
-6.32519
-6.32467
-6.32545
-6.32822
-6.33007
-6.33308
-6.33276
-6.33193
-6.32953
-6.33088
-6.32986
-6.32927
-6.32866
-6.32924
-6.32866
-6.32731
-6.32722
-6.32558
-6.32605
-6.32516
-6.32583
-6.32508
-6.32539
-6.32461
-6.32454
-6.32476
-6.32402
-6.32244
-6.32243
-6.32249
-6.32104
-6.31978
-6.31839
-6.31818
-6.31978
-6.31893
-6.31946
-6.321
-6.32098
-6.32164
-6.32262
-6.32257
-6.32204
-6.32324
-6.32483
-6.32455
-6.32762
-6.32668
-6.32733
-6.32678
-6.32803
-6.32721
-6.3272
-6.32759
-6.32631
-6.3246
-6.32442
-6.32517
-6.32499
-6.32461
-6.32534
-6.32556
-6.32518
-6.3267
-6.32616
-6.3255
-6.32608
-6.32411
-6.32255
-6.32335
-6.32323
-6.32444
-6.32503
-6.32568
-6.3274
-6.32887
-6.33166
-6.33077
-6.33126
-6.33112
-6.33062
-6.33014
-6.32813
-6.32696
-6.32575
-6.32524
-6.32426
-6.3242
-6.32423
-6.32254
-6.32138
-6.32127
-6.32162
-6.32116
-6.3226
-6.32421
-6.3228
-6.32435
-6.32193
-6.32387
-6.32381
-6.32566
-6.32449
-6.32598
-6.3268
-6.32787
-6.32723
-6.32681
-6.32914
-6.33064
-6.32706
-6.32524
-6.32493
-6.32532
-6.32427
-6.32571
-6.32671
-6.32945
-6.33068
-6.33131
-6.33033
-6.32932
-6.32886
-6.32857
-6.32652
-6.32498
-6.32532
-6.32666
-6.32844
-6.32683
-6.32828
-6.32844
-6.32911
-6.32991
-6.33021
-6.3294
-6.3256
-6.32764
-6.32818
-6.32871
-6.32739
-6.32771
-6.32886
-6.32995
-6.32818
-6.32672
-6.32721
-6.32877
-6.32476
-6.32336
-6.3237
-6.32457
-6.32472
-6.32417
-6.32616
-6.32962
-6.33079
-6.33045
-6.32846
-6.32675
-6.32604
-6.32544
-6.32313
-6.32303
-6.32418
-6.3224
-6.32066
-6.322
-6.32233
-6.32367
-6.32146
-6.32107
-6.32332
-6.32423
-6.32472
-6.32644
-6.32587
-6.32853
-6.32891
-6.32856
-6.33166
-6.33169
-6.33223
-6.33072
-6.32881
-6.32777
-6.32822
-6.32567
-6.32477
-6.32599
-6.32488
-6.32439
-6.32508
-6.32659
-6.32721
-6.32687
-6.32675
-6.32771
-6.32971
-6.32985
-6.33044
-6.32797
-6.32736
-6.32704
-6.32609
-6.32557
-6.3275
-6.32514
-6.32404
-6.32323
-6.32425
-6.32535
-6.32573
-6.32488
-6.32623
-6.32748
-6.3288
-6.32552
-6.32526
-6.3265
-6.32603
-6.32636
-6.32646
-6.32527
-6.32408
-6.32321
-6.32463
-6.32485
-6.32489
-6.32674
-6.32716
-6.32577
-6.32569
-6.32805
-6.32914
-6.32985
-6.33015
-6.33073
-6.32883
-6.32941
-6.32841
-6.32337
-6.32406
-6.32498
-6.32417
-6.32574
-6.32544
-6.32581
-6.32747
-6.32459
-6.32563
-6.32446
-6.32242
-6.32439
-6.32422
-6.32707
-6.32673
-6.32766
-6.33043
-6.33271
-6.33444
-6.33592
-6.33452
-6.33519
-6.33284
-6.33152
-6.33036
-6.33069
-6.33021
-6.327
-6.32725
-6.32679
-6.32749
-6.32761
-6.32658
-6.3275
-6.32838
-6.32838
-6.32896
-6.32895
-6.32776
-6.32862
-6.328
-6.32912
-6.32769
-6.32621
-6.32492
-6.32413
-6.32261
-6.32204
-6.32313
-6.32325
-6.32357
-6.32207
-6.32233
-6.32126
-6.32201
-6.32124
-6.32014
-6.31982
-6.32275
-6.3247
-6.32801
-6.33028
-6.33225
-6.33335
-6.33249
-6.32994
-6.32949
-6.32875
-6.32693
-6.32512
-6.32504
-6.3238
-6.32301
-6.32194
-6.32277
-6.32374
-6.3228
-6.32272
-6.32472
-6.32613
-6.32885
-6.32898
-6.32852
-6.32853
-6.32884
-6.32734
-6.3261
-6.32449
-6.32573
-6.32586
-6.32602
-6.3258
-6.32575
-6.32421
-6.32345
-6.3232
-6.32064
-6.31942
-6.32119
-6.32244
-6.32348
-6.32496
-6.32788
-6.33087
-6.32926
-6.32939
-6.32822
-6.32797
-6.32585
-6.32624
-6.32548
-6.32534
-6.3266
-6.32637
-6.32456
-6.32359
-6.32457
-6.32538
-6.32655
-6.32639
-6.32716
-6.32826
-6.32623
-6.32475
-6.32169
-6.32076
-6.31947
-6.31985
-6.32152
-6.32113
-6.32271
-6.32388
-6.32489
-6.32608
-6.32748
-6.32751
-6.32844
-6.32605
-6.32813
-6.32795
-6.32848
-6.32784
-6.32765
-6.32723
-6.32942
-6.33059
-6.32878
-6.33076
-6.3311
-6.33144
-6.33145
-6.33046
-6.33199
-6.32984
-6.32816
-6.32664
-6.32565
-6.3243
-6.32339
-6.32211
-6.32116
-6.32306
-6.32279
-6.32436
-6.32389
-6.32438
-6.32663
-6.3268
-6.32706
-6.32852
-6.33036
-6.33025
-6.32986
-6.32865
-6.32935
-6.32789
-6.32662
-6.32818
-6.32644
-6.32464
-6.32464
-6.32732
-6.32702
-6.32747
-6.32794
-6.32783
-6.32754
-6.3269
-6.32697
-6.32976
-6.32975
-6.33139
-6.33457
-6.33336
-6.33354
-6.3322
-6.33043
-6.3284
-6.32621
-6.32741
-6.32745
-6.32569
-6.32449
-6.32426
-6.32631
-6.32698
-6.32637
-6.32658
-6.32719
-6.32791
-6.32884
-6.32807
-6.32981
-6.33174
-6.3309
-6.32959
-6.33083
-6.33117
-6.33003
-6.33068
-6.32851
-6.32924
-6.32957
-6.32884
-6.32613
-6.32541
-6.32666
-6.325
-6.32746
-6.32685
-6.32448
-6.32209
-6.32305
-6.32391
-6.326
-6.32566
-6.32698
-6.32816
-6.32753
-6.32767
-6.3267
-6.32637
-6.32715
-6.32748
-6.32505
-6.32522
-6.32531
-6.32498
-6.32553
-6.32605
-6.32496
-6.32392
-6.32393
-6.32307
-6.32325
-6.32249
-6.32173
-6.32189
-6.32394
-6.3247
-6.3252
-6.3255
-6.32721
-6.33025
-6.32871
-6.3277
-6.32654
-6.32527
-6.32678
-6.32881
-6.32741
-6.32608
-6.32476
-6.3219
-6.32154
-6.32261
-6.32053
-6.32133
-6.32094
-6.32416
-6.32657
-6.32785
-6.32895
-6.33026
-6.33196
-6.33143
-6.33263
-6.33309
-6.33071
-6.3276
-6.32778
-6.32752
-6.3285
-6.32657
-6.32726
-6.3273
-6.32726
-6.32836
-6.32824
-6.32839
-6.32961
-6.32982
-6.33122
-6.33028
-6.32971
-6.32805
-6.32805
-6.32594
-6.32537
-6.3238
-6.3229
-6.32329
-6.32365
-6.32418
-6.32571
-6.32776
-6.32891
-6.33079
-6.32955
-6.32852
-6.32776
-6.32539
-6.32561
-6.32422
-6.32511
-6.32668
-6.32633
-6.32404
-6.32522
-6.32566
-6.32665
-6.32636
-6.32682
-6.32587
-6.3274
-6.32812
-6.32785
-6.32899
-6.32661
-6.32403
-6.32499
-6.32507
-6.32336
-6.32303
-6.32143
-6.32338
-6.32375
-6.32548
-6.3241
-6.32415
-6.32489
-6.32749
-6.3289
-6.33038
-6.33
-6.33335
-6.33048
-6.32764
-6.32847
-6.3275
-6.32795
-6.32721
-6.32757
-6.32679
-6.3288
-6.32874
-6.32748
-6.32745
-6.32787
-6.32671
-6.32492
-6.32614
-6.32692
-6.3264
-6.32336
-6.32465
-6.32381
-6.3251
-6.32591
-6.32619
-6.32752
-6.32565
-6.32641
-6.32623
-6.32572
-6.3258
-6.32547
-6.32794
-6.32773
-6.32612
-6.32727
-6.33022
-6.32985
-6.3308
-6.3299
-6.33043
-6.33167
-6.33219
-6.3319
-6.32786
-6.32753
-6.32619
-6.32527
-6.32364
-6.324
-6.32411
-6.32389
-6.32479
-6.32533
-6.3241
-6.32563
-6.32639
-6.3261
-6.32731
-6.32799
-6.32899
-6.32863
-6.32823
-6.325
-6.32309
-6.32148
-6.32137
-6.32154
-6.3235
-6.32347
-6.32608
-6.32754
-6.32808
-6.32865
-6.32898
-6.32947
-6.32921
-6.32822
-6.3259
-6.32683
-6.32521
-6.32599
-6.32565
-6.32551
-6.32585
-6.32751
-6.32682
-6.32593
-6.32514
-6.32508
-6.32516
-6.32515
-6.32456
-6.32261
-6.32337
-6.32206
-6.3241
-6.32537
-6.32497
-6.32554
-6.32631
-6.32821
-6.32554
-6.3243
-6.32467
-6.32715
-6.3276
-6.32757
-6.32988
-6.32856
-6.32902
-6.32901
-6.32822
-6.32671
-6.32295
-6.32349
-6.32094
-6.3208
-6.32045
-6.32014
-6.32087
-6.32277
-6.32531
-6.32555
-6.32676
-6.32402
-6.32454
-6.32845
-6.32831
-6.32715
-6.32749
-6.32797
-6.3286
-6.32877
-6.32736
-6.32761
-6.32898
-6.32966
-6.32752
-6.32709
-6.32836
-6.32768
-6.32824
-6.32968
-6.32558
-6.32576
-6.32638
-6.32684
-6.32641
-6.32631
-6.32682
-6.32599
-6.32926
-6.32816
-6.32814
-6.32921
-6.32692
-6.32506
-6.32445
-6.32549
-6.32449
-6.32322
-6.32159
-6.32123
-6.32031
-6.32181
-6.32154
-6.32422
-6.32575
-6.32695
-6.32617
-6.32935
-6.32927
-6.33093
-6.32853
-6.33011
-6.33041
-6.33036
-6.33022
-6.32769
-6.32599
-6.32518
-6.32442
-6.3238
-6.32399
-6.32395
-6.32484
-6.32273
-6.32314
-6.32394
-6.326
-6.32693
-6.32679
-6.32834
-6.33151
-6.33229
-6.33462
-6.33328
-6.3327
-6.32921
-6.32793
-6.32451
-6.32393
-6.32461
-6.32459
-6.32382
-6.32482
-6.32594
-6.32653
-6.32725
-6.32713
-6.32741
-6.32735
-6.32815
-6.32685
-6.32601
-6.32662
-6.32744
-6.32653
-6.32782
-6.32714
-6.32781
-6.32762
-6.32791
-6.3309
-6.33071
-6.33149
-6.33101
-6.329
-6.32808
-6.32947
-6.32881
-6.32914
-6.32944
-6.3282
-6.32562
-6.32285
-6.32264
-6.32473
-6.32395
-6.32662
-6.32633
-6.32545
-6.32839
-6.32518
-6.32506
-6.32398
-6.32139
-6.3215
-6.32197
-6.32239
-6.32077
-6.32264
-6.32351
-6.32223
-6.32213
-6.32426
-6.32634
-6.32505
-6.32642
-6.32542
-6.32455
-6.32443
-6.32408
-6.32325
-6.32295
-6.32066
-6.32133
-6.32183
-6.32283
-6.325
-6.32766
-6.32813
-6.32566
-6.3276
-6.32582
-6.32772
-6.32753
-6.32829
-6.3279
-6.32677
-6.32868
-6.3269
-6.32968
-6.32957
-6.32955
-6.32812
-6.32666
-6.32625
-6.32339
-6.322
-6.32369
-6.32455
-6.32294
-6.32431
-6.32318
-6.32377
-6.32385
-6.32378
-6.32325
-6.32447
-6.32506
-6.3262
-6.32452
-6.32548
-6.32555
-6.3264
-6.3278
-6.32851
-6.32855
-6.3298
-6.33063
-6.33162
-6.33116
-6.32739
-6.32759
-6.32608
-6.32519
-6.32334
-6.32498
-6.32387
-6.32574
-6.32504
-6.3262
-6.32658
-6.32578
-6.32509
-6.32168
-6.32249
-6.32279
-6.32262
-6.32354
-6.32544
-6.32593
-6.32525
-6.32629
-6.3288
-6.32572
-6.32269
-6.32147
-6.32151
-6.3235
-6.3238
-6.32516
-6.32769
-6.32738
-6.32644
-6.32717
-6.32803
-6.32912
-6.32796
-6.32916
-6.32854
-6.32903
-6.33063
-6.32819
-6.32948
-6.32769
-6.32853
-6.32734
-6.32622
-6.32284
-6.32403
-6.32507
-6.32674
-6.32493
-6.32359
-6.32658
-6.32741
-6.32864
-6.32706
-6.32241
-6.32347
-6.32574
-6.32783
-6.32991
-6.3318
-6.33079
-6.33112
-6.32998
-6.33201
-6.33278
-6.33132
-6.32856
-6.32735
-6.32731
-6.32876
-6.32943
-6.32837
-6.3279
-6.3265
-6.32561
-6.3228
-6.32174
-6.32343
-6.32291
-6.32547
-6.32731
-6.32861
-6.328
-6.32941
-6.32868
-6.32945
-6.3327
-6.33293
-6.3327
-6.33271
-6.33168
-6.32933
-6.32927
-6.32955
-6.33016
-6.32975
-6.33089
-6.32807
-6.32813
-6.32828
-6.32536
-6.32625
-6.32509
-6.32338
-6.32263
-6.32306
-6.32272
-6.32357
-6.32241
-6.32158
-6.32119
-6.32008
-6.3213
-6.3213
-6.32282
-6.32391
-6.32587
-6.32759
-6.32852
-6.32887
-6.32862
-6.32729
-6.32749
-6.32719
-6.32655
-6.32583
-6.32728
-6.32939
-6.32868
-6.32942
-6.32995
-6.32985
-6.32769
-6.32725
-6.32563
-6.32488
-6.32447
-6.32552
-6.32612
-6.32886
-6.32877
-6.32963
-6.33036
-6.32805
-6.32657
-6.32569
-6.32481
-6.32397
-6.32228
-6.32268
-6.32291
-6.32391
-6.32369
-6.3254
-6.32705
-6.32897
-6.32921
-6.32874
-6.32921
-6.3319
-6.33126
-6.33015
-6.32983
-6.32838
-6.32714
-6.32713
-6.32582
-6.32385
-6.32453
-6.32566
-6.32476
-6.3258
-6.32658
-6.32639
-6.32673
-6.32415
-6.32527
-6.32578
-6.32308
-6.32338
-6.32384
-6.32225
-6.3229
-6.3249
-6.32534
-6.32294
-6.32253
-6.32213
-6.32532
-6.3253
-6.32503
-6.32809
-6.32895
-6.33014
-6.33125
-6.32894
-6.32739
-6.32637
-6.32662
-6.32659
-6.32471
-6.32324
-6.32322
-6.32401
-6.32334
-6.32442
-6.32429
-6.32415
-6.32325
-6.3241
-6.32213
-6.32122
-6.32209
-6.32189
-6.32234
-6.32162
-6.32014
-6.32149
-6.32205
-6.32271
-6.32236
-6.32158
-6.32228
-6.32123
-6.31973
-6.31912
-6.32045
-6.32316
-6.32477
-6.32563
-6.32959
-6.32814
-6.32795
-6.32761
-6.32703
-6.32552
-6.32502
-6.32401
-6.32128
-6.32122
-6.32107
-6.32066
-6.32167
-6.3234
-6.32371
-6.32533
-6.32775
-6.32668
-6.32602
-6.3242
-6.3258
-6.3276
-6.3273
-6.32747
-6.32779
-6.32768
-6.32601
-6.3265
-6.32442
-6.32367
-6.32315
-6.32558
-6.32722
-6.32477
-6.32503
-6.32702
-6.32563
-6.32513
-6.32659
-6.32687
-6.32798
-6.3287
-6.32942
-6.32792
-6.32989
-6.33047
-6.33091
-6.33077
-6.33019
-6.33081
-6.3277
-6.32778
-6.32814
-6.32771
-6.32797
-6.32878
-6.32814
-6.32799
-6.32683
-6.32539
-6.32797
-6.32743
-6.32957
-6.33082
-6.33109
-6.33097
-6.33071
-6.33217
-6.33115
-6.33258
-6.33009
-6.3297
-6.32828
-6.32623
-6.32868
-6.33029
-6.33152
-6.33087
-6.33086
-6.3283
-6.3288
-6.3267
-6.32506
-6.32594
-6.32418
-6.32265
-6.32443
-6.32479
-6.32553
-6.32526
-6.32563
-6.32677
-6.32665
-6.32455
-6.32582
-6.32428
-6.32488
-6.32543
-6.32706
-6.32627
-6.32706
-6.32629
-6.3243
-6.32427
-6.32415
-6.32225
-6.32399
-6.32388
-6.32423
-6.3258
-6.3252
-6.32585
-6.32496
-6.32195
-6.32415
-6.32615
-6.32547
-6.32578
-6.32636
-6.32721
-6.32775
-6.32617
-6.32585
-6.32918
-6.3291
-6.33052
-6.33082
-6.3316
-6.3325
-6.33311
-6.33046
-6.3309
-6.33016
-6.32985
-6.32877
-6.32932
-6.32898
-6.32649
-6.32567
-6.32386
-6.32298
-6.32179
-6.32266
-6.32149
-6.3222
-6.32412
-6.32549
-6.32616
-6.32535
-6.32527
-6.32627
-6.3268
-6.32595
-6.32474
-6.32346
-6.32303
-6.32472
-6.32438
-6.32378
-6.32339
-6.32397
-6.32263
-6.32348
-6.32507
-6.3237
-6.32611
-6.3271
-6.32901
-6.32734
-6.32789
-6.33095
-6.32933
-6.32851
-6.3285
-6.32941
-6.32873
-6.32913
-6.32706
-6.32802
-6.32709
-6.32847
-6.32762
-6.33138
-6.33041
-6.33056
-6.33118
-6.33121
-6.33247
-6.33223
-6.33231
-6.33231
-6.33093
-6.32984
-6.3272
-6.32413
-6.32142
-6.32278
-6.32253
-6.32308
-6.32222
-6.32252
-6.32318
-6.32411
-6.32551
-6.32342
-6.32358
-6.32519
-6.32744
-6.32662
-6.33106
-6.3301
-6.32871
-6.32808
-6.32775
-6.32691
-6.32631
-6.32695
-6.32569
-6.32585
-6.32614
-6.32447
-6.32672
-6.32583
-6.32453
-6.32504
-6.32419
-6.31987
-6.31818
-6.3178
-6.3196
-6.32216
-6.32123
-6.32317
-6.32327
-6.32367
-6.32283
-6.32461
-6.32463
-6.32541
-6.32387
-6.32592
-6.3275
-6.33009
-6.33006
-6.32868
-6.32828
-6.32827
-6.33105
-6.33352
-6.33221
-6.33236
-6.33006
-6.33051
-6.33016
-6.32937
-6.32876
-6.32917
-6.33007
-6.33197
-6.32866
-6.32602
-6.32548
-6.3249
-6.32383
-6.32435
-6.32301
-6.32337
-6.32374
-6.32493
-6.32742
-6.32718
-6.32743
-6.32848
-6.32875
-6.32756
-6.32751
-6.32698
-6.32834
-6.32845
-6.32772
-6.32904
-6.33
-6.32889
-6.32791
-6.32745
-6.32565
-6.32425
-6.32496
-6.32396
-6.3242
-6.32373
-6.32279
-6.32223
-6.32517
-6.32667
-6.32926
-6.3303
-6.32881
-6.33064
-6.32974
-6.32749
-6.32689
-6.32802
-6.32611
-6.32443
-6.32361
-6.32387
-6.32447
-6.32498
-6.32701
-6.3267
-6.32573
-6.3229
-6.3241
-6.32417
-6.32501
-6.32361
-6.32407
-6.32467
-6.32569
-6.3268
-6.32963
-6.33227
-6.33312
-6.33287
-6.33128
-6.33076
-6.33012
-6.32813
-6.32481
-6.32369
-6.3241
-6.32478
-6.32674
-6.32669
-6.32478
-6.32627
-6.32739
-6.3271
-6.32765
-6.32944
-6.32903
-6.32841
-6.3267
-6.3262
-6.32538
-6.32308
-6.32172
-6.32438
-6.32696
-6.32652
-6.32616
-6.32658
-6.32555
-6.33065
-6.33142
-6.33115
-6.33022
-6.33034
-6.32644
-6.32544
-6.32651
-6.32643
-6.32814
-6.32733
-6.32686
-6.32737
-6.32726
-6.32788
-6.32665
-6.32486
-6.32377
-6.324
-6.3207
-6.32041
-6.32121
-6.32308
-6.32372
-6.32622
-6.32692
-6.32575
-6.32561
-6.32722
-6.32743
-6.3247
-6.32521
-6.3257
-6.32614
-6.32485
-6.32478
-6.32767
-6.33005
-6.32879
-6.32684
-6.3261
-6.32616
-6.32852
-6.32795
-6.32645
-6.32637
-6.32546
-6.32652
-6.32742
-6.32708
-6.32679
-6.32762
-6.32673
-6.3284
-6.3278
-6.32658
-6.33028
-6.33146
-6.33041
-6.32965
-6.3304
-6.3333
-6.33258
-6.3287
-6.32596
-6.32507
-6.32825
-6.32666
-6.32535
-6.32554
-6.3246
-6.32357
-6.32352
-6.32392
-6.32481
-6.32488
-6.32434
-6.32433
-6.3241
-6.32524
-6.32522
-6.32541
-6.32592
-6.32549
-6.32674
-6.32841
-6.3263
-6.32724
-6.32833
-6.32827
-6.32926
-6.32864
-6.32825
-6.32677
-6.32715
-6.32716
-6.32784
-6.3286
-6.32845
-6.32766
-6.32904
-6.32896
-6.3271
-6.3258
-6.32774
-6.32522
-6.32635
-6.32536
-6.32454
-6.32617
-6.32759
-6.3287
-6.32677
-6.32848
-6.33119
-6.3301
-6.32825
-6.32553
-6.32597
-6.328
-6.3283
-6.32636
-6.32655
-6.32519
-6.32619
-6.32542
-6.32557
-6.32547
-6.3239
-6.32506
-6.32477
-6.3252
-6.3244
-6.32328
-6.32508
-6.32429
-6.32451
-6.32645
-6.32692
-6.32825
-6.33139
-6.33071
-6.33154
-6.3301
-6.32986
-6.32952
-6.32724
-6.3267
-6.32639
-6.32479
-6.3239
-6.32383
-6.32234
-6.3227
-6.32233
-6.32387
-6.32503
-6.32513
-6.32346
-6.32541
-6.32592
-6.32831
-6.32822
-6.32991
-6.32838
-6.32804
-6.3291
-6.32847
-6.32849
-6.32788
-6.32753
-6.32732
-6.32645
-6.32676
-6.32592
-6.32462
-6.3242
-6.32606
-6.32605
-6.32583
-6.32533
-6.32676
-6.32582
-6.32512
-6.32381
-6.32496
-6.32536
-6.3271
-6.32766
-6.32913
-6.32928
-6.32896
-6.32742
-6.32748
-6.32669
-6.32794
-6.32849
-6.32965
-6.33148
-6.33124
-6.33053
-6.33045
-6.32825
-6.3277
-6.32639
-6.32574
-6.32679
-6.32784
-6.32877
-6.32939
-6.32988
-6.32919
-6.32796
-6.32685
-6.32653
-6.32446
-6.32427
-6.32283
-6.32486
-6.32497
-6.32607
-6.32666
-6.32748
-6.32935
-6.32681
-6.32355
-6.32262
-6.32441
-6.32599
-6.32627
-6.32478
-6.32208
-6.32173
-6.32382
-6.32431
-6.32138
-6.32126
-6.3204
-6.32195
-6.32158
-6.32372
-6.32668
-6.32597
-6.32874
-6.32794
-6.32748
-6.32705
-6.32632
-6.32594
-6.32494
-6.32299
-6.3217
-6.32297
-6.32191
-6.32206
-6.32215
-6.32387
-6.32341
-6.32306
-6.3251
-6.32497
-6.32491
-6.32717
-6.3282
-6.32894
-6.32898
-6.32954
-6.32994
-6.3302
-6.32746
-6.32921
-6.32704
-6.32549
-6.32362
-6.32215
-6.32305
-6.32309
-6.32228
-6.32223
-6.32421
-6.32293
-6.32373
-6.3223
-6.32217
-6.32248
-6.32113
-6.32252
-6.32196
-6.32214
-6.324
-6.32576
-6.32628
-6.32666
-6.32869
-6.33006
-6.32823
-6.32622
-6.32612
-6.32446
-6.32448
-6.3252
-6.32592
-6.32601
-6.32579
-6.32791
-6.32586
-6.32738
-6.32826
-6.32852
-6.32763
-6.32665
-6.32785
-6.32752
-6.32804
-6.32855
-6.32968
-6.32924
-6.32836
-6.32814
-6.32738
-6.32518
-6.32192
-6.32472
-6.32413
-6.3246
-6.32634
-6.32704
-6.32832
-6.3309
-6.33321
-6.33492
-6.33302
-6.33388
-6.33125
-6.33056
-6.32926
-6.3258
-6.32618
-6.326
-6.32473
-6.32599
-6.32555
-6.3263
-6.32621
-6.32424
-6.32261
-6.32132
-6.322
-6.32146
-6.32358
-6.3251
-6.32563
-6.32609
-6.32709
-6.32859
-6.32696
-6.32604
-6.32581
-6.3286
-6.32801
-6.329
-6.32907
-6.32707
-6.32705
-6.32682
-6.32824
-6.32824
-6.32925
-6.32997
-6.33075
-6.33221
-6.33198
-6.33319
-6.3335
-6.33097
-6.33083
-6.33123
-6.3319
-6.3303
-6.32832
-6.32818
-6.32891
-6.33023
-6.32895
-6.32899
-6.32973
-6.32925
-6.32858
-6.32748
-6.32794
-6.32571
-6.3269
-6.3272
-6.32946
-6.32685
-6.32709
-6.32725
-6.326
-6.32691
-6.32583
-6.32764
-6.32424
-6.32589
-6.32635
-6.32784
-6.32684
-6.3238
-6.32275
-6.3222
-6.32253
-6.32409
-6.32684
-6.32619
-6.32661
-6.3261
-6.32682
-6.32736
-6.32925
-6.33153
-6.33232
-6.32916
-6.32605
-6.32373
-6.32229
-6.32233
-6.32285
-6.32346
-6.32443
-6.3261
-6.32625
-6.32595
-6.32616
-6.32675
-6.32818
-6.32765
-6.32929
-6.33217
-6.33187
-6.33114
-6.33014
-6.33027
-6.32992
-6.32971
-6.33112
-6.3318
-6.33334
-6.33121
-6.33064
-6.32943
-6.32799
-6.32487
-6.32442
-6.3255
-6.32614
-6.32908
-6.33038
-6.33034
-6.33068
-6.32942
-6.32896
-6.33176
-6.32994
-6.33173
-6.33072
-6.32915
-6.326
-6.32346
-6.32219
-6.32226
-6.32214
-6.32391
-6.32601
-6.32615
-6.32684
-6.32536
-6.32677
-6.32875
-6.32927
-6.3295
-6.33006
-6.32974
-6.32741
-6.32612
-6.32456
-6.32365
-6.3256
-6.32557
-6.32529
-6.32265
-6.32135
-6.32368
-6.32692
-6.32855
-6.3299
-6.33179
-6.33032
-6.32757
-6.32563
-6.32595
-6.32571
-6.32692
-6.3283
-6.32887
-6.32824
-6.32859
-6.33049
-6.33032
-6.33131
-6.33097
-6.33265
-6.33194
-6.33083
-6.32895
-6.32942
-6.32762
-6.32869
-6.33066
-6.32936
-6.32607
-6.32889
-6.33034
-6.33075
-6.3311
-6.3314
-6.32971
-6.32793
-6.32771
-6.3255
-6.3252
-6.32554
-6.32622
-6.32631
-6.32779
-6.32706
-6.33025
-6.32984
-6.32975
-6.32808
-6.32714
-6.32719
-6.3284
-6.32674
-6.32811
-6.32694
-6.32708
-6.32581
-6.32568
-6.32874
-6.33053
-6.33148
-6.33151
-6.33382
-6.33261
-6.33016
-6.32905
-6.32904
-6.32791
-6.3284
-6.32873
-6.32701
-6.32576
-6.32281
-6.32287
-6.32116
-6.32252
-6.32213
-6.32248
-6.32213
-6.32391
-6.32511
-6.32482
-6.32591
-6.32851
-6.32731
-6.32507
-6.32422
-6.32391
-6.32608
-6.32454
-6.32567
-6.32423
-6.32441
-6.32619
-6.32605
-6.32822
-6.32777
-6.32718
-6.32603
-6.32559
-6.3247
-6.32421
-6.32336
-6.32447
-6.32708
-6.32581
-6.32439
-6.32439
-6.32358
-6.32239
-6.32128
-6.31912
-6.32016
-6.32078
-6.32341
-6.32457
-6.32514
-6.32674
-6.32718
-6.33112
-6.32892
-6.32872
-6.32956
-6.33073
-6.33022
-6.33123
-6.33116
-6.32972
-6.32793
-6.32643
-6.32621
-6.32242
-6.3235
-6.32467
-6.32476
-6.32355
-6.32243
-6.32361
-6.32502
-6.32546
-6.32734
-6.3263
-6.32815
-6.32644
-6.3258
-6.32408
-6.32465
-6.32699
-6.32822
-6.32667
-6.32511
-6.32408
-6.32357
-6.3266
-6.32613
-6.3258
-6.32592
-6.32348
-6.3236
-6.32271
-6.32443
-6.324
-6.32471
-6.32622
-6.32486
-6.32598
-6.32817
-6.3291
-6.33074
-6.32894
-6.32903
-6.32593
-6.32687
-6.3263
-6.32545
-6.32522
-6.32587
-6.32449
-6.32506
-6.32444
-6.32536
-6.32563
-6.32751
-6.32604
-6.32815
-6.32818
-6.32925
-6.33099
-6.33121
-6.32967
-6.32839
-6.32802
-6.32724
-6.32376
-6.32376
-6.32156
-6.32084
-6.32168
-6.32075
-6.32016
-6.32085
-6.31961
-6.32072
-6.32094
-6.32152
-6.3205
-6.32336
-6.32399
-6.32336
-6.32532
-6.32689
-6.32837
-6.32811
-6.32776
-6.32643
-6.32737
-6.32641
-6.32777
-6.32628
-6.32546
-6.32618
-6.32769
-6.32605
-6.32584
-6.3246
-6.32285
-6.32427
-6.32304
-6.32361
-6.32552
-6.32645
-6.32479
-6.32576
-6.32741
-6.32768
-6.32971
-6.32892
-6.32699
-6.3276
-6.32794
-6.32837
-6.32793
-6.32784
-6.32578
-6.32401
-6.32418
-6.32213
-6.31917
-6.31947
-6.31749
-6.31839
-6.3193
-6.32158
-6.32142
-6.32147
-6.32013
-6.32224
-6.32414
-6.32632
-6.32696
-6.32818
-6.32865
-6.32971
-6.32986
-6.33021
-6.32989
-6.33031
-6.32824
-6.32368
-6.32181
-6.32041
-6.31921
-6.31829
-6.32063
-6.32301
-6.32337
-6.32478
-6.32476
-6.3235
-6.32414
-6.32479
-6.32485
-6.32411
-6.32304
-6.3237
-6.32681
-6.32654
-6.32674
-6.3247
-6.32547
-6.3238
-6.32353
-6.32434
-6.32402
-6.32527
-6.3218
-6.32318
-6.32204
-6.32507
-6.3243
-6.32481
-6.32528
-6.32703
-6.32779
-6.32785
-6.3301
-6.32868
-6.33002
-6.32928
-6.3304
-6.3276
-6.32735
-6.32732
-6.32581
-6.3247
-6.32306
-6.32237
-6.32068
-6.32128
-6.32234
-6.32232
-6.32496
-6.32646
-6.32549
-6.32665
-6.32991
-6.32999
-6.33133
-6.33
-6.3312
-6.33084
-6.33135
-6.33064
-6.32756
-6.32567
-6.32619
-6.32419
-6.32354
-6.3217
-6.32126
-6.31993
-6.32061
-6.3217
-6.32134
-6.32347
-6.32325
-6.3245
-6.32673
-6.3275
-6.32672
-6.32536
-6.32543
-6.32697
-6.32839
-6.32714
-6.32519
-6.32361
-6.32244
-6.32232
-6.32286
-6.32462
-6.32625
-6.32548
-6.32268
-6.3228
-6.32106
-6.31956
-6.31968
-6.32312
-6.32402
-6.32453
-6.3273
-6.32789
-6.33062
-6.33152
-6.33359
-6.33274
-6.33144
-6.33051
-6.32782
-6.32763
-6.3277
-6.32639
-6.32428
-6.32262
-6.32167
-6.32076
-6.32051
-6.32188
-6.32323
-6.3245
-6.32405
-6.32315
-6.3231
-6.32164
-6.32235
-6.3233
-6.32288
-6.325
-6.32616
-6.32582
-6.32927
-6.32848
-6.32895
-6.33023
-6.33055
-6.33234
-6.33194
-6.33261
-6.33443
-6.33267
-6.33195
-6.33
-6.32806
-6.3306
-6.33113
-6.32997
-6.32779
-6.32782
-6.32882
-6.32888
-6.32902
-6.32997
-6.33074
-6.33292
-6.33317
-6.33305
-6.33414
-6.33385
-6.33217
-6.33169
-6.32821
-6.32598
-6.32406
-6.32313
-6.32486
-6.32248
-6.32284
-6.323
-6.32193
-6.32249
-6.32273
-6.32368
-6.32403
-6.32413
-6.32293
-6.32393
-6.32382
-6.32452
-6.32411
-6.32556
-6.32666
-6.32515
-6.32428
-6.32411
-6.32466
-6.32469
-6.32351
-6.32204
-6.32117
-6.32211
-6.32257
-6.32321
-6.32376
-6.3243
-6.32422
-6.32457
-6.32535
-6.32427
-6.32288
-6.32216
-6.3238
-6.32305
-6.32418
-6.32329
-6.32381
-6.32524
-6.32544
-6.32559
-6.32373
-6.32448
-6.3231
-6.32035
-6.31956
-6.31563
-6.31901
-6.31882
-6.31972
-6.31952
-6.32301
-6.32544
-6.32556
-6.32825
-6.33239
-6.33245
-6.33178
-6.32922
-6.32714
-6.32692
-6.32535
-6.32505
-6.32377
-6.32285
-6.32239
-6.32479
-6.32594
-6.32622
-6.32395
-6.32217
-6.32203
-6.32277
-6.32504
-6.32429
-6.32536
-6.32368
-6.32376
-6.32526
-6.32498
-6.3265
-6.32569
-6.32423
-6.32378
-6.32442
-6.3252
-6.32552
-6.32569
-6.32629
-6.32855
-6.33113
-6.32948
-6.33141
-6.33047
-6.32954
-6.33051
-6.33196
-6.33115
-6.33159
-6.32842
-6.32661
-6.32412
-6.32314
-6.32232
-6.32474
-6.32522
-6.32646
-6.32621
-6.32841
-6.32803
-6.32824
-6.33068
-6.32958
-6.32798
-6.32401
-6.32448
-6.32612
-6.32633
-6.32679
-6.32763
-6.32706
-6.32814
-6.328
-6.32759
-6.32641
-6.3272
-6.32787
-6.32932
-6.33063
-6.33057
-6.33177
-6.33002
-6.33045
-6.33038
-6.33104
-6.33077
-6.33184
-6.33072
-6.3285
-6.32594
-6.32459
-6.32279
-6.32537
-6.32815
-6.32852
-6.33038
-6.32841
-6.32774
-6.32861
-6.32877
-6.32942
-6.32739
-6.32811
-6.32881
-6.3303
-6.32958
-6.32761
-6.32575
-6.32505
-6.3253
-6.32499
-6.32422
-6.32368
-6.32499
-6.32457
-6.32625
-6.32773
-6.32768
-6.32861
-6.33074
-6.33075
-6.32953
-6.3277
-6.32751
-6.32551
-6.32378
-6.32345
-6.32337
-6.32426
-6.3248
-6.32526
-6.32619
-6.3265
-6.32772
-6.32846
-6.32935
-6.33104
-6.32971
-6.3299
-6.33004
-6.32785
-6.32686
-6.32613
-6.32468
-6.32354
-6.32342
-6.32177
-6.32089
-6.32245
-6.32261
-6.32493
-6.32292
-6.32292
-6.32479
-6.32643
-6.32587
-6.32637
-6.32671
-6.3283
-6.32604
-6.32517
-6.32667
-6.32366
-6.32546
-6.32364
-6.32445
-6.32737
-6.3267
-6.3266
-6.32596
-6.32456
-6.32422
-6.32235
-6.32486
-6.32635
-6.32719
-6.32578
-6.32694
-6.32866
-6.32764
-6.32846
-6.32962
-6.32908
-6.32895
-6.3308
-6.32983
-6.32996
-6.33009
-6.32866
-6.32547
-6.32612
-6.32583
-6.32818
-6.32931
-6.33024
-6.33065
-6.32956
-6.32821
-6.32851
-6.32846
-6.32834
-6.3291
-6.32911
-6.32968
-6.33054
-6.32916
-6.33009
-6.33007
-6.32935
-6.3282
-6.32561
-6.32611
-6.32651
-6.32434
-6.32326
-6.32244
-6.32259
-6.32273
-6.3247
-6.32739
-6.329
-6.33009
-6.3306
-6.32864
-6.32686
-6.32722
-6.32783
-6.32742
-6.327
-6.32798
-6.32623
-6.32534
-6.32593
-6.32596
-6.32437
-6.3218
-6.32277
-6.32664
-6.32885
-6.32644
-6.32774
-6.32624
-6.32484
-6.3243
-6.32474
-6.32501
-6.32547
-6.32477
-6.3254
-6.32565
-6.32485
-6.32474
-6.32474
-6.32492
-6.32394
-6.32556
-6.32873
-6.32594
-6.32497
-6.32526
-6.32492
-6.32531
-6.3251
-6.32491
-6.32632
-6.32639
-6.32804
-6.32707
-6.32675
-6.32741
-6.32615
-6.3262
-6.32749
-6.32676
-6.32891
-6.32787
-6.32765
-6.32791
-6.32722
-6.32833
-6.32884
-6.32879
-6.32994
-6.33143
-6.32947
-6.32769
-6.32643
-6.32629
-6.32913
-6.32801
-6.32866
-6.32883
-6.32698
-6.32839
-6.32863
-6.32739
-6.3288
-6.3299
-6.32805
-6.32908
-6.32849
-6.32658
-6.32593
-6.32522
-6.32766
-6.32714
-6.32826
-6.32751
-6.32689
-6.32669
-6.3272
-6.32743
-6.32613
-6.32693
-6.32698
-6.32847
-6.32891
-6.33157
-6.33144
-6.33019
-6.33196
-6.32926
-6.32783
-6.32541
-6.32544
-6.32578
-6.32369
-6.32369
-6.32431
-6.32379
-6.32516
-6.32677
-6.32872
-6.32914
-6.3305
-6.33164
-6.33049
-6.3314
-6.32991
-6.32862
-6.32882
-6.32922
-6.32976
-6.32914
-6.32759
-6.32766
-6.32857
-6.32892
-6.32831
-6.32764
-6.32794
-6.32875
-6.32899
-6.32695
-6.32685
-6.32885
-6.32919
-6.32849
-6.32947
-6.32969
-6.3288
-6.33057
-6.32996
-6.33006
-6.32888
-6.32807
-6.32776
-6.32746
-6.32635
-6.3258
-6.32905
-6.32827
-6.32762
-6.32676
-6.32631
-6.32529
-6.32558
-6.32611
-6.32613
-6.32557
-6.32441
-6.32597
-6.32416
-6.32388
-6.32225
-6.32217
-6.32145
-6.32116
-6.32434
-6.3227
-6.32401
-6.32728
-6.32879
-6.32841
-6.33058
-6.33008
-6.32911
-6.32859
-6.32879
-6.32837
-6.32831
-6.33025
-6.32847
-6.32695
-6.32615
-6.32554
-6.32392
-6.3236
-6.32489
-6.32508
-6.32694
-6.32871
-6.32775
-6.32695
-6.32667
-6.32824
-6.32813
-6.32767
-6.32883
-6.32804
-6.32761
-6.32885
-6.32919
-6.32735
-6.32787
-6.32746
-6.32834
-6.32754
-6.32926
-6.32961
-6.32665
-6.32653
-6.32698
-6.32866
-6.33032
-6.33104
-6.32992
-6.32601
-6.32804
-6.32852
-6.32863
-6.32956
-6.32797
-6.32734
-6.32836
-6.32734
-6.32559
-6.32403
-6.32567
-6.32516
-6.3248
-6.32695
-6.32832
-6.32959
-6.32755
-6.32831
-6.32723
-6.32685
-6.32524
-6.32444
-6.32327
-6.32413
-6.32514
-6.32539
-6.32197
-6.321
-6.3221
-6.32421
-6.32465
-6.32524
-6.32592
-6.32607
-6.32736
-6.32796
-6.32828
-6.32775
-6.32833
-6.3291
-6.32873
-6.32941
-6.33135
-6.32892
-6.32986
-6.33061
-6.32959
-6.32748
-6.32854
-6.32828
-6.32737
-6.3262
-6.32772
-6.3268
-6.3267
-6.32582
-6.32547
-6.32371
-6.32501
-6.32477
-6.32581
-6.32578
-6.32526
-6.3242
-6.32617
-6.32631
-6.32694
-6.3249
-6.32611
-6.32584
-6.32416
-6.32495
-6.32495
-6.3247
-6.32699
-6.32856
-6.3294
-6.32925
-6.33231
-6.33337
-6.33141
-6.3296
-6.32983
-6.32953
-6.32941
-6.32827
-6.32748
-6.32579
-6.32549
-6.32435
-6.32308
-6.32144
-6.32338
-6.32113
-6.32374
-6.32428
-6.32781
-6.32898
-6.32957
-6.32785
-6.32728
-6.32757
-6.32751
-6.32568
-6.32517
-6.32584
-6.32679
-6.32516
-6.32574
-6.32771
-6.32798
-6.32641
-6.32752
-6.32586
-6.32667
-6.32322
-6.32331
-6.32185
-6.32082
-6.32096
-6.32105
-6.31857
-6.3184
-6.32018
-6.32343
-6.32436
-6.32656
-6.32757
-6.32805
-6.32816
-6.32748
-6.32685
-6.32634
-6.32727
-6.327
-6.32647
-6.3253
-6.32571
-6.32606
-6.32665
-6.32555
-6.32603
-6.32202
-6.32135
-6.32186
-6.32103
-6.32181
-6.32222
-6.32343
-6.32491
-6.32553
-6.32616
-6.32613
-6.32486
-6.32729
-6.32771
-6.32718
-6.32614
-6.32599
-6.32584
-6.32768
-6.32564
-6.32636
-6.32962
-6.33064
-6.32924
-6.33055
-6.33113
-6.33147
-6.33045
-6.32921
-6.3301
-6.32638
-6.32577
-6.32692
-6.32562
-6.32676
-6.32628
-6.32717
-6.33027
-6.33072
-6.33177
-6.33139
-6.33123
-6.33015
-6.32758
-6.32422
-6.32108
-6.32209
-6.32152
-6.32114
-6.32246
-6.32302
-6.3248
-6.32635
-6.32774
-6.3287
-6.33005
-6.3317
-6.33262
-6.33149
-6.3293
-6.33072
-6.33005
-6.32774
-6.32746
-6.32633
-6.32598
-6.32775
-6.32843
-6.32807
-6.32677
-6.32611
-6.32956
-6.32917
-6.32829
-6.32839
-6.33078
-6.33036
-6.32892
-6.33141
-6.33107
-6.33276
-6.33285
-6.33098
-6.33198
-6.32999
-6.32916
-6.32818
-6.32803
-6.32747
-6.3276
-6.32598
-6.32396
-6.32319
-6.32167
-6.32094
-6.32125
-6.32219
-6.32624
-6.32621
-6.32855
-6.32941
-6.32853
-6.32595
-6.32523
-6.32671
-6.32722
-6.3245
-6.32413
-6.32382
-6.32453
-6.325
-6.32556
-6.32628
-6.32558
-6.32667
-6.32727
-6.32831
-6.32838
-6.32868
-6.32976
-6.33091
-6.3312
-6.33066
-6.33005
-6.32943
-6.3298
-6.3292
-6.32889
-6.32914
-6.32798
-6.32772
-6.32681
-6.327
-6.32644
-6.32681
-6.3271
-6.32816
-6.32795
-6.32863
-6.32727
-6.33007
-6.32738
-6.32836
-6.32784
-6.32776
-6.32768
-6.32687
-6.32748
-6.32718
-6.32694
-6.32742
-6.32676
-6.32705
-6.3265
-6.32689
-6.32667
-6.32772
-6.3273
-6.32812
-6.33007
-6.3305
-6.33037
-6.32931
-6.32924
-6.3285
-6.3275
-6.32383
-6.32355
-6.32307
-6.32195
-6.32188
-6.32437
-6.32397
-6.32466
-6.32741
-6.32849
-6.33134
-6.3308
-6.3312
-6.32913
-6.32831
-6.32819
-6.32784
-6.32791
-6.32908
-6.3314
-6.33039
-6.33149
-6.33225
-6.33282
-6.33413
-6.33462
-6.33445
-6.33307
-6.33345
-6.33356
-6.33363
-6.33484
-6.33322
-6.33236
-6.332
-6.33063
-6.32903
-6.32795
-6.32875
-6.32945
-6.32905
-6.32907
-6.32814
-6.32939
-6.32923
-6.32894
-6.32823
-6.32844
-6.32832
-6.3269
-6.32747
-6.32646
-6.32585
-6.3282
-6.32833
-6.32753
-6.32548
-6.32672
-6.32543
-6.32382
-6.32313
-6.32486
-6.32635
-6.32531
-6.32406
-6.32502
-6.32546
-6.3262
-6.32606
-6.32665
-6.32726
-6.3274
-6.32816
-6.32767
-6.32804
-6.32665
-6.32812
-6.32809
-6.32868
-6.32965
-6.33041
-6.32932
-6.32572
-6.32542
-6.32552
-6.32534
-6.32781
-6.32683
-6.32697
-6.32788
-6.32853
-6.3259
-6.32507
-6.32346
-6.324
-6.32355
-6.32345
-6.32378
-6.32553
-6.32746
-6.32956
-6.32948
-6.32998
-6.32894
-6.32854
-6.32879
-6.33009
-6.32771
-6.32407
-6.32529
-6.32492
-6.32502
-6.32481
-6.32676
-6.32882
-6.32858
-6.32805
-6.32753
-6.3268
-6.32717
-6.326
-6.32551
-6.32186
-6.32252
-6.32365
-6.32364
-6.32283
-6.32354
-6.32515
-6.3257
-6.32831
-6.32956
-6.3309
-6.33124
-6.33248
-6.33437
-6.33224
-6.33081
-6.32827
-6.32815
-6.32614
-6.3251
-6.32406
-6.32434
-6.32399
-6.32593
-6.32625
-6.32689
-6.3298
-6.32978
-6.32979
-6.33015
-6.32926
-6.33033
-6.33106
-6.33143
-6.33105
-6.3312
-6.33057
-6.33146
-6.33107
-6.32855
-6.32762
-6.32637
-6.32731
-6.32767
-6.32562
-6.32526
-6.32396
-6.32436
-6.32172
-6.32195
-6.32386
-6.32292
-6.32498
-6.3264
-6.32683
-6.32627
-6.32581
-6.32426
-6.32427
-6.32706
-6.32661
-6.32505
-6.32498
-6.32388
-6.32566
-6.32477
-6.32535
-6.32674
-6.32772
-6.32676
-6.32718
-6.32771
-6.32799
-6.32609
-6.32588
-6.3251
-6.32761
-6.32919
-6.33143
-6.33298
-6.33314
-6.33378
-6.33454
-6.33544
-6.33556
-6.33399
-6.33405
-6.33226
-6.33062
-6.33017
-6.32769
-6.32869
-6.32914
-6.32919
-6.32712
-6.32751
-6.32628
-6.32641
-6.32688
-6.32632
-6.32565
-6.32428
-6.32558
-6.32674
-6.32421
-6.32693
-6.32693
-6.32831
-6.32809
-6.32897
-6.32974
-6.32885
-6.32827
-6.32642
-6.32919
-6.3308
-6.32871
-6.32687
-6.32766
-6.32858
-6.33029
-6.33152
-6.33512
-6.33747
-6.33648
-6.3348
-6.33169
-6.32905
-6.33003
-6.32673
-6.32704
-6.32746
-6.32666
-6.32682
-6.32679
-6.3267
-6.32645
-6.32894
-6.32874
-6.32916
-6.32922
-6.32751
-6.32887
-6.32818
-6.32654
-6.32408
-6.32665
-6.3258
-6.32599
-6.32846
-6.32869
-6.32898
-6.32871
-6.32949
-6.32995
-6.33029
-6.33109
-6.32972
-6.32912
-6.32996
-6.33002
-6.32806
-6.32606
-6.32599
-6.32403
-6.32354
-6.32235
-6.32319
-6.32251
-6.32282
-6.32522
-6.32525
-6.32561
-6.32845
-6.32602
-6.32428
-6.32404
-6.32383
-6.32505
-6.32516
-6.32388
-6.32379
-6.3245
-6.32526
-6.32431
-6.32674
-6.3257
-6.3267
-6.32429
-6.32405
-6.32477
-6.32619
-6.32415
-6.32162
-6.32182
-6.32316
-6.3237
-6.32509
-6.32606
-6.32693
-6.32728
-6.3276
-6.32865
-6.32896
-6.32619
-6.32591
-6.32831
-6.32677
-6.32728
-6.32505
-6.32468
-6.32453
-6.32526
-6.3262
-6.32607
-6.32867
-6.32975
-6.33078
-6.33164
-6.3293
-6.3279
-6.32685
-6.32491
-6.32474
-6.32547
-6.32399
-6.32298
-6.32349
-6.32489
-6.32422
-6.32466
-6.32355
-6.32281
-6.32242
-6.32177
-6.32089
-6.32335
-6.32561
-6.32664
-6.32665
-6.32585
-6.32572
-6.32686
-6.32673
-6.32446
-6.32213
-6.32312
-6.32269
-6.32349
-6.32355
-6.32342
-6.32273
-6.32404
-6.32513
-6.32472
-6.32504
-6.32594
-6.32432
-6.32617
-6.32623
-6.32429
-6.32441
-6.32326
-6.31976
-6.31795
-6.31756
-6.31925
-6.32001
-6.32003
-6.32206
-6.32204
-6.32334
-6.32845
-6.3273
-6.32679
-6.32715
-6.32605
-6.32695
-6.32756
-6.32609
-6.32517
-6.32466
-6.32524
-6.32507
-6.32623
-6.32717
-6.32691
-6.32737
-6.32877
-6.3281
-6.32851
-6.32801
-6.32763
-6.32617
-6.32833
-6.32806
-6.32834
-6.32784
-6.32653
-6.32567
-6.32366
-6.32442
-6.32731
-6.32773
-6.32723
-6.32866
-6.32839
-6.32895
-6.32995
-6.3294
-6.3299
-6.32953
-6.32998
-6.32907
-6.32913
-6.32993
-6.32895
-6.3282
-6.32638
-6.32792
-6.32524
-6.32405
-6.32394
-6.322
-6.32153
-6.32229
-6.3244
-6.32178
-6.32323
-6.32199
-6.32229
-6.32379
-6.32552
-6.32581
-6.32718
-6.32816
-6.32988
-6.33023
-6.32783
-6.32918
-6.33083
-6.32939
-6.32539
-6.32354
-6.32236
-6.31899
-6.31894
-6.32176
-6.32272
-6.32294
-6.32395
-6.32513
-6.3262
-6.32621
-6.32682
-6.32711
-6.32812
-6.3276
-6.32778
-6.32925
-6.32837
-6.32803
-6.32818
-6.32978
-6.3296
-6.32931
-6.3265
-6.32839
-6.32925
-6.32934
-6.32918
-6.32899
-6.32972
-6.32979
-6.32826
-6.3297
-6.32859
-6.32816
-6.32644
-6.32733
-6.32757
-6.32875
-6.3279
-6.32851
-6.32765
-6.32665
-6.32587
-6.32508
-6.32304
-6.3234
-6.32333
-6.32451
-6.32498
-6.32627
-6.32724
-6.32614
-6.32675
-6.32813
-6.32906
-6.3287
-6.33038
-6.33183
-6.33009
-6.3312
-6.32862
-6.32746
-6.32805
-6.32653
-6.32617
-6.32448
-6.32221
-6.32435
-6.32519
-6.32704
-6.32832
-6.32993
-6.32851
-6.3326
-6.3332
-6.3346
-6.33437
-6.33119
-6.3278
-6.32441
-6.32328
-6.32117
-6.3209
-6.32195
-6.32501
-6.32609
-6.32698
-6.3284
-6.32907
-6.32965
-6.32925
-6.32913
-6.32913
-6.32694
-6.3264
-6.32321
-6.3204
-6.32025
-6.32235
-6.32297
-6.32677
-6.32871
-6.32996
-6.32758
-6.32617
-6.32395
-6.32267
-6.32379
-6.32158
-6.32356
-6.32329
-6.32467
-6.3254
-6.32697
-6.32952
-6.33058
-6.33162
-6.32972
-6.3282
-6.32595
-6.32438
-6.32393
-6.32557
-6.32472
-6.32516
-6.32389
-6.32278
-6.32218
-6.32311
-6.32435
-6.32534
-6.32548
-6.32605
-6.32545
-6.32401
-6.32655
-6.32761
-6.32651
-6.32615
-6.32679
-6.32773
-6.32759
-6.32953
-6.33057
-6.33197
-6.33116
-6.33045
-6.33027
-6.32808
-6.32616
-6.3242
-6.32253
-6.32222
-6.32018
-6.3214
-6.32149
-6.32047
-6.32155
-6.32337
-6.3248
-6.32498
-6.32778
-6.32941
-6.33171
-6.33257
-6.33184
-6.33064
-6.33193
-6.33213
-6.32863
-6.32726
-6.32583
-6.32605
-6.32672
-6.32638
-6.32905
-6.32906
-6.32836
-6.32616
-6.32765
-6.32832
-6.32995
-6.33156
-6.33192
-6.33269
-6.33314
-6.33162
-6.33105
-6.3296
-6.32778
-6.3245
-6.32534
-6.32778
-6.32697
-6.32677
-6.32681
-6.32668
-6.32632
-6.32919
-6.32905
-6.32808
-6.32661
-6.32635
-6.32619
-6.32595
-6.32526
-6.32581
-6.32473
-6.32449
-6.32387
-6.32139
-6.32243
-6.32358
-6.32299
-6.32261
-6.32207
-6.32164
-6.32097
-6.32304
-6.32464
-6.32453
-6.32589
-6.32508
-6.32325
-6.32286
-6.32546
-6.32777
-6.32984
-6.33208
-6.33006
-6.32935
-6.32769
-6.32666
-6.32564
-6.3234
-6.32256
-6.32283
-6.32354
-6.32436
-6.32529
-6.32824
-6.32669
-6.32775
-6.32816
-6.3282
-6.32711
-6.32579
-6.32741
-6.3281
-6.32728
-6.32609
-6.32569
-6.32589
-6.32583
-6.32483
-6.32343
-6.32247
-6.32439
-6.32492
-6.32726
-6.32818
-6.32901
-6.3272
-6.32568
-6.32702
-6.32861
-6.32886
-6.33038
-6.33062
-6.33153
-6.32986
-6.3295
-6.32979
-6.32946
-6.32942
-6.32738
-6.32848
-6.32783
-6.33
-6.32953
-6.32876
-6.32841
-6.32914
-6.32874
-6.32818
-6.32614
-6.32544
-6.32632
-6.32415
-6.32443
-6.32457
-6.32459
-6.32325
-6.32385
-6.32294
-6.32357
-6.32394
-6.32348
-6.3283
-6.32878
-6.33098
-6.3333
-6.33235
-6.33243
-6.33377
-6.33143
-6.32952
-6.32754
-6.3256
-6.3237
-6.32377
-6.3244
-6.32639
-6.32661
-6.32876
-6.32952
-6.3257
-6.3249
-6.32862
-6.32672
-6.32707
-6.32713
-6.3265
-6.32407
-6.32453
-6.3255
-6.32303
-6.32391
-6.32458
-6.32509
-6.32487
-6.32596
-6.32464
-6.32492
-6.32371
-6.32525
-6.3262
-6.32626
-6.32511
-6.32448
-6.32725
-6.3306
-6.33175
-6.33177
-6.33011
-6.32874
-6.32732
-6.32684
-6.32798
-6.32633
-6.32593
-6.32529
-6.32573
-6.32584
-6.32607
-6.32977
-6.33157
-6.33522
-6.33428
-6.33118
-6.33009
-6.32892
-6.32965
-6.32988
-6.32983
-6.32954
-6.32967
-6.32853
-6.32729
-6.32549
-6.32468
-6.32523
-6.32599
-6.32613
-6.32543
-6.32582
-6.32622
-6.32453
-6.32526
-6.32588
-6.324
-6.32472
-6.32397
-6.32623
-6.32615
-6.32865
-6.32969
-6.33078
-6.33224
-6.33091
-6.33206
-6.329
-6.32733
-6.32676
-6.32764
-6.32897
-6.32656
-6.33104
-6.33292
-6.33235
-6.33109
-6.32842
-6.32729
-6.32719
-6.32574
-6.32442
-6.32468
-6.32496
-6.32525
-6.3258
-6.32779
-6.32881
-6.32676
-6.32547
-6.32528
-6.32439
-6.32231
-6.32082
-6.32028
-6.32254
-6.32356
-6.3248
-6.32485
-6.32561
-6.32578
-6.32568
-6.32539
-6.32534
-6.32214
-6.32373
-6.32476
-6.32494
-6.32617
-6.32725
-6.32788
-6.32974
-6.33199
-6.33333
-6.33166
-6.3308
-6.32686
-6.32462
-6.32619
-6.32862
-6.33011
-6.331
-6.33007
-6.32942
-6.32672
-6.32562
-6.3253
-6.32473
-6.32511
-6.32559
-6.32545
-6.3277
-6.32989
-6.32737
-6.32821
-6.32691
-6.32738
-6.32509
-6.32425
-6.32162
-6.32245
-6.32165
-6.32129
-6.31859
-6.31878
-6.3206
-6.32072
-6.32066
-6.32291
-6.32283
-6.32298
-6.3224
-6.3234
-6.32342
-6.32338
-6.32264
-6.32577
-6.3263
-6.32841
-6.33202
-6.33187
-6.33151
-6.33132
-6.33041
-6.32984
-6.3271
-6.32707
-6.3272
-6.32684
-6.32628
-6.32418
-6.32569
-6.32591
-6.32542
-6.32485
-6.32576
-6.32525
-6.32462
-6.32331
-6.32232
-6.32268
-6.3231
-6.32297
-6.32326
-6.32367
-6.32321
-6.32253
-6.32191
-6.32197
-6.32304
-6.32517
-6.32645
-6.32527
-6.32321
-6.32367
-6.32554
-6.32609
-6.32821
-6.32936
-6.33024
-6.32933
-6.33029
-6.32898
-6.32844
-6.32747
-6.32683
-6.32716
-6.32744
-6.32915
-6.3276
-6.3272
-6.32697
-6.32633
-6.32502
-6.32366
-6.32221
-6.32095
-6.3189
-6.32038
-6.32037
-6.32128
-6.32123
-6.3195
-6.31856
-6.31887
-6.32097
-6.32253
-6.32229
-6.32163
-6.32099
-6.32177
-6.32269
-6.32342
-6.32419
-6.32618
-6.32861
-6.32917
-6.33018
-6.32812
-6.32529
-6.32625
-6.32683
-6.32545
-6.32346
-6.32254
-6.32121
-6.32157
-6.32373
-6.3244
-6.32591
-6.32701
-6.3307
-6.32917
-6.32924
-6.32647
-6.32708
-6.32756
-6.32566
-6.32597
-6.32467
-6.3241
-6.32241
-6.3232
-6.32228
-6.32409
-6.32336
-6.32458
-6.32545
-6.32699
-6.32663
-6.32633
-6.32508
-6.32481
-6.32482
-6.32409
-6.32389
-6.32357
-6.32505
-6.32538
-6.32421
-6.32608
-6.32586
-6.32405
-6.32475
-6.32493
-6.32495
-6.32404
-6.32613
-6.32455
-6.32601
-6.32634
-6.32524
-6.32695
-6.32887
-6.32905
-6.32654
-6.32593
-6.3256
-6.32559
-6.32466
-6.32318
-6.32085
-6.32156
-6.32041
-6.32291
-6.32547
-6.32747
-6.32918
-6.32956
-6.32954
-6.32905
-6.32904
-6.3288
-6.32865
-6.32701
-6.32491
-6.32371
-6.32321
-6.32224
-6.32196
-6.32216
-6.32157
-6.32298
-6.32326
-6.3277
-6.32635
-6.32527
-6.32669
-6.32356
-6.32472
-6.32352
-6.32138
-6.32065
-6.32333
-6.32387
-6.32707
-6.32474
-6.32428
-6.3244
-6.32547
-6.32561
-6.32713
-6.32777
-6.32492
-6.32597
-6.3241
-6.32512
-6.3258
-6.32581
-6.32451
-6.32323
-6.3242
-6.32419
-6.32284
-6.32436
-6.3246
-6.32626
-6.32591
-6.32775
-6.32995
-6.33155
-6.32885
-6.32806
-6.32879
-6.32669
-6.32612
-6.32517
-6.32511
-6.32554
-6.326
-6.32637
-6.3269
-6.32555
-6.32717
-6.32887
-6.32978
-6.32818
-6.32434
-6.32423
-6.32584
-6.32757
-6.32783
-6.3278
-6.32754
-6.32788
-6.32924
-6.33092
-6.33087
-6.32735
-6.32746
-6.32866
-6.32851
-6.32715
-6.328
-6.32892
-6.32998
-6.32915
-6.33109
-6.331
-6.33326
-6.33232
-6.33186
-6.33457
-6.33371
-6.33376
-6.33201
-6.3329
-6.33059
-6.329
-6.32603
-6.32514
-6.32492
-6.32356
-6.32358
-6.32544
-6.32465
-6.32494
-6.32631
-6.32698
-6.32838
-6.32705
-6.32819
-6.32753
-6.32853
-6.33046
-6.32968
-6.33036
-6.33054
-6.33116
-6.33126
-6.3292
-6.32823
-6.32806
-6.32742
-6.32702
-6.32793
-6.32603
-6.32599
-6.32473
-6.32397
-6.32241
-6.32478
-6.32595
-6.325
-6.32562
-6.32842
-6.32731
-6.32698
-6.32633
-6.32621
-6.3274
-6.32956
-6.33117
-6.33225
-6.33192
-6.3324
-6.32933
-6.32748
-6.32614
-6.32549
-6.32723
-6.32742
-6.32817
-6.32959
-6.32991
-6.33135
-6.33003
-6.33118
-6.33256
-6.33317
-6.33228
-6.33082
-6.33004
-6.32807
-6.3247
-6.32364
-6.32182
-6.32128
-6.32338
-6.32417
-6.32584
-6.32443
-6.32443
-6.32416
-6.3255
-6.3251
-6.32681
-6.3271
-6.32898
-6.3286
-6.32847
-6.32879
-6.32723
-6.32513
-6.32104
-6.32002
-6.32027
-6.32152
-6.32334
-6.3243
-6.3252
-6.32953
-6.32915
-6.32955
-6.3284
-6.32763
-6.32726
-6.32478
-6.32296
-6.32458
-6.32462
-6.32509
-6.32719
-6.32617
-6.32536
-6.32561
-6.32431
-6.32577
-6.32521
-6.32435
-6.32386
-6.32404
-6.32319
-6.32352
-6.32473
-6.32438
-6.32268
-6.32142
-6.32229
-6.32319
-6.32448
-6.32739
-6.32749
-6.32797
-6.3267
-6.32516
-6.32518
-6.3246
-6.32158
-6.32136
-6.32075
-6.32241
-6.32081
-6.32174
-6.3241
-6.32413
-6.32361
-6.32406
-6.32574
-6.32869
-6.33076
-6.32984
-6.33105
-6.33109
-6.32914
-6.32866
-6.32939
-6.32951
-6.32761
-6.32941
-6.33188
-6.33334
-6.33251
-6.33142
-6.32982
-6.33037
-6.32924
-6.32741
-6.32427
-6.32212
-6.32013
-6.32105
-6.32242
-6.32427
-6.32387
-6.32583
-6.32637
-6.32727
-6.32912
-6.3297
-6.32781
-6.32651
-6.32784
-6.32835
-6.32736
-6.32708
-6.32642
-6.32724
-6.32497
-6.32353
-6.32304
-6.32466
-6.32301
-6.32598
-6.32644
-6.32595
-6.3282
-6.33069
-6.33189
-6.33229
-6.33348
-6.33357
-6.33334
-6.33098
-6.33117
-6.32916
-6.32764
-6.32605
-6.3244
-6.32395
-6.32463
-6.3238
-6.32211
-6.32279
-6.32159
-6.32235
-6.32276
-6.32379
-6.32258
-6.32238
-6.32352
-6.32567
-6.32816
-6.32808
-6.33114
-6.33166
-6.33079
-6.33046
-6.32919
-6.32744
-6.32273
-6.32357
-6.32356
-6.32382
-6.32407
-6.32468
-6.3247
-6.32512
-6.32813
-6.32712
-6.32801
-6.32862
-6.32976
-6.33009
-6.32873
-6.32615
-6.32673
-6.32802
-6.32783
-6.32974
-6.32953
-6.32979
-6.3299
-6.32757
-6.32764
-6.32717
-6.32833
-6.3297
-6.33056
-6.32991
-6.33136
-6.32883
-6.32629
-6.32613
-6.32484
-6.32403
-6.32428
-6.32418
-6.32528
-6.32464
-6.32616
-6.32659
-6.32722
-6.3271
-6.32661
-6.32682
-6.3259
-6.32587
-6.32801
-6.32771
-6.3261
-6.32597
-6.32464
-6.32344
-6.32313
-6.32259
-6.32191
-6.3218
-6.32383
-6.32241
-6.32356
-6.32366
-6.32331
-6.32313
-6.32372
-6.32278
-6.32418
-6.32283
-6.32147
-6.32022
-6.32044
-6.31919
-6.3203
-6.32179
-6.32332
-6.32174
-6.32201
-6.32165
-6.3236
-6.32486
-6.32719
-6.32778
-6.32902
-6.32979
-6.33069
-6.32984
-6.32927
-6.3275
-6.32858
-6.3252
-6.32431
-6.32473
-6.32527
-6.32589
-6.32748
-6.32725
-6.32727
-6.32869
-6.32691
-6.32519
-6.32652
-6.32547
-6.3257
-6.32629
-6.32504
-6.32364
-6.32372
-6.32428
-6.32362
-6.32587
-6.32769
-6.32643
-6.32692
-6.32784
-6.32403
-6.32396
-6.32228
-6.32242
-6.32195
-6.32481
-6.32252
-6.32197
-6.32132
-6.32503
-6.32477
-6.32335
-6.32549
-6.32764
-6.32863
-6.33102
-6.33192
-6.33181
-6.33007
-6.33007
-6.32815
-6.32643
-6.32604
-6.32417
-6.32158
-6.3216
-6.31948
-6.31951
-6.31947
-6.31806
-6.32027
-6.3242
-6.32571
-6.32885
-6.32965
-6.32938
-6.32902
-6.32675
-6.32496
-6.32574
-6.32655
-6.32552
-6.32527
-6.32547
-6.32607
-6.32536
-6.32816
-6.32797
-6.32813
-6.32707
-6.32909
-6.3303
-6.32774
-6.32709
-6.32857
-6.32947
-6.33043
-6.32989
-6.32796
-6.32574
-6.3256
-6.32566
-6.32463
-6.32407
-6.3213
-6.32173
-6.32335
-6.32389
-6.32209
-6.32159
-6.32023
-6.32259
-6.32321
-6.32339
-6.3237
-6.32468
-6.32393
-6.32459
-6.32633
-6.32561
-6.32578
-6.32596
-6.32659
-6.3264
-6.3257
-6.32797
-6.32599
-6.32612
-6.32694
-6.32713
-6.32677
-6.32671
-6.32623
-6.32778
-6.32943
-6.33103
-6.33135
-6.33113
-6.32831
-6.32812
-6.32546
-6.32465
-6.32483
-6.32506
-6.32697
-6.32894
-6.32776
-6.32864
-6.33034
-6.33062
-6.32886
-6.33083
-6.33192
-6.3317
-6.33034
-6.33194
-6.33192
-6.33252
-6.33477
-6.33223
-6.33212
-6.33126
-6.32791
-6.32659
-6.32683
-6.32822
-6.3302
-6.33366
-6.33227
-6.32987
-6.3285
-6.32809
-6.32771
-6.32832
-6.32659
-6.32502
-6.32491
-6.32377
-6.32402
-6.32516
-6.32434
-6.32446
-6.32454
-6.32588
-6.32681
-6.32627
-6.32644
-6.3291
-6.32922
-6.32893
-6.33107
-6.32922
-6.32805
-6.32678
-6.32751
-6.3252
-6.32544
-6.3257
-6.32791
-6.32813
-6.32883
-6.32952
-6.32877
-6.33199
-6.33103
-6.33079
-6.33199
-6.33018
-6.32902
-6.32698
-6.32542
-6.32503
-6.32291
-6.32291
-6.32431
-6.32668
-6.32704
-6.32592
-6.32585
-6.32519
-6.32429
-6.32267
-6.32152
-6.32393
-6.32121
-6.32363
-6.32393
-6.32548
-6.3275
-6.32859
-6.32839
-6.32858
-6.3274
-6.32726
-6.32665
-6.32719
-6.32755
-6.32735
-6.32524
-6.32348
-6.32533
-6.32429
-6.32451
-6.325
-6.32475
-6.32609
-6.32647
-6.32692
-6.33196
-6.33445
-6.33531
-6.3322
-6.33086
-6.32961
-6.32782
-6.32751
-6.32718
-6.32562
-6.32415
-6.32248
-6.32124
-6.32085
-6.3211
-6.32081
-6.3238
-6.32559
-6.32648
-6.32555
-6.32472
-6.32411
-6.32392
-6.32277
-6.32275
-6.32199
-6.32181
-6.32247
-6.32423
-6.32351
-6.32325
-6.32551
-6.32683
-6.32692
-6.32716
-6.32904
-6.33046
-6.33032
-6.33237
-6.32886
-6.32687
-6.32433
-6.32366
-6.32431
-6.32376
-6.32591
-6.32525
-6.32528
-6.32563
-6.32651
-6.32941
-6.32958
-6.33042
-6.32924
-6.32827
-6.32956
-6.32901
-6.3277
-6.32575
-6.32384
-6.32328
-6.32508
-6.32403
-6.32468
-6.32417
-6.3248
-6.32407
-6.32358
-6.32552
-6.32714
-6.32739
-6.32976
-6.32712
-6.32694
-6.32861
-6.32761
-6.32816
-6.32865
-6.32716
-6.32563
-6.32572
-6.32518
-6.32497
-6.32573
-6.3245
-6.32292
-6.32261
-6.3223
-6.32074
-6.32049
-6.32124
-6.3211
-6.32178
-6.32111
-6.32168
-6.32245
-6.32389
-6.32519
-6.32593
-6.32672
-6.3269
-6.32623
-6.32675
-6.32669
-6.32754
-6.33005
-6.33063
-6.33071
-6.33096
-6.33024
-6.33171
-6.33125
-6.32961
-6.33018
-6.32888
-6.32614
-6.32399
-6.32508
-6.32747
-6.32821
-6.33039
-6.33442
-6.33292
-6.33187
-6.33284
-6.3314
-6.33293
-6.32992
-6.32716
-6.32638
-6.32728
-6.32494
-6.32708
-6.32658
-6.32604
-6.32738
-6.32662
-6.32818
-6.33002
-6.32982
-6.33136
-6.33034
-6.3318
-6.33115
-6.33099
-6.32951
-6.32758
-6.32706
-6.3249
-6.32313
-6.32369
-6.32253
-6.32239
-6.32411
-6.32345
-6.3224
-6.32302
-6.32316
-6.32317
-6.32495
-6.3255
-6.32599
-6.32478
-6.32323
-6.32432
-6.32359
-6.32484
-6.32787
-6.32988
-6.32915
-6.32731
-6.32646
-6.32809
-6.3256
-6.32561
-6.32468
-6.32347
-6.32517
-6.3255
-6.32567
-6.32659
-6.32501
-6.3267
-6.32642
-6.32729
-6.32665
-6.32576
-6.32469
-6.32515
-6.32727
-6.32558
-6.32492
-6.32556
-6.32481
-6.32595
-6.32482
-6.32898
-6.33005
-6.3332
-6.33157
-6.3312
-6.33139
-6.33048
-6.33198
-6.33263
-6.33379
-6.33296
-6.32931
-6.32884
-6.32676
-6.32724
-6.32715
-6.32655
-6.32623
-6.32679
-6.32637
-6.32579
-6.32591
-6.32434
-6.32348
-6.32335
-6.3242
-6.32525
-6.32564
-6.3275
-6.32814
-6.32915
-6.3296
-6.32893
-6.33016
-6.32694
-6.3249
-6.32569
-6.32571
-6.32812
-6.32698
-6.32737
-6.32729
-6.32738
-6.32728
-6.32668
-6.32719
-6.32663
-6.32479
-6.32439
-6.3243
-6.32396
-6.32563
-6.3276
-6.32771
-6.32897
-6.32921
-6.33219
-6.33046
-6.33059
-6.33053
-6.33018
-6.32778
-6.32699
-6.32616
-6.3236
-6.32504
-6.32553
-6.32566
-6.32573
-6.32705
-6.32771
-6.32582
-6.32758
-6.32814
-6.32809
-6.32635
-6.32637
-6.3255
-6.32446
-6.32373
-6.32379
-6.32412
-6.32505
-6.32488
-6.32475
-6.32354
-6.32569
-6.32506
-6.3269
-6.32742
-6.32768
-6.32639
-6.32771
-6.32674
-6.32636
-6.32689
-6.32545
-6.326
-6.32697
-6.32839
-6.327
-6.32956
-6.33081
-6.33195
-6.33131
-6.33208
-6.33004
-6.3268
-6.32538
-6.3246
-6.32495
-6.32297
-6.32259
-6.32474
-6.32512
-6.3259
-6.32476
-6.3259
-6.32673
-6.32691
-6.32671
-6.32669
-6.32745
-6.32803
-6.32661
-6.32557
-6.32438
-6.32433
-6.32634
-6.3274
-6.32864
-6.32996
-6.32906
-6.32918
-6.32941
-6.32694
-6.32674
-6.32567
-6.32477
-6.3234
-6.32509
-6.32431
-6.32523
-6.32621
-6.32594
-6.32601
-6.32548
-6.32616
-6.32796
-6.32905
-6.33009
-6.32984
-6.32886
-6.3285
-6.32867
-6.32799
-6.32663
-6.3263
-6.32669
-6.32847
-6.32903
-6.3258
-6.32527
-6.32652
-6.32795
-6.32729
-6.32644
-6.3292
-6.32996
-6.3302
-6.32889
-6.32602
-6.32747
-6.32589
-6.32565
-6.3272
-6.3248
-6.32399
-6.3228
-6.32207
-6.32233
-6.32214
-6.32238
-6.32368
-6.32409
-6.32563
-6.32617
-6.32678
-6.32494
-6.32646
-6.32641
-6.32666
-6.32683
-6.32658
-6.327
-6.32598
-6.32495
-6.3253
-6.32597
-6.32637
-6.32951
-6.32972
-6.3306
-6.33188
-6.33132
-6.33278
-6.33141
-6.33084
-6.33024
-6.32913
-6.32762
-6.32606
-6.3273
-6.32702
-6.32645
-6.32456
-6.32493
-6.32277
-6.32494
-6.32599
-6.3246
-6.32583
-6.3279
-6.32999
-6.32977
-6.32955
-6.32981
-6.32849
-6.32709
-6.32637
-6.32511
-6.32549
-6.32801
-6.32663
-6.32765
-6.32739
-6.32833
-6.32852
-6.3274
-6.32648
-6.3247
-6.32387
-6.32177
-6.32321
-6.32262
-6.32346
-6.32533
-6.32427
-6.32535
-6.32985
-6.33003
-6.33078
-6.33112
-6.33326
-6.33266
-6.33097
-6.32924
-6.3288
-6.32968
-6.32833
-6.32571
-6.32608
-6.32395
-6.3223
-6.32148
-6.32246
-6.32323
-6.3237
-6.3247
-6.32518
-6.32449
-6.3243
-6.32504
-6.32582
-6.32508
-6.32345
-6.32484
-6.32469
-6.3252
-6.32437
-6.32411
-6.32513
-6.32395
-6.32261
-6.32627
-6.32513
-6.32522
-6.32548
-6.32613
-6.32748
-6.3267
-6.3291
-6.33028
-6.33066
-6.32926
-6.32892
-6.3292
-6.33036
-6.32978
-6.3288
-6.3291
-6.32815
-6.32633
-6.32625
-6.32596
-6.32641
-6.32341
-6.3231
-6.32484
-6.32439
-6.32424
-6.32522
-6.32524
-6.32587
-6.32588
-6.32477
-6.3266
-6.32506
-6.32443
-6.32509
-6.32507
-6.32466
-6.32506
-6.32613
-6.32513
-6.32685
-6.32805
-6.32815
-6.32854
-6.32764
-6.32871
-6.33035
-6.33029
-6.33013
-6.32863
-6.33038
-6.33087
-6.33237
-6.33159
-6.33203
-6.33106
-6.32931
-6.32748
-6.32596
-6.32679
-6.32516
-6.32601
-6.32514
-6.32447
-6.32429
-6.3239
-6.32392
-6.32468
-6.32581
-6.32786
-6.32748
-6.32748
-6.32844
-6.32937
-6.32869
-6.32941
-6.32911
-6.32636
-6.32688
-6.32688
-6.32565
-6.32781
-6.32989
-6.32849
-6.32817
-6.3277
-6.32525
-6.32612
-6.32745
-6.32827
-6.32722
-6.32812
-6.32701
-6.32578
-6.32633
-6.32573
-6.3259
-6.32563
-6.32533
-6.32549
-6.32819
-6.32766
-6.32715
-6.32778
-6.32839
-6.32815
-6.32825
-6.32966
-6.32923
-6.32611
-6.3272
-6.32549
-6.32432
-6.32345
-6.32518
-6.32754
-6.32621
-6.32851
-6.3284
-6.32996
-6.33021
-6.32913
-6.33161
-6.33001
-6.32936
-6.33145
-6.33214
-6.33074
-6.3281
-6.32705
-6.32696
-6.32884
-6.32719
-6.32779
-6.32897
-6.3287
-6.32569
-6.32552
-6.32311
-6.32245
-6.32071
-6.32018
-6.32084
-6.32166
-6.32353
-6.32476
-6.3263
-6.32713
-6.32653
-6.32771
-6.32738
-6.32881
-6.32845
-6.32733
-6.32709
-6.32551
-6.32529
-6.32622
-6.32648
-6.32737
-6.32684
-6.32508
-6.32585
-6.32587
-6.32803
-6.32875
-6.32706
-6.32558
-6.32343
-6.32589
-6.32625
-6.32844
-6.3295
-6.33129
-6.33369
-6.33468
-6.33191
-6.33121
-6.33032
-6.32929
-6.32882
-6.32797
-6.32607
-6.32859
-6.32808
-6.32727
-6.32544
-6.32379
-6.32437
-6.32383
-6.32439
-6.32501
-6.32635
-6.3255
-6.32554
-6.32224
-6.32165
-6.32006
-6.31977
-6.32201
-6.32275
-6.3248
-6.32387
-6.32545
-6.32791
-6.32801
-6.32772
-6.32871
-6.32682
-6.32762
-6.3275
-6.32738
-6.32615
-6.32764
-6.32762
-6.32579
-6.32642
-6.32699
-6.32722
-6.3253
-6.32461
-6.32432
-6.32391
-6.32435
-6.32475
-6.32728
-6.32765
-6.32633
-6.32603
-6.32634
-6.32751
-6.3265
-6.3254
-6.32429
-6.32188
-6.32304
-6.32542
-6.32539
-6.32675
-6.32814
-6.3301
-6.33001
-6.33103
-6.33188
-6.33192
-6.33153
-6.33013
-6.331
-6.32936
-6.3275
-6.32995
-6.32948
-6.32981
-6.32882
-6.32769
-6.32326
-6.32219
-6.3199
-6.32024
-6.32147
-6.32273
-6.32566
-6.32565
-6.32922
-6.32984
-6.3332
-6.33222
-6.33335
-6.33225
-6.33114
-6.32895
-6.32784
-6.3282
-6.33007
-6.32859
-6.32762
-6.32329
-6.32341
-6.32416
-6.32488
-6.32479
-6.3259
-6.32673
-6.32784
-6.32675
-6.3249
-6.32374
-6.32595
-6.32443
-6.32428
-6.3251
-6.32545
-6.32462
-6.32291
-6.32391
-6.32512
-6.32538
-6.32385
-6.3217
-6.32229
-6.32503
-6.32657
-6.32668
-6.32958
-6.33107
-6.33066
-6.32904
-6.32925
-6.32995
-6.32714
-6.32939
-6.32632
-6.32626
-6.3278
-6.3251
-6.32538
-6.32553
-6.32728
-6.32613
-6.32651
-6.32695
-6.32702
-6.32858
-6.32873
-6.32877
-6.32964
-6.33029
-6.33069
-6.33047
-6.32968
-6.32842
-6.32553
-6.32637
-6.32558
-6.32618
-6.32497
-6.32604
-6.32725
-6.32673
-6.32852
-6.32674
-6.32695
-6.32702
-6.32644
-6.3269
-6.32715
-6.32653
-6.32598
-6.32807
-6.32827
-6.32819
-6.32911
-6.32871
-6.32792
-6.3257
-6.32614
-6.32468
-6.32655
-6.3261
-6.32129
-6.32198
-6.32235
-6.32231
-6.32431
-6.32244
-6.32179
-6.32333
-6.32287
-6.32337
-6.32487
-6.32634
-6.32511
-6.32367
-6.32588
-6.32696
-6.32542
-6.32333
-6.32207
-6.32072
-6.32383
-6.32585
-6.32708
-6.32938
-6.32846
-6.32907
-6.32792
-6.32946
-6.32952
-6.33105
-6.32924
-6.32929
-6.32597
-6.32665
-6.32711
-6.32676
-6.3261
-6.32473
-6.32255
-6.32192
-6.3221
-6.32547
-6.32595
-6.32784
-6.33065
-6.33075
-6.33138
-6.32879
-6.32769
-6.32859
-6.32675
-6.32485
-6.32257
-6.32179
-6.32338
-6.32304
-6.32102
-6.32411
-6.32452
-6.32358
-6.3229
-6.32443
-6.32624
-6.32707
-6.32603
-6.32612
-6.32577
-6.32789
-6.32913
-6.32934
-6.3316
-6.33134
-6.32985
-6.32946
-6.33093
-6.33173
-6.32967
-6.32999
-6.32719
-6.32707
-6.32535
-6.32456
-6.32211
-6.3193
-6.31908
-6.31956
-6.31917
-6.31892
-6.31952
-6.31903
-6.32004
-6.32219
-6.32342
-6.32359
-6.32224
-6.3225
-6.32366
-6.32286
-6.32312
-6.3252
-6.32597
-6.32616
-6.32744
-6.32567
-6.32548
-6.3256
-6.32668
-6.32538
-6.3258
-6.32524
-6.3281
-6.3301
-6.32956
-6.33067
-6.33025
-6.32968
-6.33004
-6.32788
-6.32909
-6.32655
-6.32605
-6.32496
-6.32647
-6.32342
-6.32196
-6.32212
-6.324
-6.32428
-6.32809
-6.32974
-6.33014
-6.33146
-6.33249
-6.33388
-6.33307
-6.33334
-6.33198
-6.32905
-6.32844
-6.32757
-6.32678
-6.32447
-6.32267
-6.32304
-6.32238
-6.32299
-6.3229
-6.3224
-6.32301
-6.32396
-6.3251
-6.32629
-6.32709
-6.3288
-6.32887
-6.32908
-6.3251
-6.3249
-6.32603
-6.32497
-6.32746
-6.32816
-6.32946
-6.32767
-6.32819
-6.32813
-6.32593
-6.3275
-6.32579
-6.32477
-6.3261
-6.32628
-6.32402
-6.32705
-6.32849
-6.32791
-6.32723
-6.32781
-6.32713
-6.3288
-6.32563
-6.32721
-6.32638
-6.32609
-6.32444
-6.32374
-6.32273
-6.32108
-6.32172
-6.3208
-6.31935
-6.31973
-6.31843
-6.31935
-6.31891
-6.32092
-6.32329
-6.32555
-6.32493
-6.32585
-6.32538
-6.32487
-6.32576
-6.32428
-6.3235
-6.32415
-6.32536
-6.32585
-6.32434
-6.32266
-6.3233
-6.32293
-6.32243
-6.32212
-6.32203
-6.32286
-6.32502
-6.32272
-6.32217
-6.3221
-6.32152
-6.32297
-6.32314
-6.32449
-6.32502
-6.32565
-6.32572
-6.32392
-6.32487
-6.3244
-6.32291
-6.32241
-6.32235
-6.32348
-6.32162
-6.32389
-6.32374
-6.32376
-6.32333
-6.32383
-6.32653
-6.32737
-6.32677
-6.32843
-6.32808
-6.32971
-6.33052
-6.32963
-6.32933
-6.32865
-6.32726
-6.32779
-6.32673
-6.32769
-6.3288
-6.32647
-6.32811
-6.32878
-6.3297
-6.32886
-6.3285
-6.32895
-6.32932
-6.32677
-6.32725
-6.32567
-6.32598
-6.32439
-6.32382
-6.32454
-6.32572
-6.32545
-6.32544
-6.32625
-6.325
-6.32282
-6.32311
-6.32317
-6.32475
-6.32306
-6.32228
-6.32326
-6.32201
-6.32461
-6.3262
-6.32743
-6.32732
-6.32743
-6.32546
-6.32751
-6.32582
-6.3279
-6.32766
-6.3265
-6.3242
-6.32438
-6.32286
-6.32412
-6.32384
-6.32491
-6.32533
-6.32707
-6.32724
-6.32674
-6.32583
-6.32633
-6.33005
-6.32881
-6.32878
-6.32652
-6.32512
-6.32421
-6.32402
-6.3267
-6.32522
-6.32536
-6.32629
-6.32865
-6.32984
-6.33124
-6.33239
-6.33106
-6.33058
-6.33043
-6.32946
-6.32813
-6.32592
-6.32523
-6.32479
-6.32591
-6.32435
-6.32594
-6.32678
-6.32746
-6.32749
-6.32891
-6.32736
-6.32676
-6.32662
-6.32645
-6.32572
-6.32672
-6.32462
-6.32555
-6.32695
-6.32729
-6.32952
-6.33064
-6.33203
-6.33442
-6.33375
-6.33169
-6.32808
-6.32632
-6.32497
-6.32516
-6.32341
-6.32495
-6.32489
-6.32665
-6.32716
-6.32718
-6.32724
-6.32798
-6.3301
-6.33176
-6.33333
-6.33032
-6.32982
-6.32922
-6.33147
-6.32887
-6.32802
-6.32773
-6.32778
-6.32688
-6.32397
-6.32566
-6.32433
-6.32308
-6.32512
-6.32565
-6.32672
-6.32685
-6.32746
-6.32932
-6.33047
-6.33046
-6.32913
-6.32888
-6.32802
-6.32655
-6.32681
-6.32724
-6.32855
-6.32883
-6.32622
-6.32533
-6.3253
-6.32458
-6.32286
-6.32463
-6.32779
-6.32798
-6.32764
-6.32899
-6.33073
-6.32843
-6.32834
-6.32738
-6.32886
-6.32957
-6.3291
-6.328
-6.32776
-6.32541
-6.32418
-6.32188
-6.32217
-6.32292
-6.32189
-6.32134
-6.32316
-6.32145
-6.3233
-6.32256
-6.3218
-6.3233
-6.32478
-6.324
-6.32456
-6.32586
-6.32536
-6.32529
-6.32882
-6.33035
-6.3304
-6.33055
-6.33137
-6.33253
-6.33278
-6.33225
-6.33241
-6.32989
-6.33065
-6.32914
-6.3281
-6.32766
-6.32962
-6.3291
-6.32651
-6.32616
-6.32395
-6.32283
-6.32218
-6.32292
-6.32143
-6.32032
-6.32188
-6.3216
-6.32237
-6.32346
-6.32316
-6.32399
-6.32428
-6.32442
-6.32411
-6.32211
-6.3236
-6.32471
-6.32479
-6.32456
-6.32283
-6.32286
-6.32372
-6.32344
-6.32297
-6.32261
-6.32331
-6.32242
-6.32249
-6.32347
-6.3244
-6.32432
-6.32485
-6.32568
-6.32741
-6.32683
-6.32685
-6.32682
-6.32771
-6.33015
-6.33024
-6.3303
-6.32752
-6.32686
-6.32547
-6.32333
-6.32416
-6.32489
-6.32636
-6.32531
-6.32571
-6.32672
-6.32685
-6.32848
-6.32806
-6.32943
-6.3292
-6.32882
-6.3275
-6.32841
-6.32738
-6.32749
-6.32697
-6.32828
-6.32956
-6.33012
-6.3286
-6.32715
-6.32574
-6.32501
-6.32569
-6.32843
-6.32704
-6.3279
-6.3283
-6.32881
-6.32846
-6.32536
-6.32542
-6.32477
-6.32536
-6.32526
-6.32519
-6.32395
-6.32196
-6.32216
-6.32322
-6.32474
-6.32819
-6.32828
-6.32885
-6.32923
-6.32849
-6.32962
-6.33037
-6.33012
-6.32888
-6.3299
-6.32574
-6.32484
-6.32457
-6.32329
-6.32161
-6.32247
-6.32372
-6.32228
-6.32444
-6.32599
-6.32671
-6.32571
-6.32544
-6.32601
-6.32499
-6.32636
-6.32713
-6.32809
-6.32681
-6.32454
-6.32594
-6.32793
-6.3281
-6.32882
-6.32818
-6.32869
-6.33088
-6.32973
-6.33001
-6.32853
-6.32732
-6.32615
-6.32578
-6.32364
-6.32296
-6.32622
-6.32517
-6.32584
-6.32593
-6.32714
-6.32765
-6.32726
-6.32834
-6.32838
-6.32904
-6.32663
-6.3271
-6.32735
-6.32572
-6.32389
-6.32167
-6.32274
-6.32231
-6.32267
-6.32311
-6.32418
-6.32649
-6.32743
-6.32679
-6.32594
-6.32428
-6.32357
-6.32461
-6.32408
-6.32697
-6.32602
-6.32495
-6.32505
-6.32391
-6.32336
-6.32205
-6.32548
-6.32466
-6.32448
-6.3263
-6.3272
-6.32722
-6.32636
-6.32754
-6.32815
-6.32783
-6.32784
-6.32912
-6.33073
-6.33205
-6.33044
-6.3306
-6.3327
-6.33538
-6.33389
-6.33391
-6.33238
-6.33075
-6.33005
-6.32866
-6.32722
-6.32665
-6.32628
-6.32611
-6.32736
-6.32832
-6.32821
-6.3291
-6.32794
-6.32565
-6.32489
-6.32485
-6.32581
-6.32831
-6.3283
-6.328
-6.32786
-6.327
-6.32752
-6.32781
-6.32538
-6.32592
-6.32572
-6.32615
-6.32718
-6.328
-6.32624
-6.32604
-6.32519
-6.32538
-6.32662
-6.32826
-6.33054
-6.33007
-6.32959
-6.32637
-6.32623
-6.32418
-6.32345
-6.32239
-6.32271
-6.3233
-6.32142
-6.32251
-6.32403
-6.32563
-6.32429
-6.32509
-6.32667
-6.3239
-6.32334
-6.32578
-6.32388
-6.32259
-6.32282
-6.32374
-6.32675
-6.32683
-6.32755
-6.32841
-6.32634
-6.32634
-6.32463
-6.32607
-6.32669
-6.3267
-6.32923
-6.32645
-6.32647
-6.32799
-6.32774
-6.32802
-6.32728
-6.32852
-6.32635
-6.32376
-6.32468
-6.32522
-6.32591
-6.32825
-6.32948
-6.33144
-6.33147
-6.32955
-6.33027
-6.32783
-6.32753
-6.32619
-6.32361
-6.32215
-6.31968
-6.32084
-6.31887
-6.3202
-6.32051
-6.32128
-6.32044
-6.32114
-6.32458
-6.32644
-6.32959
-6.32845
-6.32885
-6.32986
-6.33092
-6.32896
-6.32649
-6.32368
-6.32456
-6.32594
-6.32484
-6.32601
-6.32573
-6.32584
-6.32817
-6.32811
-6.3298
-6.3293
-6.32947
-6.32806
-6.32578
-6.32627
-6.32637
-6.32675
-6.32646
-6.32713
-6.32651
-6.32786
-6.32541
-6.32403
-6.32601
-6.32652
-6.32687
-6.3255
-6.32605
-6.32533
-6.32717
-6.32845
-6.32852
-6.33065
-6.33156
-6.33006
-6.32732
-6.32545
-6.32587
-6.32603
-6.32727
-6.32507
-6.32271
-6.32382
-6.32489
-6.32461
-6.32489
-6.32597
-6.32648
-6.32765
-6.32717
-6.32758
-6.32653
-6.3278
-6.32744
-6.32866
-6.32896
-6.3294
-6.32913
-6.32921
-6.32875
-6.32805
-6.32521
-6.32576
-6.32428
-6.32668
-6.32659
-6.32561
-6.3268
-6.32627
-6.32662
-6.32843
-6.32693
-6.32654
-6.32584
-6.32656
-6.32581
-6.32778
-6.32692
-6.32771
-6.32686
-6.32851
-6.33105
-6.33033
-6.33128
-6.33138
-6.33159
-6.33155
-6.32921
-6.3293
-6.33108
-6.32808
-6.3282
-6.32769
-6.32763
-6.32774
-6.32733
-6.32538
-6.32442
-6.32469
-6.3261
-6.32801
-6.32758
-6.32724
-6.32651
-6.32581
-6.32483
-6.32735
-6.32834
-6.32956
-6.33083
-6.33338
-6.33298
-6.33416
-6.33117
-6.33023
-6.32886
-6.3266
-6.32625
-6.32507
-6.32411
-6.3229
-6.32444
-6.32622
-6.32421
-6.3252
-6.32539
-6.32646
-6.32429
-6.32441
-6.32486
-6.32592
-6.32658
-6.3255
-6.32589
-6.32551
-6.32765
-6.32491
-6.32415
-6.3244
-6.32535
-6.32639
-6.32727
-6.32676
-6.32847
-6.3282
-6.33037
-6.33061
-6.33259
-6.33163
-6.33126
-6.32991
-6.32831
-6.32822
-6.32815
-6.32848
-6.32729
-6.32647
-6.32759
-6.32739
-6.32691
-6.32307
-6.32249
-6.32262
-6.32274
-6.32239
-6.32333
-6.32446
-6.32572
-6.32613
-6.3267
-6.32586
-6.32754
-6.32725
-6.32988
-6.33122
-6.33385
-6.33221
-6.33337
-6.33435
-6.33323
-6.33138
-6.33186
-6.33254
-6.33214
-6.32932
-6.32905
-6.32856
-6.32678
-6.32766
-6.32587
-6.32555
-6.32522
-6.3246
-6.32486
-6.32493
-6.326
-6.32447
-6.32418
-6.32419
-6.32526
-6.32523
-6.32706
-6.32771
-6.33046
-6.33122
-6.33156
-6.32871
-6.32672
-6.32663
-6.32348
-6.32205
-6.32011
-6.32268
-6.32447
-6.32438
-6.32839
-6.3313
-6.33301
-6.33461
-6.33553
-6.33489
-6.33383
-6.33327
-6.33163
-6.3303
-6.32783
-6.32789
-6.32866
-6.32761
-6.33023
-6.32966
-6.32877
-6.32696
-6.32634
-6.32617
-6.32679
-6.3286
-6.32706
-6.32601
-6.32787
-6.32561
-6.32532
-6.32652
-6.32649
-6.32646
-6.32776
-6.32728
-6.32898
-6.32808
-6.32781
-6.32693
-6.32459
-6.32352
-6.32635
-6.32486
-6.32628
-6.32754
-6.32636
-6.32605
-6.32544
-6.32688
-6.32809
-6.33001
-6.32961
-6.32938
-6.32857
-6.32685
-6.32589
-6.32581
-6.32647
-6.32735
-6.32726
-6.32813
-6.32925
-6.32824
-6.32951
-6.32938
-6.32905
-6.32912
-6.33053
-6.33075
