1.89423
1.89688
1.90481
1.91432
1.92256
1.92777
1.92917
1.92635
1.91871
1.90546
1.88629
1.86229
1.83701
1.81633
1.80684
1.813
1.83512
1.86959
1.91064
1.95216
1.98845
2.01443
2.0259
2.02003
1.99635
1.95778
1.91142
1.86755
1.83605
1.82192
1.8231
1.83213
1.84072
1.84481
1.84661
1.85138
1.86187
1.87731
1.89654
1.91684
1.93106
1.93139
1.91461
1.88297
1.84264
1.80266
1.77395
1.76644
1.78399
1.82128
1.86719
1.91112
1.94578
1.96729
1.97459
1.96901
1.95402
1.93516
1.91962
1.91325
1.91581
1.92114
1.92374
1.92335
1.92273
1.92332
1.92342
1.91903
1.90584
1.88162
1.84844
1.81355
1.78889
1.78666
1.81162
1.85648
1.90599
1.94558
1.96677
1.96768
1.95014
1.91688
1.87067
1.81571
1.75947
1.71267
1.68484
1.67864
1.6898
1.71235
1.74241
1.77783
1.81567
1.85044
1.87547
1.88642
1.88312
1.86824
1.84606
1.82278
1.80541
1.79668
1.79204
1.7842
1.76894
1.74732
1.72675
1.72037
1.73669
1.76625
1.78978
1.79778
1.79481
1.7912
1.79426
1.80495
1.81968
1.83375
1.84374
1.84905
1.85224
1.8574
1.86754
1.88272
1.89812
1.90593
1.90241
1.89079
1.87692
1.86454
1.85461
1.84669
1.84049
1.83689
1.83747
1.84352
1.85506
1.87074
1.88814
1.90442
1.9166
1.92194
1.91917
1.90981
1.8982
1.89035
1.89235
1.90711
1.93104
1.95491
1.96879
1.96663
1.9484
1.92
1.89203
1.87645
1.8812
1.90657
1.94566
1.98796
2.02352
2.04572
2.05219
2.04443
2.02667
2.00427
1.98174
1.96124
1.9426
1.92473
1.90704
1.88965
1.87327
1.85939
1.85017
1.84719
1.85018
1.85709
1.86548
1.87403
1.883
1.89354
1.9066
1.92259
1.94191
1.96438
1.98728
2.00539
2.01416
2.01227
2.00151
1.98459
1.96282
1.93606
1.90496
1.87362
1.84883
1.83597
1.83587
1.84496
1.85758
1.86915
1.87869
1.88861
1.90156
1.91632
1.9268
1.92582
1.91104
1.88847
1.86826
1.85587
1.85018
1.84937
1.85352
1.86232
1.87406
1.88701
1.90096
1.91708
1.93633
1.95753
1.97683
1.98984
1.99462
1.99279
1.98707
1.97858
1.96672
1.95145
1.93457
1.91875
1.90555
1.89432
1.88291
1.86926
1.85286
1.83532
1.82053
1.81369
1.81746
1.82934
1.84465
1.86043
1.87606
1.89187
1.90813
1.92504
1.94272
1.96106
1.97943
1.99672
2.01171
2.02376
2.03313
2.04058
2.04635
2.04987
2.05045
2.04848
2.04531
2.04212
2.03872
2.03327
2.02336
2.00713
1.98421
1.95629
1.92687
1.89991
1.87799
1.86171
1.85073
1.84497
1.84445
1.84849
1.8554
1.86307
1.87023
1.87738
1.88621
1.89783
1.91141
1.92473
1.93568
1.94299
1.94612
1.94546
1.94315
1.94301
1.9482
1.95817
1.96873
1.97512
1.97526
1.97114
1.96789
1.97067
1.98094
1.99537
2.00819
2.01465
2.01284
2.00328
1.98735
1.96616
1.94044
1.91148
1.88246
1.85956
1.85144
1.86511
1.90064
1.94995
2.00158
2.04694
2.08122
2.09939
2.09432
2.06126
2.00503
1.94453
1.9074
1.9093
1.93905
1.97462
2.00301
2.02064
2.02652
2.01968
2.00072
1.97287
1.94068
1.90739
1.87371
1.83895
1.80342
1.76921
1.73895
1.71493
1.69938
1.69348
1.69597
1.7049
1.72047
1.74316
1.76994
1.79664
1.82424
1.8578
1.89753
1.93504
1.95965
1.96574
1.95702
1.94636
1.94606
1.95607
1.968
1.97664
1.9827
1.98909
1.99731
2.00629
2.01302
2.01387
2.0059
1.98839
1.96386
1.93719
1.91259
1.89119
1.87184
1.85409
1.83993
1.83149
1.82799
1.82708
1.82901
1.83693
1.85218
1.87084
1.88568
1.89051
1.88323
1.86692
1.84877
1.83601
1.83093
1.82907
1.82279
1.80709
1.78264
1.75459
1.73061
1.71863
1.72311
1.74374
1.77755
1.82046
1.86765
1.91423
1.95594
1.98953
2.01289
2.02497
2.02538
2.01424
1.99223
1.96085
1.92268
1.8824
1.848
1.82835
1.82658
1.83736
1.85238
1.86685
1.88047
1.89363
1.90433
1.90908
1.90541
1.89354
1.8768
1.86047
1.84901
1.84363
1.8424
1.84235
1.84147
1.83901
1.83502
1.82978
1.82451
1.82219
1.82707
1.84225
1.86675
1.8959
1.92498
1.95242
1.97874
2.00372
2.027
2.05016
2.07476
2.09913
2.11821
2.12635
2.11999
2.09958
2.07035
2.04062
2.01775
2.00462
1.99997
2.00086
2.0045
2.00858
2.011
2.00998
2.00453
1.99521
1.98424
1.97436
1.9672
1.9624
1.95835
1.95368
1.94806
1.94171
1.93452
1.92589
1.9156
1.90446
1.89478
1.88998
1.89242
1.90027
1.90733
1.90718
1.89848
1.88665
1.87983
1.88044
1.88075
1.87079
1.851
1.83184
1.82029
1.81584
1.81736
1.82384
1.83178
1.8383
1.84551
1.85985
1.88786
1.93046
1.97914
2.02083
2.04562
2.04917
2.03103
1.99378
1.94412
1.89351
1.85489
1.8365
1.83769
1.85153
1.87096
1.89132
1.90836
1.91673
1.91242
1.89581
1.87212
1.84915
1.83414
1.83106
1.83972
1.85664
1.87707
1.89714
1.91526
1.93222
1.94983
1.96863
1.98669
2.00095
2.00974
2.01362
2.01333
2.00779
1.99493
1.97438
1.94885
1.92367
1.90562
1.9011
1.91323
1.9395
1.9724
2.00293
2.02398
2.03175
2.02599
2.00924
1.98549
1.95873
1.9317
1.90532
1.87914
1.85311
1.82921
1.81076
1.79939
1.79283
1.78734
1.78277
1.78397
1.79678
1.82375
1.86319
1.91046
1.96127
2.01571
2.07715
2.1434
2.20278
2.24312
2.2595
2.25312
2.2281
2.19015
2.14495
2.09572
2.04289
1.98713
1.93284
1.88843
1.86259
1.85875
1.87207
1.89247
1.91037
1.91971
1.91767
1.90392
1.88069
1.85273
1.82529
1.80121
1.78004
1.76012
1.74087
1.72412
1.71376
1.71365
1.72527
1.74623
1.77074
1.79244
1.80755
1.81644
1.82276
1.83095
1.8436
1.86015
1.87794
1.89376
1.90446
1.90751
1.90287
1.89449
1.88817
1.88756
1.8927
1.90202
1.91454
1.93003
1.94805
1.96729
1.98561
2.00073
2.01106
2.01591
2.0154
2.00978
1.99872
1.98125
1.95644
1.92484
1.88979
1.85747
1.8345
1.8238
1.82275
1.82619
1.83179
1.84205
1.86103
1.89006
1.92688
1.96656
2.00189
2.02567
2.03547
2.03592
2.03466
2.03521
2.03509
2.03055
2.02081
2.00788
1.9942
1.98096
1.96801
1.95491
1.94192
1.9295
1.91793
1.90847
1.90439
1.90904
1.92208
1.93852
1.9515
1.95587
1.95026
1.93677
1.91944
1.90284
1.89066
1.88484
1.88586
1.89374
1.90773
1.92533
1.94308
1.95873
1.973
1.98953
2.01271
2.04441
2.08175
2.11751
2.14327
2.15311
2.14539
2.12245
2.08999
2.05685
2.03371
2.02895
2.04386
2.07163
2.101
2.12114
2.12563
2.11404
2.09147
2.06457
2.03586
2.00211
1.96048
1.91554
1.87925
1.863
1.8689
1.88917
1.91341
1.93449
1.94898
1.95699
1.96339
1.97472
1.9926
2.01191
2.02494
2.02569
2.01227
1.98742
1.95773
1.93158
1.91564
1.9117
1.9168
1.92657
1.93834
1.95172
1.96718
1.98462
2.00254
2.01806
2.02802
2.03083
2.02769
2.02164
2.01577
2.01186
2.01019
2.00962
2.00767
2.00136
1.98896
1.97118
1.95149
1.93492
1.92334
1.91389
1.90445
1.89653
1.89253
1.89417
1.90328
1.91979
1.93944
1.95566
1.96379
1.9632
1.95665
1.94852
1.94338
1.94482
1.95451
1.97192
1.99493
2.02098
2.04759
2.07219
2.0921
2.10496
2.10944
2.10578
2.09616
2.08475
2.07685
2.07607
2.08162
2.08844
2.09034
2.08271
2.06365
2.03425
1.9983
1.96115
1.92802
1.90297
1.88851
1.88567
1.89354
1.90911
1.92779
1.94475
1.95601
1.95877
1.95173
1.93554
1.9134
1.89
1.86896
1.85134
1.83729
1.82904
1.83092
1.84533
1.86991
1.89858
1.92466
1.94397
1.95547
1.95924
1.95409
1.93791
1.91008
1.87337
1.8339
1.79953
1.77717
1.76942
1.7724
1.77877
1.78489
1.79295
1.8045
1.81613
1.82352
1.82627
1.82758
1.83043
1.83414
1.83444
1.82741
1.81424
1.80224
1.80095
1.81692
1.85137
1.90008
1.95363
2.00078
2.0339
2.05129
2.0553
2.0495
2.03694
2.01992
2.00083
1.98269
1.96848
1.95972
1.9552
1.95088
1.94195
1.92547
1.90139
1.87161
1.83903
1.80791
1.78475
1.77698
1.7892
1.81997
1.86197
1.9052
1.94098
1.9644
1.97458
1.97351
1.96492
1.95385
1.94544
1.94248
1.94333
1.94285
1.9361
1.92146
1.90131
1.88033
1.86337
1.85371
1.85235
1.85802
1.86796
1.87909
1.88894
1.89632
1.9021
1.90911
1.91981
1.93353
1.94584
1.95061
1.9432
1.92427
1.9004
1.87888
1.86191
1.84829
1.83793
1.83229
1.83288
1.84088
1.85721
1.88171
1.91212
1.94418
1.97315
1.99528
2.00882
2.01383
2.01133
2.00236
1.9879
1.96948
1.94911
1.9283
1.90692
1.88338
1.85632
1.82688
1.79982
1.78216
1.77984
1.79447
1.82229
1.85557
1.88579
1.90693
1.91762
1.92108
1.92238
1.92509
1.92963
1.93325
1.93168
1.92148
1.90139
1.87229
1.83706
1.80039
1.76737
1.74149
1.72415
1.71602
1.71834
1.73223
1.75591
1.78292
1.80452
1.81463
1.81358
1.80884
1.81186
1.83065
1.86344
1.90137
1.93598
1.96354
1.985
2.00359
2.02138
2.03724
2.04776
2.04951
2.04047
2.02087
1.99377
1.96497
1.94138
1.92681
1.91839
1.91007
1.89894
1.88627
1.87463
1.86637
1.86368
1.86814
1.87927
1.89384
1.9069
1.91384
1.91193
1.90058
1.88056
1.85359
1.82283
1.79364
1.77208
1.7605
1.75596
1.75444
1.75511
1.75967
1.76827
1.77672
