2.84135
2.84533
2.85721
2.87149
2.88383
2.89166
2.89376
2.88953
2.87806
2.85819
2.82943
2.79344
2.75552
2.7245
2.71027
2.7195
2.75269
2.80438
2.86595
2.92824
2.98268
3.02164
3.03884
3.03005
2.99452
2.93668
2.86713
2.80133
2.75408
2.73288
2.73465
2.7482
2.76108
2.76721
2.76992
2.77707
2.7928
2.81596
2.84481
2.87525
2.89659
2.89708
2.87191
2.82445
2.76395
2.70399
2.66092
2.64965
2.67598
2.73192
2.80079
2.86667
2.91868
2.95093
2.96188
2.95352
2.93102
2.90273
2.87943
2.86987
2.87371
2.88171
2.88561
2.88502
2.88409
2.88498
2.88513
2.87855
2.85875
2.82243
2.77266
2.72033
2.68333
2.67999
2.71743
2.78471
2.85899
2.91837
2.95016
2.95151
2.92521
2.87532
2.80601
2.72356
2.63921
2.569
2.52725
2.51797
2.53471
2.56853
2.61361
2.66674
2.72351
2.77566
2.8132
2.82963
2.82468
2.80237
2.76909
2.73417
2.70812
2.69502
2.68806
2.6763
2.65341
2.62098
2.59013
2.58056
2.60504
2.64937
2.68467
2.69667
2.69222
2.6868
2.6914
2.70742
2.72952
2.75062
2.76561
2.77357
2.77836
2.7861
2.80131
2.82407
2.84717
2.85889
2.85361
2.83619
2.81538
2.79681
2.78192
2.77003
2.76074
2.75533
2.7562
2.76527
2.78259
2.8061
2.83221
2.85663
2.8749
2.88292
2.87876
2.86471
2.84729
2.83553
2.83853
2.86066
2.89657
2.93237
2.95318
2.94995
2.9226
2.87999
2.83805
2.81468
2.8218
2.85986
2.9185
2.98194
3.03528
3.06857
3.07829
3.06665
3.04
3.0064
2.97261
2.94186
2.9139
2.8871
2.86055
2.83447
2.80991
2.78909
2.77526
2.77079
2.77527
2.78563
2.79823
2.81105
2.82449
2.84031
2.8599
2.88389
2.91287
2.94657
2.98091
3.00809
3.02124
3.0184
3.00227
2.97688
2.94424
2.90409
2.85745
2.81044
2.77324
2.75396
2.7538
2.76744
2.78637
2.80373
2.81804
2.83291
2.85234
2.87449
2.8902
2.88872
2.86657
2.8327
2.80239
2.78381
2.77527
2.77406
2.78028
2.79349
2.8111
2.83052
2.85144
2.87562
2.9045
2.93629
2.96525
2.98476
2.99194
2.98919
2.98061
2.96787
2.95008
2.92718
2.90185
2.87812
2.85832
2.84148
2.82437
2.80389
2.77929
2.75298
2.7308
2.72053
2.72618
2.74401
2.76697
2.79064
2.81409
2.8378
2.8622
2.88756
2.91408
2.94159
2.96915
2.99508
3.01757
3.03563
3.04969
3.06086
3.06953
3.0748
3.07568
3.07272
3.06796
3.06318
3.05807
3.04991
3.03504
3.0107
2.97632
2.93444
2.8903
2.84987
2.81699
2.79256
2.7761
2.76746
2.76668
2.77274
2.78311
2.7946
2.80535
2.81606
2.82932
2.84674
2.86712
2.8871
2.90352
2.91448
2.91918
2.91818
2.91472
2.91452
2.9223
2.93726
2.95309
2.96268
2.9629
2.95671
2.95184
2.956
2.97141
2.99305
3.01229
3.02197
3.01927
3.00492
2.98103
2.94924
2.91066
2.86722
2.82369
2.78934
2.77716
2.79766
2.85096
2.92492
3.00236
3.07042
3.12184
3.14908
3.14149
3.09189
3.00754
2.91679
2.8611
2.86394
2.90857
2.96194
3.00452
3.03096
3.03978
3.02953
3.00108
2.9593
2.91102
2.86109
2.81056
2.75843
2.70514
2.65382
2.60842
2.57239
2.54907
2.54022
2.54395
2.55735
2.5807
2.61473
2.65491
2.69496
2.73635
2.7867
2.84629
2.90257
2.93948
2.94862
2.93553
2.91954
2.91909
2.93411
2.95201
2.96497
2.97406
2.98363
2.99596
3.00944
3.01953
3.0208
3.00884
2.98258
2.94579
2.90579
2.86888
2.83678
2.80776
2.78114
2.7599
2.74724
2.74199
2.74062
2.74351
2.75539
2.77827
2.80627
2.82852
2.83576
2.82484
2.80039
2.77315
2.75401
2.74639
2.7436
2.73419
2.71064
2.67396
2.63188
2.59592
2.57794
2.58467
2.61561
2.66633
2.73069
2.80148
2.87134
2.93391
2.9843
3.01934
3.03746
3.03807
3.02136
2.98834
2.94127
2.88402
2.82361
2.77201
2.74252
2.73987
2.75605
2.77858
2.80028
2.82071
2.84045
2.8565
2.86362
2.85811
2.84031
2.8152
2.7907
2.77352
2.76545
2.76359
2.76353
2.7622
2.75852
2.75253
2.74467
2.73677
2.73328
2.74061
2.76337
2.80012
2.84384
2.88747
2.92863
2.96811
3.00558
3.0405
3.07524
3.11214
3.14869
3.17732
3.18952
3.17998
3.14937
3.10553
3.06093
3.02662
3.00693
2.99995
3.0013
3.00676
3.01287
3.01651
3.01498
3.0068
2.99281
2.97636
2.96154
2.9508
2.9436
2.93753
2.93052
2.92208
2.91257
2.90178
2.88884
2.87341
2.85669
2.84216
2.83496
2.83862
2.85041
2.86099
2.86076
2.84772
2.82998
2.81975
2.82066
2.82112
2.80618
2.7765
2.74775
2.73043
2.72376
2.72604
2.73576
2.74767
2.75745
2.76826
2.78977
2.83179
2.89569
2.96871
3.03124
3.06843
3.07376
3.04655
2.99067
2.91618
2.84026
2.78234
2.75475
2.75653
2.7773
2.80644
2.83698
2.86254
2.87509
2.86863
2.84371
2.80818
2.77372
2.7512
2.7466
2.75958
2.78495
2.8156
2.84571
2.87289
2.89833
2.92475
2.95295
2.98004
3.00142
3.01461
3.02043
3.02
3.01168
2.99239
2.96157
2.92328
2.88551
2.85843
2.85165
2.86985
2.90925
2.9586
3.00439
3.03596
3.04762
3.03898
3.01385
2.97824
2.93809
2.89755
2.85798
2.81871
2.77967
2.74381
2.71614
2.69908
2.68924
2.68101
2.67415
2.67596
2.69518
2.73562
2.79478
2.8657
2.94191
3.02356
3.11572
3.2151
3.30417
3.36468
3.38925
3.37968
3.34215
3.28523
3.21742
3.14358
3.06433
2.9807
2.89926
2.83264
2.79388
2.78812
2.8081
2.8387
2.86556
2.87957
2.8765
2.85587
2.82104
2.77909
2.73793
2.70181
2.67006
2.64019
2.6113
2.58618
2.57064
2.57047
2.5879
2.61934
2.65611
2.68866
2.71133
2.72466
2.73414
2.74642
2.7654
2.79023
2.81691
2.84065
2.8567
2.86126
2.85431
2.84173
2.83225
2.83135
2.83904
2.85303
2.87181
2.89505
2.92208
2.95094
2.97841
3.0011
3.01659
3.02386
3.0231
3.01467
2.99809
2.97187
2.93467
2.88727
2.83468
2.7862
2.75175
2.7357
2.73412
2.73929
2.74768
2.76308
2.79154
2.83508
2.89031
2.94985
3.00284
3.0385
3.0532
3.05388
3.05199
3.05281
3.05263
3.04583
3.03122
3.01181
2.9913
2.97145
2.95201
2.93237
2.91288
2.89424
2.8769
2.8627
2.85658
2.86355
2.88312
2.90778
2.92724
2.93381
2.92539
2.90516
2.87917
2.85426
2.83599
2.82726
2.82879
2.84062
2.86159
2.88799
2.91462
2.93809
2.9595
2.98429
3.01906
3.06661
3.12262
3.17627
3.21491
3.22967
3.21808
3.18368
3.13499
3.08528
3.05056
3.04342
3.06578
3.10745
3.15149
3.18171
3.18844
3.17107
3.13721
3.09686
3.05378
3.00317
2.94072
2.87331
2.81887
2.7945
2.80334
2.83375
2.87012
2.90174
2.92347
2.93549
2.94508
2.96208
2.9889
3.01787
3.03741
3.03853
3.01841
2.98112
2.9366
2.89737
2.87347
2.86755
2.8752
2.88985
2.90751
2.92757
2.95077
2.97694
3.00381
3.0271
3.04202
3.04625
3.04153
3.03246
3.02366
3.01779
3.01529
3.01443
3.01151
3.00204
2.98343
2.95676
2.92723
2.90238
2.88501
2.87084
2.85667
2.8448
2.83879
2.84125
2.85492
2.87969
2.90916
2.93349
2.94568
2.94479
2.93497
2.92279
2.91507
2.91723
2.93177
2.95788
2.99239
3.03147
3.07139
3.10828
3.13815
3.15745
3.16416
3.15867
3.14424
3.12712
3.11527
3.11411
3.12243
3.13266
3.13552
3.12406
3.09548
3.05138
2.99745
2.94172
2.89204
2.85445
2.83277
2.8285
2.84031
2.86366
2.89168
2.91712
2.93401
2.93816
2.92759
2.90331
2.8701
2.835
2.80344
2.77701
2.75594
2.74357
2.74638
2.76799
2.80486
2.84786
2.88699
2.91595
2.93321
2.93886
2.93114
2.90686
2.86511
2.81005
2.75085
2.69929
2.66575
2.65412
2.6586
2.66815
2.67733
2.68943
2.70676
2.7242
2.73528
2.73941
2.74137
2.74564
2.75121
2.75166
2.74111
2.72136
2.70336
2.70142
2.72538
2.77705
2.85012
2.93045
3.00116
3.05085
3.07694
3.08295
3.07425
3.05542
3.02987
3.00125
2.97404
2.95272
2.93958
2.9328
2.92632
2.91292
2.88821
2.85209
2.80742
2.75855
2.71187
2.67712
2.66547
2.68379
2.72995
2.79296
2.8578
2.91146
2.9466
2.96187
2.96026
2.94739
2.93078
2.91816
2.91372
2.91499
2.91428
2.90414
2.88219
2.85196
2.82049
2.79506
2.78056
2.77852
2.78703
2.80194
2.81863
2.8334
2.84448
2.85315
2.86366
2.87972
2.90029
2.91877
2.92591
2.9148
2.88641
2.8506
2.81831
2.79286
2.77243
2.75689
2.74844
2.74933
2.76132
2.78582
2.82257
2.86818
2.91627
2.95972
2.99293
3.01323
3.02074
3.017
3.00353
2.98185
2.95423
2.92367
2.89245
2.86038
2.82508
2.78448
2.74032
2.69973
2.67323
2.66975
2.6917
2.73344
2.78336
2.82869
2.86039
2.87643
2.88162
2.88357
2.88763
2.89444
2.89987
2.89752
2.88222
2.85209
2.80843
2.7556
2.70058
2.65106
2.61224
2.58622
2.57402
2.5775
2.59835
2.63387
2.67438
2.70678
2.72195
2.72038
2.71326
2.71779
2.74597
2.79516
2.85205
2.90397
2.94531
2.97751
3.00538
3.03207
3.05586
3.07165
3.07427
3.0607
3.0313
2.99066
2.94745
2.91207
2.89021
2.87758
2.86511
2.84842
2.82941
2.81195
2.79956
2.79552
2.8022
2.81891
2.84076
2.86035
2.87075
2.8679
2.85087
2.82084
2.78039
2.73424
2.69047
2.65811
2.64074
2.63394
2.63167
2.63266
2.63951
2.65241
2.66508
