-1.54136
-1.54106
-1.54082
-1.54015
-1.53936
-1.54084
-1.5418
-1.5413
-1.5389
-1.53614
-1.53579
-1.53496
-1.5347
-1.5361
-1.53864
-1.54188
-1.54501
-1.54712
-1.54902
-1.54818
-1.54666
-1.54265
-1.53968
-1.53894
-1.53889
-1.53921
-1.54134
-1.54266
-1.54499
-1.54571
-1.54787
-1.54759
-1.54723
-1.54648
-1.54649
-1.54613
-1.54392
-1.54251
-1.5416
-1.53972
-1.53967
-1.53943
-1.53915
-1.53949
-1.54061
-1.542
-1.54377
-1.54565
-1.54674
-1.5463
-1.54581
-1.54484
-1.5447
-1.54355
-1.54406
-1.54457
-1.54639
-1.54706
-1.54869
-1.54743
-1.54595
-1.54583
-1.54528
-1.5429
-1.5408
-1.53795
-1.53552
-1.53495
-1.53537
-1.53689
-1.53751
-1.53883
-1.53875
-1.53924
-1.53944
-1.5405
-1.54321
-1.54505
-1.54469
-1.54498
-1.54415
-1.54436
-1.54301
-1.54132
-1.53924
-1.53846
-1.5378
-1.53689
-1.53522
-1.53392
-1.53563
-1.53915
-1.54253
-1.54301
-1.54454
-1.54499
-1.54443
-1.54481
-1.54486
-1.54389
-1.54321
-1.54303
-1.54306
-1.54197
-1.54048
-1.53798
-1.53548
-1.53341
-1.53117
-1.52958
-1.52868
-1.5287
-1.53
-1.53349
-1.53521
-1.5389
-1.54253
-1.54515
-1.54563
-1.54651
-1.54602
-1.54396
-1.54115
-1.54023
-1.54061
-1.54302
-1.54399
-1.54276
-1.54128
-1.54046
-1.53773
-1.53702
-1.53903
-1.54148
-1.54484
-1.54873
-1.5489
-1.54593
-1.54374
-1.54194
-1.54154
-1.54014
-1.53971
-1.54003
-1.53796
-1.53616
-1.53564
-1.53602
-1.53588
-1.53523
-1.5341
-1.53317
-1.53278
-1.53362
-1.53297
-1.53433
-1.53837
-1.54081
-1.54398
-1.54671
-1.54843
-1.54855
-1.54603
-1.5439
-1.5417
-1.53813
-1.53609
-1.53546
-1.53395
-1.53392
-1.53471
-1.53441
-1.53566
-1.537
-1.53714
-1.53788
-1.53851
-1.53866
-1.53797
-1.53715
-1.53731
-1.53534
-1.53379
-1.53379
-1.53496
-1.53751
-1.53826
-1.53951
-1.53858
-1.53661
-1.53468
-1.53433
-1.53255
-1.5315
-1.53195
-1.53422
-1.53775
-1.54011
-1.5413
-1.5408
-1.53923
-1.53692
-1.53699
-1.53697
-1.53635
-1.53606
-1.53512
-1.53438
-1.53587
-1.53846
-1.54053
-1.5408
-1.53923
-1.53651
-1.53547
-1.53362
-1.53384
-1.53497
-1.53736
-1.53884
-1.53867
-1.53874
-1.53723
-1.53558
-1.53671
-1.53757
-1.53788
-1.53831
-1.5393
-1.53903
-1.53871
-1.53743
-1.53756
-1.53814
-1.53717
-1.5347
-1.53193
-1.53102
-1.52978
-1.53059
-1.53281
-1.53702
-1.54068
-1.54303
-1.54317
-1.54349
-1.5408
-1.5389
-1.53678
-1.53646
-1.53565
-1.53683
-1.53696
-1.53458
-1.53388
-1.53454
-1.5351
-1.53749
-1.53828
-1.53768
-1.53803
-1.53771
-1.53736
-1.53852
-1.53778
-1.53578
-1.53629
-1.5357
-1.53633
-1.53585
-1.53633
-1.53623
-1.53617
-1.53838
-1.5397
-1.54068
-1.54026
-1.53939
-1.53904
-1.53816
-1.5388
-1.53927
-1.53934
-1.5381
-1.53831
-1.53944
-1.54187
-1.54337
-1.54383
-1.54305
-1.54092
-1.53916
-1.5389
-1.53815
-1.53665
-1.53607
-1.53719
-1.5361
-1.53828
-1.54012
-1.54152
-1.54271
-1.54228
-1.54114
-1.53868
-1.53727
-1.53716
-1.53704
-1.53747
-1.53747
-1.53804
-1.53727
-1.53811
-1.53861
-1.53862
-1.53708
-1.5349
-1.53301
-1.53159
-1.53413
-1.53871
-1.54383
-1.54403
-1.54234
-1.53953
-1.53675
-1.53496
-1.53584
-1.5382
-1.54015
-1.53985
-1.53782
-1.53729
-1.53675
-1.53771
-1.5387
-1.53937
-1.53978
-1.54235
-1.5416
-1.54042
-1.53779
-1.53496
-1.53394
-1.53414
-1.53523
-1.53625
-1.5384
-1.54075
-1.54301
-1.54549
-1.54589
-1.54464
-1.54346
-1.54259
-1.54272
-1.54267
-1.54288
-1.54199
-1.54225
-1.54252
-1.54386
-1.54566
-1.54644
-1.54602
-1.54625
-1.54536
-1.5451
-1.54626
-1.54494
-1.54454
-1.54253
-1.54127
-1.54031
-1.53903
-1.53924
-1.53927
-1.53984
-1.53884
-1.53794
-1.53779
-1.53947
-1.54053
-1.54161
-1.5427
-1.54235
-1.54137
-1.54075
-1.54028
-1.54073
-1.5401
-1.54025
-1.53991
-1.53819
-1.53764
-1.53748
-1.53684
-1.53726
-1.53693
-1.5361
-1.53619
-1.53436
-1.53321
-1.5336
-1.53442
-1.53572
-1.53737
-1.5386
-1.53958
-1.54094
-1.54128
-1.54174
-1.54095
-1.54085
-1.53838
-1.53739
-1.53834
-1.54
-1.54121
-1.54085
-1.54212
-1.54228
-1.54245
-1.54373
-1.5452
-1.54464
-1.54539
-1.54379
-1.54338
-1.54195
-1.54138
-1.54131
-1.54158
-1.54186
-1.54217
-1.54067
-1.54017
-1.53832
-1.53694
-1.5368
-1.53711
-1.53836
-1.53995
-1.54268
-1.54431
-1.5464
-1.54617
-1.54564
-1.54466
-1.54262
-1.54092
-1.53987
-1.53903
-1.53918
-1.5404
-1.54364
-1.54477
-1.5453
-1.54444
-1.54455
-1.54485
-1.54432
-1.54311
-1.54289
-1.54485
-1.54631
-1.54492
-1.54253
-1.54093
-1.53782
-1.53695
-1.53846
-1.54117
-1.54467
-1.54624
-1.54702
-1.54605
-1.54532
-1.54373
-1.54257
-1.54258
-1.54027
-1.53996
-1.5407
-1.54103
-1.53973
-1.53909
-1.5394
-1.53959
-1.54067
-1.54308
-1.54511
-1.54452
-1.5439
-1.54252
-1.54142
-1.53968
-1.54017
-1.54092
-1.5415
-1.54162
-1.54055
-1.54065
-1.54033
-1.53991
-1.53919
-1.5406
-1.54196
-1.54351
-1.54516
-1.54473
-1.5424
-1.54086
-1.54029
-1.53856
-1.53748
-1.53624
-1.53717
-1.53881
-1.53921
-1.53957
-1.54053
-1.54019
-1.54069
-1.54017
-1.54013
-1.54015
-1.53989
-1.54137
-1.54173
-1.5427
-1.54174
-1.54129
-1.54112
-1.5408
-1.53876
-1.53828
-1.5401
-1.54267
-1.54416
-1.5433
-1.54284
-1.54357
-1.54496
-1.54624
-1.54871
-1.54959
-1.54868
-1.54873
-1.54686
-1.54492
-1.54405
-1.54013
-1.53797
-1.53861
-1.53959
-1.54139
-1.54412
-1.54295
-1.54249
-1.53934
-1.53645
-1.53556
-1.53898
-1.54311
-1.54345
-1.54175
-1.53798
-1.53481
-1.53351
-1.53249
-1.53375
-1.53654
-1.54035
-1.54394
-1.54517
-1.54501
-1.54524
-1.54399
-1.54377
-1.5426
-1.54004
-1.53729
-1.53598
-1.53576
-1.53668
-1.53595
-1.53535
-1.53638
-1.53679
-1.53867
-1.54031
-1.54304
-1.54261
-1.54222
-1.54005
-1.54038
-1.54102
-1.54158
-1.5421
-1.54235
-1.54203
-1.54145
-1.54203
-1.5418
-1.54106
-1.53983
-1.53856
-1.53735
-1.53649
-1.53613
-1.53523
-1.53406
-1.5335
-1.53306
-1.53318
-1.53396
-1.53596
-1.53852
-1.53966
-1.54033
-1.53892
-1.53749
-1.53837
-1.53826
-1.54004
-1.5389
-1.53884
-1.53953
-1.54116
-1.54082
-1.54219
-1.54203
-1.54133
-1.54003
-1.53941
-1.53801
-1.53798
-1.5361
-1.53718
-1.53838
-1.53926
-1.53904
-1.53875
-1.53685
-1.53701
-1.53763
-1.53736
-1.53709
-1.53734
-1.53704
-1.53719
-1.5386
-1.54053
-1.54232
-1.54307
-1.54298
-1.54181
-1.53906
-1.53658
-1.53634
-1.53733
-1.53991
-1.54134
-1.54057
-1.53964
-1.53946
-1.53871
-1.53927
-1.54149
-1.543
-1.54336
-1.54224
-1.54168
-1.54005
-1.53939
-1.53922
-1.54009
-1.54142
-1.54056
-1.54025
-1.54128
-1.54053
-1.54001
-1.54055
-1.53936
-1.53941
-1.53991
-1.54153
-1.54056
-1.54029
-1.5393
-1.53983
-1.54048
-1.54157
-1.542
-1.5415
-1.54123
-1.53928
-1.5365
-1.53304
-1.53189
-1.53176
-1.53415
-1.53732
-1.53825
-1.53867
-1.53803
-1.5385
-1.53765
-1.53909
-1.53842
-1.53816
-1.53726
-1.53823
-1.53705
-1.53785
-1.53856
-1.53897
-1.53821
-1.5389
-1.53821
-1.53829
-1.53839
-1.53874
-1.53852
-1.53894
-1.54001
-1.53737
-1.53503
-1.53225
-1.53117
-1.53209
-1.53581
-1.53866
-1.5401
-1.54106
-1.54139
-1.54048
-1.53977
-1.53895
-1.53856
-1.53892
-1.53831
-1.53957
-1.54119
-1.54216
-1.54309
-1.5434
-1.54345
-1.54307
-1.54242
-1.54262
-1.5406
-1.54072
-1.53927
-1.53826
-1.53537
-1.53412
-1.53312
-1.5347
-1.53787
-1.54109
-1.54295
-1.54464
-1.54576
-1.54604
-1.54466
-1.5429
-1.54055
-1.5377
-1.53652
-1.53722
-1.5379
-1.54076
-1.5431
-1.54324
-1.54283
-1.54229
-1.54133
-1.54225
-1.541
-1.53999
-1.53958
-1.54022
-1.5404
-1.53996
-1.53875
-1.53848
-1.53858
-1.53812
-1.53686
-1.53648
-1.53629
-1.5359
-1.53565
-1.53663
-1.53783
-1.53763
-1.53697
-1.53652
-1.53475
-1.53431
-1.53464
-1.5356
-1.53634
-1.53879
-1.54076
-1.54135
-1.54239
-1.54251
-1.54113
-1.5407
-1.54031
-1.53936
-1.53855
-1.5378
-1.53711
-1.53625
-1.53649
-1.53657
-1.53718
-1.54083
-1.54373
-1.54412
-1.54279
-1.54253
-1.54057
-1.54041
-1.54126
-1.54137
-1.54109
-1.54113
-1.54042
-1.53889
-1.53813
-1.53856
-1.53976
-1.54076
-1.54021
-1.54028
-1.54074
-1.54053
-1.54156
-1.54137
-1.54015
-1.53878
-1.53806
-1.53788
-1.53872
-1.53807
-1.53697
-1.53576
-1.53651
-1.53877
-1.53958
-1.5419
-1.54242
-1.54226
-1.54251
-1.54205
-1.54171
-1.54112
-1.54206
-1.54196
-1.54133
-1.54125
-1.54123
-1.54078
-1.54006
-1.53879
-1.53683
-1.53607
-1.53627
-1.53738
-1.53682
-1.53663
-1.53611
-1.53461
-1.53482
-1.53566
-1.53788
-1.5371
-1.53506
-1.5352
-1.53406
-1.53289
-1.53401
-1.5348
-1.53584
-1.53655
-1.53563
-1.53436
-1.5346
-1.53709
-1.54133
-1.5427
-1.54376
-1.54255
-1.54004
-1.53756
-1.53643
-1.53656
-1.53706
-1.53812
-1.53852
-1.53989
-1.5399
-1.539
-1.53809
-1.53785
-1.53871
-1.53866
-1.54039
-1.54065
-1.54079
-1.541
-1.54185
-1.5426
-1.5431
-1.54399
-1.54324
-1.54367
-1.54418
-1.54339
-1.54245
-1.54093
-1.54027
-1.53951
-1.53867
-1.53921
-1.53914
-1.53924
-1.54044
-1.54145
-1.54118
-1.54174
-1.54185
-1.54042
-1.53933
-1.5395
-1.53778
-1.53737
-1.5366
-1.53732
-1.53909
-1.53974
-1.53876
-1.54023
-1.54275
-1.54314
-1.54421
-1.54675
-1.54838
-1.54834
-1.54752
-1.54709
-1.54621
-1.54366
-1.54164
-1.54041
-1.53927
-1.53785
-1.53719
-1.53903
-1.54143
-1.54311
-1.54445
-1.54692
-1.54639
-1.54582
-1.54357
-1.54008
-1.53919
-1.53992
-1.54163
-1.54307
-1.54335
-1.54264
-1.54124
-1.53962
-1.53844
-1.53838
-1.53936
-1.54082
-1.54025
-1.53938
-1.53939
-1.53694
-1.53533
-1.53445
-1.53606
-1.53879
-1.54332
-1.54676
-1.54707
-1.54665
-1.54562
-1.54361
-1.54206
