0.793523
0.784843
0.775435
0.767338
0.762425
0.761427
0.763916
0.768534
0.773539
0.777403
0.77928
0.7793
0.778525
0.77878
0.781944
0.789189
0.800288
0.813709
0.82722
0.838762
0.847183
0.852368
0.854977
0.856066
0.856768
0.858001
0.860251
0.863455
0.86686
0.869274
0.869497
0.866935
0.861873
0.855392
0.849023
0.844111
0.841513
0.841462
0.843513
0.84674
0.850034
0.852259
0.852649
0.850921
0.84729
0.842331
0.836733
0.831123
0.825793
0.820736
0.815713
0.810294
0.803888
0.795948
0.786479
0.776617
0.768753
0.765924
0.770551
0.783539
0.803711
0.828006
0.852537
0.873881
0.88998
0.900108
0.904564
0.904037
0.899019
0.88953
0.875276
0.856528
0.835417
0.816402
0.80443
0.801407
0.804899
0.810408
0.814112
0.813963
0.809526
0.801701
0.792434
0.78444
0.780681
0.783802
0.795328
0.815061
0.84064
0.868051
0.89274
0.911008
0.920825
0.92208
0.916202
0.905637
0.892866
0.879709
0.867113
0.855297
0.844275
0.834321
0.825973
0.81982
0.816107
0.814391
0.813813
0.813416
0.812682
0.811859
0.811862
0.813855
0.818783
0.82712
0.838644
0.852421
0.866909
0.880192
0.890384
0.895749
0.894965
0.887357
0.87319
0.853955
0.832303
0.811804
0.796096
0.787593
0.786355
0.790208
0.796064
0.801364
0.804827
0.806114
0.805292
0.802456
0.797618
0.790896
0.782741
0.774136
0.766906
0.763646
0.766941
0.778335
0.797302
0.821225
0.846204
0.868241
0.884265
0.892549
0.892765
0.885742
0.872963
0.856373
0.838128
0.820495
0.80589
0.796596
0.794208
0.798862
0.808639
0.81985
0.82809
0.829685
0.823011
0.80924
0.792314
0.777528
0.768924
0.767495
0.77189
0.78033
0.791516
0.804599
0.818664
0.832535
0.845027
0.855104
0.862088
0.86564
0.865651
0.862454
0.857209
0.852249
0.850096
0.851681
0.855304
0.857945
0.85744
0.853386
0.846823
0.83958
0.833752
0.831209
0.83275
0.837388
0.842361
0.844331
0.840827
0.831143
0.816435
0.799157
0.782097
0.767582
0.757208
0.751906
0.751815
0.756035
0.762744
0.770016
0.776777
0.783217
0.790483
0.799943
0.812165
0.826403
0.840784
0.853045
0.861457
0.86535
0.865262
0.862672
0.859596
0.857975
0.858825
0.861701
0.864888
0.866165
0.863963
0.857978
0.849178
0.839306
0.830085
0.822748
0.817812
0.815218
0.814722
0.81622
0.819836
0.825681
0.833469
0.842301
0.850797
0.857517
0.861337
0.861771
0.859149
0.854507
0.84954
0.846235
0.846334
0.850582
0.858259
0.867344
0.875328
0.880118
0.880541
0.876443
0.868355
0.857079
0.843536
0.828746
0.813889
0.800428
0.789953
0.783929
0.783203
0.787676
0.796267
0.807144
0.81817
0.827316
0.8329
0.833712
0.829233
0.819847
0.807123
0.793616
0.782324
0.775897
0.775833
0.782126
0.793382
0.807353
0.821622
0.834173
0.843471
0.848641
0.849454
0.846442
0.840829
0.834326
0.828565
0.824627
0.822732
0.822411
0.822859
0.823257
0.823322
0.823472
0.824619
0.827885
0.834008
0.843061
0.854503
0.867231
0.879652
0.890001
0.896637
0.898531
0.895524
0.88826
0.877757
0.865009
0.850632
0.834887
0.81791
0.800148
0.782621
0.76675
0.754099
0.745932
0.742939
0.745087
0.751727
0.762
0.775187
0.790915
0.808906
0.828465
0.84792
0.864808
0.876824
0.882838
0.883495
0.880981
0.877866
0.875741
0.874458
0.872478
0.86809
0.860291
0.849182
0.835879
0.822143
0.81004
0.801335
0.796937
0.796561
0.798878
0.80203
0.804308
0.804649
0.802695
0.79859
0.792838
0.786293
0.780259
0.776371
0.776115
0.780255
0.788518
0.799875
0.813219
0.827798
0.843018
0.85814
0.872145
0.884152
0.893723
0.900973
0.906246
0.909835
0.911734
0.911544
0.908542
0.901771
0.890295
0.873496
0.851523
0.825439
0.797394
0.770369
0.747657
0.732016
0.725099
0.726984
0.736499
0.751832
0.771247
0.793328
0.81682
0.840135
0.861377
0.878748
0.890918
0.89749
0.898916
0.896067
0.889704
0.879911
0.866429
0.849333
0.829466
0.808512
0.788486
0.771236
0.758219
0.750445
0.748448
0.752316
0.761679
0.775429
0.79183
0.808854
0.824607
0.837897
0.848678
0.85796
0.867325
0.878132
0.890726
0.903991
0.915613
0.922814
0.923456
0.916862
0.904089
0.887792
0.871334
0.857603
0.848111
0.842666
0.839907
0.838067
0.835836
0.832748
0.828861
0.824128
0.818188
0.810622
0.801284
0.790523
0.779208
0.76861
0.760093
0.75485
0.753805
0.757702
0.767276
0.783128
0.80511
0.83184
0.860719
0.888478
0.911783
0.927908
0.935125
0.932869
0.921732
0.903266
0.87966
0.8532
0.825947
0.799429
0.774714
0.752579
0.733934
0.720094
0.712604
0.712856
0.721541
0.738057
0.760618
0.786627
0.813333
0.838397
0.86009
0.877375
0.889777
0.897259
0.900107
0.898924
0.89475
0.889146
0.884133
0.881546
0.882476
0.886878
0.893633
0.90091
0.906858
0.910014
0.909754
0.906362
0.9008
0.89433
0.888113
0.882769
0.878251
0.873866
0.868558
0.861383
0.851902
0.84029
0.82725
0.813754
0.800828
0.789317
0.779452
0.770691
0.761871
0.751949
0.740939
0.730615
0.724162
0.724687
0.733121
0.747449
0.764184
0.780207
0.793678
0.804025
0.81142
0.816137
0.818395
0.818412
0.816586
0.813716
0.810972
0.809431
0.809617
0.81143
0.814409
0.817961
0.821538
0.82475
0.827574
0.830349
0.833638
0.838001
0.843792
0.850819
0.858313
0.865097
0.869925
0.8718
0.870374
0.865834
0.858577
0.848785
0.836434
0.821928
0.807236
0.796619
0.795099
0.805154
0.824973
0.850181
0.876491
0.900878
0.921202
0.935706
0.942948
0.942047
0.933051
0.917173
0.896746
0.87488
0.854617
0.838033
0.826119
0.819198
0.81722
0.819809
0.826181
0.834953
0.844265
0.852036
0.856256
0.855471
0.849175
0.837942
0.82317
0.806675
0.790308
0.775707
0.764071
0.756087
0.751889
0.751378
0.754583
0.761844
0.773714
0.790451
0.811356
0.834716
0.858348
0.880243
0.898978
0.913689
0.923927
0.929502
0.930199
0.925911
0.91661
0.902636
0.884855
0.864996
0.845559
0.829169
0.817647
0.811167
0.808417
0.80765
0.807637
0.808158
0.80955
0.812015
0.815331
0.819025
0.822671
0.825975
0.82887
0.831693
0.835174
0.839921
0.84566
0.850898
0.853721
0.853011
0.848935
0.842527
0.834771
0.826245
0.817149
0.80784
0.798972
0.79149
0.786413
0.784629
0.786635
0.792453
0.801584
0.81315
0.825945
0.838492
0.849199
0.856583
0.859465
0.857032
0.848762
0.83463
0.81565
0.794222
0.774234
0.760487
0.757234
0.766406
0.786906
0.815437
0.848155
0.88152
0.912354
0.937708
0.955167
0.963193
0.961493
0.950976
0.933545
0.911848
0.888943
0.868007
0.851676
0.841106
0.835393
0.832375
0.829815
0.826223
0.820887
0.813635
0.804588
0.794274
0.783732
0.774203
0.766724
0.761807
0.759461
0.759461
0.761701
0.766223
0.773127
0.782261
0.793107
0.804652
0.815696
0.825293
0.833052
0.838837
0.842498
0.843668
0.841972
0.837297
0.829913
0.820609
0.810463
0.800943
0.793824
0.790811
0.793076
0.80092
0.813645
0.829722
0.847112
0.863666
0.877342
0.886448
0.88988
0.887163
0.878583
0.865237
0.84884
0.831605
0.81582
0.803618
0.796669
0.79582
0.801067
0.811517
0.825645
0.84165
0.857776
0.872734
0.885844
0.89687
0.90579
0.912629
0.917229
0.91906
0.917181
0.910418
0.897898
0.879593
0.856763
0.831637
0.806872
0.784893
0.767567
0.756202
0.75163
0.754238
0.763605
0.77845
0.796522
0.814876
0.830251
0.839606
0.840887
0.833577
0.819096
0.800654
0.782438
0.768128
0.759804
0.757758
0.761372
0.769993
0.783316
0.800942
0.821597
0.842872
0.861731
0.875526
0.882973
0.884483
0.881785
0.877167
0.872345
0.867897
0.863252
0.857339
0.849446
0.839849
0.829946
0.821878
0.818082
0.820625
0.830422
0.846486
0.865882
0.88449
0.898143
0.903849
0.90042
0.888842
0.871865
0.852832
0.834447
0.818613
0.806981
0.800924
0.800966
0.806338
0.815317
0.825965
0.836654
0.846221
0.853878
0.859034
0.861289
0.860526
0.857096
0.851902
0.846294
0.841833
0.839849
0.841032
0.84522
0.851327
0.857535
0.861729
0.861972
0.8569
0.846
0.829764
0.809791
0.78865
0.769366
0.754647
0.746182
0.744433
0.748593
0.757067
0.76798
0.779869
0.792174
0.805185
0.819393
0.834809
0.850478
0.864701
0.875517
0.881421
0.881664
0.876354
0.866457
0.853557
0.839499
0.82601
0.814417
0.80593
0.801779
0.802908
0.808953
0.817856
0.826633
0.832736
0.834893
0.833344
0.829487
0.825176
0.821929
0.820476
0.820545
0.821333
0.82206
0.822348
0.822249
0.822165
0.822659
0.824443
0.828456
0.835569
0.846337
0.86066
0.877648
0.895838
0.913531
0.929111
0.941228
0.948949
0.951727
0.949383
0.94215
0.930724
0.916115
0.899431
0.881526
0.862892
0.843738
0.824178
0.804715
0.786365
0.770778
0.759832
0.754848
0.756072
0.762572
0.772857
0.785318
0.798368
0.810433
0.820271
0.827399
0.832446
0.836717
0.841257
0.846124
0.850318
0.852505
0.851603
0.847124
0.839063
0.8278
0.814006
0.798656
0.783169
0.769298
0.75877
0.752791
0.751625
0.754634
0.760574
0.768059
0.776206
0.784836
0.79433
0.80512
0.817068
0.829066
0.83922
0.845652
0.847247
0.844509
0.839776
0.83617
0.83594
0.839362
0.845259
0.852342
0.860247
0.869506
0.880984
0.894985
0.910653
0.926221
0.93956
0.94898
0.953588
0.953347
0.948835
0.940861
0.930274
0.91772
0.903681
0.888437
0.872232
0.855428
0.838595
0.822644
0.808571
0.797042
0.788138
0.781451
0.77666
0.773843
0.773458
0.776112
0.782045
0.790883
0.80155
0.812441
0.822057
0.829376
0.833958
0.835865
0.835246
0.832166
0.826553
0.818374
0.807758
0.794938
0.780282
0.764055
0.746514
0.728266
0.71063
0.696094
0.687949
0.689471
0.702722
0.72753
0.761283
0.799661
0.837682
0.87081
0.895524
0.909804
0.913438
0.908126
0.897109
0.884373
0.873513
0.866737
0.864548
0.865969
0.869214
0.872343
0.873647
0.871926
0.866906
0.859296
0.850758
0.843551
0.839839
0.841008
0.847289
0.857703
0.870449
0.883464
0.894867
0.903154
0.907263
0.906601
0.900937
0.890405
0.8754
0.856678
0.835467
0.813437
0.792593
0.775071
0.762775
0.756994
0.758015
0.764967
0.775963
0.788667
0.800803
0.810486
0.816251
0.817182
0.813049
0.804444
0.79276
0.780328
0.770091
0.765005
0.767121
0.776803
0.79262
0.812045
0.83214
0.850246
0.864302
0.872992
0.875644
0.872075
0.862571
0.847931
0.829569
0.809519
0.79038
0.774973
0.765871
0.765084
0.773679
0.791259
0.815594
0.842927
0.868956
0.8899
0.903266
0.908277
0.905859
0.898411
0.889
0.880457
0.87453
0.871592
0.870701
0.870029
0.867579
0.861921
0.852695
0.840605
0.827401
0.815492
0.807335
0.804311
0.806178
0.811425
0.818494
0.826406
0.834666
0.842886
0.850487
0.856801
0.861406
0.864327
0.865915
0.866645
0.866721
0.865926
0.863797
0.859797
0.853633
0.845266
0.834895
0.822887
0.809882
0.796823
0.784898
0.775434
0.769643
0.76852
0.772569
0.781719
0.795257
0.811766
0.829323
0.845706
0.858853
0.867402
0.87118
0.871003
0.867752
0.861642
0.852114
0.838564
0.821328
0.801915
0.782713
0.766338
0.754818
0.749224
0.749722
0.756028
0.767777
0.784496
0.804938
0.826675
0.846589
0.862077
0.872045
0.876858
0.877666
0.875674
0.87186
0.866915
0.861326
0.85545
0.849543
0.844012
0.839738
0.838178
0.840908
0.848788
0.861266
0.876426
0.891693
0.904695
0.9139
0.918876
0.91995
0.917377
0.911006
0.900397
0.885135
0.865234
0.841103
0.813393
0.782995
0.751082
0.719314
0.689984
0.66567
0.649053
0.64227
0.646334
0.661072
0.685453
0.71793
0.756637
0.799441
0.843758
0.88649
0.924299
0.954058
0.973388
0.980978
0.976804
0.962266
0.939908
0.913061
0.885168
0.859028
0.836338
0.817768
0.803455
0.793425
0.787746
0.786268
0.788346
0.792964
0.79892
0.805161
0.810815
0.815185
0.817704
0.818087
0.816662
0.814616
0.813942
0.81684
0.824754
0.837447
0.852904
0.868004
0.879639
0.885533
0.88458
0.876787
0.863247
0.846403
0.829998
0.818469
0.815272
0.821386
0.835168
0.853383
0.872479
0.889288
0.901436
0.907269
0.905788
0.896845
0.881312
0.861352
0.840384
0.822253
0.809784
0.803774
0.802889
0.804582
0.806272
0.806319
0.804691
0.802905
0.80335
0.808202
0.818427
0.833421
0.851172
0.868823
0.883001
0.890347
0.888093
0.874706
0.850406
0.817483
0.780232
0.744137
0.714754
0.696359
0.691109
0.699017
0.718434
0.746781
0.781021
0.817903
0.854149
0.886895
0.914009
0.934336
0.947731
0.954742
0.956216
0.952937
0.945422
0.933852
0.918392
0.899553
0.878436
0.856501
0.835327
0.816381
0.800849
0.789562
0.782573
0.779107
0.777766
0.777156
0.776591
0.776405
0.77759
0.781149
0.787675
0.797292
0.809863
0.824924
0.841472
0.85786
0.871904
0.881402
0.884881
0.882406
0.875704
0.867922
0.862448
0.861395
0.86476
0.870716
0.876733
0.880701
0.881132
0.877135
0.868364
0.855255
0.839271
0.822887
0.808806
0.798812
0.792954
0.789849
0.787549
0.784422
0.77972
0.773605
0.767099
0.761819
0.759547
0.76172
0.769019
0.78121
0.797378
0.816296
0.836808
0.857877
0.878441
0.897214
0.912673
0.923375
0.928462
0.927933
0.922693
0.914071
0.90329
0.891227
0.878353
0.864761
0.85032
0.834902
0.818817
0.803171
0.78985
0.781015
0.778267
0.78196
0.791181
0.80431
0.819551
0.835129
0.849355
0.860728
0.867928
0.869919
0.866112
0.856442
0.841504
0.822642
0.801899
0.781872
0.765338
0.754639
0.751221
0.75515
0.765102
0.778771
0.79356
0.807287
0.818718
0.827499
0.833881
0.838209
0.84064
0.841021
0.839009
0.834273
0.826783
0.817144
0.807015
0.799128
0.796642
0.801567
0.813442
0.829565
0.846457
0.861362
0.872659
0.879668
0.882313
0.880766
0.875272
0.866259
0.854451
0.84111
0.828174
0.817802
0.81151
0.809462
0.810631
0.813461
0.816763
0.820048
0.823212
0.826114
0.828214
0.828644
0.826546
0.82138
0.813376
0.803833
0.794948
0.789121
0.78764
0.789635
0.792361
0.792932
0.790333
0.786097
0.78335
0.785018
0.792518
0.805436
0.821854
0.839084
0.854372
0.865516
0.871497
0.872595
0.870383
0.86712
0.864854
0.864695
0.866671
0.870038
0.873608
0.876117
0.876593
0.874681
0.87075
0.865849
0.861257
0.857932
0.856218
0.855931
0.856277
0.856114
0.854302
0.850014
0.842847
0.833059
0.821433
0.809155
0.797496
0.787496
0.77981
0.774633
0.771907
0.771486
0.773413
0.777881
0.785014
0.794408
0.805014
0.815669
0.825747
0.83542
0.845287
0.855663
0.866158
0.87578
0.883376
0.888017
0.889201
0.88687
0.881343
0.873309
0.863729
0.853747
0.844548
0.837128
0.8321
0.829646
0.829467
0.830943
0.833464
0.836593
0.840193
0.84447
0.84976
0.856323
0.864209
0.873039
0.881869
0.889443
0.89439
0.895535
0.892071
0.883642
0.87028
0.852405
0.830855
0.807022
0.782915
0.760936
0.743462
0.732232
0.728169
0.731166
0.740106
0.753088
0.76784
0.782301
0.795085
0.805624
0.814062
0.821082
0.827526
0.834089
0.841088
0.848265
0.855004
0.860622
0.864674
0.866961
0.867558
0.866784
0.865128
0.863136
0.861327
0.859924
0.858836
0.857651
0.855765
0.852628
0.847903
0.841652
0.834179
0.826046
0.817964
0.810681
0.804814
0.800641
0.797816
0.795383
0.792197
0.787514
0.781642
0.776243
0.773792
0.776363
0.784546
0.797136
0.811821
0.82609
0.837874
0.845914
0.849797
0.849879
0.847035
0.842304
0.836572
0.830281
0.82344
0.815942
0.807997
0.80022
0.793715
0.790065
0.79109
0.798307
0.811972
0.830519
0.850758
0.869022
0.882272
0.888767
0.888031
0.880679
0.868001
0.851338
0.831833
0.810478
0.788463
0.767618
0.750404
0.739394
0.736488
0.742256
0.756006
0.776172
0.800702
0.827214
0.853035
0.875503
0.892587
0.903274
0.907369
0.905048
0.896734
0.883309
0.86652
0.848855
0.833028
0.821159
0.814231
0.81186
0.812759
0.815517
0.819069
0.823018
0.827523
0.832895
0.839192
0.845927
0.852216
0.856999
0.859274
0.858053
0.852405
0.841921
0.827584
0.812163
0.799716
0.79376
0.795578
0.8036
0.814388
0.824402
0.831562
0.836203
0.840788
0.848725
0.862242
0.880914
0.901743
0.920648
0.93384
0.938602
0.933684
0.919334
0.897174
0.869868
0.840652
0.812758
0.788981
0.771381
0.761088
0.758251
0.762108
0.771273
0.78391
0.797986
0.811567
0.823028
0.831215
0.835513
0.835957
0.833177
0.828462
0.823486
0.819909
0.818883
0.820803
0.825373
0.831724
0.83868
0.84495
0.84939
0.851267
0.850605
0.848108
0.845126
0.843061
0.842822
0.844479
0.847221
0.849878
0.851301
0.850587
0.847175
0.841167
0.833398
0.825236
0.818166
0.813273
0.810927
0.810869
0.812447
0.815031
0.818082
0.821553
0.826054
0.832668
0.842459
0.855462
0.870148
0.883838
0.893886
0.898564
0.897415
0.890876
0.879582
0.863949
0.844359
0.821603
0.797353
0.7741
0.75461
0.741016
0.734108
0.733236
0.736646
0.742258
0.748244
0.753408
0.75732
0.760333
0.763485
0.768273
0.776223
0.788354
0.804855
0.825036
0.847424
0.870055
0.890576
0.906552
0.915851
0.917041
0.909781
0.895025
0.874892
0.852394
0.830488
0.811455
0.796655
0.786635
0.781309
0.7801
0.782057
0.786161
0.791676
0.798432
0.806609
0.816333
0.827337
0.838889
0.850131
0.860338
0.868921
0.875319
0.878938
0.87921
0.875728
0.868386
0.857554
0.844072
0.829121
0.814142
0.800545
0.789624
0.78244
0.779699
0.781617
0.787993
0.79816
0.811087
0.825473
0.839847
0.852818
0.863541
0.871905
0.878308
0.883154
0.886692
0.889022
0.890273
0.890866
0.891434
0.892464
0.894004
0.895615
0.896413
0.89513
0.890445
0.881076
0.86611
0.845429
0.820319
0.793565
0.76909
0.750946
0.741991
0.742776
0.751339
0.763971
0.776739
0.786889
0.793619
0.797826
0.801321
0.805754
0.811845
0.819277
0.826938
0.833531
0.838152
0.840587
0.841362
0.841564
0.842412
0.844791
0.848895
0.854022
0.858684
0.861104
0.859836
0.854362
0.845269
0.834048
0.822479
0.812079
0.803717
0.797568
0.793339
0.79064
0.789292
0.789456
0.791408
0.795381
0.801401
0.809143
0.818086
0.827705
0.837613
0.847211
0.855355
0.860437
0.860997
0.85662
0.848323
0.838392
0.829653
0.824627
0.824711
0.829951
0.839315
0.850995
0.862776
0.872368
0.877676
0.877386
0.871367
0.860911
0.848264
0.835762
0.825026
0.816451
0.809404
0.803017
0.796954
0.791911
0.789544
0.791807
0.800095
0.814669
0.834425
0.857074
0.879562
0.898822
0.912437
0.919025
0.918481
0.911883
0.900985
0.887429
0.872312
0.855987
0.838636
0.821166
0.805916
0.795977
0.792855
0.794729
0.797915
0.799715
0.799482
0.798119
0.797239
0.798639
0.803826
0.813552
0.827219
0.842757
0.857328
0.868394
0.874534
0.875616
0.872622
0.867241
0.861256
0.856081
0.852531
0.850749
0.850563
0.851824
0.854514
0.858349
0.862228
0.864039
0.86141
0.852775
0.838175
0.819334
0.799103
0.780663
0.766806
0.759524
0.759786
0.767109
0.779581
0.794254
0.807911
0.818107
0.823636
0.82451
0.821683
0.816862
0.812372
0.810591
0.813073
0.819858
0.829609
0.840595
0.851526
0.861879
0.871587
0.880758
0.889457
0.897565
0.904879
0.910801
0.91425
0.913912
0.908776
0.898725
0.88465
0.868143
0.851045
0.835385
0.823231
0.815974
0.813158
0.812304
0.810284
0.805178
0.79708
0.787894
0.780493
0.777621
0.780819
0.789917
0.803337
0.818975
0.834993
0.850044
0.863281
0.874226
0.882496
0.887659
0.889308
0.887134
0.881328
0.872728
0.862773
0.85304
0.844509
0.837192
0.830401
0.823244
0.815208
0.806337
0.797153
0.788229
0.780164
0.773595
0.769154
0.767498
0.769202
0.774737
0.784222
0.797066
0.811782
0.826216
0.838171
0.84612
0.849714
0.850022
0.849246
0.849711
0.85282
0.858326
0.864501
0.868998
0.869806
0.865731
0.856711
0.84377
0.828852
0.814514
0.803407
0.797632
0.798271
0.805167
0.816944
0.831477
0.846458
0.85983
0.870275
0.877239
0.880783
0.881408
0.879965
0.877521
0.875207
0.874033
0.874441
0.876105
0.877853
0.878054
0.875177
0.868559
0.858638
0.846743
0.834578
0.823478
0.814155
0.806586
0.800188
0.79406
0.787316
0.779594
0.771406
0.76423
0.759836
0.759369
0.763077
0.770694
0.781663
0.794804
0.808082
0.819108
0.825894
0.827429
0.823898
0.816435
0.806691
0.796379
0.7871
0.78023
0.776877
0.777903
0.783774
0.79457
0.809839
0.828569
0.849382
0.870628
0.890532
0.907323
0.919344
0.925176
0.924024
0.915908
0.901778
0.883547
0.863803
0.845217
0.829981
0.81925
0.812896
0.809762
0.808155
0.806661
0.804615
0.802254
0.800544
0.800861
0.804538
0.812437
0.824658
0.840625
0.859247
0.878881
0.897443
0.912526
0.921818
0.923522
0.916841
0.902008
0.880319
0.853961
0.825801
0.799193
0.777568
0.763661
0.758941
0.763402
0.775825
0.794132
0.815667
0.837581
0.857387
0.873464
0.885174
0.89262
0.896185
0.896223
0.893045
0.887
0.878611
0.868517
0.857471
0.846197
0.835457
0.826043
0.818649
0.813818
0.811828
0.812635
0.815832
0.820541
0.825586
0.829775
0.832167
0.832282
0.830089
0.826028
0.820821
0.815534
0.811325
0.809285
0.809975
0.813139
0.8176
0.821676
0.823772
0.822763
0.818333
0.811122
0.802558
0.794529
0.788962
0.787166
0.789463
0.795172
0.802652
0.809708
0.814179
0.814597
0.810712
0.803466
0.794627
0.786263
0.780077
0.777112
0.77793
0.782902
0.792297
0.806021
0.82331
0.842779
0.862933
0.882582
0.900914
0.917432
0.931734
0.943389
0.951893
0.956712
0.957398
0.953691
0.945551
0.933191
0.917186
0.898513
0.87841
0.858226
0.839104
0.821959
0.807543
0.796491
0.789268
0.78588
0.785796
0.788016
0.791207
0.793943
0.795066
0.794004
0.791065
0.787445
0.784876
0.784783
0.787752
0.793304
0.800459
0.808629
0.818142
0.829888
0.844477
0.861373
0.878886
0.894838
0.907345
0.914921
0.916542
0.911461
0.899046
0.878997
0.851717
0.818751
0.782995
0.748477
0.719717
0.700883
0.694871
0.702723
0.723375
0.753676
0.788829
0.823368
0.852278
0.872041
0.881362
0.881259
0.874583
0.865073
0.856125
0.849977
0.847426
0.848137
0.851293
0.856104
0.861831
0.867355
0.871171
0.872086
0.869704
0.864605
0.858001
0.851426
0.846264
0.84317
0.841986
0.841826
0.841532
0.840072
0.836928
0.832246
0.826621
0.820718
0.815018
0.809961
0.806066
0.803822
0.803467
0.804957
0.808118
0.812767
0.818779
0.826017
0.834231
0.842983
0.851655
0.859471
0.865545
0.86904
0.869337
0.866284
0.860392
0.853011
0.846308
0.842491
0.842705
0.846132
0.850116
0.851274
0.846893
0.835898
0.818972
0.79822
0.776677
0.757612
0.743826
0.737072
0.73788
0.745763
0.75942
0.77701
0.796254
0.814644
0.829742
0.839668
0.843515
0.841581
0.835379
0.827127
0.819031
0.812708
0.808823
0.807231
0.807412
0.809028
0.812292
0.818105
0.827547
0.841147
0.858363
0.877498
0.8961
0.911613
0.921912
0.92544
0.921251
0.9093
0.890635
0.867232
0.841684
0.816629
0.794347
0.776547
0.764398
0.758607
0.75935
0.766052
0.77732
0.791101
0.805042
0.817019
0.825673
0.830874
0.833724
0.836147
0.839921
0.845722
0.852903
0.860147
0.866118
0.870086
0.871868
0.871529
0.868927
0.86349
0.854563
0.841897
0.826163
0.809303
0.794285
0.7842
0.781107
0.785328
0.795614
0.809858
0.825788
0.841329
0.854825
0.865028
0.871123
0.872657
0.869575
0.862352
0.852035
0.840221
0.828947
0.820271
0.815598
0.815524
0.819872
0.82794
0.838727
0.850905
0.862769
0.872621
0.879027
0.881338
0.879802
0.875351
0.869161
0.862366
0.855812
0.850072
0.845579
0.842686
0.841463
0.841376
0.841014
0.838334
0.831374
0.819169
0.802481
0.783795
0.766696
0.7547
0.750299
0.754453
0.766487
0.784208
0.804512
0.824367
0.841597
0.854921
0.863519
0.866723
0.864151
0.856064
0.843694
0.829225
0.815274
0.804127
0.797189
0.79478
0.796275
0.800493
0.806254
0.812709
0.81956
0.826917
0.834915
0.843316
0.851467
0.858651
0.864533
0.869057
0.872315
0.874266
0.874612
0.872912
0.868692
0.86184
0.852777
0.84236
0.83155
0.820965
0.810925
0.802075
0.796069
0.795143
0.800417
0.810379
0.821444
0.830129
0.834651
0.835045
0.832487
0.828692
0.82536
0.823577
0.82341
0.823818
0.823201
0.820384
0.815489
0.810175
0.807135
0.808771
0.81593
0.82757
0.841684
0.856231
0.869723
0.88131
0.890423
0.896583
0.899323
0.898188
0.893057
0.884389
0.873286
0.861266
0.849781
0.839806
0.831609
0.82493
0.819372
0.814646
0.810761
0.807913
0.806323
0.806101
0.807296
0.809801
0.813398
0.817718
0.822189
0.826076
0.828576
0.828916
0.826446
0.820757
0.81167
0.799431
0.784836
0.769458
0.755691
0.746801
0.746224
0.755849
0.774553
0.798455
0.822779
0.843729
0.859296
0.86937
0.875074
0.878169
0.880261
0.882417
0.884928
0.887202
0.888064
0.88634
0.881364
0.873382
0.863443
0.853031
0.843686
0.836681
0.832685
0.831723
0.833427
0.837185
0.8423
0.848081
0.853872
0.859053
0.863109
0.865752
0.866832
0.866218
0.863878
0.859971
0.854893
0.849226
0.84357
0.838431
0.834131
0.830734
0.828006
0.825517
0.822857
0.819866
0.816632
0.813351
0.810354
0.808046
0.806855
0.806992
0.808239
0.810105
0.812182
0.814234
0.816149
0.817779
0.818775
0.818528
0.816334
0.811619
0.804233
0.794611
0.783734
0.773025
0.76412
0.758695
0.758146
0.763299
0.773994
0.789044
0.806364
0.823512
0.838183
0.848707
0.85408
0.854144
0.849374
0.840986
0.83097
0.822049
0.817226
0.818897
0.828009
0.843887
0.864512
0.887037
0.908353
0.92553
0.936228
0.938905
0.932887
0.918592
0.897618
0.872625
0.846868
0.8236
0.805482
0.794251
0.790894
0.795632
0.807589
0.82469
0.843927
0.862083
0.876425
0.885075
0.886923
0.881521
0.86903
0.850158
0.826331
0.799871
0.77396
0.75208
0.737318
0.73156
0.735112
0.746914
0.76505
0.787296
0.811411
0.835367
0.857334
0.875823
0.889725
0.898399
0.901713
0.900038
0.893876
0.883623
0.869358
0.851221
0.829858
0.806746
0.784127
0.764485
0.74984
0.741101
0.738022
0.739557
0.744554
0.752206
0.762374
0.775387
0.791603
0.810874
0.832275
0.854047
0.873914
0.889492
0.898702
0.90009
0.893233
0.879115
0.860028
0.839227
0.820022
0.804831
0.794502
0.788457
0.785455
0.784379
0.784691
0.786479
0.790073
0.795735
0.80348
0.812992
0.823742
0.835067
0.84614
0.855948
0.863224
0.866716
0.865789
0.860943
0.853824
0.846642
0.841413
0.839254
0.840182
0.843323
0.847228
0.850439
0.852013
0.851871
0.850546
0.848655
0.846319
0.843196
0.839088
0.834417
0.830412
0.828685
0.830546
0.836471
0.845843
0.857058
0.86797
0.876301
0.880206
0.878591
0.871398
0.859632
0.845075
0.830018
0.816737
0.807109
0.802284
0.802481
0.806859
0.813922
0.822069
0.829974
0.836717
0.841829
0.845202
0.847048
0.847851
0.848098
0.848107
0.848119
0.848372
0.849211
0.85096
0.853598
0.856425
0.858224
0.85769
0.853755
0.846041
0.835004
0.821784
0.80792
0.794762
0.782939
0.772276
0.762248
0.752691
0.744231
0.738333
0.736944
0.741709
0.753341
0.771159
0.793163
0.816596
0.838649
0.857121
0.870617
0.878566
0.881156
0.879218
0.873959
0.866684
0.858566
0.850502
0.843098
0.836829
0.832208
0.829869
0.830391
0.83401
0.840405
0.848631
0.857222
0.86451
0.869031
0.869837
0.866641
0.859955
0.850925
0.841123
0.83219
0.825474
0.821628
0.820528
0.821445
0.823191
0.824463
0.824193
0.821912
0.818233
0.814753
0.81346
0.815925
0.822559
0.832479
0.843909
0.854942
0.864054
0.870486
0.874214
0.875761
0.875843
0.874961
0.873117
0.869835
0.86456
0.857249
0.848693
0.840374
0.833972
0.830649
0.830559
0.832793
0.835833
0.838118
0.838442
0.836147
0.831017
0.823569
0.815095
0.807546
0.802831
0.801977
0.804657
0.80949
0.814753
0.818968
0.821419
0.822047
0.82139
0.820397
0.820197
0.821787
0.825565
0.831079
0.836884
0.841108
0.842117
0.839088
0.832146
0.8222
0.81059
0.798713
0.787801
0.778955
0.773123
0.771023
0.773065
0.779161
0.788557
0.799958
0.811798
0.822625
0.831417
0.837824
0.842043
0.844682
0.846623
0.848811
0.852117
0.857332
0.86499
0.875311
0.887883
0.901602
0.914804
0.925533
0.932073
0.933165
0.927944
0.916171
0.898313
0.875644
0.850333
0.825323
0.8037
0.787865
0.778502
0.774432
0.773429
0.773525
0.773598
0.773392
0.773171
0.773449
0.774804
0.777677
0.782148
0.787726
0.793195
0.796941
0.79761
0.794752
0.789106
0.782395
0.77684
0.774701
0.778075
0.788522
0.806628
0.831523
0.860535
0.889826
0.915396
0.934084
0.944257
0.946056
0.941061
0.931633
0.920315
0.909147
0.899504
0.892092
0.886866
0.883002
0.879215
0.874044
0.866268
0.855345
0.841644
0.826225
0.810381
0.79518
0.781344
0.769449
0.760173
0.754291
0.752392
0.75471
0.76115
0.77159
0.785906
0.803658
0.823682
0.843969
0.862147
0.876097
0.884598
0.887481
0.885372
0.879221
0.86981
0.8576
0.842736
0.825457
0.806431
0.787094
0.769646
0.756594
0.75025
0.75216
0.762689
0.78103
0.805449
0.833607
0.862903
0.890754
0.914746
0.93279
0.943296
0.9454
0.939021
0.924946
0.904807
0.881157
0.857287
0.836755
0.822249
0.814823
0.813768
0.817224
0.823137
0.829777
0.835944
0.840989
0.844811
0.847551
0.849276
0.849663
0.848164
0.844281
0.837865
0.8294
0.819895
0.810789
0.803526
0.799232
0.798379
0.80068
0.805231
0.810942
0.816678
0.82152
0.824817
0.826174
0.825524
0.823196
0.81987
0.816494
0.814148
0.813918
0.81654
0.82219
0.830162
0.838954
0.846636
0.851374
0.85173
0.846995
0.837139
0.823034
0.806494
0.790303
0.777818
0.772181
0.774956
0.785059
0.798999
0.812788
0.823968
0.832152
0.837993
0.841741
0.842639
0.839635
0.832517
0.822555
0.812165
0.803873
0.799324
0.798811
0.801448
0.805692
0.810016
0.813331
0.815433
0.816898
0.81876
0.822058
0.827385
0.834695
0.843507
0.853086
0.862518
0.870788
0.876651
0.878777
0.875919
0.867546
0.854561
0.839686
0.826507
0.817703
0.813482
0.811741
0.809925
0.806581
0.801947
0.79754
0.795411
0.797287
0.803961
0.815045
0.829035
0.843664
0.856351
0.864857
0.867906
0.865849
0.860726
0.855281
0.851379
0.849527
0.849758
0.852517
0.858046
0.865445
0.872354
0.876217
0.875839
0.871767
0.865581
0.858888
0.852711
0.847706
0.844336
0.843018
0.843952
0.847083
0.851911
0.857253
0.861578
0.863371
0.861689
0.856594
0.849078
0.84058
0.832337
0.824932
0.818338
0.81243
0.807431
0.803743
0.80172
0.801335
0.802238
0.803884
0.805884
0.808218
0.811151
0.815105
0.820529
0.827733
0.836675
0.846768
0.856621
0.864329
0.867959
0.866143
0.858374
0.845318
0.828877
0.811896
0.797339
0.787318
0.782372
0.781675
0.783715
0.787023
0.790677
0.794434
0.798633
0.803993
0.811207
0.820585
0.831764
0.843923
0.855925
0.866638
0.875235
0.881423
0.885479
0.888112
0.890352
0.893051
0.896525
0.900159
0.90257
0.901981
0.896731
0.885796
0.869163
0.847837
0.823704
0.79919
0.776803
0.758514
0.744924
0.735369
0.728895
0.725529
0.726519
0.733315
0.746389
0.76483
0.786653
0.809548
0.831542
0.851164
0.867545
0.880346
0.889581
0.895597
0.89898
0.900573
0.901443
0.902748
0.905542
0.910492
0.917738
0.926709
0.936096
0.944056
0.948635
0.948151
0.941495
0.928275
0.908642
0.883095
0.852483
0.818166
0.782481
0.749065
0.722272
0.70548
0.69955
0.702652
0.711574
0.72346
0.736814
0.75177
0.769379
0.790379
0.814099
0.838079
0.858907
0.873415
0.879782
0.878266
0.871422
0.86345
0.858561
0.859047
0.864546
0.87304
0.881964
0.889048
0.89258
0.89159
0.885919
0.876081
0.86302
0.848047
0.832742
0.818952
0.808368
0.802065
0.800171
0.801823
0.805553
0.809772
0.813021
0.814228
0.812755
0.808515
0.802025
0.79417
0.785973
0.778491
0.772766
0.769628
0.76953
0.772491
0.778154
0.785889
0.79496
0.804744
0.814893
0.825281
0.835803
0.846067
0.855518
0.863645
0.870308
0.875768
0.880495
0.884849
0.888716
0.891576
0.892786
0.891828
0.88841
0.882337
0.873316
0.861198
0.846348
0.830027
0.814169
0.80089
0.791573
0.786643
0.785732
0.788082
0.792923
0.799341
0.806203
0.812367
0.817031
0.820025
0.821589
0.821969
0.82123
0.819155
0.815556
0.810669
0.805437
0.801773
0.80217
0.808832
0.822486
0.841857
0.864212
0.8863
0.90492
0.91711
0.920379
0.913444
0.896878
0.873345
0.847072
0.822841
0.804679
0.79494
0.794047
0.800903
0.813676
0.830397
0.84914
0.868124
0.88569
0.900395
0.911063
0.91684
0.917221
0.912014
0.90134
0.88565
0.865872
0.843451
0.820394
0.799025
0.781664
0.770124
0.765292
0.767014
0.774171
0.784999
0.797433
0.809528
0.819825
0.827605
0.83283
0.836095
0.838428
0.840931
0.844611
0.849947
0.856537
0.863044
0.867524
0.868183
0.864222
0.856084
0.845284
0.833846
0.82373
0.816303
0.812183
0.81131
0.813163
0.817082
0.822573
0.829304
0.836839
0.844256
0.850078
0.852526
0.850254
0.842876
0.83111
0.816609
0.801755
0.789387
0.782522
0.78328
0.79173
0.805475
0.82078
0.834328
0.844584
0.851955
0.85793
0.863667
0.869044
0.872834
0.873737
0.870991
0.864781
0.85592
0.845427
0.834095
0.822408
0.810639
0.798988
0.78794
0.778292
0.771258
0.768053
0.769315
0.774683
0.78312
0.793509
0.804989
0.81692
0.828578
0.839369
0.848991
0.857468
0.865031
0.871812
0.877744
0.882473
0.885436
0.886042
0.883804
0.878638
0.870933
0.861561
0.851651
0.842208
0.834018
0.827597
0.823282
0.821111
0.8209
0.822451
0.825736
0.830863
0.837911
0.846635
0.856027
0.864579
0.870713
0.873175
0.871274
0.864914
0.854632
0.841571
0.827705
0.815653
0.807838
0.804897
0.805179
0.80598
0.805226
0.802329
0.797956
0.793243
0.789196
0.786435
0.785347
0.786251
0.789524
0.79541
0.803801
0.814141
0.825628
0.837568
0.849583
0.861531
0.873241
0.884314
0.894086
0.901625
0.905881
0.905748
0.900371
0.88926
0.87257
0.851364
0.827529
0.803618
0.782283
0.765576
0.754351
0.748202
0.745843
0.745937
0.747915
0.752316
0.760413
0.773265
0.790848
0.811881
0.83441
0.856513
0.876825
0.894543
0.909318
0.92089
0.928977
0.933183
0.933148
0.928525
0.91921
0.905489
0.888206
0.868979
0.850025
0.833743
0.821962
0.815348
0.813462
0.815518
0.820669
0.827962
0.8359
0.842451
0.845504
0.843555
0.836144
0.823954
0.808402
0.791202
0.774191
0.759245
0.747891
0.740661
0.73695
0.735963
0.737832
0.743852
0.75547
0.773026
0.795168
0.819276
0.842208
0.861189
0.874458
0.881471
0.882759
0.879705
0.873945
0.866798
0.859067
0.851434
0.844628
0.839345
0.836367
0.836204
0.839084
0.84483
0.852879
0.8625
0.872912
0.883327
0.892704
0.899589
0.902344
0.899574
0.890426
0.874794
0.853328
0.82756
0.799966
0.774019
0.75356
0.741625
0.739365
0.74571
0.757881
0.77257
0.787077
0.799837
0.810504
0.819515
0.827532
0.834971
0.841904
0.848209
0.853933
0.859262
0.864531
0.870235
0.876869
0.884767
0.893984
0.903919
0.913216
0.919846
0.921587
0.916692
0.904379
0.885212
0.860998
0.834466
0.80874
0.786723
0.770623
0.761624
0.759851
0.764536
0.774072
0.786217
0.798161
0.807032
0.810563
0.807764
0.799331
0.787739
0.776493
0.768951
0.76709
0.770966
0.779323
0.790339
0.802463
0.814676
0.826558
0.838138
0.849776
0.862002
0.875197
0.889122
0.902605
0.91383
0.921137
0.923596
0.921089
0.91386
0.902282
0.886751
0.867903
0.847148
0.826732
0.809297
0.7968
0.789642
0.786724
0.78647
0.787847
0.790521
0.794575
0.800105
0.807072
0.815358
0.824883
0.835412
0.846388
0.856715
0.864756
0.868588
0.86652
0.8576
0.8421
0.821883
0.800245
0.781357
0.769281
0.766767
0.774399
0.790629
0.812485
0.836771
0.860882
0.883141
0.902473
0.917988
0.928618
0.933018
0.929778
0.917928
0.897365
0.869169
0.835689
0.800306
0.767112
0.740297
0.723148
0.716976
0.72077
0.731875
0.747253
0.764662
0.782932
0.801478
0.819737
0.836715
0.851053
0.861356
0.866609
0.866577
0.862118
0.855058
0.847595
0.841487
0.837437
0.835022
0.833465
0.832248
0.831358
0.831
0.831227
0.831872
0.832623
0.833207
0.833501
0.833449
0.83297
0.832119
0.831045
0.829975
0.829133
0.828734
0.828994
0.830496
0.834129
0.840793
0.850851
0.863638
0.877284
0.889266
0.897425
0.900715
0.899445
0.894896
0.888534
0.881386
0.873734
0.865401
0.856041
0.845518
0.834106
0.822442
0.811381
0.801635
0.793565
0.787035
0.781754
0.777704
0.775276
0.775221
0.778334
0.785087
0.795318
0.808153
0.82229
0.836265
0.848673
0.858343
0.864442
0.86636
0.863775
0.856858
0.846386
0.833998
0.821933
0.812319
0.80651
0.804883
0.807256
0.813122
0.821667
0.831752
0.842041
0.851343
0.858726
0.863606
0.865733
0.865104
0.86194
0.856675
0.849891
0.842229
0.834317
0.826571
0.818943
0.811066
0.802643
0.794048
0.786476
0.781602
0.780998
0.785367
0.794281
0.806551
0.820755
0.835737
0.850765
0.865038
0.877182
0.885388
0.888169
0.885245
0.877685
0.867643
0.85769
0.850251
0.846963
0.848167
0.853001
0.859898
0.867272
0.873766
0.878519
0.881055
0.881154
0.878782
0.873854
0.866133
0.855283
0.841148
0.824069
0.805095
0.785924
0.768457
0.754349
0.744595
0.739435
0.738498
0.741196
0.746982
0.755383
0.766034
0.778498
0.792057
0.805692
0.81838
0.829482
0.839323
0.849155
0.860031
0.871473
0.881231
0.886423
0.884936
0.876139
0.860907
0.841251
0.819736
0.798792
0.780296
0.765467
0.755124
0.749816
0.749771
0.754657
0.763783
0.776552
0.792435
0.810427
0.828588
0.844457
0.856156
0.863188
0.866442
0.86779
0.869336
0.872686
0.878479
0.886257
0.894917
0.903071
0.909578
0.913718
0.915199
0.913967
0.909989
0.903255
0.893882
0.88248
0.87021
0.858327
0.84754
0.837845
0.82881
0.819986
0.8112
0.802527
0.794071
0.786024
0.778785
0.773213
0.770594
0.772415
0.77982
0.793166
0.811775
0.833927
0.857077
0.878173
0.894147
0.902399
0.901259
0.89029
0.87028
0.843295
0.812511
0.781993
0.756108
0.73881
0.732746
0.738525
0.754481
0.77706
0.801839
0.824682
0.842711
0.85473
0.861165
0.863548
0.863896
0.863831
0.864134
0.864741
0.865186
0.865203
0.864816
0.864132
0.862871
0.860364
0.855812
0.848674
0.838895
0.827032
0.81422
0.801973
0.791895
0.785144
0.782109
0.782675
0.786359
0.792793
0.801723
0.812903
0.825992
0.8404
0.855448
0.870577
0.885234
0.898804
0.910461
0.919057
0.923376
0.922328
0.915324
0.902477
0.884519
0.862747
0.838859
0.81484
0.792805
0.774763
0.762186
0.755751
0.755168
0.759212
0.765984
0.773427
0.779845
0.784427
0.787392
0.789945
0.793691
0.799904
0.809085
0.820857
0.834249
0.848108
0.861254
0.872803
0.882041
0.888484
0.891716
0.891348
0.886843
0.877731
0.863839
0.845695
0.824728
0.803367
0.784796
0.772307
0.768537
0.774741
0.790092
0.811789
0.835702
0.857517
0.873642
0.881737
0.880885
0.871682
0.856201
0.837736
0.820205
0.807198
0.800771
0.800785
0.805357
0.811676
0.817238
0.820603
0.821613
0.821231
0.820961
0.822127
0.825539
0.831091
0.83769
0.843669
0.847807
0.850176
0.852011
0.85449
0.857596
0.85981
0.859325
0.85517
0.84749
0.837225
0.825531
0.81334
0.801249
0.789406
0.778023
0.767687
0.759516
0.755023
0.755609
0.762051
0.774225
0.791175
0.811295
0.832505
0.852497
0.869338
0.881978
0.890381
0.895135
0.896888
0.896085
0.893057
0.888186
0.881991
0.875033
0.867847
0.860841
0.854433
0.849056
0.844874
0.841578
0.838297
0.833974
0.827931
0.820229
0.811789
0.804165
0.799182
0.798354
0.802455
0.811293
0.823911
0.838722
0.853768
0.867071
0.876947
0.882276
0.882659
0.878456
0.870566
0.860369
0.849504
0.839684
0.832576
0.8293
0.829974
0.833677
0.838668
0.842858
0.844459
0.842308
0.836232
0.827139
0.81665
0.806242
0.796456
0.787025
0.777446
0.767625
0.758005
0.749488
0.743304
0.740764
0.742954
0.750503
0.763292
0.780288
0.79954
0.818489
0.834482
0.845359
0.850039
0.848728
0.84286
0.83465
0.826502
0.820478
0.817929
0.819222
0.823894
0.830952
0.839324
0.848299
0.857624
0.867139
0.876434
0.884633
0.890461
0.892509
0.889813
0.882321
0.870941
0.857391
0.843528
0.830752
0.819753
0.810884
0.804716
0.802193
0.804285
0.811287
0.822365
0.835721
0.849251
0.861116
0.869928
0.874888
0.875754
0.872779
0.866695
0.858556
0.849509
0.840444
0.831681
0.822767
0.812846
0.801194
0.787709
0.773225
0.759718
0.750044
0.747332
0.753745
0.769623
0.792984
0.819876
0.845531
0.865636
0.877409
0.880052
0.874635
0.863547
0.849614
0.835435
0.822883
0.812934
0.805862
0.801607
0.80003
0.800993
0.804214
0.809244
0.815323
0.821447
0.826396
0.829001
0.828522
0.824961
0.819354
0.81369
0.810437
0.811585
0.817654
0.827409
0.838513
0.848659
0.856346
0.861027
0.862757
0.861923
0.858954
0.854413
0.849071
0.843936
0.840213
0.838884
0.840509
0.845057
0.851995
0.860464
0.869236
0.876968
0.882384
0.884572
0.883212
0.878525
0.871038
0.861392
0.850329
0.838551
0.826862
0.816216
0.807683
0.802193
0.800183
0.801561
0.805956
0.812653
0.820469
0.827887
0.833418
0.836064
0.835508
0.832134
0.826908
0.821063
0.81566
0.811518
0.809272
0.809403
0.812153
0.817013
0.822597
0.826999
0.828628
0.826813
0.822023
0.81559
0.809107
0.803873
0.800377
0.798277
0.796544
0.793724
0.788353
0.779325
0.766468
0.750886
0.735163
0.722814
0.71732
0.720979
0.734213
0.755613
0.782539
0.812028
0.841301
0.868117
0.890817
0.908393
0.920333
0.926395
0.92649
0.920638
0.909288
0.893598
0.875563
0.85785
0.843321
0.83445
0.832715
0.838215
0.849865
0.865551
0.882663
0.898418
0.910182
0.915794
0.914103
0.905374
0.891475
0.875408
0.86031
0.848256
0.839791
0.834433
0.83155
0.830976
0.832869
0.837167
0.843348
0.850266
0.856244
0.859476
0.85846
0.852381
0.841413
0.826407
0.808211
0.787175
0.763542
0.738346
0.713789
0.692692
0.677453
0.669282
0.6681
0.673066
0.683162
0.697724
0.716417
0.738755
0.763646
0.789283
0.813551
0.83457
0.851118
0.862861
0.870231
0.874182
0.875802
0.876053
0.875666
0.875028
0.874364
0.87374
0.873112
0.872386
0.871584
0.870991
0.871156
0.872653
0.875888
0.88086
0.88719
0.894124
0.900744
0.906254
0.910059
0.911553
0.910147
0.905267
0.896537
0.884073
0.868667
0.851512
0.833859
0.816646
0.800476
0.785835
0.773142
0.762868
0.755164
0.749924
0.747199
0.747707
0.752753
0.76364
0.780761
0.802813
0.826809
0.848962
0.865881
0.875376
0.876697
0.870336
0.857935
0.842006
0.825743
0.812604
0.805412
0.805366
0.811573
0.821434
0.831876
0.840482
0.845975
0.848186
0.847659
0.845315
0.842222
0.839412
0.837843
0.838037
0.839806
0.841969
0.842803
0.840693
0.83487
0.825893
0.815739
0.807188
0.802887
0.804404
0.811954
0.824583
0.840466
0.857193
0.872043
0.882387
0.886239
0.882772
0.872662
0.857987
0.841934
0.828035
0.819309
0.817327
0.821891
0.831376
0.843714
0.857181
0.870555
0.882817
0.892983
0.900264
0.904273
0.905095
0.903199
0.899144
0.893446
0.886614
0.879254
0.871901
0.865004
0.85865
0.8522
0.844239
0.833096
0.817807
0.798718
0.777648
0.757458
0.741582
0.733293
0.734843
0.746495
0.766318
0.790801
0.815831
0.837676
0.853554
0.862003
0.862988
0.857836
0.848659
0.837923
0.827998
0.820721
0.817185
0.81752
0.820833
0.825522
0.829925
0.832875
0.834032
0.833925
0.833625
0.834011
0.835004
0.835339
0.833188
0.827224
0.817399
0.80497
0.792275
0.782086
0.777035
0.778938
0.788009
0.802476
0.819538
0.836819
0.853002
0.867602
0.880459
0.891228
0.899345
0.904142
0.905185
0.90258
0.897175
0.890348
0.883681
0.878583
0.875961
0.87608
0.878549
0.882209
0.885263
0.885636
0.881699
0.87269
0.858973
0.841868
0.823322
0.805491
0.790401
0.779772
0.774756
0.775573
0.781396
0.79052
0.80094
0.8108
0.818653
0.823442
0.824612
0.822009
0.816027
0.807593
0.798119
0.789349
0.782941
0.780088
0.781105
0.785242
0.791014
0.796749
0.801215
0.804097
0.806123
0.808738
0.81363
0.822197
0.835163
0.852204
0.871954
0.892046
0.909459
0.921221
0.925024
0.919649
0.905192
0.883017
0.85549
0.825776
0.797517
0.774448
0.759644
0.754886
0.760168
0.773739
0.792506
0.812847
0.831529
0.84641
0.856544
0.861999
0.863439
0.861715
0.857591
0.851958
0.846049
0.841505
0.839946
0.842293
0.84788
0.854376
0.858509
0.857222
0.848881
0.833888
0.814586
0.794574
0.777707
0.766974
0.76383
0.768008
0.778053
0.792002
0.808044
0.824885
0.841754
0.85831
0.874376
0.889701
0.903701
0.915371
0.923412
0.926563
0.924012
0.915641
0.902099
0.884662
0.865021
0.844879
0.826001
0.810063
0.798489
0.79213
0.791068
0.79447
0.80097
0.809083
0.81749
0.825156
0.831221
0.834958
0.835806
0.833599
0.828681
0.821908
0.814536
0.807915
0.803344
0.801937
0.804458
0.811
0.820653
0.831701
0.842092
0.850188
0.855132
0.856914
0.856066
0.853375
0.849477
0.844651
0.838975
0.83275
0.826908
0.822779
0.821581
0.823623
0.828141
0.833772
0.839097
0.843147
0.845258
0.844909
0.841553
0.834813
0.824746
0.81207
0.798125
0.784737
0.774035
0.768299
0.769468
0.778516
0.7948
0.81624
0.839851
0.862529
0.88163
0.895193
0.901897
0.900884
0.891804
0.87513
0.852403
0.826552
0.801665
0.782163
0.771684
0.771881
0.78182
0.798592
0.818534
0.838519
0.856594
0.871778
0.883676
0.891968
0.896139
0.895509
0.889584
0.878422
0.86281
0.844135
0.824144
0.804809
0.788229
0.776393
0.770807
0.77208
0.779682
0.792001
0.806815
0.821922
0.835572
0.846343
0.852828
0.853791
0.848622
0.837756
0.822686
0.805528
0.788385
0.772878
0.760305
0.751796
0.748714
0.75247
0.763893
0.782614
0.806805
0.833769
0.860643
0.884898
0.904539
0.918123
0.924887
0.924836
0.918749
0.907991
0.894166
0.878833
0.863349
0.848769
0.835916
0.825314
0.817152
0.81131
0.807428
0.805088
0.804037
0.804299
0.806077
0.809521
0.814451
0.820485
0.827274
0.834571
0.842043
0.848849
0.853665
0.855403
0.854454
0.853206
0.85499
0.861792
0.872876
0.885668
0.897364
0.905905
0.909801
0.907986
0.899965
0.885931
0.866874
0.844338
0.820329
0.797025
0.776576
0.760914
0.751601
0.749574
0.755024
0.767248
0.78461
0.804791
0.825053
0.842648
0.85527
0.861239
0.859793
0.851478
0.838383
0.824156
0.812773
0.806722
0.805781
0.807487
0.809162
0.809378
0.808206
0.806537
0.805134
0.803996
0.802693
0.800873
0.798626
0.796518
0.795382
0.796026
0.799166
0.805268
0.814509
0.826419
0.839835
0.853103
0.864667
0.873486
0.879288
0.882307
0.883122
0.882254
0.879948
0.876194
0.870685
0.863228
0.854079
0.844245
0.835513
0.829865
0.828494
0.830916
0.834877
0.837491
0.836532
0.831337
0.822808
0.812905
0.804127
0.798778
0.798214
0.802457
0.810427
0.820524
0.831487
0.842875
0.854868
0.867585
0.880385
0.891707
0.899691
0.903123
0.901961
0.897158
0.889979
0.881197
0.87098
0.859204
0.845994
0.831877
0.817621
0.803821
0.790947
0.779416
0.769695
0.762239
0.757371
0.755399
0.756705
0.761737
0.770847
0.783891
0.800085
0.817785
0.834824
0.848915
0.85837
0.862423
0.861289
0.856011
0.84812
0.839271
0.831079
0.824736
0.820964
0.820011
0.821753
0.825885
0.832019
0.839627
0.848076
0.856565
0.864338
0.870763
0.875505
0.878398
0.87937
0.878353
0.875218
0.869871
0.862303
0.852856
0.842422
0.832486
0.824801
0.820831
0.821125
0.825109
0.831588
0.83938
0.847796
0.856524
0.865203
0.87297
0.878294
0.879231
0.874073
0.861994
0.843344
0.81972
0.793551
0.767629
0.744685
0.727247
0.71777
0.718381
0.730136
0.752087
0.781027
0.812411
0.841909
0.866535
0.884866
0.896715
0.902633
0.903454
0.900094
0.893464
0.884565
0.874448
0.864029
0.85399
0.844786
0.836778
0.830367
0.825895
0.823363
0.822186
0.821422
0.820041
0.817471
0.813854
0.809825
0.806269
0.803856
0.80284
0.803205
0.804804
0.807337
0.810379
0.813355
0.815673
0.816899
0.816855
0.815704
0.813905
0.811967
0.810211
0.808738
0.807621
0.807141
0.807883
0.81053
0.81564
0.823474
0.833832
0.846071
0.859183
0.871942
0.883193
0.891902
0.897363
0.899059
0.896609
0.889736
0.878201
0.861989
0.841732
0.819206
0.79713
0.778509
0.765694
0.759705
0.760345
0.766695
0.777675
0.792222
0.809257
0.827594
0.845959
0.86315
0.878152
0.890283
0.899251
0.905175
0.908437
0.909312
0.907802
0.903614
0.896406
0.88614
0.873095
0.857969
0.841882
0.826275
0.812734
0.802405
0.795294
0.790099
0.784717
0.777361
0.767198
0.754474
0.740471
0.727534
0.718993
0.718241
0.726715
0.742748
0.762391
0.781762
0.79875
0.813127
0.825521
0.836607
0.84642
0.854335
0.859321
0.860305
0.856682
0.848889
0.83883
0.829647
0.824895
0.827233
0.837199
0.852833
0.870493
0.886357
0.89747
0.902209
0.900247
0.892301
0.88003
0.865961
0.853149
0.844467
0.84166
0.844601
0.851539
0.860133
0.868237
0.87447
0.878229
0.879403
0.878206
0.875124
0.870889
0.86648
0.862991
0.861457
0.86253
0.866045
0.870783
0.87453
0.874768
0.869383
0.857332
0.838674
0.814492
0.786604
0.757278
0.728902
0.704113
0.685872
0.677277
0.680765
0.696773
0.722957
0.754667
0.786459
0.813718
0.833609
0.845177
0.848995
0.846633
0.840178
0.831925
0.82402
0.818119
0.815232
0.815584
0.818587
0.822892
0.826785
0.828507
0.8267
0.820705
0.810688
0.797667
0.783593
0.771232
0.76382
0.764179
0.773613
0.791247
0.81435
0.839539
0.863921
0.88566
0.903768
0.91765
0.926823
0.930839
0.929447
0.922761
0.911347
0.89601
0.87776
0.857794
0.837417
0.818045
0.801111
0.787869
0.77938
0.776334
0.778983
0.787175
0.800382
0.817537
0.836994
0.856674
0.874404
0.888313
0.897177
0.900517
0.898662
0.892691
0.884291
0.875528
0.868239
0.863411
0.860859
0.85961
0.858466
0.856363
0.852242
0.84511
0.834233
0.819314
0.800856
0.780222
0.759554
0.741357
0.727904
0.720494
0.718973
0.721969
0.727758
0.735082
0.743534
0.753414
0.765416
0.780348
0.798846
0.820935
0.845693
0.871245
0.895286
0.915642
0.930568
0.939067
0.940867
0.936455
0.927079
0.914591
0.901259
0.889454
0.881109
0.877402
0.878594
0.883919
0.891843
0.900332
0.90728
0.910951
0.910222
0.904604
0.894191
0.879437
0.861098
0.840231
0.818097
0.796139
0.77577
0.758204
0.74427
0.734378
0.728659
0.727139
0.729905
0.736881
0.747472
0.760371
0.773633
0.785087
0.792725
0.795036
0.791218
0.78138
0.766668
0.749216
0.732051
0.718583
0.711905
0.714065
0.725688
0.745951
0.773178
0.805165
0.839596
0.874044
0.905928
0.932721
0.95218
0.962732
0.963655
0.955037
0.93776
0.913352
0.883811
0.851633
0.819684
0.791085
0.768974
0.756163
0.754419
0.763818
0.782277
0.805786
0.829323
0.848402
0.860229
0.864267
0.86198
0.855887
0.848436
0.84133
0.835584
0.831824
0.83039
0.83122
0.833617
0.836317
0.83789
0.837385
0.834857
0.831526
0.829074
0.828885
0.831616
0.837362
0.84583
0.856335
0.867698
0.87841
0.886879
0.89173
0.892008
0.887223
0.877434
0.863487
0.847088
0.830518
0.815903
0.804729
0.797663
0.794776
0.795855
0.800537
0.808277
0.818402
0.830087
0.842276
0.853665
0.862758
0.868028
0.868273
0.86311
0.853367
0.841343
0.830267
0.822794
0.819576
0.819027
0.818833
0.817345
0.813867
0.808291
0.800687
0.791295
0.780696
0.769935
0.760535
0.754395
0.753359
0.758742
0.770971
0.789441
0.812374
0.836924
0.859849
0.878135
0.88967
0.893325
0.889168
0.878418
0.863366
0.847201
0.833411
0.825094
0.824058
0.830284
0.842133
0.856918
0.871736
0.884026
0.891887
0.894282
0.891096
0.882956
0.870987
0.856577
0.841199
0.826403
0.8139
0.805276
0.801423
0.802178
0.806161
0.811257
0.815419
0.817157
0.815803
0.81141
0.804621
0.796602
0.78897
0.783712
0.782742
0.787187
0.796881
0.810322
0.825412
0.840212
0.853393
0.864028
0.871498
0.875429
0.875809
0.873066
0.867992
0.861572
0.854669
0.847962
0.841897
0.836669
0.832287
0.828566
0.825402
0.82284
0.821031
0.820042
0.819926
0.820685
0.822247
0.824413
0.82646
0.827372
0.826011
0.821414
0.813215
0.80191
0.788893
0.776246
0.766281
0.761361
0.763633
0.774432
0.793428
0.818054
0.844131
0.867297
0.884286
0.893508
0.894913
0.889412
0.878535
0.864133
0.848345
0.833394
0.821159
0.812738
0.808405
0.808121
0.811915
0.819893
0.832171
0.84864
0.868228
0.888245
0.905117
0.915703
0.918406
0.91332
0.901938
0.886579
0.869993
0.85492
0.843524
0.836874
0.83475
0.835647
0.837393
0.838066
0.836635
0.833199
0.828431
0.822966
0.817132
0.811071
0.805205
0.800483
0.798252
0.799632
0.804778
0.812632
0.821166
0.828157
0.831958
0.831912
0.828436
0.822805
0.816759
0.812283
0.811294
0.815182
0.824082
0.836222
0.848301
0.856622
0.858255
0.851823
0.837733
0.818223
0.796976
0.778137
0.764952
0.758862
0.759628
0.76634
0.7781
0.794037
0.812829
0.832655
0.851396
0.866928
0.877622
0.882787
0.882962
0.879623
0.874535
0.868923
0.863129
0.856778
0.849361
0.84064
0.830813
0.820624
0.811079
0.803109
0.797171
0.793143
0.790442
0.788458
0.787058
0.786796
0.788611
0.793399
0.801452
0.812371
0.825224
0.838706
0.851426
0.862097
0.869709
0.873673
0.873907
0.870957
0.866009
0.860728
0.856713
0.854938
0.855436
0.857634
0.860679
0.863873
0.866772
0.869084
0.87061
0.871147
0.87028
0.867483
0.862373
0.854988
0.845959
0.836423
0.827682
0.820783
0.816292
0.814288
0.814429
0.816152
0.819035
0.822873
0.827511
0.832547
0.837223
0.84044
0.841073
0.838318
0.832092
0.823186
0.81301
0.803211
0.795185
0.789701
0.786969
0.786901
0.789275
0.794094
0.801586
0.812117
0.825939
0.842803
0.861705
0.880907
0.898206
0.911341
0.918283
0.917787
0.909673
0.894964
0.87573
0.854471
0.83369
0.815493
0.801172
0.790914
0.783848
0.778695
0.77459
0.771848
0.771791
0.775876
0.784802
0.797986
0.813608
0.82927
0.842611
0.851832
0.855844
0.854225
0.847047
0.834838
0.818707
0.800421
0.782441
0.767591
0.758607
0.757715
0.766147
0.783549
0.807814
0.835634
0.863512
0.888706
0.909577
0.925389
0.935851
0.940833
0.940196
0.93393
0.922433
0.906478
0.887056
0.86524
0.842063
0.818761
0.796996
0.778813
0.766028
0.759429
0.758443
0.761661
0.767787
0.775802
0.784989
0.794676
0.804127
0.812716
0.820085
0.82624
0.831538
0.83646
0.841172
0.845218
0.847579
0.847117
0.842943
0.834756
0.823112
0.809616
0.796707
0.787117
0.78303
0.785494
0.794252
0.807881
0.824236
0.840928
0.855669
0.866689
0.872954
0.874168
0.870882
0.864439
0.85677
0.849912
0.845424
0.843856
0.844859
0.847439
0.850351
0.852288
0.852105
0.848872
0.842184
0.832462
0.821004
0.809698
0.800337
0.794076
0.791382
0.792205
0.796202
0.802837
0.811487
0.821528
0.832481
0.844005
0.855485
0.865858
0.873649
0.877228
0.875492
0.868363
0.856946
0.843447
0.830506
0.820328
0.813896
0.810606
0.808903
0.807262
0.805032
0.802688
0.801435
0.8025
0.806595
0.813695
0.823082
0.83343
0.843043
0.850114
0.85306
0.850999
0.844362
0.835067
0.825924
0.819817
0.818842
0.823826
0.834214
0.848182
0.863052
0.876078
0.885422
0.890517
0.892003
0.891196
0.889443
0.887535
0.885675
0.88375
0.881492
0.87875
0.875673
0.872767
0.870822
0.870765
0.873178
0.877549
0.881964
0.883747
0.880419
0.870455
0.853322
0.829584
0.801262
0.772551
0.749542
0.737303
0.736502
0.743949
0.755867
0.769941
0.78528
0.801344
0.817278
0.831641
0.842601
0.848355
0.847602
0.84001
0.826436
0.808986
0.790674
0.774859
0.764379
0.760477
0.762623
0.769086
0.778003
0.788243
0.799284
0.81077
0.822236
0.833069
0.842754
0.851164
0.858628
0.865935
0.874043
0.883388
0.89341
0.902487
0.908483
0.909319
0.903604
0.891127
0.873093
0.852399
0.832974
0.818672
0.812025
0.813435
0.821373
0.833273
0.846472
0.858742
0.868566
0.875022
0.877685
0.876371
0.871159
0.862434
0.850882
0.83752
0.823551
0.810352
0.799679
0.793496
0.792956
0.797442
0.804772
0.812375
0.818206
0.821076
0.820417
0.816264
0.809322
0.800854
0.792407
0.785466
0.781166
0.780381
0.7837
0.791401
0.803083
0.817511
0.832601
0.84572
0.854465
0.857252
0.853739
0.844885
0.832553
0.819018
0.806397
0.796359
0.790084
0.788114
0.790285
0.795852
0.803849
0.813445
0.824147
0.835613
0.847528
0.859618
0.871389
0.881861
0.889607
0.893135
0.891572
0.885118
0.875038
0.863213
0.851528
0.841252
0.832715
0.825316
0.817888
0.809529
0.800672
0.793185
0.788924
0.788232
0.790352
0.794822
0.801948
0.811979
0.824225
0.837125
0.848814
0.857673
0.862606
0.86317
0.859585
0.8527
0.843602
0.833372
0.822985
0.813277
0.804783
0.797746
0.79199
0.787273
0.783811
0.782709
0.785602
0.793656
0.806516
0.822071
0.837361
0.849809
0.858249
0.863108
0.865912
0.868521
0.872296
0.877863
0.885181
0.893702
0.90261
0.910895
0.917376
0.920739
0.919648
0.912887
0.899535
0.879228
0.852346
0.82017
0.78509
0.750508
0.720334
0.698264
0.686857
0.686924
0.69747
0.716089
0.739714
0.76513
0.789273
0.809534
0.824211
0.832989
0.836772
0.837292
0.836284
0.834916
0.833865
0.833561
0.834475
0.837053
0.841408
0.847088
0.853035
0.85782
0.860194
0.859442
0.85585
0.850689
0.845833
0.843213
0.844093
0.848613
0.855807
0.864023
0.871344
0.876074
0.87708
0.873963
0.867168
0.857922
0.847999
0.839427
0.833813
0.83179
0.832831
0.83555
0.838371
0.840136
0.8403
0.83901
0.836956
0.835278
0.835621
0.839861
0.849278
0.863269
0.87914
0.893299
0.902855
0.906423
0.903655
0.89455
0.879182
0.858067
0.832759
0.805986
0.781125
0.761507
0.749432
0.745556
0.748971
0.757599
0.76901
0.781027
0.792168
0.80171
0.809636
0.81624
0.821853
0.826579
0.83037
0.833255
0.83555
0.837868
0.840859
0.844957
0.850072
0.855581
0.860356
0.863095
0.862873
0.859761
0.855016
0.850644
0.848355
0.848499
0.849906
0.85076
0.849645
0.846272
0.84141
0.83652
0.832883
0.831085
0.830607
0.830035
0.827676
0.822513
0.814847
0.806308
0.79913
0.795053
0.794518
0.796683
0.800202
0.804057
0.808161
0.813236
0.820301
0.829884
0.841532
0.85373
0.864463
0.872109
0.876065
0.876879
0.875775
0.874228
0.873538
0.874633
0.8781
0.883939
0.891635
0.900013
0.907138
0.910508
0.907592
0.896621
0.877331
0.851229
0.821353
0.791599
0.765917
0.747449
0.737754
0.736511
0.741962
0.75171
0.76331
0.77476
0.784609
0.791998
0.796528
0.79824
0.797589
0.795318
0.792324
0.789609
0.788065
0.788155
0.789873
0.792737
0.796235
0.800149
0.804764
0.810714
0.818662
0.829056
0.841845
0.856205
0.870703
0.883703
0.893943
0.90101
0.905298
0.907785
0.909763
0.91243
0.91652
0.921949
0.927606
0.931479
0.931259
0.925097
0.912312
0.893657
0.871054
0.847083
0.824273
0.804441
0.788504
0.776904
0.7701
0.76865
0.772886
0.782332
0.795622
0.81086
0.826165
0.840036
0.851237
0.85856
0.860782
0.856949
0.846896
0.831618
0.813273
0.794898
0.779685
0.770231
0.767919
0.772556
0.782574
0.795519
0.808738
0.820118
0.828498
0.833793
0.836783
0.838696
0.840704
0.843452
0.846686
0.849256
0.849754
0.847331
0.842224
0.835822
0.830144
0.826835
0.826416
0.828306
0.831543
0.835554
0.840358
0.84631
0.853577
0.861653
0.869515
0.875821
0.879451
0.879738
0.876663
0.870689
0.862703
0.853653
0.844378
0.835531
0.827694
0.82147
0.817536
0.816381
0.817962
0.821529
0.825911
0.830078
0.833591
0.836714
0.840044
0.844126
0.849181
0.854955
0.860777
0.865613
0.86831
0.867971
0.864271
0.857728
0.849778
0.84256
0.838118
0.83737
0.839587
0.843089
0.846412
0.848883
0.850428
0.851076
0.850569
0.8484
0.843934
0.836786
0.826971
0.815148
0.802611
0.791079
0.782222
0.777021
0.775346
0.776061
0.777879
0.78045
0.784975
0.793622
0.808187
0.82873
0.853183
0.878091
0.899787
0.915331
0.923199
0.923353
0.916956
0.905892
0.89239
0.878805
0.867304
0.859487
0.855488
0.853688
0.851294
0.845475
0.834448
0.817902
0.797031
0.77434
0.753066
0.736369
0.726606
0.724681
0.729767
0.739639
0.751591
0.763314
0.77369
0.782774
0.791379
0.800264
0.809494
0.818442
0.826114
0.831664
0.834949
0.836764
0.83889
0.843632
0.853053
0.867966
0.887468
0.909165
0.929859
0.946293
0.955719
0.956335
0.947471
0.929743
0.905024
0.876088
0.846221
0.818428
0.794905
0.77678
0.764221
0.756797
0.753821
0.754452
0.75774
0.76279
0.768799
0.775009
0.780564
0.784683
0.786907
0.78735
0.78665
0.785974
0.786801
0.790701
0.798844
0.811601
0.828099
0.846274
0.863333
0.876489
0.883773
0.884462
0.879305
0.870399
0.860699
0.853402
0.850942
0.854225
0.862297
0.872854
0.882988
0.890027
0.892009
0.887864
0.877607
0.862302
0.843904
0.824939
0.808144
0.795804
0.789215
0.788292
0.791868
0.798292
0.806079
0.814125
0.821773
0.828378
0.833242
0.835768
0.83579
0.833861
0.831079
0.828648
0.827352
0.827409
0.828415
0.829816
0.83121
0.832517
0.834077
0.836456
0.840354
0.846386
0.854655
0.864421
0.874058
0.881577
0.885289
0.884257
0.878556
0.869041
0.856988
0.843664
0.830023
0.8168
0.804736
0.794693
0.787608
0.784237
0.785018
0.789898
0.797993
0.807532
0.816341
0.822458
0.824882
0.824074
0.821863
0.820715
0.822505
0.827444
0.834032
0.839953
0.843347
0.843535
0.840921
0.836561
0.831776
0.827975
0.826219
0.827039
0.830189
0.834843
0.840018
0.844888
0.849034
0.852358
0.854841
0.856309
0.856436
0.854994
0.85223
0.848862
0.845875
0.843883
0.84294
0.842595
0.842128
0.840966
0.838938
0.836252
0.833571
0.831786
0.831667
0.833557
0.83703
0.841039
0.844352
0.845984
0.845597
0.84356
0.840672
0.837665
0.834821
0.831867
0.828129
0.822905
0.8158
0.806896
0.796777
0.78645
0.777209
0.770472
0.767569
0.76954
0.776843
0.789238
0.805756
0.824923
0.845011
0.864356
0.881501
0.895298
0.904736
0.909085
0.908014
0.902013
0.892336
0.880699
0.868748
0.857792
0.848638
0.841646
0.836679
0.833201
0.830382
0.827693
0.825263
0.823618
0.823135
0.823462
0.823508
0.822041
0.818304
0.812515
0.806071
0.801367
0.80107
0.806595
0.816952
0.82897
0.838941
0.844198
0.843526
0.83697
0.825508
0.810856
0.795158
0.780677
0.769546
0.763623
0.764217
0.772045
0.787024
0.808209
0.833526
0.859827
0.883542
0.90157
0.911961
0.91418
0.908993
0.898025
0.883468
0.867596
0.852406
0.839281
0.828858
0.820937
0.814696
0.809174
0.803869
0.799181
0.79638
0.796924
0.801503
0.809693
0.820204
0.831326
0.841343
0.848819
0.852884
0.853217
0.850096
0.844363
0.837149
0.829695
0.823121
0.818334
0.8158
0.815541
0.81723
0.820313
0.82414
0.827982
0.831144
0.833354
0.835025
0.83692
0.839159
0.840401
0.838021
0.829563
0.814571
0.79575
0.778591
0.769024
0.770493
0.782612
0.802098
0.824774
0.846892
0.865641
0.879202
0.886771
0.888552
0.88565
0.87975
0.872601
0.865753
0.860407
0.857301
0.85672
0.858489
0.861984
0.866324
0.870282
0.872444
0.871428
0.86614
0.85623
0.842522
0.827307
0.814101
0.806407
0.805997
0.811754
0.820029
0.82658
0.828553
0.825406
0.818654
0.810693
0.803515
0.797984
0.793912
0.790778
0.788537
0.787916
0.790106
0.796085
0.806074
0.81919
0.833998
0.848946
0.862945
0.875557
0.886737
0.896544
0.904853
0.911293
0.915406
0.916781
0.915177
0.910549
0.903043
0.892992
0.880793
0.866996
0.852205
0.83694
0.821605
0.806648
0.792826
0.781198
0.773042
0.769484
0.7711
0.777556
0.787474
0.798603
0.808334
0.814571
0.816469
0.814751
0.811384
0.808678
0.808315
0.810848
0.815699
0.821809
0.828343
0.835037
0.842057
0.84967
0.857829
0.866001
0.873296
0.878718
0.881455
0.881102
0.877734
0.87189
0.864489
0.856628
0.849373
0.843538
0.839417
0.836652
0.834349
0.831273
0.826138
0.818131
0.807275
0.794591
0.782021
0.772066
0.767081
0.768668
0.776947
0.790298
0.806009
0.821444
0.834986
0.846219
0.855504
0.863328
0.869887
0.87482
0.877239
0.876019
0.870494
0.860984
0.848902
0.836564
0.826584
0.820994
0.820638
0.824922
0.832163
0.840356
0.847746
0.852982
0.855211
0.854335
0.851148
0.847101
0.843528
0.841027
0.839223
0.837209
0.834236
0.830201
0.825697
0.821734
0.819362
0.819462
0.822528
0.828274
0.83556
0.842592
0.847564
0.849251
0.847135
0.841366
0.832683
0.822247
0.811775
0.803434
0.799367
0.800847
0.807832
0.819044
0.832317
0.845324
0.856146
0.863563
0.867069
0.866707
0.862804
0.855811
0.84635
0.835285
0.823853
0.813484
0.805711
0.801928
0.803148
0.809718
0.821003
0.835207
0.849805
0.862102
0.869985
0.872447
0.869593
0.862176
0.851134
0.83734
0.821757
0.80571
0.791039
0.779913
0.774422
0.77589
0.784198
0.797661
0.813443
0.828285
0.839423
0.845205
0.845246
0.84021
0.831444
0.820486
0.808972
0.798641
0.791234
0.788208
0.790616
0.798741
0.811977
0.82887
0.847367
0.865212
0.880396
0.891586
0.898255
0.900623
0.899565
0.896165
0.891424
0.88582
0.878966
0.869744
0.856673
0.838673
0.816064
0.791234
0.768614
0.753506
0.749789
0.758343
0.777428
0.80406
0.834883
0.8665
0.895413
0.918278
0.932252
0.935253
0.926494
0.90681
0.878776
0.846478
0.814821
0.788342
0.770068
0.76066
0.758637
0.761304
0.76622
0.772119
0.778898
0.786826
0.795568
0.804133
0.811551
0.817558
0.822755
0.828239
0.834834
0.842682
0.851087
0.8587
0.863762
0.864605
0.860045
0.849723
0.834448
0.816418
0.798998
0.785705
0.779104
0.77971
0.785956
0.795251
0.805326
0.815217
0.825081
0.835192
0.845143
0.853878
0.860485
0.864949
0.868182
0.871273
0.874471
0.876742
0.87657
0.872913
0.865857
0.856379
0.846204
0.837542
0.832589
0.832993
0.839233
0.850045
0.862478
0.872824
0.878094
0.877474
0.872699
0.866822
0.862225
0.859413
0.85731
0.854219
0.848705
0.840123
0.828839
0.816138
0.803897
0.794151
0.788444
0.787321
0.790122
0.795489
0.802074
0.809068
0.816411
0.824356
0.832712
0.840404
0.845444
0.845575
0.839481
0.827695
0.812738
0.798105
0.786894
0.780883
0.780479
0.785207
0.794115
0.805872
0.818884
0.83153
0.842526
0.851074
0.856916
0.860085
0.860749
0.859024
0.854969
0.848702
0.840621
0.831607
0.82294
0.816179
0.812765
0.813601
0.818631
0.826784
0.836181
0.844794
0.851103
0.854393
0.85468
0.852193
0.847023
0.839165
0.828906
0.817111
0.805125
0.794444
0.786326
0.781637
0.78099
0.784841
0.793233
0.805528
0.820218
0.834981
0.847314
0.855274
0.858173
0.856897
0.853502
0.850326
0.848994
0.849706
0.851416
0.852265
0.850543
0.845137
0.835942
0.823739
0.809787
0.795289
0.781105
0.767961
0.756947
0.749906
0.749063
0.756231
0.771813
0.794325
0.820767
0.847482
0.871279
0.890228
0.903986
0.913598
0.920637
0.926282
0.93058
0.932533
0.930877
0.924773
0.914361
0.900631
0.885239
0.870164
0.857441
0.848873
0.845675
0.848048
0.85487
0.863705
0.871251
0.874449
0.871775
0.863739
0.85278
0.84197
0.833856
0.829745
0.829635
0.832378
0.83614
0.838846
0.83864
0.834455
0.826114
0.814452
0.8011
0.787985
0.776803
0.768603
0.763501
0.760944
0.76021
0.760943
0.763511
0.768781
0.777368
0.78885
0.801457
0.812813
0.820986
0.825284
0.826399
0.826097
0.826599
0.829561
0.835434
0.843171
0.85086
0.856578
0.859149
0.858319
0.854534
0.848679
0.841972
0.835773
0.831394
0.829904
0.832032
0.83806
0.847722
0.859986
0.872947
0.88412
0.891077
0.892117
0.8869
0.876378
0.862386
0.846882
0.831577
0.817686
0.806023
0.797266
0.79214
0.791648
0.796914
0.808561
0.826248
0.848355
0.872038
0.894042
0.911353
0.921868
0.924597
0.919871
0.909181
0.894808
0.879079
0.863538
0.848392
0.832618
0.814712
0.793677
0.769538
0.743383
0.717075
0.692871
0.673041
0.65951
0.653706
0.656329
0.667269
0.685501
0.709252
0.736153
0.76376
0.790078
0.813802
0.834302
0.851352
0.864825
0.874546
0.880436
0.882804
0.882829
0.882488
0.884043
0.888852
0.896609
0.905413
0.912887
0.917184
0.917583
0.914504
0.9088
0.901402
0.893115
0.884526
0.876185
0.868518
0.862071
0.857459
0.855279
0.85581
0.858646
0.862662
0.866406
0.868573
0.868234
0.864965
0.858694
0.849689
0.838826
0.827497
0.817216
0.809115
0.803546
0.800283
0.798806
0.798329
0.797859
0.796476
0.793742
0.789979
0.786153
0.783385
0.782546
0.784006
0.78772
0.793257
0.799864
0.806534
0.812047
0.815274
0.815457
0.812325
0.806081
0.797328
0.787048
0.776632
0.767728
0.761986
0.760731
0.764639
0.773706
0.787209
0.803876
0.821906
0.839122
0.85336
0.863007
0.867365
0.866871
0.863022
0.857984
0.853962
0.852415
0.853511
0.856261
0.85943
0.862112
0.863902
0.864752
0.8648
0.864316
0.86365
0.863107
0.862902
0.863172
0.864035
0.865429
0.867178
0.869027
0.870853
0.872614
0.874156
0.874991
0.874408
0.8717
0.866234
0.857523
0.845476
0.830763
0.815167
0.801109
0.790756
0.785031
0.783502
0.785067
0.78889
0.794683
0.802611
0.812833
0.825134
0.838666
0.851988
0.863405
0.871399
0.874994
0.873879
0.868401
0.859425
0.84814
0.835922
0.824258
0.814563
0.807918
0.80471
0.804605
0.806693
0.809917
0.813375
0.816368
0.818435
0.819337
0.81891
0.816937
0.813268
0.807993
0.801548
0.794574
0.787821
0.782057
0.778118
0.777017
0.779747
0.787146
0.799577
0.816581
0.83678
0.85805
0.877983
0.89482
0.90808
0.918412
0.926635
0.932564
0.935101
0.93286
0.924963
0.911464
0.893233
0.871843
0.849199
0.827246
0.807817
0.79251
0.782702
0.779389
0.783062
0.793401
0.809139
0.828092
0.847434
0.864436
0.87709
0.884483
0.88666
0.884141
0.877515
0.867204
0.853524
0.836817
0.817666
0.797049
0.776275
0.756786
0.739994
0.727049
0.718844
0.716076
0.719041
0.727382
0.740113
0.755964
0.773942
0.793642
0.815013
0.837732
0.860706
0.88191
0.898865
0.90918
0.911149
0.904282
0.889493
0.869143
0.846903
0.82738
0.815218
0.813653
0.823123
0.840803
0.861668
0.880285
0.89252
0.896407
0.892146
0.881438
0.866764
0.850864
0.83626
0.824926
0.817676
0.814009
0.812457
0.811556
0.810798
0.810914
0.813371
0.819184
0.828349
0.839812
0.851917
0.862904
0.871235
0.875823
0.876035
0.871651
0.862906
0.850655
0.836185
0.820923
0.806027
0.7923
0.780316
0.77065
0.764087
0.761428
0.763156
0.769008
0.778099
0.789108
0.800583
0.811408
0.820939
0.82898
0.835658
0.84128
0.846469
0.852
0.85845
0.865957
0.87395
0.881329
0.886843
0.889411
0.888439
0.884076
0.877317
0.869636
0.862359
0.856232
0.851309
0.847243
0.843532
0.839556
0.834684
0.828398
0.820591
0.811967
0.80397
0.798172
0.795629
0.796697
0.801328
0.809189
0.819584
0.831309
0.842866
0.852699
0.859536
0.862654
0.861978
0.857954
0.851351
0.843181
0.834666
0.827037
0.821107
0.816706
0.813041
0.809393
0.805674
0.802345
0.799895
0.798543
0.798094
0.798115
0.798407
0.799289
0.801682
0.806781
0.815328
0.826953
0.84004
0.852287
0.861673
0.867064
0.868367
0.866074
0.86085
0.853261
0.84376
0.833118
0.822741
0.814665
0.811059
0.813231
0.820847
0.831953
0.843869
0.854406
0.862415
0.867591
0.870081
0.87001
0.867248
0.861503
0.85261
0.840969
0.827835
0.815154
0.805315
0.800505
0.801996
0.809559
0.821487
0.83532
0.848789
0.860455
0.869552
0.875552
0.877678
0.874998
0.866787
0.853096
0.835016
0.81463
0.794715
0.778229
0.767647
0.764361
0.768447
0.778622
0.792617
0.807595
0.820737
0.829997
0.834668
0.835523
0.834662
0.834932
0.83886
0.847535
0.860061
0.87374
0.885129
0.891364
0.891107
0.884772
0.874021
0.861118
0.848613
0.839064
0.834382
0.835325
0.841233
0.850317
0.860459
0.869937
0.877829
0.884089
0.889095
0.893356
0.896921
0.899079
0.898364
0.893064
0.882079
0.865787
0.846213
0.826504
0.810031
0.799127
0.794332
0.794287
0.796441
0.798086
0.797203
0.792891
0.785258
0.775089
0.763571
0.752174
0.74269
0.73708
0.737064
0.743581
0.756459
0.774306
0.795058
0.816472
0.83652
0.853626
0.866574
0.874573
0.877332
0.875092
0.868624
0.859087
0.847792
0.836034
0.825012
0.815901
0.809803
0.807662
0.810075
0.817017
0.827649
0.840639
0.854414
0.867437
0.878198
0.885339
0.887876
0.885387
0.878338
0.867982
0.856028
0.844424
0.835044
0.829369
0.827977
0.830295
0.834706
0.839258
0.842351
0.843381
0.842983
0.842684
0.844226
0.848589
0.855248
0.8623
0.86732
0.868252
0.863829
0.853833
0.839224
0.822075
0.805374
0.792293
0.785253
0.785082
0.790822
0.800188
0.810259
0.818407
0.823071
0.824457
0.82458
0.826341
0.83166
0.840322
0.850692
0.86084
0.868923
0.873234
0.872299
0.86552
0.853658
0.838707
0.8233
0.809666
0.798988
0.791336
0.78607
0.782272
0.7791
0.776164
0.773818
0.773214
0.776236
0.784992
0.800881
0.823467
0.850332
0.87803
0.903439
0.924563
0.940458
0.950874
0.956075
0.956655
0.953266
0.946305
0.935871
0.921882
0.904424
0.883916
0.861155
0.83738
0.814029
0.792549
0.774255
0.760127
0.750603
0.74559
0.744828
0.748082
0.754845
0.763955
0.773834
0.783196
0.791504
0.798877
0.805488
0.811076
0.815075
0.816937
0.816541
0.814459
0.811804
0.809989
0.810063
0.812241
0.815788
0.81945
0.822387
0.824918
0.828367
0.834412
0.844149
0.857455
0.872968
0.888482
0.901411
0.909393
0.910719
0.904575
0.891381
0.873002
0.852789
0.834735
0.822043
0.815763
0.814798
0.817154
0.821435
0.827365
0.835495
0.846356
0.859886
0.87531
0.891223
0.905833
0.917242
0.923899
0.924882
0.920109
0.910113
0.895763
0.87813
0.85844
0.83811
0.81885
0.802534
0.790705
0.78408
0.782241
0.783816
0.787373
0.792181
0.798358
0.806241
0.815655
0.825931
0.836363
0.846245
0.854768
0.860707
0.862609
0.859044
0.849158
0.833457
0.81439
0.796157
0.782906
0.776607
0.776489
0.780498
0.787114
0.795852
0.806728
0.819667
0.834078
0.848808
0.862348
0.873221
0.880362
0.883385
0.882448
0.878145
0.8713
0.863043
0.854864
0.848448
0.845177
0.845495
0.848674
0.853086
0.857047
0.859524
0.860124
0.858827
0.855704
0.85082
0.844617
0.838049
0.832663
0.829963
0.830642
0.834106
0.838767
0.84254
0.843761
0.841682
0.836627
0.82962
0.822003
0.814929
0.80927
0.805618
0.804259
0.80526
0.808271
0.812717
0.817939
0.823332
0.828429
0.832894
0.836527
0.839435
0.842138
0.845629
0.850777
0.857527
0.864485
0.869426
0.870184
0.865553
0.855502
0.840759
0.822582
0.802338
0.781444
0.76116
0.742651
0.726972
0.715186
0.708465
0.708001
0.714708
0.728745
0.749154
0.773851
0.800177
0.82537
0.847076
0.863568
0.87386
0.877927
0.876633
0.871513
0.864388
0.856872
0.849956
0.844101
0.839644
0.837258
0.837866
0.841932
0.848747
0.856564
0.863373
0.867679
0.868936
0.867538
0.864748
0.862211
0.861258
0.862331
0.864806
0.867422
0.868961
0.868739
0.866593
0.862459
0.856085
0.847141
0.835389
0.820858
0.804129
0.786567
0.770433
0.758418
0.752677
0.754078
0.761857
0.773896
0.787634
0.800759
0.811882
0.820599
0.827276
0.832645
0.837417
0.841984
0.846505
0.851109
0.855973
0.861421
0.867658
0.874498
0.881247
0.887145
0.891597
0.894359
0.895503
0.895154
0.893307
0.889868
0.884868
0.878552
0.871302
0.863481
0.855212
0.846477
0.836992
0.826371
0.814293
0.80093
0.787445
0.776189
0.770309
0.772459
0.78313
0.799892
0.818274
0.833835
0.844122
0.849293
0.851496
0.853288
0.856081
0.859502
0.862082
0.8623
0.859376
0.853577
0.846042
0.838435
0.832454
0.829461
0.830104
0.834135
0.840393
0.847032
0.851776
0.852319
0.846857
0.834802
0.817262
0.796947
0.777355
0.761615
0.751733
0.748576
0.752283
0.762392
0.777606
0.795732
0.81417
0.83069
0.843824
0.85277
0.857197
0.857063
0.852611
0.844446
0.83353
0.821063
0.808202
0.795793
0.78443
0.774815
0.767965
0.765106
0.767191
0.774452
0.786231
0.801144
0.817541
0.833661
0.848029
0.859503
0.867399
0.871674
0.873164
0.87353
0.874822
0.878468
0.884472
0.891495
0.897795
0.901868
0.902955
0.901077
0.896658
0.890166
0.881964
0.872465
0.862314
0.852687
0.845011
0.840454
0.839349
0.840922
0.843583
0.84551
0.845389
0.842767
0.837848
0.830984
0.82228
0.811769
0.799887
0.788085
0.778692
0.77422
0.776469
0.78579
0.800925
0.819146
0.837043
0.85144
0.859997
0.861739
0.857005
0.847231
0.834509
0.82097
0.808591
0.7989
0.793059
0.79173
0.795026
0.802158
0.81144
0.820557
0.827159
0.829609
0.827604
0.822185
0.815305
0.809
0.804611
0.802343
0.801561
0.801261
0.800793
0.800096
0.799621
0.799834
0.801133
0.803854
0.808439
0.81532
0.824674
0.836268
0.849436
0.863266
0.876729
0.888786
0.898669
0.906101
0.911365
0.915208
0.918356
0.920906
0.9222
0.921169
0.916621
0.907628
0.893695
0.874802
0.851745
0.826177
0.800585
0.777759
0.76008
0.748991
0.744835
0.746896
0.753733
0.763719
0.775525
0.788421
0.801994
0.815675
0.828308
0.838307
0.844011
0.844089
0.837862
0.825611
0.808567
0.788891
0.769402
0.75295
0.741735
0.736983
0.738915
0.746962
0.76005
0.776783
0.795712
0.815359
0.834381
0.851649
0.866302
0.877793
0.885821
0.890462
0.892142
0.891614
0.889487
0.886081
0.881237
0.874625
0.866032
0.855442
0.843006
0.828811
0.81299
0.796184
0.780013
0.767275
0.761185
0.763935
0.775646
0.794399
0.81715
0.840678
0.862191
0.879468
0.890925
0.895802
0.894467
0.888398
0.88001
0.871987
0.866194
0.863121
0.861968
0.861279
0.859554
0.855753
0.849558
0.841429
0.832386
0.823644
0.816254
0.810959
0.808154
0.808052
0.810716
0.816055
0.823897
0.833971
0.845783
0.858121
0.868967
0.875859
0.876642
0.870253
0.857144
0.839167
0.819116
0.800002
0.784354
0.77367
0.768244
0.767329
0.769455
0.772891
0.776321
0.779414
0.783424
0.790973
0.804656
0.825187
0.850229
0.875206
0.89537
0.907191
0.908951
0.900447
0.88273
0.85812
0.830213
0.80309
0.779548
0.760017
0.74344
0.729218
0.718362
0.713207
0.716069
0.727901
0.747981
0.774261
0.803862
0.833383
0.859446
0.879378
0.891665
0.896091
0.893668
0.886266
0.876132
0.865392
0.855745
0.848257
0.843347
0.840982
0.840961
0.842959
0.8467
0.85189
0.857946
0.86414
0.869491
0.873032
0.874171
0.872986
0.870299
0.867394
0.865386
0.864766
0.865158
0.865391
0.863916
0.859329
0.850896
0.838846
0.824371
0.809465
0.796419
0.787195
0.78301
0.784041
0.789554
0.798147
0.808082
0.817728
0.825748
0.831526
0.835312
0.837903
0.83996
0.841358
0.84116
0.838112
0.831315
0.820755
0.80749
0.793469
0.781309
0.773407
0.771133
0.77437
0.781797
0.791569
0.801857
0.811063
0.817988
0.822042
0.823319
0.822448
0.820268
0.817638
0.815453
0.81468
0.816336
0.821297
0.830103
0.842626
0.857912
0.874275
0.889557
0.901673
0.909153
0.911502
0.909317
0.90404
0.897412
0.890972
0.885614
0.88141
0.877674
0.873298
0.867305
0.859224
0.849333
0.838592
0.82846
0.820552
0.816196
0.815921
0.819059
0.823725
0.827397
0.827756
0.823435
0.814451
0.802116
0.788604
0.776391
0.767582
0.763434
0.76432
0.77001
0.779952
0.793483
0.809738
0.827693
0.846347
0.864899
0.882455
0.897525
0.907793
0.910779
0.904994
0.890516
0.86906
0.843513
0.817198
0.793335
0.774551
0.76247
0.757577
0.759242
0.765909
0.775441
0.785648
0.794711
0.801433
0.805188
0.80574
0.803112
0.797773
0.790979
0.784706
0.781041
0.78131
0.785668
0.79339
0.803518
0.815077
0.827054
0.838394
0.848131
0.855489
0.859939
0.86111
0.858985
0.854172
0.848023
0.842438
0.839501
0.84087
0.847189
0.857842
0.871179
0.885086
0.89745
0.906601
0.911467
0.911486
0.906682
0.897802
0.886122
0.873173
0.86026
0.848309
0.837908
0.829265
0.822304
0.816799
0.812744
0.810525
0.810716
0.813501
0.818298
0.823947
0.829063
0.832366
0.83282
0.829887
0.823754
0.81513
0.804909
0.793895
0.782783
0.772376
0.763709
0.758209
0.757493
0.762983
0.775228
0.793369
0.815086
0.837035
0.855704
0.868169
0.872665
0.868864
0.857706
0.841357
0.822726
0.80488
0.790466
0.781308
0.778379
0.781979
0.791819
0.806886
0.825368
0.84496
0.863383
0.878838
0.890219
0.897055
0.8993
0.897147
0.890932
0.881069
0.868146
0.853047
0.837063
0.82183
0.809234
0.800979
0.798233
0.801386
0.809987
0.822943
0.838822
0.856096
0.873116
0.888249
0.899961
0.90698
0.908567
0.904855
0.896578
0.88487
0.870727
0.854727
0.836964
0.817599
0.79733
0.777829
0.761283
0.749668
0.743968
0.744134
0.749661
0.760098
0.775079
0.793771
0.814379
0.83421
0.850303
0.860278
0.862926
0.858339
0.847828
0.833741
0.818998
0.806481
0.798457
0.796117
0.799539
0.807768
0.819197
0.831803
0.843463
0.852414
0.857651
0.859146
0.857739
0.85496
0.852498
0.851729
0.853146
0.85636
0.860386
0.864296
0.86754
0.870015
0.871784
0.872671
0.872302
0.870459
0.867388
0.863939
0.861277
0.860516
0.862169
0.865907
0.870583
0.874407
0.875494
0.872474
0.864819
0.852979
0.838394
0.823056
0.809036
0.798113
0.791474
0.789656
0.792411
0.798737
0.806902
0.814847
0.820624
0.82285
0.820858
0.814889
0.806091
0.796354
0.787889
0.782838
0.782716
0.788148
0.798691
0.812965
0.828937
0.844343
0.857103
0.865666
0.86908
0.867008
0.859652
0.847707
0.832366
0.815465
0.799422
0.786885
0.780014
0.779745
0.785626
0.795951
0.808352
0.820408
0.830099
0.836248
0.838755
0.838414
0.836587
0.834682
0.833717
0.83412
0.83576
0.838076
0.840211
0.841296
0.840665
0.838232
0.834747
0.831612
0.83041
0.832392
0.837914
0.846187
0.855431
0.863336
0.867712
0.866882
0.860091
0.847676
0.83116
0.813263
0.797606
0.787985
0.787111
0.795634
0.81166
0.831558
0.851257
0.867266
0.877073
0.87928
0.873658
0.861169
0.844341
0.827206
0.814123
0.807636
0.807223
0.810717
0.816108
0.822081
0.827861
0.832918
0.836983
0.840226
0.843298
0.847165
0.852783
0.860626
0.870348
0.880791
0.890258
0.896758
0.898424
0.893998
0.88321
0.866922
0.847068
0.826314
0.807546
0.793086
0.783828
0.778899
0.776098
0.77303
0.768356
0.762408
0.757052
0.755004
0.75873
0.769375
0.78613
0.806415
0.826783
0.843863
0.855244
0.859901
0.858267
0.851998
0.84347
0.835134
0.828995
0.826203
0.827023
0.830861
0.836573
0.842841
0.848581
0.853131
0.85625
0.857895
0.857939
0.856195
0.852687
0.847929
0.842905
0.838689
0.835906
0.834472
0.833989
0.834295
0.835633
0.838234
0.841731
0.844991
0.84674
0.846168
0.843347
0.838948
0.833934
0.829165
0.825289
0.822603
0.821011
0.820229
0.819922
0.819911
0.820207
0.820825
0.821688
0.822563
0.823077
0.82283
0.821778
0.820283
0.819163
0.819537
0.822603
0.829283
0.839934
0.854053
0.870171
0.885936
0.898493
0.905139
0.903798
0.893472
0.874544
0.849002
0.820331
0.792974
0.77135
0.758584
0.755689
0.761412
0.773014
0.78731
0.801359
0.812622
0.819238
0.820515
0.817403
0.812401
0.808529
0.808093
0.811779
0.818527
0.826288
0.833024
0.837393
0.839171
0.839236
0.839182
0.840833
0.84566
0.854314
0.866403
0.880501
0.894476
0.905992
0.913115
0.914679
0.910565
0.901643
0.889442
0.875784
0.862408
0.850809
0.841947
0.836099
0.83274
0.830745
0.828709
0.825629
0.821419
0.816797
0.812903
0.810624
0.810449
0.812459
0.816388
0.821565
0.826833
0.830885
0.832592
0.831567
0.828121
0.823062
0.817369
0.812028
0.808074
0.80659
0.808516
0.814364
0.823865
0.835944
0.848772
0.860187
0.86804
0.870423
0.866088
0.854742
0.837454
0.816726
0.796233
0.77999
0.770951
0.770087
0.776535
0.788547
0.8044
0.822591
0.841606
0.859897
0.876009
0.88878
0.897373
0.901285
0.900289
0.894551
0.884683
0.87164
0.856541
0.840415
0.824074
0.808126
0.793101
0.779657
0.768594
0.760641
0.75627
0.755587
0.75861
0.765424
0.776093
0.790346
0.807202
0.825059
0.842062
0.856617
0.867787
0.875556
0.88063
0.884044
0.886625
0.888709
0.890029
0.890079
0.88843
0.884819
0.879145
0.871407
0.861681
0.85017
0.837194
0.823445
0.809963
0.798101
0.789237
0.784293
0.783498
0.786565
0.792865
0.801702
0.812227
0.823179
0.832876
0.839526
0.84165
0.838622
0.830881
0.820055
0.808658
0.79949
0.794936
0.79633
0.803411
0.814481
0.826789
0.837441
0.844245
0.846422
0.844732
0.84109
0.837778
0.83659
0.838331
0.842652
0.848368
0.853997
0.858164
0.86002
0.859133
0.855305
0.848496
0.838908
0.827119
0.814288
0.80205
0.792232
0.786634
0.786707
0.793188
0.80582
0.823182
0.842828
0.861726
0.87688
0.885824
0.88693
0.879702
0.864952
0.844603
0.821394
0.798342
0.778381
0.764042
0.757175
0.758538
0.767458
0.781935
0.799158
0.816302
0.831062
0.841921
0.848281
0.850401
0.849359
0.846979
0.845461
0.846827
0.852431
0.862417
0.875703
0.890284
0.903606
0.912985
0.916129
0.911618
0.899194
0.879829
0.855676
0.829744
0.805257
0.784995
0.770489
0.761724
0.757418
0.755872
0.756053
0.758101
0.763008
0.77166
0.783964
0.798868
0.814815
0.830469
0.845047
0.858474
0.871074
0.883117
0.894032
0.902182
0.905166
0.900788
0.888265
0.868783
0.845539
0.822834
0.804475
0.792479
0.78677
0.785821
0.787537
0.789845
0.791248
0.791047
0.789517
0.787772
0.787447
0.79016
0.796906
0.807503
0.820736
0.834954
0.848886
0.861867
0.873571
0.883537
0.891017
0.895204
0.895574
0.892115
0.885327
0.876204
0.86601
0.856069
0.847408
0.840669
0.836052
0.83364
0.833577
0.835976
0.840842
0.847948
0.856806
0.866828
0.877254
0.887099
0.895179
0.900102
0.900549
0.895576
0.885003
0.869732
0.851696
0.833429
0.817123
0.804059
0.794177
0.786356
0.778883
0.770386
0.760371
0.749592
0.740063
0.734362
0.73453
0.740994
0.752397
0.766374
0.780642
0.793539
0.804196
0.812261
0.817674
0.820344
0.819808
0.815166
0.805598
0.791008
0.772836
0.754289
0.739668
0.732802
0.735524
0.747201
0.765619
0.788236
0.81298
0.838341
0.863084
0.885887
0.905327
0.920155
0.929654
0.933755
0.932929
0.927928
0.919618
0.908958
0.897157
0.885609
0.875792
0.868732
0.864632
0.862715
0.861433
0.858895
0.853421
0.844088
0.831275
0.816631
0.802789
0.792507
0.787775
0.789263
0.796118
0.806335
0.81766
0.828437
0.837822
0.845617
0.85192
0.857004
0.86105
0.863893
0.864974
0.863502
0.859097
0.852278
0.844612
0.838268
0.834978
0.83511
0.837614
0.840506
0.841799
0.840024
0.834429
0.824835
0.811427
0.794784
0.775965
0.756605
0.738959
0.725495
0.718423
0.719211
0.728083
0.744071
0.765382
0.790019
0.816276
0.842879
0.868633
0.892029
0.911085
0.923705
0.928301
0.924264
0.91214
0.893428
0.870258
0.845157
0.820955
0.80085
0.788242
0.786081
0.795911
0.81698
0.846002
0.877965
0.90752
0.930245
0.943413
0.946144
0.939187
0.924369
0.903968
0.880084
0.854269
0.827851
0.802281
0.779682
0.762674
0.753636
0.753767
0.762351
0.776958
0.794168
0.810571
0.823444
0.831413
0.834573
0.834485
0.833541
0.833984
0.836931
0.842277
0.849191
0.856704
0.863843
0.869697
0.873329
0.873955
0.871277
0.865846
0.859073
0.852594
0.847458
0.843663
0.840612
0.837853
0.835442
0.833529
0.832062
0.830726
0.829507
0.828592
0.827959
0.826921
0.824278
0.819016
0.810946
0.800964
0.790695
0.781995
0.776261
0.774085
0.775103
0.778276
0.78233
0.786089
0.788928
0.79112
0.793986
0.799522
0.80956
0.824664
0.843501
0.863153
0.880129
0.891606
0.896231
0.894393
0.887796
0.878659
0.868985
0.860213
0.853251
0.848647
0.846576
0.846785
0.84841
0.850261
0.851121
0.850183
0.847189
0.842334
0.836076
0.828759
0.820361
0.810554
0.798998
0.785999
0.773198
0.763725
0.761014
0.766822
0.779988
0.797074
0.814303
0.828937
0.839485
0.8455
0.847403
0.846264
0.84355
0.840654
0.838639
0.838282
0.840116
0.844606
0.852272
0.863412
0.877807
0.894257
0.910447
0.923303
0.92972
0.92744
0.91591
0.896624
0.872907
0.84904
0.828838
0.814527
0.806762
0.805165
0.808799
0.81625
0.825868
0.836159
0.84632
0.856381
0.866875
0.878165
0.889868
0.9007
0.908786
0.912244
0.909719
0.900583
0.88522
0.864989
0.841891
0.818254
0.796426
0.778384
0.765531
0.758612
0.757677
0.76198
0.769958
0.779322
0.787458
0.792245
0.792747
0.789612
0.784795
0.780869
0.779971
0.783032
0.790015
0.800301
0.813117
0.827594
0.842598
0.856738
0.8686
0.876988
0.881233
0.881414
0.878264
0.872974
0.866682
0.860139
0.853476
0.846232
0.837714
0.827619
0.816288
0.804739
0.794228
0.785753
0.779863
0.776846
0.77685
0.779724
0.784783
0.790886
0.796761
0.801452
0.80453
0.80621
0.807297
0.808904
0.812127
0.817685
0.825714
0.83574
0.846908
0.858344
0.86929
0.879082
0.887144
0.892974
0.896372
0.897667
0.897857
0.898028
0.898615
0.899019
0.897868
0.893809
0.885781
0.873065
0.855478
0.833911
0.810695
0.789133
0.772046
0.760459
0.753579
0.749881
0.748473
0.749608
0.754468
0.764296
0.779634
0.7998
0.823039
0.846958
0.869122
0.887563
0.900848
0.908186
0.909382
0.90482
0.895748
0.884283
0.873167
0.864883
0.860708
0.86025
0.861829
0.86346
0.863591
0.861399
0.856635
0.849417
0.839968
0.828566
0.815567
0.801588
0.787805
0.775961
0.768162
0.766304
0.771034
0.78087
0.792657
0.803347
0.81144
0.816902
0.820271
0.821993
0.822265
0.821253
0.819291
0.816919
0.814914
0.813969
0.814526
0.816499
0.819253
0.821766
0.823079
0.822645
0.820545
0.817519
0.814962
0.81481
0.819322
0.830288
0.848254
0.871952
0.898426
0.923661
0.943606
0.955172
0.956871
0.948871
0.932628
0.91054
0.885318
0.859415
0.834491
0.811384
0.790478
0.772063
0.756716
0.745506
0.739716
0.740329
0.747502
0.76041
0.777592
0.797458
0.818636
0.839978
0.8604
0.87873
0.8937
0.904347
0.910177
0.911348
0.908312
0.901634
0.891646
0.878635
0.863063
0.845653
0.827462
0.809855
0.794226
0.781637
0.772572
0.767017
0.764755
0.765638
0.769701
0.776923
0.786931
0.798962
0.81191
0.824616
0.836189
0.846248
0.854778
0.861858
0.867359
0.870817
0.871482
0.868642
0.861995
0.85185
0.839389
0.826489
0.815302
0.807588
0.804216
0.805015
0.808987
0.814811
0.82136
0.827936
0.834208
0.839906
0.844521
0.847106
0.846356
0.841028
0.83066
0.81649
0.801831
0.791227
0.787793
0.791161
0.798339
0.806205
0.812909
0.817912
0.821274
0.823171
0.823901
0.824263
0.825685
0.829849
0.837962
0.850207
0.865531
0.881851
0.896519
0.907081
0.911866
0.910443
0.9037
0.893557
0.882417
0.872553
0.865507
0.861635
0.86015
0.859585
0.858239
0.854858
0.848879
0.840686
0.831358
0.822258
0.814537
0.808648
0.804282
0.800479
0.79607
0.790131
0.782582
0.774376
0.76741
0.763752
0.764816
0.770938
0.781383
0.794934
0.810273
0.82603
0.840494
0.851571
0.857481
0.857487
0.852492
0.844731
0.836879
0.830959
0.82754
0.825994
0.825238
0.824529
0.824019
0.824466
0.826795
0.831591
0.838815
0.847716
0.857163
0.866009
0.873582
0.879776
0.88487
0.889163
0.892508
0.894021
0.892429
0.886502
0.875698
0.860495
0.842442
0.823836
0.806964
0.793302
0.782949
0.77474
0.767093
0.759026
0.750761
0.743505
0.738766
0.73782
0.741508
0.750284
0.764075
0.782049
0.802581
0.823605
0.843256
0.86037
0.87484
0.887165
0.89801
0.907609
0.915396
0.920286
0.921101
0.91729
0.909211
0.897862
0.884365
0.869543
0.853621
0.83629
0.817123
0.796226
0.775104
0.757088
0.746753
0.747962
0.761422
0.783893
0.81009
0.83533
0.856744
0.873128
0.883978
0.889157
0.88904
0.884487
0.876971
0.868325
0.860222
0.853649
0.848755
0.845049
0.841969
0.839258
0.83702
0.835478
0.834757
0.834636
0.834661
0.834286
0.833184
0.831767
0.831275
0.833154
0.837769
0.843777
0.848832
0.850949
0.849033
0.842739
0.83218
0.817858
0.800956
0.78344
0.767806
0.75658
0.751565
0.753354
0.761206
0.773277
0.787116
0.800375
0.811395
0.819493
0.824875
0.828264
0.83047
0.832096
0.833423
0.83424
0.833899
0.831829
0.828064
0.823657
0.820513
0.820838
0.826282
0.837288
0.852919
0.871286
0.890214
0.907618
0.921669
0.930784
0.933759
0.930068
0.919959
0.904665
0.886204
0.866922
0.849093
0.834417
0.823827
0.817477
0.814979
0.815532
0.818183
0.82194
0.825854
0.829111
0.83108
0.831248
0.829305
0.825299
0.819516
0.812784
0.806686
0.803673
0.806229
0.815304
0.829355
0.844892
0.858146
0.86618
0.867424
0.861633
0.849986
0.834793
0.818998
0.805322
0.795521
0.790127
0.788571
0.789825
0.792891
0.797015
0.80184
0.807259
0.813254
0.819761
0.826523
0.832939
0.838019
0.84054
0.839496
0.834669
0.827101
0.818949
0.812727
0.81049
0.813125
0.82024
0.830518
0.842146
0.853297
0.862499
0.868681
0.87121
0.869879
0.864957
0.857386
0.848943
0.842216
0.839715
0.842473
0.849169
0.856528
0.861067
0.860732
0.855527
0.846871
0.836416
0.825257
0.814231
0.804266
0.796396
0.791588
0.790497
0.793433
0.800293
0.810362
0.822213
0.833775
0.842786
0.847411
0.846772
0.841301
0.832682
0.823166
0.815023
0.810074
0.80987
0.815564
0.827652
0.845422
0.866852
0.888877
0.908165
0.921875
0.928181
0.926463
0.917457
0.902865
0.88492
0.865823
0.847439
0.83102
0.817159
0.805803
0.796414
0.788348
0.781199
0.775073
0.770551
0.768391
0.76903
0.77241
0.778
0.785163
0.793344
0.802195
0.811391
0.820321
0.828013
0.833305
0.835271
0.833513
0.828273
0.82044
0.811207
0.801616
0.792238
0.78334
0.775251
0.768841
0.765636
0.767376
0.775177
0.788951
0.807407
0.828757
0.85127
0.873547
0.894616
0.913774
0.930234
0.942737
0.949743
0.950302
0.944833
0.93503
0.922556
0.907924
0.890652
0.870573
0.848504
0.826068
0.805196
0.787461
0.77392
0.765241
0.761762
0.763686
0.77088
0.782871
0.798709
0.817288
0.837212
0.85692
0.874797
0.889247
0.898915
0.902852
0.900765
0.893028
0.880711
0.865335
0.848512
0.831747
0.816206
0.80274
0.791938
0.784225
0.77985
0.778972
0.781628
0.787605
0.796354
0.806773
0.817312
0.826104
0.831402
0.83213
0.82827
0.821067
0.812731
0.805743
0.802128
0.802872
0.80752
0.814449
0.821505
0.826583
0.828205
0.825836
0.819898
0.811696
0.803061
0.79594
0.791904
0.791984
0.796712
0.806121
0.819925
0.83758
0.85812
0.879933
0.900495
0.916575
0.925161
0.924406
0.914102
0.895649
0.871793
0.846131
0.822645
0.805269
0.797054
0.798935
0.809167
0.824076
0.839495
0.851868
0.858856
0.859521
0.854283
0.844676
0.832791
0.820805
0.81069
0.803841
0.800646
0.800535
0.802553
0.806025
0.810862
0.817333
0.825613
0.835572
0.846617
0.857648
0.867191
0.873567
0.875479
0.872401
0.864941
0.854781
0.844323
0.836056
0.831775
0.832169
0.836727
0.84416
0.852821
0.86091
0.866761
0.869328
0.86857
0.865639
0.862346
0.860347
0.860344
0.862029
0.864566
0.867213
0.869735
0.872263
0.874821
0.876724
0.876413
0.871791
0.861048
0.843733
0.821198
0.796217
0.772054
0.751326
0.735377
0.724579
0.718895
0.718149
0.721935
0.729352
0.739135
0.750095
0.76148
0.772971
0.784365
0.795423
0.805439
0.813451
0.818841
0.822038
0.824534
0.827863
0.832122
0.835914
0.837545
0.836216
0.832173
0.826406
0.820265
0.81503
0.811818
0.811609
0.815382
0.824206
0.839012
0.859968
0.88571
0.913195
0.938206
0.95656
0.965481
0.964404
0.954875
0.939657
0.921585
0.902876
0.884827
0.867963
0.852344
0.837929
0.824905
0.813623
0.804569
0.798422
0.795956
0.797971
0.804706
0.815416
0.8283
0.840892
0.850813
0.85635
0.856608
0.851461
0.841416
0.827553
0.811479
0.7951
0.780389
0.769287
0.763353
0.763454
0.769434
0.780192
0.793876
0.808387
0.821775
0.832341
0.838665
0.839667
0.834731
0.823854
0.807982
0.789095
0.770358
0.755708
0.749105
0.753197
0.768126
0.791277
0.81814
0.843863
0.864606
0.878109
0.883815
0.882671
0.876829
0.869246
0.863242
0.861694
0.866094
0.876032
0.889473
0.903418
0.914725
0.920797
0.919976
0.911759
0.896817
0.87693
0.854662
0.832786
0.813482
0.798052
0.787305
0.781846
0.782308
0.789005
0.801332
0.817693
0.835706
0.852893
0.867269
0.87773
0.884149
0.887146
0.887528
0.885852
0.882202
0.876316
0.867871
0.85675
0.843116
0.827307
0.809689
0.790689
0.771078
0.752196
0.736263
0.72604
0.723882
0.730601
0.744938
0.76407
0.784679
0.804129
0.820765
0.833756
0.842547
0.846574
0.845633
0.840457
0.833162
0.826687
0.823765
0.825676
0.831917
0.840597
0.849311
0.855854
0.858756
0.857443
0.852425
0.845068
0.837231
0.830703
0.826633
0.825164
0.825696
0.827371
0.829443
0.831279
0.832336
0.832217
0.83082
0.828789
0.827527
0.828806
0.833619
0.841171
0.848952
0.853982
0.854337
0.850199
0.844001
0.839606
0.840436
0.84734
0.85783
0.867822
0.87405
0.87539
0.872456
0.866763
0.859887
0.853143
0.847579
0.843933
0.842581
0.843413
0.845772
0.848566
0.85066
0.851278
0.850071
0.847036
0.842308
0.835979
0.828125
0.818921
0.808823
0.798583
0.789216
0.781846
0.777382
0.776244
0.778202
0.782576
0.788754
0.796509
0.805816
0.816563
0.828073
0.839156
0.848395
0.854685
0.857547
0.857157
0.853998
0.848667
0.841504
0.832652
0.822167
