1.21668
1.23539
1.25454
1.27225
1.28647
1.29626
1.30216
1.30588
1.30965
1.31528
1.32377
1.33501
1.34797
1.36117
1.37305
1.38198
1.38604
1.3831
1.37118
1.34902
1.31658
1.27567
1.22988
1.18416
1.14385
1.11365
1.09645
1.09253
1.09943
1.11289
1.12824
1.1414
1.14966
1.15192
1.14868
1.14195
1.13501
1.13151
1.13452
1.14551
1.16389
1.18745
1.21312
1.23775
1.25872
1.27438
1.28405
1.28778
1.28574
1.27809
1.26507
1.24743
1.22657
1.20457
1.18403
1.16755
1.15714
1.15375
1.1569
1.16464
1.17417
1.18278
1.1885
1.19044
1.18853
1.18302
1.17396
1.16148
1.14602
1.12897
1.11269
1.10007
1.09413
1.09728
1.11073
1.13427
1.16643
1.20478
1.24653
1.2888
1.32866
1.36325
1.38973
1.40561
1.40921
1.39975
1.37759
1.34429
1.30207
1.25379
1.20258
1.15186
1.10552
1.06811
1.04456
1.03929
1.05473
1.08987
1.13996
1.19746
1.25409
1.30238
1.33697
1.35511
1.35648
1.34286
1.31738
1.28377
1.24585
1.20686
1.16929
1.13475
1.10413
1.07831
1.05866
1.04733
1.04688
1.05928
1.08469
1.12069
1.16262
1.20484
1.24232
1.27182
1.29217
1.30383
1.30817
1.30659
1.30011
1.28943
1.27528
1.25917
1.24362
1.23178
1.22614
1.22694
1.23168
1.23591
1.23532
1.22721
1.21075
1.18671
1.15741
1.12697
1.10106
1.08556
1.0843
1.09744
1.12145
1.15092
1.18067
1.20695
1.22765
1.24211
1.25083
1.25501
1.2561
1.25566
1.25488
1.25444
1.25451
1.25494
1.25539
1.25545
1.25488
1.25343
1.2508
1.24652
1.24015
1.23176
1.22211
1.21278
1.20571
1.20259
1.20446
1.21115
1.22145
1.23354
1.24578
1.25714
1.26716
1.27554
1.2817
1.28464
1.28303
1.27562
1.2617
1.24158
1.21672
1.18948
1.16263
1.13877
1.11978
1.10683
1.10031
1.09976
1.1041
1.11183
1.1212
1.13084
1.14058
1.15235
1.16958
1.19418
1.22396
1.25373
1.27834
1.29473
1.30184
1.30024
1.29143
1.27737
1.26035
1.24259
1.22594
1.2115
1.19947
1.18912
1.17917
1.16838
1.15631
1.14378
1.13284
1.12599
1.12516
1.13079
1.14165
1.15545
1.16983
1.18314
1.19448
1.2037
1.21092
1.21617
1.21931
1.22062
1.22106
1.22199
1.2244
1.2282
1.2322
1.2346
1.23376
1.22869
1.21931
1.2063
1.19087
1.17466
1.15972
1.14843
1.14314
1.1454
1.15508
1.16986
1.18571
1.1982
1.20397
1.20204
1.19398
1.18274
1.17133
1.16187
1.156
1.15532
1.1611
1.17357
1.19155
1.21293
1.23504
1.25505
1.27025
1.27871
1.27951
1.27273
1.25914
1.24022
1.21873
1.19887
1.18545
1.182
1.18935
1.20579
1.22815
1.25294
1.27711
1.29814
1.31391
1.32266
1.32293
1.31381
1.29532
1.26907
1.23826
1.20708
1.17931
1.15749
1.14286
1.13621
1.1383
1.14957
1.16941
1.1958
1.22556
1.25496
1.28059
1.29964
1.31018
1.31123
1.30305
1.28733
1.26685
1.2444
1.22183
1.20003
1.18014
1.16461
1.15636
1.15674
1.1645
1.17667
1.19027
1.20314
1.21362
1.22026
1.22198
1.21835
1.21007
1.19875
1.18637
1.1746
1.16456
1.15686
1.15173
1.14922
1.14932
1.15201
1.15706
1.16372
1.17079
1.17706
1.18193
1.18592
1.19049
1.19722
1.2069
1.21906
1.23213
1.2442
1.25373
1.26
1.26321
1.26425
1.26444
1.26502
1.2666
1.26884
1.27039
1.26917
1.2635
1.25301
1.23889
1.22359
1.20979
1.19949
1.19336
1.19068
1.18975
1.18856
1.18526
1.17878
1.1692
1.15773
1.14674
1.13907
1.13733
1.14266
1.15427
1.16997
1.18723
1.20403
1.21907
1.23183
1.24211
1.24976
1.25448
1.25567
1.25269
1.24534
1.23412
1.22022
1.20501
1.18977
1.17555
1.16339
1.15408
1.14818
1.1457
1.14629
1.14957
1.15544
1.16371
1.17341
1.18248
1.18863
1.19095
1.19052
1.18992
1.19165
1.19669
1.20395
1.21062
1.21391
1.21242
1.20687
1.19972
1.19379
1.19079
1.19083
1.19262
1.19468
1.19599
1.19635
1.19627
1.19668
1.19866
1.20315
1.21096
1.22261
1.23807
1.25615
1.27472
1.29112
1.30289
1.30837
1.3069
1.29863
1.28391
1.26309
1.23676
1.20641
1.17508
1.14723
1.12768
1.12012
1.12564
1.14218
1.16555
1.19095
1.21455
1.23414
1.2489
1.2587
1.26332
1.26233
1.25563
1.24399
1.22935
1.21437
1.20158
1.19254
1.18764
1.18635
1.1877
1.19083
1.19491
1.19908
1.20207
1.20245
1.19902
1.19134
1.1801
1.16704
1.15454
1.14487
1.13946
1.13882
1.14279
1.15123
1.16434
1.18282
1.20731
1.23724
1.26968
1.29931
1.32015
1.32774
1.32096
1.30224
1.27669
1.24996
1.22627
1.20744
1.19358
1.18409
1.17834
1.17581
1.17592
1.17773
1.18044
1.18382
1.18855
1.19569
1.20576
1.21825
1.23182
1.24493
1.25632
1.26524
1.27127
1.27406
1.27327
1.26864
1.26018
1.24853
1.23505
1.22179
1.21073
1.20279
1.19727
1.19237
1.1863
1.17832
1.16895
1.15996
1.15368
1.15241
1.15761
1.16945
1.18638
1.20563
1.22363
1.23697
1.24325
1.24125
1.23117
1.21464
1.19451
1.17454
1.15877
1.15054
1.15149
1.16095
1.17633
1.19384
1.20963
1.22087
1.22636
1.22693
1.22498
1.22327
1.22395
1.22778
1.23426
1.24194
1.24899
1.25413
1.25701
1.25843
1.25928
1.25943
1.2577
1.25286
1.24467
1.23449
1.22489
1.21816
1.21505
1.21486
1.21651
1.21948
1.22338
1.22723
1.2293
1.22775
1.22159
1.21143
1.19955
1.18909
1.18324
1.18416
1.1923
1.20603
1.22187
1.23556
1.24388
1.2459
1.24286
1.23726
1.23158
1.22723
1.22444
1.22245
1.21977
1.21479
1.20607
1.19271
1.17487
1.15399
1.13281
1.11516
1.10498
1.10481
1.11478
1.1326
1.15446
1.17673
1.19713
1.21507
1.23076
1.24421
1.25465
1.26084
1.26192
1.25822
1.25164
1.24525
1.24278
1.24726
1.25938
1.27719
1.2966
1.31351
1.3253
1.33137
1.33257
1.33028
1.32544
1.31794
1.30695
1.2915
1.27099
1.24567
1.21686
1.18674
1.15779
1.13192
1.10993
1.09146
1.07557
1.06182
1.05113
1.04587
1.04895
1.06187
1.08352
1.11051
1.13842
1.16329
1.18243
1.19465
1.20027
1.20095
1.19945
1.19865
1.20049
1.20478
1.20924
1.21062
1.20635
1.19631
1.18331
1.17194
1.16656
1.16915
1.17908
1.1941
1.2115
1.22866
1.24333
1.25403
1.26045
1.26365
1.26527
1.26662
1.26862
1.27188
1.27668
1.28256
1.28841
1.29276
1.29448
1.29292
1.28766
1.278
1.26285
1.24138
1.21389
1.18259
1.1515
1.12544
1.10837
1.10201
1.1058
1.11796
1.13637
1.15926
1.185
1.21177
1.23774
1.26113
1.28011
1.29289
1.29809
1.29517
1.28476
1.26852
1.2488
1.22818
1.20884
1.1924
1.17943
1.16963
1.1621
1.15568
1.1493
1.14213
1.13374
1.12419
1.11375
1.10342
1.09548
1.09352
1.10135
1.12057
1.14892
1.18103
1.21095
1.23407
1.24811
1.25314
1.25106
1.24479
1.23767
1.23273
1.23208
1.23647
1.24522
1.25649
1.26806
1.27783
1.28416
1.28606
1.28305
1.27497
1.26208
1.24505
1.22502
1.20377
1.1836
1.16709
1.15647
1.15293
1.15625
1.1646
1.17516
1.18512
1.19263
1.19718
1.19939
1.20044
1.20122
1.2018
1.20139
1.19844
1.19147
1.17964
1.16345
1.1453
1.12913
1.11965
1.12078
1.13394
1.15744
1.18726
1.21845
1.24693
1.27013
1.28688
1.29697
1.30061
1.29847
1.29172
1.28183
1.27059
1.25942
1.24916
1.24014
1.23265
1.2272
1.22444
1.22445
1.22622
1.22737
1.22488
1.21606
1.19926
1.17449
1.1434
1.10933
1.07696
1.05181
1.03896
1.04166
1.06005
1.09101
1.12933
1.16953
1.20706
1.23882
1.26324
1.28013
1.29022
1.29504
1.29651
1.29651
1.2962
1.29598
1.29575
1.29532
1.29486
1.29483
1.29574
1.2976
1.29985
1.30118
1.29985
1.29434
1.28362
1.26743
1.24617
1.22073
1.19249
1.16323
1.13469
1.10853
1.08596
1.06763
1.05359
1.04344
1.03652
1.03224
1.03027
1.03074
1.03431
1.04213
1.0553
1.07447
1.0991
1.12722
1.15584
1.18176
1.2023
1.21592
1.22226
1.22223
1.21752
1.21006
1.20153
1.19317
1.18591
1.18059
1.17805
1.17901
1.18376
1.19213
1.20355
1.21748
1.23356
1.25139
1.27024
1.28871
1.30475
1.31625
1.32156
1.31984
1.31103
1.29554
1.27418
1.24844
1.22072
1.19416
1.17183
1.15571
1.14636
1.14345
1.14627
1.15403
1.16571
1.1801
1.19599
1.21231
1.22798
1.24167
1.25163
1.25608
1.25389
1.24551
1.23321
1.22045
1.21015
1.20372
1.20079
1.20014
1.20081
1.20263
1.20605
1.21178
1.22024
1.23105
1.2428
1.2535
1.26109
1.26412
1.26215
1.2556
1.24536
1.23226
1.21692
1.19999
1.18232
1.16502
1.14911
1.13508
1.12297
1.11251
1.10347
1.09602
1.09076
1.0886
1.0906
1.0975
1.10956
1.12663
1.14788
1.17177
1.19592
1.21765
1.23478
1.24624
1.25245
1.25479
1.25514
1.25523
1.25631
1.25893
1.2631
1.26832
1.2738
1.27859
1.28161
1.28183
1.27855
1.27155
1.26136
1.24919
1.2366
1.2251
1.21581
1.20896
1.2037
1.19848
1.19154
1.18174
1.16885
1.15353
1.13707
1.12093
1.10638
1.0944
1.08573
1.08117
1.08202
1.08984
1.10607
1.13142
1.16536
1.20603
1.25028
1.29402
1.33286
1.36261
1.38002
1.38316
1.37209
1.34913
1.31888
1.28743
1.2605
1.24141
1.2306
1.22602
1.22432
1.22185
1.21566
1.20434
1.18852
1.17043
1.15268
1.13685
1.12302
1.11075
1.10029
1.09317
1.09149
1.09653
1.10766
1.12239
1.13735
1.14935
1.15623
1.15735
1.15364
1.1473
1.14144
1.13897
1.14164
1.14962
1.1615
1.17507
1.18836
1.20036
1.21115
1.22152
1.23249
1.2445
1.25731
1.26991
1.28054
1.28735
1.28909
1.28578
1.27883
1.27073
1.26398
1.26035
1.26036
1.26337
1.2681
1.27289
1.27609
1.27638
1.27305
1.26619
1.25678
1.24635
1.23643
1.22788
1.22065
1.21416
1.20767
1.20048
1.19173
1.18021
1.16473
1.14524
1.12372
1.10426
1.0918
1.09059
1.10232
1.12549
1.15608
1.18892
1.21927
1.24362
1.2599
1.26743
1.26671
1.25898
1.24552
1.22702
1.2037
1.17633
1.14755
1.12233
1.10675
1.10519
1.11748
1.13916
1.16405
1.1873
1.2063
1.2202
1.22893
1.23274
1.23248
1.23019
1.22913
1.23281
1.24289
1.25789
1.27392
1.28677
1.29383
1.29412
1.28798
1.27655
1.26161
1.24532
1.23003
1.21771
1.20965
1.20624
1.20719
1.21181
1.21895
1.227
1.23399
1.23792
1.23748
1.23248
1.22416
1.21493
1.20763
1.20471
1.20737
1.2152
1.22628
1.23753
1.24549
1.24701
1.24009
1.2244
1.20161
1.17526
1.15014
1.13104
1.1211
1.12089
1.12807
1.13866
1.14852
1.1547
1.15589
1.15233
1.14522
1.13591
1.12565
1.11528
1.10547
1.09705
1.09112
1.08906
1.0921
1.10092
1.11535
1.13452
1.15731
1.18274
1.21006
1.23866
1.26756
1.29514
1.31902
1.33638
1.3447
1.34222
1.32868
1.30537
1.2749
1.24073
1.20645
1.17535
1.15016
1.13258
1.12288
1.11996
1.12174
1.12625
1.13256
1.14148
1.15549
1.17755
1.20923
1.249
1.29204
1.33188
1.36271
1.38059
1.38356
1.3716
1.34643
1.31119
1.27018
1.22856
1.19159
1.16403
1.14914
1.14769
1.15765
1.17482
1.19432
1.21211
1.22549
1.23265
1.23215
1.22271
1.20368
1.17615
1.1439
1.11291
1.08942
1.07719
1.07613
1.08325
1.09477
1.1077
1.12029
1.13188
1.14243
1.15203
1.16062
1.16821
1.17502
1.18165
1.18915
1.19879
1.21164
1.22812
1.2478
1.2695
1.29118
1.31007
1.32315
1.32781
1.32281
1.30872
1.28796
1.26412
1.24104
1.22178
1.20784
1.19909
1.19431
1.19197
1.19108
1.19139
1.19316
1.19652
1.20099
1.20538
1.20789
1.20667
1.20017
1.18754
1.16903
1.14636
1.12294
1.10337
1.0924
1.09362
1.10792
1.13343
1.16654
1.20341
1.24103
1.27736
1.31068
1.33895
1.35971
1.37044
1.36954
1.35703
1.33467
1.30596
1.27529
1.24709
1.22511
1.21189
1.20794
1.2114
1.21857
1.22538
1.2288
1.22712
1.21984
1.207
1.18875
1.16577
1.13995
1.11447
1.09345
1.08102
1.08003
1.09125
1.11314
1.14218
1.17403
1.20461
1.23107
1.25213
1.2676
1.27773
1.28246
1.28163
1.27538
1.26453
1.25061
1.23536
1.22014
1.20579
1.19295
1.18242
1.17528
1.17257
1.17503
1.18303
1.19624
1.21341
1.23206
1.24883
1.26022
1.2636
1.25827
1.24599
1.23077
1.21781
1.21173
1.21472
1.22566
1.2407
1.25467
1.26278
1.26184
1.25076
1.23019
1.20211
1.16964
1.13698
1.1091
1.09075
1.08508
1.09263
1.11147
1.13799
1.16779
1.1964
1.2197
1.23459
1.23931
1.23352
1.21841
1.19657
1.17169
1.14843
1.13174
1.12584
1.13286
1.15189
1.17903
1.20887
1.23614
1.25717
1.2707
1.27777
1.28053
1.2801
1.27536
1.26399
1.24455
1.21821
1.18905
1.16252
1.14333
1.1339
1.13438
1.14348
1.15938
1.18006
1.20329
1.22703
1.24955
1.26952
1.28593
1.29774
1.30384
1.30344
1.29656
1.28444
1.26952
1.25484
1.24311
1.23583
1.23273
1.23181
1.23056
1.227
1.22034
1.21108
1.20037
1.18933
1.17842
1.16769
1.15779
1.15051
1.14862
1.15457
1.1689
1.18945
1.21228
1.23352
1.25054
1.26218
1.26815
1.2685
1.26337
1.25298
1.23766
1.2182
1.19579
1.17232
1.15032
1.13234
1.12042
1.11535
1.11643
1.12186
1.12936
1.13695
1.14337
1.14818
1.15166
1.15496
1.15983
1.16803
1.18018
1.19485
1.20873
1.21809
1.22041
1.21529
1.20428
1.19035
1.17727
1.16901
1.16898
1.17944
1.20059
1.23049
1.2655
1.30111
1.33288
1.3573
1.37201
1.37595
1.3691
1.35198
1.32579
1.29247
1.25475
1.2161
1.17986
1.14845
1.12284
1.10292
1.08848
1.07987
1.07793
1.08349
1.09659
1.11615
1.14027
1.16638
1.19186
1.21451
1.2329
1.24642
1.25488
1.25848
1.25763
1.25327
1.24707
1.24145
1.23821
1.23723
1.23655
1.23433
1.23023
1.22572
1.22322
1.22467
1.2307
1.24025
1.25111
1.26062
1.26654
1.26759
1.26361
1.25543
1.24425
1.23122
1.21707
1.20195
1.18558
1.16773
1.14851
1.12837
1.1081
1.08876
1.07163
1.05815
1.04955
1.0466
1.0495
1.05816
1.07248
1.09238
1.11745
1.14653
1.17766
1.2081
1.23464
1.25432
1.26542
1.26828
1.26548
1.26092
1.2577
1.25677
1.25716
1.25718
1.25559
1.25185
1.24604
1.23848
1.22931
1.21835
1.20527
1.19028
1.17468
1.16094
1.15212
1.15081
1.15808
1.1731
1.1934
1.2157
1.23661
1.25315
1.26316
1.26621
1.26356
1.25768
1.25123
1.24622
1.24348
1.24319
1.24525
1.24927
1.25451
1.26012
1.26578
1.27246
1.282
1.29578
1.31288
1.32973
1.34168
1.34518
1.33871
1.32245
1.29764
1.26582
1.22862
1.18796
1.14624
1.10611
1.07028
1.04134
1.02165
1.01332
1.01775
1.03486
1.0627
1.09764
1.13521
1.17117
1.20208
1.22552
1.23997
1.24455
1.23902
1.22411
1.2015
1.17399
1.14523
1.11925
1.10004
1.09091
1.09378
1.10846
1.13241
1.16153
1.19119
1.217
1.23534
1.24388
1.24193
1.23077
1.21378
1.19585
1.18219
1.1769
1.18195
1.19709
1.22035
1.24879
1.27887
1.30645
1.32711
1.33705
1.33401
1.31769
1.28964
1.25291
1.21166
1.1707
1.13501
1.10864
1.09399
1.09131
1.09874
1.11339
1.13203
1.15177
1.17051
1.1871
1.20149
1.21456
1.22767
1.24169
1.2565
1.2706
1.28161
1.28718
1.28577
1.27707
1.26191
1.24208
1.21982
1.19731
1.17619
1.15746
1.142
1.1312
1.12697
1.13111
1.14427
1.16512
1.19039
1.21549
1.23592
1.24823
1.25104
1.24527
1.23375
1.22011
1.20749
1.19759
1.19045
1.18545
1.1821
1.18038
1.18057
1.18285
1.18699
1.19247
1.19869
1.20512
1.21128
1.2166
1.22037
1.22196
1.22109
1.21805
1.21371
1.2093
1.20614
1.20514
1.20681
1.21131
1.21833
1.22683
1.23496
1.24031
1.24087
1.23586
1.22624
1.21444
1.20376
1.19721
1.1965
1.20129
1.20937
1.21776
1.22408
1.22753
1.22849
1.22765
1.2254
1.22173
1.21637
1.20915
1.20015
1.19002
1.18016
1.17278
1.17045
1.17517
1.18728
1.20489
1.22436
1.24155
1.253
1.25681
1.25245
1.24037
1.22158
1.19768
1.17136
1.14621
1.1262
1.1146
1.1133
1.12244
1.14038
1.16395
1.18909
1.21186
1.22967
1.24206
1.25041
1.25675
1.26278
1.26916
1.2758
1.28243
1.28896
1.29533
1.30108
1.30535
1.30685
1.30441
1.29725
1.28529
1.26926
1.25038
1.23011
1.20977
1.19031
1.172
1.15463
1.13754
1.1201
1.10247
1.08638
1.07504
1.072
1.07932
1.09636
1.12037
1.148
1.17644
1.20393
1.22931
1.25127
1.26814
1.27813
1.27993
1.27306
1.25831
1.23753
1.21324
1.18825
1.16536
1.14705
1.13526
1.13095
1.13414
1.1439
1.15843
1.17559
1.19318
1.20925
1.22211
1.2305
1.23355
1.23076
1.2222
1.20884
1.19299
1.17832
1.16917
1.16883
1.17827
1.1956
1.21718
1.23893
1.25734
1.26993
1.27553
1.27436
1.26808
1.25956
1.25228
1.24961
1.25374
1.26504
1.28189
1.30122
1.31933
1.33267
1.33848
1.3349
1.32112
1.2975
1.26607
1.23079
1.19685
1.16885
1.14902
1.13729
1.13233
1.13257
1.13633
1.14195
1.14767
1.15185
1.15324
1.15149
1.14728
1.1422
1.1381
1.1366
1.13866
1.14455
1.15396
1.16621
1.18042
1.19589
1.21204
1.22851
1.24491
1.2607
1.27506
1.2867
1.29405
1.29589
1.29171
1.28203
1.26853
1.25377
1.24069
1.23156
1.22723
1.22673
1.22808
1.22913
1.22844
1.2256
1.22102
1.21556
1.21035
1.20633
1.20436
1.20485
1.20783
1.21295
1.21923
1.22527
1.22962
1.23094
1.22841
1.22192
1.21198
1.19965
1.1863
1.17332
1.16161
1.15156
1.14325
1.13675
1.13256
1.13161
1.13511
1.14406
1.15842
1.17678
1.1964
1.21402
1.2268
1.23328
1.23371
1.22983
1.22429
1.21984
1.21856
1.22123
1.22735
1.23502
1.24143
1.24397
1.24121
1.23362
1.22333
1.21322
1.20595
1.20318
1.20513
1.21079
1.2183
1.2259
1.23253
1.23858
1.24561
1.2552
1.2672
1.27877
1.28522
1.28214
1.26751
1.24247
1.21068
1.17696
1.14597
1.12148
1.1062
1.10187
1.10915
1.12767
1.1558
1.1907
1.22815
1.26323
1.29128
1.30873
1.31355
1.3053
1.28511
1.25543
1.2198
1.18281
1.14965
1.12551
1.11493
1.12074
1.14311
1.17886
1.22199
1.26496
1.30104
1.32574
1.33747
1.33699
1.32629
1.30728
1.2816
1.25097
1.218
1.18624
1.15949
1.14033
1.12972
1.12735
1.13206
1.1421
1.1552
1.16909
1.18207
1.1934
1.2031
1.21128
1.21781
1.22215
1.22359
1.22164
1.21638
1.20857
1.19975
1.1918
1.18637
1.1845
1.18614
1.19054
1.19665
1.20363
1.211
1.21869
1.22649
1.23382
1.23958
1.24227
1.2405
1.23343
1.22112
1.20449
1.18493
1.16406
1.14342
1.12438
1.1083
1.09644
1.09015
1.09096
1.10018
1.11835
1.14457
1.17631
1.20998
1.24202
1.26969
1.29169
1.30791
1.3192
1.32668
1.3311
1.33263
1.33066
1.32414
1.31191
1.29293
1.26694
1.23456
1.19759
1.15899
1.12275
1.09336
1.07497
1.07013
1.07881
1.09822
1.12375
1.15054
1.1747
1.19407
1.20799
1.21688
1.22165
1.2233
1.22261
1.22035
1.21748
1.21516
1.21451
1.21614
1.21963
1.22374
1.22696
1.22832
1.22783
1.22589
1.22289
1.21882
1.2135
1.20754
1.20325
1.20445
1.21428
1.23296
1.25819
1.28688
1.31623
1.34348
1.36541
1.3788
1.38088
1.36981
1.34513
1.30802
1.26153
1.21016
1.15931
1.11462
1.08103
1.06202
1.05892
1.07045
1.09273
1.1202
1.14701
1.16863
1.18249
1.18779
1.18495
1.17504
1.15964
1.14108
1.12237
1.10681
1.09723
1.09509
1.10029
1.11167
1.12768
1.14692
1.16854
1.19204
1.21688
1.24169
1.26418
1.28202
1.29406
1.30075
1.30328
1.30238
1.29774
1.2885
1.27409
1.25506
1.23302
1.21068
1.19142
1.1784
1.17351
1.17659
1.18542
1.19667
1.20714
1.21489
1.2195
1.22166
1.22238
1.2222
1.22113
1.21884
1.21511
1.21041
1.20624
1.20452
1.20705
1.21472
1.2269
1.2416
1.25591
1.26665
1.27106
1.26727
1.25506
1.23676
1.21735
1.20278
1.19677
1.19868
1.20476
1.21086
1.21418
1.21305
1.20657
1.19468
1.17859
1.16099
1.14563
1.1358
1.1333
1.13821
1.14968
1.16675
1.18813
1.21184
1.23494
1.25399
1.26599
1.26917
1.26358
1.25108
1.23487
1.21858
1.2052
1.19622
1.19173
1.1912
1.19395
1.19922
1.20611
1.21378
1.22171
1.22946
1.23651
1.24203
1.24522
1.24568
1.24344
1.23871
1.23162
1.22237
1.21159
1.20038
1.18995
1.18106
1.174
1.1688
1.16553
1.1642
1.16452
1.16617
1.169
1.173
1.17796
1.18329
1.18851
1.19388
1.20074
1.2109
1.22562
1.24477
1.26657
1.28831
1.3068
1.31902
1.32252
1.3157
1.29813
1.27076
1.23641
1.19948
1.1649
1.13677
1.11737
1.10711
1.10473
1.1078
1.11341
1.11892
1.12272
1.12524
1.12896
1.13753
1.15389
1.17846
1.20881
1.24085
1.27026
1.29361
1.30851
1.31365
1.3086
1.29397
1.27145
1.24363
1.21361
1.1845
1.15875
1.13813
1.12378
1.11627
1.11555
1.12128
1.13274
1.14886
1.168
1.18777
1.20539
1.21843
1.22551
1.22692
1.22437
1.22042
1.21764
1.2177
1.22109
1.22747
1.2362
1.24665
1.25807
1.26922
1.27852
1.28433
1.28543
1.28138
1.27258
1.26019
1.24583
1.23118
1.21745
1.20512
1.19387
1.18296
1.17189
1.16097
1.15136
1.1445
1.14167
1.14387
1.1517
1.16492
1.18234
1.20207
1.22205
1.24075
1.25763
1.27265
1.28578
1.29621
1.30237
1.30219
1.2939
1.27671
1.25101
1.21838
1.18138
1.14384
1.11065
1.08714
1.07734
1.0826
1.10139
1.13041
1.16572
1.20343
1.23995
1.27213
1.29754
1.31469
1.32283
1.32214
1.31359
1.29905
1.28096
1.26183
1.24371
1.22784
1.21475
1.20448
1.19682
1.19164
1.18879
1.18803
1.18884
1.19041
1.19179
1.19222
1.1914
1.18941
1.18624
1.18142
1.1739
1.16254
1.14708
1.12883
1.11038
1.09488
1.08485
1.08155
1.08474
1.09328
1.10585
1.12147
1.13955
1.15963
1.181
1.20262
1.22295
1.24046
1.25402
1.26311
1.26793
1.26921
1.2677
1.26397
1.25827
1.25065
1.24107
1.22983
1.21782
1.20651
1.1977
1.19273
1.19194
1.19419
1.19759
1.20041
1.20191
1.20253
1.20339
1.20565
1.20983
1.21574
1.22257
1.22901
1.23382
1.23593
1.23462
1.23008
1.2233
1.21623
1.21127
1.21033
1.21419
1.22189
1.23087
1.23778
1.23974
1.23542
1.22595
1.21463
1.20594
1.20375
1.20957
1.22171
1.23614
1.24809
1.25346
1.25008
1.23783
1.21845
1.19517
1.1721
1.15379
1.14415
1.14547
1.1577
1.1785
1.20426
1.2312
1.25579
1.27512
1.28691
1.28962
1.28266
1.2665
1.24268
1.21357
1.18212
1.15166
1.12593
1.10857
1.10236
1.10815
1.12435
1.14718
1.17194
1.19441
1.21167
1.22243
1.22663
1.22524
1.22006
1.21327
1.20719
1.20379
1.20459
1.21018
1.21986
1.23134
1.24129
1.24627
1.24377
1.23282
1.21458
1.1925
1.17163
1.15718
1.15236
1.15697
1.16809
1.18174
1.19463
1.2052
1.21345
1.22052
1.22744
1.23476
1.24256
1.25078
1.25933
1.26776
1.27477
1.27827
1.27606
1.2667
1.25
1.2272
1.20083
1.17408
1.1501
1.13157
1.12012
1.11648
1.12076
1.13265
1.15135
1.17514
1.20132
1.22653
1.24744
1.26117
1.26561
1.25956
1.24299
1.21749
1.18645
1.15502
1.12918
1.11424
1.11333
1.12644
1.15058
1.18118
1.21357
1.24417
1.27081
1.2923
1.30787
1.31688
1.3193
1.31589
1.30836
1.29882
1.28922
1.28083
1.2743
1.2697
1.26657
1.26401
1.26081
1.25572
1.2479
1.23732
1.22459
1.21075
1.19689
1.18369
1.1712
1.15904
1.14682
1.13433
1.12186
1.11018
1.10056
1.09424
1.09214
1.09454
1.10104
1.11077
1.12279
1.13611
1.1498
1.16315
1.17577
1.18748
1.1982
1.20782
1.21628
1.22357
1.22976
1.23464
1.23786
1.23887
1.23716
1.2327
1.226
1.21796
1.20984
1.20299
1.19848
1.19682
1.19764
1.1998
1.20175
1.20191
1.19904
1.19283
1.18411
1.17492
1.16786
1.16502
1.16728
1.17404
1.184
1.19596
1.20924
1.2238
1.23983
1.25707
1.27464
1.29117
1.30511
1.31514
1.32029
1.32011
1.31459
1.30398
1.28894
1.27059
1.25052
1.23044
1.21164
1.1945
1.17873
1.16416
1.15138
1.14121
1.13375
1.12846
1.12535
1.1258
1.13177
1.14451
1.16343
1.18614
1.20923
1.22916
1.24286
1.24826
1.24453
1.23228
1.21355
1.19167
1.17048
1.15327
1.14195
1.13716
1.13866
1.14546
1.15563
1.16659
1.17616
1.18348
1.18926
1.19508
1.20254
1.21267
1.22563
1.24102
1.25783
1.27438
1.28852
1.29812
1.30151
1.2982
1.28912
1.27652
1.26309
1.25082
1.24031
1.23104
1.22227
1.21383
1.20654
1.202
1.20196
1.20745
1.21787
1.23069
1.24205
1.24792
1.24529
1.23315
1.21294
1.18851
1.16543
1.14885
1.14145
1.1425
1.14917
1.15825
1.1675
1.17577
1.18277
1.18894
1.19518
1.20265
1.21224
1.2241
1.23742
1.25065
1.26168
1.26851
1.26974
1.26524
1.25616
1.24478
1.23378
1.22567
1.22223
1.22408
1.23073
1.24066
1.25174
1.26153
1.26795
1.26973
1.26665
1.25948
1.24927
1.23674
1.22209
1.20521
1.18624
1.16605
1.14627
1.12875
1.11521
1.10668
1.1035
1.10555
1.11245
1.12358
1.13785
1.15372
1.16914
1.182
1.19057
1.19376
1.19129
1.18427
1.17507
1.16671
1.16198
1.16277
1.16984
1.18283
1.20037
1.22023
1.23975
1.25651
1.26902
1.27698
1.28105
1.28249
1.28259
1.28214
1.28131
1.27976
1.27683
1.2715
1.26259
1.24916
1.23126
1.21007
1.18779
1.16717
1.15073
1.14042
1.13724
1.14136
1.15213
1.1683
1.18812
1.20942
1.23005
1.24782
1.26047
1.26592
1.26282
1.25103
1.23228
1.21011
1.18905
1.17332
1.16556
1.16636
1.17444
1.18678
1.19901
1.20643
1.20521
1.19361
1.17264
1.14588
1.11876
1.09704
1.08517
1.08513
1.09674
1.11829
1.14699
1.17913
1.21067
1.23813
1.25946
1.27426
1.28349
1.28872
1.2917
1.29375
1.2953
1.29589
1.29447
1.28994
1.28141
1.26852
1.25171
1.2324
1.21283
1.19598
1.18511
1.18293
1.1903
1.20579
1.22592
1.24667
1.26484
1.27844
1.2862
1.28686
1.27918
1.26253
1.23762
1.20669
1.17316
1.14123
1.11515
1.09829
1.09203
1.09525
1.10474
1.11681
1.12875
1.13967
1.1503
1.16212
1.17626
1.19269
1.21026
1.22711
1.24117
1.25098
1.25587
1.25615
1.25278
1.24691
1.23975
1.23254
1.22648
1.22244
1.22059
1.22054
1.2218
1.22414
1.22776
1.23277
1.23858
1.24377
1.24664
1.24561
1.23979
1.229
1.2139
1.196
1.17752
1.16102
1.14889
1.14244
1.14153
1.14443
1.14862
1.15207
1.15438
1.15697
1.16192
1.17044
1.18232
1.19637
1.21117
1.22521
1.23666
1.24362
1.24456
1.2388
1.22694
1.21117
1.19544
1.18448
1.18216
1.19017
1.20744
1.23061
1.25501
1.27579
1.28929
1.29396
1.29051
1.28122
1.26939
1.25848
1.25129
1.24903
1.2513
1.2563
1.26167
1.26522
1.26573
1.26285
1.25685
1.24815
1.2368
1.22249
1.20494
1.18474
1.164
1.14657
1.13689
1.1378
1.14799
1.16248
1.17548
1.18303
1.18364
1.17766
1.1666
1.15239
1.13722
1.12334
1.11258
1.1062
1.10487
1.10897
1.11869
1.13406
1.15443
1.17831
1.20342
1.22716
1.24722
1.26206
1.27084
1.27332
1.26956
1.25999
1.24537
1.22709
1.20706
1.18772
1.17168
1.16114
1.15708
1.15878
1.16408
1.17001
1.17399
1.17491
1.17366
1.17272
1.17491
1.18193
1.19324
1.20654
1.219
1.22875
1.23519
1.23865
1.23955
1.23813
1.23426
1.22775
1.21847
1.20656
1.19246
1.17716
1.16208
1.1487
1.13816
1.13132
1.12924
1.13324
1.14459
1.16343
1.18806
1.21515
1.24096
1.26254
1.27836
1.28836
1.29339
1.29477
1.29375
1.29152
1.28917
1.28738
1.28571
1.28221
1.27407
1.2589
1.23568
1.20521
1.17002
1.13421
1.1035
1.08432
1.08078
1.09243
1.11519
1.14438
1.17649
1.20916
1.2404
1.26841
1.2914
1.30778
1.3164
1.31678
1.30896
1.29338
1.27095
1.24335
1.21325
1.18465
1.16215
1.14933
1.14732
1.15452
1.16777
1.18392
1.20054
1.21582
1.22808
1.23553
1.2365
1.22992
1.21596
1.19626
1.17387
1.15248
1.13585
1.12723
1.12884
1.14151
1.16455
1.1958
1.23197
1.26926
1.30379
1.33187
1.35019
1.35608
1.34815
1.32678
1.29458
1.25595
1.21601
1.17901
1.14732
1.12179
1.10288
1.09166
1.08991
1.09914
1.11966
1.15003
1.18695
1.22582
1.26156
1.28931
1.30542
1.30792
1.2967
1.27351
1.24169
1.20612
1.17268
1.14712
1.13373
1.13407
1.14698
1.16907
1.19558
1.22146
1.24224
1.25472
1.25757
1.25159
1.23948
1.22506
1.21246
1.20488
1.20374
1.20841
1.21675
1.2261
1.23408
1.23889
1.23891
1.23275
1.21943
1.19894
1.17287
1.14444
1.11784
1.09718
1.08532
1.08335
1.09073
1.10576
1.12617
1.14977
1.17502
1.20121
1.22795
1.25438
1.2784
1.29689
1.30674
1.30612
1.29538
1.27715
1.25567
1.23592
1.22262
1.21893
1.22517
1.23874
1.25528
1.27064
1.28226
1.28922
1.29138
1.28884
1.28146
1.26902
1.25169
1.23042
1.20709
1.18449
1.16563
1.15278
1.14635
1.14464
1.14484
1.14436
1.1419
1.13779
1.1337
1.13175
1.13364
1.13996
1.15038
1.1639
1.17939
1.19592
1.21257
1.22816
1.24138
1.25087
1.25563
1.25507
1.24925
1.23866
1.2245
1.20886
1.19451
1.18404
1.1788
1.17817
1.18029
1.18332
1.18697
1.19308
1.20448
1.22281
1.24699
1.27311
1.29602
1.31126
1.31594
1.3091
1.29152
1.26566
1.23533
1.20544
1.18085
1.16496
1.15855
1.15993
1.16619
1.17442
1.18227
1.18805
1.19049
1.18887
1.18289
1.17277
1.1595
1.14502
1.13195
1.12308
1.12033
1.12429
1.13438
1.14926
1.16689
1.18446
1.19891
1.20743
1.20855
1.20275
1.19257
1.18198
1.17501
1.17415
1.17993
1.19132
1.20644
1.22317
1.23934
1.2533
1.26427
1.27253
1.27902
1.28455
1.28881
1.29042
1.28768
1.27904
1.26378
1.24214
1.21539
1.18599
1.15759
1.13446
1.12025
1.11696
1.12426
1.13998
1.16103
1.18446
1.2077
1.22815
1.24332
1.25174
1.25369
1.25109
1.24664
1.24295
1.24163
1.24307
1.24643
1.25015
1.25238
1.25154
1.24662
1.23748
1.22458
1.20904
1.19242
1.17642
1.16293
1.15367
1.15016
1.15375
1.1652
1.18422
1.20903
1.2363
1.26193
1.28205
1.29389
1.29615
1.28898
1.27376
1.25273
1.22871
1.20494
1.18505
1.17257
1.16991
1.17737
1.19277
1.21238
1.23238
1.25014
1.26459
1.27583
1.28445
1.29081
1.2949
1.29612
1.29347
1.28572
1.27182
1.25144
1.22508
1.19409
1.16063
1.12746
1.09784
1.07507
1.06204
1.0607
1.07154
1.09299
1.12131
1.15129
1.17767
1.19654
1.20615
1.20711
1.20194
1.19459
1.18942
1.18996
1.19767
1.21159
1.22934
1.24809
1.26513
1.2781
1.2853
1.28619
1.28197
1.27552
1.27036
1.26911
1.27199
1.27641
1.27789
1.27194
1.25557
1.22839
1.19284
1.15381
1.11741
1.08911
1.07232
1.06795
1.07475
1.09002
1.11051
1.13313
1.1557
1.17722
1.19786
1.21842
1.23966
1.26177
1.28403
1.30476
1.32177
1.33291
1.33669
1.33265
1.32137
1.30415
1.28282
1.25927
1.23542
1.21331
1.19483
1.18155
1.17445
1.17359
1.17789
1.18524
1.19299
1.19883
1.20099
1.19877
1.19259
1.18362
1.17355
1.16402
1.15614
1.15024
1.14593
1.1428
1.14077
1.1403
1.14187
1.14561
1.15118
1.1581
1.16619
1.17567
1.18703
1.20057
1.21587
1.23139
1.24481
1.25394
1.25735
1.2548
1.24729
1.23699
1.22683
1.2196
1.21688
1.21851
1.22272
1.22705
1.22942
1.22904
1.22672
1.22428
1.22352
1.2253
1.22911
1.23369
1.23755
1.23946
1.23867
1.23508
1.22937
1.22299
1.218
1.21654
1.22043
1.23015
1.24444
1.26063
1.27542
1.28598
1.29067
1.28906
1.28188
1.2704
1.25606
1.24028
1.22439
1.20986
1.19811
1.1902
1.18655
1.1868
1.1899
1.19444
1.19887
1.20162
1.20111
1.19598
1.18558
1.17052
1.15293
1.13642
1.12509
1.12174
1.12678
1.13845
1.15406
1.17103
1.18742
1.20158
1.21212
1.21804
1.21872
1.21426
1.20581
1.19592
1.18835
1.18671
1.19283
1.20558
1.22141
1.23578
1.24494
1.24701
1.24224
1.23272
1.22155
1.21189
1.20593
1.20434
1.20652
1.21132
1.21767
1.22476
1.23193
1.23823
1.24235
1.24286
1.23863
1.22932
1.21568
1.19951
1.18338
1.17016
1.16251
1.16232
1.1702
1.18516
1.20472
1.22566
1.24511
1.26111
1.27252
1.27873
1.2794
1.27473
1.2657
1.25394
1.24127
1.22855
1.21529
1.20006
1.18163
1.16038
1.13869
1.12015
1.10826
1.105
1.11028
1.12217
1.13745
1.15295
1.1665
1.17773
1.18763
1.1978
1.20947
1.2228
1.23686
1.25005
1.26081
1.26801
1.27092
1.26919
1.26279
1.2519
1.23688
1.21878
1.19958
1.18216
1.16976
1.16497
1.16873
1.18003
1.19614
1.21373
1.23
1.24305
1.252
1.25674
1.25755
1.25489
1.24915
1.24067
1.22966
1.21629
1.20093
1.18434
1.16767
1.1524
1.13998
1.13142
1.127
1.1263
1.12878
1.13415
1.14242
1.15359
1.16765
1.18462
1.20442
1.22607
1.24722
1.26466
1.27572
1.27924
1.27544
1.26571
1.25209
1.23697
1.22303
1.21258
1.20712
1.2068
1.21046
1.21622
1.2219
1.22558
1.22584
1.22185
1.21343
1.20101
1.18569
1.16934
1.1544
1.14327
1.13734
1.13632
1.1384
1.14137
1.14373
1.14513
1.14622
1.14808
1.15174
1.15794
1.16685
1.17801
1.19051
1.20325
1.21557
1.22739
1.23917
1.25131
1.26364
1.27527
1.28491
1.29112
1.29265
1.28854
1.27835
1.26231
1.24143
1.2177
1.19407
1.17417
1.16131
1.15716
1.16088
1.16939
1.17873
1.18555
1.18803
1.18634
1.18277
1.1808
1.18378
1.19335
1.20875
1.22728
1.24579
1.26176
1.27382
1.28163
1.28502
1.28353
1.27626
1.26249
1.24297
1.22074
1.20084
1.1881
1.184
1.18554
1.18737
1.18507
1.17669
1.16274
1.14523
1.12658
1.10928
1.09588
1.08913
1.09169
1.10536
1.13028
1.16466
1.20541
1.24864
1.29007
1.32557
1.35151
1.36553
1.3669
1.35657
1.3369
1.311
1.28205
1.25301
1.22596
1.20183
1.18052
1.16143
1.14425
1.12917
1.11698
1.10902
1.10701
1.11253
1.12634
1.14758
1.17389
1.202
1.22855
1.25066
1.26617
1.2738
1.27341
1.26574
1.25239
1.23544
1.21726
1.20028
1.1866
1.1778
1.17472
1.1774
1.1852
1.19721
1.21237
1.22918
1.24555
1.25897
1.26683
1.26707
1.25852
1.241
1.21516
1.18282
1.14708
1.11247
1.08435
1.06778
1.06575
1.07815
1.10176
1.13147
1.162
1.18899
1.20962
1.22293
1.22996
1.23367
1.23807
1.24668
1.26116
1.28068
1.30249
1.32295
1.33826
1.34474
1.3393
1.32037
1.28861
1.2476
1.20359
1.16394
1.135
1.12034
1.1202
1.13208
1.15191
1.17539
1.19887
1.21958
1.23589
1.24696
1.25235
1.25193
1.24584
1.23474
1.22003
1.20381
1.18861
1.17708
1.17147
1.17298
1.18084
1.19213
1.20306
1.21048
1.21283
1.21019
1.2036
1.19437
1.18378
1.17319
1.16441
1.15966
1.16078
1.16838
1.18136
1.19716
1.21269
1.22517
1.23281
1.23502
1.2324
1.22631
1.21838
1.21001
1.20193
1.1941
1.18601
1.17719
1.1674
1.15706
1.14682
1.13707
1.12751
1.11751
1.10682
1.09597
1.08631
1.07951
1.07722
1.08066
1.09071
1.10782
1.13183
1.16168
1.19516
1.22936
1.26143
1.28929
1.3117
1.3281
1.33797
1.34073
1.3359
1.32369
1.30553
1.28408
1.26241
1.24322
1.22812
1.21741
1.21039
1.20614
1.20414
1.2044
1.20721
1.21288
1.22154
1.23276
1.2455
1.25808
1.26827
1.27375
1.27243
1.26338
1.2472
1.22635
1.20467
1.18631
1.17448
1.17051
1.17368
1.18142
1.19019
1.19652
1.19798
1.19353
1.18382
1.17063
1.15659
1.14431
1.1358
1.13186
1.13213
1.13541
1.14031
1.14561
1.15047
1.15448
1.15736
1.15928
1.16096
1.16344
1.16781
1.17486
1.18481
1.19745
1.21249
1.22955
1.24801
1.26691
1.28491
1.30019
1.3106
1.31408
1.30889
1.2943
1.27114
1.24197
1.21085
1.18255
1.16136
1.14953
1.14661
1.14987
1.15541
1.15981
1.16138
1.16066
1.15998
1.16248
1.1707
1.1853
1.20452
1.22495
1.24284
1.25555
1.26228
1.26417
1.26343
1.2627
1.26419
1.26907
1.27725
1.28748
1.29757
1.30499
1.30721
1.30254
1.29084
1.2737
1.25391
1.23455
1.21776
1.20402
1.19232
1.18092
1.16795
1.1522
1.13347
1.11264
1.0919
1.07422
1.06277
1.06017
1.06771
1.08505
1.11029
1.14059
1.17252
1.20265
1.2279
1.24584
1.25498
1.25509
1.24728
1.23377
1.21749
1.20144
1.18824
1.17959
1.17612
1.1777
1.18382
1.19409
1.20836
1.22631
1.24688
1.26783
1.28621
1.29917
1.30489
1.30272
1.29305
1.2768
1.25525
1.22991
1.2024
1.17467
1.14931
1.12961
1.11932
1.12162
1.13723
1.16319
1.19367
1.22201
1.24272
1.2527
1.25122
1.23934
1.21932
1.194
1.16644
1.13987
1.11723
1.10087
1.09227
1.09212
1.10042
1.11653
1.13925
1.1669
1.19757
1.22926
1.26014
1.28851
1.31301
1.3327
1.34702
1.35566
1.35815
1.35372
1.34153
1.32124
1.29353
1.26042
1.22522
1.19208
1.16494
1.14658
1.13791
1.13812
1.14533
1.15716
1.17087
1.18356
1.19257
1.19577
1.19201
1.18168
1.16677
1.15063
1.1371
1.12952
1.12977
1.13821
1.15371
1.17377
1.19528
1.2149
1.23008
1.23961
1.24368
1.24352
1.24064
1.23617
1.23063
1.22393
1.21587
1.20654
1.19661
1.18719
1.17936
1.17365
1.16998
1.16761
1.16567
1.16339
1.1604
1.15684
1.15333
1.15086
1.15074
1.15404
1.16104
1.17118
1.18308
1.19519
1.20613
1.215
1.22142
1.22555
1.22817
1.23075
1.23482
1.24172
1.25187
1.2646
1.27802
1.28963
1.29684
1.29782
1.29217
1.28094
1.26645
1.2514
1.23819
1.22823
1.22162
1.21788
1.21664
1.21773
1.2209
1.22574
1.23154
1.23775
1.24388
1.24928
1.25282
1.25316
1.24939
1.2413
1.22939
1.21459
1.19787
1.17995
1.16139
1.14264
1.12422
1.10679
1.09103
1.07781
1.06812
1.0628
1.06245
1.06723
1.07685
1.09048
1.10709
1.12556
1.14491
1.16394
1.18141
1.19613
1.20696
1.21318
1.21469
1.21211
1.2067
1.20028
1.19494
1.19266
1.19486
1.20216
1.21442
1.23101
1.25124
1.27454
1.30035
1.32768
1.35444
1.37758
1.39374
1.40013
1.39511
1.37859
1.35173
1.31667
1.27626
1.23382
1.19298
1.15752
1.13079
1.11482
1.10956
1.11322
1.12315
1.13691
1.15253
1.16873
1.18444
1.19856
1.20988
1.21728
1.21988
1.21736
1.21012
1.19957
1.18813
1.17852
1.17204
1.16767
1.16315
1.15725
1.15114
1.14794
1.15136
1.16395
1.1857
1.21387
1.24373
1.27009
1.28874
1.29743
1.2958
1.28525
1.26825
1.24815
1.22897
1.21453
1.20674
1.20441
1.20416
1.20254
1.19795
1.19054
1.18128
1.17111
1.16046
1.1497
1.13964
1.13213
1.13
1.13611
1.15217
1.1777
1.21024
1.24628
1.28239
1.31561
1.34353
1.36417
1.37591
1.37782
1.36981
1.35266
1.32818
1.29881
1.26767
1.23843
1.21474
1.19888
1.1904
1.18628
1.18273
1.17719
1.16882
1.15797
1.14551
1.13233
1.11908
1.10629
1.09486
1.08598
1.08131
1.08253
1.09087
1.10638
1.12766
1.15225
1.17756
1.20132
1.22174
1.23734
1.2469
1.25006
1.24744
1.2409
1.23285
1.22527
1.21926
1.21466
1.21042
1.20548
1.19939
1.19255
1.18614
1.18185
1.18117
1.1848
1.19238
1.20248
1.21339
1.2237
1.23297
1.24153
1.25026
1.2599
1.27064
1.282
1.29289
1.30203
1.30842
1.31123
1.30971
1.30315
1.29119
1.27392
1.25207
1.22689
1.19986
1.17242
1.14607
1.12252
1.10372
1.09134
1.08627
1.08828
1.09616
1.10836
1.12365
1.14127
1.1609
1.18212
1.20395
1.2247
1.2423
1.25484
1.26101
1.26044
1.2537
1.24216
1.22772
1.21246
1.19791
1.1847
1.17273
1.16181
1.15222
1.14474
1.14043
1.14025
1.14459
1.15342
1.16621
1.18194
1.19862
1.21358
1.22414
1.22863
1.22719
1.2217
1.21502
1.20995
1.20819
1.21025
1.21579
1.22416
1.23465
1.24624
1.25745
1.26683
1.27355
1.27785
1.28065
1.28282
1.28451
1.28531
1.28441
1.28107
1.27462
1.26475
1.25162
1.23564
1.21754
1.19813
1.17819
1.15875
1.14114
1.12686
1.11715
1.1128
1.11424
1.1215
1.13406
1.15074
1.16982
1.1894
1.20801
1.22496
1.24032
1.25436
1.26672
1.27634
1.28189
1.28233
1.27755
1.26835
1.25618
1.24272
1.22919
1.21584
1.20183
1.18566
1.16644
1.14469
1.1223
1.10181
1.08585
1.07657
1.07537
1.08266
1.09789
1.11964
1.1455
1.17253
1.19785
1.21909
1.23468
1.24405
1.24739
1.24543
1.23928
1.23039
1.22022
1.21017
1.2018
1.19645
1.19496
1.19746
1.20336
1.21141
1.22019
1.22849
1.23582
1.24248
1.24912
1.2565
1.26471
1.27316
1.28074
1.28624
1.28885
1.28829
1.28478
1.27869
1.27042
1.26004
1.24756
1.23287
1.21584
1.19631
1.17432
1.15062
1.12728
1.10741
1.09381
1.0876
1.08768
1.09212
1.09954
1.10961
1.12234
1.13718
1.1531
1.16924
1.18528
1.20136
1.21751
1.23335
1.24812
1.26111
1.27193
1.28056
1.28701
1.29081
1.29075
1.28542
1.27416
1.25773
1.23845
1.2194
1.20308
1.19062
1.1819
1.17632
1.17341
1.17317
1.17591
1.18174
1.18998
1.19937
1.20876
1.21763
1.22609
1.23426
1.24171
1.24736
1.24997
1.24894
1.24443
1.23725
1.22848
1.21918
1.21029
1.20245
1.19612
1.19164
1.18937
1.18986
1.19347
1.19996
1.20818
1.21617
1.22194
1.22429
1.2233
1.2206
1.21857
1.21921
1.22327
1.22988
1.23696
1.24189
1.24236
1.23733
1.22714
1.21359
1.19923
1.18652
1.17714
1.17172
1.17003
1.17122
1.1741
1.17695
1.17759
1.17414
1.16595
1.15414
1.1413
1.1306
1.12515
1.12763
1.13999
1.1627
1.19399
1.22988
1.26518
1.29497
1.31569
1.3257
1.32517
1.31562
1.29966
1.28037
1.26086
1.24415
1.23276
1.22795
1.229
1.23341
1.23782
1.23917
1.23563
1.22669
1.21315
1.19688
1.18023
1.16547
1.15445
1.14843
1.14791
1.15258
1.16141
1.17287
1.1853
1.1972
1.20722
1.2141
1.21643
1.21298
1.20305
1.18755
1.16945
1.15326
1.14297
1.14024
1.14433
1.15329
1.16501
1.17776
1.19018
1.20106
1.20939
1.21443
1.21593
1.21403
1.20926
1.20222
1.19346
1.18335
1.17243
1.16181
1.15328
1.14916
1.15139
1.16064
1.17566
1.19383
1.21189
1.22702
1.23727
1.24209
1.24207
1.23877
1.2341
1.23002
1.2281
1.22913
1.23314
1.23939
1.24666
1.25338
1.25793
1.25896
1.25556
1.24777
1.23671
1.22448
1.21343
1.20527
1.20084
1.20053
1.20521
1.21619
1.23385
1.25637
1.2801
1.30141
1.31774
1.32757
1.33009
1.32518
1.31348
1.29632
1.27542
1.2525
1.22874
1.2049
1.18187
1.1613
1.14558
1.13651
1.13383
1.13498
1.13645
1.13548
1.131
1.12382
1.11635
1.11178
1.1132
1.12258
1.1402
1.16445
1.1921
1.21925
1.24234
1.25908
1.26869
1.27183
1.27013
1.26592
1.26156
1.25871
1.25753
1.25659
1.2537
1.24666
1.23427
1.21677
1.19566
1.1734
1.15269
1.13586
1.12442
1.11902
1.11971
1.12629
1.13867
1.15698
1.18109
1.20962
1.23943
1.26628
1.28614
1.29635
1.29603
1.28575
1.26703
1.24202
1.21315
1.18349
1.15656
1.13553
1.12239
1.1173
1.11901
1.12593
1.13712
1.15232
1.17163
1.19483
1.22083
1.24767
1.27285
1.29378
1.30832
1.31519
1.3142
1.30644
1.29406
1.27971
1.26582
1.25403
1.24498
1.23842
1.23348
1.2292
1.22487
1.22016
1.21499
1.2094
1.2033
1.1965
1.18853
1.17851
1.16517
1.14756
1.12594
1.10242
1.08048
1.06394
1.05539
1.05504
1.06077
1.06963
1.0799
1.09217
1.10907
1.13337
1.16552
1.20278
1.24011
1.27225
1.29542
1.30831
1.31178
1.30821
1.30075
1.29249
1.28572
1.28177
1.28082
1.2821
1.28413
1.28543
1.28495
1.28249
1.27881
1.27502
1.27216
1.27074
1.27056
1.27086
1.27038
1.26766
1.26152
1.25138
1.23723
1.21934
1.19794
1.17324
1.14588
1.11734
1.09044
1.06906
1.05719
1.05767
1.0711
1.09534
1.12644
1.15998
1.1921
1.21957
1.23992
1.25141
1.25326
1.24583
1.23081
1.21119
1.19093
1.17448
1.16574
1.16725
1.17943
1.20071
1.228
1.25753
1.28564
1.30933
1.32658
1.33636
1.33829
1.33259
1.31978
1.30061
1.27592
1.24663
1.21392
1.17937
1.14511
1.11353
1.08673
1.06593
1.05136
1.04281
1.04022
1.044
1.05484
1.0733
1.09913
1.13118
1.16767
1.20655
1.2461
1.28492
1.32192
1.35579
1.38469
1.40639
1.41882
1.4209
1.41316
1.39748
1.37655
1.35298
1.32867
1.30506
1.2833
1.26383
1.24613
1.22866
1.20927
1.18618
1.15904
1.1292
1.09913
1.07146
1.04833
1.03152
1.02245
1.02214
1.0307
1.04726
1.07001
1.09683
1.12563
1.15474
1.18329
1.21116
1.23874
1.26639
1.29387
1.31986
1.34205
1.35745
1.36318
1.35739
1.34012
1.31394
1.28368
1.25565
1.23563
1.22701
1.23
1.24199
1.25878
1.27594
1.28957
1.29655
1.2947
1.28323
1.26297
1.23655
1.20789
1.18125
1.1602
1.14678
1.14129
1.14266
1.14912
1.1585
1.16837
1.17629
1.18013
1.17867
1.1717
1.16
1.145
1.1282
1.11084
1.09369
1.07749
1.06367
1.05443
1.05235
1.05935
1.07566
1.09945
1.1276
1.15662
1.18373
1.20734
1.2272
1.24414
1.25939
1.27403
1.28838
1.30186
1.31328
1.32103
1.32371
1.32055
1.3117
1.29816
1.28153
1.26346
1.24518
1.22754
1.21121
1.19678
1.18495
1.17642
1.1716
1.17038
1.1721
1.17576
1.18028
1.1849
1.18961
1.19498
1.20128
1.20807
1.21394
1.21708
1.21632
1.21188
1.20567
1.20041
1.19815
1.1994
1.20341
1.20919
1.21612
1.22399
1.23286
1.24271
1.2533
1.26385
1.27313
1.27935
1.28059
1.27539
1.26296
1.24326
1.21722
1.18703
1.15608
1.12857
1.10871
1.09951
1.10183
1.11434
1.13417
1.15785
1.18222
1.2048
1.22385
1.23814
1.24685
1.24982
1.24755
1.24126
1.23265
1.22331
1.21423
1.20549
1.19676
1.18776
1.17873
1.17048
1.16473
1.16421
1.17166
1.18791
1.21057
1.23483
1.25589
1.27089
1.27948
1.28322
1.28449
1.28528
1.28646
1.28748
1.28663
1.28216
1.27323
1.26065
1.24659
1.23333
1.22178
1.2107
1.19761
1.18079
1.16085
1.14099
1.1256
1.1178
1.11781
1.12327
1.131
1.13893
1.14721
1.15756
1.17126
1.18732
1.20244
1.2127
1.21559
1.21085
1.20029
1.18699
1.17467
1.16712
1.16813
1.18066
1.20581
1.24195
1.28466
1.32799
1.36579
1.39295
1.40607
1.40365
1.38612
1.35572
1.31626
1.2723
1.22849
1.18885
1.15639
1.13266
1.11764
1.10981
1.10659
1.10502
1.10257
1.0978
1.09089
1.08334
1.07752
1.07597
1.08079
1.09326
1.11348
1.14029
1.1715
1.2044
1.23644
1.26557
1.29032
1.30947
1.32209
1.32723
1.324
1.31153
1.28943
1.25849
1.22128
1.18253
1.14847
1.12495
1.11541
1.12
1.13601
1.15925
1.1851
1.20919
1.22785
1.23828
1.23885
1.22957
1.21207
1.18952
1.16613
1.14601
1.13219
1.12601
1.1271
1.13397
1.14518
1.15979
1.17773
1.19899
1.22293
1.24777
1.27069
1.28839
1.29788
1.2973
1.28641
1.26691
1.24267
1.21922
1.20256
1.19719
1.20425
1.22113
1.24282
1.26374
1.27899
1.28505
1.28026
1.26487
1.24115
1.21279
1.1843
1.16005
1.14344
1.13636
1.13909
1.15037
1.16759
1.18727
1.20546
1.21846
1.22385
1.22113
1.21187
1.19943
1.18776
1.18029
1.17889
1.18345
1.19206
1.20215
1.21101
1.21675
1.21859
1.21686
1.21291
1.20861
1.20576
1.20581
1.20955
1.21703
1.22756
1.23994
1.25278
1.26462
1.27424
1.28096
1.28465
1.28541
1.2833
1.27822
1.2697
1.25715
1.24028
1.21947
1.19596
1.1719
1.15005
1.13319
1.12357
1.12211
1.12807
1.13922
1.15257
1.16531
1.17573
1.18368
1.19015
1.19615
1.20197
1.20678
1.20903
1.20722
1.20047
1.18894
1.17376
1.15664
1.13948
1.1242
1.11242
1.10571
1.10542
1.11237
1.12633
1.14557
1.16679
1.18595
1.19941
1.20499
1.20281
1.19524
1.18624
1.17995
1.17921
1.18492
1.19634
1.21161
1.22816
1.24317
1.25393
1.25827
1.25516
1.24489
1.22914
1.21074
1.19294
1.1786
1.16947
1.1664
1.16975
1.1798
1.19646
1.21897
1.24577
1.27485
1.30375
1.32959
1.34931
1.36004
1.35982
1.34777
1.32442
1.29175
1.25305
1.2124
1.17434
1.14308
1.12195
1.11265
1.11469
1.12552
1.14125
1.1577
1.17121
1.17912
1.17994
1.17337
1.16043
1.14342
1.12576
1.11131
1.10325
1.10314
1.11058
1.12363
1.1397
1.15666
1.17323
1.18914
1.2048
1.22057
1.23628
1.25094
1.2628
1.26985
1.27052
1.26438
1.25278
1.23852
1.22524
1.216
1.21195
1.21213
1.21439
1.21654
1.21718
1.21567
1.2117
1.20514
1.19614
1.1854
1.17432
1.16472
1.1581
1.15514
1.15558
1.15849
1.1628
1.16737
1.17095
1.17225
1.17019
1.16469
1.15702
1.14957
1.14512
1.14575
1.15226
1.16411
1.18001
1.19837
1.21768
1.23682
1.25504
1.27163
1.28558
1.29566
1.30095
1.3012
1.29673
1.2883
1.27679
1.26276
1.24614
1.22613
1.20153
1.1716
1.13707
1.10088
1.06787
1.04377
1.03402
1.04235
1.06939
1.11174
1.1625
1.21353
1.25768
1.29023
1.30952
1.31683
1.31573
1.31097
1.30685
1.30591
1.30843
1.31311
1.3179
1.32099
1.32101
1.31726
1.30966
1.29885
1.28623
1.27359
1.26253
1.25404
1.2482
1.24429
1.24109
1.23721
1.23105
1.22119
1.20666
1.18724
1.16358
1.13695
1.10891
1.08091
1.05412
1.02969
1.00909
0.994346
0.987391
0.989042
0.998727
1.01523
1.03784
1.0666
1.10158
1.14177
1.18445
1.22614
1.26351
1.29427
1.31708
1.33133
1.33686
1.33386
1.32287
1.30483
1.28085
1.25223
1.22113
1.19142
1.16887
1.15876
1.1622
1.17557
1.19381
1.21332
1.23247
1.25069
1.26761
1.28268
1.29537
1.30525
1.31191
1.3149
1.31361
1.30728
1.29543
1.27799
1.25537
1.22867
1.19987
1.17186
1.14812
1.13232
1.12737
1.13444
1.15237
1.17779
1.206
1.23261
1.25469
1.27111
1.28216
1.28878
1.29172
1.29113
1.28653
1.27693
1.2614
1.23937
1.21105
1.17763
1.14191
1.10852
1.08358
1.07306
1.07974
1.10122
1.13119
1.16257
1.19024
1.21184
1.22709
1.23692
1.24259
1.24518
1.24505
1.24165
1.23411
1.22162
1.20405
1.18248
1.15923
1.13778
1.12211
1.11545
1.1189
1.13064
1.1469
1.16388
1.17905
1.19151
1.20162
1.21016
1.21779
1.22476
1.23099
1.23625
1.24005
1.24208
1.24268
1.24295
1.2444
1.24798
1.25356
1.25981
1.26499
1.26764
1.26711
1.26348
1.25741
1.24989
1.24219
1.2355
1.23063
1.22774
1.22635
1.22568
1.22473
1.22271
1.21908
1.21396
1.20798
1.2018
1.19572
1.18932
1.18163
1.17176
1.15957
1.1462
1.13381
1.12475
1.12035
1.12077
1.12566
1.135
1.14892
1.16701
1.18775
1.20867
1.22746
1.24271
1.25411
1.26199
1.26701
1.27016
1.2727
1.27595
1.28072
1.28708
1.29421
1.30064
1.30449
1.30393
1.29755
1.28465
1.26537
1.24083
1.21334
1.18647
1.16448
1.15127
1.14912
1.15814
1.17631
1.20028
1.22614
1.25041
1.27048
1.28477
1.29257
1.29348
1.28725
1.27356
1.25243
1.22459
1.19201
1.15802
1.12646
1.10074
1.08318
1.07521
1.07763
1.09038
1.11206
1.13957
1.16862
1.19479
1.21478
1.22697
1.2314
1.22938
1.22279
1.21381
1.2046
1.19699
1.19215
1.19065
1.1922
1.19584
1.20042
1.20515
1.20992
1.21538
1.22216
1.23013
1.23829
1.24515
1.2498
1.25214
1.25286
1.25263
1.25157
1.24907
1.24416
1.23622
1.22541
1.21279
1.20001
1.18856
1.17932
1.17232
1.16721
1.16392
1.16271
1.16427
1.16937
1.17864
1.19233
1.21013
1.23078
1.2521
1.27122
1.28517
1.29157
1.28912
1.27798
1.25996
1.23812
1.21593
1.1964
1.1815
1.17207
1.16795
1.16802
1.17064
1.17383
1.176
1.17644
1.17517
1.1728
1.1702
1.16804
1.16685
1.16676
1.16763
1.16928
1.17148
1.17404
1.17674
1.17919
1.18077
1.18116
1.18056
1.17978
1.17983
1.18126
1.18391
1.18746
1.1921
1.199
1.21005
1.22635
1.24701
1.26878
1.28724
1.2981
1.29833
1.2868
1.26453
1.2345
1.20074
1.16746
1.13788
1.11396
1.09685
1.08726
1.08566
1.09229
1.10703
1.12938
1.15828
1.19201
1.22768
1.26125
1.28847
1.30614
1.31329
1.31118
1.30253
1.29035
1.27708
1.26427
1.25293
1.24372
1.23722
1.23381
1.2337
1.23649
1.24088
1.2448
1.24577
1.24173
1.23164
1.21599
1.1967
1.17664
1.15906
1.14692
1.14189
1.1441
1.15201
1.16315
1.17501
1.18596
1.19547
1.20385
1.21155
1.21872
1.2253
1.23128
1.23681
1.2421
1.24709
1.25132
1.25388
1.25374
1.2501
1.2426
1.23146
1.21742
1.20159
1.18534
1.17009
1.15678
1.1456
1.13572
1.12588
1.11482
1.10195
1.08781
1.07411
1.06319
1.0575
1.05871
1.06738
1.0827
1.10268
1.1245
1.14525
1.16242
1.17436
1.18051
1.18165
1.17967
1.17708
1.17636
1.17908
1.18556
1.19511
1.20659
1.2188
1.2309
1.24252
1.25404
1.26632
1.28031
1.29652
1.31457
1.33302
1.34943
1.36119
1.36622
1.36365
1.35416
1.33968
1.32279
1.30592
1.2907
1.27744
1.26503
1.25148
1.235
1.21503
1.19277
1.17016
1.14854
1.12841
1.11016
1.09493
1.08458
1.08093
1.08495
1.09621
1.11277
1.13153
1.14923
1.16333
1.17274
1.17805
1.18095
1.18378
1.18874
1.1972
1.20927
1.22373
1.23856
1.25133
1.25973
1.2621
1.25772
1.24713
1.23196
1.2143
1.1963
1.17977
1.16605
1.15606
1.15044
1.14951
1.15304
1.16015
1.1693
1.17871
1.18673
1.19217
1.19465
1.19445
1.19272
1.19148
1.19333
1.20067
1.21441
1.23308
1.25284
1.26855
1.27574
1.27205
1.25794
1.2366
1.21284
1.19182
1.17766
1.17235
1.17578
1.18645
1.20228
1.22099
1.24026
1.25797
1.27216
1.28128
1.28437
1.28133
1.27316
1.26182
1.24987
1.23982
1.23362
1.2321
1.23487
1.24064
1.24722
1.25198
1.25236
1.24633
1.23294
1.21279
1.18804
1.16228
1.13961
1.1233
1.11475
1.11309
1.11592
1.12043
1.12442
1.1268
1.12789
1.12897
1.13154
1.13648
1.14374
1.15221
1.16041
1.16724
1.17263
1.17758
1.18365
1.19221
1.2036
1.21694
1.23004
1.24037
1.24593
1.24586
1.24041
1.23053
1.21723
1.20135
1.18385
1.16633
1.15125
1.14137
1.13849
1.14281
1.15318
1.16765
1.18401
1.19997
1.21343
1.22296
1.22816
1.22971
1.22933
1.22923
1.23158
1.23777
1.24792
1.26097
1.27517
1.28865
1.29954
1.30665
1.30927
1.30718
1.3007
1.29057
1.27826
1.26565
1.25451
1.24586
1.23939
1.23375
1.22742
1.21955
1.21057
1.20201
1.19572
1.19271
1.19228
1.19244
1.19051
1.18404
1.17151
1.15275
1.12898
1.10267
1.07679
1.05435
1.03813
1.03058
1.03335
1.04686
1.06983
1.09935
1.13165
1.16297
1.19069
1.21356
1.23157
1.2453
1.25536
1.26221
1.26626
1.26808
1.26859
1.26876
1.26945
1.27109
1.27348
1.27584
1.277
1.27573
1.27111
1.26245
1.24941
1.23235
1.21271
1.19325
1.17771
1.16958
1.17052
1.17994
1.19562
1.21428
1.23218
1.24543
1.25064
1.2454
1.22913
1.20347
1.17219
1.14025
1.11241
1.09234
1.08179
1.0808
1.0883
1.10288
1.12323
1.1484
1.17756
1.20953
1.24294
1.27634
1.30832
1.33746
1.36157
1.37765
1.38266
1.37453
1.35309
1.32004
1.27872
1.23331
1.18794
1.1462
1.1108
1.08358
1.06565
1.05758
1.05969
1.07229
1.09548
1.12837
1.16798
1.20922
1.24651
1.27576
1.29535
1.30577
1.30855
1.3052
1.29653
1.28316
1.26623
1.24776
1.23055
1.21765
1.21135
1.21238
1.21981
1.23118
1.24344
1.25352
1.25887
1.2579
1.25019
1.23656
1.219
1.20018
1.18265
1.16817
1.15698
1.14797
1.13911
1.12842
1.11494
1.09933
1.08416
1.07356
1.07223
1.08394
1.11019
1.14945
1.19743
1.24812
1.29537
1.33416
1.3613
1.37546
1.3769
1.36692
1.34752
1.321
1.28998
1.25739
1.22605
1.19837
1.17585
1.15894
1.14735
1.14019
1.13625
1.13431
1.13335
1.13316
1.13445
1.13891
1.14838
1.16361
1.18362
1.20601
1.2281
1.2481
1.26539
1.28027
1.29327
1.30473
1.3145
1.322
1.32614
1.32547
1.31836
1.30366
1.28112
1.25163
1.2174
1.18138
1.14656
1.11557
1.09055
1.07322
1.06491
1.06634
1.07778
1.09902
1.12902
1.1656
1.20546
1.24459
1.27904
1.30551
1.32136
1.32491
1.3153
1.2927
1.25848
1.21552
1.16879
1.12524
1.09239
1.07585
1.07731
1.09476
1.12414
1.16085
1.20026
1.23787
1.26951
1.29192
1.30297
1.30168
1.2886
1.26567
1.23615
1.20415
1.17374
1.14833
1.13039
1.12135
1.12151
1.13017
1.14611
1.16793
1.1942
1.22322
1.2527
1.28008
1.30319
1.32095
1.33325
1.34026
1.34151
1.33597
1.3226
1.30122
1.27265
1.23837
1.20013
1.16005
1.12098
1.08723
1.06438
1.05768
1.06967
1.09882
1.14007
1.18679
1.23223
1.27064
1.29821
1.31361
1.31797
1.3139
1.30395
1.28976
1.27219
1.25212
1.23141
1.21294
1.20007
1.19552
1.20063
1.21478
1.23551
1.25913
1.28178
1.30034
1.31276
1.31815
1.31671
1.30939
1.29739
1.28189
1.26391
1.24421
1.2232
1.20137
1.17914
1.157
1.13577
1.11685
1.10203
1.09301
1.09037
1.09294
1.09802
1.10251
1.10415
1.10218
1.09764
1.09297
1.09124
1.09519
1.1063
1.12452
1.14865
1.17704
1.20805
1.24001
1.271
1.29861
1.32024
1.33348
1.33656
1.32871
1.31041
1.28356
1.25173
1.22018
1.19474
1.17908
1.17295
1.17313
1.17621
1.18048
1.1856
1.19159
1.19793
1.20339
1.2065
1.2061
1.20165
1.19349
1.18283
1.17138
1.16113
1.15355
1.14927
1.14809
1.1495
1.15299
1.15806
1.16399
1.16984
1.17494
1.17958
1.18565
1.19623
1.21404
1.23965
1.27069
1.30254
1.32985
1.34807
1.35438
1.34814
1.33094
1.30651
1.27994
1.25647
1.23962
1.23002
1.22562
1.22324
1.22021
1.21542
1.20911
1.202
1.19442
1.18578
1.17483
1.16051
1.1427
1.12276
1.10373
1.08963
1.08425
1.08957
1.10474
1.1263
1.14958
1.17025
1.18548
1.19421
1.19691
1.1951
1.19074
1.18579
1.18185
1.17998
1.18048
1.18297
1.18679
1.19149
1.19718
1.20436
1.21329
1.22375
1.23505
1.24599
1.25544
1.26246
1.26649
1.26745
1.26564
1.26123
1.25422
1.24465
1.23288
1.2197
1.20614
1.1931
1.18137
1.17232
1.16855
1.17363
1.19009
1.21675
1.24811
1.27672
1.29644
1.30424
1.30027
1.28715
1.269
1.25013
1.23398
1.22256
1.21616
1.2138
1.21374
1.21407
1.21314
1.20987
1.20393
1.19576
1.18638
1.17705
1.16912
1.16387
1.16235
1.16519
1.17244
1.18342
1.19668
1.21006
1.22098
1.22678
1.2254
1.21575
1.19831
1.1753
1.15033
1.12756
1.11029
1.10033
1.09838
1.10466
1.1191
1.14068
1.16724
1.1959
1.22408
1.25001
1.27266
1.29122
1.30472
1.3123
1.31335
1.30767
1.2955
1.27735
1.254
1.22659
1.19686
1.16725
1.14078
1.12066
1.10949
1.10842
1.11693
1.13308
1.15457
1.17952
1.20673
1.23529
1.2642
1.29198
1.31659
1.33572
1.34701
1.3486
1.33941
1.31941
1.28987
1.25361
1.21478
1.17811
1.14773
1.12601
1.11304
1.107
1.1052
1.10524
1.10603
1.10803
1.11238
1.12019
1.13195
1.14722
1.1647
1.18235
1.19779
1.20874
1.21372
1.21257
1.20656
1.19803
1.18965
1.18389
1.18243
1.18615
1.19537
1.20972
1.22824
1.24927
1.27045
1.28916
1.30317
1.31109
1.31239
1.30726
1.29638
1.28074
1.26167
1.24087
1.22032
1.20185
1.18676
1.17564
1.16865
1.16568
1.16631
1.16966
1.17444
1.17909
1.18222
1.18339
1.18362
1.1852
1.19065
1.20126
1.21618
1.23281
1.2482
1.26005
1.26693
1.26838
1.26456
1.25633
1.24541
1.23455
1.22692
1.2253
1.23097
1.24311
1.25891
1.27403
1.28379
1.28426
1.27358
1.25277
1.22544
1.19683
1.17186
1.15372
1.14316
1.13887
1.13848
1.13928
1.13884
1.13534
1.1281
1.11798
1.10744
1.0999
1.0989
1.1072
1.12599
1.15422
1.18844
1.22354
1.25416
1.27619
1.28826
1.29224
1.29189
1.29058
1.28946
1.28802
1.28579
1.28347
1.28246
1.28392
1.28792
1.29348
1.29901
1.30289
1.30377
1.30061
1.29292
1.28062
1.26416
1.24438
1.22235
1.19921
1.17576
1.15268
1.13061
1.11033
1.0924
1.07714
1.06485
1.05651
1.05415
1.06005
1.07473
1.09546
1.11752
1.13666
1.15078
1.16005
1.16636
1.17218
1.17976
1.19037
1.20386
1.219
1.23416
1.2479
1.25886
1.26558
1.26666
1.26101
1.24859
1.23081
1.21034
1.19054
1.17459
1.16475
1.16177
1.16499
1.17302
1.18459
1.19884
1.21548
1.2344
1.25494
1.27541
1.29281
1.30334
1.304
1.29471
1.27883
1.26147
1.2464
1.23506
1.22784
1.22536
1.2282
1.23595
1.24676
1.25774
1.26587
1.26881
1.26532
1.25548
1.24052
1.2225
1.20396
1.18716
1.17348
1.16351
1.15774
1.15733
1.16368
1.17682
1.1941
1.21101
1.22351
1.22964
1.22983
1.22628
1.22194
1.21953
1.22088
1.22668
1.23643
1.24875
1.26169
1.27302
1.28046
1.28194
1.27611
1.26267
1.24231
1.21661
1.18794
1.1592
1.13341
1.11323
1.10052
1.09611
1.10003
1.11147
1.12865
1.14885
1.16887
1.18576
1.19737
1.20277
1.20199
1.19594
1.18641
1.17588
1.16715
1.16262
1.16355
1.16962
1.17923
1.19007
1.19987
1.20692
1.21044
1.21034
1.20682
1.2
1.18971
1.17572
1.15812
1.13754
1.11517
1.0929
1.07319
1.05888
1.05268
1.05656
1.07102
1.09517
1.127
1.16408
1.20406
1.24436
1.28204
1.31382
1.33666
1.3485
1.34894
1.33931
1.3225
1.30234
1.28314
1.26846
1.26019
1.25827
1.26128
1.26739
1.27479
1.28194
1.28747
1.29016
1.28926
1.28504
1.2787
1.27221
1.26744
1.26504
1.26372
1.2607
1.25334
1.24058
1.22335
1.20411
1.18566
1.16997
1.15787
1.14939
1.14444
1.14315
1.14556
1.15107
1.15836
1.16606
1.1737
1.18163
1.19011
1.19854
1.2053
1.20832
1.20614
1.19884
1.18808
1.17658
1.16716
1.1616
1.16014
1.16161
1.16425
1.16671
1.16866
1.17093
1.17495
1.1817
1.19128
1.20252
1.21359
1.22256
1.22808
1.22972
1.22794
1.22395
1.21921
1.21516
1.21274
1.21218
1.21307
1.21432
1.21454
1.21276
1.20902
1.20458
1.20142
1.2015
1.20614
1.2157
1.22986
1.24793
1.2689
1.29117
1.31243
1.32965
1.33994
1.34104
1.33192
1.31302
1.28595
1.25332
1.21842
1.18474
1.15562
1.13375
1.12084
1.11735
1.12215
1.13272
1.14541
1.15604
1.16091
1.15784
1.14692
1.13057
1.1129
1.0982
1.08943
1.0872
1.09026
1.09674
1.10536
1.1158
1.12856
1.14438
1.16375
1.18661
1.21239
1.23999
1.26776
1.29376
1.31591
1.33249
1.3427
1.34661
1.34518
1.33983
1.33207
1.32322
1.31434
1.30607
1.2987
1.29197
1.28533
1.27835
1.27081
1.26266
1.25388
1.24404
1.2329
1.22058
1.20772
1.19529
1.18427
1.17502
1.16729
1.1604
1.15383
1.14745
1.14164
1.13703
1.13426
1.13384
1.13628
1.14166
1.1495
1.1586
1.16747
1.17468
1.17955
1.18247
1.18483
1.18861
1.19558
1.20653
1.22077
1.23625
1.25023
1.26031
1.26517
1.26468
1.25948
1.25053
1.2386
1.22402
1.20675
1.18679
1.16471
1.14194
1.12083
1.10443
1.09597
1.09799
1.11138
1.13472
1.16451
1.19589
1.22405
1.24535
1.25782
1.26121
1.25653
1.24528
1.22926
1.21059
1.19178
1.17557
1.16463
1.16109
1.1657
1.17754
1.19436
1.21334
1.23208
1.24882
1.26249
1.2726
1.27915
1.28229
1.28226
1.27928
1.27364
1.26552
1.25493
1.2415
1.22485
1.20523
1.18394
1.16341
1.14684
1.13733
1.13695
1.1462
1.16414
1.18919
1.21959
1.2528
1.28485
1.31064
1.32543
1.32648
1.31367
1.28916
1.25648
1.2194
1.1811
1.14362
1.10798
1.075
1.0467
1.02727
1.02278
1.03797
1.07218
1.1189
1.16901
1.21428
1.24898
1.26993
1.27626
1.26929
1.25216
1.22931
1.20548
1.18467
1.16937
1.1602
1.1564
1.15652
1.1587
1.16104
1.16209
1.16157
1.16038
1.15996
1.16158
1.16563
1.17185
1.1797
1.18879
1.19884
1.20955
1.22037
1.23063
1.23971
1.24721
1.25314
1.2578
1.26166
1.26497
1.26756
1.26897
1.2688
1.26709
1.26444
1.26195
1.26076
1.26155
1.26437
1.26859
1.27303
1.27596
1.27537
1.26933
1.25652
1.23666
1.21073
1.18086
1.15004
1.12187
1.10018
1.08826
1.08812
1.09954
1.12007
1.14594
1.17313
1.19828
1.21913
1.23438
1.2436
1.24663
1.24331
1.23367
1.21879
1.20126
1.18457
1.1723
1.16674
1.16847
1.17683
1.19052
1.20809
1.22785
1.2479
1.26578
1.27889
1.28492
1.28262
1.27233
1.25606
1.23718
1.2193
1.20499
1.19502
1.18881
1.18548
1.18449
1.18576
1.18953
1.19585
1.20433
1.21408
1.2236
1.23107
1.23465
1.23302
1.22586
1.21369
1.19758
1.17889
1.15914
1.14013
1.12424
1.1144
1.11375
1.12476
1.14794
1.18103
1.21934
1.25729
1.28971
1.31269
1.32388
1.32287
1.31163
1.29423
1.27585
1.26099
1.25167
1.24717
1.24466
1.24093
1.23366
1.22208
1.20691
1.18995
1.17363
1.16035
1.15157
1.14716
1.14579
1.14603
1.14741
1.15031
1.15532
1.16263
1.17168
1.18109
1.189
1.19365
1.19429
1.19148
1.18684
1.18255
1.1805
1.18168
1.18604
1.19275
1.2007
1.20862
1.21546
1.22055
1.22374
1.22557
1.22713
1.22949
1.2332
1.23792
1.24233
1.24469
1.24357
1.23845
1.22973
1.2184
1.20552
1.19184
1.17785
1.16423
1.15204
1.143
1.139
1.14151
1.15103
1.16676
1.18654
1.20743
1.22651
1.2413
1.25018
1.25245
1.24812
1.23822
1.22441
1.20862
1.19253
1.17714
1.16299
1.15083
1.14211
1.13911
1.1441
1.15772
1.17815
1.20189
1.22531
1.24632
1.26472
1.28154
1.29743
1.31161
1.32163
1.32426
1.31685
1.29842
1.27005
1.23475
1.19655
1.15949
1.12682
1.10076
1.08278
1.07386
1.07448
1.08413
1.10126
1.12371
1.14935
1.17642
1.20361
1.22984
1.25406
1.275
1.29125
1.30171
1.30598
1.30468
1.29886
1.28887
1.27387
1.25251
1.22453
1.19187
1.15898
1.13167
1.11519
1.11255
1.12362
1.14526
1.17264
1.20074
1.22538
1.24373
1.25407
1.25563
1.24837
1.23307
1.2115
1.18655
1.16172
1.14068
1.12658
1.12162
1.12678
1.14186
1.16565
1.19609
1.23039
1.26498
1.29594
1.31957
1.33287
1.33401
1.32285
1.30142
1.27384
1.24555
1.22186
1.20656
1.20085
1.20355
1.21183
1.22209
1.23078
1.23493
1.2324
1.2223
1.20515
1.1828
1.15828
1.13496
1.11602
1.10375
1.09919
1.102
1.11022
1.1209
1.13105
1.13904
1.14516
1.1514
1.16041
1.17434
1.19404
1.21897
1.2471
1.27526
1.29971
1.3164
1.32192
1.31415
1.29302
1.26091
1.22249
1.18381
1.15086
1.12794
1.11682
1.11673
1.12506
1.13823
1.15274
1.16612
1.1778
1.18906
1.20231
1.21926
1.2395
1.26037
1.2782
1.28965
1.29261
1.28661
1.2727
1.25325
1.2316
1.21142
1.19612
1.18814
1.18833
1.19571
1.20773
1.22103
1.23237
1.23971
1.24253
1.24138
1.23729
1.23124
1.22398
1.21634
1.20927
1.2036
1.19978
1.19761
1.19623
1.19434
1.19066
1.18434
1.17527
1.16419
1.15272
1.1428
1.13608
1.13351
1.13573
1.14342
1.15707
1.17621
1.19863
1.22097
1.23964
1.25198
1.25658
1.25341
1.24382
1.23051
1.21718
1.20759
1.20422
1.20763
1.21687
1.23009
1.24524
1.26062
1.27512
1.28835
1.30009
1.31005
1.31793
1.32356
1.32683
1.32718
1.32314
1.31268
1.2942
1.26725
1.23263
1.19198
1.14763
1.10265
1.06101
1.02773
1.00829
1.00721
1.02643
1.06423
1.11572
1.1743
1.23314
1.28635
1.3292
1.35837
1.37246
1.37199
1.35896
1.33634
1.30733
1.27491
1.24198
1.21136
1.18548
1.16595
1.15318
1.14643
1.14443
1.14595
1.14991
1.15539
1.16126
1.16623
1.16909
1.16899
1.1656
1.15907
1.15016
1.14018
1.13099
1.12473
1.12333
1.12791
1.13846
1.15407
1.17334
1.19489
1.21769
1.24075
1.26306
1.28329
1.29986
1.31114
1.31574
1.31289
1.30286
1.28736
1.26939
1.25248
1.23985
1.23347
1.23389
1.24026
1.25082
1.26324
1.27496
1.28387
1.28845
1.28774
1.28119
1.26863
1.25051
1.22826
1.20442
1.18215
1.16437
1.15294
1.14841
1.15042
1.15818
1.17027
1.18392
1.19472
1.19778
1.19004
1.17229
1.14863
1.12385
1.10157
1.08436
1.07472
1.07495
1.08634
1.10838
1.13841
1.17209
1.20469
1.23238
1.2527
1.26465
1.26801
1.26283
1.24959
1.22942
1.20465
1.17868
1.15547
1.13861
1.13054
1.13194
1.14198
1.15864
1.17936
1.20148
1.22298
1.24272
1.2603
1.27563
1.2885
1.29826
1.30386
1.30407
1.29782
1.28465
1.26519
1.24144
1.21658
1.19416
1.17735
1.168
1.16623
1.17066
1.17927
1.19047
1.20354
1.21795
1.23229
1.24416
1.251
1.25135
1.24531
1.2345
1.22143
1.20849
1.1974
1.18915
1.18424
1.18282
1.18469
1.18923
1.19539
1.20198
1.2081
1.21311
1.21684
1.21951
1.2217
1.224
1.22679
1.22995
1.23276
1.2342
1.23322
1.22925
1.22241
1.21341
1.20307
1.19204
1.18054
1.1685
1.15577
1.14251
1.12927
1.11712
1.10741
1.10157
1.10063
1.10492
1.114
1.12666
1.14096
1.15474
1.16624
1.17422
1.17781
1.1767
1.17125
1.16331
1.15658
1.15631
1.16684
1.18801
1.21439
1.2387
1.25611
1.26577
1.26966
1.27079
1.27171
1.27412
1.27899
1.28687
1.29784
1.31136
1.32582
1.33881
1.34775
1.35057
1.34624
1.33488
1.31758
1.29657
1.27463
1.25437
1.23684
1.22159
1.20795
1.19604
1.18711
1.18313
1.18591
1.19622
1.213
1.23351
1.25367
1.26887
1.27476
1.26814
1.2478
1.21497
1.17304
1.12715
1.0831
1.04641
1.02133
1.00998
1.01232
1.02677
1.05134
1.0841
1.123
1.16553
1.20871
1.24967
1.28601
1.31614
1.33924
1.35472
1.36204
1.36034
1.34861
1.32621
1.29364
1.25317
1.20891
1.16612
1.13008
1.1048
1.09236
1.09263
1.10322
1.12012
1.1389
1.15615
1.17025
1.18131
1.1902
1.19781
1.20474
1.21121
1.21729
1.22287
1.22773
1.23151
1.23384
1.2343
1.23245
1.22778
1.21986
1.20865
1.19514
1.18129
1.16953
1.16196
1.15971
1.16282
1.17072
1.1825
1.19698
1.21292
1.22878
1.24283
1.25351
1.25947
1.25997
1.25499
1.2453
1.23256
1.21916
1.20777
1.20054
1.19866
1.20219
1.21021
1.22114
1.23284
1.24319
1.25035
1.25334
1.25242
1.24882
1.244
1.23924
1.23547
1.23345
1.23337
1.23475
1.2365
1.23735
1.23622
1.23214
1.22438
1.21272
1.19784
1.18145
1.16566
1.15244
1.14331
1.13914
1.14029
1.14652
1.15715
1.17115
1.18728
1.20419
1.2206
1.23517
1.24646
1.25287
1.25328
1.24744
1.23626
1.22162
1.20577
1.19065
1.17749
1.1671
1.16072
1.16046
1.16862
1.18606
1.21092
1.23942
1.26728
1.291
1.30812
1.3171
1.31721
1.3086
1.29232
1.26998
1.24381
1.21616
1.18933
1.16524
1.14522
1.13
1.12002
1.11586
1.1184
1.12837
1.14555
1.16819
1.19316
1.21651
1.23476
1.24594
1.2496
1.24678
1.23908
1.22795
1.21409
1.19759
1.17836
1.15681
1.13388
1.11111
1.09041
1.074
1.06417
1.06275
1.07067
1.08755
1.11155
1.13982
1.16913
1.19647
1.21942
1.23637
1.24646
1.24952
1.24605
1.23722
1.22456
1.20967
1.19378
1.17761
1.16145
1.14574
1.1319
1.12301
1.12307
1.13458
1.15594
1.18156
1.20501
1.22199
1.23163
1.23578
1.23745
1.23959
1.24422
1.25202
1.26217
1.27261
1.28067
1.28418
1.2825
1.27689
1.27021
1.26575
1.26565
1.27046
1.27893
1.28854
1.29622
1.29908
1.29537
1.28507
1.26966
1.25115
1.23138
1.21167
1.19285
1.1756
1.16044
1.14777
1.13784
1.13086
1.127
1.12644
1.1291
1.13446
1.14124
1.14773
1.15225
1.1538
1.15237
1.14884
1.14486
1.1422
1.14237
1.14626
1.15414
1.16573
1.18045
1.19743
1.21549
1.23295
1.2475
1.25657
1.25807
1.25082
1.23496
1.21175
1.18356
1.15403
1.12777
1.10945
1.10228
1.10685
1.12147
1.1433
1.16942
1.19721
1.22422
1.24815
1.26696
1.27928
1.28488
1.28448
1.27957
1.27205
1.26368
1.25608
1.2503
1.24683
1.24572
1.24645
1.24785
1.2483
1.24597
1.23912
1.22676
1.20913
1.18804
1.16679
1.14925
1.13872
1.13679
1.14277
1.15402
1.16701
1.17834
1.18541
1.18687
1.18261
1.17353
1.16124
1.14789
1.13576
1.12672
1.12168
1.12059
1.12269
1.12734
1.13428
1.14371
1.15568
1.16976
1.18502
1.20071
1.21663
1.23313
1.25073
1.26938
1.28816
1.30533
1.31863
1.32565
1.32451
1.3144
1.2957
1.27007
1.24041
1.21057
1.18431
1.1638
1.14877
1.13702
1.1262
1.11513
1.10422
1.09516
1.09
1.09019
1.09594
1.10658
1.12129
1.13973
1.1619
1.18746
1.21537
1.24372
1.27022
1.29254
1.30879
1.31791
1.31964
1.31443
1.30304
1.28647
1.26582
1.2425
1.2184
1.19612
1.17897
1.17055
1.17355
1.18838
1.21269
1.24163
1.26906
1.28906
1.29698
1.29033
1.26968
1.23938
1.2074
1.18368
1.1761
1.1862
1.20876
1.23583
1.26142
1.28284
1.29959
1.31183
1.31934
1.32139
1.31678
1.30455
1.28424
1.25649
1.22322
1.18739
1.15263
1.12256
1.09989
1.0861
1.08119
1.08398
1.09303
1.10699
1.12449
1.14382
1.16255
1.17779
1.18699
1.18854
1.18212
1.16867
1.15039
1.13048
1.11263
1.10059
1.09751
1.10506
1.12302
1.14913
1.17983
1.21095
1.23859
1.2595
1.27131
1.27293
1.26463
1.24813
1.22655
1.20407
1.1854
1.17471
1.17443
1.1843
1.20166
1.22252
1.24259
1.25793
1.26534
1.2626
1.24887
1.22512
1.19448
1.16247
1.13663
1.12498
1.13302
1.16118
1.20404
1.25274
1.29893
1.33718
1.36515
1.3823
1.38836
1.38296
1.36599
1.33822
1.30179
1.26007
1.21712
1.17701
1.14312
1.11765
1.10154
1.09453
1.09548
1.10249
1.11338
1.12589
1.13817
1.14918
1.15872
1.16694
1.17351
1.17771
1.17872
1.17619
1.17058
1.16311
1.15562
1.15013
1.14873
1.15294
1.16338
1.17938
1.19899
1.2194
1.23773
1.25158
1.25942
1.26066
1.25542
1.24461
1.2298
1.213
1.19653
1.18254
1.17265
1.16772
1.16782
1.17231
1.1801
1.18987
1.2
1.20907
1.21603
1.22042
1.22227
1.22194
1.21972
1.21574
1.21023
1.20386
1.19791
1.19393
1.19297
1.19493
1.19872
1.20296
1.20636
1.20787
1.20663
1.20189
1.19351
1.18242
1.1707
1.16087
1.15491
1.15383
1.15756
1.16552
1.17725
1.19258
1.21123
1.23262
1.25548
1.2784
1.29999
1.31895
1.33398
1.34362
1.34654
1.34197
1.33007
1.31183
1.28887
1.26289
1.23539
1.20763
1.18078
1.15604
1.13449
1.11701
1.10423
1.09705
1.09692
1.10522
1.12231
1.14655
1.17442
1.20142
1.22355
1.2384
1.24563
1.24663
1.24343
1.23807
1.23214
1.22639
1.22088
1.21543
1.20975
1.20357
1.19631
1.187
1.17463
1.15878
1.14036
1.12191
1.10716
1.09955
1.1012
1.11243
1.13204
1.15771
1.18657
1.21568
1.2424
1.26431
1.27936
1.28606
1.2838
1.27304
1.25542
1.23363
1.21116
1.1919
1.17933
1.17596
1.18282
1.19895
1.22144
1.24605
1.26825
1.28427
1.29182
1.2902
1.28002
1.26278
1.24054
1.21569
1.19063
1.16771
1.14878
1.13467
1.12512
1.11909
1.11565
1.11466
1.11714
1.12477
1.13915
1.16072
1.18801
1.21757
1.24479
1.26489
1.27419
1.27075
1.25465
1.22805
1.19465
1.15889
1.12519
1.09718
1.07751
1.0679
1.06913
1.08112
1.1025
1.13016
1.15986
1.18751
1.21037
1.22749
1.23936
1.24734
1.25321
1.25862
1.2646
1.27097
1.27649
1.27952
1.27879
1.27396
1.2657
1.25561
1.24544
1.23682
1.23079
1.22766
1.22708
1.22847
1.23125
1.23507
1.24
1.24623
1.2536
1.26116
1.26723
1.26984
1.26735
1.25908
1.24541
1.22748
1.20682
1.18489
1.16275
1.14147
1.12247
1.10772
1.09929
1.09863
1.10613
1.12132
1.14304
1.16928
1.19683
1.2217
1.23992
1.24872
1.24713
1.23639
1.21946
1.20033
1.18303
1.17088
1.16577
1.16806
1.17667
1.18933
1.203
1.21448
1.2213
1.22217
1.21728
1.20807
1.19683
1.18606
1.17789
1.17371
1.17422
1.17979
1.19086
1.20755
1.22889
1.25268
1.27557
1.29375
1.3039
1.30388
1.29297
1.27186
1.24246
1.20782
1.17195
1.13966
1.11573
1.10375
1.10485
1.11733
1.13749
1.16113
1.1848
1.20647
1.22538
1.24167
1.25596
1.26862
1.27926
1.28653
1.28844
1.28332
1.27091
1.25303
1.23353
1.21713
1.20778
1.20697
1.21346
1.22413
1.23532
1.24387
1.24755
1.24527
1.23726
1.22502
1.21074
1.19653
1.18384
1.17304
1.16353
1.15424
1.14452
1.13484
1.12685
1.12317
1.12642
1.13805
1.15754
1.18214
1.20757
1.22927
1.24364
1.24874
1.24446
1.23226
1.21478
1.19534
1.17743
1.16411
1.15745
1.15842
1.1668
1.18159
1.20158
1.22548
1.25165
1.27748
1.29923
1.313
1.31618
1.30816
1.29024
1.26527
1.23664
1.20771
1.1816
1.16115
1.14873
1.14581
1.15212
1.16489
1.17949
1.19111
1.19652
1.195
1.18834
1.17959
1.17192
1.16766
1.16801
1.17327
1.18295
1.19592
1.21045
1.22427
1.23492
1.24034
1.23941
1.23238
1.22079
1.20742
1.19552
1.1878
1.18558
1.18839
1.19462
1.20233
1.20989
1.21628
1.22109
1.22405
1.22457
1.22135
1.21273
1.19749
1.17595
1.15028
1.12464
1.10442
1.09483
1.09905
1.11722
1.14609
1.18005
1.21259
1.2379
1.25186
1.25273
1.24151
1.22156
1.19813
1.17708
1.16326
1.15902
1.16399
1.17577
1.19129
1.20795
1.22381
1.23741
1.24777
1.25463
1.2586
1.26103
1.2635
1.26708
1.27195
1.27762
1.28333
1.28825
1.29136
1.2914
1.28699
1.27696
1.26094
1.23978
1.21574
1.19202
1.17188
1.15746
1.14949
1.14794
1.15267
1.16362
1.18045
1.20187
1.22554
1.24812
1.26561
1.27384
1.26946
1.25123
1.22106
1.18427
1.14809
1.11944
1.10309
1.10107
1.11249
1.13372
1.15972
1.1859
1.20964
1.23031
1.24832
1.26378
1.27608
1.28397
1.28595
1.28071
1.26737
1.24614
1.21877
1.18874
1.1608
1.14004
1.13031
1.13335
1.1482
1.17163
1.19923
1.22669
1.25064
1.26922
1.28168
1.28819
1.28947
1.28668
1.2811
1.274
1.26648
1.2595
1.25379
1.24962
1.24656
1.24338
1.2383
1.22942
1.21542
1.19599
1.17226
1.14669
1.12266
1.10363
1.09236
1.09031
1.0973
1.11151
1.13009
1.15007
1.16931
1.18678
1.20227
1.21574
1.22703
1.23591
1.24234
1.24681
1.25021
1.25339
1.25694
1.26104
1.26558
1.26998
1.27319
1.27388
1.271
1.26431
1.2547
1.24377
1.23292
1.22236
1.2109
1.19672
1.17876
1.15753
1.13525
1.11501
1.09952
1.08994
1.0858
1.08567
1.08839
1.09387
1.10332
1.11859
1.14099
1.17036
1.20471
1.24093
1.27549
1.30519
1.3274
1.34029
1.34287
1.33529
1.31888
1.29617
1.27047
1.24538
1.22379
1.20712
1.1953
1.18733
1.18196
1.17797
1.17404
1.16908
1.16242
1.15405
1.14462
1.13503
1.12617
1.11856
1.11245
1.10779
1.10469
1.1034
1.10449
1.10878
1.11717
1.13036
1.14863
1.17146
1.19741
1.22424
1.24919
1.26959
1.28344
1.28961
1.2879
1.27893
1.26386
1.2444
1.22281
1.20156
1.18314
1.16967
1.16274
1.16315
1.17062
1.18388
1.20072
1.21842
1.23425
1.24563
1.25032
1.24689
1.23553
1.21885
1.20179
1.18943
1.18426
1.18495
1.18802
1.1905
1.19105
1.18993
1.18827
1.1873
1.18764
1.18923
1.19182
1.19549
1.20076
1.20773
1.21541
1.2216
1.22376
1.22066
1.21345
1.206
1.20314
1.20844
1.22268
1.24399
1.26889
1.29346
1.31388
1.32705
1.33094
1.32466
1.30848
1.28375
1.25289
1.21915
1.18652
1.15917
1.14078
1.1336
1.13769
1.15089
1.16949
1.18934
1.20693
1.2199
1.22709
1.22833
1.22418
1.21568
1.20427
1.19172
1.17993
1.17082
1.16602
1.16655
1.17267
1.18376
1.19836
1.21452
1.23017
1.24382
1.25455
1.26166
1.26441
1.26226
1.25554
1.24526
1.23219
1.21636
1.19744
1.17583
1.15292
1.13061
1.11089
1.09547
1.08589
1.08359
1.08948
1.1035
1.12405
1.14819
1.17248
1.19411
1.21159
1.22483
1.23468
1.24219
1.2478
1.2513
1.25208
1.24971
1.24406
1.2354
1.22419
1.21115
1.19724
1.18379
1.17251
1.16505
1.1628
1.1665
1.17614
1.19109
1.21015
1.23167
1.25392
1.27518
1.29397
1.3089
1.31883
1.32317
1.32182
1.31518
1.30362
1.28718
1.26551
1.23831
1.20612
1.17106
1.13683
1.10824
1.09027
1.08671
1.09863
1.12314
1.15381
1.18288
1.20422
1.21467
1.21387
1.20341
1.18609
1.16573
1.14689
1.1341
1.1304
1.13649
1.151
1.17146
1.19493
1.21843
1.23911
1.25446
1.26256
1.26241
1.25432
1.24023
1.22351
1.20826
1.19811
1.19536
1.20027
1.21108
1.22457
1.23682
1.24398
1.24316
1.23293
1.21379
1.18809
1.15975
1.13332
1.11303
1.10172
1.1005
1.10903
1.12608
1.14977
1.17755
1.20652
1.23386
1.25743
1.27616
1.28996
1.29927
1.30484
1.30735
1.30748
1.30595
1.30348
1.30043
1.29637
1.29017
1.2801
1.26474
1.24396
1.21949
1.19449
1.17246
1.15596
1.14588
1.14161
1.14208
1.14664
1.1553
1.16798
1.18345
1.19876
1.21021
1.21489
1.21206
1.20342
1.19222
1.182
1.17545
1.17383
1.17708
1.18426
1.19375
1.20362
1.21198
1.21749
1.21978
1.21939
1.21746
1.21536
1.21439
1.21572
1.22007
1.22762
1.23792
1.24988
1.26185
1.27157
1.2769
1.27626
1.26919
1.25644
1.23945
1.22005
1.20011
1.18127
1.16503
1.15279
1.14613
1.14643
1.1545
1.16972
1.1896
1.21011
1.22663
1.23538
1.23433
1.22366
1.20556
1.18387
1.16311
1.14733
1.13888
1.13798
1.14357
1.15475
1.17125
1.19279
1.21776
1.24302
1.26497
1.28101
1.29017
1.29297
1.29033
1.2831
1.27205
1.25853
1.24491
1.23455
1.23033
1.23377
1.24469
1.26115
1.28002
1.29745
1.30933
1.31191
1.30251
1.28006
1.24577
1.20322
1.158
1.11694
1.08675
1.07236
1.07529
1.09314
1.12077
1.15231
1.18305
1.21001
1.23162
1.2472
1.25646
1.25928
1.25562
1.24561
1.22967
1.20853
1.18321
1.15514
1.1262
1.09877
1.07542
1.05889
1.05152
1.05488
1.06928
1.0936
1.12546
1.1615
1.19798
1.23164
1.26022
1.28258
1.29821
1.30654
1.30681
1.29861
1.2827
1.26128
1.23751
1.21482
1.19553
1.18012
1.16777
1.15763
1.15004
1.14677
1.15
1.1608
1.17812
1.19897
1.21937
1.23558
1.24515
1.24726
1.24259
1.23269
1.21958
1.20523
1.1912
1.17849
1.1675
1.15861
1.15243
1.15017
1.15394
1.16583
1.18635
1.21317
1.24136
1.26503
1.27929
1.28164
1.27285
1.25693
1.23951
1.22526
1.21584
1.21026
1.20676
1.20424
1.20271
1.20293
1.20592
1.21262
1.22321
1.237
1.25223
1.26633
1.27689
1.28243
1.28257
1.27795
1.26968
1.25907
1.24745
1.23588
1.22489
1.21457
1.20486
1.19593
1.18831
1.18304
1.1814
1.18435
1.19185
1.20233
1.21296
1.22043
1.22228
1.21763
1.20727
1.19316
1.17781
1.16373
1.15301
1.14671
1.14455
1.14518
1.14698
1.14888
1.1506
1.15268
1.15624
1.1625
1.17246
1.18631
1.20295
1.21973
1.23263
1.23773
1.2328
1.21859
1.19875
1.17846
1.16213
1.15204
1.14887
1.15306
1.16559
1.18736
1.21805
1.25559
1.2964
1.33616
1.37067
1.39649
1.41151
1.4147
1.40624
1.38726
1.35976
1.32659
1.29138
1.25811
1.23036
1.21042
1.19866
1.19342
1.19141
1.18886
1.18241
1.16974
1.15019
1.12495
1.09699
1.07061
1.05038
1.03987
1.04069
1.05243
1.07344
1.10152
1.13441
1.16999
1.20631
1.24136
1.27312
1.29929
1.31754
1.32589
1.32296
1.30838
1.283
1.24905
1.2102
1.17103
1.13624
1.10955
1.09321
1.08765
1.09176
1.10341
1.12017
1.1399
1.16094
1.18196
1.20156
1.21805
1.22987
1.23624
1.23742
1.23472
1.23047
1.22731
1.22734
1.23125
1.23819
1.24678
1.25578
1.26437
1.27187
1.27747
1.28006
1.27857
1.27225
1.26102
1.24576
1.22827
1.21076
1.19524
1.18284
1.17335
1.16587
1.15966
1.1553
1.15488
1.16104
1.17589
1.19986
1.23139
1.26712
1.30266
1.33363
1.3563
1.36825
1.36876
1.35872
1.34055
1.31746
1.29237
1.26679
1.24059
1.21257
1.18148
1.14685
1.10972
1.07312
1.04161
1.02037
1.01327
1.02116
1.04159
1.07003
1.10147
1.13185
1.15894
1.18228
1.20286
1.22236
1.24234
1.26329
1.28419
1.30274
1.31598
1.32116
1.31657
1.30192
1.27839
1.24847
1.21533
1.18224
1.15221
1.12785
1.11116
1.10318
1.10373
1.11116
1.12277
1.13552
1.14667
1.15456
1.15884
1.16072
1.16245
1.16634
1.17396
1.18579
1.2014
1.21992
1.24015
1.26057
1.27951
1.2954
1.30682
1.3124
1.31105
1.30227
1.28661
1.26593
1.24315
1.22185
1.20561
1.19671
1.19531
1.19909
1.20417
1.20673
1.20446
1.19721
1.1869
1.17683
1.17034
1.16944
1.17409
1.1826
1.19241
1.20119
1.20745
1.21066
1.21118
1.20971
1.20699
1.20348
1.19943
1.195
1.19031
1.18555
1.18093
1.17646
1.17191
1.16696
1.1613
1.15498
1.14864
1.14359
1.14128
1.14256
1.14713
1.15381
1.16108
1.16791
1.17396
1.1793
1.1839
1.1874
1.1893
1.18933
1.18773
1.18545
1.18404
1.18509
1.1898
1.19835
1.21
1.22347
1.23718
1.2498
1.26024
1.26774
1.27167
1.27173
1.26798
1.26104
1.25186
1.24144
1.23061
1.22012
1.21102
1.20483
1.20321
1.20762
1.21878
1.23617
1.25792
1.28105
1.30207
1.31768
1.32555
1.32486
1.31613
1.30106
1.28177
1.26021
1.23783
1.2154
1.19329
1.17178
1.15137
1.13281
1.11697
1.10452
1.09568
1.09012
1.087
1.08517
1.08336
1.08034
1.07531
1.06844
1.06111
1.05576
1.05537
1.06265
1.07924
1.10526
1.13926
1.17843
1.21941
1.25919
1.2955
1.32687
1.35229
1.37092
1.38196
1.38454
1.37791
1.36149
1.33525
1.29983
1.25687
1.2091
1.16041
1.11568
1.08003
1.05776
1.05112
1.05988
1.0817
1.11287
1.1488
1.18455
1.21536
1.23754
1.24938
1.2514
1.24603
1.23668
1.22653
1.21767
1.21098
1.20646
1.20376
1.20247
1.20225
1.20282
1.20403
1.20593
1.20858
1.21194
1.21569
1.21918
1.22163
1.22248
1.2218
1.22071
1.22131
1.22602
1.23621
1.25122
1.26833
1.28357
1.29311
1.29442
1.28656
1.27037
1.24797
1.22222
1.19627
1.1733
1.15589
1.14568
1.14312
1.14754
1.15722
1.16975
1.18239
1.1926
1.19865
1.19976
1.19639
1.18969
1.18133
1.17286
1.16557
1.16028
1.1572
1.15611
1.15649
1.15798
1.16033
1.16359
1.16802
1.17409
1.18229
1.19286
1.20562
1.21982
1.23428
1.24761
1.25847
1.26598
1.26998
1.27108
1.27035
1.2688
1.26703
1.26505
1.26231
1.258
1.25148
1.24284
1.23287
1.22266
1.21284
1.20301
1.19183
1.17803
1.16187
1.1461
1.13468
1.13038
1.1336
1.14308
1.15717
1.17414
1.19232
1.21034
1.22727
1.24255
1.25553
1.26543
1.27149
1.27312
1.27
1.26233
1.25091
1.23726
1.22357
1.21242
1.20578
1.2045
1.20829
1.21587
1.22527
1.23417
1.23999
1.24056
1.23505
1.22445
1.21139
1.19892
1.18924
1.18311
1.18019
1.17943
1.17964
1.17993
1.17974
1.17871
1.1766
1.17311
1.16808
1.16188
1.15567
1.15143
1.15175
1.15893
1.1742
1.19694
1.2247
1.25357
1.27941
1.29882
1.30964
1.31105
1.30335
1.28786
1.26683
1.24361
1.22215
1.20587
1.1965
1.19368
1.19577
1.20077
1.20726
1.21441
1.22194
1.22961
1.23706
1.24367
1.24859
1.25113
1.25081
1.24757
1.24173
1.23375
1.22432
1.21437
1.20523
1.19821
1.19398
1.1917
1.18899
1.18296
1.17125
1.15297
1.12872
1.10056
1.07165
1.04571
1.02653
1.0175
1.02098
1.0378
1.06709
1.10619
1.15109
1.19727
1.24076
1.27886
1.31029
1.33501
1.35366
1.36683
1.37455
1.37625
1.3711
1.35842
1.33803
1.31044
1.27699
1.23972
1.20124
1.16456
1.13308
1.11029
1.09911
1.10091
1.11468
1.13715
1.16363
1.18925
1.21
1.22329
1.22795
1.22399
1.21259
1.19596
1.17732
1.16049
1.14929
1.14675
1.15436
1.17172
1.19658
1.22532
1.25402
1.27899
1.29767
1.30884
1.31265
1.31024
1.30313
1.29264
1.27983
1.26571
1.25113
1.23671
1.22254
1.20862
1.19544
1.18426
1.17667
1.17353
1.17426
1.17681
1.17846
1.17704
1.17199
1.1648
1.15823
1.15459
1.15466
1.1579
1.1637
1.17226
1.18426
1.2
1.21886
1.23903
1.25789
1.27255
1.28068
1.281
1.27392
1.26159
1.24727
1.23421
1.2242
1.21699
1.21097
1.20441
1.19655
1.18809
1.18077
1.17639
1.17584
1.17872
1.18437
1.19241
1.20258
1.21399
1.22509
1.23421
1.24032
1.24294
1.24158
1.23588
1.22561
1.21057
1.19046
1.16542
1.13677
1.10779
1.08359
1.06967
1.07007
1.08583
1.11525
1.1548
1.20003
1.24619
1.2887
1.32377
1.34885
1.36279
1.36562
1.35804
1.34084
1.31457
1.28021
1.23995
1.19777
1.15903
1.12926
1.11243
1.10983
1.1201
1.14025
1.16682
1.1967
1.22733
1.25622
1.28065
1.29789
1.30555
1.30205
1.28708
1.26211
1.23061
1.1976
1.1683
1.14632
1.13283
1.12742
1.12901
1.13677
1.14993
1.1675
1.18805
1.20973
1.2307
1.24927
1.26393
1.27333
1.27638
1.27296
1.26453
1.25405
1.24446
1.23675
1.2294
1.22023
1.20835
1.19487
1.18234
1.17359
1.17067
1.17433
1.18388
1.19781
1.21422
1.23121
1.24707
1.26017
1.2687
1.27094
1.26562
1.25265
1.23337
1.21064
1.18805
1.16914
1.15643
1.15053
1.15001
1.15188
1.15293
1.15097
1.14572
1.13874
1.13257
1.12995
1.13281
1.1418
1.1564
1.17507
1.196
1.21765
1.23918
1.26053
1.28188
1.30253
1.32015
1.33139
1.33319
1.32398
1.30396
1.27486
1.23947
1.20145
1.16498
1.13439
1.11351
1.10468
1.10799
1.12131
1.14075
1.16165
1.17989
1.19248
1.19805
1.1968
1.18998
1.1796
1.16846
1.16026
1.15898
1.16775
1.18705
1.21395
1.24286
1.26733
1.2822
1.28476
1.27478
1.25427
1.22681
1.19688
1.16896
1.14656
1.13147
1.12351
1.12134
1.12369
1.13039
1.14242
1.161
1.18628
1.2162
1.24687
1.27378
1.2933
1.3038
1.30566
1.30063
1.29108
1.27879
1.26457
1.24831
1.22975
1.20917
1.18812
1.16949
1.15698
1.15406
1.16272
1.18241
1.21026
1.2419
1.27254
1.29756
1.31315
1.31652
1.30628
1.28277
1.24841
1.20753
1.16578
1.12904
1.10226
1.08861
1.08917
1.10294
1.12704
1.15717
1.18871
1.21796
1.24306
1.26376
1.2808
1.29493
1.30636
1.31462
1.31889
1.31828
1.31181
1.29844
1.27759
1.24964
1.21679
1.1831
1.15333
1.13104
1.11689
1.10885
1.10402
1.10048
1.09811
1.09794
1.10119
1.10847
1.1197
1.13432
1.15158
1.17063
1.19039
1.20942
1.22585
1.23769
1.24335
1.24211
1.23436
1.2216
1.20608
1.19083
1.17908
1.17381
1.17683
1.18803
1.20525
1.22498
1.24347
1.25776
1.26619
1.26843
1.26523
1.25781
1.24754
1.23537
1.22156
1.2058
1.18743
1.1663
1.14362
1.12223
1.10609
1.09871
1.10159
1.11363
1.13191
1.15307
1.17434
1.19376
1.21
1.22236
1.23069
1.2356
1.23832
1.24004
1.24136
1.24233
1.24264
1.24219
1.24145
1.24137
1.24343
1.24912
1.25935
1.27328
1.28794
1.29904
1.30228
1.29481
1.27616
1.24873
1.21717
1.18724
1.16431
1.1517
1.15029
1.15888
1.17515
1.19611
1.21857
1.23938
1.25581
1.26576
1.26809
1.26258
1.24992
1.23178
1.21062
1.18928
1.17038
1.15577
1.14625
1.14145
1.14039
1.14231
1.1472
1.15603
1.16993
1.18907
1.21187
1.23499
1.25466
1.26802
1.27413
1.27379
1.26923
1.26291
1.25673
1.25173
1.24787
1.24449
1.2408
1.23643
1.2317
1.22755
1.22484
1.2239
1.22408
1.22381
1.22108
1.21416
1.20226
1.186
1.16741
1.1497
1.13627
1.12998
1.13234
1.1432
1.1607
1.18192
1.20353
1.22242
1.23623
1.24361
1.24405
1.2379
1.22624
1.21064
1.19287
1.17441
1.15643
1.13975
1.1249
1.11249
1.10324
1.09799
1.09742
1.10203
1.11191
1.12657
1.14491
1.16537
1.18623
1.20571
1.2221
1.23386
1.24003
1.24034
1.2357
1.22815
1.22039
1.21502
1.21382
1.21743
1.22527
1.23575
1.24681
1.25652
1.26364
1.26766
1.26892
1.26814
1.26577
1.26177
1.25578
1.2473
1.23599
1.222
1.20608
1.18966
1.17445
1.16222
1.15416
1.15044
1.15023
1.15226
1.15531
1.15858
1.16168
1.16431
1.16595
1.16579
1.16312
1.15773
1.15036
1.14249
1.13602
1.13264
1.13327
1.13794
1.14636
1.15864
1.17549
1.19757
1.22454
1.25452
1.2843
1.31014
1.32869
1.33787
1.33689
1.32635
1.30786
1.28372
1.25669
1.22943
1.20414
1.1824
1.16515
1.15295
1.14586
1.14332
1.14434
1.14814
1.15469
1.16436
1.17695
1.19078
1.20295
1.21021
1.2106
1.20427
1.19341
1.18129
1.17124
1.16572
1.1662
1.17354
1.18844
1.21103
1.23981
1.27109
1.29964
1.32035
1.3297
1.32662
1.31244
1.29044
1.26461
1.23863
1.21481
1.19384
1.17573
1.16127
1.15327
1.15613
1.173
1.20232
1.23793
1.27242
1.30028
1.31894
1.32787
1.32776
1.31992
1.30587
1.28725
1.26536
1.24089
1.21428
1.18655
1.15999
1.13806
1.12414
1.11997
1.12465
1.13499
1.14672
1.15583
1.15964
1.15727
1.14964
1.13914
1.12876
1.1212
1.11794
1.11923
1.12459
1.13358
1.14621
1.16264
