-6.55999
-6.54772
-6.53559
-6.52382
-6.51605
-6.51416
-6.52026
-6.52607
-6.53285
-6.53968
-6.54121
-6.53973
-6.536
-6.53605
-6.53941
-6.55221
-6.57063
-6.59093
-6.60941
-6.62534
-6.63682
-6.64609
-6.65003
-6.6512
-6.65358
-6.65555
-6.65877
-6.66238
-6.66872
-6.67241
-6.6717
-6.671
-6.6644
-6.65394
-6.64355
-6.63616
-6.632
-6.63423
-6.63885
-6.64281
-6.64863
-6.65044
-6.65039
-6.64846
-6.64244
-6.63389
-6.62383
-6.61545
-6.60524
-6.59638
-6.58947
-6.58156
-6.57208
-6.55765
-6.54554
-6.53183
-6.52155
-6.51861
-6.52549
-6.54651
-6.57796
-6.61276
-6.64832
-6.68029
-6.70778
-6.72435
-6.73024
-6.72875
-6.72057
-6.70467
-6.6803
-6.65065
-6.61959
-6.59117
-6.57357
-6.57253
-6.57807
-6.58434
-6.58909
-6.58724
-6.58129
-6.56917
-6.55656
-6.545
-6.54153
-6.54514
-6.56308
-6.59441
-6.63368
-6.6734
-6.71326
-6.73916
-6.75127
-6.7513
-6.74225
-6.72656
-6.70756
-6.68917
-6.66909
-6.65116
-6.6367
-6.62359
-6.61427
-6.60217
-6.59597
-6.59331
-6.58832
-6.58705
-6.58687
-6.58601
-6.58655
-6.59219
-6.59976
-6.61439
-6.63372
-6.65299
-6.67435
-6.69491
-6.70861
-6.71452
-6.71267
-6.70055
-6.68067
-6.6493
-6.61642
-6.5881
-6.5655
-6.55163
-6.5504
-6.55637
-6.56392
-6.57133
-6.57524
-6.57749
-6.5753
-6.5714
-6.56287
-6.55156
-6.53885
-6.52665
-6.51556
-6.50858
-6.51435
-6.53332
-6.56403
-6.59906
-6.63602
-6.66835
-6.69358
-6.70381
-6.70556
-6.69697
-6.67903
-6.65601
-6.62923
-6.60403
-6.58342
-6.57173
-6.56795
-6.57394
-6.58943
-6.60611
-6.61833
-6.61856
-6.60636
-6.58555
-6.55947
-6.53995
-6.52813
-6.52634
-6.53494
-6.54679
-6.56294
-6.58084
-6.60166
-6.62364
-6.64273
-6.65838
-6.66966
-6.67446
-6.67072
-6.66551
-6.65717
-6.64838
-6.64668
-6.64889
-6.65601
-6.65863
-6.6583
-6.65271
-6.64004
-6.6273
-6.61797
-6.61637
-6.61796
-6.62713
-6.63372
-6.63469
-6.63045
-6.61634
-6.59338
-6.56666
-6.54196
-6.5191
-6.50328
-6.49774
-6.4977
-6.50422
-6.51351
-6.52406
-6.53314
-6.5438
-6.55495
-6.57019
-6.58794
-6.60881
-6.63087
-6.64813
-6.66041
-6.66559
-6.66335
-6.65989
-6.65731
-6.65619
-6.65589
-6.66007
-6.66633
-6.66781
-6.66522
-6.6554
-6.64256
-6.62677
-6.61218
-6.60054
-6.59383
-6.59254
-6.59274
-6.59627
-6.6017
-6.61144
-6.62109
-6.63568
-6.64728
-6.65829
-6.66417
-6.66433
-6.66065
-6.65545
-6.64714
-6.64226
-6.64367
-6.65161
-6.66221
-6.67519
-6.68843
-6.69372
-6.69399
-6.68558
-6.67193
-6.65494
-6.63372
-6.61079
-6.5899
-6.56973
-6.55394
-6.54631
-6.54798
-6.55637
-6.57039
-6.58622
-6.60197
-6.61331
-6.62137
-6.6231
-6.61592
-6.60185
-6.58278
-6.56134
-6.54368
-6.53395
-6.53518
-6.54613
-6.56423
-6.5854
-6.6057
-6.62478
-6.63815
-6.6433
-6.6426
-6.63727
-6.62891
-6.61982
-6.61107
-6.6045
-6.60227
-6.60131
-6.603
-6.60581
-6.60555
-6.60683
-6.61106
-6.61473
-6.62469
-6.63738
-6.6545
-6.67432
-6.69243
-6.70718
-6.71809
-6.71695
-6.71304
-6.69964
-6.68349
-6.66506
-6.64328
-6.61849
-6.59222
-6.56585
-6.54262
-6.51627
-6.4979
-6.48704
-6.48626
-6.4915
-6.50336
-6.5186
-6.53652
-6.55853
-6.58582
-6.61625
-6.64685
-6.67321
-6.68842
-6.6959
-6.69559
-6.69221
-6.68729
-6.68137
-6.68012
-6.6756
-6.66855
-6.65729
-6.64312
-6.62199
-6.60246
-6.58503
-6.57291
-6.56664
-6.56659
-6.57033
-6.57665
-6.57853
-6.57936
-6.57576
-6.56866
-6.55953
-6.54936
-6.54084
-6.53611
-6.53765
-6.5429
-6.55617
-6.57325
-6.59446
-6.61582
-6.6374
-6.65902
-6.68172
-6.69841
-6.7137
-6.72619
-6.73254
-6.73703
-6.7409
-6.7396
-6.73427
-6.72283
-6.70387
-6.67398
-6.64224
-6.60427
-6.56246
-6.5217
-6.4895
-6.46727
-6.45598
-6.46135
-6.47566
-6.50067
-6.53093
-6.56305
-6.59774
-6.63221
-6.66264
-6.6896
-6.70767
-6.71865
-6.72073
-6.71492
-6.70066
-6.68511
-6.66206
-6.63559
-6.60712
-6.57601
-6.54692
-6.52224
-6.50506
-6.49359
-6.49181
-6.49944
-6.51262
-6.53604
-6.5612
-6.58797
-6.61128
-6.63081
-6.64635
-6.66146
-6.67533
-6.69246
-6.71319
-6.73561
-6.74965
-6.75959
-6.75753
-6.74562
-6.72475
-6.70005
-6.67398
-6.65299
-6.64005
-6.63111
-6.62788
-6.62481
-6.62102
-6.61982
-6.61161
-6.60371
-6.59458
-6.58329
-6.57
-6.55371
-6.53675
-6.52075
-6.50936
-6.50142
-6.4986
-6.50654
-6.52052
-6.5459
-6.57971
-6.62066
-6.66469
-6.70717
-6.73895
-6.76448
-6.77584
-6.77138
-6.75313
-6.72385
-6.68592
-6.64566
-6.60641
-6.56555
-6.53076
-6.49898
-6.47163
-6.45301
-6.44156
-6.44221
-6.45584
-6.482
-6.51525
-6.55325
-6.59321
-6.6304
-6.66492
-6.68981
-6.70767
-6.71785
-6.72243
-6.72045
-6.71515
-6.70604
-6.70299
-6.69699
-6.69797
-6.70632
-6.71504
-6.72459
-6.73415
-6.73677
-6.73457
-6.72746
-6.72051
-6.71045
-6.7022
-6.69595
-6.69152
-6.68488
-6.67637
-6.6643
-6.64811
-6.62816
-6.61008
-6.58985
-6.56771
-6.54972
-6.53579
-6.5237
-6.51069
-6.49431
-6.47838
-6.46324
-6.45345
-6.45446
-6.46723
-6.48965
-6.51386
-6.53825
-6.55897
-6.57306
-6.58568
-6.59237
-6.5967
-6.59835
-6.59507
-6.59005
-6.58799
-6.5843
-6.5829
-6.58519
-6.58881
-6.59644
-6.60209
-6.60717
-6.60942
-6.61265
-6.61739
-6.62381
-6.63141
-6.64565
-6.65719
-6.66813
-6.67434
-6.67602
-6.67306
-6.66452
-6.65617
-6.64304
-6.62511
-6.60378
-6.58072
-6.56551
-6.56393
-6.58264
-6.61447
-6.65304
-6.69272
-6.72882
-6.75661
-6.77833
-6.78608
-6.78542
-6.76981
-6.74707
-6.71761
-6.68745
-6.65717
-6.63165
-6.61678
-6.60489
-6.5994
-6.60262
-6.6133
-6.62635
-6.63861
-6.64727
-6.65326
-6.65094
-6.64198
-6.62255
-6.60033
-6.57645
-6.55174
-6.53053
-6.5136
-6.50284
-6.49742
-6.49688
-6.50388
-6.5151
-6.53299
-6.56009
-6.59195
-6.6301
-6.66282
-6.6956
-6.72249
-6.74424
-6.75793
-6.76558
-6.76815
-6.76193
-6.7453
-6.72337
-6.6956
-6.66602
-6.63617
-6.61094
-6.59477
-6.58766
-6.58525
-6.58557
-6.58594
-6.58585
-6.5881
-6.59228
-6.59475
-6.60031
-6.60606
-6.61031
-6.61558
-6.61953
-6.62491
-6.63094
-6.6396
-6.64625
-6.64838
-6.64547
-6.63957
-6.62905
-6.61662
-6.60633
-6.59359
-6.58029
-6.56972
-6.55879
-6.55193
-6.54948
-6.55372
-6.56299
-6.57582
-6.59377
-6.61206
-6.63007
-6.64573
-6.65846
-6.66236
-6.65787
-6.64295
-6.62221
-6.59156
-6.55771
-6.53027
-6.51065
-6.50693
-6.52253
-6.55539
-6.59908
-6.64945
-6.69804
-6.74496
-6.78454
-6.80809
-6.81737
-6.81309
-6.79483
-6.76946
-6.7362
-6.70419
-6.67332
-6.64901
-6.63399
-6.62567
-6.62038
-6.61679
-6.60955
-6.60126
-6.59074
-6.57662
-6.56038
-6.54496
-6.52994
-6.51747
-6.51146
-6.50831
-6.50962
-6.51267
-6.52012
-6.53018
-6.54386
-6.55967
-6.57538
-6.59275
-6.6098
-6.6205
-6.63049
-6.63661
-6.63634
-6.63205
-6.62396
-6.61317
-6.59642
-6.58053
-6.56843
-6.55762
-6.55382
-6.55871
-6.57063
-6.59099
-6.61674
-6.64383
-6.6703
-6.69153
-6.70407
-6.70831
-6.70397
-6.68834
-6.66547
-6.64091
-6.6148
-6.59217
-6.57326
-6.56501
-6.56338
-6.57341
-6.5904
-6.61006
-6.63452
-6.6612
-6.68501
-6.7034
-6.718
-6.72977
-6.74004
-6.74625
-6.74753
-6.74342
-6.73116
-6.71116
-6.6842
-6.65106
-6.61195
-6.57766
-6.54754
-6.52108
-6.50435
-6.49856
-6.50257
-6.51982
-6.5408
-6.56687
-6.59354
-6.61524
-6.62882
-6.63074
-6.61563
-6.59533
-6.56741
-6.54239
-6.52205
-6.51053
-6.50771
-6.51392
-6.52692
-6.54824
-6.5746
-6.60619
-6.6386
-6.66596
-6.68575
-6.69272
-6.69454
-6.69037
-6.68267
-6.67808
-6.66917
-6.66177
-6.65425
-6.6434
-6.62916
-6.61216
-6.59923
-6.59372
-6.60119
-6.61695
-6.64049
-6.673
-6.70076
-6.72248
-6.72873
-6.71998
-6.7032
-6.67947
-6.64988
-6.62322
-6.60031
-6.58362
-6.57674
-6.5725
-6.58188
-6.59411
-6.60986
-6.62612
-6.64023
-6.65332
-6.65838
-6.6613
-6.65778
-6.65229
-6.64434
-6.63696
-6.63251
-6.62965
-6.63288
-6.64052
-6.64886
-6.65672
-6.66125
-6.65895
-6.64983
-6.63132
-6.60724
-6.57756
-6.54624
-6.51881
-6.49726
-6.48621
-6.48294
-6.49189
-6.50704
-6.52331
-6.54187
-6.56234
-6.58104
-6.6006
-6.62515
-6.64954
-6.67146
-6.68768
-6.69604
-6.69684
-6.68875
-6.67075
-6.6498
-6.62869
-6.60736
-6.58938
-6.57592
-6.57238
-6.57748
-6.58618
-6.60037
-6.61166
-6.62027
-6.62322
-6.61784
-6.6109
-6.60482
-6.60052
-6.60023
-6.59953
-6.59913
-6.60147
-6.60021
-6.59808
-6.60027
-6.60374
-6.60798
-6.61408
-6.62431
-6.64263
-6.66751
-6.69264
-6.72094
-6.74532
-6.76955
-6.78712
-6.79831
-6.80107
-6.79679
-6.78428
-6.76691
-6.74559
-6.72033
-6.69334
-6.66433
-6.63553
-6.60648
-6.57672
-6.54787
-6.52538
-6.51044
-6.50229
-6.50468
-6.51543
-6.53
-6.54954
-6.56907
-6.58626
-6.60061
-6.61092
-6.61796
-6.62435
-6.62865
-6.63658
-6.64137
-6.64618
-6.64205
-6.63608
-6.62347
-6.60841
-6.58774
-6.56458
-6.54277
-6.523
-6.50718
-6.49862
-6.49626
-6.50229
-6.51119
-6.52062
-6.53517
-6.54821
-6.56036
-6.57707
-6.59543
-6.61264
-6.62711
-6.6364
-6.63709
-6.63313
-6.62761
-6.62519
-6.62575
-6.62941
-6.64174
-6.65184
-6.66644
-6.67963
-6.69496
-6.715
-6.74025
-6.76438
-6.7852
-6.79735
-6.80286
-6.80278
-6.79544
-6.78529
-6.76713
-6.74837
-6.72582
-6.70377
-6.67902
-6.65214
-6.62695
-6.60486
-6.58281
-6.56527
-6.55163
-6.5419
-6.53241
-6.52689
-6.52641
-6.5312
-6.54058
-6.55517
-6.57165
-6.58626
-6.60332
-6.61455
-6.62068
-6.62542
-6.62347
-6.61848
-6.60935
-6.59573
-6.58075
-6.56155
-6.53866
-6.51313
-6.48504
-6.45862
-6.43211
-6.40941
-6.39843
-6.40238
-6.42179
-6.46317
-6.51579
-6.57203
-6.62894
-6.67952
-6.71706
-6.73556
-6.74113
-6.7314
-6.71402
-6.69627
-6.68275
-6.67458
-6.66902
-6.67318
-6.67719
-6.68107
-6.68296
-6.67631
-6.66638
-6.65566
-6.64483
-6.63311
-6.62659
-6.62848
-6.64089
-6.65764
-6.67726
-6.69634
-6.71405
-6.72623
-6.73139
-6.73127
-6.72073
-6.70326
-6.68045
-6.65125
-6.61984
-6.58812
-6.55689
-6.52965
-6.51179
-6.5048
-6.50666
-6.51784
-6.53378
-6.55387
-6.57053
-6.58488
-6.59188
-6.59381
-6.58591
-6.57372
-6.55784
-6.54125
-6.52713
-6.5195
-6.52481
-6.53876
-6.56354
-6.59039
-6.62202
-6.6487
-6.66937
-6.68153
-6.68231
-6.67506
-6.65997
-6.63896
-6.60971
-6.57894
-6.55351
-6.52988
-6.51606
-6.51592
-6.53185
-6.55976
-6.59862
-6.63971
-6.6779
-6.70766
-6.72809
-6.73406
-6.72852
-6.71651
-6.70203
-6.69178
-6.68464
-6.67902
-6.6785
-6.6751
-6.6694
-6.6594
-6.64603
-6.62888
-6.61007
-6.59132
-6.57915
-6.57508
-6.57915
-6.58642
-6.5985
-6.61109
-6.6235
-6.63579
-6.64801
-6.65724
-6.66356
-6.66642
-6.66832
-6.67093
-6.67353
-6.6725
-6.66776
-6.66178
-6.65251
-6.63673
-6.61831
-6.60009
-6.57922
-6.56036
-6.5421
-6.52935
-6.51968
-6.51746
-6.52626
-6.53941
-6.55866
-6.58534
-6.6123
-6.63652
-6.65529
-6.66738
-6.67303
-6.67452
-6.66696
-6.65571
-6.64117
-6.61829
-6.59393
-6.56531
-6.53514
-6.51119
-6.49475
-6.4876
-6.48763
-6.50052
-6.51925
-6.545
-6.57573
-6.60731
-6.63763
-6.66169
-6.67743
-6.68526
-6.68857
-6.68492
-6.68061
-6.67242
-6.66235
-6.65384
-6.64403
-6.63811
-6.63265
-6.6302
-6.63504
-6.64957
-6.66917
-6.69081
-6.71288
-6.73156
-6.74636
-6.75353
-6.75523
-6.74985
-6.73937
-6.72376
-6.69886
-6.66931
-6.63253
-6.5892
-6.54393
-6.4953
-6.44655
-6.40313
-6.36764
-6.34212
-6.33257
-6.33901
-6.36265
-6.40087
-6.45163
-6.50851
-6.57184
-6.63733
-6.70157
-6.75825
-6.80081
-6.83102
-6.83964
-6.83363
-6.81175
-6.77827
-6.73794
-6.69523
-6.65548
-6.62333
-6.59579
-6.57431
-6.55797
-6.54978
-6.54847
-6.54946
-6.55667
-6.56636
-6.57731
-6.58629
-6.5926
-6.59509
-6.59665
-6.59496
-6.59194
-6.5923
-6.59636
-6.60965
-6.6309
-6.65588
-6.67983
-6.69558
-6.70021
-6.69643
-6.68345
-6.66244
-6.63533
-6.61051
-6.59395
-6.58926
-6.60234
-6.62262
-6.65162
-6.68238
-6.70801
-6.72409
-6.73179
-6.72746
-6.71071
-6.68559
-6.65686
-6.62428
-6.59973
-6.58232
-6.57647
-6.57281
-6.57842
-6.57949
-6.5796
-6.57894
-6.57578
-6.57956
-6.58956
-6.60505
-6.62683
-6.65009
-6.67693
-6.69739
-6.70843
-6.70215
-6.67842
-6.64047
-6.59108
-6.53563
-6.4831
-6.44172
-6.41407
-6.40628
-6.4213
-6.45164
-6.49429
-6.54757
-6.60333
-6.65606
-6.70122
-6.74061
-6.77199
-6.79269
-6.8007
-6.80377
-6.79981
-6.7863
-6.76835
-6.7459
-6.71786
-6.68498
-6.65273
-6.61959
-6.59324
-6.57215
-6.55718
-6.54891
-6.54252
-6.53908
-6.53787
-6.53444
-6.53591
-6.53572
-6.54115
-6.55043
-6.56661
-6.58847
-6.61234
-6.6363
-6.65939
-6.67829
-6.69074
-6.69631
-6.69245
-6.68362
-6.6711
-6.66313
-6.66259
-6.66819
-6.67634
-6.68485
-6.68972
-6.68909
-6.68337
-6.67015
-6.64863
-6.62473
-6.6
-6.58038
-6.56443
-6.55586
-6.55437
-6.54733
-6.54178
-6.5348
-6.5271
-6.51773
-6.51014
-6.50732
-6.51294
-6.52563
-6.54232
-6.56934
-6.59835
-6.62992
-6.66055
-6.69187
-6.72029
-6.74415
-6.76004
-6.76681
-6.76523
-6.75709
-6.74376
-6.72702
-6.70878
-6.69001
-6.66984
-6.64642
-6.62315
-6.59737
-6.57346
-6.55303
-6.53997
-6.53584
-6.54134
-6.55555
-6.5773
-6.60065
-6.62587
-6.64623
-6.66632
-6.67672
-6.67757
-6.67032
-6.65497
-6.63057
-6.59989
-6.57032
-6.54029
-6.51784
-6.50185
-6.49785
-6.50154
-6.51817
-6.53999
-6.56117
-6.58407
-6.60082
-6.61361
-6.62479
-6.63229
-6.63435
-6.63232
-6.6286
-6.61718
-6.60556
-6.59283
-6.57777
-6.56524
-6.56157
-6.5688
-6.58812
-6.61492
-6.64142
-6.66721
-6.6845
-6.69468
-6.69898
-6.69669
-6.68821
-6.67356
-6.65616
-6.63445
-6.61593
-6.60221
-6.59213
-6.58931
-6.59078
-6.59354
-6.59851
-6.6018
-6.60523
-6.60886
-6.61312
-6.61279
-6.60888
-6.60391
-6.59187
-6.5762
-6.55994
-6.55116
-6.5499
-6.55258
-6.55748
-6.55658
-6.55162
-6.54656
-6.54325
-6.54722
-6.55936
-6.57877
-6.6021
-6.62815
-6.65092
-6.67013
-6.67864
-6.67998
-6.6757
-6.6718
-6.66932
-6.66748
-6.67007
-6.67588
-6.67954
-6.68532
-6.68666
-6.68376
-6.67829
-6.67122
-6.66609
-6.65972
-6.65674
-6.65485
-6.65246
-6.65171
-6.64738
-6.63988
-6.62967
-6.61465
-6.59605
-6.57603
-6.55807
-6.54404
-6.53321
-6.52646
-6.52499
-6.526
-6.52926
-6.53636
-6.54744
-6.56245
-6.57811
-6.59306
-6.60841
-6.62452
-6.63939
-6.65728
-6.67265
-6.68491
-6.69624
-6.70497
-6.70589
-6.70383
-6.69543
-6.68307
-6.66889
-6.65201
-6.63712
-6.62696
-6.61916
-6.6152
-6.61329
-6.61699
-6.62024
-6.625
-6.63049
-6.63638
-6.64449
-6.65421
-6.66752
-6.68213
-6.69463
-6.70505
-6.71488
-6.71563
-6.70679
-6.69145
-6.67199
-6.64456
-6.61405
-6.57875
-6.54274
-6.50932
-6.48298
-6.46781
-6.46508
-6.46992
-6.48375
-6.5043
-6.52489
-6.54317
-6.56041
-6.57588
-6.58761
-6.598
-6.60797
-6.62046
-6.63037
-6.64468
-6.65466
-6.66287
-6.66837
-6.67251
-6.67187
-6.67151
-6.66732
-6.66562
-6.66167
-6.65768
-6.65575
-6.6552
-6.65287
-6.64891
-6.64126
-6.63296
-6.62291
-6.61034
-6.59796
-6.58625
-6.57802
-6.57426
-6.57081
-6.5668
-6.56086
-6.55101
-6.54278
-6.53527
-6.53158
-6.53467
-6.54837
-6.56839
-6.58988
-6.61265
-6.62724
-6.63674
-6.64098
-6.64384
-6.6376
-6.63127
-6.62225
-6.61242
-6.60141
-6.5891
-6.57878
-6.56818
-6.55971
-6.55384
-6.55654
-6.56933
-6.59234
-6.62325
-6.65291
-6.6807
-6.69835
-6.70831
-6.70615
-6.69261
-6.67225
-6.64741
-6.61683
-6.58363
-6.54903
-6.5178
-6.49371
-6.47766
-6.47492
-6.4842
-6.50429
-6.53535
-6.57358
-6.6144
-6.65378
-6.68906
-6.71344
-6.72686
-6.73138
-6.72794
-6.71332
-6.69319
-6.66768
-6.63902
-6.61445
-6.59639
-6.58835
-6.58442
-6.58905
-6.59272
-6.60038
-6.60475
-6.61194
-6.62209
-6.63133
-6.63884
-6.6465
-6.65434
-6.65827
-6.65421
-6.64761
-6.63281
-6.60994
-6.58729
-6.57069
-6.56258
-6.56738
-6.57976
-6.59735
-6.61203
-6.61939
-6.62322
-6.63069
-6.64398
-6.6661
-6.69501
-6.72593
-6.75302
-6.77364
-6.77873
-6.77086
-6.74867
-6.7138
-6.6733
-6.62946
-6.58903
-6.55353
-6.52849
-6.51548
-6.5123
-6.51834
-6.53275
-6.54947
-6.56869
-6.58949
-6.60561
-6.61734
-6.62383
-6.62363
-6.61972
-6.61119
-6.60286
-6.59846
-6.59801
-6.60132
-6.6111
-6.62178
-6.63284
-6.64237
-6.64803
-6.65207
-6.65105
-6.64616
-6.64077
-6.63563
-6.63493
-6.63636
-6.64087
-6.64701
-6.65017
-6.64677
-6.63898
-6.62995
-6.6204
-6.60757
-6.59562
-6.58865
-6.58519
-6.58474
-6.58893
-6.59322
-6.59752
-6.60186
-6.61014
-6.62177
-6.63503
-6.65461
-6.67474
-6.69652
-6.71346
-6.71766
-6.71541
-6.7055
-6.69015
-6.66478
-6.6355
-6.59906
-6.56297
-6.5275
-6.49968
-6.47962
-6.46992
-6.47004
-6.47465
-6.48162
-6.49119
-6.49778
-6.50704
-6.51246
-6.517
-6.52262
-6.53447
-6.55463
-6.57903
-6.60943
-6.64351
-6.67925
-6.7121
-6.73455
-6.74736
-6.74852
-6.73803
-6.71653
-6.68673
-6.6545
-6.61935
-6.59137
-6.56954
-6.55393
-6.545
-6.54308
-6.54868
-6.55378
-6.56224
-6.57516
-6.58733
-6.60214
-6.61782
-6.63613
-6.65256
-6.66637
-6.67863
-6.68818
-6.69411
-6.69203
-6.68656
-6.67466
-6.656
-6.63709
-6.61521
-6.59253
-6.5731
-6.55689
-6.54642
-6.5443
-6.5456
-6.55385
-6.56959
-6.5867
-6.61162
-6.63532
-6.65416
-6.6702
-6.68113
-6.69209
-6.69883
-6.7046
-6.70695
-6.70771
-6.70985
-6.70751
-6.7127
-6.71409
-6.71581
-6.71581
-6.71347
-6.70615
-6.69033
-6.66571
-6.6339
-6.59414
-6.55245
-6.51513
-6.49044
-6.47882
-6.48103
-6.4967
-6.51528
-6.53645
-6.55311
-6.56111
-6.56718
-6.57149
-6.57869
-6.58873
-6.60097
-6.61368
-6.62332
-6.63251
-6.63586
-6.63653
-6.63847
-6.63863
-6.64473
-6.65046
-6.65788
-6.66595
-6.66781
-6.66367
-6.65387
-6.64142
-6.62312
-6.60714
-6.58954
-6.57733
-6.56713
-6.56169
-6.55752
-6.55506
-6.55555
-6.55877
-6.56246
-6.57145
-6.58361
-6.59748
-6.61036
-6.62782
-6.64274
-6.65299
-6.66164
-6.66076
-6.65544
-6.64452
-6.63057
-6.61722
-6.60747
-6.61067
-6.62086
-6.63539
-6.65308
-6.66993
-6.68316
-6.68841
-6.68871
-6.67728
-6.66109
-6.64232
-6.62407
-6.60926
-6.59443
-6.58336
-6.57092
-6.56222
-6.55428
-6.55033
-6.55358
-6.56859
-6.59134
-6.62191
-6.6564
-6.69147
-6.72095
-6.74071
-6.75014
-6.75026
-6.73992
-6.72274
-6.70374
-6.67925
-6.65524
-6.62781
-6.60303
-6.57978
-6.56554
-6.56149
-6.56605
-6.5714
-6.57379
-6.57253
-6.57012
-6.56934
-6.57386
-6.5823
-6.59594
-6.61527
-6.63702
-6.6585
-6.67572
-6.68642
-6.68766
-6.68139
-6.67247
-6.66353
-6.65532
-6.65091
-6.65044
-6.64812
-6.64828
-6.65382
-6.65968
-6.66438
-6.66529
-6.65858
-6.64533
-6.62167
-6.59104
-6.56107
-6.53425
-6.51596
-6.50678
-6.50927
-6.52087
-6.54239
-6.56511
-6.58522
-6.60018
-6.60678
-6.60648
-6.60148
-6.59316
-6.58635
-6.58457
-6.59125
-6.60133
-6.61626
-6.63248
-6.64848
-6.66456
-6.67935
-6.69207
-6.70569
-6.71839
-6.73115
-6.74007
-6.74315
-6.74262
-6.73287
-6.71969
-6.69809
-6.67311
-6.64398
-6.62217
-6.60429
-6.59124
-6.58525
-6.58497
-6.57995
-6.57145
-6.56189
-6.54332
-6.53402
-6.5325
-6.53986
-6.55655
-6.57684
-6.60046
-6.62604
-6.65001
-6.66858
-6.68268
-6.69465
-6.70027
-6.70154
-6.69803
-6.69045
-6.67529
-6.66094
-6.64744
-6.6355
-6.62239
-6.61156
-6.6004
-6.5882
-6.57319
-6.55909
-6.54806
-6.53679
-6.52721
-6.52124
-6.5202
-6.52136
-6.53188
-6.54796
-6.56893
-6.58918
-6.61254
-6.63157
-6.64251
-6.64633
-6.64646
-6.64566
-6.64539
-6.6508
-6.66028
-6.67043
-6.67609
-6.6776
-6.67234
-6.65877
-6.63632
-6.61255
-6.58974
-6.57408
-6.56503
-6.56666
-6.57817
-6.59673
-6.61843
-6.64273
-6.66242
-6.67759
-6.68523
-6.68974
-6.68966
-6.68921
-6.68451
-6.68341
-6.68156
-6.68143
-6.68306
-6.68751
-6.68906
-6.6842
-6.67405
-6.65908
-6.63914
-6.6213
-6.60263
-6.58795
-6.5778
-6.56895
-6.55907
-6.55011
-6.53937
-6.52518
-6.51601
-6.50833
-6.506
-6.51281
-6.52511
-6.54264
-6.56123
-6.58097
-6.60023
-6.61193
-6.61311
-6.60745
-6.59482
-6.57806
-6.56394
-6.55094
-6.54174
-6.53635
-6.53535
-6.54393
-6.56149
-6.58499
-6.6148
-6.64652
-6.6809
-6.70912
-6.73435
-6.75057
-6.75895
-6.75551
-6.74493
-6.72297
-6.69262
-6.66365
-6.63452
-6.6123
-6.59657
-6.58666
-6.58101
-6.57805
-6.57575
-6.57356
-6.57101
-6.56929
-6.56825
-6.57824
-6.59075
-6.60904
-6.63024
-6.66104
-6.68887
-6.71635
-6.73988
-6.7531
-6.75411
-6.74509
-6.7217
-6.68927
-6.6499
-6.60733
-6.56729
-6.53488
-6.51566
-6.50967
-6.51669
-6.5354
-6.56321
-6.59641
-6.62782
-6.65965
-6.68378
-6.70198
-6.71253
-6.71733
-6.71527
-6.71069
-6.7022
-6.68737
-6.67463
-6.6557
-6.63623
-6.61929
-6.60382
-6.5921
-6.58398
-6.58077
-6.58303
-6.58974
-6.59532
-6.60576
-6.61215
-6.61639
-6.6162
-6.61292
-6.60854
-6.59967
-6.5915
-6.58544
-6.58244
-6.58422
-6.58893
-6.59601
-6.60322
-6.60596
-6.60523
-6.59939
-6.58859
-6.57568
-6.56194
-6.55571
-6.55234
-6.55669
-6.56728
-6.57859
-6.58504
-6.59251
-6.59053
-6.58573
-6.57481
-6.56051
-6.54754
-6.53739
-6.53413
-6.5379
-6.54569
-6.56045
-6.58035
-6.60606
-6.6345
-6.66602
-6.69567
-6.72292
-6.75031
-6.77237
-6.78909
-6.80165
-6.80828
-6.80834
-6.80179
-6.78795
-6.7672
-6.74499
-6.71732
-6.68674
-6.65687
-6.62778
-6.60437
-6.58256
-6.56395
-6.55337
-6.54722
-6.54655
-6.55077
-6.55493
-6.55854
-6.56186
-6.56188
-6.55565
-6.54961
-6.5454
-6.54603
-6.55352
-6.56183
-6.57047
-6.58353
-6.59742
-6.61576
-6.63839
-6.66202
-6.68853
-6.71335
-6.7292
-6.7394
-6.73991
-6.73252
-6.71244
-6.68187
-6.64029
-6.59116
-6.53612
-6.48425
-6.44363
-6.42038
-6.4118
-6.4279
-6.46123
-6.5068
-6.55884
-6.61174
-6.65199
-6.68139
-6.69351
-6.68987
-6.67852
-6.66705
-6.65231
-6.64296
-6.63804
-6.64083
-6.64716
-6.65489
-6.66354
-6.67264
-6.67929
-6.68115
-6.67614
-6.67011
-6.66236
-6.65133
-6.64356
-6.63826
-6.6338
-6.63297
-6.63339
-6.63064
-6.62632
-6.62041
-6.61253
-6.60109
-6.59228
-6.5858
-6.57791
-6.57353
-6.57166
-6.57513
-6.5814
-6.58859
-6.5978
-6.61206
-6.62256
-6.63442
-6.64768
-6.65985
-6.66928
-6.67408
-6.67013
-6.66701
-6.65719
-6.64735
-6.63727
-6.63243
-6.63432
-6.63846
-6.64392
-6.64563
-6.63776
-6.62127
-6.59351
-6.56172
-6.52923
-6.50028
-6.4796
-6.47028
-6.47228
-6.48378
-6.50823
-6.53568
-6.56686
-6.59508
-6.61803
-6.63398
-6.63851
-6.63516
-6.62281
-6.61225
-6.59996
-6.58823
-6.58309
-6.58393
-6.58572
-6.58868
-6.59421
-6.60405
-6.61656
-6.63757
-6.66058
-6.68906
-6.71796
-6.7409
-6.75932
-6.75896
-6.75246
-6.73214
-6.7036
-6.66475
-6.62827
-6.58966
-6.55681
-6.53089
-6.51391
-6.50912
-6.50989
-6.51945
-6.53785
-6.55838
-6.57946
-6.59796
-6.61105
-6.61937
-6.62052
-6.62296
-6.63054
-6.63919
-6.64845
-6.65953
-6.67016
-6.67708
-6.67943
-6.67861
-6.674
-6.66471
-6.65109
-6.63026
-6.60762
-6.584
-6.56234
-6.54913
-6.54529
-6.552
-6.56947
-6.5906
-6.61359
-6.63444
-6.65458
-6.66996
-6.6778
-6.67811
-6.67346
-6.66143
-6.64561
-6.63041
-6.61344
-6.60095
-6.59364
-6.59487
-6.60168
-6.61394
-6.6314
-6.65007
-6.67026
-6.68494
-6.69265
-6.69421
-6.6914
-6.68308
-6.6717
-6.66116
-6.6511
-6.64135
-6.63645
-6.63366
-6.63238
-6.63167
-6.63029
-6.62477
-6.61163
-6.59126
-6.56669
-6.53994
-6.5158
-6.49719
-6.49412
-6.50259
-6.52394
-6.55081
-6.58236
-6.6109
-6.63687
-6.6562
-6.66574
-6.66873
-6.66497
-6.65403
-6.63241
-6.61125
-6.59093
-6.57282
-6.56407
-6.56272
-6.56546
-6.5721
-6.57895
-6.58869
-6.60001
-6.61243
-6.62322
-6.63713
-6.6499
-6.66147
-6.66944
-6.67667
-6.68105
-6.68279
-6.68595
-6.68175
-6.6747
-6.66308
-6.65051
-6.63508
-6.61855
-6.60014
-6.5852
-6.57318
-6.56446
-6.56722
-6.57568
-6.58977
-6.60686
-6.61901
-6.62546
-6.62421
-6.62169
-6.61563
-6.61017
-6.60938
-6.60705
-6.606
-6.6035
-6.60151
-6.59331
-6.5884
-6.58375
-6.5867
-6.5979
-6.61458
-6.63368
-6.65478
-6.67413
-6.69215
-6.70541
-6.71579
-6.72031
-6.71671
-6.70941
-6.69725
-6.68099
-6.66198
-6.64396
-6.62894
-6.61625
-6.6061
-6.59823
-6.58867
-6.5833
-6.57888
-6.5767
-6.57755
-6.58019
-6.58251
-6.58902
-6.59459
-6.59997
-6.60824
-6.61107
-6.61087
-6.60671
-6.59832
-6.58515
-6.56508
-6.54262
-6.51798
-6.49944
-6.48746
-6.48805
-6.50207
-6.53025
-6.56649
-6.60301
-6.63501
-6.65686
-6.67316
-6.68443
-6.6885
-6.69062
-6.69423
-6.69932
-6.70131
-6.70164
-6.70022
-6.69291
-6.6812
-6.66547
-6.65088
-6.63584
-6.62317
-6.61667
-6.61598
-6.61727
-6.62608
-6.63454
-6.64488
-6.65287
-6.66212
-6.66671
-6.67142
-6.66891
-6.66741
-6.66429
-6.65985
-6.65404
-6.6455
-6.63609
-6.62752
-6.62186
-6.6185
-6.61513
-6.61172
-6.6093
-6.60347
-6.5986
-6.59531
-6.59121
-6.58822
-6.58468
-6.58702
-6.58805
-6.58928
-6.59143
-6.59256
-6.59605
-6.59584
-6.59752
-6.59399
-6.59197
-6.58449
-6.57368
-6.55898
-6.54097
-6.52571
-6.51244
-6.50657
-6.50818
-6.5171
-6.5339
-6.55665
-6.58277
-6.60762
-6.63073
-6.64579
-6.65369
-6.65399
-6.64424
-6.63223
-6.61653
-6.60517
-6.59781
-6.60011
-6.61553
-6.64022
-6.6723
-6.7058
-6.73766
-6.76454
-6.77882
-6.78026
-6.76767
-6.74605
-6.71152
-6.67336
-6.63489
-6.60157
-6.5763
-6.56188
-6.55709
-6.56602
-6.58425
-6.61206
-6.64
-6.66683
-6.68695
-6.69831
-6.70196
-6.69309
-6.67106
-6.6419
-6.60526
-6.5625
-6.524
-6.48946
-6.46696
-6.46006
-6.46835
-6.48714
-6.51836
-6.55086
-6.58876
-6.62484
-6.65834
-6.68836
-6.70749
-6.71969
-6.72518
-6.72099
-6.71014
-6.69351
-6.67281
-6.64279
-6.61069
-6.5743
-6.54195
-6.51409
-6.49362
-6.47946
-6.47659
-6.47982
-6.48645
-6.49765
-6.51363
-6.53328
-6.55971
-6.59096
-6.62391
-6.65677
-6.68576
-6.7083
-6.72297
-6.72349
-6.71233
-6.68828
-6.65819
-6.62539
-6.59705
-6.57336
-6.55793
-6.54908
-6.54526
-6.5442
-6.54487
-6.54747
-6.55251
-6.56327
-6.57647
-6.59356
-6.60788
-6.62586
-6.64235
-6.65677
-6.66623
-6.67147
-6.66911
-6.66201
-6.65181
-6.6425
-6.63604
-6.63265
-6.63347
-6.63744
-6.64199
-6.64434
-6.64675
-6.64761
-6.64518
-6.6439
-6.63804
-6.63191
-6.62756
-6.6199
-6.61283
-6.61136
-6.61507
-6.62357
-6.63739
-6.65432
-6.67143
-6.68143
-6.6878
-6.68549
-6.6736
-6.65669
-6.63559
-6.6115
-6.59039
-6.57758
-6.57176
-6.57308
-6.58146
-6.59394
-6.60426
-6.61729
-6.62718
-6.63492
-6.63875
-6.64294
-6.64404
-6.645
-6.64435
-6.64504
-6.64645
-6.64783
-6.65125
-6.65692
-6.65915
-6.659
-6.65709
-6.64966
-6.63495
-6.61927
-6.59956
-6.57976
-6.56182
-6.54591
-6.5281
-6.51118
-6.49759
-6.48387
-6.47654
-6.47658
-6.48636
-6.50417
-6.53168
-6.56381
-6.59764
-6.62999
-6.65864
-6.6784
-6.69013
-6.69197
-6.69075
-6.68085
-6.67039
-6.65913
-6.6471
-6.63711
-6.62661
-6.62063
-6.61654
-6.61876
-6.62302
-6.63329
-6.64677
-6.66248
-6.67277
-6.67678
-6.67706
-6.67105
-6.65895
-6.6455
-6.63146
-6.61735
-6.60865
-6.60202
-6.60236
-6.60395
-6.60658
-6.60768
-6.60601
-6.60101
-6.59572
-6.59134
-6.59084
-6.5955
-6.60376
-6.61868
-6.63718
-6.65289
-6.66651
-6.67541
-6.68063
-6.68269
-6.68296
-6.68248
-6.67987
-6.67597
-6.66645
-6.65521
-6.64165
-6.63065
-6.6208
-6.61664
-6.61629
-6.61858
-6.62151
-6.62665
-6.62678
-6.62485
-6.61514
-6.60435
-6.58937
-6.579
-6.57344
-6.57209
-6.57655
-6.58625
-6.59213
-6.59789
-6.60096
-6.60263
-6.60347
-6.60234
-6.60064
-6.60302
-6.609
-6.61646
-6.62668
-6.63328
-6.63584
-6.63003
-6.61973
-6.60318
-6.58563
-6.56658
-6.54883
-6.53887
-6.52999
-6.52777
-6.53146
-6.54214
-6.55566
-6.57294
-6.58934
-6.60598
-6.61914
-6.63067
-6.63736
-6.6418
-6.64306
-6.64581
-6.65068
-6.65722
-6.66748
-6.68529
-6.70376
-6.72568
-6.7459
-6.76244
-6.77248
-6.77322
-6.7657
-6.74578
-6.71816
-6.68327
-6.64513
-6.60759
-6.57557
-6.5515
-6.53805
-6.53482
-6.5336
-6.53412
-6.53289
-6.52931
-6.52999
-6.53182
-6.53179
-6.5357
-6.54327
-6.54913
-6.55913
-6.56404
-6.56517
-6.56038
-6.54967
-6.53768
-6.52906
-6.52784
-6.53678
-6.5536
-6.58123
-6.62006
-6.66293
-6.70787
-6.74699
-6.77382
-6.78906
-6.78995
-6.7826
-6.76897
-6.75287
-6.73594
-6.72081
-6.70907
-6.70183
-6.69776
-6.69132
-6.6826
-6.67015
-6.65136
-6.62917
-6.60525
-6.58055
-6.55855
-6.53902
-6.52152
-6.50742
-6.49884
-6.49856
-6.50202
-6.51228
-6.52983
-6.55446
-6.58347
-6.61143
-6.64107
-6.66783
-6.6854
-6.69665
-6.70081
-6.6973
-6.68884
-6.67395
-6.65556
-6.63255
-6.60631
-6.57825
-6.54839
-6.524
-6.50464
-6.49758
-6.4998
-6.51652
-6.54637
-6.58147
-6.62471
-6.66796
-6.71062
-6.74843
-6.7764
-6.79062
-6.78925
-6.77748
-6.75435
-6.72245
-6.68605
-6.65051
-6.62273
-6.60234
-6.59127
-6.59018
-6.5962
-6.60496
-6.61718
-6.62565
-6.634
-6.63988
-6.64286
-6.64269
-6.64271
-6.64142
-6.63424
-6.62297
-6.60938
-6.59282
-6.57934
-6.57044
-6.56353
-6.56179
-6.56501
-6.57435
-6.58429
-6.59443
-6.6015
-6.60715
-6.60888
-6.60794
-6.60586
-6.60307
-6.59517
-6.59254
-6.59324
-6.59795
-6.60685
-6.61938
-6.63026
-6.63952
-6.6467
-6.64683
-6.63732
-6.62053
-6.59853
-6.5768
-6.55315
-6.53461
-6.52705
-6.52889
-6.5449
-6.56702
-6.58936
-6.60535
-6.6169
-6.62632
-6.63483
-6.63695
-6.63245
-6.62122
-6.60603
-6.58931
-6.57703
-6.57115
-6.56996
-6.57298
-6.57946
-6.58455
-6.59062
-6.59557
-6.5984
-6.60102
-6.6056
-6.61326
-6.62319
-6.63658
-6.6497
-6.66375
-6.6775
-6.6855
-6.689
-6.68421
-6.67053
-6.65152
-6.62792
-6.60802
-6.59686
-6.58946
-6.58602
-6.58604
-6.57916
-6.57212
-6.56635
-6.56463
-6.56717
-6.57984
-6.59638
-6.61601
-6.64172
-6.65767
-6.67031
-6.67437
-6.67098
-6.66209
-6.65568
-6.65337
-6.64895
-6.65093
-6.65516
-6.66351
-6.67279
-6.6822
-6.68545
-6.68296
-6.67544
-6.66923
-6.65856
-6.6504
-6.64699
-6.63963
-6.63927
-6.64134
-6.64408
-6.65085
-6.65946
-6.66534
-6.66918
-6.66773
-6.65899
-6.64682
-6.6308
-6.61854
-6.60563
-6.59811
-6.59033
-6.58105
-6.57608
-6.57265
-6.57359
-6.57445
-6.57602
-6.57874
-6.58134
-6.58618
-6.59069
-6.60004
-6.61015
-6.62315
-6.63707
-6.65328
-6.66371
-6.67198
-6.66837
-6.65585
-6.6356
-6.60935
-6.58437
-6.56181
-6.54884
-6.54408
-6.54356
-6.5482
-6.55196
-6.55811
-6.56474
-6.56922
-6.57717
-6.58637
-6.60204
-6.61903
-6.63732
-6.65521
-6.67263
-6.68549
-6.69345
-6.69893
-6.7034
-6.70678
-6.71191
-6.71624
-6.72259
-6.72815
-6.72473
-6.71702
-6.69909
-6.6714
-6.63949
-6.60273
-6.56547
-6.53239
-6.50404
-6.48206
-6.46566
-6.45638
-6.45349
-6.45544
-6.46755
-6.48708
-6.51703
-6.55072
-6.58376
-6.61745
-6.64676
-6.67243
-6.69077
-6.7067
-6.7169
-6.72261
-6.72481
-6.72643
-6.72693
-6.73044
-6.73854
-6.75102
-6.76465
-6.77832
-6.78891
-6.79448
-6.79224
-6.77901
-6.75981
-6.72879
-6.69029
-6.64403
-6.59216
-6.53902
-6.48959
-6.4504
-6.42783
-6.42305
-6.42719
-6.44086
-6.458
-6.47661
-6.50001
-6.52723
-6.55793
-6.59506
-6.6295
-6.65869
-6.67996
-6.6889
-6.68689
-6.67485
-6.66244
-6.65648
-6.65772
-6.66755
-6.68021
-6.69378
-6.70398
-6.70929
-6.70709
-6.69565
-6.68066
-6.66133
-6.63968
-6.61811
-6.59878
-6.58316
-6.5731
-6.57054
-6.57312
-6.58213
-6.58711
-6.59207
-6.59286
-6.5899
-6.5851
-6.57768
-6.5661
-6.5519
-6.53957
-6.53035
-6.52511
-6.5277
-6.53225
-6.54111
-6.55199
-6.56541
-6.57822
-6.59445
-6.60942
-6.62585
-6.64149
-6.65614
-6.66746
-6.67757
-6.68465
-6.69167
-6.69718
-6.70481
-6.70987
-6.71074
-6.70992
-6.70505
-6.69488
-6.67862
-6.66225
-6.64127
-6.61639
-6.59188
-6.57346
-6.55916
-6.55209
-6.55191
-6.55489
-6.56084
-6.56964
-6.58152
-6.5909
-6.59668
-6.60223
-6.60503
-6.60543
-6.60091
-6.59887
-6.5926
-6.58513
-6.57899
-6.57521
-6.5763
-6.58702
-6.61011
-6.63821
-6.67386
-6.70702
-6.73256
-6.75063
-6.7534
-6.73984
-6.71631
-6.67996
-6.64183
-6.60291
-6.57488
-6.56032
-6.55992
-6.57155
-6.59208
-6.61695
-6.64522
-6.67359
-6.69992
-6.72242
-6.73806
-6.74562
-6.74471
-6.73736
-6.72185
-6.6973
-6.66292
-6.63001
-6.59617
-6.56553
-6.54026
-6.52328
-6.51737
-6.52119
-6.53196
-6.54826
-6.56796
-6.58559
-6.60295
-6.6139
-6.62139
-6.62445
-6.62661
-6.63113
-6.63494
-6.64447
-6.65478
-6.66502
-6.67031
-6.67257
-6.66853
-6.6545
-6.63806
-6.6213
-6.60678
-6.59417
-6.58688
-6.58666
-6.59206
-6.59821
-6.6073
-6.61593
-6.62503
-6.637
-6.64243
-6.64677
-6.64292
-6.63176
-6.61551
-6.5945
-6.57369
-6.55285
-6.54488
-6.5469
-6.56027
-6.58365
-6.60622
-6.62513
-6.63871
-6.64912
-6.65767
-6.66562
-6.67419
-6.67888
-6.67939
-6.67569
-6.66559
-6.65166
-6.63543
-6.619
-6.59949
-6.58249
-6.56668
-6.5522
-6.53835
-6.52701
-6.52252
-6.52476
-6.53561
-6.54378
-6.56249
-6.57918
-6.59805
-6.61544
-6.63341
-6.64701
-6.65666
-6.66821
-6.67955
-6.68604
-6.69453
-6.69834
-6.6982
-6.69569
-6.68785
-6.67856
-6.66499
-6.64981
-6.63449
-6.62147
-6.60954
-6.60469
-6.60272
-6.60041
-6.60332
-6.60884
-6.61487
-6.62508
-6.64126
-6.65598
-6.66628
-6.67468
-6.67969
-6.67617
-6.66502
-6.64843
-6.62759
-6.60688
-6.59027
-6.58091
-6.57617
-6.57686
-6.57923
-6.57713
-6.5738
-6.5697
-6.56364
-6.55837
-6.55316
-6.55019
-6.5509
-6.55587
-6.56477
-6.57705
-6.59084
-6.60753
-6.62547
-6.64576
-6.66334
-6.68181
-6.69763
-6.71267
-6.72453
-6.73098
-6.72842
-6.7192
-6.70166
-6.67618
-6.6435
-6.60755
-6.57092
-6.53788
-6.51427
-6.49728
-6.49002
-6.48628
-6.48542
-6.48772
-6.49542
-6.50726
-6.5289
-6.55753
-6.59009
-6.62394
-6.65755
-6.68994
-6.71577
-6.73877
-6.75659
-6.76817
-6.77452
-6.77347
-6.76616
-6.75246
-6.73224
-6.70428
-6.67305
-6.64615
-6.62101
-6.60281
-6.59364
-6.58855
-6.59248
-6.60157
-6.61337
-6.62619
-6.63531
-6.64116
-6.63515
-6.62228
-6.60338
-6.57871
-6.55281
-6.52651
-6.50648
-6.49298
-6.4824
-6.47858
-6.47781
-6.47983
-6.49123
-6.51022
-6.53705
-6.56882
-6.60308
-6.63705
-6.66346
-6.68438
-6.69689
-6.69904
-6.69588
-6.68566
-6.67222
-6.65735
-6.64501
-6.63562
-6.62897
-6.62424
-6.62542
-6.63181
-6.64082
-6.65415
-6.66746
-6.68119
-6.69512
-6.70957
-6.72231
-6.72472
-6.72029
-6.70656
-6.68217
-6.65017
-6.61105
-6.57094
-6.53097
-6.49977
-6.482
-6.47874
-6.4887
-6.50788
-6.53004
-6.55324
-6.57109
-6.5855
-6.59786
-6.6101
-6.62248
-6.63408
-6.6428
-6.6539
-6.66186
-6.67076
-6.67846
-6.68793
-6.69837
-6.71463
-6.72857
-6.74033
-6.75002
-6.75465
-6.74525
-6.72665
-6.69537
-6.65818
-6.61699
-6.57812
-6.54586
-6.52272
-6.51032
-6.50967
-6.51788
-6.53242
-6.54984
-6.57105
-6.584
-6.58903
-6.58486
-6.56991
-6.55168
-6.53419
-6.52623
-6.52337
-6.52899
-6.54172
-6.55786
-6.57644
-6.59569
-6.61411
-6.63178
-6.64993
-6.66646
-6.68672
-6.70991
-6.73122
-6.7479
-6.75753
-6.75981
-6.755
-6.74542
-6.72678
-6.70164
-6.67167
-6.63976
-6.60941
-6.58519
-6.56694
-6.55597
-6.5508
-6.54974
-6.55039
-6.55557
-6.56284
-6.572
-6.58331
-6.59787
-6.61233
-6.62792
-6.64502
-6.65932
-6.67088
-6.67553
-6.67079
-6.65637
-6.62998
-6.59918
-6.56878
-6.54315
-6.5231
-6.52054
-6.53278
-6.55949
-6.5935
-6.62941
-6.66701
-6.6997
-6.72592
-6.74984
-6.76236
-6.7692
-6.76051
-6.74335
-6.71093
-6.66798
-6.61916
-6.56483
-6.51636
-6.47773
-6.45589
-6.44663
-6.45265
-6.46853
-6.49268
-6.51962
-6.54548
-6.57298
-6.59831
-6.62381
-6.64415
-6.65988
-6.66566
-6.66453
-6.65505
-6.64716
-6.63607
-6.63011
-6.62692
-6.62445
-6.62413
-6.62267
-6.62075
-6.6203
-6.62137
-6.6214
-6.62187
-6.62141
-6.62213
-6.62069
-6.62185
-6.62021
-6.61632
-6.61538
-6.6132
-6.61106
-6.61288
-6.61636
-6.62415
-6.63401
-6.6486
-6.67002
-6.69235
-6.70826
-6.72045
-6.72303
-6.7215
-6.71496
-6.70525
-6.69283
-6.68062
-6.6667
-6.65345
-6.6375
-6.62095
-6.60025
-6.58252
-6.56781
-6.55596
-6.54701
-6.53959
-6.53373
-6.53006
-6.53072
-6.53916
-6.54854
-6.56597
-6.5839
-6.60356
-6.62794
-6.6446
-6.6583
-6.66652
-6.66971
-6.66678
-6.65482
-6.6374
-6.61806
-6.60117
-6.58758
-6.57851
-6.57896
-6.58438
-6.59235
-6.60386
-6.61652
-6.63447
-6.64884
-6.65957
-6.66746
-6.66764
-6.66921
-6.66282
-6.65562
-6.64462
-6.63305
-6.62022
-6.60896
-6.59686
-6.58627
-6.57194
-6.56007
-6.54868
-6.54159
-6.54011
-6.5487
-6.56332
-6.58114
-6.60198
-6.62418
-6.64667
-6.66658
-6.68336
-6.6959
-6.7005
-6.69564
-6.68667
-6.67177
-6.65673
-6.64806
-6.64316
-6.64365
-6.65003
-6.66088
-6.67383
-6.68077
-6.68792
-6.69266
-6.69147
-6.68915
-6.68137
-6.66901
-6.65257
-6.63056
-6.60651
-6.57757
-6.54797
-6.52282
-6.50226
-6.48865
-6.48158
-6.47979
-6.48466
-6.49052
-6.50154
-6.51879
-6.53512
-6.55619
-6.57819
-6.59572
-6.61245
-6.62744
-6.64165
-6.65878
-6.67814
-6.69358
-6.70177
-6.69748
-6.68355
-6.66053
-6.62832
-6.59565
-6.56514
-6.53787
-6.51625
-6.50146
-6.49202
-6.4937
-6.50204
-6.51826
-6.53953
-6.56247
-6.58996
-6.618
-6.64063
-6.65586
-6.66575
-6.67343
-6.67794
-6.68238
-6.6884
-6.69647
-6.70835
-6.71813
-6.7292
-6.738
-6.74317
-6.74175
-6.73982
-6.73506
-6.72292
-6.71012
-6.69086
-6.67211
-6.65572
-6.63907
-6.6266
-6.61278
-6.59956
-6.58704
-6.5747
-6.56336
-6.55008
-6.5394
-6.53106
-6.52705
-6.52893
-6.54126
-6.56214
-6.5904
-6.6217
-6.65795
-6.68968
-6.71491
-6.72532
-6.7231
-6.70683
-6.67527
-6.63398
-6.58787
-6.53796
-6.50276
-6.47804
-6.46847
-6.47819
-6.50533
-6.53984
-6.57666
-6.60938
-6.63621
-6.6569
-6.6642
-6.66733
-6.66835
-6.66795
-6.66815
-6.66777
-6.67033
-6.66996
-6.67031
-6.66664
-6.66656
-6.66222
-6.65438
-6.64424
-6.62921
-6.61021
-6.59161
-6.57087
-6.5562
-6.54597
-6.54197
-6.54397
-6.54993
-6.56289
-6.57664
-6.59437
-6.61392
-6.63762
-6.66056
-6.6829
-6.70703
-6.72716
-6.74395
-6.75531
-6.76041
-6.75861
-6.74688
-6.7271
-6.69497
-6.66219
-6.62458
-6.59032
-6.55676
-6.53076
-6.51053
-6.50115
-6.49978
-6.50834
-6.51809
-6.52791
-6.53664
-6.54226
-6.54751
-6.55368
-6.56056
-6.57161
-6.58614
-6.60736
-6.62857
-6.64803
-6.66595
-6.67973
-6.6945
-6.7037
-6.70869
-6.70303
-6.6956
-6.68122
-6.66098
-6.63549
-6.60508
-6.57388
-6.54542
-6.52752
-6.52364
-6.5341
-6.55994
-6.59311
-6.62734
-6.65845
-6.68156
-6.69239
-6.69107
-6.6768
-6.65223
-6.62602
-6.59888
-6.57962
-6.57036
-6.57253
-6.58082
-6.59066
-6.59841
-6.60308
-6.60204
-6.60072
-6.60046
-6.60315
-6.60927
-6.61721
-6.6268
-6.6375
-6.64275
-6.64516
-6.64794
-6.65244
-6.65969
-6.6624
-6.66018
-6.65501
-6.64238
-6.62539
-6.60675
-6.58618
-6.56905
-6.5523
-6.53598
-6.51877
-6.50728
-6.50122
-6.50262
-6.51285
-6.53126
-6.55729
-6.58714
-6.61633
-6.64823
-6.67388
-6.69477
-6.70581
-6.7118
-6.71467
-6.71214
-6.70697
-6.69975
-6.68998
-6.6798
-6.67064
-6.65954
-6.65135
-6.6425
-6.63866
-6.63411
-6.63169
-6.62336
-6.61305
-6.60066
-6.58768
-6.57716
-6.57152
-6.56937
-6.57594
-6.59017
-6.6089
-6.63129
-6.65373
-6.67392
-6.68584
-6.69375
-6.69489
-6.68666
-6.67405
-6.6566
-6.64034
-6.62494
-6.61512
-6.60985
-6.61269
-6.61858
-6.62576
-6.63047
-6.63302
-6.62983
-6.62083
-6.60913
-6.59332
-6.57876
-6.56482
-6.55035
-6.53594
-6.52152
-6.50783
-6.49467
-6.48456
-6.48042
-6.4848
-6.49662
-6.51653
-6.54348
-6.5738
-6.60033
-6.62466
-6.63749
-6.64292
-6.64079
-6.63342
-6.62063
-6.60989
-6.60002
-6.59871
-6.60185
-6.6067
-6.61918
-6.63283
-6.64506
-6.66039
-6.67111
-6.68625
-6.69667
-6.70688
-6.70961
-6.70385
-6.69162
-6.6728
-6.65393
-6.63322
-6.613
-6.59808
-6.58449
-6.57506
-6.57095
-6.5758
-6.58603
-6.60442
-6.62495
-6.64414
-6.66318
-6.67553
-6.68172
-6.68209
-6.67774
-6.66564
-6.65451
-6.64089
-6.62636
-6.61681
-6.60399
-6.58954
-6.57113
-6.55002
-6.52795
-6.50547
-6.49309
-6.49222
-6.50362
-6.5281
-6.56301
-6.60381
-6.64238
-6.67079
-6.6887
-6.69037
-6.68218
-6.66557
-6.64253
-6.62172
-6.60421
-6.58841
-6.57954
-6.57292
-6.56965
-6.57178
-6.57724
-6.5863
-6.59323
-6.60362
-6.61044
-6.61457
-6.61466
-6.60859
-6.60163
-6.59204
-6.58771
-6.58856
-6.59964
-6.61302
-6.63065
-6.6472
-6.65765
-6.66357
-6.66672
-6.66382
-6.65941
-6.65081
-6.64274
-6.63582
-6.63021
-6.62961
-6.63315
-6.64005
-6.64882
-6.66133
-6.67475
-6.68608
-6.69377
-6.69621
-6.69461
-6.6855
-6.67358
-6.6595
-6.64372
-6.62698
-6.60791
-6.59251
-6.57914
-6.57432
-6.57151
-6.57471
-6.58009
-6.58716
-6.59925
-6.60954
-6.61778
-6.62192
-6.61965
-6.61488
-6.60686
-6.60069
-6.59175
-6.58545
-6.58209
-6.58138
-6.58556
-6.59566
-6.60334
-6.61092
-6.61481
-6.61125
-6.60339
-6.59363
-6.58305
-6.57544
-6.56948
-6.56355
-6.56155
-6.55606
-6.54848
-6.53273
-6.51486
-6.49256
-6.46826
-6.45021
-6.44356
-6.45147
-6.47074
-6.50419
-6.54711
-6.59343
-6.63711
-6.67682
-6.70918
-6.73829
-6.75339
-6.76061
-6.75791
-6.74632
-6.7279
-6.70515
-6.67893
-6.65296
-6.63089
-6.61924
-6.61872
-6.63155
-6.65045
-6.67275
-6.69809
-6.71935
-6.73847
-6.7426
-6.73895
-6.72395
-6.70223
-6.67775
-6.65416
-6.63629
-6.62637
-6.61712
-6.61282
-6.61167
-6.61359
-6.62199
-6.63406
-6.64603
-6.65439
-6.66031
-6.65644
-6.6472
-6.63137
-6.60801
-6.58028
-6.54831
-6.5122
-6.47433
-6.43749
-6.40626
-6.38344
-6.37292
-6.37213
-6.38009
-6.3953
-6.4168
-6.44673
-6.48136
-6.52056
-6.56026
-6.59693
-6.62851
-6.64904
-6.66531
-6.67578
-6.67967
-6.68215
-6.68304
-6.68305
-6.68207
-6.68108
-6.68307
-6.68406
-6.6823
-6.68175
-6.6832
-6.68167
-6.68318
-6.68798
-6.69568
-6.70338
-6.71348
-6.72329
-6.73198
-6.73771
-6.73793
-6.73502
-6.72487
-6.71184
-6.69296
-6.6682
-6.64102
-6.61358
-6.58627
-6.56253
-6.54245
-6.52375
-6.51066
-6.50337
-6.49523
-6.4922
-6.49355
-6.50062
-6.51627
-6.54445
-6.57677
-6.61242
-6.64572
-6.67075
-6.68443
-6.68617
-6.67332
-6.65497
-6.63306
-6.6102
-6.58862
-6.5792
-6.57954
-6.58604
-6.60048
-6.61698
-6.63175
-6.6398
-6.64104
-6.63991
-6.63686
-6.63251
-6.62972
-6.62631
-6.6285
-6.63066
-6.6348
-6.63668
-6.63331
-6.62435
-6.61022
-6.59665
-6.58365
-6.57864
-6.58119
-6.59272
-6.61197
-6.6361
-6.65754
-6.67931
-6.69623
-6.69996
-6.69368
-6.67538
-6.65358
-6.62991
-6.61127
-6.60043
-6.5972
-6.60621
-6.62198
-6.64043
-6.66199
-6.68292
-6.70398
-6.7169
-6.72573
-6.73157
-6.72977
-6.72494
-6.71923
-6.7095
-6.69848
-6.6887
-6.67869
-6.6694
-6.65927
-6.6524
-6.63976
-6.61988
-6.59631
-6.56593
-6.53554
-6.50631
-6.48212
-6.47105
-6.47655
-6.49738
-6.5297
-6.56873
-6.60571
-6.63709
-6.65857
-6.66944
-6.66761
-6.65686
-6.64301
-6.62558
-6.60839
-6.5996
-6.59425
-6.59787
-6.60122
-6.61059
-6.61736
-6.62184
-6.62365
-6.62241
-6.62073
-6.6224
-6.62423
-6.62578
-6.61946
-6.61023
-6.59271
-6.57482
-6.55499
-6.54225
-6.53498
-6.53894
-6.55288
-6.57581
-6.60449
-6.63031
-6.65566
-6.67634
-6.69308
-6.7092
-6.72222
-6.72984
-6.73213
-6.72805
-6.71898
-6.70865
-6.69589
-6.68857
-6.68342
-6.68335
-6.6883
-6.69416
-6.69751
-6.69881
-6.69217
-6.67757
-6.65735
-6.63003
-6.60412
-6.57895
-6.5572
-6.53977
-6.53475
-6.53681
-6.54488
-6.55793
-6.57521
-6.59206
-6.60505
-6.61075
-6.61065
-6.60425
-6.59289
-6.57965
-6.56445
-6.55186
-6.54078
-6.53676
-6.53818
-6.54604
-6.55545
-6.56555
-6.57201
-6.57677
-6.57979
-6.58524
-6.59466
-6.60977
-6.62955
-6.65466
-6.68291
-6.71318
-6.7367
-6.75232
-6.75864
-6.74918
-6.72718
-6.69423
-6.64947
-6.60582
-6.56429
-6.53107
-6.50834
-6.50211
-6.51338
-6.53378
-6.56241
-6.59449
-6.62206
-6.64371
-6.65818
-6.66506
-6.66572
-6.66272
-6.65753
-6.64992
-6.63985
-6.63467
-6.63321
-6.63633
-6.64245
-6.6537
-6.65991
-6.65667
-6.64307
-6.61812
-6.58847
-6.55673
-6.53315
-6.51748
-6.51457
-6.52345
-6.53989
-6.56059
-6.58647
-6.61145
-6.6364
-6.66246
-6.68583
-6.71061
-6.73037
-6.74872
-6.75915
-6.76145
-6.7548
-6.74399
-6.72267
-6.69606
-6.66706
-6.63691
-6.61119
-6.58883
-6.56897
-6.55571
-6.55454
-6.5615
-6.57159
-6.58357
-6.59905
-6.61263
-6.62175
-6.62727
-6.62647
-6.62304
-6.61402
-6.60303
-6.59037
-6.58099
-6.57421
-6.57039
-6.57576
-6.58483
-6.59965
-6.61788
-6.63322
-6.64687
-6.65606
-6.65765
-6.65604
-6.6492
-6.6432
-6.63648
-6.62785
-6.61978
-6.61086
-6.60568
-6.60373
-6.60918
-6.61655
-6.62278
-6.63192
-6.63839
-6.63864
-6.63835
-6.6312
-6.62025
-6.60566
-6.58668
-6.56766
-6.54718
-6.53042
-6.52208
-6.52499
-6.53941
-6.5664
-6.60104
-6.63458
-6.66952
-6.69584
-6.71782
-6.72515
-6.72242
-6.70696
-6.67864
-6.64449
-6.60621
-6.56939
-6.54095
-6.52614
-6.52867
-6.54419
-6.57105
-6.60051
-6.63127
-6.66027
-6.68095
-6.69828
-6.71209
-6.7154
-6.71369
-6.7027
-6.68554
-6.66026
-6.63419
-6.60416
-6.5751
-6.55211
-6.53553
-6.52816
-6.53109
-6.54204
-6.56072
-6.58378
-6.60536
-6.62582
-6.64143
-6.64943
-6.65062
-6.64196
-6.62393
-6.59989
-6.57467
-6.54878
-6.52458
-6.50787
-6.49485
-6.49051
-6.49662
-6.51491
-6.54656
-6.5854
-6.6257
-6.66546
-6.699
-6.7299
-6.75059
-6.75872
-6.75928
-6.75032
-6.73361
-6.7106
-6.6862
-6.66434
-6.64203
-6.62501
-6.60946
-6.59693
-6.58882
-6.58228
-6.57995
-6.57985
-6.57755
-6.58046
-6.58652
-6.59249
-6.60006
-6.61195
-6.62295
-6.63478
-6.64609
-6.65192
-6.65373
-6.65173
-6.64977
-6.65085
-6.66408
-6.67987
-6.69939
-6.71626
-6.73106
-6.73643
-6.73312
-6.71853
-6.69794
-6.66968
-6.63357
-6.59751
-6.56447
-6.53308
-6.50981
-6.49526
-6.49238
-6.50002
-6.51862
-6.54655
-6.57703
-6.60914
-6.63429
-6.652
-6.66083
-6.65853
-6.64515
-6.62474
-6.60487
-6.58784
-6.58026
-6.58107
-6.58476
-6.58678
-6.58718
-6.58464
-6.58116
-6.57815
-6.57904
-6.57573
-6.57259
-6.57146
-6.56676
-6.5643
-6.56592
-6.56943
-6.57938
-6.59272
-6.61349
-6.63436
-6.65346
-6.67174
-6.6816
-6.69051
-6.69369
-6.69496
-6.69537
-6.69041
-6.68389
-6.67663
-6.66646
-6.65286
-6.63879
-6.6257
-6.61685
-6.61545
-6.61885
-6.62317
-6.62408
-6.62363
-6.61427
-6.60047
-6.58658
-6.5741
-6.56641
-6.56664
-6.57334
-6.5854
-6.60463
-6.62115
-6.63765
-6.65543
-6.67458
-6.69272
-6.70899
-6.72229
-6.72704
-6.72596
-6.71897
-6.70857
-6.6968
-6.6819
-6.664
-6.64271
-6.62114
-6.60108
-6.57887
-6.55844
-6.54008
-6.52452
-6.51306
-6.50616
-6.50205
-6.50389
-6.51203
-6.52696
-6.54643
-6.57301
-6.59833
-6.62424
-6.64413
-6.65656
-6.66117
-6.65909
-6.65164
-6.64019
-6.62821
-6.61969
-6.61117
-6.60334
-6.60395
-6.60694
-6.61347
-6.62487
-6.63322
-6.6453
-6.65798
-6.67012
-6.68017
-6.68864
-6.69204
-6.69224
-6.69138
-6.68667
-6.67864
-6.66697
-6.64998
-6.63461
-6.62025
-6.60855
-6.60517
-6.60688
-6.61396
-6.62233
-6.63415
-6.64813
-6.66157
-6.67291
-6.6827
-6.69145
-6.6914
-6.68136
-6.66058
-6.62946
-6.59507
-6.55502
-6.51478
-6.48005
-6.45428
-6.44209
-6.44335
-6.46166
-6.49624
-6.5426
-6.58643
-6.63367
-6.66908
-6.69624
-6.71534
-6.72371
-6.72425
-6.71898
-6.7096
-6.69535
-6.68007
-6.66543
-6.65047
-6.63585
-6.62405
-6.61535
-6.6083
-6.60508
-6.60215
-6.60066
-6.59843
-6.59536
-6.5895
-6.58217
-6.5773
-6.57615
-6.57548
-6.57623
-6.57879
-6.58173
-6.58632
-6.58975
-6.59341
-6.59506
-6.59773
-6.59684
-6.59376
-6.59119
-6.58859
-6.58611
-6.58288
-6.58036
-6.58365
-6.58731
-6.59441
-6.60786
-6.62373
-6.64295
-6.6607
-6.68034
-6.70079
-6.71211
-6.72009
-6.72009
-6.71577
-6.70316
-6.6858
-6.66081
-6.63058
-6.59698
-6.56483
-6.53634
-6.51681
-6.50983
-6.51107
-6.52169
-6.53812
-6.56071
-6.58622
-6.61511
-6.64256
-6.66873
-6.69117
-6.70987
-6.7222
-6.72839
-6.73356
-6.73355
-6.73253
-6.72678
-6.71616
-6.69902
-6.67811
-6.65713
-6.63264
-6.61008
-6.58987
-6.57424
-6.56399
-6.55534
-6.54805
-6.535
-6.51901
-6.49961
-6.48117
-6.46056
-6.44871
-6.44861
-6.46459
-6.48851
-6.51655
-6.54307
-6.56782
-6.58903
-6.60771
-6.62514
-6.63671
-6.65114
-6.65809
-6.65922
-6.65245
-6.63767
-6.62311
-6.61106
-6.60453
-6.60889
-6.62747
-6.65182
-6.67958
-6.70284
-6.71927
-6.7231
-6.72016
-6.7094
-6.68892
-6.67102
-6.65419
-6.64164
-6.63803
-6.64222
-6.65401
-6.66631
-6.67664
-6.68629
-6.69284
-6.69422
-6.69114
-6.6879
-6.68015
-6.67328
-6.66698
-6.66666
-6.66835
-6.67327
-6.68007
-6.68534
-6.68529
-6.67496
-6.65651
-6.6263
-6.58642
-6.54389
-6.49826
-6.45701
-6.42125
-6.39513
-6.38327
-6.39106
-6.4178
-6.45924
-6.50848
-6.55544
-6.59601
-6.62398
-6.64009
-6.64315
-6.6369
-6.62841
-6.61659
-6.60396
-6.59583
-6.59167
-6.59298
-6.59844
-6.60463
-6.60864
-6.61207
-6.60908
-6.60042
-6.58518
-6.56178
-6.54298
-6.52723
-6.51613
-6.5167
-6.53447
-6.56357
-6.59618
-6.63402
-6.66803
-6.70112
-6.72865
-6.74815
-6.76084
-6.76866
-6.7664
-6.75626
-6.73946
-6.71757
-6.68661
-6.65683
-6.62632
-6.59559
-6.57163
-6.55145
-6.54046
-6.53609
-6.54092
-6.554
-6.57288
-6.6007
-6.62942
-6.65815
-6.6859
-6.70575
-6.71953
-6.72372
-6.72022
-6.71239
-6.69862
-6.68624
-6.67466
-6.66748
-6.6636
-6.66053
-6.65873
-6.65503
-6.64911
-6.63659
-6.61935
-6.59768
-6.57053
-6.53876
-6.50699
-6.47994
-6.45963
-6.45042
-6.44731
-6.45331
-6.46132
-6.47248
-6.48275
-6.49654
-6.51525
-6.53847
-6.56872
-6.60461
-6.64331
-6.68157
-6.71787
-6.74769
-6.76885
-6.77994
-6.77939
-6.77387
-6.75984
-6.74147
-6.72187
-6.70456
-6.69171
-6.68722
-6.68841
-6.69755
-6.70967
-6.72328
-6.73235
-6.73499
-6.73383
-6.7266
-6.71029
-6.68692
-6.65831
-6.62834
-6.5941
-6.56227
-6.53077
-6.5033
-6.48072
-6.46521
-6.45758
-6.45659
-6.46041
-6.47212
-6.48814
-6.50768
-6.52746
-6.54614
-6.55753
-6.56238
-6.55766
-6.54207
-6.5178
-6.49338
-6.46763
-6.44857
-6.43945
-6.44346
-6.46098
-6.4919
-6.53297
-6.58245
-6.63394
-6.68541
-6.73458
-6.7764
-6.80564
-6.82069
-6.81803
-6.80243
-6.77339
-6.73327
-6.68806
-6.64092
-6.59425
-6.55114
-6.51855
-6.50285
-6.50389
-6.5189
-6.5496
-6.58943
-6.62208
-6.64942
-6.66403
-6.66867
-6.66351
-6.65596
-6.64377
-6.63196
-6.62426
-6.61959
-6.6191
-6.62258
-6.6273
-6.63094
-6.63207
-6.63194
-6.62825
-6.62359
-6.61888
-6.61771
-6.62065
-6.63035
-6.64277
-6.6568
-6.67224
-6.68646
-6.7
-6.70826
-6.70795
-6.70162
-6.68364
-6.66545
-6.64067
-6.61468
-6.59383
-6.57734
-6.56867
-6.56495
-6.56714
-6.57531
-6.58538
-6.60119
-6.61919
-6.63454
-6.65041
-6.66358
-6.66983
-6.66971
-6.66216
-6.64766
-6.62824
-6.61105
-6.59921
-6.5946
-6.59334
-6.59424
-6.59011
-6.58458
-6.57817
-6.56615
-6.55216
-6.53744
-6.52301
-6.50926
-6.49973
-6.49874
-6.51011
-6.5301
-6.55928
-6.59317
-6.62867
-6.66352
-6.68941
-6.70623
-6.71051
-6.7035
-6.6846
-6.66324
-6.63944
-6.61906
-6.60889
-6.60717
-6.61782
-6.6385
-6.66185
-6.68224
-6.70012
-6.7105
-6.71227
-6.70798
-6.69414
-6.67637
-6.65289
-6.62915
-6.60621
-6.58956
-6.57536
-6.57128
-6.57108
-6.57672
-6.58533
-6.59226
-6.59475
-6.59063
-6.58427
-6.57575
-6.56431
-6.55372
-6.54506
-6.54631
-6.55187
-6.56743
-6.58831
-6.61199
-6.63403
-6.6525
-6.67029
-6.68227
-6.68763
-6.68833
-6.68122
-6.66978
-6.65775
-6.64674
-6.63546
-6.6268
-6.62071
-6.6136
-6.6094
-6.60377
-6.60197
-6.60067
-6.59899
-6.5996
-6.59924
-6.60332
-6.60726
-6.61121
-6.61361
-6.61178
-6.60338
-6.59153
-6.5742
-6.55458
-6.5352
-6.51923
-6.51409
-6.5171
-6.53654
-6.56741
-6.60358
-6.64222
-6.67622
-6.7019
-6.71454
-6.71553
-6.70635
-6.69035
-6.66482
-6.64144
-6.61931
-6.60083
-6.5901
-6.58292
-6.58374
-6.59005
-6.60007
-6.62108
-6.64539
-6.67473
-6.70388
-6.72973
-6.74611
-6.75057
-6.74316
-6.72467
-6.70029
-6.67546
-6.6536
-6.63458
-6.62566
-6.62241
-6.62565
-6.62693
-6.62864
-6.62454
-6.61848
-6.60957
-6.6013
-6.59186
-6.58502
-6.57729
-6.56984
-6.56535
-6.56898
-6.57721
-6.58924
-6.60293
-6.61238
-6.61882
-6.61753
-6.61125
-6.60358
-6.59429
-6.587
-6.58553
-6.59117
-6.60712
-6.62784
-6.64661
-6.65793
-6.65793
-6.64706
-6.62589
-6.59446
-6.56462
-6.5367
-6.51729
-6.50923
-6.50907
-6.52028
-6.53893
-6.56467
-6.59412
-6.62481
-6.65291
-6.67589
-6.68951
-6.69871
-6.69606
-6.68905
-6.68128
-6.67413
-6.66442
-6.65703
-6.64312
-6.62985
-6.61305
-6.59682
-6.58138
-6.57004
-6.56176
-6.55532
-6.55141
-6.54981
-6.54782
-6.54541
-6.5482
-6.55717
-6.56972
-6.58775
-6.61014
-6.63099
-6.64952
-6.66545
-6.67732
-6.68173
-6.68155
-6.67802
-6.67011
-6.66098
-6.65557
-6.65391
-6.65497
-6.65845
-6.66114
-6.66753
-6.67375
-6.67517
-6.677
-6.67569
-6.67446
-6.66799
-6.66191
-6.65085
-6.63715
-6.62449
-6.61192
-6.60353
-6.59749
-6.59257
-6.59274
-6.59552
-6.59773
-6.60297
-6.60937
-6.61823
-6.6264
-6.62995
-6.63043
-6.62479
-6.61594
-6.60261
-6.58599
-6.57246
-6.56141
-6.55489
-6.55056
-6.55116
-6.55702
-6.56625
-6.575
-6.58999
-6.61121
-6.63722
-6.66479
-6.69346
-6.72121
-6.73881
-6.74882
-6.74724
-6.73398
-6.71237
-6.6811
-6.64944
-6.62111
-6.59499
-6.57251
-6.55736
-6.54455
-6.53798
-6.53456
-6.53042
-6.5299
-6.53576
-6.54986
-6.57048
-6.59344
-6.61447
-6.63332
-6.64643
-6.65356
-6.64963
-6.63741
-6.61842
-6.59473
-6.56911
-6.54306
-6.5189
-6.50714
-6.50683
-6.52089
-6.54885
-6.58959
-6.62929
-6.66925
-6.70324
-6.73318
-6.75611
-6.77358
-6.78086
-6.77873
-6.76916
-6.75118
-6.72504
-6.69612
-6.66442
-6.63148
-6.59664
-6.56179
-6.53522
-6.51792
-6.50796
-6.50754
-6.51062
-6.52112
-6.53272
-6.54727
-6.5602
-6.57299
-6.58667
-6.59851
-6.60726
-6.61382
-6.62312
-6.63078
-6.63538
-6.63955
-6.63964
-6.63213
-6.61927
-6.60172
-6.58041
-6.56007
-6.54703
-6.54152
-6.54653
-6.56052
-6.58218
-6.60822
-6.63247
-6.65478
-6.67226
-6.67929
-6.68037
-6.67486
-6.66584
-6.65335
-6.64431
-6.63994
-6.63705
-6.64113
-6.6432
-6.64816
-6.65147
-6.65111
-6.64511
-6.63327
-6.618
-6.60037
-6.58359
-6.56899
-6.56011
-6.55759
-6.559
-6.56575
-6.57767
-6.5896
-6.60191
-6.61813
-6.63578
-6.65389
-6.66918
-6.67969
-6.68464
-6.6812
-6.66846
-6.65151
-6.63213
-6.6143
-6.59924
-6.59176
-6.58686
-6.58311
-6.5796
-6.57586
-6.56983
-6.56692
-6.57056
-6.5775
-6.58953
-6.60709
-6.62004
-6.63452
-6.64461
-6.65058
-6.64673
-6.63751
-6.62306
-6.60897
-6.60046
-6.59922
-6.60758
-6.62353
-6.64708
-6.67155
-6.68933
-6.70207
-6.70943
-6.71121
-6.70945
-6.70708
-6.7052
-6.70209
-6.69885
-6.69507
-6.69153
-6.68949
-6.68263
-6.67993
-6.68116
-6.68547
-6.69155
-6.69635
-6.69938
-6.6938
-6.67843
-6.652
-6.61455
-6.57036
-6.52513
-6.49261
-6.47572
-6.47538
-6.48843
-6.50577
-6.52711
-6.55188
-6.57733
-6.60175
-6.62518
-6.64128
-6.64868
-6.64685
-6.63382
-6.61238
-6.58521
-6.55853
-6.53512
-6.52067
-6.51548
-6.51786
-6.52707
-6.54103
-6.55621
-6.57254
-6.59207
-6.60889
-6.62435
-6.63771
-6.64724
-6.65737
-6.67066
-6.68332
-6.69751
-6.71318
-6.72648
-6.73451
-6.73485
-6.72687
-6.70687
-6.67886
-6.64611
-6.61781
-6.59674
-6.58865
-6.59156
-6.60458
-6.62377
-6.64097
-6.66007
-6.67467
-6.68446
-6.68916
-6.68626
-6.67692
-6.66496
-6.64761
-6.62804
-6.60451
-6.58528
-6.56982
-6.5607
-6.55912
-6.56548
-6.577
-6.58632
-6.59404
-6.59913
-6.59663
-6.59024
-6.5782
-6.56637
-6.55383
-6.54504
-6.53874
-6.53912
-6.54572
-6.55791
-6.5779
-6.60077
-6.62427
-6.64344
-6.65316
-6.65638
-6.65022
-6.63562
-6.61517
-6.59649
-6.57752
-6.56199
-6.55385
-6.55089
-6.55148
-6.55929
-6.57093
-6.58552
-6.60365
-6.61932
-6.63724
-6.65666
-6.67776
-6.69285
-6.70522
-6.70947
-6.70376
-6.69278
-6.67985
-6.66331
-6.64722
-6.63207
-6.61982
-6.60848
-6.60048
-6.58909
-6.57521
-6.56177
-6.55334
-6.55181
-6.55406
-6.56145
-6.57258
-6.58706
-6.60565
-6.62527
-6.64248
-6.6588
-6.6662
-6.66575
-6.65948
-6.64972
-6.63648
-6.62202
-6.60552
-6.58852
-6.57599
-6.56661
-6.55783
-6.54993
-6.54565
-6.54351
-6.54954
-6.56079
-6.58067
-6.60449
-6.62845
-6.64817
-6.66218
-6.66838
-6.67179
-6.67418
-6.68074
-6.69034
-6.70219
-6.71509
-6.72973
-6.74294
-6.75228
-6.75514
-6.75143
-6.74003
-6.72091
-6.68941
-6.6456
-6.59703
-6.54488
-6.49178
-6.44556
-6.41391
-6.39755
-6.39997
-6.41493
-6.44642
-6.48105
-6.52113
-6.5553
-6.58656
-6.60638
-6.61839
-6.62376
-6.62874
-6.62614
-6.6228
-6.62131
-6.62165
-6.62227
-6.62705
-6.63512
-6.64572
-6.65391
-6.6608
-6.66651
-6.66426
-6.65886
-6.65167
-6.64525
-6.63984
-6.6414
-6.64802
-6.65651
-6.66753
-6.6792
-6.68807
-6.68832
-6.68369
-6.67367
-6.65957
-6.64411
-6.63192
-6.625
-6.62281
-6.62505
-6.63022
-6.63468
-6.63679
-6.63582
-6.63307
-6.62995
-6.62664
-6.62567
-6.6321
-6.64701
-6.6698
-6.69133
-6.71172
-6.72586
-6.72736
-6.72484
-6.71089
-6.68724
-6.65545
-6.61544
-6.57533
-6.53925
-6.50955
-6.49298
-6.48901
-6.49475
-6.5086
-6.52562
-6.54068
-6.55492
-6.56833
-6.58453
-6.59427
-6.60417
-6.6121
-6.61667
-6.61958
-6.62525
-6.62878
-6.63277
-6.63812
-6.64752
-6.6522
-6.65947
-6.66286
-6.66205
-6.65638
-6.65014
-6.64575
-6.64238
-6.64257
-6.64375
-6.64578
-6.64505
-6.63904
-6.63293
-6.62701
-6.62149
-6.61905
-6.61908
-6.6171
-6.61156
-6.60274
-6.59129
-6.57691
-6.56814
-6.56288
-6.56257
-6.56547
-6.57182
-6.57891
-6.58515
-6.59526
-6.60395
-6.61934
-6.6367
-6.65621
-6.67161
-6.68254
-6.68826
-6.68942
-6.68501
-6.68242
-6.67997
-6.68194
-6.68557
-6.69368
-6.70673
-6.71893
-6.72956
-6.7348
-6.73029
-6.71353
-6.68343
-6.64347
-6.59613
-6.55023
-6.51195
-6.48486
-6.47294
-6.47255
-6.47928
-6.49369
-6.51022
-6.52853
-6.54169
-6.55203
-6.55872
-6.56316
-6.56253
-6.55927
-6.55443
-6.55081
-6.54871
-6.54911
-6.55222
-6.55794
-6.56487
-6.57082
-6.57854
-6.58804
-6.60096
-6.61855
-6.63966
-6.66198
-6.68199
-6.6992
-6.71312
-6.72391
-6.72935
-6.73323
-6.7372
-6.73976
-6.7471
-6.75343
-6.76019
-6.76586
-6.76442
-6.75517
-6.73664
-6.70759
-6.67362
-6.63573
-6.59895
-6.57136
-6.54938
-6.53266
-6.52419
-6.52124
-6.52843
-6.542
-6.5643
-6.58697
-6.6111
-6.63223
-6.64886
-6.65722
-6.65905
-6.65171
-6.63704
-6.61316
-6.5851
-6.55586
-6.53568
-6.52543
-6.52144
-6.52902
-6.54467
-6.56333
-6.58268
-6.60033
-6.61274
-6.62059
-6.62612
-6.62795
-6.63202
-6.63464
-6.63948
-6.64248
-6.64282
-6.63615
-6.63011
-6.61983
-6.61352
-6.60964
-6.60909
-6.61381
-6.61977
-6.62525
-6.63195
-6.64173
-6.65313
-6.66399
-6.67565
-6.68348
-6.69007
-6.69257
-6.68457
-6.67556
-6.66498
-6.65358
-6.64002
-6.62524
-6.61368
-6.60497
-6.60043
-6.59556
-6.5983
-6.60386
-6.61111
-6.61662
-6.62083
-6.62518
-6.63025
-6.63458
-6.64262
-6.65264
-6.66324
-6.66896
-6.67454
-6.67353
-6.66718
-6.6567
-6.64506
-6.63517
-6.62839
-6.62845
-6.63176
-6.63675
-6.64163
-6.64617
-6.64738
-6.64723
-6.64626
-6.64368
-6.64016
-6.62805
-6.61199
-6.59405
-6.57527
-6.55957
-6.54646
-6.53825
-6.53425
-6.53265
-6.5358
-6.54048
-6.54935
-6.56376
-6.58591
-6.61621
-6.65547
-6.69066
-6.72083
-6.74533
-6.75626
-6.75443
-6.74367
-6.72688
-6.7058
-6.68495
-6.66849
-6.65932
-6.65315
-6.65381
-6.65053
-6.64046
-6.6221
-6.5962
-6.56247
-6.52712
-6.49634
-6.47156
-6.45969
-6.45666
-6.46453
-6.47952
-6.49722
-6.51594
-6.53096
-6.54413
-6.55898
-6.57173
-6.58656
-6.59986
-6.61077
-6.61778
-6.62305
-6.62633
-6.63007
-6.63776
-6.6527
-6.67684
-6.70661
-6.74053
-6.76953
-6.79524
-6.80783
-6.8054
-6.78876
-6.76096
-6.72337
-6.67701
-6.63459
-6.59342
-6.55727
-6.5319
-6.5142
-6.50443
-6.49992
-6.50133
-6.50691
-6.51435
-6.52248
-6.53046
-6.53831
-6.54422
-6.54986
-6.54964
-6.5498
-6.55053
-6.55212
-6.55595
-6.56886
-6.58897
-6.61382
-6.64047
-6.66824
-6.68882
-6.69942
-6.69981
-6.6894
-6.67538
-6.65968
-6.64965
-6.64778
-6.65483
-6.66781
-6.68152
-6.69707
-6.7099
-6.71039
-6.70484
-6.6886
-6.66406
-6.63393
-6.6053
-6.58128
-6.56293
-6.5562
-6.553
-6.55956
-6.56755
-6.57933
-6.5904
-6.60306
-6.61405
-6.61844
-6.62152
-6.62218
-6.62069
-6.61649
-6.61363
-6.61027
-6.61312
-6.61537
-6.61879
-6.61989
-6.62057
-6.6204
-6.62414
-6.62833
-6.63902
-6.65366
-6.66778
-6.68076
-6.69027
-6.69743
-6.6958
-6.68564
-6.67024
-6.65416
-6.63406
-6.61459
-6.59358
-6.57379
-6.56104
-6.54931
-6.54615
-6.54634
-6.55552
-6.56899
-6.58431
-6.59756
-6.60654
-6.60963
-6.60708
-6.60116
-6.59914
-6.60168
-6.6085
-6.61812
-6.62705
-6.63103
-6.6289
-6.62787
-6.62441
-6.61697
-6.61119
-6.60989
-6.6115
-6.61911
-6.62592
-6.63595
-6.64025
-6.64538
-6.64991
-6.65545
-6.6565
-6.65549
-6.65278
-6.64751
-6.64115
-6.63679
-6.63462
-6.63495
-6.63415
-6.6324
-6.62923
-6.62833
-6.62522
-6.62192
-6.61718
-6.61827
-6.62074
-6.62449
-6.63016
-6.63752
-6.63838
-6.63719
-6.63556
-6.63052
-6.62506
-6.62146
-6.61664
-6.61214
-6.6021
-6.59018
-6.57595
-6.56195
-6.54492
-6.53198
-6.52333
-6.52094
-6.52404
-6.53611
-6.55541
-6.58134
-6.60905
-6.63724
-6.66764
-6.69325
-6.71465
-6.73035
-6.7351
-6.73399
-6.72466
-6.70974
-6.69309
-6.67621
-6.66163
-6.64562
-6.63545
-6.6286
-6.6258
-6.61968
-6.6163
-6.61112
-6.60881
-6.60858
-6.60976
-6.60839
-6.60653
-6.59734
-6.58875
-6.57981
-6.57422
-6.57395
-6.5818
-6.59849
-6.61645
-6.62987
-6.63563
-6.63402
-6.62531
-6.60783
-6.58522
-6.56203
-6.5397
-6.52302
-6.51212
-6.51601
-6.52949
-6.55364
-6.58653
-6.62489
-6.66516
-6.70007
-6.72931
-6.74496
-6.74419
-6.73671
-6.7215
-6.69932
-6.67549
-6.65358
-6.63136
-6.61387
-6.60263
-6.59344
-6.58585
-6.57793
-6.57141
-6.56664
-6.5674
-6.57486
-6.58501
-6.60066
-6.6173
-6.63202
-6.64148
-6.64799
-6.64794
-6.64247
-6.63486
-6.62457
-6.61248
-6.60251
-6.59694
-6.59414
-6.59537
-6.6001
-6.60456
-6.60841
-6.61476
-6.62001
-6.62288
-6.62505
-6.62699
-6.62936
-6.6325
-6.62945
-6.61639
-6.59339
-6.56498
-6.53807
-6.52393
-6.52785
-6.54902
-6.57902
-6.61286
-6.64505
-6.67314
-6.69165
-6.70145
-6.70105
-6.69451
-6.68567
-6.6749
-6.66478
-6.6577
-6.65633
-6.65389
-6.6575
-6.66197
-6.66787
-6.67331
-6.67455
-6.6718
-6.66511
-6.65186
-6.63249
-6.60874
-6.58695
-6.57806
-6.57917
-6.59042
-6.6035
-6.61116
-6.61333
-6.60955
-6.59875
-6.58487
-6.57659
-6.56886
-6.56196
-6.55835
-6.55484
-6.55327
-6.55643
-6.56407
-6.57992
-6.59866
-6.62229
-6.64333
-6.66479
-6.68155
-6.70005
-6.71682
-6.73
-6.73773
-6.74546
-6.74482
-6.7439
-6.73781
-6.72452
-6.70844
-6.69246
-6.6706
-6.64669
-6.62376
-6.60077
-6.57586
-6.55602
-6.53707
-6.52287
-6.52088
-6.52537
-6.53667
-6.55351
-6.56823
-6.58243
-6.59083
-6.59466
-6.59233
-6.5869
-6.58343
-6.58331
-6.58655
-6.59409
-6.60207
-6.61319
-6.62294
-6.63387
-6.64571
-6.65702
-6.66825
-6.6793
-6.68967
-6.69527
-6.69557
-6.69139
-6.6807
-6.6701
-6.65801
-6.64632
-6.63555
-6.62865
-6.62432
-6.61986
-6.61502
-6.60725
-6.59447
-6.57976
-6.56124
-6.54196
-6.52567
-6.51813
-6.5209
-6.53326
-6.55319
-6.57785
-6.60145
-6.62109
-6.64085
-6.65485
-6.66575
-6.67603
-6.68442
-6.68855
-6.68707
-6.67651
-6.66077
-6.64211
-6.62184
-6.60741
-6.60044
-6.60197
-6.60929
-6.61979
-6.63271
-6.64194
-6.65003
-6.65581
-6.65148
-6.64679
-6.64168
-6.63614
-6.63222
-6.62922
-6.62545
-6.62114
-6.61432
-6.60789
-6.60049
-6.6005
-6.60074
-6.60546
-6.61539
-6.62641
-6.63514
-6.64055
-6.64059
-6.63749
-6.62963
-6.61593
-6.59982
-6.58492
-6.57259
-6.56824
-6.57164
-6.58125
-6.59692
-6.61953
-6.6398
-6.65657
-6.66777
-6.67276
-6.67231
-6.66466
-6.6544
-6.64022
-6.62057
-6.60315
-6.58853
-6.57965
-6.57564
-6.57697
-6.58793
-6.60415
-6.62408
-6.64387
-6.66242
-6.67314
-6.67698
-6.67357
-6.66119
-6.64546
-6.62507
-6.6012
-6.57623
-6.55752
-6.54025
-6.53332
-6.53627
-6.55063
-6.56944
-6.59287
-6.61507
-6.63364
-6.64113
-6.64101
-6.6315
-6.61435
-6.59901
-6.58212
-6.56824
-6.55705
-6.55456
-6.55839
-6.57075
-6.59095
-6.61733
-6.64287
-6.66871
-6.69193
-6.70806
-6.71674
-6.72164
-6.7206
-6.71653
-6.7083
-6.69879
-6.68954
-6.6775
-6.65526
-6.62556
-6.59174
-6.55351
-6.52068
-6.49888
-6.49646
-6.50909
-6.53907
-6.58279
-6.62938
-6.67502
-6.719
-6.74858
-6.76704
-6.77271
-6.75427
-6.72295
-6.68253
-6.63514
-6.58847
-6.55209
-6.52473
-6.51284
-6.51168
-6.51519
-6.52115
-6.53173
-6.54238
-6.55315
-6.56501
-6.57872
-6.58898
-6.59781
-6.60459
-6.61036
-6.62304
-6.63528
-6.64885
-6.65936
-6.66675
-6.6663
-6.65633
-6.63969
-6.61618
-6.58898
-6.56356
-6.54449
-6.53601
-6.53727
-6.54955
-6.56147
-6.57788
-6.59495
-6.6101
-6.62756
-6.64109
-6.65586
-6.6651
-6.67218
-6.67759
-6.68129
-6.68475
-6.68757
-6.68619
-6.67984
-6.66913
-6.65467
-6.63883
-6.62625
-6.61661
-6.61745
-6.62763
-6.64433
-6.66422
-6.68011
-6.68486
-6.68086
-6.67429
-6.66587
-6.65926
-6.65654
-6.654
-6.64973
-6.64037
-6.62834
-6.60883
-6.59035
-6.57515
-6.55975
-6.55381
-6.55247
-6.5565
-6.5645
-6.57415
-6.58338
-6.59285
-6.60616
-6.61837
-6.63128
-6.6389
-6.64016
-6.62781
-6.60814
-6.58519
-6.56551
-6.54841
-6.54283
-6.54402
-6.55278
-6.56602
-6.58299
-6.60353
-6.62201
-6.6372
-6.64995
-6.65798
-6.6604
-6.66265
-6.65874
-6.65328
-6.64325
-6.63124
-6.61541
-6.60517
-6.59545
-6.58995
-6.59219
-6.59803
-6.61123
-6.62373
-6.63541
-6.64413
-6.64925
-6.64989
-6.64576
-6.63792
-6.6251
-6.61134
-6.59255
-6.57337
-6.55507
-6.54336
-6.53721
-6.53884
-6.5466
-6.56178
-6.57974
-6.60228
-6.62488
-6.64186
-6.65369
-6.65764
-6.6546
-6.64907
-6.64482
-6.64315
-6.64479
-6.64672
-6.64772
-6.64496
-6.63788
-6.62291
-6.60588
-6.58447
-6.56207
-6.54446
-6.5227
-6.50826
-6.49912
-6.49831
-6.50969
-6.53199
-6.56755
-6.60718
-6.64733
-6.68336
-6.71067
-6.73188
-6.7471
-6.75739
-6.76763
-6.77251
-6.77272
-6.76831
-6.75815
-6.74065
-6.72001
-6.69845
-6.67443
-6.65683
-6.6431
-6.63883
-6.6409
-6.65325
-6.66687
-6.67708
-6.67943
-6.67647
-6.66313
-6.6478
-6.62925
-6.61859
-6.61759
-6.61795
-6.62203
-6.62766
-6.62978
-6.62989
-6.62233
-6.60859
-6.58684
-6.56833
-6.54852
-6.52988
-6.51968
-6.5131
-6.50861
-6.50742
-6.50778
-6.51294
-6.52197
-6.53632
-6.55418
-6.57469
-6.59135
-6.60434
-6.60958
-6.61252
-6.61106
-6.60919
-6.61472
-6.62326
-6.6363
-6.64766
-6.65841
-6.66013
-6.66002
-6.65364
-6.64561
-6.6365
-6.6261
-6.62119
-6.6227
-6.62355
-6.63382
-6.64912
-6.66518
-6.68194
-6.69726
-6.70657
-6.70588
-6.69717
-6.68105
-6.66067
-6.63734
-6.61647
-6.59527
-6.57784
-6.56746
-6.55974
-6.55818
-6.56539
-6.58447
-6.61246
-6.64574
-6.68059
-6.71341
-6.7388
-6.75376
-6.75895
-6.74857
-6.73246
-6.7099
-6.68691
-6.66433
-6.64193
-6.6174
-6.58882
-6.55613
-6.51887
-6.47883
-6.43952
-6.4034
-6.37253
-6.35267
-6.3452
-6.35267
-6.37189
-6.40085
-6.43647
-6.47774
-6.52004
-6.5605
-6.59725
-6.62749
-6.65351
-6.6735
-6.68653
-6.69318
-6.69725
-6.69708
-6.69509
-6.69785
-6.70428
-6.71558
-6.73199
-6.74347
-6.74935
-6.74841
-6.74462
-6.73737
-6.72448
-6.71196
-6.69876
-6.68437
-6.67334
-6.66261
-6.65633
-6.65185
-6.65466
-6.65918
-6.66818
-6.67397
-6.67624
-6.67402
-6.67125
-6.66076
-6.64722
-6.6314
-6.61738
-6.6019
-6.58818
-6.57955
-6.57367
-6.57328
-6.57134
-6.56959
-6.57023
-6.56659
-6.56182
-6.55132
-6.54578
-6.54453
-6.54643
-6.55037
-6.55889
-6.56856
-6.58139
-6.58681
-6.59317
-6.59198
-6.58776
-6.57667
-6.56388
-6.54737
-6.53186
-6.51919
-6.50988
-6.50971
-6.51669
-6.5307
-6.55088
-6.57687
-6.60459
-6.63076
-6.6512
-6.66424
-6.67
-6.6709
-6.6664
-6.65853
-6.65151
-6.65025
-6.65417
-6.65617
-6.66252
-6.66675
-6.668
-6.66882
-6.66685
-6.66704
-6.66701
-6.66558
-6.66469
-6.66356
-6.66365
-6.66419
-6.66781
-6.66832
-6.67202
-6.67627
-6.67949
-6.68058
-6.67976
-6.67727
-6.66893
-6.65568
-6.63714
-6.61544
-6.59437
-6.57436
-6.55756
-6.54772
-6.54532
-6.5474
-6.55311
-6.56307
-6.57466
-6.59162
-6.60936
-6.63071
-6.64858
-6.66658
-6.67797
-6.68297
-6.67964
-6.67083
-6.65855
-6.64171
-6.62304
-6.6051
-6.58998
-6.57923
-6.57524
-6.57517
-6.58113
-6.58865
-6.59316
-6.59721
-6.59691
-6.59873
-6.59916
-6.59628
-6.58858
-6.58239
-6.5726
-6.56083
-6.55144
-6.54236
-6.53713
-6.53695
-6.53944
-6.55387
-6.57391
-6.59871
-6.62901
-6.66022
-6.69169
-6.71511
-6.73547
-6.75061
-6.75973
-6.7695
-6.77268
-6.76948
-6.75742
-6.73994
-6.70973
-6.67635
-6.64235
-6.61001
-6.58041
-6.55851
-6.54439
-6.5411
-6.54733
-6.56343
-6.58867
-6.61736
-6.64749
-6.67019
-6.68615
-6.69805
-6.70122
-6.69743
-6.68627
-6.66898
-6.64733
-6.62153
-6.59607
-6.56373
-6.53201
-6.50277
-6.47809
-6.45609
-6.44391
-6.4419
-6.4472
-6.46207
-6.48334
-6.50749
-6.53603
-6.5655
-6.59586
-6.63299
-6.66896
-6.69836
-6.721
-6.73726
-6.73759
-6.72697
-6.70538
-6.67364
-6.64068
-6.6122
-6.59376
-6.59409
-6.61012
-6.63749
-6.66978
-6.69731
-6.71254
-6.71741
-6.70894
-6.69307
-6.66875
-6.64493
-6.62243
-6.6057
-6.5938
-6.58971
-6.58821
-6.58591
-6.58321
-6.58557
-6.59101
-6.60058
-6.61607
-6.63477
-6.65288
-6.66873
-6.68138
-6.68763
-6.68565
-6.67742
-6.66305
-6.64457
-6.62135
-6.59844
-6.57818
-6.55781
-6.53884
-6.52378
-6.51447
-6.51274
-6.51501
-6.5237
-6.5374
-6.55538
-6.57353
-6.58896
-6.60303
-6.6152
-6.62503
-6.63399
-6.64145
-6.6505
-6.66131
-6.67303
-6.6863
-6.69329
-6.70572
-6.70647
-6.70544
-6.69748
-6.68904
-6.67653
-6.66511
-6.65773
-6.64985
-6.64223
-6.63731
-6.62996
-6.62021
-6.61086
-6.59896
-6.58601
-6.57392
-6.56436
-6.56237
-6.5629
-6.57036
-6.58647
-6.60236
-6.62003
-6.63494
-6.64835
-6.65775
-6.66185
-6.65997
-6.65316
-6.64619
-6.63282
-6.62107
-6.61082
-6.60349
-6.59868
-6.59322
-6.58611
-6.57958
-6.57533
-6.57215
-6.5693
-6.56938
-6.56945
-6.56767
-6.56786
-6.57144
-6.57829
-6.59454
-6.61201
-6.63232
-6.652
-6.66586
-6.67429
-6.67566
-6.67239
-6.66546
-6.6544
-6.63732
-6.62226
-6.60656
-6.59271
-6.58941
-6.58999
-6.60016
-6.61712
-6.63718
-6.65169
-6.66102
-6.66933
-6.67592
-6.67575
-6.67053
-6.66339
-6.64959
-6.6305
-6.61202
-6.59326
-6.58171
-6.57636
-6.58053
-6.59171
-6.60715
-6.62701
-6.64701
-6.66223
-6.67447
-6.68328
-6.68549
-6.68197
-6.66816
-6.64621
-6.6189
-6.58884
-6.55993
-6.53691
-6.52142
-6.51568
-6.51993
-6.53756
-6.56019
-6.58322
-6.60311
-6.61664
-6.62493
-6.62934
-6.62867
-6.6298
-6.6354
-6.65007
-6.66731
-6.68643
-6.7042
-6.71198
-6.71061
-6.69999
-6.68564
-6.6652
-6.64542
-6.63236
-6.62487
-6.62646
-6.63626
-6.65019
-6.66638
-6.67813
-6.6897
-6.6979
-6.7043
-6.70866
-6.71289
-6.71581
-6.71611
-6.70865
-6.69324
-6.67138
-6.64111
-6.61052
-6.58523
-6.56948
-6.56217
-6.56327
-6.56595
-6.56621
-6.56602
-6.55838
-6.54746
-6.53126
-6.51487
-6.49728
-6.48188
-6.47453
-6.47415
-6.48492
-6.5051
-6.53472
-6.56578
-6.59653
-6.62885
-6.65363
-6.67105
-6.68324
-6.68854
-6.68481
-6.67586
-6.65861
-6.64151
-6.62131
-6.60564
-6.593
-6.58503
-6.58507
-6.58874
-6.59914
-6.61521
-6.63719
-6.65461
-6.6739
-6.69088
-6.69837
-6.70111
-6.69534
-6.68514
-6.6673
-6.65123
-6.63404
-6.62044
-6.61256
-6.60915
-6.61307
-6.61887
-6.62622
-6.62926
-6.63052
-6.63111
-6.63051
-6.63321
-6.64179
-6.65167
-6.66276
-6.66947
-6.67013
-6.66265
-6.64654
-6.62343
-6.59659
-6.57316
-6.55626
-6.54931
-6.54907
-6.55776
-6.57179
-6.58548
-6.59725
-6.60401
-6.60637
-6.60661
-6.61067
-6.61792
-6.63065
-6.64889
-6.66425
-6.67528
-6.6791
-6.67748
-6.66549
-6.64708
-6.6231
-6.59915
-6.58039
-6.56517
-6.55346
-6.54714
-6.54159
-6.53785
-6.53316
-6.52883
-6.52769
-6.53229
-6.54999
-6.57329
-6.60867
-6.64901
-6.68878
-6.72701
-6.76119
-6.78454
-6.80097
-6.80803
-6.80633
-6.80133
-6.79037
-6.77484
-6.75267
-6.72632
-6.69515
-6.65688
-6.61989
-6.58342
-6.55289
-6.52699
-6.50777
-6.49547
-6.48893
-6.48872
-6.49547
-6.50574
-6.52028
-6.53412
-6.54479
-6.55709
-6.56609
-6.57588
-6.58633
-6.59269
-6.59513
-6.5952
-6.59352
-6.58892
-6.58514
-6.58622
-6.58976
-6.59357
-6.59769
-6.60101
-6.60613
-6.61158
-6.6231
-6.6399
-6.66063
-6.68439
-6.7068
-6.72366
-6.73538
-6.73563
-6.72594
-6.70715
-6.67808
-6.64716
-6.62168
-6.60359
-6.59508
-6.5946
-6.59719
-6.60385
-6.6127
-6.62658
-6.64264
-6.66361
-6.68823
-6.713
-6.73521
-6.75267
-6.76121
-6.76213
-6.75316
-6.73648
-6.71762
-6.69207
-6.66299
-6.63317
-6.60266
-6.57973
-6.56178
-6.55229
-6.55015
-6.55193
-6.55683
-6.56552
-6.57114
-6.58387
-6.59752
-6.61301
-6.62538
-6.64136
-6.65353
-6.66097
-6.66309
-6.65715
-6.64008
-6.61515
-6.58733
-6.5634
-6.54223
-6.5335
-6.53473
-6.54283
-6.55179
-6.56294
-6.57926
-6.59927
-6.62231
-6.6424
-6.66273
-6.67853
-6.68864
-6.69515
-6.69319
-6.68661
-6.67767
-6.66485
-6.65339
-6.64415
-6.64075
-6.64012
-6.64552
-6.65315
-6.65632
-6.65977
-6.662
-6.66334
-6.65612
-6.64888
-6.63976
-6.629
-6.61864
-6.61508
-6.61497
-6.62015
-6.62845
-6.63285
-6.63421
-6.6306
-6.62296
-6.61486
-6.60215
-6.59202
-6.58477
-6.5793
-6.57827
-6.57848
-6.58099
-6.59009
-6.59701
-6.60379
-6.61331
-6.62118
-6.62813
-6.63274
-6.63586
-6.64195
-6.64995
-6.65926
-6.66793
-6.67453
-6.67523
-6.66777
-6.65193
-6.625
-6.59765
-6.56935
-6.53997
-6.5094
-6.48232
-6.45898
-6.44425
-6.43535
-6.43471
-6.44523
-6.46442
-6.4952
-6.53365
-6.57348
-6.61121
-6.64342
-6.66759
-6.68337
-6.68761
-6.68434
-6.67688
-6.66538
-6.65383
-6.64456
-6.63466
-6.62629
-6.62666
-6.62743
-6.63306
-6.64389
-6.65625
-6.66584
-6.67283
-6.67459
-6.67315
-6.67019
-6.6646
-6.66218
-6.66374
-6.66595
-6.67237
-6.67315
-6.67286
-6.66838
-6.66218
-6.65226
-6.63876
-6.62102
-6.60014
-6.57513
-6.55077
-6.52571
-6.5098
-6.50094
-6.5028
-6.51495
-6.53409
-6.55377
-6.5742
-6.59118
-6.60229
-6.61205
-6.619
-6.62806
-6.63392
-6.64006
-6.64893
-6.65564
-6.66134
-6.67113
-6.68435
-6.69569
-6.70046
-6.70689
-6.71143
-6.71163
-6.71088
-6.70755
-6.7028
-6.69864
-6.68609
-6.67543
-6.66492
-6.6544
-6.64024
-6.62555
-6.61071
-6.59204
-6.5709
-6.55211
-6.53387
-6.5274
-6.53227
-6.55104
-6.5745
-6.60095
-6.62231
-6.63625
-6.64209
-6.64647
-6.64893
-6.65327
-6.65872
-6.66297
-6.6635
-6.65897
-6.65089
-6.64204
-6.63173
-6.62184
-6.61754
-6.61744
-6.62359
-6.63285
-6.64301
-6.64901
-6.64902
-6.6379
-6.61855
-6.59031
-6.56003
-6.53167
-6.50949
-6.49434
-6.49032
-6.49915
-6.51584
-6.54218
-6.56927
-6.59483
-6.61692
-6.63797
-6.65073
-6.65701
-6.65678
-6.6482
-6.63579
-6.61715
-6.59799
-6.57775
-6.56152
-6.54339
-6.52898
-6.51987
-6.51595
-6.52083
-6.53311
-6.55071
-6.57342
-6.59841
-6.62307
-6.64426
-6.66064
-6.67322
-6.67914
-6.6788
-6.67935
-6.6819
-6.68744
-6.69801
-6.70952
-6.71873
-6.72636
-6.72656
-6.72463
-6.71765
-6.70634
-6.69284
-6.67682
-6.66126
-6.65057
-6.63816
-6.63088
-6.62614
-6.63008
-6.63311
-6.63803
-6.63846
-6.63383
-6.62744
-6.61719
-6.60386
-6.58815
-6.56957
-6.55173
-6.53789
-6.53242
-6.53655
-6.55185
-6.57458
-6.60178
-6.62798
-6.64915
-6.66002
-6.66421
-6.65526
-6.63968
-6.62033
-6.59974
-6.58084
-6.56649
-6.55901
-6.56032
-6.56397
-6.57448
-6.58693
-6.59811
-6.60812
-6.61144
-6.60814
-6.60191
-6.59123
-6.58264
-6.57768
-6.57326
-6.56996
-6.57178
-6.57265
-6.57128
-6.56967
-6.56819
-6.57032
-6.5766
-6.58314
-6.59675
-6.61017
-6.62849
-6.64582
-6.66399
-6.68437
-6.70347
-6.71987
-6.73389
-6.74152
-6.74747
-6.7547
-6.7584
-6.75877
-6.75419
-6.74643
-6.73125
-6.70927
-6.67894
-6.64319
-6.60433
-6.56778
-6.53353
-6.5089
-6.4946
-6.48808
-6.49297
-6.50607
-6.52107
-6.53931
-6.55878
-6.57759
-6.59902
-6.61574
-6.6315
-6.63962
-6.63914
-6.62949
-6.60673
-6.58157
-6.55286
-6.52292
-6.50019
-6.48364
-6.47784
-6.47977
-6.49333
-6.51199
-6.53654
-6.56353
-6.59494
-6.62328
-6.65078
-6.67232
-6.69002
-6.70283
-6.70931
-6.71339
-6.71265
-6.7099
-6.70168
-6.69255
-6.68137
-6.66818
-6.65233
-6.63373
-6.61121
-6.58792
-6.56169
-6.53806
-6.51909
-6.5102
-6.51604
-6.53549
-6.56476
-6.59954
-6.63341
-6.66583
-6.69032
-6.70816
-6.71643
-6.71359
-6.70201
-6.68996
-6.67946
-6.67215
-6.66953
-6.66765
-6.66688
-6.66404
-6.65831
-6.64803
-6.63432
-6.61781
-6.60451
-6.59273
-6.58708
-6.58327
-6.58321
-6.58697
-6.59666
-6.60651
-6.62452
-6.64306
-6.66215
-6.67768
-6.68885
-6.68995
-6.68059
-6.65907
-6.63288
-6.60242
-6.57185
-6.54711
-6.53091
-6.5219
-6.52045
-6.5259
-6.53047
-6.53555
-6.54053
-6.54623
-6.55767
-6.57924
-6.61095
-6.65047
-6.68881
-6.71671
-6.73139
-6.73409
-6.72018
-6.69075
-6.65339
-6.6104
-6.57077
-6.53673
-6.50473
-6.48216
-6.46187
-6.44788
-6.43927
-6.44359
-6.46331
-6.49485
-6.53466
-6.57799
-6.62036
-6.6574
-6.68557
-6.70151
-6.71059
-6.70703
-6.69439
-6.68058
-6.66518
-6.65162
-6.64206
-6.63606
-6.6332
-6.63285
-6.63353
-6.64101
-6.64929
-6.65813
-6.66348
-6.67032
-6.6766
-6.67923
-6.67715
-6.67332
-6.66871
-6.66816
-6.66776
-6.66874
-6.66732
-6.66311
-6.65633
-6.64115
-6.62391
-6.60295
-6.58136
-6.5603
-6.54587
-6.54039
-6.543
-6.55346
-6.56602
-6.58001
-6.59141
-6.60183
-6.61275
-6.61884
-6.62423
-6.63016
-6.63016
-6.63114
-6.62669
-6.61526
-6.60086
-6.5807
-6.55944
-6.54169
-6.53126
-6.52808
-6.53303
-6.54465
-6.55789
-6.57261
-6.58615
-6.59451
-6.59821
-6.60169
-6.59916
-6.59576
-6.59311
-6.59127
-6.59041
-6.59463
-6.60262
-6.61707
-6.637
-6.66022
-6.68605
-6.71057
-6.73072
-6.73891
-6.7404
-6.73622
-6.72863
-6.71765
-6.70649
-6.69929
-6.69052
-6.68653
-6.68107
-6.67243
-6.65968
-6.64334
-6.62753
-6.61256
-6.60148
-6.59619
-6.59443
-6.59952
-6.60525
-6.61008
-6.60836
-6.60276
-6.58867
-6.5695
-6.54796
-6.53197
-6.52069
-6.51295
-6.51599
-6.52392
-6.54006
-6.56181
-6.58684
-6.61524
-6.64423
-6.67165
-6.69774
-6.72206
-6.73491
-6.73716
-6.7239
-6.70325
-6.67153
-6.63189
-6.59128
-6.55674
-6.52754
-6.51017
-6.50388
-6.50693
-6.51881
-6.53335
-6.54763
-6.56289
-6.57352
-6.57966
-6.57838
-6.57366
-6.5663
-6.55669
-6.5485
-6.54483
-6.54489
-6.55232
-6.56239
-6.57689
-6.59339
-6.61036
-6.62816
-6.63987
-6.65115
-6.658
-6.66055
-6.65689
-6.64969
-6.64009
-6.63229
-6.62682
-6.62928
-6.64143
-6.65858
-6.6785
-6.69992
-6.72035
-6.73511
-6.74171
-6.73873
-6.73214
-6.7196
-6.69919
-6.68067
-6.66171
-6.64593
-6.62929
-6.61821
-6.60638
-6.59768
-6.58892
-6.58819
-6.58887
-6.59341
-6.59985
-6.60607
-6.61388
-6.61911
-6.61704
-6.6131
-6.60412
-6.58959
-6.57603
-6.55945
-6.54153
-6.5274
-6.51282
-6.50485
-6.50495
-6.51517
-6.53386
-6.56213
-6.59725
-6.62959
-6.65619
-6.67281
-6.67895
-6.67172
-6.655
-6.63057
-6.6006
-6.57353
-6.55292
-6.54072
-6.53859
-6.54561
-6.56092
-6.58385
-6.61287
-6.64062
-6.66921
-6.69216
-6.71051
-6.72039
-6.72114
-6.71727
-6.7077
-6.69143
-6.671
-6.64844
-6.62511
-6.60058
-6.58126
-6.56835
-6.56511
-6.56941
-6.58467
-6.60626
-6.63299
-6.6593
-6.68531
-6.70824
-6.72291
-6.73363
-6.73389
-6.72823
-6.71424
-6.69496
-6.67442
-6.64983
-6.62001
-6.59043
-6.56034
-6.53105
-6.5075
-6.49384
-6.48749
-6.49215
-6.49925
-6.51497
-6.5384
-6.56525
-6.59689
-6.62596
-6.64996
-6.66647
-6.67029
-6.66014
-6.64138
-6.61736
-6.59766
-6.58104
-6.56883
-6.56621
-6.57086
-6.58575
-6.60094
-6.61824
-6.63704
-6.64898
-6.65755
-6.65863
-6.65491
-6.6497
-6.64748
-6.64665
-6.64909
-6.6554
-6.66083
-6.66565
-6.67105
-6.6753
-6.67881
-6.68095
-6.68018
-6.67753
-6.67182
-6.66668
-6.66452
-6.66147
-6.663
-6.66659
-6.6736
-6.67938
-6.67884
-6.67428
-6.66211
-6.64415
-6.62039
-6.59712
-6.57742
-6.56194
-6.55139
-6.54971
-6.55414
-6.56631
-6.57899
-6.592
-6.59956
-6.60229
-6.59834
-6.59113
-6.57895
-6.5647
-6.55205
-6.54416
-6.54318
-6.55118
-6.56767
-6.58722
-6.61221
-6.63473
-6.65333
-6.66772
-6.67138
-6.66972
-6.65859
-6.64168
-6.61667
-6.5903
-6.56723
-6.55012
-6.54208
-6.54169
-6.55035
-6.56696
-6.58503
-6.60126
-6.61791
-6.62689
-6.63436
-6.6332
-6.63036
-6.62856
-6.62471
-6.6252
-6.62748
-6.62937
-6.63183
-6.63291
-6.63168
-6.62651
-6.6222
-6.61638
-6.61272
-6.61849
-6.62824
-6.63964
-6.65444
-6.66624
-6.67244
-6.67162
-6.65989
-6.64117
-6.61662
-6.5892
-6.56411
-6.54987
-6.54999
-6.56408
-6.58898
-6.61907
-6.6486
-6.67248
-6.68612
-6.68792
-6.68062
-6.66005
-6.63414
-6.60844
-6.58873
-6.58131
-6.58079
-6.58935
-6.59954
-6.60916
-6.61808
-6.62455
-6.62856
-6.63399
-6.63897
-6.64271
-6.6521
-6.66322
-6.67607
-6.69301
-6.70787
-6.71799
-6.71964
-6.71106
-6.69461
-6.66917
-6.64035
-6.60803
-6.57845
-6.55817
-6.54406
-6.53846
-6.53404
-6.5286
-6.51972
-6.51267
-6.50462
-6.50388
-6.51209
-6.52908
-6.55367
-6.585
-6.61462
-6.63823
-6.65303
-6.66192
-6.65993
-6.65034
-6.63774
-6.62544
-6.61603
-6.6111
-6.61284
-6.61767
-6.62511
-6.63321
-6.64135
-6.6512
-6.65696
-6.65952
-6.65771
-6.65514
-6.64932
-6.64272
-6.63394
-6.62715
-6.6232
-6.62155
-6.62256
-6.62315
-6.62404
-6.62651
-6.63181
-6.6372
-6.63886
-6.63926
-6.63603
-6.62733
-6.61946
-6.61209
-6.60514
-6.60227
-6.59873
-6.59635
-6.59691
-6.595
-6.59517
-6.59646
-6.60004
-6.60166
-6.60428
-6.60475
-6.60307
-6.60244
-6.60478
-6.60535
-6.61076
-6.62169
-6.63857
-6.65823
-6.68383
-6.70655
-6.72532
-6.73388
-6.72862
-6.71048
-6.68286
-6.64413
-6.60003
-6.55763
-6.52538
-6.50641
-6.5035
-6.51415
-6.53217
-6.55409
-6.57361
-6.59023
-6.59807
-6.60084
-6.59569
-6.58945
-6.585
-6.58399
-6.58912
-6.60149
-6.61537
-6.62584
-6.63101
-6.63302
-6.632
-6.63076
-6.63395
-6.6411
-6.65238
-6.67158
-6.69157
-6.712
-6.73003
-6.73928
-6.74076
-6.73541
-6.72044
-6.70147
-6.68156
-6.66167
-6.64399
-6.63244
-6.62313
-6.61871
-6.61548
-6.61329
-6.60783
-6.6001
-6.59319
-6.58787
-6.58571
-6.58708
-6.59106
-6.59817
-6.60603
-6.6119
-6.61898
-6.62049
-6.61759
-6.61017
-6.60047
-6.59322
-6.58566
-6.57873
-6.57599
-6.58268
-6.59107
-6.60807
-6.62482
-6.644
-6.65879
-6.67084
-6.67477
-6.66656
-6.64692
-6.62123
-6.59023
-6.56148
-6.53868
-6.52601
-6.52656
-6.53525
-6.5533
-6.57689
-6.60667
-6.63681
-6.66402
-6.68743
-6.70698
-6.71919
-6.72498
-6.72275
-6.71542
-6.69974
-6.67656
-6.65368
-6.62877
-6.60428
-6.58046
-6.55811
-6.5376
-6.52143
-6.51034
-6.5053
-6.50483
-6.50798
-6.51813
-6.53406
-6.55591
-6.58179
-6.60728
-6.6351
-6.65453
-6.67302
-6.68486
-6.69312
-6.69677
-6.70121
-6.70295
-6.70511
-6.70592
-6.70219
-6.69777
-6.6883
-6.67574
-6.66086
-6.64205
-6.62241
-6.60272
-6.58329
-6.56521
-6.55181
-6.54501
-6.54508
-6.54956
-6.55782
-6.5701
-6.58605
-6.60436
-6.61824
-6.62795
-6.63103
-6.62475
-6.61318
-6.59862
-6.58263
-6.56878
-6.56311
-6.56676
-6.57813
-6.59545
-6.61321
-6.62744
-6.63825
-6.64053
-6.63982
-6.6336
-6.63079
-6.63072
-6.63344
-6.63958
-6.64792
-6.65526
-6.65991
-6.66198
-6.65957
-6.65273
-6.64079
-6.62635
-6.60971
-6.59011
-6.57069
-6.55842
-6.54949
-6.55119
-6.56058
-6.58231
-6.6105
-6.64007
-6.66773
-6.69065
-6.70427
-6.70177
-6.68712
-6.66303
-6.63349
-6.5972
-6.5616
-6.53493
-6.51379
-6.50406
-6.50634
-6.52073
-6.5437
-6.56874
-6.59326
-6.6149
-6.63215
-6.64102
-6.64298
-6.64237
-6.63846
-6.63713
-6.63942
-6.64689
-6.66214
-6.68339
-6.70623
-6.72645
-6.74069
-6.74271
-6.73636
-6.71562
-6.68568
-6.64928
-6.60779
-6.57185
-6.54193
-6.52075
-6.50838
-6.50375
-6.50011
-6.5003
-6.50275
-6.50901
-6.52289
-6.54442
-6.56769
-6.591
-6.61792
-6.63864
-6.65895
-6.67646
-6.69313
-6.70793
-6.71664
-6.72046
-6.713
-6.69336
-6.6659
-6.62984
-6.59589
-6.57084
-6.55514
-6.54806
-6.54848
-6.55031
-6.55242
-6.55593
-6.55474
-6.55103
-6.55206
-6.55225
-6.55688
-6.566
-6.58272
-6.60186
-6.62354
-6.64627
-6.66427
-6.68161
-6.69753
-6.70766
-6.71501
-6.71401
-6.70795
-6.69864
-6.68502
-6.67066
-6.6562
-6.64314
-6.63367
-6.62707
-6.62249
-6.62115
-6.62609
-6.63278
-6.64406
-6.65692
-6.67401
-6.69061
-6.7052
-6.71856
-6.72342
-6.72268
-6.71598
-6.7003
-6.6778
-6.64827
-6.62006
-6.59635
-6.57727
-6.56221
-6.55
-6.53904
-6.5277
-6.51183
-6.49665
-6.48243
-6.47368
-6.47457
-6.48481
-6.5015
-6.52362
-6.54589
-6.56494
-6.57893
-6.59257
-6.60159
-6.60613
-6.60348
-6.59388
-6.57875
-6.55554
-6.52732
-6.49946
-6.47943
-6.46954
-6.47474
-6.49539
-6.52381
-6.55689
-6.59483
-6.63222
-6.66914
-6.70293
-6.73212
-6.75295
-6.76573
-6.77046
-6.76401
-6.75821
-6.74759
-6.72973
-6.71229
-6.69513
-6.68012
-6.66901
-6.66164
-6.65801
-6.65765
-6.65415
-6.64314
-6.63017
-6.61118
-6.58882
-6.56905
-6.555
-6.5498
-6.55552
-6.56679
-6.5821
-6.60072
-6.6151
-6.63088
-6.64363
-6.65094
-6.65776
-6.66205
-6.66674
-6.66803
-6.66636
-6.65804
-6.64884
-6.63512
-6.62241
-6.618
-6.61898
-6.62198
-6.62523
-6.62679
-6.62521
-6.61751
-6.60285
-6.58285
-6.5565
-6.52807
-6.49879
-6.47311
-6.45567
-6.44877
-6.45118
-6.46564
-6.49088
-6.52445
-6.56273
-6.60289
-6.64178
-6.68147
-6.71541
-6.7409
-6.76001
-6.76497
-6.75505
-6.73608
-6.70589
-6.6697
-6.63392
-6.59703
-6.56712
-6.54798
-6.54518
-6.56367
-6.59837
-6.64174
-6.69195
-6.73747
-6.77285
-6.79008
-6.79296
-6.78055
-6.75733
-6.7238
-6.68889
-6.64902
-6.60908
-6.56874
-6.53518
-6.51039
-6.49785
-6.49649
-6.51307
-6.53561
-6.56315
-6.58739
-6.60505
-6.61558
-6.61808
-6.61732
-6.61663
-6.6186
-6.62276
-6.63335
-6.64096
-6.65516
-6.66606
-6.67587
-6.68123
-6.68297
-6.67881
-6.66938
-6.65915
-6.65024
-6.64179
-6.63787
-6.63303
-6.62958
-6.62571
-6.62259
-6.61816
-6.61649
-6.61437
-6.61402
-6.61243
-6.61008
-6.60739
-6.60003
-6.58691
-6.5708
-6.55421
-6.5412
-6.53247
-6.5307
-6.53329
-6.53891
-6.54858
-6.55605
-6.5592
-6.56117
-6.5654
-6.57492
-6.5901
-6.61151
-6.63882
-6.66749
-6.69197
-6.7082
-6.71443
-6.71016
-6.70104
-6.68971
-6.67461
-6.66329
-6.65252
-6.64535
-6.64261
-6.64354
-6.64513
-6.64653
-6.6476
-6.64654
-6.64336
-6.63551
-6.62239
-6.61223
-6.60107
-6.58482
-6.56625
-6.5476
-6.52639
-6.51233
-6.50981
-6.52075
-6.54103
-6.56595
-6.59351
-6.61524
-6.63007
-6.63681
-6.64106
-6.63868
-6.63288
-6.62893
-6.62741
-6.62781
-6.63287
-6.64005
-6.65141
-6.66832
-6.6913
-6.71644
-6.74142
-6.75768
-6.76482
-6.76033
-6.74204
-6.7138
-6.67823
-6.64243
-6.61096
-6.59013
-6.58075
-6.58051
-6.58599
-6.59955
-6.61385
-6.62736
-6.64127
-6.65638
-6.6732
-6.68992
-6.7068
-6.72116
-6.73271
-6.73773
-6.73265
-6.71828
-6.69536
-6.66314
-6.62857
-6.59194
-6.56029
-6.53361
-6.51292
-6.50442
-6.50355
-6.51231
-6.5253
-6.53804
-6.55181
-6.55805
-6.55882
-6.55468
-6.54741
-6.54283
-6.5443
-6.54983
-6.55859
-6.57477
-6.5956
-6.61554
-6.63931
-6.66189
-6.67826
-6.69122
-6.69533
-6.69504
-6.68991
-6.68175
-6.6703
-6.65983
-6.65173
-6.63877
-6.62577
-6.61234
-6.59523
-6.57798
-6.56375
-6.55076
-6.54168
-6.53923
-6.53839
-6.54406
-6.54962
-6.55947
-6.56849
-6.57562
-6.58032
-6.58268
-6.58399
-6.58689
-6.59172
-6.60108
-6.6112
-6.62486
-6.64203
-6.65981
-6.6748
-6.68959
-6.7017
-6.71105
-6.71417
-6.71619
-6.71576
-6.71705
-6.72023
-6.72039
-6.71799
-6.71266
-6.69866
-6.67723
-6.65145
-6.6151
-6.58029
-6.54716
-6.52428
-6.50899
-6.49893
-6.49505
-6.49295
-6.4948
-6.50275
-6.51961
-6.54276
-6.57135
-6.60811
-6.64615
-6.67863
-6.70333
-6.72241
-6.73379
-6.73629
-6.72705
-6.71097
-6.69493
-6.67853
-6.66537
-6.662
-6.66208
-6.66329
-6.66625
-6.66419
-6.6615
-6.65397
-6.64312
-6.62928
-6.61191
-6.59221
-6.57052
-6.54806
-6.53011
-6.51952
-6.51837
-6.52703
-6.54491
-6.56195
-6.5783
-6.58905
-6.59851
-6.602
-6.60435
-6.60488
-6.60287
-6.60014
-6.59658
-6.59207
-6.58892
-6.59225
-6.59539
-6.59891
-6.60288
-6.60494
-6.60207
-6.59936
-6.59608
-6.59149
-6.59148
-6.59912
-6.62051
-6.64812
-6.68271
-6.72252
-6.76017
-6.78965
-6.80622
-6.80856
-6.7952
-6.76816
-6.73599
-6.69888
-6.65619
-6.61839
-6.58048
-6.5498
-6.51999
-6.50075
-6.48369
-6.47785
-6.48204
-6.49406
-6.51644
-6.54175
-6.57216
-6.6037
-6.63468
-6.66346
-6.6915
-6.71499
-6.73058
-6.7386
-6.74066
-6.73455
-6.7224
-6.70662
-6.68765
-6.66396
-6.637
-6.60711
-6.58059
-6.55851
-6.54014
-6.52578
-6.51925
-6.51569
-6.51846
-6.52342
-6.53535
-6.55138
-6.57093
-6.59234
-6.61225
-6.62875
-6.64166
-6.65488
-6.66463
-6.67165
-6.67874
-6.67828
-6.67281
-6.66292
-6.6466
-6.62673
-6.6049
-6.58984
-6.57921
-6.57675
-6.57916
-6.58678
-6.59407
-6.60491
-6.6141
-6.62311
-6.63089
-6.63791
-6.64203
-6.63673
-6.62863
-6.61302
-6.59045
-6.57005
-6.5567
-6.55398
-6.55984
-6.57285
-6.58585
-6.5934
-6.60097
-6.60449
-6.60713
-6.6081
-6.60837
-6.60983
-6.6166
-6.63006
-6.64737
-6.66937
-6.69541
-6.71825
-6.73526
-6.74117
-6.73782
-6.72769
-6.71216
-6.69421
-6.6791
-6.66805
-6.66494
-6.66232
-6.65823
-6.655
-6.64988
-6.64053
-6.6296
-6.61459
-6.60302
-6.5917
-6.58378
-6.57642
-6.57103
-6.56424
-6.55636
-6.54452
-6.53161
-6.52022
-6.51537
-6.51903
-6.52828
-6.54354
-6.56454
-6.58739
-6.61064
-6.63229
-6.64792
-6.65785
-6.65571
-6.64601
-6.63449
-6.6229
-6.61504
-6.60994
-6.60878
-6.60736
-6.60856
-6.60756
-6.6065
-6.61293
-6.62148
-6.63166
-6.64356
-6.65641
-6.66952
-6.6797
-6.68588
-6.69339
-6.70036
-6.70712
-6.7087
-6.7067
-6.69839
-6.68373
-6.66199
-6.63498
-6.60686
-6.58002
-6.55909
-6.54204
-6.53089
-6.52069
-6.50754
-6.49455
-6.48297
-6.47603
-6.47591
-6.48153
-6.49644
-6.51783
-6.54498
-6.57535
-6.60485
-6.63238
-6.65926
-6.68352
-6.70239
-6.7217
-6.73654
-6.74722
-6.75175
-6.75294
-6.74751
-6.73774
-6.71999
-6.69886
-6.67549
-6.6498
-6.62421
-6.59484
-6.56267
-6.52859
-6.5011
-6.48711
-6.49147
-6.51396
-6.54925
-6.58706
-6.62579
-6.65591
-6.68001
-6.6951
-6.70236
-6.70502
-6.69762
-6.68476
-6.67306
-6.66174
-6.65182
-6.64534
-6.64056
-6.63762
-6.63167
-6.6284
-6.62653
-6.62556
-6.62608
-6.62642
-6.62706
-6.6253
-6.62128
-6.62016
-6.62308
-6.62872
-6.63711
-6.64372
-6.64699
-6.64185
-6.63175
-6.6166
-6.59624
-6.57097
-6.5435
-6.52379
-6.50811
-6.50063
-6.50398
-6.51492
-6.53347
-6.55396
-6.57166
-6.5881
-6.59916
-6.60947
-6.6127
-6.61394
-6.61795
-6.6186
-6.62067
-6.62122
-6.61849
-6.61135
-6.60284
-6.59947
-6.60193
-6.61094
-6.62888
-6.65288
-6.68099
-6.71091
-6.73598
-6.75513
-6.76892
-6.77175
-6.76424
-6.74819
-6.72495
-6.69697
-6.66909
-6.64272
-6.61966
-6.60344
-6.59648
-6.59487
-6.59835
-6.60159
-6.60796
-6.61475
-6.61722
-6.61993
-6.61891
-6.61373
-6.6084
-6.59854
-6.58743
-6.57921
-6.57732
-6.5831
-6.59568
-6.61595
-6.63819
-6.65843
-6.66824
-6.66839
-6.65773
-6.64182
-6.6197
-6.59648
-6.57645
-6.56209
-6.55528
-6.55441
-6.55533
-6.55981
-6.56482
-6.57409
-6.58036
-6.58912
-6.59926
-6.60908
-6.61955
-6.62655
-6.63244
-6.63127
-6.62222
-6.61159
-6.59786
-6.58803
-6.58635
-6.59168
-6.60391
-6.61869
-6.63682
-6.65302
-6.66676
-6.67552
-6.67841
-6.67584
-6.66993
-6.657
-6.64472
-6.6335
-6.62987
-6.63442
-6.64741
-6.65695
-6.66409
-6.66152
-6.6534
-6.64004
-6.62452
-6.60548
-6.58806
-6.57335
-6.5613
-6.55622
-6.55615
-6.56084
-6.57071
-6.5862
-6.60505
-6.62216
-6.63449
-6.64293
-6.6415
-6.63301
-6.62011
-6.60493
-6.5921
-6.58626
-6.58775
-6.59853
-6.61727
-6.64659
-6.6784
-6.71158
-6.74017
-6.75843
-6.76637
-6.761
-6.74392
-6.72041
-6.69543
-6.66646
-6.64073
-6.61646
-6.59639
-6.57904
-6.5639
-6.55423
-6.54332
-6.53432
-6.5272
-6.52338
-6.52704
-6.53184
-6.53791
-6.54917
-6.56285
-6.57588
-6.59001
-6.60362
-6.61325
-6.62075
-6.62218
-6.61899
-6.61099
-6.59862
-6.58692
-6.57254
-6.56048
-6.54658
-6.53429
-6.52407
-6.51892
-6.52368
-6.53664
-6.55682
-6.58538
-6.6164
-6.65184
-6.68351
-6.71358
-6.74197
-6.76585
-6.78485
-6.79507
-6.79332
-6.78368
-6.76784
-6.74751
-6.72456
-6.69887
-6.67096
-6.63962
-6.60574
-6.57773
-6.55007
-6.52852
-6.51755
-6.51152
-6.51683
-6.52677
-6.54572
-6.5703
-6.59911
-6.6294
-6.65945
-6.68618
-6.70495
-6.72059
-6.72722
-6.72287
-6.71081
-6.6908
-6.66546
-6.64079
-6.6151
-6.59205
-6.57157
-6.55645
-6.54602
-6.53868
-6.53692
-6.5411
-6.55054
-6.56432
-6.58203
-6.59868
-6.6121
-6.61941
-6.61785
-6.61046
-6.59868
-6.58653
-6.57741
-6.57261
-6.57567
-6.58279
-6.59433
-6.60378
-6.6116
-6.61377
-6.60833
-6.59963
-6.5881
-6.57395
-6.56137
-6.5562
-6.55635
-6.56512
-6.57895
-6.60028
-6.63115
-6.66261
-6.69502
-6.72509
-6.74892
-6.76114
-6.75919
-6.74335
-6.71497
-6.67606
-6.63536
-6.60111
-6.57625
-6.56512
-6.57293
-6.58765
-6.61069
-6.63358
-6.6521
-6.66329
-6.66399
-6.65438
-6.64142
-6.62181
-6.60366
-6.58729
-6.57627
-6.57362
-6.5761
-6.57711
-6.58252
-6.59161
-6.60288
-6.61395
-6.62911
-6.64673
-6.66349
-6.67647
-6.68382
-6.68627
-6.68222
-6.66952
-6.65536
-6.63886
-6.62534
-6.61896
-6.62088
-6.62696
-6.63744
-6.65144
-6.66334
-6.67395
-6.67727
-6.67603
-6.66853
-6.66434
-6.66161
-6.66223
-6.66527
-6.66946
-6.67082
-6.67492
-6.67937
-6.68512
-6.68841
-6.68518
-6.67873
-6.65773
-6.63246
-6.59613
-6.55921
-6.52268
-6.49159
-6.47168
-6.4569
-6.44751
-6.44679
-6.45276
-6.46627
-6.48055
-6.49677
-6.51193
-6.52852
-6.54688
-6.56467
-6.57881
-6.59013
-6.60074
-6.60337
-6.60845
-6.61265
-6.61553
-6.62067
-6.6227
-6.62059
-6.61742
-6.60894
-6.60043
-6.5941
-6.59096
-6.59021
-6.59752
-6.61225
-6.6354
-6.66704
-6.70778
-6.75121
-6.78831
-6.81425
-6.82481
-6.82113
-6.80482
-6.78072
-6.75404
-6.72439
-6.69715
-6.6714
-6.64685
-6.62542
-6.60677
-6.59111
-6.57759
-6.56789
-6.56611
-6.57114
-6.58127
-6.59716
-6.61435
-6.63266
-6.64601
-6.65357
-6.65411
-6.64625
-6.62955
-6.60636
-6.58207
-6.55859
-6.53532
-6.51805
-6.51293
-6.51433
-6.5212
-6.53791
-6.56033
-6.58108
-6.60311
-6.61874
-6.62587
-6.62781
-6.61884
-6.60169
-6.57889
-6.5513
-6.52385
-6.50186
-6.49278
-6.49931
-6.52285
-6.56074
-6.60119
-6.64055
-6.67004
-6.68945
-6.6972
-6.69461
-6.68537
-6.67433
-6.66549
-6.66498
-6.67184
-6.68777
-6.7079
-6.7296
-6.74593
-6.75183
-6.74917
-6.73738
-6.7131
-6.68143
-6.64985
-6.61794
-6.58755
-6.56377
-6.54775
-6.54235
-6.54235
-6.55363
-6.57383
-6.59977
-6.62651
-6.65263
-6.6743
-6.68938
-6.69973
-6.70249
-6.70499
-6.70316
-6.69802
-6.68591
-6.67317
-6.65512
-6.63173
-6.60675
-6.58072
-6.55304
-6.522
-6.49363
-6.47168
-6.45678
-6.45292
-6.46363
-6.48478
-6.51522
-6.54741
-6.57593
-6.60167
-6.61733
-6.63146
-6.63578
-6.63689
-6.62765
-6.61727
-6.60793
-6.60617
-6.61074
-6.61997
-6.63446
-6.64863
-6.65766
-6.66171
-6.65848
-6.6492
-6.63763
-6.62726
-6.61681
-6.60916
-6.60537
-6.60575
-6.6074
-6.60954
-6.61253
-6.61623
-6.61812
-6.61651
-6.61509
-6.61443
-6.61879
-6.62459
-6.63486
-6.64404
-6.65292
-6.654
-6.64597
-6.63893
-6.63228
-6.63317
-6.6456
-6.66057
-6.67356
-6.68283
-6.68802
-6.68049
-6.672
-6.66194
-6.65227
-6.6419
-6.63546
-6.63541
-6.63629
-6.64127
-6.64478
-6.64678
-6.64776
-6.64729
-6.64216
-6.63482
-6.62574
-6.61341
-6.59782
-6.58323
-6.56728
-6.55216
-6.54246
-6.5369
-6.53666
-6.53904
-6.54493
-6.55315
-6.56598
-6.57888
-6.5955
-6.61409
-6.62762
-6.64045
-6.65133
-6.65673
-6.6544
-6.65189
-6.64327
-6.63259
-6.61939
-6.60408
