0.97271
0.985513
0.998611
1.0107
1.02041
1.02705
1.03103
1.03353
1.03606
1.03984
1.04569
1.05336
1.06224
1.07125
1.07934
1.08541
1.0882
1.08627
1.07824
1.0632
1.04114
1.01324
0.982028
0.95078
0.92323
0.902607
0.890876
0.888167
0.892904
0.90212
0.912631
0.921642
0.927278
0.928849
0.92661
0.921962
0.91717
0.91469
0.916668
0.924111
0.93669
0.952809
0.970306
0.987089
1.0014
1.01213
1.01872
1.02133
1.02001
1.01483
1.00598
0.993949
0.979717
0.964685
0.950682
0.939352
0.932181
0.929772
0.931866
0.937093
0.943597
0.949472
0.953357
0.954737
0.953506
0.949791
0.943677
0.935244
0.924768
0.913184
0.902127
0.893532
0.889489
0.891567
0.900706
0.916701
0.938593
0.964699
0.993089
1.02187
1.049
1.07256
1.09059
1.10141
1.10387
1.09743
1.08239
1.05966
1.03095
0.998088
0.963151
0.928586
0.896959
0.871363
0.855221
0.851436
0.861918
0.885806
0.919989
0.959292
0.997983
1.03104
1.05469
1.0671
1.06808
1.05884
1.04146
1.01853
0.992695
0.966117
0.940495
0.91698
0.896125
0.87855
0.865195
0.857476
0.857151
0.8656
0.882948
0.907523
0.936097
0.964952
0.990539
1.01065
1.02447
1.03237
1.03525
1.03416
1.02971
1.02237
1.01266
1.00161
0.990972
0.982855
0.979025
0.979647
0.982982
0.986004
0.98574
0.980321
0.969159
0.952813
0.932804
0.911952
0.894113
0.883385
0.88241
0.891327
0.907678
0.927761
0.948021
0.965953
0.980084
0.989948
0.995963
0.998846
0.999578
0.999262
0.998715
0.99842
0.998444
0.998732
0.998965
0.998926
0.998462
0.997437
0.995629
0.992707
0.988389
0.982639
0.976018
0.969603
0.964737
0.962645
0.963929
0.968576
0.975678
0.984056
0.992467
1.00026
1.00716
1.01293
1.01722
1.01924
1.01822
1.01317
1.00369
0.989917
0.972955
0.954315
0.935912
0.919625
0.906637
0.897856
0.893355
0.892935
0.895968
0.901209
0.907613
0.914113
0.920701
0.928588
0.940262
0.956979
0.977274
0.997652
1.01445
1.02566
1.03051
1.02943
1.02338
1.01385
1.00226
0.99018
0.978878
0.969118
0.961026
0.954064
0.947431
0.940132
0.931957
0.9234
0.915864
0.911126
0.910454
0.914188
0.921515
0.930833
0.940524
0.94951
0.957251
0.963527
0.968356
0.97194
0.974077
0.97502
0.975411
0.976133
0.977883
0.980606
0.983505
0.985305
0.984807
0.981433
0.9751
0.966191
0.955594
0.944467
0.934199
0.926328
0.922616
0.924038
0.930586
0.940645
0.951461
0.959985
0.963952
0.96265
0.957121
0.949457
0.941655
0.935173
0.931118
0.930584
0.934469
0.942944
0.955216
0.96983
0.984981
0.998699
1.00918
1.01507
1.01573
1.01118
1.00199
0.989134
0.974432
0.960831
0.951612
0.949209
0.954167
0.965358
0.980608
0.997518
1.01403
1.02837
1.03912
1.04508
1.04528
1.03902
1.02638
1.00839
0.987376
0.966066
0.947076
0.932194
0.922184
0.9176
0.919014
0.926732
0.940221
0.958292
0.978629
0.99876
1.01633
1.0294
1.03668
1.03739
1.03184
1.02109
1.00716
0.991863
0.976445
0.961584
0.947942
0.937285
0.931632
0.931853
0.937179
0.945504
0.954776
0.963568
0.970691
0.975233
0.976333
0.973844
0.968214
0.960486
0.95205
0.944003
0.937157
0.931888
0.928372
0.926669
0.926726
0.928545
0.931975
0.936533
0.941356
0.945655
0.948955
0.951701
0.954803
0.959319
0.965904
0.974165
0.983051
0.991315
0.997858
1.00217
1.00436
1.00507
1.00519
1.00556
1.00662
1.00818
1.00928
1.00847
1.00459
0.997435
0.987751
0.97729
0.967875
0.960905
0.956731
0.954961
0.954357
0.953627
0.951462
0.947096
0.94059
0.932818
0.9253
0.920052
0.918798
0.922454
0.930324
0.941036
0.952778
0.964243
0.974454
0.983193
0.990199
0.995505
0.998716
0.999581
0.997612
0.992634
0.984997
0.975537
0.965167
0.954755
0.945058
0.936736
0.930325
0.926216
0.924443
0.924791
0.926996
0.930896
0.936494
0.943049
0.949196
0.953395
0.954987
0.954706
0.954334
0.955505
0.958937
0.963969
0.968632
0.970936
0.969988
0.966242
0.961389
0.957344
0.955267
0.955329
0.956554
0.957968
0.958809
0.959032
0.958963
0.959162
0.960427
0.96343
0.968743
0.976641
0.987126
0.999455
1.01212
1.02335
1.03146
1.03529
1.03436
1.02877
1.0188
1.00468
0.98673
0.966046
0.944641
0.925564
0.91217
0.906959
0.910626
0.921897
0.937819
0.955195
0.971367
0.984719
0.994799
1.00149
1.00466
1.00396
0.999438
0.991486
0.981487
0.971239
0.962455
0.956249
0.952902
0.951983
0.952892
0.955029
0.957861
0.960732
0.962788
0.963057
0.960674
0.955472
0.947858
0.938937
0.9304
0.923788
0.920076
0.919594
0.922228
0.927924
0.936778
0.949256
0.965887
0.986245
1.00835
1.02861
1.04292
1.04817
1.04361
1.03089
1.01342
0.995235
0.979136
0.966321
0.956984
0.950599
0.946736
0.945085
0.945186
0.94641
0.948303
0.950533
0.953693
0.958501
0.965287
0.973734
0.982961
0.991897
0.999645
1.00571
1.00981
1.01175
1.0112
1.00807
1.00231
0.994361
0.985152
0.976124
0.968625
0.963232
0.959564
0.956328
0.952243
0.946877
0.940536
0.934388
0.930129
0.929201
0.932767
0.940828
0.952383
0.965445
0.977769
0.986945
0.991273
0.989932
0.983037
0.971751
0.957976
0.944288
0.933479
0.927811
0.928371
0.934812
0.945303
0.957234
0.967948
0.975553
0.979243
0.979543
0.978117
0.976855
0.97728
0.979897
0.984315
0.989631
0.994475
0.998066
1.00006
1.00104
1.00162
1.00174
1.00061
0.997327
0.991749
0.984797
0.978198
0.973577
0.97147
0.971346
0.972543
0.974582
0.977282
0.979976
0.981414
0.980345
0.976144
0.969098
0.960918
0.953692
0.949616
0.950185
0.955769
0.965174
0.976042
0.985499
0.991271
0.992683
0.990635
0.986842
0.982983
0.980042
0.978229
0.976937
0.97516
0.971795
0.965882
0.956768
0.944564
0.930278
0.915711
0.903543
0.896468
0.89626
0.902946
0.915079
0.929988
0.945207
0.959153
0.97146
0.982247
0.991504
0.998738
1.00302
1.00383
1.00133
0.996844
0.992396
0.990607
0.993604
1.00184
1.01394
1.0272
1.03865
1.04659
1.05061
1.05131
1.04966
1.04632
1.04125
1.03382
1.0234
1.00952
0.992405
0.972878
0.952448
0.932788
0.915249
0.900324
0.88776
0.876993
0.867615
0.860238
0.856561
0.858551
0.867259
0.881985
0.900339
0.919351
0.936308
0.949333
0.95765
0.961427
0.96183
0.960761
0.960172
0.961446
0.964423
0.967528
0.968588
0.965745
0.958968
0.950042
0.942242
0.938567
0.940283
0.947066
0.957351
0.969241
0.981033
0.991055
0.998355
1.00272
1.00487
1.00596
1.00688
1.00825
1.0105
1.01378
1.01785
1.02183
1.02483
1.02599
1.02496
1.02136
1.01477
1.00445
0.989803
0.971036
0.949656
0.928316
0.910487
0.898814
0.894439
0.896996
0.905275
0.917822
0.933396
0.950992
0.969312
0.987067
1.00308
1.01608
1.02483
1.0285
1.02655
1.01948
1.0084
0.994966
0.980918
0.967701
0.956494
0.947642
0.940971
0.935878
0.93147
0.927121
0.922288
0.916597
0.910023
0.902841
0.895688
0.890117
0.888631
0.893838
0.906906
0.926259
0.948154
0.968606
0.984509
0.994037
0.997484
0.996052
0.991727
0.986847
0.983384
0.982917
0.985892
0.991896
0.999646
1.00764
1.01442
1.01885
1.02028
1.01838
1.013
1.00439
0.992856
0.979266
0.96482
0.951058
0.939761
0.932449
0.929943
0.932139
0.937742
0.944851
0.951575
0.956606
0.959632
0.961076
0.961713
0.962231
0.962686
0.96244
0.960482
0.95577
0.947754
0.936704
0.924335
0.913254
0.906724
0.907413
0.916321
0.932346
0.952675
0.974015
0.993517
1.00937
1.02084
1.02773
1.03024
1.02879
1.02424
1.01749
1.00983
1.00226
0.995263
0.989151
0.984016
0.980333
0.978457
0.978461
0.979683
0.980481
0.978827
0.97288
0.961433
0.944502
0.923297
0.899997
0.87787
0.860603
0.851748
0.853522
0.866018
0.887164
0.913321
0.940771
0.966338
0.987973
1.00458
1.01606
1.02287
1.0261
1.02703
1.02692
1.02664
1.02646
1.02632
1.02604
1.02576
1.02579
1.02647
1.02782
1.02944
1.03046
1.02967
1.02602
1.01881
1.0078
0.993279
0.97593
0.956651
0.936655
0.917172
0.899276
0.883876
0.871336
0.861773
0.854788
0.850098
0.847197
0.845831
0.846081
0.848446
0.853704
0.86267
0.875655
0.892387
0.911514
0.93105
0.948743
0.962812
0.972112
0.976426
0.976417
0.973217
0.968158
0.962325
0.956607
0.951633
0.947999
0.946209
0.946803
0.950034
0.955679
0.963408
0.972934
0.983856
0.99595
1.00882
1.0214
1.03241
1.04036
1.04402
1.04288
1.03692
1.02641
1.01197
0.994488
0.975661
0.95757
0.942323
0.931324
0.924935
0.922922
0.924831
0.930075
0.938004
0.947802
0.958607
0.969638
0.980314
0.989645
0.996431
0.999489
0.998003
0.992326
0.983963
0.975216
0.968135
0.963779
0.961799
0.961363
0.961805
0.962998
0.965335
0.969223
0.974979
0.982313
0.990379
0.997645
1.00286
1.00495
1.0036
0.999108
0.992168
0.983225
0.972753
0.961232
0.949152
0.937313
0.926415
0.916862
0.908609
0.901471
0.895344
0.890251
0.886619
0.88512
0.886468
0.891208
0.899437
0.911082
0.925619
0.941954
0.958418
0.973321
0.985056
0.992893
0.997081
0.99864
0.998858
0.998904
0.999664
1.00146
1.0043
1.00786
1.01161
1.01491
1.01704
1.01724
1.015
1.01025
1.00327
0.994959
0.986353
0.978482
0.97214
0.967432
0.963886
0.960397
0.955742
0.949107
0.940331
0.929919
0.91869
0.907693
0.897689
0.889496
0.883506
0.880302
0.88075
0.885969
0.896919
0.914148
0.937201
0.964903
0.995067
1.02486
1.0514
1.07179
1.08374
1.08597
1.0784
1.0627
1.04204
1.02051
1.00209
0.98904
0.981697
0.97864
0.977632
0.976041
0.97188
0.964216
0.953435
0.941053
0.928863
0.917981
0.908501
0.900088
0.892878
0.887949
0.886795
0.890254
0.897927
0.908062
0.918411
0.926727
0.931523
0.932451
0.930023
0.925794
0.921803
0.92018
0.922036
0.927499
0.935676
0.944987
0.954073
0.962218
0.969546
0.976572
0.983982
0.992165
1.00086
1.00943
1.01665
1.0213
1.02247
1.02017
1.01538
1.00982
1.00522
1.00277
1.00277
1.00487
1.0081
1.01139
1.01356
1.01372
1.01139
1.00659
1.00007
0.992874
0.985999
0.980118
0.9751
0.970633
0.966225
0.961397
0.955458
0.947622
0.937101
0.923841
0.90918
0.895826
0.887292
0.886438
0.894434
0.910279
0.93121
0.953606
0.974346
0.990992
1.00213
1.00729
1.00684
1.00154
0.992377
0.979774
0.963909
0.94524
0.925525
0.908219
0.89752
0.896385
0.904785
0.919614
0.936681
0.952605
0.965655
0.97524
0.981241
0.983851
0.983672
0.982045
0.981242
0.983657
0.990435
1.00063
1.01163
1.02042
1.02526
1.02551
1.02137
1.01361
1.00348
0.992378
0.982024
0.973645
0.968201
0.965888
0.966555
0.969796
0.974745
0.980305
0.985125
0.98781
0.987496
0.984069
0.978335
0.971914
0.966848
0.964771
0.966524
0.971827
0.979397
0.987125
0.992608
0.993759
0.989049
0.978357
0.962818
0.944818
0.927598
0.9145
0.907666
0.907542
0.91248
0.91976
0.92662
0.930904
0.931716
0.929321
0.924485
0.918203
0.911225
0.904169
0.897452
0.891707
0.887576
0.886135
0.888157
0.894112
0.9039
0.916899
0.932383
0.949688
0.968262
0.987704
1.00736
1.02619
1.0425
1.05437
1.06014
1.0585
1.0493
1.03347
1.01269
0.989427
0.96606
0.944833
0.927645
0.915656
0.909029
0.907074
0.908241
0.911297
0.915509
0.921472
0.930909
0.945839
0.967368
0.994475
1.0239
1.05116
1.07232
1.08464
1.08681
1.07875
1.06169
1.03772
1.00981
0.981399
0.956135
0.937246
0.927019
0.925981
0.932745
0.944422
0.957701
0.96985
0.978979
0.983846
0.983483
0.97703
0.964059
0.945241
0.923204
0.902034
0.885965
0.877594
0.876969
0.881891
0.88983
0.898675
0.907271
0.915196
0.922342
0.928863
0.934664
0.939797
0.944348
0.948819
0.953874
0.960333
0.969053
0.980274
0.993696
1.00852
1.02337
1.03632
1.04531
1.04855
1.04519
1.03563
1.02149
1.00523
0.989492
0.976356
0.966789
0.960811
0.957557
0.955961
0.955356
0.955572
0.956714
0.958967
0.961986
0.964996
0.966703
0.965877
0.96143
0.952873
0.940266
0.924729
0.908736
0.895323
0.887787
0.888623
0.898348
0.915714
0.938322
0.96345
0.989069
1.01383
1.0365
1.05581
1.06996
1.07732
1.07681
1.06829
1.05308
1.03346
1.01252
0.993278
0.978281
0.969238
0.966593
0.969025
0.973997
0.978771
0.981181
0.980122
0.975225
0.966528
0.954213
0.938578
0.920992
0.903559
0.889135
0.880531
0.879729
0.887262
0.902128
0.921897
0.943613
0.964423
0.982421
0.996737
1.00724
1.0141
1.01732
1.01678
1.01253
1.00514
0.995722
0.985381
0.97508
0.965374
0.956726
0.949566
0.944718
0.942902
0.944562
0.950031
0.959036
0.970755
0.983551
0.995034
1.00286
1.00526
1.00167
0.99324
0.982741
0.973814
0.969639
0.971659
0.979127
0.989411
0.999025
1.00465
1.00408
0.996612
0.982633
0.963412
0.941221
0.918846
0.899724
0.887073
0.883096
0.888163
0.900932
0.918958
0.939272
0.958797
0.97475
0.984946
0.988243
0.984358
0.974134
0.959217
0.942225
0.926271
0.914801
0.910705
0.915434
0.928394
0.94691
0.967288
0.985943
1.00027
1.00947
1.01425
1.01615
1.01583
1.01261
1.00491
0.991708
0.97373
0.953816
0.935709
0.922583
0.916112
0.916391
0.922615
0.933394
0.947445
0.963294
0.979483
0.99479
1.00836
1.01955
1.02759
1.03176
1.03147
1.02681
1.01853
1.00838
0.998384
0.990437
0.985521
0.983486
0.982945
0.982188
0.979851
0.975292
0.968984
0.961667
0.954066
0.946587
0.93923
0.932385
0.927322
0.925971
0.929976
0.939723
0.953737
0.969347
0.983891
0.995591
1.00364
1.00781
1.00804
1.00461
0.997562
0.987196
0.973923
0.958668
0.942668
0.927675
0.915319
0.907128
0.903581
0.904304
0.907979
0.913089
0.918249
0.922581
0.925794
0.928131
0.930335
0.933613
0.939156
0.947469
0.957523
0.967072
0.973572
0.975246
0.97181
0.964358
0.954901
0.94599
0.94034
0.940308
0.947365
0.961775
0.982178
1.00603
1.0303
1.05202
1.06869
1.07873
1.08149
1.07685
1.06513
1.04725
1.02451
0.998752
0.97239
0.947691
0.926263
0.908794
0.895241
0.885399
0.87949
0.878152
0.881886
0.890816
0.904153
0.9206
0.938381
0.955738
0.971167
0.983689
0.992937
0.998687
1.00114
1.00062
0.997655
0.993441
0.989695
0.987568
0.986945
0.986581
0.985107
0.982264
0.97914
0.977368
0.978272
0.982311
0.9888
0.996208
1.00273
1.00683
1.00758
1.00492
0.999355
0.991758
0.982907
0.973305
0.963037
0.95192
0.939791
0.926715
0.913062
0.899262
0.886053
0.874263
0.865007
0.859083
0.856997
0.858888
0.864706
0.874386
0.887877
0.904912
0.924731
0.946001
0.966763
0.984947
0.998443
1.00603
1.008
1.00609
1.00296
1.00073
1.00008
1.00046
1.00051
0.999498
0.997006
0.993069
0.987988
0.981778
0.974334
0.965427
0.95517
0.944529
0.935025
0.92897
0.927937
0.932833
0.94305
0.956859
0.972039
0.986271
0.997543
1.00436
1.00642
1.00463
1.00056
0.996183
0.992769
0.990929
0.990766
0.992205
0.995015
0.998625
1.00244
1.00626
1.01074
1.01716
1.02658
1.0383
1.04989
1.05816
1.06065
1.05632
1.04536
1.02854
1.00697
0.981679
0.954019
0.925642
0.898289
0.873837
0.854038
0.840507
0.834759
0.837704
0.849236
0.868171
0.8919
0.917492
0.941992
0.963069
0.979038
0.988927
0.992062
0.988315
0.978157
0.962757
0.943993
0.924383
0.906622
0.893418
0.887085
0.888977
0.898964
0.915308
0.935194
0.955578
0.973319
0.985901
0.99182
0.990538
0.982918
0.971359
0.959089
0.949764
0.946134
0.949503
0.95981
0.975615
0.995006
1.01558
1.03445
1.04854
1.05538
1.05326
1.04218
1.02305
0.997936
0.969758
0.941697
0.917249
0.899151
0.889049
0.88717
0.892222
0.902239
0.914974
0.928447
0.941223
0.952569
0.96235
0.97122
0.980079
0.989614
0.999679
1.00934
1.01684
1.02068
1.01979
1.01393
1.00364
0.990195
0.975091
0.9598
0.945395
0.932638
0.922081
0.914698
0.911777
0.914548
0.923457
0.937617
0.954838
0.971949
0.985903
0.994267
0.996142
0.992167
0.984253
0.974954
0.966296
0.95956
0.95468
0.951311
0.949078
0.947912
0.948061
0.949654
0.952483
0.956278
0.960529
0.964956
0.969188
0.972865
0.975503
0.97666
0.976101
0.974046
0.971108
0.968109
0.965936
0.96525
0.966383
0.969476
0.974221
0.979939
0.98545
0.9891
0.989416
0.985933
0.979245
0.971124
0.963736
0.959172
0.958601
0.961869
0.967418
0.973139
0.977505
0.979928
0.9806
0.980088
0.97855
0.976082
0.972472
0.967549
0.961405
0.954474
0.947771
0.94267
0.940993
0.944149
0.952376
0.964365
0.977683
0.989475
0.997348
0.999988
0.997053
0.988831
0.976014
0.959676
0.941664
0.92444
0.910748
0.902764
0.901812
0.908048
0.920327
0.936498
0.953759
0.969344
0.98155
0.989995
0.995689
0.999982
1.00404
1.00832
1.01283
1.01732
1.02173
1.02606
1.02998
1.03294
1.03403
1.03245
1.02763
1.01952
1.00863
0.99577
0.981967
0.968204
0.954949
0.942492
0.930673
0.918996
0.907075
0.894905
0.883808
0.875924
0.873695
0.878593
0.890133
0.906507
0.925389
0.944862
0.96369
0.981079
0.996139
1.00774
1.01465
1.01593
1.01132
1.00134
0.987137
0.970523
0.953503
0.937859
0.925306
0.917247
0.914186
0.916288
0.922912
0.932774
0.944425
0.956391
0.967372
0.976142
0.981879
0.984007
0.9821
0.976313
0.967269
0.956426
0.946396
0.940162
0.939902
0.946346
0.95821
0.973045
0.987911
1.00053
1.00921
1.01309
1.01229
1.00799
1.00213
0.997121
0.995205
0.997913
1.00554
1.01702
1.03027
1.04271
1.05184
1.05587
1.0535
1.04413
1.02806
1.00659
0.982482
0.959196
0.940004
0.926417
0.918363
0.914956
0.915076
0.917672
0.921468
0.925427
0.928354
0.929352
0.928166
0.925284
0.921844
0.919133
0.918162
0.919631
0.923726
0.93024
0.938635
0.948364
0.958958
0.969976
0.98123
0.99238
1.00308
1.01288
1.02082
1.02574
1.027
1.02407
1.01736
1.00806
0.99789
0.988926
0.98267
0.979658
0.979331
0.980317
0.981082
0.980675
0.978834
0.975744
0.972068
0.968576
0.96581
0.96448
0.964797
0.966813
0.970342
0.974573
0.978627
0.981535
0.982388
0.980602
0.976068
0.969253
0.960796
0.951685
0.942826
0.934864
0.928076
0.922464
0.918118
0.915331
0.91472
0.917166
0.923289
0.933051
0.94558
0.959022
0.971062
0.979795
0.984182
0.984451
0.981739
0.977899
0.974844
0.973906
0.975716
0.97995
0.985182
0.989629
0.991393
0.98951
0.984279
0.977291
0.970304
0.965319
0.9634
0.964675
0.968517
0.973612
0.978792
0.983308
0.987382
0.992093
0.998546
1.00679
1.01474
1.01928
1.01733
1.00747
0.990441
0.968753
0.945755
0.924566
0.907828
0.897346
0.894345
0.899291
0.911892
0.931054
0.954884
0.980437
1.00445
1.02373
1.03574
1.03915
1.03359
1.01986
0.999647
0.975309
0.950028
0.927311
0.910758
0.903459
0.90732
0.922544
0.946945
0.976419
1.0058
1.03046
1.04733
1.05535
1.05506
1.04775
1.03478
1.0173
0.996386
0.97389
0.952273
0.934045
0.920975
0.913747
0.91209
0.915333
0.922224
0.931158
0.940637
0.949461
0.957175
0.963767
0.969361
0.973805
0.976757
0.97777
0.976434
0.972864
0.967531
0.961542
0.956119
0.952415
0.951088
0.9522
0.955202
0.959432
0.964212
0.969247
0.974508
0.979791
0.984745
0.988642
0.990437
0.989225
0.984428
0.976047
0.964705
0.951365
0.937128
0.923094
0.910098
0.899131
0.891041
0.886713
0.88717
0.893402
0.905739
0.923567
0.945191
0.968176
0.990021
1.00889
1.02395
1.03505
1.04275
1.0479
1.05095
1.05208
1.05082
1.04647
1.03824
1.02538
1.00777
0.985698
0.960522
0.934145
0.909304
0.889161
0.876504
0.873099
0.87897
0.892134
0.909493
0.927765
0.944214
0.957377
0.966884
0.97292
0.976157
0.977246
0.976714
0.975123
0.973146
0.971577
0.971126
0.972301
0.974699
0.977541
0.979779
0.980822
0.980545
0.979247
0.977226
0.974478
0.970877
0.966788
0.963764
0.964432
0.97106
0.983794
1.00092
1.02047
1.04041
1.05899
1.07393
1.08312
1.08463
1.07714
1.0604
1.03517
1.00355
0.968484
0.933771
0.903206
0.880151
0.867044
0.864856
0.872716
0.887932
0.906696
0.925007
0.939791
0.949292
0.952947
0.950959
0.94422
0.933743
0.921067
0.90832
0.897695
0.891139
0.889714
0.893253
0.900997
0.911898
0.924987
0.93971
0.95567
0.972568
0.989523
1.00486
1.01705
1.02527
1.02982
1.03157
1.03095
1.02791
1.02165
1.01193
0.99894
0.983862
0.968586
0.955421
0.946481
0.943114
0.945219
0.951286
0.958971
0.966195
0.971521
0.974652
0.976162
0.976675
0.976623
0.975879
0.974397
0.971876
0.96866
0.965825
0.964609
0.966307
0.971534
0.979805
0.989824
0.999634
1.00694
1.00996
1.00735
0.998956
0.986388
0.97308
0.96312
0.959035
0.960392
0.964618
0.968869
0.971221
0.970536
0.966097
0.957979
0.946947
0.93491
0.924369
0.917547
0.915808
0.919138
0.926926
0.938569
0.953116
0.969328
0.985138
0.99824
1.00651
1.00874
1.00492
0.996376
0.985301
0.974168
0.965046
0.958884
0.95574
0.955337
0.957276
0.960817
0.965509
0.970716
0.976127
0.98137
0.986199
0.990003
0.992175
0.992509
0.991021
0.987841
0.98303
0.97676
0.969458
0.961845
0.954733
0.948671
0.943844
0.940287
0.938068
0.937168
0.937348
0.938479
0.940393
0.943127
0.946476
0.950105
0.953665
0.957294
0.961904
0.968767
0.97872
0.991733
1.00657
1.02145
1.03412
1.04253
1.045
1.0404
1.02843
1.00977
0.986369
0.961127
0.93748
0.918229
0.904972
0.897911
0.896302
0.898386
0.902209
0.905964
0.908501
0.910138
0.912534
0.918272
0.929332
0.946035
0.966801
0.98868
1.00884
1.02487
1.03517
1.03878
1.03548
1.02553
1.01023
0.991288
0.970754
0.950896
0.933251
0.919174
0.909283
0.90407
0.903512
0.907315
0.915039
0.925982
0.939001
0.952473
0.964559
0.973505
0.97838
0.979402
0.977758
0.975064
0.973151
0.973196
0.975548
0.979905
0.985889
0.992998
1.00075
1.00837
1.01476
1.01874
1.01949
1.01673
1.01075
1.00228
0.992473
0.982452
0.973143
0.964761
0.957103
0.949649
0.942084
0.934657
0.928072
0.923347
0.921426
0.922923
0.928201
0.93717
0.949031
0.962491
0.976104
0.988836
1.00033
1.01057
1.01956
1.02669
1.03097
1.03094
1.02536
1.0137
0.996179
0.973882
0.948598
0.922925
0.900199
0.884087
0.877338
0.88087
0.893625
0.913345
0.937394
0.963089
0.987975
1.00991
1.02732
1.03905
1.04466
1.04424
1.03845
1.02862
1.01634
1.00343
0.991191
0.980415
0.971557
0.964665
0.959475
0.956014
0.954135
0.953654
0.954282
0.955345
0.956273
0.956535
0.955978
0.954589
0.952373
0.949055
0.943951
0.936197
0.925624
0.913153
0.900489
0.889816
0.88287
0.880586
0.882749
0.888519
0.896981
0.907584
0.919886
0.933573
0.948136
0.962849
0.976738
0.988617
0.997851
1.00403
1.00736
1.00828
1.00731
1.00477
1.00094
0.99577
0.989278
0.98163
0.973498
0.965761
0.959716
0.956305
0.955711
0.957279
0.959612
0.961569
0.962566
0.962996
0.963593
0.965152
0.968067
0.972096
0.976772
0.981193
0.984494
0.985944
0.985086
0.982001
0.977333
0.97246
0.969032
0.968293
0.970908
0.97614
0.982324
0.98709
0.988462
0.985553
0.979096
0.971321
0.965337
0.963786
0.967833
0.976195
0.986103
0.994383
0.998061
0.995788
0.987458
0.974225
0.958257
0.942409
0.929783
0.923072
0.923829
0.932037
0.946179
0.963724
0.982164
0.99896
1.01224
1.02038
1.02238
1.01773
1.00682
0.990684
0.97091
0.949555
0.928776
0.911183
0.899287
0.895011
0.898943
0.909979
0.92558
0.942488
0.957757
0.969529
0.976836
0.979648
0.978669
0.975032
0.970314
0.9661
0.963725
0.964238
0.968038
0.974693
0.982604
0.989441
0.992913
0.991301
0.983814
0.971358
0.956268
0.94191
0.932006
0.92863
0.931737
0.939289
0.94855
0.957343
0.964544
0.970176
0.974923
0.979532
0.984429
0.989741
0.995375
1.0012
1.00709
1.01201
1.01456
1.0132
1.00698
0.9957
0.980239
0.962276
0.943997
0.927627
0.914934
0.907128
0.904546
0.90738
0.91543
0.928112
0.944317
0.962178
0.979382
0.993697
1.00312
1.00625
1.00215
0.990884
0.973536
0.952328
0.930766
0.913034
0.902771
0.902071
0.911001
0.927477
0.948388
0.970496
0.991385
1.00958
1.02426
1.03495
1.04116
1.04285
1.04052
1.03537
1.02885
1.02234
1.01659
1.01208
1.00887
1.00674
1.00494
1.00273
0.999263
0.99389
0.986688
0.977985
0.968499
0.959059
0.950086
0.941591
0.933353
0.925076
0.916595
0.908157
0.900191
0.893641
0.889315
0.887866
0.889516
0.893929
0.900557
0.908725
0.917809
0.927127
0.936169
0.944772
0.952729
0.960016
0.966567
0.972404
0.977377
0.98161
0.984979
0.987273
0.98796
0.986827
0.983771
0.97918
0.973672
0.968121
0.963433
0.96029
0.959129
0.959645
0.961129
0.962445
0.962588
0.960698
0.956555
0.950634
0.944394
0.939579
0.937664
0.939262
0.943929
0.950731
0.958967
0.968053
0.977978
0.98887
1.0006
1.01255
1.02379
1.03327
1.04011
1.04356
1.04336
1.03955
1.03234
1.02212
1.0096
0.995912
0.98226
0.969469
0.957862
0.947189
0.937315
0.928631
0.921741
0.916652
0.913042
0.910845
0.911076
0.915069
0.923608
0.936371
0.951762
0.96745
0.98097
0.990321
0.993989
0.991444
0.983064
0.970232
0.955302
0.940873
0.929143
0.921462
0.918287
0.919419
0.924213
0.931311
0.938955
0.945604
0.95068
0.954613
0.958567
0.9636
0.970396
0.97913
0.989562
1.00096
1.01219
1.02175
1.02828
1.03053
1.02822
1.02194
1.01333
1.00419
0.995809
0.988719
0.982451
0.97655
0.97079
0.965829
0.96272
0.96265
0.966373
0.973439
0.982254
0.99003
0.994101
0.992317
0.984083
0.97028
0.953628
0.937881
0.926554
0.921554
0.922317
0.926978
0.933319
0.939685
0.945425
0.9502
0.954337
0.958499
0.963532
0.969991
0.977985
0.98701
0.995972
1.00351
1.00816
1.00896
1.00583
0.999647
0.991869
0.984351
0.978815
0.976476
0.977761
0.982289
0.989101
0.996675
1.00341
1.00783
1.00912
1.00709
1.00224
0.995332
0.986809
0.976861
0.965365
0.952467
0.938672
0.925163
0.91321
0.903917
0.898087
0.895918
0.897239
0.901939
0.909542
0.919257
0.930045
0.940544
0.949357
0.95525
0.957448
0.955785
0.951032
0.94479
0.939137
0.935928
0.936489
0.941374
0.950237
0.962235
0.975768
0.98905
1.00051
1.00902
1.0144
1.01708
1.01798
1.01797
1.01763
1.01701
1.01593
1.01394
1.01033
1.00428
0.995144
0.982942
0.968526
0.95329
0.939251
0.927988
0.920973
0.918743
0.921505
0.928797
0.939794
0.953266
0.967805
0.981874
0.993994
1.00264
1.00639
1.00424
0.996152
0.983382
0.968211
0.953741
0.942958
0.937663
0.93822
0.943764
0.95227
0.960739
0.965927
0.96521
0.95737
0.94311
0.924831
0.906203
0.891282
0.883115
0.883032
0.890886
0.905565
0.925166
0.947104
0.968664
0.98746
1.00207
1.01215
1.01844
1.02201
1.024
1.0254
1.02648
1.02686
1.02593
1.02288
1.01709
1.00828
0.996835
0.983665
0.970273
0.958714
0.951176
0.949666
0.954657
0.965192
0.978927
0.993063
1.00552
1.01482
1.02021
1.0207
1.01553
1.00421
0.987308
0.966259
0.943406
0.921584
0.903788
0.892277
0.88804
0.890262
0.896762
0.905041
0.913177
0.920634
0.927858
0.935831
0.945475
0.956632
0.968564
0.980041
0.989635
0.996305
0.999613
0.999731
0.997394
0.993347
0.988394
0.983404
0.979228
0.976491
0.975256
0.975274
0.976179
0.977823
0.980312
0.983759
0.987803
0.991396
0.993427
0.992767
0.988846
0.981501
0.971158
0.958934
0.946246
0.934927
0.926564
0.922106
0.92141
0.923396
0.9262
0.928524
0.930026
0.931768
0.935062
0.940869
0.948911
0.95849
0.968617
0.978252
0.986087
0.990938
0.991623
0.987728
0.979651
0.968846
0.958019
0.95048
0.948802
0.954182
0.965925
0.98173
0.998395
1.01264
1.02189
1.02511
1.02278
1.01649
1.00845
1.00103
0.996198
0.994718
0.996376
0.999911
1.00366
1.00618
1.00658
1.00468
1.00064
0.994717
0.987009
0.977283
0.965224
0.951391
0.937142
0.925098
0.918384
0.918989
0.925931
0.935867
0.944759
0.949971
0.950459
0.94644
0.938974
0.929286
0.918885
0.909458
0.902056
0.897692
0.896755
0.89951
0.90605
0.916446
0.930204
0.946395
0.963455
0.979625
0.993328
1.00345
1.00949
1.01124
1.00871
1.00223
0.992338
0.979907
0.966268
0.953084
0.942169
0.934998
0.932211
0.933425
0.937037
0.941124
0.943807
0.944359
0.943368
0.942613
0.943981
0.948681
0.956326
0.965385
0.973939
0.980685
0.985184
0.987629
0.988288
0.987384
0.984808
0.980444
0.974174
0.966101
0.956461
0.945986
0.935654
0.926455
0.919227
0.914482
0.913029
0.915675
0.923367
0.936173
0.953035
0.971566
0.989235
1.00407
1.01495
1.02182
1.02524
1.02624
1.02552
1.024
1.02236
1.02117
1.02007
1.0177
1.01222
1.00188
0.986038
0.965219
0.941145
0.916635
0.895581
0.882375
0.879883
0.887833
0.903382
0.923351
0.945258
0.967644
0.988985
1.00814
1.02385
1.03516
1.0411
1.0414
1.03608
1.02548
1.01017
0.9913
0.970747
0.951167
0.935796
0.927025
0.925649
0.930545
0.939583
0.950605
0.961919
0.97233
0.980686
0.98582
0.986473
0.982018
0.972539
0.95908
0.943819
0.929196
0.917833
0.911918
0.913006
0.921648
0.93737
0.958713
0.983422
1.00885
1.03242
1.05163
1.06416
1.06819
1.06286
1.0483
1.02633
0.999955
0.972721
0.947467
0.925841
0.908449
0.895542
0.887898
0.886695
0.892885
0.906858
0.9275
0.952671
0.979145
1.00352
1.02247
1.03352
1.03521
1.02752
1.01167
0.989909
0.965507
0.942591
0.925073
0.915891
0.916052
0.924829
0.939925
0.958085
0.975889
0.990159
0.998795
1.00084
0.996745
0.988413
0.978553
0.969892
0.964705
0.963897
0.967116
0.97285
0.979271
0.984793
0.988166
0.988271
0.984182
0.975193
0.961263
0.943456
0.923947
0.905727
0.891548
0.883329
0.88188
0.886903
0.897066
0.910912
0.926922
0.944057
0.961896
0.980099
0.998112
1.01453
1.02727
1.03403
1.03364
1.02636
1.01393
0.99928
0.985773
0.976663
0.974104
0.978395
0.987702
0.998997
1.00961
1.0176
1.02243
1.02395
1.02227
1.01729
1.00885
0.997102
0.982671
0.966811
0.951456
0.938571
0.929819
0.925467
0.924392
0.924576
0.924312
0.922631
0.919744
0.916897
0.915402
0.916542
0.920701
0.927664
0.936771
0.947254
0.958457
0.969804
0.980321
0.989342
0.995865
0.999112
0.998766
0.994792
0.987579
0.977956
0.96735
0.957641
0.950566
0.947094
0.946718
0.948225
0.950359
0.95286
0.956966
0.964701
0.977148
0.993591
1.01136
1.02701
1.03747
1.04069
1.03604
1.02405
1.00644
0.985751
0.965377
0.948612
0.937813
0.933556
0.934617
0.939009
0.944716
0.950129
0.95413
0.955807
0.954696
0.950601
0.943599
0.934431
0.924439
0.915392
0.909235
0.907212
0.909809
0.916644
0.926794
0.938867
0.950931
0.960853
0.966746
0.967478
0.963505
0.956521
0.949263
0.944462
0.943828
0.947737
0.955477
0.965825
0.977249
0.988238
0.997733
1.00521
1.01086
1.01526
1.01905
1.02195
1.02308
1.02128
1.01545
1.00506
0.990375
0.972128
0.952062
0.932667
0.916842
0.907097
0.904828
0.909808
0.920559
0.935001
0.951045
0.966989
0.98101
0.991403
0.99716
0.998507
0.996678
0.993602
0.99103
0.990081
0.990991
0.993241
0.995757
0.997334
0.996809
0.993529
0.987372
0.978639
0.968045
0.956738
0.945836
0.936603
0.930274
0.927853
0.930178
0.93787
0.950732
0.967561
0.986052
1.00348
1.01717
1.0252
1.0267
1.02185
1.01144
0.99709
0.980682
0.964466
0.950913
0.942372
0.940602
0.945728
0.956276
0.969739
0.983457
0.995617
1.0055
1.01319
1.01902
1.0234
1.02619
1.02705
1.02525
1.01996
1.01048
0.996636
0.97863
0.957487
0.934643
0.911958
0.89169
0.876038
0.86704
0.866042
0.873403
0.888041
0.907375
0.9279
0.946024
0.958937
0.965511
0.96621
0.962656
0.957568
0.953957
0.954265
0.959514
0.969011
0.981186
0.994023
1.00569
1.01459
1.01954
1.02017
1.01729
1.01279
1.00925
1.00834
1.01036
1.01348
1.01457
1.01065
0.999559
0.981085
0.956844
0.930122
0.905155
0.885822
0.874282
0.871233
0.875846
0.886268
0.900254
0.915626
0.930983
0.945611
0.959681
0.973657
0.988128
1.00323
1.01848
1.0327
1.04443
1.0522
1.05494
1.05229
1.0447
1.03303
1.01856
1.0025
0.986244
0.971113
0.958447
0.949248
0.944292
0.943671
0.946515
0.951419
0.956676
0.960696
0.962194
0.960668
0.956459
0.950399
0.943577
0.937106
0.931733
0.927738
0.924775
0.922648
0.9212
0.920844
0.92185
0.924315
0.928051
0.93275
0.938216
0.944622
0.952361
0.961616
0.972032
0.982627
0.991778
0.997986
1.00034
0.998682
0.99357
0.986538
0.979553
0.974613
0.972746
0.973867
0.9768
0.979808
0.981414
0.98116
0.979584
0.97789
0.977345
0.978538
0.981125
0.984241
0.986897
0.988179
0.987687
0.98522
0.981341
0.976942
0.973531
0.972562
0.975205
0.981819
0.991603
1.0027
1.01283
1.02011
1.02331
1.02225
1.01734
1.00947
0.999672
0.988871
0.978017
0.968091
0.960021
0.954566
0.952041
0.952228
0.954327
0.957377
0.960388
0.962293
0.961936
0.958402
0.951259
0.940862
0.92876
0.91739
0.909549
0.907245
0.910679
0.918675
0.929356
0.941025
0.952277
0.962008
0.969199
0.973238
0.973735
0.970683
0.964858
0.957992
0.952734
0.95157
0.955712
0.964407
0.975263
0.98514
0.991474
0.992907
0.989683
0.983149
0.97553
0.968899
0.964877
0.963791
0.96531
0.968619
0.973011
0.977878
0.982827
0.987176
0.990049
0.990413
0.987563
0.981256
0.971912
0.96087
0.949753
0.940634
0.935258
0.935045
0.940325
0.950522
0.963836
0.97815
0.991486
1.00249
1.01036
1.01469
1.0153
1.01227
1.00624
0.998334
0.989749
0.981194
0.972202
0.961849
0.949297
0.934761
0.919905
0.907168
0.898936
0.896579
0.900098
0.908164
0.918607
0.929193
0.938403
0.946042
0.952798
0.959701
0.967603
0.976684
0.986278
0.995298
1.00265
1.0076
1.00962
1.00845
1.0041
0.996697
0.98642
0.974071
0.960949
0.949059
0.940559
0.937275
0.939826
0.947538
0.958597
0.970641
0.981755
0.990701
0.99681
1.00003
1.00054
0.998733
0.994759
0.988994
0.98149
0.972411
0.961971
0.950701
0.93937
0.928965
0.920529
0.914699
0.911681
0.911247
0.912925
0.91664
0.922239
0.929849
0.939424
0.950958
0.964416
0.979181
0.993658
1.00561
1.0132
1.01564
1.01307
1.00652
0.997202
0.986861
0.977325
0.970166
0.966401
0.966185
0.968655
0.972529
0.976441
0.978953
0.979094
0.976421
0.970665
0.962155
0.95167
0.940497
0.93028
0.922666
0.918649
0.917954
0.919345
0.921396
0.922971
0.923881
0.924582
0.925757
0.928208
0.932304
0.938372
0.946012
0.954595
0.963331
0.971738
0.979826
0.987869
0.996133
1.00459
1.01251
1.01913
1.02334
1.02439
1.02158
1.01467
1.00381
0.989582
0.973382
0.957317
0.943785
0.935024
0.932312
0.93498
0.940889
0.947366
0.952043
0.953743
0.952566
0.950032
0.948595
0.950502
0.956976
0.967416
0.980017
0.992639
1.00349
1.0117
1.01697
1.01927
1.01824
1.01329
1.00389
0.990561
0.975363
0.96173
0.953043
0.950253
0.951371
0.952729
0.951279
0.945611
0.936116
0.924218
0.911517
0.89975
0.890554
0.885897
0.887544
0.896769
0.913684
0.93706
0.964803
0.994283
1.02252
1.04677
1.06448
1.0741
1.07511
1.06813
1.0548
1.03719
1.01752
0.997812
0.979469
0.963161
0.948716
0.935774
0.924131
0.913872
0.905494
0.899993
0.898553
0.902228
0.911584
0.926017
0.943873
0.962935
0.981016
0.996074
1.00665
1.0119
1.01163
1.00637
0.997293
0.985775
0.973411
0.961821
0.952519
0.94655
0.944444
0.946231
0.951564
0.959771
0.970111
0.981553
0.992757
1.00194
1.0073
1.00749
1.00169
0.989757
0.972131
0.950006
0.92558
0.901847
0.882574
0.871207
0.869758
0.878195
0.894388
0.914708
0.93562
0.95413
0.968207
0.977283
0.982
0.984512
0.987375
0.993113
1.00292
1.01612
1.03097
1.04495
1.05547
1.05994
1.05631
1.04347
1.02186
0.993908
0.963878
0.9368
0.917045
0.907009
0.906983
0.915175
0.928788
0.944897
0.960953
0.975131
0.986321
0.993913
0.997636
0.997358
0.993206
0.985603
0.975501
0.964324
0.953871
0.945899
0.94202
0.942991
0.948391
0.956093
0.96364
0.968686
0.970313
0.968497
0.963998
0.957666
0.950412
0.943141
0.937051
0.933756
0.934489
0.939609
0.948425
0.959208
0.969843
0.97838
0.983656
0.985113
0.983336
0.97921
0.973803
0.968043
0.96255
0.957244
0.951738
0.945744
0.939077
0.932035
0.925057
0.918395
0.911905
0.905101
0.897794
0.890371
0.883771
0.879101
0.877497
0.879837
0.886686
0.898345
0.914743
0.935151
0.958072
0.981425
1.00333
1.02232
1.03762
1.04876
1.05553
1.05739
1.05412
1.04575
1.03333
1.01868
1.00392
0.990803
0.980494
0.973232
0.968501
0.965636
0.964294
0.96449
0.966376
0.970228
0.976092
0.98372
0.992422
1.00106
1.00807
1.01188
1.01106
1.00493
0.993895
0.979629
0.964853
0.952265
0.944145
0.941389
0.943551
0.948873
0.954943
0.959299
0.960306
0.957285
0.950644
0.94161
0.931961
0.92348
0.91763
0.914922
0.915115
0.917347
0.920693
0.924318
0.927622
0.930343
0.932316
0.933637
0.934777
0.936426
0.939419
0.944188
0.950987
0.959551
0.969789
0.981424
0.993988
1.00686
1.0191
1.02952
1.03667
1.03919
1.0357
1.02582
1.01005
0.990134
0.968829
0.949435
0.934906
0.926839
0.924785
0.927001
0.930837
0.933894
0.934981
0.934456
0.933965
0.935676
0.941338
0.95136
0.96457
0.978629
0.990956
0.999694
1.00431
1.00558
1.00502
1.00442
1.00542
1.0087
1.01424
1.02123
1.02816
1.03328
1.03487
1.03177
1.02383
1.01218
0.998667
0.985477
0.974002
0.964657
0.956679
0.948897
0.940059
0.929316
0.916466
0.902177
0.887896
0.875694
0.867733
0.865854
0.870936
0.882707
0.899891
0.920525
0.942333
0.962955
0.98025
0.992535
0.99887
0.99901
0.993654
0.98446
0.973336
0.962395
0.953352
0.947496
0.94514
0.946217
0.950399
0.95733
0.96707
0.979332
0.993322
1.00763
1.02016
1.02907
1.03301
1.03156
1.02498
1.01389
0.999156
0.981911
0.963138
0.944196
0.926844
0.913326
0.906248
0.907753
0.918409
0.936209
0.957092
0.976583
0.990862
0.997786
0.996889
0.988877
0.975267
0.958008
0.939205
0.921016
0.905548
0.894351
0.88841
0.888181
0.893741
0.904642
0.920043
0.938777
0.95964
0.981187
1.00223
1.02158
1.03825
1.05166
1.06145
1.06738
1.06913
1.06622
1.05799
1.04422
1.02542
1.00285
0.978835
0.956142
0.937617
0.925017
0.919098
0.919219
0.924174
0.932258
0.941624
0.950294
0.95648
0.958716
0.956121
0.949033
0.938853
0.927794
0.918442
0.913199
0.913271
0.918987
0.929579
0.943335
0.958133
0.971653
0.98212
0.988698
0.991576
0.991598
0.989731
0.9867
0.983011
0.978467
0.972993
0.966625
0.959822
0.953363
0.947972
0.943978
0.941411
0.939777
0.938434
0.93688
0.934777
0.932401
0.930003
0.928333
0.928225
0.930502
0.935288
0.94226
0.95044
0.95869
0.966186
0.972249
0.976565
0.979323
0.981128
0.982761
0.985419
0.990019
0.996906
1.00553
1.01468
1.02256
1.02747
1.02811
1.0242
1.01647
1.00651
0.996158
0.987159
0.980356
0.975833
0.973334
0.972551
0.97331
0.975552
0.978909
0.982946
0.987233
0.991417
0.99511
0.997567
0.997797
0.995269
0.989776
0.981648
0.971586
0.960234
0.948117
0.935491
0.922736
0.910211
0.89833
0.887597
0.87862
0.872042
0.868352
0.868026
0.871222
0.877744
0.886968
0.89827
0.910802
0.923946
0.936901
0.948847
0.958897
0.966298
0.970542
0.971619
0.969963
0.966299
0.961969
0.958385
0.956819
0.958306
0.963257
0.971529
0.98284
0.996539
1.01236
1.02986
1.04844
1.06663
1.08239
1.09346
1.09781
1.09439
1.0832
1.06493
1.04104
1.01351
0.984579
0.956708
0.932461
0.914177
0.90329
0.899703
0.902216
0.90899
0.918365
0.929058
0.940192
0.950869
0.960534
0.968232
0.973344
0.975111
0.973414
0.968476
0.96125
0.953349
0.946734
0.94233
0.939343
0.936238
0.932201
0.927913
0.925611
0.927839
0.936324
0.951101
0.970333
0.990744
1.00879
1.02159
1.02758
1.02651
1.01932
1.00768
0.993917
0.980778
0.970847
0.9655
0.963905
0.963763
0.962706
0.959644
0.954602
0.948314
0.941473
0.934322
0.927094
0.920281
0.915159
0.913757
0.917937
0.928951
0.946341
0.968518
0.993096
1.01769
1.04037
1.05943
1.07353
1.08154
1.08285
1.07737
1.0657
1.04896
1.02889
1.00755
0.987567
0.971377
0.960583
0.95479
0.951977
0.94959
0.945835
0.940124
0.932714
0.924155
0.915203
0.906116
0.897351
0.889608
0.883526
0.880325
0.881174
0.886881
0.897528
0.912049
0.928866
0.946202
0.962461
0.976516
0.987204
0.993694
0.995888
0.994133
0.989628
0.984112
0.978918
0.974809
0.971667
0.968794
0.965458
0.961306
0.956565
0.952125
0.949124
0.948596
0.951009
0.956137
0.963057
0.970547
0.977523
0.98385
0.98967
0.99557
1.00214
1.00942
1.01713
1.02458
1.03089
1.03523
1.03722
1.03622
1.03181
1.0237
1.012
0.997171
0.980029
0.961674
0.942972
0.924995
0.908889
0.896052
0.887561
0.884065
0.885443
0.890792
0.899095
0.909503
0.921493
0.934838
0.949282
0.964198
0.978339
0.990371
0.999002
1.00322
1.00284
0.998221
0.990389
0.980587
0.970183
0.960313
0.951369
0.943254
0.935868
0.929331
0.924204
0.921183
0.920972
0.923851
0.929778
0.938458
0.949088
0.960424
0.970629
0.977812
0.980856
0.979813
0.976055
0.971423
0.967987
0.966848
0.968354
0.972196
0.977936
0.985186
0.993118
1.00085
1.00729
1.01183
1.01475
1.01659
1.01802
1.01909
1.01961
1.01895
1.01664
1.01222
1.0055
0.996531
0.985645
0.973296
0.960029
0.946455
0.93324
0.921209
0.911485
0.904819
0.901814
0.902801
0.907762
0.916299
0.927638
0.940671
0.954016
0.966687
0.978298
0.988753
0.998339
1.00679
1.01339
1.0172
1.01759
1.01442
1.0082
0.999983
0.990828
0.981612
0.972605
0.963063
0.952029
0.938902
0.923961
0.908544
0.894438
0.883364
0.876876
0.875924
0.880784
0.891066
0.905916
0.923609
0.942094
0.959406
0.973995
0.984773
0.991248
0.993618
0.992344
0.988193
0.98219
0.975285
0.968371
0.96262
0.958923
0.957835
0.959494
0.963479
0.968931
0.974906
0.980527
0.985552
0.990104
0.994628
0.999706
1.00538
1.01123
1.01646
1.02019
1.02202
1.02167
1.01927
1.01508
1.00941
1.00231
0.993764
0.983687
0.972085
0.958724
0.943711
0.927483
0.911507
0.897894
0.888625
0.884354
0.884418
0.887554
0.892635
0.899521
0.908193
0.918335
0.929181
0.940216
0.951119
0.96212
0.97313
0.983978
0.994033
1.00292
1.01032
1.01625
1.02074
1.02335
1.0233
1.0197
1.01204
1.00081
0.987635
0.974601
0.963431
0.954933
0.948947
0.945113
0.943063
0.942852
0.944676
0.948622
0.954241
0.960593
0.967025
0.973132
0.978934
0.984541
0.989676
0.993609
0.995439
0.994792
0.991764
0.986897
0.980876
0.974476
0.968398
0.962992
0.958629
0.955523
0.95397
0.954266
0.956714
0.961183
0.9668
0.972311
0.976335
0.978012
0.977409
0.975664
0.974368
0.974799
0.977656
0.982243
0.987165
0.990634
0.990934
0.987529
0.980525
0.971263
0.96137
0.952585
0.946083
0.942304
0.941112
0.941881
0.94384
0.945855
0.946349
0.944019
0.938446
0.930394
0.921616
0.914235
0.910501
0.912104
0.920453
0.935939
0.957217
0.981663
1.00572
1.02608
1.04029
1.04708
1.04673
1.04022
1.02934
1.01613
1.00282
0.99137
0.98359
0.98035
0.981113
0.984161
0.987266
0.98835
0.986071
0.980048
0.970903
0.959814
0.948461
0.938428
0.930944
0.926834
0.926476
0.929616
0.935582
0.943335
0.951783
0.959786
0.966524
0.971118
0.972648
0.97024
0.963425
0.952765
0.940354
0.929255
0.92219
0.920259
0.923086
0.929264
0.93731
0.946095
0.954622
0.962106
0.967847
0.971435
0.972565
0.971356
0.968165
0.96344
0.957488
0.950671
0.943256
0.936068
0.930283
0.927444
0.928962
0.935253
0.945475
0.957808
0.970109
0.980384
0.987317
0.990568
0.990556
0.988264
0.984965
0.982065
0.980648
0.981208
0.983869
0.988085
0.993011
0.997546
1.00064
1.00134
0.999046
0.993681
0.986127
0.977791
0.970288
0.964743
0.961743
0.961547
0.964763
0.972256
0.984374
0.999808
1.01603
1.03066
1.04187
1.04858
1.05031
1.04701
1.03905
1.02734
1.01313
0.997537
0.981317
0.965047
0.949292
0.935211
0.924444
0.918219
0.916387
0.917244
0.918264
0.917625
0.914555
0.90963
0.904468
0.901345
0.902246
0.908615
0.920591
0.937141
0.956039
0.974616
0.990404
1.00189
1.00841
1.01051
1.00932
1.00636
1.0033
1.0013
1.00045
0.999834
0.997895
0.99317
0.984782
0.972879
0.958525
0.943349
0.929252
0.917791
0.909984
0.906322
0.906766
0.911205
0.9196
0.932065
0.948471
0.967943
0.988322
1.0067
1.02027
1.02724
1.0271
1.02009
1.00728
0.990244
0.970509
0.950221
0.931805
0.917388
0.908402
0.904936
0.90606
0.910734
0.918238
0.928523
0.941638
0.957443
0.975192
0.993489
1.01072
1.02507
1.03507
1.03989
1.03934
1.03422
1.02585
1.01616
1.00677
0.998829
0.99274
0.988324
0.985057
0.982165
0.979242
0.976009
0.972473
0.968672
0.964492
0.959793
0.954303
0.947447
0.938347
0.926346
0.911545
0.89545
0.880398
0.86898
0.863047
0.862736
0.866582
0.872551
0.879424
0.887663
0.899024
0.915459
0.93736
0.962754
0.98825
1.01026
1.02615
1.03497
1.03733
1.03488
1.02977
1.02411
1.01948
1.01684
1.01622
1.01713
1.01858
1.01951
1.01925
1.01765
1.01517
1.01258
1.01069
1.00976
1.00967
1.00986
1.00958
1.00778
1.0036
0.996676
0.986989
0.974801
0.960219
0.943359
0.924712
0.905254
0.88689
0.872291
0.864134
0.864456
0.87363
0.89017
0.911443
0.934377
0.956309
0.975105
0.989006
0.996867
0.998152
0.993058
0.982741
0.969256
0.955294
0.944
0.937932
0.938897
0.947153
0.961661
0.98029
1.00053
1.01977
1.03595
1.04775
1.0544
1.05569
1.05177
1.04297
1.02987
1.01302
0.993034
0.97071
0.947124
0.923808
0.902302
0.884037
0.869911
0.86007
0.854271
0.852566
0.855191
0.862566
0.875123
0.892683
0.91451
0.939389
0.965898
0.992816
1.01925
1.04446
1.0676
1.08727
1.10214
1.11066
1.11212
1.10689
1.09618
1.08192
1.06584
1.04926
1.03314
1.01833
1.00515
0.993156
0.98134
0.968246
0.952583
0.934075
0.913743
0.893224
0.874286
0.858456
0.846914
0.840637
0.840374
0.846148
0.857378
0.872841
0.891145
0.910762
0.93057
0.949972
0.968925
0.987709
1.00651
1.02521
1.04296
1.05821
1.06876
1.07276
1.06894
1.05715
1.03925
1.01854
0.999352
0.985596
0.979694
0.981718
0.989905
1.00143
1.01326
1.02263
1.02745
1.02624
1.01842
1.00459
0.986526
0.966921
0.948697
0.934349
0.925177
0.921402
0.922393
0.92688
0.933306
0.94012
0.945576
0.948261
0.947299
0.942667
0.934783
0.924616
0.913227
0.901402
0.889719
0.878696
0.86925
0.862867
0.861368
0.866023
0.877041
0.893143
0.912216
0.931967
0.950388
0.966388
0.979804
0.991241
1.00157
1.01149
1.02122
1.03047
1.03834
1.04372
1.04565
1.04361
1.03768
1.0285
1.01719
1.0049
0.992474
0.980492
0.969349
0.959493
0.951383
0.945534
0.942163
0.941284
0.942436
0.944889
0.947958
0.951098
0.954299
0.95791
0.962152
0.966778
0.970765
0.972956
0.972477
0.969485
0.965226
0.961677
0.960158
0.961072
0.9639
0.967874
0.972664
0.978025
0.984061
0.990815
0.99803
1.0052
1.01154
1.01586
1.01678
1.01338
1.00495
0.99163
0.973941
0.953405
0.932336
0.913535
0.899966
0.89363
0.895177
0.90367
0.917148
0.93325
0.949817
0.965147
0.978159
0.987911
0.993808
0.995794
0.994207
0.989902
0.984023
0.977677
0.971517
0.965517
0.959555
0.953435
0.947181
0.941425
0.937372
0.936803
0.941766
0.952792
0.968229
0.984823
0.999218
1.00951
1.01538
1.01794
1.01886
1.01943
1.02032
1.02109
1.02055
1.01757
1.01148
1.003
0.993434
0.984379
0.976548
0.969013
0.960137
0.948693
0.935087
0.921502
0.910919
0.905598
0.905617
0.909335
0.914558
0.91991
0.925436
0.932418
0.94172
0.952729
0.963121
0.970245
0.972311
0.969176
0.961995
0.952951
0.944531
0.939225
0.939821
0.948224
0.965266
0.989824
1.01898
1.04862
1.07451
1.0931
1.10211
1.10056
1.08868
1.06798
1.04107
1.0111
0.981182
0.954134
0.931942
0.915757
0.905521
0.900209
0.898068
0.897097
0.895495
0.892263
0.887542
0.882346
0.878385
0.877204
0.880406
0.888812
0.902539
0.920696
0.941876
0.964297
0.986133
1.006
1.0229
1.03602
1.0447
1.04825
1.04615
1.03776
1.02285
1.0018
0.976485
0.950023
0.926709
0.910581
0.904017
0.907099
0.917998
0.933882
0.951526
0.967986
0.980704
0.987853
0.988244
0.981941
0.969988
0.95461
0.938542
0.924748
0.915286
0.911065
0.91179
0.916446
0.924052
0.933949
0.946169
0.960612
0.97693
0.993916
1.00959
1.02172
1.02821
1.02785
1.02042
1.00703
0.990441
0.974321
0.962833
0.959053
0.96383
0.975365
0.990286
1.00467
1.01524
1.01953
1.0164
1.00602
0.989881
0.970556
0.951062
0.934475
0.923115
0.918224
0.919981
0.927608
0.939358
0.952754
0.965104
0.973923
0.977545
0.975609
0.96922
0.960637
0.952616
0.947404
0.946417
0.949511
0.955458
0.962407
0.968595
0.972558
0.973832
0.972677
0.969978
0.96707
0.965082
0.965072
0.967621
0.972677
0.979795
0.988197
0.996932
1.00502
1.01161
1.01622
1.01878
1.01939
1.01801
1.01465
1.0089
1.00041
0.989019
0.97485
0.95885
0.942444
0.927543
0.915999
0.90942
0.908447
0.912512
0.920088
0.929174
0.937839
0.944922
0.950278
0.95457
0.958615
0.96256
0.965794
0.967314
0.966094
0.961527
0.95373
0.943361
0.931738
0.920078
0.909621
0.901601
0.897059
0.896911
0.901648
0.911203
0.924354
0.93885
0.951953
0.961185
0.964998
0.963454
0.958146
0.951934
0.947527
0.946963
0.950811
0.958568
0.968969
0.98027
0.990603
0.998008
1.00102
0.998981
0.991989
0.981219
0.968663
0.956474
0.946653
0.940356
0.938275
0.940594
0.947429
0.958746
0.974132
0.992416
1.01233
1.03214
1.04981
1.06335
1.07079
1.0708
1.06267
1.04681
1.02456
0.998124
0.970316
0.944279
0.922798
0.908288
0.901825
0.903112
0.910407
0.921062
0.932219
0.941422
0.946746
0.947328
0.942852
0.934003
0.922402
0.910368
0.900561
0.895096
0.89508
0.900284
0.909314
0.920326
0.931995
0.943372
0.954283
0.964968
0.975721
0.986454
0.996509
1.00469
1.00957
1.01007
1.00588
0.997919
0.988169
0.979015
0.972678
0.969856
0.969965
0.97146
0.972896
0.973268
0.972169
0.969357
0.96484
0.95864
0.951193
0.943517
0.93684
0.93219
0.930068
0.930315
0.93225
0.935237
0.938401
0.940937
0.941911
0.940633
0.936996
0.931861
0.926874
0.923938
0.924427
0.92893
0.937062
0.947972
0.960516
0.973738
0.986793
0.999202
1.01053
1.01995
1.02679
1.03041
1.03057
1.02759
1.02183
1.01401
1.00445
0.993137
0.979502
0.962814
0.942482
0.918953
0.894198
0.871586
0.855019
0.848271
0.853838
0.8722
0.90108
0.935732
0.970559
1.00063
1.02284
1.03597
1.04087
1.04005
1.03671
1.03388
1.03323
1.03498
1.03826
1.04158
1.04377
1.04381
1.04137
1.03629
1.02893
1.02027
1.01163
1.00403
0.998151
0.994122
0.991392
0.989208
0.986538
0.982396
0.97573
0.965854
0.952734
0.936625
0.918555
0.899518
0.880499
0.86229
0.845697
0.831705
0.821663
0.816979
0.818107
0.824711
0.83592
0.851281
0.87085
0.894661
0.92196
0.951008
0.979406
1.00485
1.02578
1.04132
1.05107
1.05487
1.05284
1.04536
1.0331
1.01682
0.997243
0.976023
0.955716
0.94028
0.933297
0.935673
0.944794
0.957218
0.970514
0.983488
0.995825
1.0073
1.0175
1.02611
1.03284
1.03732
1.03938
1.03859
1.03435
1.02638
1.01467
0.999364
0.981288
0.96172
0.942644
0.926515
0.915759
0.912384
0.917159
0.929311
0.946594
0.965746
0.983816
0.998761
1.00981
1.01725
1.02165
1.02356
1.02312
1.01995
1.0135
1.00296
0.987994
0.968694
0.945893
0.921514
0.898649
0.881544
0.874207
0.878708
0.893331
0.913831
0.935278
0.95418
0.968877
0.979262
0.985955
0.989869
0.991694
0.991677
0.989431
0.984416
0.976001
0.964153
0.949587
0.933804
0.919274
0.908622
0.90415
0.906579
0.914707
0.92588
0.937569
0.947936
0.956444
0.963322
0.969097
0.974218
0.978856
0.983037
0.986543
0.989034
0.990347
0.990686
0.99078
0.991697
0.994101
0.997906
1.00216
1.00576
1.00764
1.00733
1.00486
1.00065
0.995484
0.990195
0.985597
0.98222
0.980228
0.979229
0.978726
0.978089
0.976668
0.974143
0.970694
0.966683
0.962535
0.95847
0.954197
0.949078
0.942443
0.934268
0.925205
0.916812
0.910668
0.907673
0.907965
0.91126
0.917614
0.927084
0.939377
0.953481
0.967775
0.980535
0.990985
0.998708
1.004
1.00738
1.00947
1.01114
1.01328
1.01649
1.02083
1.02575
1.03013
1.03282
1.0325
1.02823
1.01949
1.00638
0.989638
0.970859
0.952416
0.937311
0.928221
0.926594
0.932684
0.945071
0.961454
0.979073
0.995711
1.00947
1.01933
1.02477
1.0255
1.02138
1.0121
0.997805
0.97892
0.956683
0.933489
0.911903
0.894335
0.882292
0.87672
0.878292
0.886926
0.901604
0.920308
0.940124
0.957996
0.97166
0.980003
0.983011
0.981628
0.977169
0.97107
0.964795
0.959646
0.956336
0.955314
0.956377
0.958855
0.961942
0.965115
0.96828
0.971901
0.976473
0.981935
0.987559
0.992239
0.995414
0.997025
0.997569
0.997478
0.996829
0.995207
0.991944
0.986603
0.979243
0.970616
0.961903
0.954068
0.947751
0.942949
0.939448
0.937155
0.936339
0.93731
0.940727
0.946932
0.956237
0.968394
0.982417
0.996885
1.00994
1.01942
1.02378
1.02208
1.0145
1.00228
0.987396
0.972267
0.958994
0.948875
0.942506
0.939794
0.939948
0.941842
0.944155
0.945706
0.946067
0.945214
0.943578
0.941784
0.940258
0.939353
0.939231
0.939783
0.940831
0.942274
0.94395
0.94573
0.947359
0.948374
0.948659
0.948248
0.947718
0.947768
0.948718
0.950477
0.952867
0.956015
0.960683
0.968182
0.979281
0.99335
1.00822
1.02083
1.02832
1.02854
1.0207
1.0055
0.984985
0.961933
0.939168
0.918916
0.902559
0.890864
0.884344
0.883217
0.887694
0.897682
0.912928
0.932669
0.955683
0.980034
1.00295
1.02156
1.03367
1.0386
1.03711
1.03112
1.02278
1.01371
1.00498
0.997264
0.990954
0.986569
0.984354
0.984336
0.986306
0.989367
0.992129
0.992918
0.99021
0.983344
0.972715
0.959472
0.945696
0.933597
0.925221
0.921679
0.923089
0.928426
0.935986
0.944007
0.95144
0.957853
0.963499
0.968665
0.973499
0.977972
0.981993
0.985818
0.989426
0.992905
0.995909
0.997766
0.997767
0.995356
0.990326
0.982826
0.973356
0.96262
0.951611
0.94125
0.932195
0.924597
0.917885
0.911197
0.903655
0.894852
0.885193
0.87579
0.868254
0.864324
0.865125
0.870954
0.881397
0.895056
0.909966
0.924131
0.935924
0.944095
0.948307
0.949011
0.947595
0.945747
0.945167
0.946955
0.951358
0.957832
0.965686
0.974053
0.982323
0.990247
0.998129
1.00646
1.01598
1.02699
1.03922
1.05187
1.06316
1.07124
1.07472
1.07296
1.06643
1.05651
1.04499
1.0334
1.02292
1.01382
1.00538
0.996192
0.984983
0.971344
0.956162
0.940779
0.926092
0.912413
0.899989
0.889616
0.882563
0.880074
0.882847
0.890525
0.901848
0.914706
0.926809
0.936483
0.942925
0.946508
0.948429
0.950358
0.953637
0.959317
0.96751
0.977354
0.987471
0.996218
1.00193
1.00359
1.00065
0.993482
0.983111
0.971043
0.958774
0.947511
0.938114
0.931317
0.927474
0.926829
0.929269
0.934141
0.940477
0.946968
0.952468
0.95619
0.957905
0.957719
0.956469
0.955547
0.956751
0.961664
0.970995
0.98375
0.997305
1.00815
1.01318
1.01076
1.0012
0.986662
0.970473
0.956152
0.946479
0.942884
0.945245
0.95257
0.963419
0.97622
0.989381
1.0015
1.01117
1.01741
1.01953
1.01747
1.01189
1.00414
0.995924
0.989037
0.984708
0.983642
0.98551
0.989432
0.993957
0.997174
0.997407
0.993265
0.984078
0.970294
0.953331
0.935628
0.920054
0.908914
0.903065
0.901998
0.904037
0.907204
0.910006
0.911731
0.912514
0.913284
0.915089
0.918466
0.923455
0.9292
0.934803
0.939432
0.94303
0.946227
0.950271
0.956034
0.963748
0.972786
0.981717
0.988746
0.992587
0.992538
0.988837
0.98212
0.973132
0.962395
0.95049
0.938543
0.928305
0.921536
0.91958
0.922521
0.929609
0.939506
0.950735
0.961651
0.970873
0.977337
0.980931
0.98198
0.981658
0.98155
0.983027
0.987242
0.994082
1.00298
1.01267
1.02194
1.02941
1.03429
1.03605
1.03466
1.03025
1.02336
1.015
1.00641
0.998794
0.9929
0.988506
0.984694
0.980395
0.975028
0.968892
0.962976
0.958639
0.956584
0.956299
0.956435
0.955146
0.950827
0.942326
0.929529
0.913264
0.89528
0.877549
0.862157
0.851028
0.845805
0.847583
0.856729
0.872337
0.892413
0.914415
0.935816
0.954775
0.970399
0.982686
0.992087
0.998966
1.00369
1.00648
1.00774
1.00816
1.00838
1.00885
1.00998
1.01166
1.01329
1.0141
1.01328
1.01015
1.00426
0.995426
0.983788
0.97029
0.956897
0.946213
0.940625
0.941184
0.947513
0.958134
0.970878
0.983052
0.992158
0.99575
0.992217
0.981163
0.963678
0.94238
0.920593
0.901589
0.887869
0.880629
0.879967
0.885112
0.895065
0.908907
0.926088
0.945907
0.967706
0.990426
1.01315
1.0349
1.05476
1.07121
1.08229
1.08578
1.08034
1.06581
1.04335
1.01527
0.984389
0.953467
0.92502
0.900905
0.882352
0.87008
0.86446
0.865797
0.874291
0.890025
0.912391
0.939378
0.967475
0.992887
1.01278
1.02622
1.03333
1.03523
1.03298
1.02712
1.01809
1.00658
0.994039
0.982294
0.973525
0.969248
0.969949
0.975037
0.982793
0.991199
0.998128
1.00177
1.00111
0.995864
0.986549
0.974581
0.961663
0.949682
0.93984
0.932244
0.926221
0.92021
0.912977
0.903816
0.893159
0.882739
0.875472
0.874419
0.882271
0.900075
0.926764
0.959488
0.994125
1.02638
1.05288
1.07145
1.08113
1.08215
1.07537
1.06217
1.04405
1.02286
1.00064
0.979281
0.960442
0.945078
0.933492
0.925558
0.920692
0.917994
0.916683
0.916069
0.91601
0.916831
0.919856
0.926293
0.936649
0.950295
0.965592
0.980687
0.994315
1.00609
1.01623
1.02508
1.03288
1.03957
1.04468
1.04754
1.04715
1.04244
1.03251
1.01724
0.997189
0.973872
0.949341
0.925556
0.904365
0.887219
0.875253
0.869459
0.870273
0.877966
0.892326
0.912744
0.937683
0.964889
0.991666
1.01522
1.03335
1.0443
1.04689
1.0405
1.02521
1.002
0.97277
0.940887
0.911149
0.888624
0.877211
0.878142
0.889984
0.90998
0.934958
0.961809
0.987389
1.00889
1.02418
1.03167
1.03074
1.02183
1.00619
0.986115
0.964304
0.94358
0.926258
0.914056
0.907873
0.907944
0.913862
0.924711
0.93958
0.957529
0.977294
0.997369
1.01599
1.03173
1.0438
1.05216
1.05693
1.0578
1.05405
1.045
1.0305
1.01117
0.987857
0.961787
0.934501
0.907901
0.884844
0.869184
0.864517
0.872661
0.89248
0.9206
0.952455
0.983453
1.00967
1.02846
1.03897
1.04189
1.03909
1.03235
1.02272
1.01073
0.997082
0.98303
0.970464
0.961702
0.95866
0.962139
0.971884
0.986023
1.00224
1.01781
1.03052
1.03895
1.04262
1.04166
1.03658
1.02834
1.01768
1.00541
0.991892
0.97752
0.962586
0.947368
0.93221
0.917689
0.904727
0.894606
0.888482
0.886764
0.888578
0.892157
0.89535
0.896556
0.895339
0.892264
0.88908
0.887844
0.890473
0.897981
0.910328
0.926726
0.945981
0.967085
0.988848
1.00992
1.02874
1.0435
1.0525
1.05463
1.0493
1.03683
1.0185
0.996702
0.975111
0.957766
0.947072
0.942967
0.943153
0.945342
0.948312
0.951845
0.95594
0.960244
0.963986
0.966091
0.96583
0.962793
0.957185
0.949888
0.942017
0.934963
0.929791
0.926896
0.926118
0.927141
0.929603
0.933178
0.937311
0.941304
0.944747
0.947858
0.951957
0.959061
0.971087
0.988448
1.00965
1.03141
1.05011
1.0626
1.0669
1.06271
1.05098
1.03426
1.01609
1.00006
0.988617
0.982164
0.979244
0.977701
0.975743
0.972517
0.968223
0.963352
0.958153
0.952222
0.944742
0.93489
0.922662
0.908933
0.895856
0.886093
0.882327
0.885909
0.896262
0.911002
0.926921
0.941079
0.951547
0.957559
0.959437
0.958168
0.955212
0.951849
0.949142
0.947854
0.948183
0.94993
0.952577
0.955752
0.959621
0.964479
0.970546
0.977665
0.985309
0.992724
0.999131
1.00388
1.00666
1.00738
1.00616
1.00322
0.998493
0.992053
0.984117
0.975178
0.965998
0.957098
0.949043
0.942784
0.94014
0.943517
0.954662
0.972786
0.994274
1.01384
1.02735
1.0327
1.03004
1.02112
1.00875
0.995815
0.984755
0.976917
0.972615
0.971033
0.97102
0.971242
0.970644
0.968448
0.964379
0.958819
0.952396
0.945978
0.94058
0.936946
0.93587
0.937761
0.942713
0.950194
0.95924
0.968381
0.975894
0.979927
0.979127
0.972642
0.960773
0.945071
0.928034
0.912443
0.900592
0.893731
0.892363
0.896567
0.906354
0.921024
0.939105
0.958596
0.977792
0.995491
1.01093
1.02356
1.03282
1.038
1.0388
1.03505
1.0269
1.01466
0.998869
0.980283
0.960073
0.939927
0.921906
0.908142
0.900515
0.899668
0.905433
0.916366
0.930943
0.947813
0.966348
0.985743
1.0055
1.02446
1.04126
1.05438
1.06213
1.06329
1.0571
1.04352
1.02341
0.998657
0.972125
0.947033
0.926208
0.911327
0.902424
0.89822
0.896941
0.896898
0.897371
0.898618
0.901508
0.906762
0.914765
0.925205
0.937197
0.949299
0.959977
0.967516
0.971004
0.970302
0.966225
0.960417
0.954694
0.950677
0.949623
0.952103
0.958244
0.968009
0.980568
0.994911
1.00927
1.02202
1.03158
1.03701
1.03792
1.03448
1.02713
1.01652
1.0036
0.989496
0.975534
0.96301
0.95279
0.945263
0.940536
0.938553
0.939004
0.941264
0.944557
0.94767
0.949706
0.950358
0.950358
0.951302
0.954851
0.961992
0.97221
0.983625
0.99424
1.00243
1.00722
1.00833
1.00584
1.00026
0.99281
0.985354
0.98009
0.978938
0.982724
0.990918
1.00167
1.01199
1.01861
1.0189
1.01156
0.997331
0.978601
0.958989
0.941891
0.92952
0.922322
0.919429
0.919218
0.919838
0.919624
0.917321
0.912411
0.905483
0.898253
0.893079
0.892278
0.897856
0.910589
0.929826
0.953186
0.977228
0.998156
1.01324
1.02147
1.02415
1.02386
1.02294
1.02216
1.02128
1.01981
1.01826
1.01755
1.01858
1.0213
1.02512
1.02889
1.03162
1.03228
1.03018
1.02497
1.0166
1.0054
0.991932
0.976941
0.961175
0.945203
0.929478
0.914456
0.900678
0.88847
0.878057
0.869599
0.863777
0.862061
0.866017
0.875964
0.890086
0.905163
0.918247
0.927857
0.934177
0.938402
0.94232
0.947414
0.954662
0.963846
0.974175
0.984531
0.994004
1.00155
1.00628
1.00714
1.00336
0.994925
0.982856
0.968896
0.955361
0.944442
0.937693
0.93558
0.937723
0.943143
0.950868
0.960441
0.971714
0.984483
0.998424
1.01234
1.02421
1.03142
1.0319
1.02553
1.01473
1.00283
0.992544
0.984846
0.979927
0.978313
0.980289
0.985611
0.993048
1.00064
1.00626
1.0083
1.00593
0.999213
0.988984
0.976662
0.963942
0.952424
0.943062
0.936171
0.932197
0.931841
0.936121
0.94515
0.95703
0.968678
0.977366
0.98166
0.981798
0.979389
0.976433
0.974756
0.97567
0.979618
0.986246
0.994688
1.00349
1.01129
1.0164
1.01742
1.01349
1.00429
0.99041
0.972858
0.953272
0.933542
0.915834
0.901936
0.893169
0.890086
0.892706
0.900465
0.912123
0.925935
0.939652
0.95127
0.959278
0.963046
0.962552
0.958473
0.951947
0.944769
0.938761
0.935647
0.936286
0.940455
0.946991
0.954395
0.961118
0.965958
0.96838
0.96837
0.965952
0.961362
0.954383
0.944904
0.932999
0.919018
0.903763
0.888617
0.875148
0.865358
0.861041
0.863626
0.873406
0.889779
0.911435
0.936632
0.963829
0.991299
1.01697
1.0387
1.05432
1.06241
1.06277
1.05623
1.04478
1.03103
1.0179
1.00792
1.00227
1.00097
1.00303
1.00723
1.01224
1.01712
1.02089
1.02267
1.02201
1.01907
1.01466
1.01017
1.00689
1.00525
1.00441
1.00242
0.997493
0.988852
0.977152
0.964066
0.951558
0.940939
0.932734
0.926994
0.923668
0.922791
0.924451
0.928192
0.933085
0.938307
0.943463
0.948823
0.954557
0.960331
0.964898
0.966924
0.965447
0.960454
0.953102
0.945273
0.938859
0.93505
0.934141
0.935234
0.937101
0.938848
0.940248
0.941893
0.944685
0.949304
0.955923
0.963619
0.971202
0.977332
0.981105
0.98221
0.980956
0.978159
0.974876
0.972062
0.970373
0.969925
0.97054
0.971458
0.971674
0.970508
0.968028
0.965006
0.962875
0.962905
0.966041
0.972544
0.982104
0.994351
1.00859
1.0238
1.0383
1.05011
1.05713
1.05792
1.05176
1.0389
1.02048
0.998206
0.974341
0.951351
0.931408
0.91642
0.907543
0.905081
0.908298
0.915463
0.92408
0.931359
0.934711
0.932604
0.925138
0.913957
0.901867
0.891809
0.885827
0.884346
0.886507
0.891001
0.896954
0.904139
0.912892
0.923668
0.936897
0.952504
0.970115
0.988955
1.00784
1.02558
1.0407
1.05201
1.05896
1.06157
1.06057
1.05695
1.05164
1.04558
1.03957
1.03391
1.0289
1.02435
1.01981
1.0151
1.00993
1.00439
0.998412
0.9917
0.984113
0.975746
0.966936
0.958467
0.950992
0.944668
0.939357
0.934623
0.93012
0.925767
0.921832
0.918676
0.916794
0.916467
0.918135
0.921843
0.927195
0.933369
0.939397
0.944319
0.947618
0.949592
0.951188
0.953732
0.958477
0.965943
0.975652
0.986244
0.995827
1.00275
1.0061
1.00576
1.00222
0.996079
0.987964
0.978035
0.96629
0.952744
0.937725
0.922162
0.907757
0.896468
0.890551
0.891784
0.900786
0.916624
0.936921
0.95833
0.977519
0.99207
1.0006
1.00289
0.999726
0.992111
0.981221
0.968521
0.955672
0.944647
0.937199
0.93476
0.937843
0.945912
0.95736
0.970298
0.983114
0.994581
1.00396
1.0109
1.01539
1.01757
1.01761
1.01564
1.01192
1.00648
0.999378
0.990289
0.978923
0.965609
0.95106
0.936992
0.925534
0.918944
0.918559
0.924706
0.936786
0.953783
0.974471
0.9971
1.01898
1.03662
1.04676
1.04762
1.03895
1.02231
1.00008
0.974836
0.948747
0.923194
0.89889
0.876371
0.856965
0.843624
0.840444
0.850647
0.87397
0.905817
0.940092
0.971029
0.994752
1.00909
1.01341
1.00863
0.996834
0.981203
0.964847
0.950646
0.940174
0.933958
0.931406
0.931537
0.933066
0.934752
0.935499
0.935167
0.934347
0.934057
0.935153
0.93794
0.942211
0.94762
0.953882
0.960758
0.968197
0.975635
0.982706
0.9889
0.994061
0.998148
1.00137
1.004
1.00623
1.00794
1.00889
1.00871
1.00744
1.0055
1.00367
1.00275
1.00315
1.00498
1.00784
1.0109
1.01294
1.01263
1.00861
0.99997
0.986501
0.968832
0.948444
0.927374
0.908074
0.8932
0.884949
0.884782
0.892542
0.906546
0.924255
0.942895
0.96013
0.974394
0.984849
0.991191
0.993305
0.991094
0.984542
0.974374
0.962363
0.950884
0.942438
0.938589
0.939724
0.945392
0.954689
0.966673
0.980182
0.99384
1.00611
1.01511
1.01934
1.01786
1.0109
0.999846
0.986949
0.974804
0.965089
0.958301
0.954071
0.951866
0.951236
0.952084
0.954625
0.958943
0.964776
0.971447
0.977911
0.983018
0.985492
0.984413
0.979569
0.971248
0.96025
0.947488
0.933963
0.92095
0.91001
0.903154
0.902562
0.909996
0.925693
0.948203
0.97429
1.00024
1.02241
1.03813
1.04577
1.04507
1.03739
1.02553
1.01297
1.00278
0.996426
0.993409
0.991838
0.98939
0.984529
0.976726
0.966413
0.954873
0.943723
0.934659
0.928664
0.925661
0.924746
0.924847
0.925754
0.927672
0.930988
0.93588
0.941975
0.948399
0.953758
0.956973
0.957448
0.955538
0.95241
0.949482
0.948124
0.949002
0.951994
0.956688
0.962188
0.967675
0.972414
0.975938
0.97815
0.979347
0.980374
0.981944
0.984436
0.987585
0.990536
0.992085
0.991275
0.98776
0.981744
0.974022
0.965223
0.955865
0.94636
0.937091
0.928753
0.922563
0.919803
0.921498
0.927958
0.938638
0.952145
0.96638
0.979403
0.989493
0.995602
0.99708
0.994108
0.987301
0.977887
0.967105
0.956155
0.945659
0.936028
0.927719
0.921742
0.919676
0.923133
0.932408
0.946354
0.962607
0.978627
0.992941
1.00552
1.01701
1.02782
1.03751
1.04437
1.04621
1.04121
1.02875
1.00942
0.98538
0.959354
0.934103
0.911842
0.894046
0.881755
0.875663
0.876054
0.882609
0.894228
0.909512
0.926917
0.945227
0.963699
0.981456
0.997861
1.01209
1.02324
1.03045
1.03344
1.03259
1.02877
1.0221
1.01197
0.997483
0.978485
0.956221
0.933745
0.915024
0.903693
0.901821
0.909251
0.923951
0.942617
0.96173
0.978548
0.991069
0.998146
0.999316
0.994431
0.984012
0.969337
0.952343
0.935388
0.921028
0.911412
0.908049
0.911612
0.921896
0.938186
0.958957
0.982372
1.00598
1.02715
1.04333
1.05242
1.05318
1.04551
1.03079
1.01186
0.992413
0.976075
0.965542
0.961566
0.9634
0.969015
0.976073
0.982093
0.984997
0.98332
0.976483
0.964834
0.949648
0.932924
0.91701
0.90412
0.895708
0.892585
0.894524
0.900214
0.907529
0.914504
0.919896
0.924043
0.928273
0.934372
0.943797
0.957186
0.974174
0.993388
1.01264
1.02939
1.04092
1.04479
1.03959
1.02528
1.00338
0.977205
0.950745
0.928236
0.912587
0.904919
0.904839
0.910469
0.919495
0.92936
0.93847
0.94634
0.953928
0.962945
0.974444
0.988284
1.00256
1.01482
1.02268
1.02473
1.02065
1.01121
0.997969
0.983233
0.969443
0.958993
0.953539
0.953596
0.958567
0.966744
0.975816
0.983532
0.988497
0.990324
0.989472
0.986569
0.982382
0.9774
0.97214
0.967302
0.963423
0.960816
0.959374
0.958474
0.957293
0.95486
0.950636
0.94451
0.937023
0.929195
0.922452
0.917884
0.916113
0.917613
0.922875
0.932205
0.945275
0.960619
0.975952
0.988675
0.997166
1.0004
0.998236
0.991674
0.982569
0.973329
0.966768
0.964407
0.966732
0.973045
0.982081
0.992467
1.0029
1.0128
1.02176
1.02966
1.03639
1.04168
1.04548
1.0477
1.04803
1.04533
1.03828
1.02579
1.00747
0.98394
0.956302
0.926146
0.895457
0.867043
0.844262
0.830914
0.830098
0.843174
0.868924
0.90405
0.943973
0.984115
1.02041
1.0496
1.06945
1.07904
1.07869
1.06977
1.05427
1.03444
1.0123
0.989778
0.968875
0.951185
0.937837
0.929107
0.924508
0.923169
0.924276
0.926971
0.930783
0.934844
0.938305
0.94037
0.94043
0.938161
0.933756
0.927767
0.921071
0.91484
0.910526
0.909574
0.912743
0.920012
0.930654
0.94378
0.958459
0.974008
0.989736
1.0049
1.01867
1.02994
1.03765
1.04077
1.03879
1.03193
1.02128
1.009
0.997426
0.988749
0.984333
0.984581
0.988871
0.996072
1.00455
1.0126
1.01871
1.02182
1.02138
1.01689
1.00831
0.995931
0.980696
0.96442
0.949161
0.937021
0.929195
0.926098
0.927508
0.932892
0.941285
0.950737
0.958256
0.960465
0.955277
0.943215
0.927015
0.910053
0.894753
0.882886
0.876213
0.876243
0.883921
0.898881
0.919325
0.942322
0.964579
0.983518
0.997461
1.00574
1.00816
1.00473
0.995824
0.982181
0.965453
0.947822
0.932017
0.920521
0.915055
0.916064
0.92291
0.9343
0.948366
0.963424
0.978012
0.99142
1.00336
1.01375
1.02243
1.02903
1.03283
1.03295
1.02875
1.01978
1.00649
0.990261
0.973236
0.957879
0.946374
0.939875
0.93858
0.941553
0.947333
0.954907
0.963746
0.973511
0.983297
0.991427
0.996165
0.996457
0.992424
0.985098
0.976273
0.967424
0.959903
0.954317
0.951027
0.950092
0.951401
0.954517
0.958728
0.96326
0.967442
0.970858
0.973347
0.975125
0.976544
0.978055
0.979927
0.982028
0.983948
0.984916
0.984242
0.981529
0.976812
0.970694
0.963682
0.956205
0.948427
0.940251
0.931661
0.922691
0.913668
0.905433
0.898884
0.894914
0.894281
0.897193
0.903399
0.912012
0.921775
0.931192
0.939013
0.944461
0.946857
0.946031
0.942262
0.9368
0.932034
0.9317
0.93878
0.953253
0.971246
0.987952
0.999874
1.00648
1.00911
1.00983
1.01036
1.01187
1.01513
1.02045
1.02788
1.03705
1.04696
1.0559
1.06209
1.06413
1.06128
1.05367
1.0419
1.0276
1.01268
0.998925
0.987047
0.976695
0.967403
0.959269
0.95311
0.950347
0.952124
0.959068
0.970472
0.984487
0.998294
1.00876
1.01287
1.00836
0.994482
0.972053
0.943372
0.911927
0.881769
0.856639
0.839428
0.831654
0.833197
0.843005
0.859727
0.882057
0.908558
0.93757
0.966982
0.994924
1.01972
1.04027
1.05606
1.06669
1.07178
1.07077
1.0629
1.04773
1.02559
0.998009
0.967854
0.938648
0.913982
0.896702
0.888216
0.888309
0.895551
0.90711
0.919963
0.931754
0.941369
0.948915
0.95492
0.960098
0.964805
0.969181
0.97323
0.976986
0.980247
0.982764
0.984276
0.984574
0.983286
0.980118
0.974736
0.967099
0.95786
0.948352
0.940331
0.93514
0.933563
0.935714
0.941137
0.94919
0.959085
0.970031
0.980862
0.990498
0.997813
1.00189
1.00229
0.998903
0.992331
0.983631
0.974495
0.966657
0.961694
0.960352
0.962751
0.968219
0.975639
0.983615
0.990588
0.995383
0.997347
0.996601
0.994044
0.990725
0.987434
0.984856
0.983546
0.983586
0.984594
0.985922
0.986614
0.98594
0.983271
0.978018
0.970122
0.960021
0.948857
0.938093
0.929077
0.922815
0.919885
0.920653
0.924796
0.931969
0.941387
0.952253
0.963685
0.974819
0.984682
0.992382
0.996733
0.997069
0.993194
0.985619
0.97572
0.964987
0.9547
0.945802
0.938758
0.934466
0.93427
0.939796
0.951658
0.968612
0.988101
1.00714
1.02332
1.03505
1.04117
1.04126
1.03535
1.02418
1.00888
0.991
0.972113
0.953748
0.937229
0.923543
0.913087
0.906189
0.903279
0.904966
0.911725
0.923409
0.93883
0.955974
0.972017
0.984598
0.992305
0.994874
0.993027
0.987774
0.980209
0.970847
0.959686
0.946602
0.931912
0.916337
0.900831
0.886763
0.875569
0.868889
0.867869
0.873296
0.884785
0.901183
0.920464
0.940449
0.959205
0.974848
0.986418
0.993282
0.995374
0.992984
0.986904
0.978231
0.968106
0.957272
0.946243
0.935125
0.924418
0.914902
0.908741
0.908698
0.916507
0.931029
0.948477
0.964488
0.976125
0.982584
0.985354
0.986472
0.9879
0.991056
0.996433
1.00344
1.01068
1.01636
1.01887
1.01784
1.01407
1.00952
1.00652
1.0064
1.00965
1.01542
1.02196
1.02714
1.02908
1.02652
1.01941
1.00882
0.996157
0.982614
0.969168
0.956312
0.944464
0.934051
0.925331
0.918533
0.913753
0.911138
0.910763
0.912577
0.916276
0.920981
0.925529
0.928692
0.92987
0.928985
0.92658
0.923916
0.922119
0.922202
0.924853
0.930243
0.938086
0.948147
0.959729
0.971989
0.983865
0.993799
1.00001
1.00103
0.996109
0.985348
0.969481
0.950254
0.930115
0.912164
0.899611
0.894665
0.897752
0.907793
0.922662
0.940445
0.959419
0.977882
0.994205
1.00705
1.0155
1.01936
1.01904
1.01569
1.01051
1.0048
0.99959
0.995675
0.993324
0.992622
0.993139
0.994158
0.994489
0.99292
0.988275
0.979875
0.967805
0.953366
0.938719
0.926678
0.919384
0.918039
0.92206
0.929715
0.938627
0.946405
0.951246
0.952257
0.949347
0.943159
0.934745
0.925605
0.917367
0.911204
0.907774
0.907051
0.908509
0.91176
0.916531
0.922937
0.931125
0.940739
0.951159
0.961841
0.972667
0.983889
0.995806
1.00857
1.02139
1.03311
1.04227
1.04717
1.04646
1.03961
1.02697
1.00955
0.989389
0.969062
0.951152
0.937239
0.927106
0.91915
0.911841
0.904326
0.896897
0.890668
0.887087
0.887121
0.890945
0.89815
0.908092
0.920578
0.93562
0.952905
0.971842
0.991081
1.00915
1.02437
1.03545
1.04171
1.04299
1.03945
1.03175
1.02045
1.00637
0.990496
0.973984
0.958686
0.946918
0.941054
0.942989
0.953077
0.969655
0.989402
1.00818
1.02191
1.02736
1.02285
1.00871
0.987951
0.965982
0.94965
0.944364
0.951247
0.966747
0.985292
1.00285
1.01756
1.02905
1.03743
1.04262
1.04413
1.04111
1.03291
1.01916
1.00031
0.977722
0.953331
0.929632
0.909075
0.893546
0.884147
0.880745
0.882606
0.888699
0.898147
0.909995
0.923113
0.935867
0.946299
0.952593
0.953588
0.949177
0.939961
0.927443
0.913793
0.901536
0.893284
0.891132
0.896239
0.908509
0.926331
0.94736
0.96867
0.987609
1.00191
1.00998
1.01109
1.00545
0.994167
0.979335
0.963849
0.950998
0.943608
0.943367
0.950054
0.961926
0.976268
0.99009
1.00067
1.00586
1.00407
0.994808
0.97861
0.957643
0.935643
0.917857
0.90976
0.915057
0.934146
0.963371
0.996606
1.02816
1.05431
1.07342
1.08525
1.08947
1.08594
1.07446
1.05567
1.03094
1.00254
0.97332
0.946035
0.922971
0.905634
0.894677
0.889878
0.890536
0.895284
0.902649
0.911145
0.919459
0.926903
0.93338
0.938935
0.943378
0.946202
0.946875
0.945096
0.941208
0.936115
0.930935
0.927123
0.926078
0.928903
0.935994
0.946913
0.960309
0.974279
0.986842
0.996323
1.00169
1.00258
0.99906
0.991746
0.981702
0.970286
0.959145
0.94964
0.942899
0.939554
0.939636
0.942711
0.94805
0.954688
0.961596
0.967777
0.972518
0.975461
0.976678
0.976393
0.974835
0.972093
0.968275
0.963876
0.959751
0.956989
0.95631
0.95765
0.960181
0.963092
0.965502
0.966547
0.965795
0.962651
0.956962
0.949374
0.941327
0.934623
0.930569
0.929803
0.932376
0.937816
0.945838
0.956282
0.968969
0.983542
0.999137
1.01476
1.02945
1.04229
1.05257
1.05914
1.06116
1.05813
1.05004
1.0377
1.02208
1.00441
0.98572
0.966839
0.948556
0.931716
0.917053
0.905102
0.896324
0.891321
0.891148
0.896732
0.908326
0.924826
0.943802
0.962229
0.97732
0.987503
0.992411
0.993071
0.990913
0.987252
0.983215
0.979311
0.97562
0.971964
0.968163
0.964034
0.959191
0.952902
0.944602
0.933851
0.921318
0.908695
0.89863
0.893371
0.894448
0.902038
0.915373
0.932823
0.952417
0.972292
0.99055
1.00554
1.01589
1.02046
1.01899
1.01163
0.999635
0.984798
0.969403
0.956184
0.947497
0.945093
0.949634
0.960543
0.975847
0.992539
1.00762
1.01853
1.02368
1.02259
1.01561
1.00389
0.988744
0.971827
0.954803
0.939175
0.926285
0.916699
0.910246
0.90616
0.903853
0.903174
0.904811
0.909977
0.919724
0.934354
0.952967
0.973116
0.991734
1.00549
1.01186
1.00955
0.998584
0.980448
0.957654
0.9332
0.910227
0.891065
0.877659
0.871091
0.871852
0.879961
0.89456
0.913394
0.933672
0.952491
0.968078
0.979717
0.987817
0.993269
0.99729
1.00108
1.00526
1.00971
1.01362
1.01586
1.01554
1.01241
1.00694
1.00012
0.993201
0.987318
0.983178
0.980982
0.980505
0.981353
0.98315
0.985607
0.988847
0.992971
0.997926
1.00296
1.00709
1.00888
1.00718
1.00154
0.99227
0.980079
0.966072
0.95115
0.936129
0.92172
0.908741
0.898719
0.892926
0.892441
0.897505
0.907842
0.922606
0.940441
0.959209
0.976171
0.988626
0.994649
0.993531
0.986174
0.974613
0.961488
0.949627
0.941347
0.937827
0.939377
0.945245
0.953923
0.963256
0.971161
0.975861
0.976499
0.973166
0.96691
0.959245
0.951869
0.94635
0.943516
0.94389
0.947663
0.955134
0.96648
0.981007
0.997155
1.01278
1.02519
1.0321
1.03216
1.02478
1.01042
0.990402
0.966816
0.942364
0.920338
0.903986
0.895782
0.896542
0.905054
0.91885
0.935022
0.95116
0.965835
0.978699
0.989767
0.99947
1.00804
1.01529
1.02028
1.02161
1.01814
1.00973
0.997555
0.98424
0.972965
0.966594
0.966039
0.970498
0.977795
0.985517
0.991454
0.994044
0.99255
0.987113
0.978822
0.96909
0.95935
0.950662
0.94326
0.936731
0.930363
0.923712
0.917
0.911451
0.908821
0.910933
0.918779
0.932037
0.948905
0.966314
0.981151
0.991067
0.994656
0.991808
0.983539
0.971628
0.958408
0.946167
0.937027
0.932459
0.933086
0.93869
0.948704
0.962255
0.978518
0.99632
1.01396
1.0288
1.03823
1.04048
1.03508
1.02292
1.00593
0.986503
0.96678
0.94901
0.935032
0.926486
0.924477
0.928842
0.937548
0.947595
0.955545
0.95933
0.958271
0.953641
0.947585
0.942283
0.939319
0.939487
0.943084
0.949663
0.958529
0.968487
0.977959
0.985324
0.989063
0.98849
0.983697
0.975792
0.966635
0.958479
0.953096
0.951521
0.953357
0.957567
0.962736
0.967813
0.972124
0.975302
0.97728
0.977613
0.975483
0.969667
0.959334
0.944688
0.927205
0.909696
0.895835
0.889293
0.892199
0.904629
0.924394
0.947688
0.969947
0.987312
0.996914
0.997594
0.989916
0.976263
0.960203
0.945751
0.936218
0.933226
0.936585
0.944547
0.955122
0.966528
0.977399
0.986704
0.993805
0.998519
1.00129
1.003
1.00476
1.00723
1.01064
1.01458
1.01858
1.02205
1.02423
1.02437
1.02143
1.01462
1.00373
0.989269
0.972797
0.956493
0.942636
0.932623
0.926968
0.925784
0.928861
0.936189
0.947553
0.962134
0.978257
0.993705
1.00577
1.01149
1.00862
0.996257
0.975761
0.950655
0.925919
0.906368
0.8952
0.89382
0.901632
0.916193
0.933957
0.951846
0.967987
0.982044
0.994283
1.00477
1.01311
1.01854
1.01991
1.01639
1.00736
0.993005
0.974446
0.954023
0.935037
0.920904
0.914314
0.916426
0.926657
0.942699
0.96164
0.980416
0.996765
1.00941
1.01782
1.02221
1.02297
1.02098
1.01703
1.0121
1.00686
1.00197
0.998019
0.995116
0.992949
0.990792
0.987392
0.981406
0.971904
0.958734
0.942621
0.925222
0.908852
0.895895
0.888214
0.886854
0.891684
0.901388
0.914074
0.92767
0.940761
0.952635
0.963163
0.972341
0.980024
0.986041
0.990397
0.993435
0.995747
0.997913
1.00035
1.00315
1.00627
1.00931
1.01153
1.01197
1.01003
1.00543
0.998845
0.991342
0.983953
0.976777
0.969003
0.959324
0.947067
0.932573
0.917292
0.903436
0.892818
0.886287
0.883445
0.883317
0.885163
0.88889
0.895337
0.905669
0.920933
0.940964
0.964442
0.989192
1.01281
1.03316
1.04836
1.05722
1.05901
1.05384
1.0426
1.02706
1.00947
0.992309
0.977511
0.966089
0.958012
0.952593
0.94896
0.946208
0.943576
0.940248
0.935817
0.930155
0.923741
0.91722
0.91116
0.905989
0.901831
0.898714
0.896585
0.895694
0.896442
0.899362
0.905063
0.914035
0.92643
0.942043
0.959807
0.978158
0.995207
1.00912
1.01861
1.02284
1.02168
1.01559
1.00529
0.991997
0.977249
0.962749
0.950128
0.940845
0.936102
0.936292
0.941336
0.950344
0.961792
0.973871
0.984605
0.992327
0.995509
0.993119
0.985346
0.973876
0.962173
0.9537
0.950139
0.95065
0.952819
0.954557
0.954996
0.954213
0.953148
0.95256
0.952841
0.95402
0.955897
0.958451
0.962156
0.966921
0.972265
0.976563
0.978025
0.975922
0.970978
0.965749
0.963724
0.967192
0.976832
0.991343
1.00828
1.02507
1.03901
1.04806
1.05075
1.04653
1.03553
1.01874
0.997734
0.974747
0.952496
0.933805
0.921202
0.916307
0.919105
0.928136
0.94083
0.954358
0.966339
0.975207
0.98012
0.980971
0.97811
0.972255
0.964454
0.955875
0.947815
0.941578
0.938261
0.938593
0.942779
0.950371
0.960375
0.971357
0.982063
0.991375
0.998661
1.00347
1.00527
1.00376
0.999188
0.992172
0.983245
0.972487
0.959643
0.94498
0.929393
0.914192
0.900766
0.890217
0.883659
0.882005
0.885986
0.895518
0.909437
0.925889
0.942479
0.957261
0.969211
0.97828
0.985034
0.990207
0.994113
0.996598
0.997232
0.995736
0.991987
0.986168
0.978559
0.969719
0.96018
0.95089
0.943118
0.937953
0.936256
0.938668
0.945177
0.955252
0.968211
0.982797
0.997917
1.01244
1.02526
1.03542
1.04219
1.04517
1.04426
1.03981
1.032
1.02089
1.00622
0.98769
0.965723
0.941786
0.918404
0.898824
0.886447
0.883948
0.892006
0.908692
0.929671
0.949541
0.96415
0.971342
0.970842
0.963712
0.951855
0.937988
0.925118
0.916378
0.913834
0.918024
0.927963
0.941907
0.957975
0.973986
0.988115
0.998629
1.00415
1.00402
0.998489
0.988807
0.977326
0.966875
0.95991
0.95804
0.961422
0.968828
0.978095
0.986535
0.991516
0.991029
0.984145
0.971131
0.953637
0.934275
0.91625
0.90242
0.894687
0.893842
0.899639
0.911201
0.927343
0.946265
0.966039
0.984671
1.00079
1.0136
1.02299
1.02929
1.0331
1.03484
1.0349
1.03387
1.03219
1.03009
1.0273
1.02312
1.01625
1.00574
0.991557
0.974813
0.9577
0.942565
0.931226
0.924257
0.921304
0.921556
0.924603
0.930518
0.939218
0.949868
0.960476
0.968416
0.971771
0.969889
0.964069
0.956467
0.94946
0.945011
0.943901
0.946095
0.951055
0.957575
0.964312
0.970045
0.973836
0.975324
0.975032
0.973669
0.972183
0.971425
0.972232
0.975173
0.980277
0.98726
0.995385
1.00357
1.01024
1.01393
1.01355
1.00876
1.00008
0.988506
0.975263
0.961638
0.948764
0.93764
0.929209
0.924593
0.924752
0.930246
0.940595
0.954144
0.968112
0.979392
0.985396
0.984695
0.977435
0.965038
0.950172
0.935958
0.925144
0.919383
0.918791
0.922712
0.930399
0.941707
0.95648
0.973589
0.990897
1.00594
1.01691
1.02313
1.02503
1.0232
1.01827
1.01069
1.00137
0.992038
0.984869
0.981898
0.984175
0.991596
1.00276
1.01566
1.02759
1.03583
1.03771
1.03142
1.01625
0.992979
0.964043
0.933255
0.90524
0.884609
0.874762
0.876713
0.88889
0.907726
0.929208
0.950174
0.968498
0.983151
0.993694
0.999957
1.00186
0.999324
0.992497
0.981635
0.967255
0.950023
0.930938
0.91125
0.892569
0.876643
0.865303
0.860241
0.86248
0.872282
0.888885
0.910632
0.935203
0.960093
0.983065
1.00257
1.01783
1.02849
1.03415
1.03439
1.02883
1.01808
1.00352
0.987293
0.97182
0.958685
0.948159
0.939709
0.932859
0.927655
0.925388
0.927512
0.934863
0.946652
0.96086
0.974852
0.985996
0.992563
0.994048
0.990881
0.984145
0.975237
0.965521
0.955959
0.947317
0.939825
0.933737
0.929482
0.927847
0.930354
0.938377
0.952288
0.970541
0.989803
1.00595
1.01573
1.01736
1.01139
1.00052
0.988606
0.978865
0.972465
0.968708
0.966379
0.964679
0.963616
0.96374
0.965717
0.970266
0.977411
0.986801
0.997124
1.00675
1.01397
1.01773
1.0178
1.01472
1.00911
1.00192
0.994006
0.98614
0.978707
0.971676
0.965063
0.959019
0.953799
0.950136
0.948923
0.950872
0.955933
0.963075
0.970331
0.975405
0.976697
0.973565
0.966515
0.956863
0.946406
0.93682
0.92949
0.925218
0.923812
0.924303
0.925565
0.926872
0.928042
0.929519
0.931918
0.936166
0.942912
0.95236
0.963795
0.975325
0.984205
0.987724
0.984383
0.974668
0.96114
0.947236
0.936012
0.929126
0.926878
0.929591
0.938042
0.952727
0.973576
0.999126
1.02695
1.05416
1.07775
1.09544
1.10572
1.10794
1.10218
1.08932
1.07061
1.04797
1.02395
1.00125
0.982326
0.968754
0.960748
0.95722
0.955907
0.954204
0.949862
0.941236
0.927877
0.910623
0.891431
0.873313
0.859326
0.851986
0.852377
0.860248
0.874516
0.893588
0.915951
0.94019
0.964936
0.988872
1.01055
1.0285
1.04107
1.04684
1.04494
1.03511
1.01784
0.99466
0.968095
0.941258
0.917452
0.899207
0.887984
0.88414
0.886938
0.894894
0.906334
0.919817
0.934212
0.948597
0.962021
0.973347
0.981495
0.98593
0.98679
0.984985
0.982104
0.9799
0.979887
0.982512
0.987263
0.993065
0.999187
1.00499
1.01007
1.01389
1.01565
1.01461
1.01037
1.00272
0.992399
0.980526
0.968657
0.958109
0.949715
0.943295
0.938177
0.933915
0.93088
0.93053
0.934637
0.944635
0.960787
0.982177
1.00648
1.03067
1.05181
1.06729
1.07548
1.07589
1.0691
1.05676
1.04112
1.02411
1.00682
0.98911
0.970152
0.949082
0.9255
0.900177
0.875164
0.853618
0.839022
0.834117
0.839433
0.853321
0.872703
0.894173
0.914898
0.933383
0.949308
0.963333
0.976638
0.990242
1.0045
1.01879
1.03148
1.04058
1.0442
1.04111
1.03119
1.01519
0.994731
0.972145
0.94955
0.929034
0.912381
0.900944
0.895478
0.895854
0.900913
0.908797
0.917475
0.925065
0.930469
0.933328
0.934528
0.935654
0.938222
0.943315
0.951345
0.961924
0.974546
0.988362
1.00233
1.01524
1.02612
1.03398
1.03785
1.03698
1.03105
1.02036
1.0062
0.990633
0.976039
0.9649
0.958823
0.957847
0.96047
0.964024
0.965805
0.964267
0.959302
0.952235
0.945318
0.940817
0.940184
0.943303
0.949102
0.955819
0.961818
0.966068
0.96826
0.968629
0.967648
0.965795
0.963431
0.96072
0.957659
0.954447
0.951265
0.948132
0.945102
0.942066
0.938744
0.934935
0.930688
0.926385
0.922953
0.921411
0.922289
0.925469
0.930117
0.935117
0.939756
0.94392
0.947578
0.950691
0.953108
0.954427
0.954401
0.953263
0.951711
0.950699
0.951305
0.954504
0.960268
0.968155
0.97731
0.986647
0.995244
1.00237
1.00752
1.0102
1.01026
1.00773
1.00301
0.996737
0.989686
0.982319
0.975164
0.968976
0.964769
0.963706
0.966711
0.974309
0.986209
1.00108
1.01688
1.03127
1.04199
1.04739
1.04695
1.04102
1.03074
1.01759
1.00287
0.987639
0.972364
0.957279
0.942603
0.928647
0.915923
0.905063
0.896499
0.890421
0.886584
0.88441
0.883162
0.881967
0.879902
0.876498
0.871792
0.866727
0.863024
0.862638
0.867507
0.878753
0.896407
0.919513
0.946209
0.974146
1.00124
1.02599
1.04735
1.06467
1.07739
1.08497
1.08679
1.08236
1.07123
1.05343
1.02942
1.00029
0.967822
0.934645
0.904147
0.879827
0.864559
0.859991
0.865916
0.880758
0.902026
0.926515
0.950851
0.971846
0.986983
0.994976
0.996236
0.992526
0.986076
0.979046
0.972959
0.968419
0.965363
0.963584
0.962753
0.96264
0.963068
0.963932
0.965217
0.967022
0.969301
0.971892
0.974275
0.975941
0.976482
0.975922
0.975125
0.975427
0.978644
0.98561
0.995839
1.00759
1.01809
1.02468
1.02568
1.02042
1.00941
0.994149
0.976542
0.95888
0.943195
0.931308
0.924276
0.922541
0.925584
0.932204
0.940806
0.949492
0.956536
0.960746
0.961549
0.959267
0.95472
0.949002
0.943216
0.938218
0.93455
0.932483
0.931739
0.932005
0.933029
0.934672
0.936828
0.939809
0.943907
0.949488
0.956707
0.965436
0.975131
0.984973
0.994049
1.00142
1.00651
1.00926
1.01
1.00951
1.00843
1.00718
1.0059
1.00404
1.0011
0.996675
0.990752
0.98395
0.976984
0.970289
0.963554
0.955918
0.946507
0.935512
0.924713
0.916911
0.913966
0.916166
0.922595
0.932157
0.943719
0.956101
0.968361
0.979829
0.990241
0.999107
1.00586
1.00996
1.01107
1.00899
1.00377
0.995963
0.986693
0.977377
0.96977
0.965188
0.964287
0.966873
0.972095
0.978576
0.984662
0.988674
0.989084
0.985357
0.978135
0.969187
0.96066
0.954049
0.949873
0.947863
0.947337
0.94749
0.947702
0.9476
0.946928
0.945522
0.943145
0.939698
0.935496
0.931281
0.92842
0.928618
0.933472
0.943871
0.959377
0.978369
0.998142
1.01579
1.02913
1.03657
1.03755
1.03228
1.02164
1.00722
0.991281
0.976525
0.965336
0.958886
0.9569
0.958306
0.961718
0.966169
0.971065
0.976221
0.98146
0.986531
0.991077
0.994502
0.996283
0.996078
0.993899
0.989923
0.984504
0.978078
0.971263
0.964972
0.960113
0.957234
0.955713
0.953857
0.949852
0.942005
0.929587
0.913131
0.893982
0.874256
0.856566
0.843443
0.837259
0.839625
0.851055
0.870994
0.897671
0.928308
0.959745
0.989373
1.01531
1.03668
1.05353
1.06618
1.07515
1.08045
1.08161
1.07817
1.06963
1.05583
1.03703
1.01422
0.988839
0.962568
0.937536
0.91599
0.900426
0.892713
0.89385
0.90318
0.918483
0.936501
0.954014
0.968248
0.977372
0.980552
0.977904
0.970144
0.958826
0.946111
0.934586
0.926882
0.925096
0.930277
0.942112
0.959079
0.978686
0.998248
1.01527
1.028
1.03562
1.03822
1.03659
1.0317
1.02458
1.01583
1.00623
0.996198
0.98636
0.976671
0.967107
0.958067
0.950385
0.945184
0.943025
0.9435
0.945279
0.946475
0.945537
0.942101
0.937189
0.932728
0.930219
0.930233
0.932451
0.936411
0.942263
0.950419
0.961218
0.974096
0.987897
1.00086
1.01088
1.01648
1.01673
1.01187
1.00341
0.993591
0.984668
0.977759
0.972764
0.968649
0.964204
0.958805
0.953004
0.948017
0.944981
0.944591
0.946554
0.950351
0.95577
0.962662
0.970414
0.978032
0.984305
0.988516
0.990399
0.989569
0.985787
0.978833
0.968735
0.955101
0.938097
0.918615
0.898833
0.882286
0.872696
0.87291
0.883598
0.903669
0.930597
0.961449
0.992932
1.02195
1.04589
1.06307
1.07267
1.07462
1.06949
1.05781
1.03994
1.01653
0.989003
0.960138
0.933616
0.913161
0.901557
0.899691
0.90658
0.920278
0.938344
0.958674
0.979569
0.999223
1.01594
1.02771
1.03291
1.03056
1.02035
1.00334
0.98187
0.959354
0.939365
0.924421
0.915285
0.911646
0.912802
0.918137
0.927113
0.939111
0.953182
0.967977
0.98232
0.995017
1.00504
1.01153
1.01364
1.01136
1.00566
0.998483
0.991985
0.986775
0.981816
0.975629
0.967531
0.95834
0.949765
0.943689
0.941674
0.944065
0.950536
0.959953
0.97113
0.982707
0.993493
1.00243
1.00827
1.00978
1.00612
0.997303
0.984139
0.968596
0.953153
0.940241
0.931584
0.927607
0.927346
0.928742
0.929575
0.92826
0.924709
0.919894
0.915627
0.913774
0.915669
0.921764
0.931666
0.944411
0.958665
0.973414
0.988083
1.00263
1.01716
1.03126
1.04334
1.05103
1.05236
1.04615
1.03258
1.01279
0.988661
0.962684
0.937763
0.916879
0.902643
0.896578
0.898853
0.907949
0.921252
0.935551
0.948023
0.95658
0.960366
0.959466
0.95473
0.947551
0.939837
0.934077
0.933028
0.938888
0.951968
0.970349
0.990181
1.007
1.01725
1.01911
1.01237
0.998475
0.979771
0.959402
0.940297
0.924959
0.914725
0.909304
0.907823
0.909415
0.91389
0.922023
0.934601
0.951762
0.972109
0.993008
1.0114
1.02476
1.03196
1.03325
1.02989
1.02346
1.01518
1.00563
0.994676
0.982141
0.968142
0.953755
0.940977
0.932339
0.930219
0.935973
0.949301
0.968237
0.989828
1.01071
1.02786
1.03849
1.04078
1.03379
1.0178
0.994331
0.966375
0.937762
0.912632
0.894325
0.884941
0.885336
0.89475
0.911265
0.93189
0.95348
0.973464
0.990591
1.00471
1.01632
1.02597
1.03377
1.0394
1.04232
1.04193
1.03751
1.02843
1.01425
0.995172
0.972816
0.949805
0.929483
0.91425
0.904627
0.899156
0.895869
0.89348
0.891839
0.89166
0.893864
0.898777
0.906405
0.916353
0.928198
0.941211
0.954799
0.967859
0.979176
0.987406
0.991368
0.99064
0.985458
0.976777
0.966163
0.95574
0.947664
0.943998
0.945956
0.953542
0.965262
0.978686
0.991308
1.00108
1.00689
1.00839
1.0062
1.0012
0.994328
0.986063
0.976707
0.966062
0.953622
0.939208
0.923739
0.909115
0.897993
0.892848
0.894714
0.90287
0.915332
0.929779
0.944305
0.957512
0.968606
0.977004
0.982658
0.985943
0.987787
0.98888
0.989724
0.990345
0.990546
0.990196
0.989658
0.989608
0.991025
0.994885
1.00192
1.01151
1.0216
1.02924
1.0316
1.02661
1.01389
0.995135
0.973493
0.952967
0.93718
0.928477
0.927426
0.933202
0.944273
0.958593
0.973932
0.988164
0.999443
1.0063
1.00794
1.00421
0.995573
0.983205
0.968682
0.954066
0.941101
0.93114
0.924633
0.921336
0.920644
0.9219
0.925155
0.931097
0.94054
0.953587
0.96914
0.985
0.998533
1.00773
1.01188
1.01168
1.00849
1.00418
0.999936
0.99655
0.993959
0.991664
0.98913
0.9862
0.983003
0.980163
0.978322
0.977693
0.977901
0.977803
0.97599
0.971284
0.963175
0.952014
0.939252
0.927143
0.917862
0.913542
0.915098
0.922463
0.934398
0.948884
0.963677
0.976574
0.986053
0.991157
0.991451
0.987299
0.979399
0.96882
0.956736
0.944162
0.931934
0.920592
0.910453
0.901996
0.895691
0.892094
0.891679
0.894725
0.90142
0.911357
0.923811
0.937727
0.951896
0.965104
0.976206
0.984233
0.988431
0.98865
0.985482
0.980263
0.974956
0.971303
0.970455
0.972892
0.978283
0.98555
0.993168
0.999879
1.00474
1.00754
1.00845
1.00798
1.00637
1.00365
0.999597
0.993782
0.986036
0.976451
0.96557
0.954339
0.943886
0.935517
0.930016
0.927398
0.927273
0.92874
0.93087
0.933144
0.935326
0.937171
0.938376
0.938392
0.936663
0.93306
0.928063
0.92271
0.918331
0.916032
0.916445
0.919566
0.925177
0.933474
0.944827
0.959787
0.978115
0.998501
1.01883
1.0364
1.04907
1.05531
1.05468
1.04749
1.03489
1.01845
1.00002
0.981424
0.964239
0.949427
0.937708
0.92945
0.924653
0.922915
0.923629
0.926229
0.930659
0.937258
0.94586
0.955371
0.963703
0.968645
0.968898
0.964519
0.957034
0.948696
0.941804
0.937972
0.938226
0.943178
0.953262
0.968601
0.988254
1.00964
1.02925
1.04348
1.04998
1.04795
1.0383
1.0233
1.00573
0.988067
0.971867
0.95753
0.945112
0.935179
0.929571
0.931371
0.94274
0.962712
0.987044
1.01056
1.02959
1.04233
1.04844
1.04839
1.04301
1.03342
1.02075
1.00583
0.989192
0.97113
0.952222
0.934163
0.919172
0.909682
0.906833
0.91006
0.917185
0.925255
0.931604
0.934249
0.932656
0.927498
0.92033
0.913207
0.908037
0.905851
0.906734
0.910428
0.916548
0.925186
0.936431
