100.02
117.86
102.18
135.56
118.06
96.7
130.42
120.84
126.74
112
96.02
81.72
91.2
92.38
89.2
106.7
99.92
130.42
90.34
97.38
101.98
82.5
101.54
86.04
113.74
97.32
94.88
94.42
80.4
87.98
120.56
87.6
99.1
97.2
110.82
110.96
93.86
132.36
90.38
87.44
82.7
79.68
109.6
95.7
102.96
100.82
96.18
100.4
80.36
111.58
100.68
80.78
89.72
93
135.44
92.22
106.5
115.62
84.24
96.02
129.52
106.16
98.9
104.44
95.82
87.22
102.74
110.7
100
114.22
114.5
108.62
108.12
100.78
128.12
131.54
103.98
82.32
108.76
103.52
110.64
91.74
126.74
107.3
87.08
82.44
106.04
95.88
73
90.72
81.18
106.12
83.14
100.56
104.48
93.36
121.9
76.86
93.6
103.7
