-0.00482979 0
-0.0399392 0.0351094
-0.00886097 0.0371046
-0.014197 0.026774
-0.0181721 0.0211166
-0.0227463 0.0178381
-0.0254652 0.0153191
-0.0253303 0.0132674
-0.0180624 0.0137743
-0.0231013 0.0133107
-0.0225096 0.0120545
-0.0210363 0.0111024
-0.0257684 0.0112558
-0.0234262 0.0106808
-0.0224485 0.00999124
-0.0150641 0.0119111
-0.0150391 0.0111886
-0.0137033 0.010633
-0.0157353 0.010261
-0.0163619 0.00975458
-0.0166514 0.00928297
-0.0162481 0.00886015
-0.0153656 0.00851204
-0.016386 0.0082133
-0.0182415 0.0080935
-0.0161927 0.00804136
-0.0190649 0.00825366
-0.0219967 0.00847658
-0.0235008 0.00831621
-0.0228456 0.00806089
-0.0214325 0.00792357
-0.0194469 0.00792475
-0.0182829 0.00776854
-0.017974 0.00754292
-0.0185166 0.00734432
-0.0186526 0.00713869
-0.0187287 0.00694349
-0.0188264 0.006759
-0.0202921 0.0067446
-0.0206125 0.00658162
-0.0197931 0.00647117
-0.0196937 0.006316
-0.0195988 0.00616809
-0.017686 0.00632256
-0.0187301 0.00626803
-0.0177802 0.00620342
-0.0159186 0.00634903
-0.0139192 0.00652905
-0.0141922 0.00640024
-0.0142792 0.00627154
-0.0136666 0.00617779
-0.0137791 0.00605887
-0.0136474 0.00594491
-0.0125397 0.00593801
-0.0128961 0.00583993
-0.0141734 0.00587521
-0.0137493 0.00578678
-0.0135105 0.00569114
-0.0130109 0.00561612
-0.0133941 0.00553501
-0.012351 0.00554256
-0.010894 0.00564374
-0.010261 0.00558939
-0.00986669 0.00551548
-0.00859478 0.00557694
-0.00834314 0.00549755
-0.00786091 0.00543631
-0.0079174 0.00535606
-0.00722177 0.00532351
-0.00731375 0.00524772
-0.00698581 0.00518366
-0.00724097 0.00511752
-0.00743586 0.00505069
-0.00801649 0.0050157
-0.00822178 0.00495262
-0.00803425 0.00489062
-0.00782583 0.00483119
-0.00697669 0.00484385
-0.00618789 0.00484677
-0.00560953 0.00482062
-0.00563632 0.00476081
-0.00500458 0.00474464
-0.00490739 0.00468813
-0.00404362 0.00471183
-0.00336904 0.00470468
-0.0026388 0.00470665
-0.00314382 0.00467957
-0.00315179 0.00462609
-0.00339038 0.00458004
-0.00262391 0.00459326
-0.00336804 0.00460305
-0.0036176 0.00455958
-0.00314773 0.00453469
-0.00334262 0.00449042
-0.00332717 0.00444293
-0.00410363 0.00446445
-0.003948 0.00442092
-0.00365294 0.00438552
-0.00371444 0.00434143
-0.00397935 0.00430595
