1.1906
1.15841
1.10458
1.03095
0.940239
0.836572
0.725616
0.61443
0.510865
0.422588
0.355738
0.313745
0.296731
0.301731
0.323603
0.356215
0.393561
0.43059
0.463567
0.49021
0.50947
0.521291
0.526398
0.525986
0.521536
0.514717
0.50732
0.501143
0.497759
0.498385
0.503652
0.513553
0.527655
0.545302
0.565769
0.588307
0.612081
0.636076
0.659077
0.679765
0.696912
0.709621
0.717361
0.720087
0.718197
0.71237
0.703561
0.692668
0.680575
0.667947
0.655304
0.643149
0.632027
0.622573
0.615249
0.610211
0.607105
0.605296
0.604033
0.60269
0.600888
0.598449
0.595404
0.591979
0.588477
0.585404
0.583321
0.582761
0.584143
0.587638
0.593162
0.600393
0.608832
0.617898
0.627004
0.635592
0.643168
0.649346
0.653914
0.656831
0.658137
0.658033
0.656803
0.654748
0.652231
0.649507
0.646708
0.643823
0.640588
0.636731
0.631908
0.625754
0.618019
0.608491
0.596963
0.583321
0.567523
0.549937
0.531437
0.513454
0.49782
0.486478
0.481056
0.482548
0.491178
0.50631
0.526586
0.550299
0.575572
0.600642
0.623945
0.64428
0.660789
0.672992
0.680828
0.684592
0.684978
0.682892
0.679379
0.675508
0.672161
0.66986
0.668767
0.668617
0.668879
0.668825
0.667771
0.665228
0.660917
0.654902
0.647484
0.639178
0.630695
0.622738
0.615976
0.610861
0.60765
0.606356
0.606728
0.608266
0.610363
0.612302
0.61328
0.612592
0.609724
0.60449
0.597014
0.587836
0.577731
0.567665
0.558715
0.551919
0.548055
0.547594
0.550632
0.556977
0.566145
0.577408
0.589916
0.602807
0.615224
0.626431
0.63592
0.643369
0.648638
0.651718
0.652689
0.651744
0.649072
0.644996
0.63987
0.634186
0.628483
0.623229
0.618683
0.614878
0.611631
0.608602
0.605403
0.601695
0.597245
0.591955
0.585838
0.57895
0.57147
0.563718
0.55626
0.550079
0.546636
0.547487
0.553713
0.565298
0.580757
0.597642
0.613249
0.625406
0.632959
0.635719
0.634412
0.630443
0.625446
0.621033
0.618556
0.618851
0.622224
0.62838
0.636654
0.646189
0.656144
0.665809
0.674593
0.681985
0.687643
0.691251
0.692554
0.691303
0.687274
0.680234
0.670101
0.65703
0.6416
0.624852
0.608168
0.593057
0.580769
0.572027
0.566864
0.564718
0.564679
0.565752
0.567156
0.568431
0.569493
0.570525
0.571866
0.573904
0.577007
0.58142
0.587158
0.593983
0.601484
0.609161
0.616483
0.623002
0.628341
0.632296
0.63471
0.635513
0.634811
0.632851
0.629998
0.626715
0.623531
0.620924
0.619341
0.619111
0.620484
0.623528
0.627899
0.63281
0.637083
0.639299
0.638266
0.633443
0.62513
0.61456
0.603501
0.59381
0.587019
0.584
0.584873
0.589096
0.595854
0.60424
0.613386
0.622514
0.630898
0.637897
0.642854
0.645246
0.644746
0.641323
0.635337
0.627508
0.618802
0.610282
0.602924
0.597425
0.594192
0.593252
0.594346
0.596997
0.600544
0.604255
0.607535
0.609936
0.611199
0.611307
0.61035
0.608518
0.606095
0.603296
0.600181
0.596644
0.592478
0.587497
0.5816
0.575053
0.568448
0.562687
0.558807
0.557755
0.560249
0.566619
0.576643
0.589549
0.604107
0.618798
0.632179
0.64303
0.650514
0.654216
0.65418
0.650788
0.644735
0.636967
0.628655
0.620985
0.615017
0.611516
0.6108
0.612578
0.61623
0.620913
0.625698
0.629779
0.632651
0.634173
0.634524
0.634158
0.633668
0.633601
0.634263
0.635664
0.637475
0.639098
0.639954
0.639487
0.637374
0.633578
0.628398
0.622341
0.616125
0.610421
0.605854
0.602855
0.601499
0.601614
0.60284
0.604718
0.606798
0.608673
0.610106
0.610911
0.611022
0.610465
0.609283
0.607594
0.605614
0.603579
0.601709
0.600204
0.599275
0.598988
0.599367
0.600388
0.601961
0.603998
0.60645
0.609286
0.612508
0.6161
0.619964
0.623989
0.628003
0.631831
0.635305
0.638229
0.640383
0.641446
0.640968
0.638441
0.633312
0.625197
0.614025
0.600177
0.58444
0.5681
0.5528
0.54032
0.532254
0.529675
0.532945
0.541531
0.554176
0.56927
0.585241
0.600891
0.615416
0.628356
0.639476
0.648503
0.655095
0.658854
0.659554
0.657164
0.651944
0.644597
0.636267
0.628246
0.621859
0.618196
0.617861
0.620881
0.626616
0.633972
0.641652
0.648432
0.653339
0.655908
0.656058
0.654079
0.65041
0.645425
0.639413
0.632495
0.624653
0.615895
0.606387
0.596504
0.586853
0.578215
0.571446
0.567294
0.566282
0.56867
0.574462
0.583311
0.59453
0.607188
0.620121
0.632132
0.642173
0.649451
0.653521
0.654283
0.651881
0.646677
0.639071
0.629555
0.618755
0.607357
0.59606
0.585607
0.576521
0.569152
0.563603
0.559707
0.557259
0.556118
0.556329
0.55812
0.56183
0.567771
0.576048
0.586402
0.598279
0.610781
0.622766
0.633003
0.64044
0.644281
0.6442
0.640323
0.633349
0.624424
0.614891
0.606139
0.599338
0.595113
0.593482
0.594024
0.596019
0.598691
0.601399
0.603771
0.605788
0.607836
0.610617
0.614938
0.621462
0.630423
0.64145
0.653593
0.665497
0.675653
0.682756
0.685849
0.684416
0.678387
0.66811
0.654282
0.637874
0.62009
0.602313
0.585864
0.571936
0.561429
0.554896
0.552529
0.554094
0.559057
0.566722
0.576285
0.587009
0.5982
0.609217
0.619444
0.628346
0.635486
0.640431
0.642897
0.642757
0.640099
0.635202
0.628587
0.621021
0.613334
0.606234
0.60025
0.595665
0.592602
0.591166
0.591497
0.593768
0.598135
0.60467
0.613169
0.623106
0.633638
0.643674
0.652059
0.657814
0.660142
0.658603
0.6532
0.644363
0.632811
0.619633
0.606112
0.593628
0.583496
0.576784
0.574181
0.576
0.581988
0.591452
0.603259
0.616067
0.628433
0.638965
0.646502
0.650247
0.649758
0.645056
0.636628
0.625515
0.61318
0.601248
0.591269
0.584463
0.581393
0.582073
0.586072
0.592718
0.60126
0.610887
0.620743
0.629844
0.637152
0.641764
0.642893
0.640111
0.633467
0.623562
0.611386
0.598153
0.585215
0.573892
0.565322
0.560262
0.558895
0.560769
0.564976
0.570355
0.575827
0.580648
0.584477
0.587401
0.589856
0.592543
0.596152
0.601274
0.608221
0.61691
0.626947
0.637612
0.648064
0.657454
0.665114
0.670646
0.673948
0.67511
0.674388
0.672126
0.668726
0.664544
0.659886
0.654929
0.649692
0.644119
0.638096
0.631602
0.624561
0.616951
0.608776
0.600152
0.59141
0.583076
0.575953
0.570807
0.568178
0.568272
0.570999
0.576024
0.582881
0.591054
0.600039
0.60928
0.618202
0.626174
0.63259
0.636956
0.638944
0.638458
0.635678
0.631131
0.625551
0.619859
0.614923
0.611358
0.609422
0.608983
0.609721
0.611223
0.61305
0.614849
0.616296
0.617185
0.617326
0.616559
0.614774
0.611891
0.607849
0.602616
0.596328
0.589281
0.581976
0.575092
0.569389
0.565441
0.563632
0.563962
0.566085
0.569414
0.573302
0.577201
0.580838
0.584293
0.587983
0.59246
0.598227
0.60553
0.614265
0.623926
0.633748
0.642828
0.650405
0.656007
0.659534
0.661316
0.661965
0.662179
0.662659
0.663793
0.665569
0.667605
0.669165
0.669317
0.667113
0.661846
0.653224
0.641451
0.627232
0.611519
0.595465
0.58017
0.566647
0.555778
0.548199
0.544354
0.544471
0.548513
0.556173
0.566896
0.579902
0.594251
0.60887
0.622594
0.634298
0.643033
0.648111
0.64924
0.646638
0.641005
0.633343
0.624865
0.616814
0.610301
0.606162
0.604805
0.606221
0.610037
0.615491
0.621669
0.627562
0.632263
0.634967
0.635027
0.632027
0.62584
0.616628
0.604911
0.591597
0.577945
0.565365
0.555303
0.548971
0.547199
0.550422
0.558549
0.570968
0.586658
0.60431
0.622408
0.639511
0.654276
0.665692
0.672997
0.675799
0.674083
0.668289
0.659292
0.648379
0.637092
0.626865
0.61885
0.613661
0.611326
0.611468
0.613457
0.616645
0.620504
0.624594
0.628461
0.631563
0.633134
0.632317
0.628286
0.620533
0.609118
0.594837
0.57934
0.565024
0.55461
0.55065
0.554624
0.566405
0.584163
0.604887
0.625256
0.642437
0.654639
0.661252
0.662565
0.659689
0.654031
0.647226
0.640797
0.635957
0.633433
0.633307
0.635074
0.63772
0.640039
0.640838
0.639283
0.635031
0.628225
0.619327
0.609061
0.598207
0.587559
0.577857
0.56972
0.563688
0.560158
0.559365
0.561441
0.566392
0.57411
0.584235
0.596185
0.609051
0.621792
0.633349
0.642767
0.649444
0.653186
0.654295
0.653416
0.651255
0.648366
0.645104
0.641563
0.637741
0.633679
0.629442
0.625132
0.620793
0.61651
0.61232
0.608287
0.604519
0.601126
0.59831
0.596239
0.595072
0.594944
0.595967
0.598212
0.60156
0.605734
0.610277
0.614572
0.617931
0.619662
0.619209
0.616117
0.610223
0.601753
0.591343
0.579984
0.568908
0.559403
0.552483
0.548931
0.549072
0.552865
0.559935
0.569757
0.581648
0.594796
0.608378
0.621538
0.633401
0.643172
0.650227
0.654183
0.654988
0.652828
0.648249
0.642134
0.635526
0.629561
0.625324
0.623504
0.624366
0.627727
0.632954
0.639203
0.645463
0.650739
0.654111
0.654972
0.653009
0.648351
0.641577
0.633646
0.625669
0.618593
0.61298
0.608825
0.605694
0.602988
0.60018
0.597003
0.593628
0.590508
0.588182
0.587161
0.587695
0.589717
0.592805
0.596374
0.599704
0.602132
0.603229
0.602898
0.601404
0.59927
0.597155
0.595611
0.594724
0.594225
0.593601
0.592404
0.590454
0.587852
0.585015
0.582435
0.580685
0.580281
0.581648
0.585035
0.590534
0.598084
0.607453
0.618286
0.630072
0.642209
0.653928
0.664421
0.672784
0.678173
0.679932
0.677666
0.671379
0.661496
0.648831
0.63441
0.619329
0.604677
0.59144
0.580501
0.572604
0.568265
0.567655
0.570648
0.576892
0.585996
0.597498
0.611027
0.626078
0.641869
0.657186
0.67061
0.680837
0.68698
0.688706
0.686272
0.680276
0.671645
0.661442
0.650762
0.640474
0.631149
0.622999
0.615947
0.609556
0.60337
0.596887
0.589732
0.581697
0.57278
0.563266
0.553768
0.545022
0.537964
0.53349
1.18964
1.16637
1.1321
1.08893
1.03944
0.986657
0.934324
0.886546
0.847406
0.820191
0.806766
0.807302
0.82023
0.842744
0.871374
0.902588
0.933182
0.960641
0.983316
1.00056
1.01278
1.02108
1.02657
1.02964
1.02969
1.02572
1.0172
1.00449
0.988928
0.972517
0.957554
0.946055
0.939327
0.937726
0.940643
0.946716
0.954251
0.961634
0.967563
0.971099
0.971709
0.969214
0.96381
0.955979
0.946524
0.936693
0.928469
0.924381
0.926767
0.936535
0.952577
0.971989
0.991287
1.00753
1.01918
1.02611
1.02914
1.02921
1.02683
1.02218
1.0151
1.00539
0.993007
0.978299
0.961993
0.945116
0.928822
0.914195
0.902091
0.893322
0.888731
0.889046
0.894398
0.903996
0.916081
0.92827
0.93822
0.944394
0.946678
0.946615
0.946978
0.950411
0.958043
0.969124
0.981836
0.994559
1.00627
1.01623
1.02338
1.02671
1.02563
1.02045
1.01225
1.00249
0.992568
0.983676
0.976644
0.971992
0.969971
0.970391
0.972678
0.975887
0.978771
0.980071
0.978697
0.974011
0.965898
0.955073
0.942911
0.931209
0.921973
0.91703
0.917799
0.924968
0.938221
0.95615
0.97658
0.996817
1.0142
1.02649
1.0322
1.03074
1.02262
1.0094
0.993231
0.976432
0.960937
0.947889
0.937758
0.930606
0.926396
0.925304
0.927721
0.934097
0.944566
0.958672
0.975037
0.99147
1.00541
1.01447
1.01706
1.01263
1.00159
0.985286
0.965754
0.945523
0.927241
0.913426
0.905852
0.904847
0.909276
0.917119
0.926479
0.936131
0.945657
0.95508
0.964272
0.97275
0.979841
0.985096
0.988476
0.990407
0.991401
0.99183
0.991732
0.990778
0.988328
0.983744
0.976883
0.968233
0.958941
0.950573
0.944694
0.942512
0.94446
0.949909
0.957434
0.965254
0.972004
0.977258
0.981339
0.984745
0.987696
0.990128
0.991773
0.992578
0.992747
0.992771
0.993315
0.995001
0.99827
1.00293
1.00781
1.01118
1.01127
1.00691
0.997858
0.984701
0.968586
0.950967
0.933231
0.916575
0.901953
0.89031
0.88251
0.879485
0.882077
0.890792
0.905333
0.924488
0.946105
0.967365
0.985545
0.998506
1.00525
1.00606
1.00231
0.99605
0.989127
0.982975
0.978395
0.975525
0.974294
0.974402
0.97558
0.977706
0.980565
0.983781
0.986799
0.989362
0.99172
0.994551
0.998647
1.00425
1.01059
1.01606
1.01889
1.01771
1.01216
1.00279
0.990911
0.978191
0.966136
0.955835
0.947731
0.941612
0.936856
0.93272
0.928766
0.92499
0.921734
0.919538
0.91904
0.921007
0.925945
0.933769
0.943233
0.952181
0.958203
0.959747
0.956554
0.949559
0.940465
0.931177
0.923364
0.918163
0.916319
0.918233
0.92391
0.933008
0.944812
0.958348
0.972423
0.985821
0.997555
1.00697
1.01389
1.01839
1.02064
1.02082
1.0191
1.01583
1.01169
1.00756
1.00425
1.00205
1.00047
0.998338
0.994041
0.986183
0.974159
0.958445
0.940652
0.923251
0.908787
0.899263
0.895805
0.898273
0.905423
0.915361
0.926022
0.93562
0.942874
0.947176
0.948468
0.947056
0.943459
0.938228
0.931964
0.925328
0.919021
0.913926
0.910961
0.911018
0.914854
0.922832
0.934826
0.94995
0.966643
0.982835
0.996234
1.00495
1.00794
1.00547
0.999163
0.991376
0.984488
0.980075
0.978393
0.978506
0.97873
0.977212
0.97255
0.964158
0.952683
0.93997
0.928639
0.921419
0.920197
0.9256
0.937008
0.95302
0.971764
0.991398
1.01031
1.02733
1.04174
1.05302
1.06058
1.06399
1.063
1.05806
1.05018
1.04018
1.02819
1.01375
0.996418
0.976606
0.955667
0.935246
0.916471
0.899675
0.884811
0.872265
0.863005
0.858326
0.859123
0.865375
0.876239
0.89053
0.907247
0.925637
0.944983
0.964213
0.982001
0.996808
1.00738
1.0131
1.01414
1.01153
1.00677
1.00139
0.996556
0.99318
0.99178
0.992357
0.994251
0.99642
0.997739
0.997411
0.995161
0.99115
0.985563
0.978412
0.96958
0.959081
0.94724
0.935059
0.924039
0.915796
0.911554
0.911717
0.915742
0.922175
0.929044
0.934503
0.937482
0.93795
0.936773
0.935214
0.934422
0.935069
0.937315
0.941034
0.945937
0.951915
0.958914
0.966787
0.975048
0.982886
0.989338
0.993637
0.995272
0.994189
0.990437
0.984205
0.97572
0.965459
0.954479
0.94435
0.936798
0.93308
0.933436
0.937151
0.943082
0.950298
0.958289
0.966965
0.976421
0.986608
0.997008
1.0066
1.01402
1.01794
1.0174
1.01219
1.0033
0.99315
0.985334
0.983251
0.98812
0.997876
1.00832
1.01565
1.018
1.01519
1.008
0.997408
0.984217
0.969122
0.952782
0.936013
0.919804
0.905375
0.893942
0.886694
0.884521
0.887803
0.896171
0.908441
0.922872
0.937726
0.951747
0.964465
0.975907
0.986381
0.996067
1.00472
1.0116
1.01566
1.01579
1.01105
1.00089
0.985533
0.966037
0.944335
0.922827
0.904003
0.889917
0.882085
0.881327
0.88777
0.900873
0.919239
0.940793
0.963133
0.983823
1.00083
1.01284
1.01932
1.02053
1.01746
1.0115
1.00423
0.997214
0.991788
0.989008
0.989481
0.993202
0.99945
1.00687
1.01384
1.01875
1.0204
1.01825
1.0125
1.0038
0.993019
0.980937
0.968021
0.954611
0.941159
0.928367
0.917046
0.907753
0.900499
0.894719
0.889673
0.884911
0.880713
0.878123
0.878681
0.883881
0.894507
0.910469
0.930838
0.954154
0.978833
1.0033
1.02597
1.04521
1.05947
1.06729
1.06771
1.06049
1.04613
1.02596
1.00179
0.975463
0.948893
0.923699
0.901241
0.882643
0.868851
0.86054
0.858008
0.861016
0.868729
0.879902
0.893138
0.907082
0.920681
0.933335
0.944807
0.955204
0.964753
0.97369
0.981949
0.989215
0.99495
0.998514
0.999329
0.997158
0.992138
0.984964
0.976824
0.969578
0.965334
0.965926
0.972173
0.983566
0.998422
1.01435
1.02888
1.03987
1.04565
1.04512
1.03793
1.02455
1.00634
0.985347
0.963917
0.944544
0.929378
0.920006
0.917254
0.921006
0.930099
0.942533
0.955828
0.967516
0.975503
0.978455
0.976007
0.96867
0.957728
0.944852
0.931762
0.919871
0.910186
0.903256
0.899353
0.898853
0.902406
0.910675
0.924049
0.942163
0.963586
0.986056
1.00682
1.02339
1.03416
1.03864
1.03748
1.03199
1.0236
1.01304
1.00025
0.984785
0.966744
0.94699
0.927216
0.909565
0.896342
0.889483
0.890065
0.897844
0.911404
0.928865
0.948483
0.968906
0.9888
1.00644
1.01986
1.02705
1.0265
1.0178
1.00209
0.982009
0.961141
0.943257
0.931094
0.925652
0.92617
0.930705
0.937094
0.943647
0.949561
0.95483
0.959953
0.965647
0.972371
0.979941
0.987599
0.994129
0.998236
0.998983
0.996149
0.990271
0.982371
0.973461
0.964443
0.955798
0.947612
0.93982
0.932454
0.925695
0.920086
0.916378
0.915551
0.918457
0.925625
0.937093
0.95222
0.96971
0.987871
1.00494
1.01924
1.02928
1.03385
1.03216
1.02399
1.00994
0.991481
0.970999
0.951587
0.93647
0.92816
0.927845
0.93507
0.947916
0.963747
0.979882
0.994364
1.00614
1.01488
1.02057
1.023
1.02182
1.01661
1.00725
0.994106
0.978195
0.961078
0.944738
0.931331
0.922814
0.920367
0.924105
0.933014
0.945406
0.959401
0.973458
0.986486
0.99794
1.0074
1.01438
1.01824
1.01837
1.01431
1.00588
0.993197
0.976493
0.956236
0.933155
0.908569
0.88444
0.863255
0.847711
0.840249
0.842487
0.854795
0.876248
0.904796
0.937766
0.972319
1.0058
1.03591
1.06074
1.07902
1.09
1.09349
1.08987
1.07976
1.06404
1.04384
1.02047
0.995551
0.970876
0.948123
0.928384
0.912163
0.899538
0.890549
0.8852
0.883516
0.885173
0.889455
0.895226
0.901171
0.90607
0.909188
0.910337
0.909935
0.908803
0.90792
0.908074
0.909851
0.913525
0.919107
0.926468
0.935245
0.945049
0.955384
0.96572
0.975552
0.984354
0.991734
0.997335
1.0009
1.00215
1.00081
0.996878
0.990763
0.983447
0.976231
0.969954
0.96449
0.959001
0.952859
0.946429
0.941072
0.938511
0.939886
0.945251
0.953663
0.963797
0.974381
0.984393
0.993074
0.999891
1.00443
1.00635
1.00559
1.00229
0.996873
0.990013
0.982641
0.97576
0.970303
0.966931
0.965994
0.967356
0.970607
0.975116
0.980161
0.985081
0.989365
0.992626
0.994471
0.994452
0.9921
0.986989
0.978846
0.967648
0.953848
0.938454
0.923005
0.909442
0.899783
0.895608
0.897579
0.904941
0.915465
0.925805
0.932289
0.931886
0.923094
0.906342
0.883995
0.859835
0.838196
0.823012
0.816892
0.820714
0.833776
0.854445
0.880647
0.910148
0.940763
0.970426
0.997277
1.01979
1.03686
1.04798
1.05312
1.05304
1.04893
1.04239
1.03501
1.02791
1.02146
1.01518
1.00808
0.999334
0.988693
0.977024
0.966419
0.95945
0.958142
0.96315
0.973604
0.98771
1.00355
1.01952
1.03445
1.04745
1.05783
1.06508
1.06871
1.06835
1.06383
1.05495
1.04158
1.02341
0.999935
0.970819
0.936654
0.899379
0.862164
0.828661
0.801988
0.784163
0.775992
0.777211
0.786896
0.803801
0.826556
0.853834
0.884237
0.916214
0.948088
0.977985
1.00412
1.02501
1.03965
1.04763
1.04913
1.04491
1.03617
1.02439
1.01111
0.997871
0.986163
0.977261
0.972099
0.971176
0.974432
0.981272
0.990458
1.00043
1.00968
1.01682
1.02091
1.0215
1.01851
1.01222
1.00306
0.991693
0.978815
0.965209
0.951657
0.938934
0.927775
0.918956
0.913191
0.911089
0.913073
0.919425
0.930317
0.945502
0.964153
0.98463
1.0047
1.02182
1.03366
1.0386
1.03612
1.02691
1.01288
0.996652
0.980904
0.967739
0.958142
0.951847
0.947774
0.944679
0.941858
0.93929
0.937519
0.937194
0.93865
0.941684
0.945542
0.949113
0.951196
0.950775
0.947307
0.941003
0.93286
0.924424
0.917469
0.913496
0.913276
0.916646
0.922643
0.929724
0.936462
0.941935
0.946009
0.949299
0.953056
0.958897
0.968102
0.980887
0.995997
1.01088
1.02257
1.02889
1.02927
1.18323
1.15948
1.13414
1.1117
1.0953
1.08638
1.08466
1.08847
1.09531
1.10252
1.10753
1.10813
1.10285
1.09134
1.07451
1.05419
1.03246
1.01095
0.99096
0.973701
0.960529
0.952771
0.951358
0.956531
0.967562
0.982909
1.00057
1.01833
1.03424
1.047
1.05647
1.06367
1.0705
1.07908
1.09071
1.10525
1.12104
1.13531
1.14505
1.14802
1.14347
1.13227
1.1167
1.0998
1.08427
1.07202
1.06361
1.05847
1.05546
1.05347
1.05155
1.0488
1.04436
1.03757
1.02821
1.01656
1.00367
0.991359
0.982248
0.979171
0.984162
0.997295
1.01625
1.03686
1.05457
1.06589
1.06932
1.06561
1.05722
1.04728
1.03864
1.03314
1.0314
1.03288
1.03638
1.04058
1.04472
1.04893
1.05432
1.06232
1.0737
1.08781
1.10255
1.11513
1.1229
1.12419
1.11868
1.10739
1.09243
1.0766
1.06281
1.05319
1.04844
1.04765
1.04894
1.05025
1.05008
1.04793
1.04406
1.03921
1.0344
1.03111
1.03104
1.03574
1.04568
1.05977
1.07543
1.08906
1.09723
1.0975
1.08913
1.0733
1.05285
1.03145
1.01275
0.999645
0.993806
0.995731
1.00492
1.02007
1.03928
1.06031
1.08094
1.09919
1.11357
1.12309
1.12727
1.12576
1.11845
1.10538
1.08689
1.0638
1.03755
1.01028
0.984784
0.96423
0.951672
0.949026
0.956127
0.97056
0.988581
1.00669
1.02246
1.03482
1.04386
1.05049
1.05611
1.06241
1.07086
1.08234
1.0968
1.11329
1.13023
1.14577
1.15816
1.16615
1.16904
1.16669
1.15967
1.14904
1.13614
1.12227
1.10895
1.09785
1.09076
1.08866
1.09107
1.09563
1.09907
1.09843
1.092
1.07968
1.06263
1.04274
1.02187
1.0015
0.982454
0.96516
0.949992
0.937709
0.929518
0.927055
0.931739
0.943795
0.961778
0.982924
1.00433
1.02393
1.04087
1.05521
1.06739
1.07781
1.0864
1.09245
1.095
1.09341
1.08819
1.08132
1.07605
1.07578
1.08257
1.09608
1.11389
1.13235
1.14776
1.15719
1.15898
1.15285
1.13976
1.12135
1.09953
1.07575
1.05088
1.02574
1.00165
0.980684
0.965419
0.95787
0.958984
0.968529
0.985291
1.00734
1.03205
1.05636
1.07723
1.09261
1.1019
1.10603
1.10687
1.10663
1.10711
1.10929
1.11317
1.11777
1.12138
1.12177
1.1171
1.10612
1.08878
1.06627
1.04065
1.01451
0.990362
0.970553
0.956775
0.949981
0.950221
0.956795
0.968476
0.983716
1.00092
1.01861
1.03552
1.05085
1.06449
1.07695
1.08913
1.10175
1.1148
1.12742
1.13822
1.14565
1.14843
1.14589
1.13799
1.12541
1.10981
1.09375
1.08001
1.07072
1.06662
1.06688
1.06944
1.07166
1.07102
1.06567
1.05486
1.03896
1.0192
0.997197
0.974839
0.95428
0.938043
0.928802
0.928889
0.939588
0.960685
0.990203
1.02469
1.05986
1.09172
1.11697
1.13358
1.14084
1.13929
1.13021
1.11531
1.09638
1.0751
1.05301
1.03167
1.01277
0.998029
0.988947
0.986489
0.991099
1.00282
1.02137
1.04605
1.07551
1.10769
1.13983
1.16891
1.19189
1.20632
1.21037
1.20305
1.18413
1.15411
1.11454
1.06813
1.01882
0.971549
0.931617
0.903833
0.891147
0.893642
0.908305
0.929886
0.952507
0.971185
0.982705
0.986106
0.982455
0.974552
0.96628
0.961937
0.965105
0.977871
1.00017
1.02996
1.064
1.09861
1.13039
1.15658
1.17502
1.18418
1.18316
1.17211
1.15304
1.12997
1.1079
1.0907
1.07974
1.0744
1.07363
1.07692
1.08416
1.0951
1.10874
1.12308
1.13524
1.14211
1.1412
1.13153
1.11381
1.09034
1.06433
1.03908
1.01755
1.00202
0.993872
0.993457
1.00018
1.01248
1.02827
1.04536
1.06177
1.07607
1.08748
1.09568
1.10064
1.10235
1.10067
1.09567
1.08763
1.07722
1.06529
1.05255
1.03925
1.02513
1.00963
0.992445
0.97395
0.955422
0.93872
0.925782
0.918153
0.916588
0.921077
0.930976
0.945323
0.963007
0.982858
1.00375
1.0244
1.04333
1.05898
1.06998
1.07563
1.07615
1.07266
1.0669
1.06055
1.05493
1.05056
1.04748
1.04543
1.0441
1.04317
1.04233
1.04126
1.0398
1.03813
1.03682
1.03676
1.03882
1.04358
1.05115
1.06083
1.07121
1.0805
1.0869
1.08911
1.08657
1.07977
1.0698
1.05845
1.04782
1.03989
1.03629
1.03773
1.04378
1.05252
1.06113
1.06675
1.06755
1.06316
1.05456
1.04363
1.03264
1.02367
1.01843
1.01808
1.02333
1.0345
1.05138
1.07278
1.09635
1.11899
1.138
1.15162
1.15917
1.16049
1.15566
1.14473
1.12818
1.10728
1.08405
1.06085
1.03988
1.02283
1.01041
1.00235
0.99752
0.994254
0.990793
0.985853
0.979126
0.971511
0.964811
0.96128
0.962749
0.970171
0.983378
1.00103
1.021
1.04078
1.05787
1.07019
1.07641
1.07621
1.0702
1.05986
1.04732
1.03518
1.02635
1.02368
1.02931
1.0439
1.06625
1.09347
1.12165
1.14694
1.16619
1.17732
1.1793
1.172
1.15603
1.13276
1.10446
1.07437
1.04606
1.02283
1.00687
0.998918
0.998314
1.00341
1.01202
1.02192
1.03137
1.03931
1.0454
1.0497
1.05234
1.0533
1.05246
1.04994
1.04634
1.04279
1.04083
1.0419
1.04697
1.05616
1.06875
1.08329
1.09804
1.1114
1.12208
1.1293
1.13257
1.13171
1.12665
1.1175
1.10483
1.0898
1.07417
1.05977
1.04805
1.03946
1.0333
1.02804
1.02183
1.01318
1.00138
0.986672
0.970165
0.953428
0.938328
0.927129
0.922527
0.92762
0.945058
0.975868
1.01822
1.06723
1.11597
1.15753
1.18676
1.20112
1.20057
1.18738
1.16525
1.13877
1.11255
1.09055
1.07544
1.06839
1.06879
1.0745
1.08237
1.08878
1.0906
1.0859
1.07432
1.05691
1.03586
1.01395
0.994008
0.978694
0.969977
0.969115
0.976258
0.990227
1.00832
1.02663
1.04099
1.04809
1.04642
1.03652
1.021
1.00378
0.98909
0.98039
0.979466
0.986292
0.99951
1.01733
1.03811
1.06032
1.08239
1.10252
1.11885
1.13001
1.13541
1.13539
1.13108
1.12364
1.11425
1.1037
1.09239
1.08034
1.06742
1.05333
1.03779
1.02054
1.00156
0.981518
0.962021
0.945787
0.936038
0.935321
0.944352
0.961569
0.983597
1.0064
1.02634
1.04093
1.04942
1.05289
1.05342
1.05308
1.05324
1.0542
1.05566
1.0573
1.05907
1.06128
1.06441
1.06874
1.07394
1.07903
1.08261
1.08352
1.08138
1.07692
1.07161
1.0669
1.06342
1.06107
1.05945
1.05839
1.05819
1.05918
1.06136
1.06403
1.06578
1.06506
1.06061
1.05202
1.03971
1.02498
1.00963
0.995634
0.984752
0.978251
0.976796
0.980497
0.989106
1.00196
1.01791
1.03529
1.05221
1.06675
1.07748
1.08356
1.08478
1.08161
1.07523
1.0678
1.0622
1.06158
1.06815
1.08197
1.10085
1.12126
1.13957
1.15303
1.15992
1.15941
1.15163
1.13767
1.11923
1.0983
1.07677
1.05607
1.03729
1.02146
1.00976
1.00331
1.0027
1.00761
1.01666
1.02786
1.03932
1.04982
1.05902
1.06702
1.07389
1.07927
1.0824
1.0823
1.0781
1.06933
1.05599
1.03886
1.01947
1.0001
0.983704
0.973374
0.971338
0.97816
0.992363
1.01098
1.03066
1.04852
1.06253
1.07165
1.07584
1.07576
1.07276
1.06839
1.06426
1.06148
1.06049
1.06102
1.06244
1.0641
1.06546
1.06596
1.06501
1.062
1.05652
1.04878
1.03965
1.03078
1.02409
1.02122
1.02301
1.02912
1.03824
1.04851
1.05827
1.06706
1.07573
1.0858
1.09814
1.11201
1.1249
1.13355
1.1354
1.12979
1.11841
1.10461
1.09205
1.08336
1.07937
1.07926
1.08115
1.08292
1.08273
1.07955
1.07299
1.06343
1.05154
1.03808
1.02385
1.00964
0.996678
0.986653
0.981367
0.981999
0.988594
1.00001
1.01403
1.02787
1.03872
1.04449
1.0442
1.03812
1.02758
1.01454
1.00113
0.989482
0.981737
0.979909
0.985493
0.998992
1.01951
1.04477
1.07155
1.0964
1.11653
1.13014
1.13643
1.13554
1.12833
1.11599
1.10008
1.08229
1.06445
1.04837
1.03577
1.0281
1.02627
1.03028
1.03907
1.05079
1.0632
1.07447
1.08335
1.08935
1.09262
1.09363
1.09285
1.0906
1.08708
1.0821
1.07532
1.06644
1.05545
1.04292
1.02985
1.01739
1.00658
0.998227
0.992896
0.99097
0.992715
0.997913
1.00578
1.015
1.02418
1.03231
1.03908
1.04482
1.05033
1.05661
1.06448
1.07426
1.08574
1.09819
1.11048
1.12125
1.12924
1.13341
1.13312
1.12808
1.11871
1.106
1.09143
1.07671
1.06343
1.05272
1.04502
1.04009
1.03711
1.03515
1.03344
1.03165
1.02987
1.02857
1.02829
1.02956
1.03275
1.03812
1.0458
1.05553
1.06659
1.07761
1.08689
1.0928
1.09413
1.09024
1.08142
1.06901
1.05522
1.04271
1.03384
1.03008
1.03148
1.03677
1.04386
1.0505
1.05505
1.05716
1.05757
1.05765
1.05855
1.06064
1.06357
1.06656
1.06889
1.07034
1.07097
1.07115
1.0712
1.07148
1.07232
1.074
1.07692
1.08124
1.08673
1.09263
1.09759
1.0998
1.09727
1.0884
1.07239
1.04972
1.02215
0.992329
0.963258
0.937812
0.918287
0.906288
0.902758
0.907837
0.92078
0.939864
0.962944
0.988224
1.01481
1.04268
1.07183
1.10133
1.12899
1.1522
1.16913
1.17916
1.1827
1.18067
1.17381
1.1627
1.14792
1.13016
1.11052
1.09065
1.07264
1.05861
1.04994
1.04689
1.04872
1.0542
1.06219
1.07161
1.08119
1.08948
1.09474
1.09532
1.09012
1.0788
1.06208
1.0418
1.02092
1.00286
0.990787
0.986732
0.990909
1.00193
1.01753
1.03511
1.05233
1.06724
1.07817
1.08373
1.08294
1.07555
1.06224
1.04504
1.02711
1.01225
1.00379
1.00392
1.01296
1.02938
1.05023
1.07207
1.09174
1.10676
1.20313
1.20029
1.19156
1.17768
1.15961
1.13849
1.11572
1.09292
1.07182
1.05413
1.04121
1.03378
1.03158
1.03371
1.03921
1.04739
1.05728
1.06759
1.07659
1.08286
1.08573
1.08559
1.08391
1.08287
1.08478
1.09118
1.10231
1.11674
1.1323
1.14734
1.16137
1.17489
1.1887
1.20302
1.21717
1.22951
1.23808
1.24117
1.23773
1.22751
1.21087
1.18874
1.16252
1.13409
1.10571
1.07981
1.05822
1.04192
1.03076
1.02393
1.02052
1.0198
1.02118
1.02398
1.02746
1.03066
1.0327
1.03309
1.03205
1.03062
1.03048
1.03339
1.04064
1.05254
1.06835
1.08648
1.10495
1.1219
1.13599
1.14647
1.15311
1.1562
1.1563
1.15402
1.14977
1.1436
1.13535
1.12484
1.1118
1.09626
1.07869
1.06041
1.04393
1.03285
1.03081
1.03969
1.05825
1.08242
1.1069
1.1268
1.13868
1.14096
1.13386
1.11923
1.10026
1.08084
1.06466
1.05452
1.05165
1.05574
1.06547
1.07913
1.09518
1.11233
1.12954
1.14606
1.16156
1.17586
1.18887
1.20033
1.20983
1.21674
1.22062
1.22124
1.21855
1.21258
1.2034
1.19088
1.17476
1.15504
1.13255
1.10911
1.08718
1.069
1.05574
1.04728
1.04231
1.03894
1.03525
1.02981
1.02184
1.01139
0.999235
0.986921
0.976438
0.969761
0.96843
0.973273
0.984577
1.00249
1.02708
1.05795
1.09389
1.13242
1.16998
1.2028
1.22764
1.24233
1.24616
1.23972
1.22461
1.20319
1.1783
1.153
1.13008
1.11147
1.09795
1.08927
1.0846
1.08307
1.08412
1.08734
1.09221
1.09781
1.10296
1.10637
1.10695
1.10423
1.09852
1.09087
1.0829
1.07634
1.07258
1.07207
1.07423
1.07765
1.08072
1.08239
1.08254
1.08199
1.08177
1.08229
1.08296
1.08265
1.08043
1.07648
1.07233
1.0704
1.07292
1.08089
1.09336
1.10767
1.12064
1.12957
1.13296
1.13068
1.12386
1.11453
1.1053
1.09864
1.09654
1.10017
1.10964
1.12388
1.14097
1.15844
1.17386
1.1851
1.19089
1.19093
1.18597
1.17736
1.16648
1.15456
1.14269
1.13202
1.1234
1.11729
1.11353
1.11155
1.11058
1.10967
1.1079
1.10434
1.09844
1.0901
1.07965
1.06764
1.05488
1.04256
1.0323
1.02589
1.02492
1.03023
1.04133
1.05644
1.07295
1.0881
1.09951
1.10565
1.1059
1.10061
1.09099
1.07906
1.06739
1.05881
1.05598
1.06092
1.07457
1.09633
1.12414
1.15492
1.18531
1.21227
1.23361
1.24795
1.2545
1.25283
1.24261
1.2235
1.19555
1.15996
1.12007
1.08143
1.0503
1.03058
1.02228
1.0227
1.02847
1.03684
1.04574
1.0536
1.05956
1.06365
1.06688
1.07103
1.07802
1.08917
1.10459
1.12287
1.14147
1.15736
1.16772
1.17034
1.16385
1.14783
1.12318
1.09261
1.06103
1.03464
1.01867
1.01495
1.02145
1.03457
1.05151
1.07132
1.09421
1.11992
1.14673
1.17147
1.19045
1.20035
1.19906
1.1859
1.16162
1.12852
1.0904
1.05207
1.01864
0.994549
0.982485
0.982864
0.993869
1.0122
1.0342
1.05662
1.07719
1.09473
1.10903
1.12078
1.13102
1.14081
1.1509
1.16163
1.17263
1.1829
1.19106
1.19573
1.19585
1.19101
1.18117
1.16678
1.14883
1.12861
1.10773
1.08799
1.07127
1.05946
1.05416
1.05646
1.06653
1.08321
1.10414
1.12621
1.14632
1.16183
1.17098
1.17257
1.16589
1.15075
1.12747
1.09698
1.06106
1.02251
0.985098
0.95315
0.930643
0.920314
0.923079
0.93809
0.963305
0.996083
1.0337
1.07336
1.11239
1.14835
1.17917
1.20336
1.2198
1.22773
1.22668
1.21677
1.19887
1.17489
1.14732
1.11913
1.09348
1.07334
1.06121
1.05852
1.06534
1.08004
1.0994
1.11917
1.1353
1.14498
1.14731
1.14351
1.13625
1.12879
1.12381
1.12268
1.12522
1.12993
1.135
1.13893
1.14087
1.14043
1.13738
1.13129
1.12188
1.10939
1.09502
1.0809
1.06948
1.06264
1.06105
1.06385
1.06915
1.07486
1.07925
1.08135
1.08106
1.0788
1.07533
1.07142
1.06765
1.06432
1.06175
1.06027
1.06019
1.0618
1.06552
1.07187
1.08171
1.09598
1.11488
1.13726
1.16022
1.1801
1.19315
1.1964
1.18809
1.16768
1.13629
1.0971
1.05522
1.01712
0.989306
0.976564
0.980607
0.999695
1.02951
1.06465
1.10001
1.13171
1.15729
1.17572
1.18721
1.19278
1.19386
1.19173
1.1872
1.18028
1.17089
1.15943
1.14719
1.13604
1.12777
1.12324
1.12223
1.12363
1.126
1.12805
1.12884
1.12762
1.12403
1.11798
1.10964
1.09937
1.08751
1.07452
1.06125
1.04909
1.0397
1.03467
1.03526
1.04236
1.05638
1.07673
1.10134
1.1264
1.14707
1.15912
1.16004
1.14978
1.13054
1.10592
1.08041
1.05823
1.04255
1.03491
1.03506
1.0412
1.05098
1.06251
1.07501
1.08846
1.10317
1.11904
1.13503
1.14921
1.15915
1.16286
1.15941
1.14941
1.13503
1.11941
1.10582
1.09682
1.09364
1.096
1.10256
1.11164
1.12176
1.13206
1.14207
1.15148
1.15977
1.16595
1.16868
1.16655
1.15846
1.14387
1.12315
1.09784
1.07071
1.04538
1.02561
1.01449
1.01367
1.02286
1.03964
1.06015
1.08011
1.09602
1.106
1.11013
1.11034
1.10966
1.11122
1.11722
1.12839
1.14377
1.16123
1.17812
1.19179
1.20007
1.20147
1.19525
1.18147
1.16121
1.13638
1.10976
1.08456
1.06391
1.05011
1.04432
1.04629
1.05462
1.06713
1.08144
1.0953
1.10702
1.11551
1.12022
1.12111
1.11859
1.11347
1.10678
1.09956
1.09275
1.08684
1.08208
1.07824
1.07488
1.07125
1.06673
1.06132
1.05601
1.05285
1.05454
1.0633
1.07969
1.10197
1.12678
1.15056
1.1707
1.1859
1.19578
1.20029
1.19927
1.19268
1.18064
1.16368
1.14291
1.1202
1.09806
1.07926
1.06609
1.05934
1.0579
1.05913
1.06025
1.05959
1.05718
1.05462
1.05394
1.05668
1.06343
1.07411
1.08829
1.10543
1.12477
1.14507
1.16455
1.181
1.19232
1.19696
1.19414
1.18399
1.16762
1.14685
1.12388
1.10104
1.08034
1.0633
1.05106
1.04462
1.04485
1.0522
1.06611
1.08447
1.10356
1.11915
1.12779
1.12757
1.11843
1.10188
1.08062
1.05829
1.03861
1.02479
1.01881
1.02096
1.02999
1.04358
1.05903
1.07381
1.08591
1.09419
1.09837
1.09906
1.0978
1.09656
1.09693
1.09952
1.10391
1.109
1.1139
1.11833
1.12274
1.12785
1.13403
1.14095
1.14792
1.15438
1.16029
1.16598
1.17156
1.17644
1.179
1.177
1.16845
1.15222
1.12862
1.09924
1.06671
1.03417
1.00457
0.980316
0.963261
0.954701
0.955481
0.966178
0.986889
1.01709
1.05502
1.09766
1.14089
1.18029
1.21186
1.23271
1.24156
1.2389
1.22697
1.20936
1.19022
1.17319
1.16045
1.15247
1.1482
1.14572
1.14294
1.1379
1.12891
1.11513
1.09683
1.07562
1.05436
1.03622
1.02367
1.01758
1.0173
1.02144
1.02884
1.03915
1.05263
1.06941
1.08867
1.10843
1.12608
1.13944
1.1475
1.15077
1.15091
1.1501
1.15017
1.15213
1.15626
1.1624
1.17004
1.17782
1.18316
1.183
1.17523
1.15994
1.13935
1.11706
1.09693
1.08176
1.07259
1.06875
1.06863
1.07044
1.07283
1.07483
1.07571
1.0744
1.06961
1.06029
1.0461
1.02796
1.00787
0.988589
0.972883
0.963154
0.960887
0.966372
0.978636
0.995757
1.01534
1.03504
1.05308
1.06841
1.08072
1.09043
1.09829
1.10528
1.11221
1.11959
1.12751
1.13566
1.14358
1.15082
1.15723
1.16298
1.16825
1.17318
1.17751
1.18072
1.18233
1.18227
1.18084
1.17828
1.17443
1.16871
1.16028
1.1487
1.13419
1.1176
1.09999
1.08227
1.06507
1.04885
1.03425
1.02225
1.01417
1.01141
1.01481
1.02429
1.03875
1.05634
1.07502
1.09306
1.10931
1.1232
1.13472
1.14399
1.15115
1.1562
1.15896
1.15898
1.15546
1.14753
1.13464
1.11691
1.09548
1.07237
1.05006
1.03105
1.01744
1.01063
1.01121
1.01896
1.03281
1.05108
1.07171
1.09266
1.11227
1.12928
1.14293
1.15283
1.1585
1.1594
1.15528
1.14641
1.13386
1.1193
1.10482
1.09251
1.08413
1.08064
1.08208
1.08776
1.09659
1.10747
1.11947
1.13189
1.14411
1.15536
1.16471
1.17116
1.17391
1.17227
1.16588
1.1548
1.13939
1.12036
1.09885
1.07631
1.05465
1.03619
1.02335
1.01801
1.02077
1.03053
1.04479
1.06051
1.07469
1.0851
1.09066
1.09157
1.0891
1.08522
1.08182
1.08031
1.08105
1.08341
1.08601
1.08708
1.08517
1.07968
1.07133
1.06213
1.05491
1.05225
1.05575
1.06551
1.08017
1.09753
1.11506
1.13046
1.14201
1.14871
1.15036
1.14759
1.14167
1.13406
1.12638
1.12008
1.11632
1.11587
1.11858
1.12359
1.12962
1.13566
1.14139
1.147
1.15255
1.15732
1.15985
1.15857
1.15295
1.14412
1.13459
1.12745
1.1249
1.12718
1.13232
1.13694
1.13738
1.13082
1.1162
1.0943
1.0678
1.04062
1.01705
1.00083
0.994545
0.999233
1.0145
1.03868
1.06898
1.10173
1.13282
1.15828
1.17504
1.18153
1.17797
1.16614
1.14892
1.12934
1.10996
1.09241
1.07736
1.06489
1.05478
1.04672
1.04055
1.03637
1.03461
1.03588
1.04039
1.04745
1.05508
1.06055
1.06165
1.05783
1.05074
1.04384
1.04114
1.04582
1.05916
1.08028
1.10682
1.13584
1.16432
1.1893
1.20782
1.21747
1.21713
1.20745
1.19043
1.16887
1.14577
1.12384
1.10526
1.09153
1.08364
1.08216
1.08704
1.09756
1.1125
1.1303
1.14929
1.16767
1.18361
1.19543
1.20175
1.20159
1.19479
1.18214
1.16517
1.14598
1.12677
1.10947
1.0954
1.08515
1.07858
1.19435
1.18745
1.17893
1.16873
1.15738
1.14574
1.13487
1.12595
1.11999
1.11769
1.11939
1.12476
1.13282
1.14188
1.14979
1.15446
1.15468
1.15056
1.1436
1.136
1.12999
1.12692
1.12723
1.13043
1.13556
1.14147
1.14692
1.15078
1.15231
1.15129
1.14826
1.14445
1.14172
1.14216
1.14715
1.15617
1.16649
1.17411
1.17549
1.16914
1.15589
1.13858
1.12123
1.10792
1.10207
1.10572
1.11928
1.14173
1.17115
1.20517
1.24099
1.27542
1.30506
1.32692
1.33927
1.3419
1.33605
1.32372
1.30659
1.28568
1.26138
1.23419
1.20543
1.17746
1.15315
1.13515
1.12519
1.1236
1.12938
1.14038
1.15404
1.16778
1.17944
1.18737
1.19054
1.18852
1.18148
1.17017
1.15574
1.13943
1.12233
1.10522
1.08855
1.07257
1.05738
1.04299
1.0295
1.01714
1.00667
0.999628
0.998252
1.00474
1.01989
1.04227
1.06856
1.09473
1.11758
1.13548
1.14863
1.15848
1.16716
1.17663
1.18826
1.2025
1.2189
1.2364
1.25361
1.26916
1.28211
1.29198
1.29832
1.30025
1.29655
1.28611
1.2684
1.24411
1.21556
1.18652
1.16167
1.14506
1.13835
1.14024
1.14759
1.15714
1.16634
1.17328
1.17658
1.17549
1.17015
1.16175
1.15242
1.14501
1.14221
1.14559
1.15508
1.1688
1.18383
1.19702
1.20552
1.20746
1.20212
1.19008
1.1729
1.15286
1.13264
1.115
1.10245
1.09679
1.0987
1.10752
1.12135
1.13748
1.15329
1.16682
1.1768
1.18245
1.18342
1.18009
1.17371
1.16619
1.15947
1.15474
1.1522
1.15134
1.15149
1.1522
1.15338
1.15521
1.15793
1.16182
1.16719
1.1742
1.18269
1.19188
1.20023
1.20621
1.20909
1.20941
1.20868
1.20857
1.21003
1.21304
1.21656
1.21927
1.21997
1.21805
1.21351
1.20689
1.19907
1.1909
1.18295
1.17524
1.16749
1.15954
1.15182
1.14521
1.14059
1.13862
1.13958
1.14344
1.14991
1.15833
1.1677
1.17662
1.18372
1.18792
1.18887
1.18716
1.18398
1.18092
1.17933
1.17979
1.18178
1.18391
1.18457
1.18244
1.17709
1.16878
1.15835
1.14688
1.13541
1.12529
1.11809
1.11517
1.1168
1.1216
1.1271
1.13111
1.13273
1.13246
1.13165
1.13198
1.13484
1.14124
1.1518
1.16657
1.18492
1.2053
1.2254
1.24274
1.25529
1.26166
1.2614
1.25467
1.24215
1.22515
1.20518
1.18377
1.16245
1.1428
1.12662
1.11594
1.11282
1.11873
1.13379
1.15592
1.1811
1.20458
1.22243
1.23246
1.23418
1.2284
1.21684
1.20182
1.18595
1.17184
1.16136
1.15526
1.15308
1.15348
1.15485
1.15639
1.15858
1.16284
1.17076
1.18244
1.19573
1.20689
1.21252
1.21136
1.20437
1.19373
1.18127
1.16744
1.15172
1.1338
1.1147
1.09628
1.0805
1.06869
1.06154
1.05969
1.06399
1.07554
1.09502
1.12215
1.15495
1.18961
1.2212
1.24505
1.25795
1.25908
1.24993
1.23347
1.21306
1.19144
1.17084
1.15332
1.14123
1.1366
1.1396
1.14782
1.1573
1.16465
1.16832
1.16862
1.16721
1.1663
1.16784
1.17309
1.18239
1.19511
1.2097
1.22421
1.23661
1.24503
1.24769
1.24268
1.22823
1.20336
1.16882
1.12749
1.08395
1.0437
1.01192
0.992269
0.986455
0.994305
1.0143
1.04403
1.08038
1.11964
1.15778
1.19125
1.21746
1.23521
1.24448
1.24588
1.24037
1.22918
1.21393
1.19667
1.17975
1.16532
1.15511
1.15004
1.15027
1.1554
1.16451
1.17629
1.18904
1.20116
1.21123
1.21825
1.22159
1.22106
1.21681
1.20929
1.19892
1.18591
1.17038
1.15237
1.13183
1.10939
1.0865
1.0657
1.04992
1.04173
1.04284
1.05388
1.07437
1.10256
1.13587
1.17151
1.20692
1.23947
1.26617
1.28425
1.29179
1.2886
1.27627
1.25761
1.2361
1.21494
1.19619
1.18061
1.16797
1.15784
1.15012
1.14504
1.14281
1.14347
1.14665
1.15172
1.15808
1.16568
1.17506
1.18701
1.20189
1.21893
1.23615
1.25085
1.26071
1.26453
1.2625
1.25559
1.24503
1.23175
1.21652
1.20034
1.18445
1.17021
1.15842
1.14917
1.14183
1.13566
1.13051
1.12686
1.12546
1.12662
1.12966
1.13285
1.13404
1.1312
1.12326
1.11061
1.09539
1.08094
1.07081
1.06768
1.07266
1.08507
1.10284
1.12296
1.14204
1.15693
1.1652
1.16554
1.15796
1.14379
1.12521
1.10453
1.08371
1.06436
1.04838
1.03825
1.03647
1.04451
1.06216
1.08785
1.11945
1.15445
1.19038
1.22488
1.25579
1.28146
1.3009
1.31364
1.31967
1.31898
1.31169
1.29865
1.28179
1.26385
1.24737
1.23398
1.22387
1.21599
1.2087
1.20032
1.18981
1.17677
1.16152
1.14496
1.12841
1.11335
1.10134
1.09394
1.09265
1.09865
1.11213
1.13155
1.15341
1.17283
1.18509
1.18689
1.17731
1.1581
1.1333
1.10837
1.0886
1.07744
1.07528
1.07981
1.08762
1.0959
1.10358
1.11119
1.12008
1.13169
1.14649
1.16342
1.18003
1.19358
1.20192
1.20439
1.20183
1.19609
1.18948
1.18434
1.18266
1.18575
1.19411
1.20726
1.22368
1.24085
1.25574
1.26532
1.26704
1.25919
1.24112
1.21332
1.17741
1.13623
1.09361
1.05422
1.02293
1.00398
1.00009
1.01158
1.03624
1.07017
1.10885
1.14836
1.18586
1.21944
1.24782
1.27004
1.2854
1.2933
1.29316
1.28447
1.26734
1.2434
1.21593
1.1896
1.16892
1.15676
1.15398
1.15973
1.17236
1.18998
1.21053
1.23192
1.25212
1.26911
1.28106
1.28633
1.28373
1.27279
1.25418
1.22967
1.20212
1.17487
1.15115
1.13311
1.12162
1.11606
1.11471
1.11539
1.11618
1.11564
1.11288
1.1072
1.09836
1.087
1.07485
1.06419
1.05737
1.05609
1.06124
1.07296
1.09067
1.11315
1.13856
1.16478
1.1896
1.21134
1.22885
1.24184
1.25081
1.25661
1.25997
1.26103
1.25926
1.25394
1.24427
1.22978
1.21051
1.18704
1.16064
1.13314
1.10696
1.08489
1.06929
1.06149
1.06161
1.06895
1.08256
1.10132
1.12328
1.14516
1.1628
1.17285
1.17435
1.16942
1.16214
1.15647
1.15424
1.15491
1.1567
1.15811
1.15865
1.15916
1.16146
1.16776
1.17982
1.19826
1.22211
1.24877
1.2749
1.29716
1.31317
1.32154
1.3217
1.31334
1.2961
1.26969
1.23431
1.19118
1.14302
1.09413
1.04973
1.0148
0.992758
0.984446
0.988257
1.00116
1.02
1.04247
1.06723
1.09355
1.12064
1.1471
1.17085
1.18949
1.20121
1.20579
1.2052
1.20284
1.20166
1.20279
1.20568
1.20952
1.21414
1.22007
1.22798
1.23852
1.25211
1.26867
1.28751
1.30722
1.32537
1.3389
1.34456
1.33984
1.32349
1.29615
1.26026
1.21944
1.17767
1.13833
1.10379
1.07552
1.05433
1.04032
1.03299
1.03149
1.03476
1.04192
1.05231
1.06532
1.08038
1.09688
1.11427
1.13207
1.14967
1.1662
1.18056
1.19158
1.19863
1.20164
1.20091
1.19676
1.18923
1.17842
1.16503
1.15067
1.13758
1.12826
1.12484
1.12863
1.13986
1.15743
1.17926
1.20235
1.22325
1.23865
1.24592
1.24379
1.23295
1.21624
1.19797
1.18208
1.17021
1.16125
1.15285
1.14336
1.13285
1.12278
1.11539
1.11274
1.11595
1.12483
1.13796
1.15333
1.16889
1.18302
1.19452
1.20234
1.20556
1.2034
1.19568
1.18316
1.16773
1.15238
1.14068
1.13631
1.14203
1.15843
1.18301
1.21024
1.23334
1.24656
1.24685
1.23448
1.2128
1.18702
1.1626
1.14407
1.13436
1.13444
1.14308
1.15719
1.17294
1.18721
1.19813
1.20471
1.20607
1.20107
1.18888
1.16981
1.14566
1.1197
1.09615
1.07933
1.07264
1.07759
1.09324
1.11643
1.14271
1.16765
1.18782
1.20099
1.20621
1.20348
1.19408
1.18054
1.16638
1.15567
1.15195
1.15709
1.17061
1.18988
1.21079
1.22884
1.24033
1.24312
1.23714
1.22417
1.20697
1.18837
1.17047
1.1544
1.14039
1.12816
1.11743
1.10817
1.10086
1.09618
1.09429
1.09454
1.09548
1.09556
1.09351
1.08855
1.08054
1.07012
1.05884
1.04911
1.04392
1.04611
1.05763
1.07904
1.10923
1.14582
1.18572
1.22558
1.26223
1.29309
1.31645
1.33134
1.33759
1.3358
1.32704
1.31283
1.29487
1.27485
1.25437
1.23458
1.21618
1.19956
1.18525
1.17371
1.16519
1.15954
1.15642
1.15561
1.15741
1.16232
1.17073
1.1821
1.19451
1.20467
1.20882
1.20377
1.1881
1.16313
1.13313
1.10396
1.08076
1.0657
1.05828
1.0569
1.06017
1.06734
1.07807
1.09222
1.10955
1.12932
1.15018
1.17057
1.1891
1.2047
1.21662
1.22427
1.22718
1.22521
1.21824
1.2064
1.19009
1.16995
1.14695
1.12252
1.09835
1.07682
1.06129
1.05549
1.06257
1.08341
1.11591
1.15552
1.19678
1.23468
1.26544
1.28646
1.2964
1.29501
1.2829
1.26153
1.23328
1.20161
1.17097
1.14645
1.1326
1.13191
1.14356
1.1637
1.18684
1.20742
1.22112
1.22534
1.21932
1.20398
1.1818
1.15628
1.13115
1.10964
1.09396
1.08499
1.08265
1.08635
1.09508
1.10739
1.12138
1.13503
1.14683
1.15601
1.16255
1.16692
1.16954
1.17068
1.17046
1.16906
1.16671
1.1638
1.16083
1.15815
1.15589
1.15391
1.15215
1.15103
1.15149
1.155
1.16294
1.17597
1.19325
1.21227
1.22942
1.24088
1.24388
1.23739
1.22245
1.20131
1.17647
1.15007
1.12381
1.09939
1.07889
1.06467
1.05882
1.06277
1.07669
1.09942
1.12843
1.16014
1.19043
1.21513
1.23092
1.23607
1.23092
1.21784
1.20053
1.18296
1.16807
1.15718
1.14986
1.14479
1.14061
1.1368
1.13379
1.13236
1.13304
1.13581
1.13994
1.14491
1.15088
1.15877
1.16971
1.1843
1.21075
1.22372
1.23592
1.24479
1.24809
1.24448
1.23357
1.21596
1.19331
1.16847
1.14545
1.12868
1.12183
1.12645
1.14145
1.1638
1.18972
1.2154
1.23744
1.25296
1.25965
1.25578
1.24061
1.21459
1.17995
1.14099
1.10338
1.07266
1.05281
1.04529
1.04926
1.06251
1.08242
1.10645
1.13253
1.15917
1.18558
1.2116
1.23724
1.26203
1.28456
1.30252
1.31373
1.31686
1.31192
1.29999
1.28243
1.26026
1.23406
1.20446
1.17266
1.14109
1.11328
1.09303
1.08287
1.0828
1.09017
1.10114
1.11223
1.12144
1.12819
1.1327
1.13553
1.13723
1.13836
1.13951
1.14107
1.14333
1.14689
1.15284
1.16224
1.17504
1.18957
1.20281
1.21182
1.2151
1.21288
1.20657
1.19759
1.18689
1.17557
1.16554
1.15981
1.16167
1.1737
1.19618
1.22675
1.26053
1.29145
1.31371
1.32324
1.31818
1.29888
1.26767
1.22818
1.18494
1.14288
1.10641
1.07879
1.06174
1.05558
1.05963
1.07264
1.09292
1.11835
1.14659
1.1752
1.20189
1.22438
1.24037
1.24755
1.24437
1.23077
1.20869
1.18178
1.15431
1.12987
1.11038
1.09625
1.08704
1.08223
1.08154
1.08503
1.09307
1.10606
1.1241
1.14646
1.17171
1.19782
1.22273
1.24479
1.26303
1.27694
1.28642
1.29186
1.29378
1.29284
1.28961
1.28422
1.27642
1.26567
1.25146
1.23383
1.21363
1.19269
1.17344
1.15799
1.14729
1.14065
1.13626
1.13217
1.12729
1.12168
1.11629
1.11227
1.11005
1.10881
1.10713
1.10391
1.09917
1.0942
1.09091
1.09094
1.09496
1.10263
1.11304
1.12548
1.14014
1.15797
1.17994
1.20619
1.23534
1.26468
1.29079
1.31046
1.32139
1.32235
1.31336
1.29543
1.27028
1.23999
1.20696
1.17402
1.14438
1.12151
1.1084
1.10639
1.11467
1.13055
1.15034
1.17055
1.18835
1.20194
1.2104
1.21367
1.21243
1.20779
1.20094
1.19264
1.18296
1.17135
1.15736
1.14136
1.12486
1.11019
1.09962
1.09459
1.09547
1.1019
1.11315
1.12829
1.14604
1.16482
1.18284
1.19854
1.21087
1.21924
1.22309
1.22151
1.21356
1.19878
1.17819
1.15458
1.13206
1.11487
1.10617
1.10707
1.11663
1.13212
1.14962
1.16518
1.17572
1.17923
1.17513
1.16401
1.1478
1.12924
1.11128
1.09633
1.08573
1.07986
1.07869
1.08244
1.09153
1.10623
1.12621
1.15031
1.17675
1.20366
1.2293
1.25229
1.27146
1.28618
1.29627
1.30185
1.30325
1.30097
1.29541
1.2871
1.27651
1.26397
1.24959
1.23327
1.21499
1.19518
1.17485
1.15553
1.13886
1.12591
1.11665
1.10982
1.10327
1.09512
1.08487
1.07385
1.06451
1.05937
1.0599
1.06629
1.0781
1.09459
1.11489
1.13781
1.16169
1.18459
1.20478
1.22144
1.23492
1.24664
1.25843
1.2714
1.28511
1.29748
1.30539
1.30574
1.29671
1.27829
1.25242
1.22225
1.19147
1.16328
1.13976
1.12176
1.1091
1.10108
1.09671
1.09528
1.09636
1.09997
1.10608
1.11446
1.12463
1.13589
1.14763
1.15953
1.17158
1.18365
1.19522
1.20517
1.21219
1.21514
1.21354
1.20766
1.19833
1.18683
1.17455
1.16274
1.1524
1.14446
1.13971
1.13885
1.14239
1.15041
1.16219
1.1761
1.1898
1.20056
1.20587
1.20409
1.19489
1.17961
1.16117
1.14338
1.12982
1.12298
1.12378
1.13182
1.14587
1.16394
1.18344
1.20161
1.21565
1.22301
1.22155
1.21014
1.18951
1.16259
1.13418
1.10957
1.09265
1.08492
1.08551
1.09208
1.10173
1.11176
1.12021
1.12595
1.12876
1.12946
1.12953
1.13066
1.13419
1.1407
1.14982
1.16063
1.1722
1.18406
1.19603
1.20795
1.21929
1.229
1.23588
1.23922
1.23941
1.23766
1.2352
1.23232
1.22813
1.22112
1.21001
1.19441
1.17496
1.1533
1.13167
1.11253
1.098
1.08949
1.08729
1.09083
1.09903
1.11081
1.12527
1.14159
1.15875
1.17545
1.19047
1.20293
1.21272
1.22054
1.22782
1.23608
1.24624
1.25791
1.26955
1.27894
1.28372
1.28194
1.27263
1.25589
1.23295
1.20583
1.17716
1.14963
1.12564
1.10658
1.09274
1.08357
1.07847
1.07744
1.0812
1.09085
1.10722
1.12979
1.15643
1.18376
1.20829
1.22722
1.23857
1.24104
1.23407
1.21812
1.19505
1.16813
1.14181
1.12121
1.11097
1.11374
1.12915
1.15363
1.18154
1.20732
1.22717
1.24007
1.2473
1.2514
1.25485
1.25889
1.26306
1.26572
1.26515
1.26081
1.25339
1.24434
1.23483
1.22515
1.21468
1.20235
1.18752
1.17052
1.15298
1.13746
1.12661
1.12205
1.12364
1.12923
1.13552
1.13922
1.13808
1.13171
1.12145
1.10984
1.09975
1.09361
1.09278
1.09725
1.10571
1.11597
1.12542
1.13161
1.13287
1.12875
1.11999
1.10825
1.09584
1.08548
1.07951
1.07937
1.08513
1.09551
1.10868
1.12328
1.13901
1.15658
1.17741
1.20258
1.23191
1.26351
1.29431
1.32107
1.34118
1.35297
1.3557
1.34945
1.33488
1.31289
1.28452
1.25112
1.21471
1.17844
1.14658
1.12347
1.11178
1.11133
1.11973
1.1334
1.14838
1.16087
1.16746
1.16579
1.15499
1.13608
1.112
1.08748
1.06818
1.05917
1.06332
1.08034
1.10723
1.13968
1.17325
1.20394
1.22868
1.2457
1.25454
1.25562
1.25002
1.23911
1.22456
1.20809
1.1913
1.17574
1.16275
1.15351
1.14907
1.15024
1.15724
1.16949
1.18585
1.20483
1.22444
1.24193
1.25437
1.25977
1.25801
1.2508
1.2408
1.23048
1.22118
1.21278
1.20411
1.19381
1.18108
1.16602
1.14962
1.13318
1.11807
1.10526
1.09521
1.08789
1.08296
1.07997
1.07876
1.07956
1.08285
1.08935
1.09968
1.11389
1.13118
1.15008
1.16892
1.18636
1.20158
1.21404
1.22312
1.22835
1.22986
1.2287
1.22692
1.22668
1.22913
1.23354
1.23723
1.23667
1.2288
1.21213
1.18701
1.15536
1.11994
1.08384
1.0502
1.02226
1.00329
0.99602
1.00207
1.02117
1.0512
1.08863
1.12934
1.16932
1.20545
1.23571
1.25927
1.27603
1.28653
1.29149
1.29163
1.28741
1.27902
1.26639
1.24972
1.22967
1.20764
1.18562
1.16585
1.15038
1.1408
1.13803
1.14222
1.15232
1.16602
1.17996
1.19039
1.19424
1.18982
1.17737
1.15891
1.13769
1.11734
1.10095
1.09035
1.0859
1.08672
1.09119
1.09797
1.10659
1.11766
1.13236
1.1515
1.17464
1.19996
1.2249
1.24718
1.26522
1.27843
1.28679
1.29023
1.28866
1.28203
1.27038
1.25418
1.23454
1.21305
1.19157
1.17225
1.1573
1.14868
1.14736
1.15305
1.16382
1.17695
1.19014
1.20231
1.21315
1.22218
1.22815
1.22947
1.22493
1.21435
1.19868
1.17987
1.16027
1.14218
1.12765
1.11834
1.11553
1.11993
1.13105
1.14662
1.16312
1.17698
1.18559
1.18776
1.18343
1.1733
1.15859
1.14084
1.12192
1.10405
1.08978
1.08143
1.08083
1.0887
1.10435
1.12574
1.15009
1.17453
1.19675
1.21537
1.22964
1.23918
1.24356
1.24202
1.23351
1.21708
1.19229
1.15999
1.12302
1.08708
1.06019
1.04992
1.05885
1.08298
1.11471
1.14698
1.17516
1.19665
1.21004
1.21483
1.21129
1.20061
1.1848
1.16649
1.14846
1.13335
1.12307
1.11859
1.11984
1.12596
1.13538
1.14612
1.1561
1.16377
1.16865
1.17127
1.17296
1.175
1.17792
1.18136
1.1846
1.18722
1.18941
1.19191
1.19542
1.20035
1.20647
1.2129
1.2183
1.2211
1.21998
1.21434
1.20453
1.19162
1.17721
1.1633
1.15197
1.14534
1.14524
1.15275
1.16784
1.18884
1.21247
1.23432
1.2498
1.25518
1.24842
1.22949
1.20004
1.1631
1.12262
1.0834
1.05079
1.03003
1.02506
1.03721
1.06442
1.10195
1.14388
1.18475
1.22041
1.24797
1.26544
1.27166
1.26653
1.25142
1.22941
1.20484
1.18217
1.16485
1.15459
1.15143
1.154
1.16037
1.16857
1.17695
1.18431
1.18969
1.19234
1.19156
1.18702
1.17899
1.16827
1.15615
1.14377
1.1319
1.12112
1.11196
1.10519
1.10203
1.10387
1.11189
1.12639
1.14657
1.17027
1.19434
1.21552
1.2311
1.23989
1.24227
1.23973
1.2342
1.22762
1.22153
1.21691
1.21415
1.21306
1.21293
1.21311
1.21319
1.21344
1.2146
1.21732
1.22146
1.22566
1.22753
1.22443
1.21422
1.19597
1.17013
1.13858
1.10441
1.07136
1.04334
1.02362
1.01428
1.01598
1.02775
1.0474
1.07179
1.09762
1.12215
1.14376
1.16217
1.17813
1.19295
1.20771
1.22278
1.23761
1.25073
1.26022
1.26439
1.26219
1.25361
1.23979
1.22274
1.20502
1.1895
1.17901
1.1755
1.1794
1.18966
1.20406
1.22013
1.23597
1.25036
1.26277
1.27287
1.28007
1.2832
1.28056
1.27029
1.25107
1.22271
1.18647
1.14507
1.10237
1.0625
1.02901
1.00427
0.989128
0.983313
0.986021
0.99647
1.01413
1.03861
1.06924
1.10457
1.14232
1.17953
1.21319
1.2407
1.26063
1.27289
1.27884
1.28049
1.27967
1.27746
1.2739
1.26847
1.26059
1.25008
1.23713
1.22228
1.2062
1.18952
1.17292
1.15715
1.14309
1.13197
1.12518
1.12405
1.12916
1.13978
1.15359
1.16688
1.17562
1.1767
1.169
1.15398
1.13521
1.11705
1.10312
1.09556
1.09513
1.1017
1.11456
1.13261
1.15451
1.17858
1.20278
1.2248
1.24244
1.25406
1.25862
1.2558
1.24597
1.23053
1.21204
1.19361
1.17768
1.16517
1.15611
1.15072
1.14992
1.15492
1.16647
1.18397
1.20495
1.22554
1.24152
1.24976
1.24896
1.23982
1.22464
1.20673
1.18958
1.17586
1.16684
1.16231
1.16112
1.16203
1.16407
1.16634
1.16757
1.16654
1.16257
1.15587
1.14746
1.13886
1.13185
1.1281
1.19229
1.18482
1.17747
1.16967
1.1613
1.15299
1.14606
1.14211
1.14245
1.14745
1.15623
1.16685
1.17675
1.18325
1.1844
1.17953
1.16944
1.15667
1.14496
1.13814
1.13892
1.14782
1.16327
1.18245
1.20224
1.22041
1.23598
1.24934
1.26166
1.27389
1.2862
1.29804
1.30844
1.31636
1.32083
1.32097
1.31641
1.30752
1.29548
1.28228
1.26997
1.26005
1.25302
1.24853
1.2456
1.24312
1.24004
1.23566
1.22963
1.22201
1.21321
1.20376
1.19425
1.18528
1.17749
1.17143
1.1676
1.16633
1.16768
1.17125
1.17605
1.18066
1.18371
1.18424
1.18211
1.17795
1.17265
1.16695
1.16115
1.15531
1.14959
1.14452
1.14105
1.14019
1.14249
1.14761
1.15432
1.16109
1.1668
1.17118
1.17499
1.17966
1.18663
1.19698
1.2111
1.22886
1.24962
1.27225
1.29511
1.31608
1.33275
1.34285
1.34475
1.33794
1.32327
1.30282
1.27941
1.25577
1.23385
1.21436
1.19718
1.1821
1.1697
1.16125
1.15828
1.16205
1.17322
1.19157
1.21583
1.24386
1.27281
1.29979
1.32239
1.33898
1.34875
1.35162
1.34796
1.33819
1.32276
1.3024
1.27815
1.25139
1.22356
1.19587
1.169
1.1431
1.11805
1.09405
1.07206
1.05417
1.04324
1.04205
1.05191
1.07218
1.10036
1.13281
1.16577
1.19594
1.22098
1.23957
1.25142
1.25698
1.25717
1.25291
1.24495
1.23377
1.21978
1.20375
1.18713
1.17206
1.16079
1.15505
1.15538
1.16102
1.17036
1.18159
1.19312
1.20393
1.2136
1.2225
1.2316
1.24222
1.25538
1.27107
1.28795
1.30374
1.31631
1.32454
1.32833
1.32804
1.32362
1.31446
1.29984
1.27956
1.25446
1.22651
1.19828
1.17262
1.15241
1.13999
1.13673
1.14249
1.15541
1.17242
1.1899
1.20443
1.21344
1.21549
1.21066
1.20022
1.18623
1.17099
1.15662
1.14505
1.13811
1.13739
1.14352
1.15542
1.17065
1.18623
1.19958
1.20923
1.21503
1.21814
1.22082
1.22549
1.23384
1.24588
1.25978
1.27269
1.28182
1.28542
1.28316
1.27609
1.26638
1.25662
1.24915
1.24568
1.24699
1.25265
1.26113
1.27021
1.27753
1.28112
1.27995
1.27411
1.26472
1.25361
1.24291
1.23467
1.23032
1.23016
1.23313
1.23727
1.24072
1.24261
1.24294
1.24174
1.2382
1.2309
1.21849
1.20028
1.17665
1.14915
1.12046
1.09396
1.07301
1.06043
1.05821
1.06752
1.08842
1.11925
1.15641
1.19474
1.22884
1.25457
1.27055
1.27856
1.28233
1.28524
1.28874
1.29236
1.29491
1.29549
1.29379
1.28985
1.28379
1.27592
1.26692
1.25785
1.25006
1.24445
1.24099
1.23865
1.23576
1.23069
1.22249
1.21125
1.19831
1.1857
1.1753
1.16772
1.16222
1.15735
1.15191
1.14556
1.13908
1.13441
1.13406
1.14035
1.15432
1.17468
1.19777
1.21891
1.23427
1.24236
1.24428
1.24306
1.24252
1.246
1.25534
1.2703
1.2887
1.30716
1.32229
1.33142
1.33315
1.32742
1.31515
1.29814
1.27848
1.25815
1.23846
1.22004
1.20279
1.18633
1.17055
1.15572
1.14253
1.13177
1.12384
1.11852
1.1149
1.11162
1.10727
1.10088
1.09229
1.08235
1.07265
1.06523
1.06194
1.06422
1.07312
1.08919
1.11262
1.14295
1.17887
1.21792
1.25691
1.29245
1.32161
1.34224
1.35326
1.35485
1.34823
1.33566
1.31986
1.30349
1.28839
1.27517
1.26332
1.25173
1.23931
1.22535
1.20966
1.19256
1.17528
1.16008
1.15007
1.14845
1.15731
1.17634
1.20216
1.22901
1.25052
1.26191
1.2614
1.2502
1.23171
1.20999
1.18895
1.17164
1.16044
1.15697
1.162
1.17525
1.19537
1.21999
1.24606
1.27002
1.28836
1.29797
1.29655
1.28318
1.2586
1.22548
1.18828
1.15246
1.12316
1.104
1.09635
1.09925
1.11007
1.12525
1.14126
1.1553
1.16595
1.17322
1.17868
1.1849
1.19455
1.20901
1.22777
1.24856
1.26825
1.28383
1.29326
1.29559
1.29109
1.28103
1.26732
1.25186
1.23609
1.22083
1.20635
1.19292
1.1813
1.17289
1.16945
1.17258
1.18289
1.19954
1.22006
1.24059
1.25707
1.2664
1.26716
1.25993
1.24672
1.23018
1.21278
1.19626
1.18172
1.16994
1.16175
1.15815
1.15993
1.16726
1.17936
1.19456
1.21049
1.2246
1.23452
1.23873
1.23678
1.22958
1.21915
1.20785
1.19766
1.19012
1.18667
1.18886
1.19784
1.21359
1.23451
1.25762
1.27924
1.29594
1.30529
1.30612
1.29847
1.28338
1.26264
1.23858
1.21392
1.19149
1.17346
1.16095
1.15429
1.15386
1.16077
1.17647
1.20116
1.23279
1.2673
1.29996
1.32673
1.345
1.35374
1.35323
1.34433
1.32788
1.30452
1.27482
1.23979
1.20094
1.16019
1.12014
1.08426
1.05685
1.04198
1.04202
1.05678
1.08355
1.11802
1.15542
1.19121
1.22171
1.24439
1.25807
1.26304
1.26102
1.2549
1.24854
1.24588
1.24955
1.25976
1.27437
1.28971
1.30179
1.30714
1.30342
1.28964
1.26635
1.2359
1.2023
1.17092
1.14724
1.13539
1.13726
1.15198
1.17641
1.20598
1.23597
1.26253
1.28329
1.29726
1.30423
1.30466
1.29966
1.29067
1.27899
1.26554
1.2511
1.2364
1.22227
1.20947
1.19888
1.19139
1.1875
1.18704
1.18912
1.1926
1.19668
1.20133
1.20701
1.21385
1.22099
1.22704
1.23104
1.23313
1.23427
1.23545
1.23712
1.2389
1.23945
1.23692
1.22954
1.21651
1.19828
1.1768
1.15543
1.13855
1.13031
1.13343
1.14834
1.17318
1.20426
1.23696
1.26697
1.29123
1.30803
1.31646
1.31594
1.30632
1.28819
1.26326
1.23439
1.20531
1.17999
1.16192
1.15351
1.15557
1.16753
1.18776
1.21394
1.24315
1.27173
1.29532
1.3095
1.31066
1.29722
1.27051
1.23484
1.19671
1.16301
1.13915
1.12772
1.1282
1.13808
1.15395
1.17254
1.19122
1.20796
1.22125
1.23018
1.23475
1.2359
1.23526
1.23451
1.23489
1.23707
1.24095
1.24576
1.24987
1.25127
1.24805
1.23918
1.2251
1.20768
1.18968
1.17389
1.16221
1.155
1.15109
1.14867
1.14617
1.14346
1.14216
1.1451
1.15484
1.17256
1.19742
1.22683
1.25734
1.28558
1.30913
1.32669
1.33798
1.3434
1.34339
1.33812
1.3274
1.31091
1.28861
1.26104
1.22965
1.19702
1.16652
1.14157
1.12502
1.11859
1.12251
1.13533
1.15412
1.17517
1.19455
1.20903
1.2168
1.21767
1.21286
1.20419
1.19333
1.18128
1.1685
1.15539
1.14283
1.13204
1.12398
1.11893
1.11609
1.11394
1.11096
1.10622
1.09995
1.09354
1.08953
1.09087
1.10029
1.11971
1.14968
1.18925
1.2358
1.28536
1.33317
1.37437
1.40488
1.42218
1.42547
1.41553
1.39446
1.36498
1.33016
1.29295
1.25605
1.22185
1.19233
1.16913
1.15301
1.14362
1.1396
1.13914
1.14055
1.14272
1.14554
1.14983
1.15691
1.16793
1.18313
1.20137
1.22063
1.23862
1.25313
1.26215
1.26432
1.25933
1.24852
1.23497
1.2229
1.21643
1.21828
1.22875
1.24565
1.26522
1.28345
1.297
1.30357
1.30211
1.29293
1.27766
1.25897
1.23992
1.22353
1.21227
1.2075
1.209
1.21499
1.2227
1.22922
1.2321
1.23008
1.22335
1.21346
1.20282
1.19374
1.18733
1.1833
1.1806
1.17866
1.17783
1.1788
1.18209
1.18772
1.19516
1.20365
1.21251
1.22144
1.23043
1.2395
1.24852
1.257
1.26394
1.26786
1.26715
1.26037
1.24696
1.22762
1.20463
1.18144
1.16188
1.14896
1.14367
1.14473
1.14906
1.15301
1.15355
1.14895
1.13905
1.1248
1.10838
1.09285
1.08222
1.08059
1.09058
1.11172
1.14028
1.17083
1.19859
1.22117
1.23884
1.25354
1.26737
1.28167
1.29699
1.31312
1.32922
1.34397
1.35564
1.3623
1.36264
1.35639
1.34429
1.32776
1.30866
1.28903
1.27081
1.25515
1.24182
1.22908
1.2149
1.19807
1.17936
1.16116
1.14639
1.13716
1.13396
1.13612
1.14232
1.15124
1.16178
1.17304
1.18409
1.19387
1.20133
1.20584
1.20735
1.20641
1.20377
1.20001
1.19574
1.19159
1.18838
1.18717
1.18921
1.19571
1.20734
1.22369
1.24317
1.26318
1.2812
1.29552
1.3055
1.31155
1.31446
1.31499
1.31356
1.31018
1.30434
1.2949
1.28051
1.2603
1.23458
1.20556
1.1773
1.15451
1.141
1.13799
1.14361
1.15392
1.16461
1.17269
1.17692
1.17737
1.17452
1.16873
1.16015
1.14931
1.13768
1.1277
1.12208
1.12281
1.13035
1.14367
1.16078
1.17963
1.19894
1.21841
1.23839
1.25896
1.27883
1.29511
1.30402
1.30248
1.28934
1.26584
1.23508
1.20133
1.16896
1.14143
1.1211
1.10951
1.10737
1.11463
1.13004
1.15125
1.17513
1.19824
1.2175
1.23075
1.23693
1.23627
1.23018
1.22073
1.21037
1.20115
1.19419
1.1896
1.18674
1.18481
1.18354
1.18335
1.18491
1.18854
1.19377
1.19958
1.20511
1.2102
1.21518
1.22034
1.22533
1.22903
1.23031
1.22868
1.22476
1.22012
1.21652
1.21518
1.21629
1.21921
1.2228
1.22597
1.22806
1.22902
1.229
1.22773
1.22428
1.21742
1.20651
1.19208
1.17574
1.15975
1.14659
1.1387
1.13808
1.14575
1.16118
1.18243
1.20657
1.23043
1.25114
1.26685
1.27717
1.28303
1.28615
1.28809
1.28944
1.28963
1.28787
1.28384
1.27782
1.27051
1.2626
1.25469
1.24755
1.24181
1.23725
1.23271
1.22652
1.21758
1.20659
1.19611
1.18938
1.18852
1.1936
1.20283
1.21328
1.22152
1.22449
1.21993
1.20712
1.18702
1.16216
1.13583
1.11122
1.09059
1.0748
1.06349
1.05579
1.05085
1.04856
1.04955
1.0549
1.06552
1.08146
1.10179
1.12473
1.14819
1.17056
1.19128
1.2112
