0.89469
0.873034
0.836875
0.787208
0.725816
0.655487
0.580114
0.504414
0.433851
0.373678
0.32804
0.299349
0.287629
0.290971
0.305833
0.328029
0.353427
0.37858
0.40102
0.419123
0.432199
0.440228
0.443667
0.443407
0.440432
0.435809
0.430775
0.42659
0.424294
0.42468
0.428231
0.435005
0.444579
0.456608
0.470516
0.485854
0.502005
0.518302
0.533953
0.548016
0.559662
0.568274
0.573489
0.575369
0.574106
0.570188
0.564176
0.55679
0.548612
0.540102
0.531531
0.523315
0.515786
0.509343
0.504384
0.500914
0.498797
0.497559
0.496716
0.495772
0.494558
0.492884
0.490835
0.488489
0.486085
0.483995
0.482556
0.482159
0.483105
0.485523
0.489282
0.494214
0.499976
0.506184
0.512395
0.518254
0.523416
0.527628
0.530727
0.532686
0.533564
0.533448
0.532593
0.531177
0.529433
0.527549
0.52561
0.523614
0.521352
0.518727
0.515435
0.511252
0.506054
0.499548
0.491728
0.482501
0.471782
0.459828
0.447224
0.435003
0.424378
0.416594
0.4129
0.413932
0.419813
0.430101
0.443916
0.460078
0.477319
0.494406
0.510271
0.524111
0.535347
0.543648
0.548927
0.551436
0.551689
0.550205
0.547828
0.545189
0.542899
0.541365
0.54062
0.540531
0.54074
0.540749
0.540068
0.53833
0.535393
0.531331
0.526267
0.520593
0.514726
0.509274
0.504619
0.501129
0.498871
0.497937
0.498138
0.499163
0.500552
0.50195
0.50262
0.502182
0.500271
0.496745
0.49167
0.485447
0.478628
0.471758
0.465671
0.461003
0.458429
0.458156
0.460188
0.464508
0.470829
0.47852
0.486998
0.495845
0.504312
0.511953
0.518448
0.523564
0.527198
0.529304
0.529909
0.529276
0.52742
0.524647
0.521132
0.517216
0.513323
0.509716
0.506606
0.503941
0.501748
0.499684
0.497499
0.494965
0.491948
0.488368
0.484189
0.479499
0.474411
0.46913
0.464007
0.459742
0.457343
0.457881
0.462047
0.469902
0.48041
0.491913
0.502579
0.510904
0.516116
0.518021
0.517154
0.514437
0.510993
0.508001
0.506305
0.50657
0.508892
0.513155
0.518808
0.525324
0.532161
0.538747
0.54476
0.549806
0.553699
0.556194
0.5571
0.556222
0.553513
0.548708
0.54181
0.532885
0.522386
0.510964
0.499602
0.489272
0.48084
0.474837
0.471309
0.469841
0.469818
0.470571
0.471488
0.472311
0.472994
0.473723
0.474655
0.476008
0.478126
0.481151
0.485087
0.489758
0.494917
0.500104
0.505139
0.509593
0.513235
0.515971
0.517637
0.51813
0.517665
0.51632
0.514361
0.512076
0.509901
0.508095
0.506954
0.506763
0.507668
0.509749
0.512721
0.516096
0.519058
0.520596
0.519908
0.516686
0.511054
0.503881
0.49636
0.489743
0.485104
0.48308
0.483682
0.486582
0.491191
0.496948
0.503183
0.50942
0.515177
0.520034
0.523412
0.525063
0.524723
0.522421
0.518395
0.513058
0.507106
0.50127
0.496262
0.492537
0.490298
0.489615
0.490346
0.492099
0.494463
0.496965
0.499132
0.50075
0.501574
0.501606
0.500929
0.49965
0.498005
0.496161
0.494085
0.491689
0.488828
0.485463
0.481455
0.477007
0.4725
0.468551
0.465862
0.465101
0.466782
0.471146
0.477976
0.486764
0.496712
0.506762
0.515895
0.523342
0.528452
0.531027
0.531009
0.528706
0.524637
0.519303
0.513595
0.508351
0.504269
0.501874
0.501372
0.502596
0.505037
0.508242
0.511513
0.514279
0.516221
0.517241
0.5175
0.517191
0.516832
0.516766
0.517174
0.518136
0.519359
0.520461
0.521085
0.520806
0.51937
0.516788
0.513271
0.509144
0.504918
0.501008
0.497922
0.495909
0.495051
0.495157
0.496008
0.497309
0.498785
0.500073
0.501091
0.501699
0.501753
0.501412
0.500629
0.499492
0.498141
0.49675
0.495497
0.49451
0.493882
0.493658
0.493925
0.494582
0.495658
0.497039
0.498713
0.500629
0.502805
0.505242
0.50782
0.510526
0.513203
0.51576
0.518129
0.520101
0.521561
0.522247
0.521855
0.520123
0.516671
0.511161
0.503611
0.494251
0.483552
0.472389
0.461908
0.453383
0.447866
0.446076
0.448237
0.454045
0.462641
0.47292
0.483777
0.494387
0.504288
0.513157
0.520737
0.526936
0.531442
0.534058
0.53452
0.532927
0.529441
0.524504
0.518825
0.513388
0.509014
0.506515
0.506282
0.50835
0.512218
0.517232
0.522448
0.527076
0.530423
0.532115
0.532214
0.530805
0.528319
0.524941
0.520824
0.51609
0.510723
0.504751
0.498313
0.491544
0.48494
0.47901
0.474395
0.471538
0.470873
0.472501
0.476406
0.482445
0.490117
0.498782
0.507633
0.515859
0.522705
0.527662
0.530446
0.530982
0.529323
0.525803
0.520634
0.514144
0.506824
0.499089
0.491465
0.484389
0.478236
0.473238
0.469446
0.466795
0.465166
0.464385
0.464501
0.465658
0.468116
0.472111
0.477716
0.484741
0.492756
0.501268
0.5094
0.516331
0.521438
0.524071
0.524051
0.521388
0.516631
0.510574
0.504086
0.498077
0.493441
0.490548
0.489514
0.489905
0.491302
0.493138
0.495018
0.496617
0.497969
0.499358
0.501214
0.504109
0.508528
0.514635
0.522147
0.530458
0.538556
0.545489
0.550367
0.552536
0.551591
0.547521
0.540493
0.531118
0.519905
0.507781
0.495641
0.484385
0.474829
0.467659
0.463155
0.461529
0.462616
0.466
0.471181
0.477645
0.484977
0.492576
0.500046
0.506995
0.513111
0.518
0.521397
0.523127
0.52302
0.521239
0.517931
0.513493
0.508389
0.503165
0.498375
0.494328
0.491215
0.489163
0.488204
0.488407
0.489949
0.49291
0.497364
0.503129
0.509843
0.516981
0.523811
0.529437
0.533348
0.53489
0.53385
0.530185
0.524185
0.516329
0.507341
0.498132
0.489619
0.482736
0.478139
0.47635
0.477588
0.481668
0.488152
0.496194
0.504972
0.513396
0.520597
0.525775
0.528379
0.528101
0.524895
0.51913
0.511528
0.503089
0.494935
0.488145
0.483538
0.481424
0.481937
0.484624
0.489162
0.495005
0.501561
0.508265
0.514481
0.519466
0.522566
0.523341
0.521489
0.516982
0.510167
0.501842
0.492799
0.483941
0.476177
0.470301
0.466826
0.465877
0.467168
0.470037
0.473691
0.477447
0.480744
0.483354
0.485344
0.486975
0.488805
0.491232
0.49467
0.499353
0.505271
0.512156
0.519481
0.526659
0.533131
0.538362
0.542161
0.544381
0.545195
0.544752
0.543213
0.540883
0.538029
0.534859
0.531517
0.527941
0.524123
0.51998
0.515556
0.510714
0.505557
0.499935
0.494037
0.488075
0.482393
0.477501
0.473963
0.472143
0.472234
0.474112
0.477546
0.482239
0.487818
0.493978
0.500284
0.506343
0.511764
0.516146
0.519125
0.52049
0.520206
0.518328
0.515191
0.511372
0.507488
0.504139
0.501681
0.500376
0.500089
0.500624
0.501661
0.50294
0.504178
0.505168
0.505784
0.505904
0.505417
0.504215
0.502244
0.499534
0.49599
0.491716
0.486867
0.481858
0.477178
0.473273
0.470553
0.469327
0.469594
0.471064
0.473364
0.476014
0.478689
0.481158
0.483573
0.486099
0.489129
0.493035
0.497984
0.503918
0.510488
0.517197
0.523341
0.528516
0.532339
0.534712
0.535896
0.536261
0.536391
0.536704
0.537468
0.538644
0.53999
0.540976
0.541097
0.539632
0.536067
0.530242
0.522291
0.512631
0.501943
0.491029
0.480584
0.471332
0.463928
0.458753
0.456128
0.456191
0.458989
0.46421
0.471495
0.480378
0.490179
0.500168
0.509568
0.517567
0.523514
0.526977
0.527767
0.525999
0.522171
0.516913
0.511126
0.505639
0.50118
0.498387
0.497408
0.49833
0.500888
0.5046
0.508838
0.512867
0.51611
0.517932
0.518039
0.515984
0.511783
0.505529
0.497514
0.488465
0.479167
0.470573
0.463671
0.459299
0.458075
0.460224
0.46574
0.474155
0.484804
0.496824
0.509188
0.520883
0.530939
0.538727
0.543782
0.545735
0.544632
0.540719
0.534597
0.527201
0.519625
0.512662
0.50727
0.503734
0.502115
0.502193
0.503522
0.505688
0.508288
0.511049
0.513653
0.515732
0.516774
0.516159
0.513451
0.508167
0.500395
0.490616
0.479977
0.470165
0.46299
0.460212
0.462878
0.470884
0.483031
0.497191
0.511135
0.522901
0.531263
0.535765
0.536737
0.534777
0.53092
0.526318
0.5219
0.518549
0.516832
0.516745
0.517934
0.519744
0.521307
0.521867
0.520787
0.517847
0.513186
0.507088
0.500095
0.492709
0.485425
0.478825
0.473283
0.469205
0.466875
0.466329
0.46777
0.47111
0.476375
0.48328
0.491399
0.500173
0.508848
0.516738
0.523126
0.527629
0.530197
0.530955
0.530358
0.528904
0.526963
0.524772
0.52243
0.519878
0.517119
0.514269
0.511355
0.508423
0.505552
0.502692
0.499939
0.49733
0.494984
0.493023
0.491544
0.490672
0.490508
0.491113
0.49258
0.494812
0.497649
0.500749
0.503684
0.506036
0.507289
0.507036
0.504952
0.500982
0.495222
0.488121
0.480373
0.472862
0.466372
0.461654
0.459199
0.459296
0.461821
0.466577
0.473243
0.481317
0.490267
0.499513
0.508466
0.516578
0.523271
0.528108
0.530834
0.531431
0.529976
0.526895
0.522725
0.518254
0.514201
0.51135
0.510111
0.510726
0.513026
0.516644
0.520885
0.525158
0.528786
0.531076
0.531678
0.530297
0.5271
0.522448
0.517031
0.511509
0.506669
0.502828
0.499952
0.497756
0.495881
0.493927
0.491745
0.489441
0.487311
0.48573
0.485002
0.48538
0.486766
0.488898
0.491337
0.493596
0.495292
0.496123
0.495932
0.494892
0.493409
0.491973
0.490929
0.490328
0.490001
0.489633
0.488815
0.487474
0.485747
0.483828
0.482116
0.48091
0.480666
0.481591
0.483884
0.487636
0.492721
0.4991
0.506434
0.514464
0.522671
0.530599
0.537694
0.543406
0.547063
0.54829
0.546821
0.542553
0.535851
0.527236
0.517463
0.507211
0.497285
0.488295
0.48083
0.475426
0.472464
0.472022
0.474059
0.478279
0.484463
0.492239
0.50143
0.511604
0.522338
0.532748
0.541872
0.548861
0.553027
0.55423
0.552575
0.548501
0.542602
0.535702
0.528491
0.52149
0.515146
0.50964
0.504912
0.500646
0.496494
0.492078
0.487204
0.481701
0.47562
0.469146
0.46269
0.456689
0.451785
0.448694
0.930468
0.914659
0.891361
0.861984
0.828347
0.79244
0.756829
0.724306
0.697641
0.679068
0.669874
0.670257
0.679044
0.694426
0.71393
0.735184
0.756053
0.774754
0.790197
0.80193
0.810244
0.815863
0.8196
0.82175
0.821813
0.819116
0.813343
0.804735
0.794111
0.78291
0.772625
0.764691
0.760026
0.758905
0.760916
0.765087
0.77024
0.775332
0.779434
0.781865
0.782279
0.780577
0.776878
0.771458
0.76495
0.758181
0.752469
0.74957
0.751114
0.757693
0.768649
0.781886
0.79504
0.806137
0.814139
0.818924
0.821049
0.821125
0.819559
0.816446
0.811686
0.805122
0.796719
0.786735
0.775704
0.764212
0.753127
0.743155
0.734925
0.728932
0.725812
0.726004
0.729645
0.736162
0.7444
0.752746
0.759507
0.763736
0.765261
0.765115
0.765253
0.767458
0.772579
0.780059
0.788644
0.79724
0.805196
0.812031
0.816945
0.819202
0.81849
0.814962
0.809423
0.802757
0.796039
0.790009
0.78525
0.782155
0.780833
0.781152
0.782779
0.785047
0.787069
0.788039
0.787148
0.784015
0.778552
0.771185
0.762812
0.754736
0.748326
0.74488
0.745277
0.750083
0.75906
0.771182
0.785004
0.798799
0.810652
0.819082
0.823022
0.822128
0.816662
0.807658
0.796657
0.785269
0.774756
0.765941
0.75904
0.754186
0.751376
0.750598
0.752156
0.756446
0.763519
0.77312
0.784254
0.795499
0.805051
0.811281
0.813146
0.810156
0.802682
0.79156
0.778248
0.764424
0.75193
0.742431
0.737239
0.736518
0.739532
0.744865
0.751289
0.757882
0.764372
0.77077
0.777014
0.782867
0.787694
0.791277
0.793558
0.794878
0.795564
0.795882
0.795796
0.795103
0.79343
0.790303
0.785655
0.779804
0.773471
0.767757
0.763686
0.762187
0.763529
0.767204
0.772327
0.777664
0.782301
0.785867
0.788658
0.790926
0.792905
0.794552
0.79565
0.796185
0.79625
0.796212
0.796504
0.797638
0.799797
0.802963
0.806324
0.80868
0.808828
0.805944
0.799799
0.790871
0.779986
0.768016
0.755965
0.744666
0.734705
0.726735
0.721389
0.719306
0.721073
0.726963
0.736828
0.749894
0.764613
0.779041
0.791416
0.800246
0.804863
0.805423
0.802927
0.798673
0.793935
0.789762
0.786664
0.784693
0.783937
0.78406
0.784903
0.786422
0.788342
0.790478
0.792513
0.794204
0.795758
0.797612
0.800351
0.804136
0.80847
0.812292
0.814227
0.813391
0.809573
0.803226
0.795134
0.786458
0.778263
0.771249
0.76571
0.761533
0.758284
0.755422
0.752718
0.750156
0.74788
0.746355
0.745954
0.747313
0.750601
0.755984
0.762437
0.768557
0.77273
0.773829
0.771627
0.766905
0.760669
0.754318
0.749033
0.745465
0.74424
0.74559
0.74946
0.755698
0.76378
0.773013
0.782572
0.791732
0.799693
0.806102
0.810803
0.813885
0.815411
0.815532
0.814322
0.812103
0.809226
0.806405
0.804186
0.802718
0.801734
0.800357
0.797524
0.792202
0.784061
0.773372
0.761261
0.749362
0.739471
0.732974
0.730532
0.732187
0.737083
0.743895
0.751095
0.757624
0.762562
0.765512
0.766395
0.765445
0.762976
0.759411
0.755144
0.75064
0.746372
0.742956
0.740963
0.74101
0.743634
0.74909
0.757232
0.767542
0.77891
0.789918
0.798974
0.804899
0.806854
0.805022
0.800633
0.795255
0.790507
0.787484
0.786316
0.786402
0.786566
0.785583
0.78251
0.776817
0.768987
0.760369
0.75264
0.747699
0.746847
0.750528
0.758308
0.76926
0.782025
0.795397
0.808276
0.819892
0.829712
0.837368
0.842479
0.844752
0.844061
0.840702
0.83529
0.828491
0.820315
0.8105
0.798743
0.785263
0.771048
0.757152
0.744346
0.732929
0.722852
0.714287
0.707932
0.704728
0.705171
0.709389
0.716776
0.726476
0.737838
0.750342
0.763538
0.776664
0.78884
0.799051
0.806335
0.810325
0.811084
0.809362
0.806159
0.802524
0.799292
0.796981
0.796064
0.796499
0.797806
0.799267
0.80016
0.799934
0.798404
0.795667
0.79186
0.786973
0.781008
0.773828
0.765711
0.757342
0.749757
0.744103
0.741148
0.741201
0.743942
0.748283
0.753005
0.756688
0.758688
0.75894
0.758136
0.757052
0.756515
0.756939
0.758465
0.761095
0.764483
0.768571
0.773395
0.778807
0.784541
0.789921
0.794314
0.797273
0.798439
0.797744
0.795229
0.790977
0.785205
0.778229
0.770717
0.763767
0.758564
0.755971
0.756174
0.758659
0.762675
0.767571
0.772956
0.778811
0.785239
0.792143
0.799244
0.805798
0.810855
0.813546
0.813262
0.809709
0.803624
0.796646
0.791295
0.789837
0.793142
0.799769
0.806955
0.812053
0.813657
0.81175
0.806848
0.799613
0.790642
0.780441
0.769364
0.757968
0.746923
0.737063
0.729233
0.724281
0.722767
0.724995
0.730677
0.739019
0.748863
0.75892
0.76846
0.777062
0.784799
0.791863
0.798446
0.804251
0.808883
0.811623
0.81175
0.808579
0.801704
0.791277
0.778034
0.763251
0.748608
0.735792
0.726196
0.72088
0.720385
0.724798
0.733752
0.746376
0.761103
0.77634
0.790469
0.802091
0.810354
0.814791
0.815621
0.813493
0.809422
0.804415
0.799568
0.795798
0.793859
0.794177
0.796761
0.80107
0.806159
0.810932
0.814269
0.815419
0.813959
0.810007
0.804041
0.796587
0.788307
0.779423
0.770239
0.760988
0.752175
0.744393
0.738048
0.73314
0.729275
0.725912
0.722761
0.719912
0.718196
0.718604
0.722159
0.729475
0.74033
0.754222
0.770094
0.786925
0.803638
0.819115
0.832312
0.842043
0.847422
0.847722
0.84287
0.833187
0.819508
0.803071
0.785168
0.76709
0.74994
0.734611
0.721908
0.712553
0.706911
0.705111
0.707123
0.712334
0.719919
0.728899
0.738352
0.747578
0.756165
0.763878
0.770889
0.777311
0.783263
0.788827
0.793754
0.797639
0.800104
0.800698
0.799262
0.795915
0.791086
0.785569
0.78067
0.777804
0.778248
0.782548
0.790359
0.800553
0.811438
0.821436
0.82904
0.833027
0.832738
0.827862
0.818772
0.806311
0.791967
0.777279
0.764039
0.753609
0.7471
0.745153
0.747613
0.753791
0.762264
0.771307
0.779309
0.784825
0.786884
0.785253
0.780289
0.772901
0.764168
0.755234
0.747153
0.74059
0.735847
0.733169
0.732785
0.735156
0.740746
0.749781
0.762099
0.776657
0.792037
0.806257
0.817609
0.824987
0.828015
0.827206
0.82348
0.817709
0.810445
0.801746
0.791257
0.778992
0.76549
0.751974
0.73992
0.730824
0.726111
0.726464
0.731727
0.740984
0.752845
0.766289
0.780182
0.793786
0.805862
0.815082
0.820041
0.819727
0.813839
0.803137
0.789467
0.775223
0.763044
0.754773
0.751078
0.751503
0.754688
0.759091
0.763583
0.767616
0.77123
0.7747
0.778535
0.783076
0.788171
0.793327
0.797717
0.800469
0.800889
0.798911
0.794861
0.789476
0.783305
0.77712
0.77123
0.765637
0.760351
0.755289
0.750759
0.747034
0.744493
0.743964
0.745935
0.750798
0.758566
0.768912
0.780913
0.793329
0.804974
0.814776
0.821624
0.824727
0.823646
0.818105
0.808487
0.795897
0.781838
0.768555
0.758209
0.752503
0.752231
0.75715
0.765844
0.776615
0.787587
0.797422
0.805397
0.811316
0.815137
0.816747
0.815969
0.812426
0.806082
0.797175
0.786336
0.774746
0.763663
0.754596
0.748821
0.747187
0.749759
0.755901
0.764377
0.77395
0.783527
0.792376
0.800149
0.806601
0.811303
0.813901
0.813991
0.811187
0.805437
0.796788
0.785403
0.771617
0.755951
0.739229
0.722775
0.708363
0.697773
0.692687
0.694173
0.70252
0.717118
0.736541
0.759028
0.78261
0.805373
0.825865
0.84273
0.855129
0.86257
0.864896
0.862415
0.855475
0.844759
0.830943
0.814994
0.798016
0.781229
0.765796
0.752343
0.741313
0.732789
0.726739
0.723162
0.722084
0.723282
0.726247
0.730288
0.734401
0.737744
0.739869
0.740638
0.740368
0.739556
0.738892
0.738942
0.740088
0.742566
0.746333
0.751306
0.757315
0.764023
0.77113
0.778185
0.784945
0.790948
0.796007
0.799828
0.802293
0.803122
0.802187
0.799377
0.795093
0.789997
0.784968
0.780625
0.776801
0.772982
0.768763
0.764354
0.760673
0.758862
0.7598
0.763475
0.76921
0.776128
0.783424
0.790301
0.796298
0.801025
0.80423
0.805606
0.80521
0.803035
0.7994
0.794774
0.789826
0.785168
0.781442
0.77912
0.778463
0.779361
0.781444
0.784462
0.787846
0.791149
0.794008
0.796151
0.797383
0.797344
0.795706
0.792199
0.786705
0.779077
0.769708
0.759221
0.748712
0.739449
0.732908
0.730069
0.731463
0.736569
0.743796
0.750954
0.755492
0.755313
0.749377
0.738002
0.722786
0.706316
0.691549
0.681148
0.676902
0.679464
0.688313
0.702339
0.720182
0.740277
0.761118
0.781337
0.799601
0.814934
0.826587
0.834149
0.837638
0.837591
0.834748
0.830281
0.825303
0.820471
0.816129
0.811836
0.807009
0.801113
0.793832
0.785865
0.77863
0.773784
0.772811
0.776149
0.78325
0.792793
0.803576
0.814388
0.824521
0.833326
0.840302
0.845196
0.847649
0.847412
0.844392
0.838401
0.829381
0.81712
0.801241
0.781548
0.758371
0.733076
0.707805
0.685019
0.666854
0.654704
0.649137
0.649918
0.656508
0.667999
0.683443
0.701944
0.722663
0.744381
0.766059
0.78642
0.804212
0.818425
0.828416
0.83382
0.834812
0.831976
0.826028
0.818006
0.808936
0.799897
0.791885
0.785771
0.782274
0.781649
0.783862
0.788557
0.794878
0.801771
0.808148
0.813063
0.815905
0.81637
0.814301
0.81
0.803711
0.79591
0.787153
0.777851
0.768588
0.759913
0.7523
0.746262
0.742255
0.740798
0.742101
0.746366
0.753734
0.764041
0.77668
0.790657
0.804362
0.816031
0.824129
0.827415
0.825712
0.819414
0.809847
0.798761
0.788069
0.779045
0.772553
0.768324
0.7656
0.76358
0.761672
0.759946
0.758769
0.758592
0.759606
0.761742
0.76442
0.766931
0.768483
0.768232
0.765888
0.761634
0.756056
0.75028
0.745501
0.74273
0.742501
0.744771
0.748807
0.75359
0.758135
0.761814
0.764548
0.766722
0.769257
0.773202
0.779439
0.788176
0.7985
0.808691
0.816746
0.821105
0.821364
0.935221
0.918982
0.901625
0.886223
0.874997
0.868806
0.867564
0.870162
0.874842
0.879787
0.883257
0.883755
0.880218
0.872412
0.860968
0.847153
0.832412
0.817782
0.804197
0.792444
0.783463
0.778152
0.777172
0.780616
0.78811
0.798558
0.81061
0.82265
0.833517
0.842143
0.848572
0.853421
0.858025
0.863902
0.871804
0.88173
0.892549
0.902378
0.909062
0.911135
0.908106
0.900523
0.88988
0.878375
0.867804
0.859501
0.853796
0.850276
0.848255
0.846899
0.845629
0.843778
0.840737
0.83614
0.829755
0.821876
0.813085
0.804617
0.798347
0.796167
0.799529
0.808452
0.82138
0.835441
0.847584
0.855291
0.857614
0.855056
0.849306
0.842496
0.836546
0.832789
0.831599
0.832592
0.834967
0.837883
0.840725
0.843585
0.847261
0.852667
0.860413
0.870056
0.880134
0.888779
0.89413
0.895072
0.891324
0.883614
0.873393
0.862558
0.853135
0.846509
0.843269
0.842757
0.843699
0.844608
0.844478
0.843007
0.840376
0.837099
0.833819
0.831538
0.831423
0.834614
0.841365
0.850956
0.861658
0.871025
0.876685
0.876945
0.871273
0.860491
0.846612
0.832026
0.819256
0.810304
0.806272
0.807551
0.813788
0.824082
0.837167
0.851502
0.865524
0.877907
0.887649
0.894136
0.896941
0.895906
0.890946
0.882065
0.869449
0.853741
0.835875
0.817241
0.799791
0.785703
0.777142
0.775347
0.780192
0.790079
0.802433
0.814807
0.825604
0.834019
0.840166
0.844622
0.848417
0.852655
0.858371
0.866174
0.875974
0.887238
0.898848
0.909465
0.917968
0.923426
0.925431
0.923866
0.919112
0.91187
0.903087
0.893617
0.884539
0.876976
0.87212
0.870682
0.872353
0.875476
0.877868
0.877427
0.873044
0.864657
0.853001
0.839431
0.825229
0.811389
0.798445
0.786711
0.776411
0.768078
0.762463
0.760753
0.763957
0.772188
0.78445
0.798868
0.813396
0.826678
0.838177
0.847829
0.856064
0.863144
0.868992
0.873089
0.874798
0.873668
0.870117
0.865366
0.861689
0.861428
0.866016
0.875207
0.887406
0.90001
0.910604
0.917095
0.918368
0.914227
0.90533
0.892807
0.877915
0.861748
0.844781
0.827701
0.811308
0.797013
0.78663
0.781475
0.782226
0.788766
0.800181
0.815193
0.832061
0.848668
0.862837
0.873301
0.879677
0.882442
0.882958
0.88275
0.883064
0.884586
0.887259
0.890483
0.893038
0.893466
0.890393
0.882968
0.87121
0.855852
0.838392
0.820499
0.803972
0.790413
0.78098
0.776309
0.776411
0.780882
0.788834
0.799219
0.810943
0.823046
0.834542
0.844941
0.854273
0.862726
0.870982
0.879556
0.888392
0.896925
0.904302
0.909411
0.911313
0.909604
0.904263
0.895669
0.885019
0.87407
0.864678
0.85831
0.855509
0.855753
0.857617
0.859229
0.85895
0.855424
0.848098
0.837352
0.823911
0.808977
0.793743
0.779679
0.768519
0.76211
0.762069
0.769263
0.783575
0.803626
0.827121
0.851118
0.872797
0.890036
0.901369
0.906292
0.905235
0.899075
0.88895
0.876065
0.861559
0.846499
0.831976
0.819124
0.809061
0.802833
0.801126
0.804252
0.812202
0.824861
0.841629
0.861688
0.88361
0.905489
0.925376
0.941127
0.951042
0.953875
0.94898
0.936177
0.915771
0.888809
0.857113
0.823454
0.791119
0.763776
0.744698
0.735943
0.73756
0.747587
0.762339
0.777836
0.790683
0.798637
0.801061
0.798588
0.793211
0.787589
0.784604
0.786696
0.795365
0.810507
0.830799
0.853968
0.877542
0.899217
0.91703
0.929557
0.935781
0.935053
0.927467
0.914405
0.89866
0.883605
0.871861
0.864436
0.860812
0.860334
0.862606
0.867539
0.875052
0.884356
0.894186
0.902513
0.907237
0.906689
0.900177
0.888107
0.87213
0.854347
0.837082
0.822473
0.811845
0.806273
0.805997
0.810529
0.818901
0.829601
0.841185
0.85232
0.86201
0.86971
0.875194
0.878545
0.87967
0.878516
0.875129
0.869641
0.862597
0.854527
0.845909
0.836976
0.8275
0.817059
0.805469
0.792982
0.780407
0.769071
0.760252
0.755002
0.753915
0.756947
0.76364
0.773385
0.78539
0.798837
0.812989
0.827042
0.83995
0.850596
0.858108
0.861982
0.862386
0.859998
0.85607
0.851772
0.847967
0.845032
0.842907
0.841529
0.840601
0.839905
0.83931
0.838561
0.837473
0.836259
0.83527
0.835154
0.836559
0.839801
0.84501
0.851693
0.858846
0.865314
0.869851
0.871458
0.869826
0.865281
0.858541
0.850802
0.843458
0.83799
0.835449
0.836404
0.840469
0.846452
0.852397
0.856254
0.856796
0.853856
0.847977
0.840505
0.832932
0.826731
0.823107
0.822822
0.826349
0.833928
0.845416
0.859989
0.876129
0.891598
0.90455
0.913808
0.918943
0.919868
0.916547
0.909066
0.89778
0.883545
0.867683
0.851848
0.8376
0.825983
0.817544
0.812078
0.808846
0.806725
0.804395
0.801058
0.796489
0.791272
0.786623
0.784188
0.785121
0.790108
0.79909
0.811122
0.824768
0.838257
0.84995
0.858367
0.862623
0.862471
0.858382
0.851254
0.842588
0.83413
0.827959
0.826025
0.829756
0.839662
0.854873
0.87349
0.892801
0.910178
0.923476
0.931218
0.932652
0.927767
0.917026
0.901183
0.881905
0.861348
0.841964
0.826087
0.815125
0.809632
0.80915
0.812604
0.818405
0.825145
0.831538
0.836964
0.841128
0.844077
0.845928
0.846647
0.846103
0.844418
0.841988
0.839589
0.838269
0.838999
0.842477
0.848726
0.857283
0.867183
0.877256
0.886382
0.893648
0.898567
0.900792
0.900193
0.89676
0.890563
0.881926
0.871683
0.860995
0.851203
0.843211
0.837321
0.833154
0.829587
0.825339
0.819417
0.811364
0.801272
0.789995
0.778533
0.768164
0.760445
0.757195
0.760528
0.772279
0.793233
0.822138
0.855609
0.888924
0.917355
0.937382
0.947259
0.946985
0.938026
0.922955
0.904878
0.88706
0.872057
0.861729
0.856978
0.857304
0.861187
0.866581
0.871037
0.872331
0.869146
0.861249
0.849325
0.834855
0.819806
0.806101
0.795538
0.789518
0.78885
0.793685
0.803217
0.815598
0.82819
0.838085
0.842951
0.841886
0.835145
0.824587
0.812851
0.802798
0.796844
0.79622
0.80089
0.809891
0.82209
0.836282
0.851478
0.866573
0.880334
0.891495
0.899148
0.902876
0.902928
0.89999
0.894915
0.888526
0.881297
0.87362
0.865445
0.856662
0.847025
0.836443
0.824681
0.811663
0.797925
0.784509
0.773344
0.766528
0.765912
0.772004
0.783674
0.798644
0.814211
0.827814
0.837804
0.843613
0.845973
0.846371
0.84622
0.846375
0.847147
0.84825
0.849444
0.850685
0.852238
0.854402
0.857417
0.860999
0.864461
0.866891
0.86751
0.865998
0.862868
0.859189
0.85594
0.853539
0.851881
0.850768
0.850037
0.849821
0.850432
0.851962
0.853782
0.855009
0.854587
0.851624
0.845867
0.83756
0.827505
0.817018
0.807478
0.800038
0.795538
0.794507
0.796942
0.802795
0.811558
0.822452
0.83435
0.845922
0.855915
0.863281
0.867481
0.86837
0.866239
0.861866
0.856699
0.852781
0.852242
0.856604
0.865959
0.878778
0.89269
0.905111
0.914315
0.91898
0.918634
0.913341
0.903835
0.891269
0.876996
0.862348
0.848255
0.835455
0.824659
0.816705
0.812271
0.811794
0.815145
0.821345
0.829004
0.836793
0.844007
0.850343
0.855831
0.860535
0.864273
0.866469
0.866439
0.863636
0.857707
0.848629
0.83698
0.823736
0.810489
0.799237
0.792105
0.79065
0.795239
0.804884
0.817587
0.831048
0.843239
0.852786
0.858994
0.861887
0.861777
0.859678
0.856708
0.853889
0.851979
0.851313
0.851701
0.852694
0.853858
0.854818
0.855256
0.854651
0.852664
0.848961
0.843688
0.837462
0.83131
0.826681
0.824731
0.825908
0.830095
0.836342
0.843391
0.850095
0.856087
0.86196
0.868783
0.877188
0.88668
0.89548
0.901371
0.902617
0.898754
0.890942
0.881452
0.872779
0.866755
0.86398
0.863878
0.865223
0.866408
0.866294
0.864217
0.859832
0.853458
0.845391
0.836273
0.826599
0.816935
0.808082
0.801226
0.797601
0.797981
0.802405
0.81022
0.819802
0.82929
0.836749
0.840705
0.840579
0.836491
0.829325
0.820372
0.811276
0.803339
0.798047
0.796842
0.800608
0.809779
0.823784
0.841003
0.859237
0.876208
0.889956
0.899247
0.903559
0.90293
0.898013
0.889611
0.87878
0.866588
0.854367
0.84335
0.834684
0.829446
0.828145
0.83085
0.836822
0.844823
0.853313
0.860985
0.867061
0.871132
0.873324
0.873997
0.873476
0.871919
0.869606
0.866242
0.861756
0.855814
0.848389
0.83991
0.831026
0.822553
0.815214
0.809459
0.805823
0.804502
0.805706
0.80924
0.814563
0.820816
0.826988
0.832517
0.837074
0.840875
0.844547
0.848807
0.854172
0.860787
0.868622
0.877101
0.885474
0.892878
0.898416
0.901306
0.901197
0.897871
0.891521
0.882879
0.872902
0.862888
0.853816
0.846473
0.84119
0.837779
0.835753
0.834417
0.833239
0.832007
0.830801
0.829897
0.829728
0.830568
0.832744
0.8364
0.841649
0.848306
0.855883
0.863475
0.869897
0.873987
0.874976
0.872388
0.866405
0.85791
0.848477
0.839892
0.83375
0.831136
0.832022
0.835578
0.84044
0.844944
0.848006
0.849378
0.849586
0.849542
0.850087
0.851464
0.85341
0.855455
0.856994
0.857987
0.858434
0.858555
0.858575
0.8588
0.85941
0.860581
0.862573
0.865562
0.869349
0.873434
0.87691
0.878543
0.876943
0.871092
0.860326
0.84495
0.826188
0.805853
0.78601
0.76857
0.755176
0.746929
0.744395
0.747709
0.756398
0.769327
0.784971
0.802061
0.820101
0.839042
0.858874
0.879012
0.897883
0.913796
0.925431
0.932331
0.934866
0.933545
0.928934
0.921451
0.911449
0.899394
0.885986
0.872487
0.860183
0.850578
0.844609
0.842486
0.843654
0.847339
0.852753
0.85913
0.865637
0.871284
0.874877
0.875235
0.871714
0.863963
0.852623
0.838739
0.82442
0.812105
0.803848
0.801037
0.803894
0.81148
0.822183
0.834197
0.845997
0.856183
0.863689
0.867533
0.86705
0.862053
0.853005
0.841228
0.828995
0.818777
0.812905
0.812879
0.81902
0.830153
0.844315
0.859194
0.87261
0.882859
0.953359
0.951457
0.94552
0.936085
0.923789
0.90944
0.893939
0.878433
0.864012
0.851943
0.843134
0.838032
0.836543
0.838001
0.841802
0.847387
0.854176
0.861205
0.867376
0.871679
0.873671
0.873538
0.872348
0.871599
0.87287
0.877179
0.884747
0.894559
0.905184
0.915475
0.925025
0.934256
0.943707
0.953509
0.963226
0.971658
0.977532
0.979666
0.977316
0.970265
0.958904
0.943775
0.925813
0.906387
0.887006
0.869301
0.854612
0.843495
0.835903
0.831277
0.828971
0.82851
0.829477
0.831454
0.833944
0.836146
0.837535
0.837792
0.837063
0.836089
0.835975
0.837978
0.842893
0.850961
0.861727
0.874103
0.886728
0.898255
0.907909
0.915041
0.919564
0.92172
0.921792
0.920203
0.917371
0.913179
0.907545
0.900417
0.891482
0.880826
0.868858
0.856345
0.84506
0.837419
0.835877
0.841856
0.854474
0.870989
0.887717
0.90135
0.909526
0.911178
0.906377
0.896416
0.883428
0.870164
0.859052
0.852073
0.850059
0.852858
0.859485
0.868789
0.879708
0.891341
0.903109
0.914385
0.924916
0.934612
0.943447
0.95133
0.957794
0.962473
0.965139
0.965538
0.963663
0.959661
0.95342
0.944904
0.933962
0.920545
0.905184
0.889197
0.874225
0.861871
0.852883
0.847206
0.843923
0.841727
0.83929
0.835644
0.830241
0.823147
0.814882
0.806471
0.799259
0.794644
0.793657
0.796898
0.8046
0.816734
0.833421
0.854461
0.878916
0.905168
0.930834
0.95333
0.970328
0.980407
0.983046
0.97878
0.968469
0.953852
0.93684
0.919567
0.903891
0.89114
0.881932
0.876077
0.872868
0.871822
0.87249
0.874646
0.877887
0.881707
0.88527
0.887645
0.888078
0.886266
0.882403
0.87717
0.871755
0.867248
0.86469
0.864371
0.86586
0.86824
0.870367
0.871546
0.871627
0.871241
0.871067
0.871423
0.871911
0.871713
0.870147
0.86742
0.86455
0.863181
0.864874
0.87026
0.87876
0.888609
0.897574
0.903754
0.906101
0.904588
0.899949
0.893545
0.887214
0.882623
0.881076
0.883483
0.889839
0.89947
0.911024
0.922914
0.933373
0.940984
0.9449
0.944905
0.941516
0.935659
0.928298
0.920223
0.912167
0.904989
0.89922
0.895155
0.89274
0.891521
0.890937
0.890433
0.889275
0.886924
0.882958
0.877262
0.870125
0.861856
0.853039
0.844516
0.837423
0.832911
0.832119
0.835638
0.843203
0.853494
0.864749
0.875062
0.882915
0.887175
0.887473
0.883957
0.877486
0.869421
0.861462
0.855602
0.853646
0.856991
0.866183
0.880955
0.899869
0.920813
0.941467
0.959776
0.974285
0.984014
0.988409
0.987268
0.980288
0.967313
0.948301
0.924104
0.896936
0.870612
0.849438
0.836078
0.830539
0.830934
0.834959
0.840791
0.846938
0.852347
0.856454
0.859148
0.86128
0.863975
0.868584
0.876075
0.886513
0.898878
0.911504
0.922383
0.929438
0.931258
0.926866
0.915926
0.8991
0.87824
0.856617
0.838532
0.827575
0.825034
0.829477
0.838491
0.850042
0.863527
0.879145
0.896645
0.914941
0.931881
0.944922
0.95177
0.950982
0.942092
0.925565
0.902987
0.876946
0.850711
0.827834
0.811333
0.803055
0.80324
0.810716
0.823162
0.838127
0.853372
0.867362
0.879271
0.888978
0.896952
0.903881
0.910503
0.917328
0.92467
0.932232
0.939263
0.944936
0.948209
0.948474
0.945295
0.938739
0.929101
0.91699
0.903332
0.889111
0.875663
0.864253
0.856217
0.852529
0.854005
0.860747
0.871977
0.886164
0.901084
0.914741
0.925235
0.931432
0.932499
0.927967
0.91768
0.901858
0.88116
0.856715
0.830482
0.805047
0.783247
0.767917
0.760846
0.762769
0.772994
0.790161
0.812506
0.83815
0.865155
0.891713
0.916218
0.937223
0.95374
0.964897
0.970293
0.969603
0.962842
0.950656
0.934319
0.915536
0.896285
0.878726
0.864965
0.856672
0.854867
0.859565
0.869642
0.882922
0.896495
0.907593
0.914199
0.915759
0.913084
0.908058
0.902919
0.899446
0.898668
0.900377
0.903576
0.907013
0.909719
0.911109
0.91082
0.908857
0.90476
0.898384
0.889891
0.880095
0.870418
0.862563
0.857888
0.856785
0.858682
0.862309
0.866235
0.869251
0.870732
0.870552
0.869009
0.866633
0.864017
0.86144
0.859186
0.857428
0.856384
0.856293
0.857283
0.859764
0.863974
0.870615
0.880276
0.893091
0.908346
0.924014
0.937631
0.946632
0.948915
0.943362
0.929495
0.908089
0.881314
0.852674
0.826584
0.807508
0.798665
0.801362
0.814347
0.834715
0.858723
0.882895
0.904576
0.922115
0.93472
0.942632
0.946563
0.947379
0.945928
0.942896
0.938235
0.931877
0.92412
0.915753
0.908097
0.90241
0.899351
0.898657
0.899585
0.901198
0.902637
0.903189
0.902394
0.899942
0.895857
0.890233
0.883225
0.875163
0.866254
0.857186
0.848873
0.842441
0.838966
0.839299
0.844064
0.853561
0.867379
0.884137
0.901261
0.915427
0.923661
0.924297
0.917277
0.904113
0.887283
0.869856
0.854679
0.843991
0.83878
0.838948
0.843209
0.84995
0.857819
0.866373
0.875559
0.885603
0.896432
0.907296
0.917006
0.923773
0.926357
0.924018
0.917141
0.907293
0.896604
0.887302
0.881164
0.878947
0.880537
0.885017
0.891206
0.898079
0.905152
0.911982
0.918382
0.924028
0.928249
0.930163
0.928818
0.923349
0.913425
0.899305
0.882015
0.863444
0.846124
0.832573
0.82492
0.824311
0.830568
0.84203
0.856054
0.86966
0.880544
0.887335
0.890184
0.890263
0.889709
0.890656
0.894656
0.902228
0.912745
0.92467
0.936196
0.945605
0.951367
0.952423
0.948338
0.939003
0.925239
0.908286
0.890092
0.872808
0.858637
0.849129
0.845087
0.846387
0.851977
0.860456
0.870173
0.879636
0.887604
0.893467
0.89666
0.897292
0.895576
0.892126
0.88755
0.882691
0.878063
0.874051
0.870859
0.868275
0.866007
0.863593
0.860527
0.8568
0.853108
0.850883
0.85198
0.857821
0.868985
0.884211
0.901118
0.91739
0.931174
0.941583
0.948343
0.951508
0.95087
0.946452
0.938318
0.926811
0.912719
0.897258
0.882172
0.869337
0.860379
0.855812
0.854878
0.855844
0.856637
0.856227
0.854562
0.852751
0.852177
0.853942
0.858477
0.865693
0.87533
0.886953
0.900109
0.913963
0.927246
0.938463
0.946186
0.949409
0.947503
0.940593
0.929483
0.915268
0.899601
0.883988
0.869872
0.858261
0.849843
0.84537
0.845447
0.850391
0.859833
0.872361
0.885435
0.89617
0.90212
0.90203
0.895855
0.884652
0.870202
0.854972
0.841584
0.832168
0.828086
0.829535
0.835732
0.845068
0.855615
0.865698
0.873942
0.87957
0.882381
0.882789
0.881839
0.880934
0.881162
0.882913
0.885915
0.889375
0.892731
0.895723
0.898668
0.902105
0.906289
0.910987
0.915688
0.920089
0.924194
0.928113
0.93197
0.935389
0.937165
0.935884
0.930117
0.91912
0.903087
0.88311
0.860948
0.838768
0.818582
0.802013
0.790341
0.784442
0.784858
0.792048
0.806055
0.82655
0.852361
0.881443
0.910944
0.937889
0.959524
0.973813
0.979863
0.978114
0.96996
0.957934
0.94493
0.933344
0.924698
0.919274
0.916433
0.9148
0.912947
0.909595
0.903479
0.8941
0.881589
0.86707
0.852458
0.839976
0.831354
0.827128
0.8269
0.829663
0.834647
0.84164
0.850754
0.862188
0.87536
0.888835
0.900881
0.909962
0.915421
0.917599
0.917662
0.917005
0.916962
0.91831
0.921171
0.925374
0.93061
0.936
0.939764
0.939798
0.934585
0.924241
0.910202
0.895039
0.881297
0.870983
0.864704
0.862111
0.862045
0.863326
0.86497
0.866384
0.866993
0.866091
0.86285
0.856507
0.84684
0.83442
0.820642
0.807495
0.796736
0.790038
0.788422
0.792152
0.800468
0.812158
0.825562
0.839074
0.85141
0.861892
0.870365
0.876976
0.882332
0.887081
0.891848
0.896896
0.902315
0.90788
0.913297
0.918224
0.922544
0.926404
0.929939
0.933279
0.936232
0.938382
0.939447
0.939351
0.938403
0.936685
0.934049
0.930205
0.924483
0.916578
0.906715
0.895392
0.883408
0.871272
0.859523
0.848464
0.838445
0.830232
0.82468
0.822729
0.824987
0.831466
0.841336
0.853333
0.866087
0.878404
0.889527
0.899019
0.906888
0.913292
0.918164
0.921613
0.923536
0.923571
0.921204
0.915778
0.907008
0.894923
0.880287
0.864498
0.849188
0.836114
0.826707
0.821948
0.822227
0.827466
0.836909
0.849365
0.863404
0.87772
0.891208
0.902902
0.912335
0.919194
0.923148
0.92388
0.921194
0.915247
0.906751
0.89687
0.887029
0.878607
0.872821
0.870373
0.871251
0.875044
0.881005
0.888337
0.896478
0.904906
0.913279
0.92095
0.927383
0.931781
0.933673
0.932663
0.928357
0.920862
0.910394
0.897403
0.882746
0.867366
0.852541
0.839855
0.831006
0.827262
0.829156
0.835762
0.845472
0.856184
0.865925
0.87305
0.876865
0.87747
0.875785
0.873174
0.870857
0.869842
0.870399
0.87207
0.873936
0.874716
0.873439
0.869739
0.864055
0.857802
0.852843
0.850932
0.853331
0.859995
0.869966
0.88184
0.893808
0.904329
0.91217
0.916729
0.917845
0.915903
0.911824
0.90659
0.901288
0.896928
0.894383
0.894034
0.895862
0.89929
0.903393
0.907552
0.91142
0.91523
0.919073
0.922329
0.92404
0.923145
0.919266
0.913197
0.906584
0.901631
0.899803
0.90136
0.904922
0.90816
0.908523
0.904187
0.894265
0.879391
0.861304
0.842721
0.826571
0.81543
0.811191
0.814375
0.824787
0.841264
0.861956
0.884357
0.905639
0.923089
0.93459
0.93905
0.936687
0.928648
0.91687
0.903518
0.890301
0.878276
0.867959
0.859469
0.852607
0.847076
0.842837
0.839894
0.838641
0.839438
0.842438
0.847213
0.852445
0.856208
0.856962
0.85437
0.849475
0.844725
0.842822
0.845885
0.854919
0.869331
0.887372
0.907186
0.926613
0.943731
0.956417
0.963089
0.962937
0.956391
0.94486
0.930228
0.914483
0.899539
0.886911
0.877548
0.872159
0.87114
0.87439
0.88153
0.891699
0.903801
0.916793
0.929346
0.940213
0.948267
0.952619
0.952535
0.947923
0.939348
0.92777
0.914735
0.901721
0.889946
0.880375
0.873391
0.868907
0.954179
0.94945
0.943617
0.936656
0.928882
0.920873
0.913381
0.907147
0.902991
0.901383
0.902553
0.906209
0.91167
0.917886
0.923367
0.926614
0.926826
0.924085
0.91934
0.914151
0.909987
0.907899
0.908115
0.910269
0.913799
0.9178
0.921484
0.924065
0.925053
0.924297
0.92214
0.919474
0.917549
0.917811
0.921212
0.927402
0.934547
0.939876
0.940918
0.936689
0.927752
0.915945
0.90409
0.894966
0.890942
0.893443
0.902649
0.917927
0.937931
0.961094
0.985497
1.00894
1.02912
1.04403
1.05249
1.05429
1.05034
1.04204
1.03046
1.01633
0.999846
0.981404
0.96185
0.94282
0.926194
0.913879
0.907017
0.905883
0.909782
0.91718
0.926475
0.935815
0.943677
0.949046
0.95117
0.949761
0.944948
0.937318
0.927517
0.916442
0.904826
0.893186
0.881868
0.871008
0.860639
0.850924
0.841689
0.833226
0.826033
0.821173
0.820146
0.824477
0.834724
0.849972
0.86792
0.885762
0.901352
0.913589
0.922524
0.92925
0.935218
0.941692
0.949685
0.959416
0.970633
0.982604
0.994364
1.00495
1.01374
1.02044
1.02473
1.02606
1.0236
1.01653
1.00448
0.987904
0.968427
0.948582
0.931599
0.920243
0.915707
0.91706
0.922166
0.928766
0.935185
0.939989
0.942256
0.94153
0.937842
0.932056
0.925577
0.920398
0.918401
0.920649
0.927035
0.936326
0.946516
0.95551
0.961362
0.962752
0.959132
0.950974
0.939376
0.925754
0.912002
0.899993
0.891412
0.887547
0.888817
0.894793
0.904212
0.91523
0.925957
0.935167
0.941927
0.94573
0.946319
0.943944
0.939473
0.934216
0.929613
0.926328
0.924596
0.924079
0.924237
0.924806
0.925619
0.926992
0.928933
0.931614
0.935363
0.940183
0.946016
0.952285
0.957991
0.962049
0.963979
0.964145
0.963555
0.963418
0.964368
0.966384
0.968814
0.970664
0.971096
0.969798
0.966742
0.96231
0.957015
0.951512
0.946112
0.940927
0.935658
0.930278
0.925068
0.920525
0.917389
0.915984
0.916629
0.919257
0.923714
0.929403
0.93581
0.94188
0.946712
0.949628
0.950228
0.949037
0.946856
0.944718
0.943651
0.944005
0.945395
0.946919
0.947439
0.946087
0.942508
0.936839
0.929713
0.921859
0.913981
0.907052
0.902102
0.900084
0.901185
0.904467
0.908205
0.910979
0.912054
0.911872
0.911309
0.911462
0.913379
0.917667
0.924807
0.934837
0.947297
0.961177
0.974924
0.986806
0.995468
0.999851
0.999731
0.995237
0.986764
0.975193
0.96154
0.946931
0.932391
0.918935
0.907797
0.90044
0.898275
0.902245
0.912479
0.927569
0.944758
0.960844
0.973074
0.979957
0.981158
0.977235
0.969335
0.959079
0.948215
0.938555
0.931373
0.927152
0.925685
0.92598
0.926916
0.927896
0.929303
0.9321
0.937416
0.945352
0.954399
0.961972
0.965827
0.965059
0.960306
0.953042
0.944549
0.935226
0.924582
0.912453
0.899521
0.886997
0.876261
0.868251
0.863431
0.862165
0.865054
0.872875
0.886092
0.904533
0.926904
0.950548
0.972125
0.988505
0.997383
0.998191
0.991977
0.980725
0.96676
0.952034
0.937998
0.926007
0.917746
0.914646
0.916717
0.922364
0.928873
0.93394
0.93643
0.936586
0.935572
0.934953
0.935948
0.93947
0.945754
0.954383
0.96432
0.97424
0.982699
0.98849
0.990346
0.987004
0.977209
0.960351
0.936868
0.908657
0.87892
0.85139
0.829583
0.816102
0.81206
0.817349
0.830906
0.851146
0.875943
0.902713
0.928763
0.951671
0.969643
0.981858
0.988266
0.989323
0.985632
0.97807
0.967718
0.955985
0.944492
0.934651
0.927654
0.924087
0.924174
0.92761
0.933718
0.941663
0.950292
0.958474
0.965292
0.970105
0.972414
0.972064
0.969216
0.964156
0.957184
0.948375
0.937855
0.925668
0.91173
0.896461
0.880805
0.86655
0.855714
0.850028
0.850685
0.858127
0.871996
0.891125
0.91371
0.937933
0.962111
0.984318
1.00256
1.01493
1.02015
1.01807
1.00971
0.997049
0.982399
0.968011
0.955322
0.944763
0.93624
0.92938
0.924165
0.920725
0.919205
0.919614
0.921722
0.925099
0.929388
0.934506
0.940809
0.948894
0.958996
0.970545
0.98229
0.992375
0.999081
1.00173
1.00038
0.995725
0.98851
0.979453
0.96902
0.95793
0.947063
0.937335
0.929314
0.923014
0.917966
0.913744
0.910212
0.907698
0.906774
0.907546
0.909645
0.911907
0.912859
0.911003
0.905711
0.897101
0.88669
0.876789
0.869758
0.86756
0.870885
0.879324
0.89143
0.905112
0.91816
0.928346
0.934061
0.934377
0.929251
0.919609
0.906944
0.892832
0.87867
0.865441
0.85457
0.84762
0.846301
0.851647
0.863583
0.880972
0.902393
0.926161
0.950599
0.974096
0.995129
1.01264
1.02592
1.03466
1.03882
1.03844
1.03358
1.02476
1.01337
1.00126
0.99015
0.981123
0.974388
0.969144
0.964235
0.958558
0.951433
0.942565
0.932109
0.920714
0.909338
0.898964
0.890641
0.885451
0.884432
0.888401
0.897475
0.910716
0.92568
0.938972
0.947401
0.948645
0.942116
0.928981
0.912001
0.894911
0.881318
0.873659
0.872199
0.87532
0.880706
0.886372
0.891596
0.896746
0.902786
0.91077
0.920922
0.93253
0.943946
0.953245
0.959063
0.96084
0.959153
0.955244
0.950736
0.94725
0.946112
0.948231
0.953935
0.962926
0.974185
0.985931
0.996166
1.00276
1.004
0.99869
0.986382
0.967437
0.942908
0.914767
0.885576
0.858628
0.837146
0.824093
0.821354
0.829071
0.845884
0.868975
0.895306
0.92223
0.947808
0.970688
0.990003
1.00514
1.01567
1.02112
1.02113
1.01524
1.0036
0.987303
0.968614
0.950713
0.936637
0.928358
0.926472
0.930416
0.939066
0.951097
0.965129
0.97973
0.9935
1.0051
1.01331
1.01691
1.01512
1.00764
0.994922
0.978147
0.959315
0.940626
0.92432
0.911946
0.904065
0.900215
0.89932
0.899756
0.900322
0.899999
0.898199
0.894395
0.888455
0.8807
0.872477
0.865248
0.860641
0.859799
0.863362
0.871375
0.883428
0.89874
0.916043
0.933927
0.950877
0.965735
0.97771
0.986578
0.992652
0.996574
0.998899
0.999679
0.998518
0.994946
0.988393
0.978586
0.965486
0.949523
0.931509
0.912726
0.894806
0.879698
0.868988
0.863631
0.863666
0.86857
0.877842
0.89055
0.905501
0.920377
0.932345
0.939202
0.940153
0.936785
0.931804
0.927862
0.926381
0.926921
0.928242
0.929279
0.929717
0.930068
0.931643
0.935915
0.944109
0.95663
0.972872
0.991038
1.00886
1.02407
1.03501
1.04077
1.04092
1.03531
1.02357
1.00569
0.981644
0.952271
0.919422
0.886037
0.855742
0.831863
0.816755
0.811053
0.813621
0.822383
0.835172
0.850458
0.867277
0.885148
0.903575
0.921609
0.937798
0.950504
0.958476
0.961612
0.961278
0.959639
0.9589
0.95977
0.961821
0.964539
0.967781
0.971856
0.977272
0.98439
0.993582
1.00482
1.01759
1.03101
1.04331
1.05257
1.05651
1.05336
1.04226
1.02366
0.999222
0.971405
0.942912
0.916113
0.892616
0.873295
0.858821
0.849251
0.844236
0.843173
0.845356
0.850227
0.857308
0.866159
0.876403
0.887673
0.899516
0.911619
0.923587
0.934846
0.944681
0.952236
0.957119
0.95921
0.958793
0.955993
0.950943
0.94362
0.934482
0.924653
0.915712
0.90927
0.906837
0.909342
0.916925
0.928842
0.94369
0.959395
0.973634
0.984126
0.989093
0.987646
0.980227
0.968767
0.956281
0.94547
0.937419
0.93142
0.925735
0.919317
0.912178
0.905317
0.90028
0.898462
0.900671
0.906747
0.915682
0.926151
0.936754
0.946375
0.954182
0.959475
0.961647
0.960127
0.954815
0.946245
0.93567
0.925127
0.917085
0.914003
0.917897
0.929105
0.945939
0.964638
0.98058
0.989722
0.990031
0.981618
0.966789
0.949174
0.932441
0.9197
0.912992
0.913034
0.918958
0.928614
0.939436
0.949217
0.956745
0.961297
0.962394
0.959084
0.950891
0.937944
0.92154
0.903847
0.88774
0.876221
0.871567
0.874876
0.885562
0.901388
0.919321
0.936388
0.950149
0.959077
0.96258
0.960653
0.954162
0.944837
0.935031
0.927593
0.924971
0.928423
0.937598
0.950733
0.965001
0.977356
0.985244
0.987226
0.983182
0.974318
0.962521
0.94982
0.937582
0.926601
0.916997
0.908632
0.901354
0.895009
0.88997
0.886797
0.885538
0.88577
0.886551
0.886738
0.885528
0.882342
0.877032
0.870048
0.862364
0.855731
0.852075
0.853463
0.861176
0.87568
0.896096
0.920933
0.948061
0.975178
1.00009
1.02108
1.03693
1.04708
1.05134
1.05017
1.04418
1.0346
1.02244
1.00885
0.994974
0.981596
0.969047
0.957814
0.948064
0.9402
0.934387
0.930493
0.928266
0.927676
0.928808
0.932032
0.937693
0.945392
0.953895
0.96085
0.963755
0.960404
0.949751
0.932769
0.912298
0.892424
0.876621
0.866359
0.861373
0.860457
0.86272
0.867561
0.874825
0.884424
0.896163
0.909551
0.923739
0.937608
0.950232
0.960777
0.968877
0.974105
0.976143
0.974839
0.970184
0.962172
0.951142
0.937436
0.921772
0.905224
0.888745
0.87404
0.863366
0.859346
0.864135
0.878307
0.900504
0.927577
0.955752
0.981699
1.00273
1.01708
1.02384
1.02293
1.01467
1.00008
0.980747
0.959077
0.938092
0.921268
0.911787
0.911241
0.91923
0.93302
0.948869
0.962888
0.972261
0.97519
0.971084
0.960597
0.945384
0.92791
0.910708
0.896032
0.885304
0.879206
0.877646
0.880152
0.886154
0.894628
0.904231
0.913617
0.921702
0.928032
0.932549
0.935593
0.937398
0.938216
0.938071
0.937155
0.935557
0.933564
0.931549
0.929702
0.928082
0.926738
0.925417
0.924553
0.924744
0.927018
0.932359
0.94116
0.952895
0.965793
0.977488
0.985357
0.987451
0.983072
0.972974
0.958572
0.941745
0.923798
0.905949
0.889313
0.875334
0.865613
0.861599
0.8642
0.873661
0.88918
0.908958
0.93062
0.951314
0.968211
0.978989
0.982538
0.979029
0.97009
0.958225
0.946188
0.936012
0.928546
0.923547
0.920136
0.917317
0.914725
0.912717
0.91175
0.912193
0.914055
0.916882
0.920289
0.924362
0.929687
0.937101
0.947039
0.965782
0.97466
0.983007
0.989112
0.991401
0.988979
0.981561
0.969533
0.954071
0.937054
0.921285
0.909688
0.904892
0.907975
0.918214
0.933447
0.951157
0.968729
0.983822
0.99449
0.999165
0.99661
0.986402
0.968691
0.945107
0.918496
0.892868
0.871918
0.85836
0.853238
0.855925
0.864995
0.878584
0.894954
0.912708
0.930811
0.948673
0.966276
0.983608
1.0004
1.01572
1.02792
1.03552
1.03767
1.03426
1.02615
1.01417
0.999112
0.981322
0.961204
0.939591
0.918132
0.899129
0.885357
0.878493
0.878522
0.883639
0.891219
0.898859
0.905188
0.909814
0.912923
0.914866
0.916013
0.916776
0.917558
0.918577
0.920069
0.92243
0.926381
0.932749
0.941493
0.951412
0.96046
0.966702
0.968972
0.967472
0.963108
0.956956
0.949644
0.941865
0.934906
0.930834
0.931954
0.940022
0.955307
0.976108
0.999196
1.02036
1.03566
1.04225
1.03894
1.02585
1.00466
0.9778
0.948356
0.919657
0.894769
0.875914
0.864239
0.860086
0.86277
0.871615
0.885332
0.902597
0.921786
0.941265
0.95948
0.974841
0.98578
0.990788
0.988741
0.979564
0.964598
0.946289
0.927618
0.911049
0.897914
0.88835
0.882136
0.87891
0.878428
0.880812
0.88622
0.894978
0.907181
0.922343
0.939437
0.95719
0.974087
0.989084
1.00142
1.01095
1.01742
1.02117
1.02251
1.02196
1.01981
1.01627
1.01104
1.0038
0.994223
0.982194
0.968388
0.95408
0.940908
0.930316
0.922947
0.918345
0.915352
0.912498
0.909091
0.905215
0.901489
0.898683
0.897165
0.896364
0.895272
0.893125
0.889955
0.886553
0.88428
0.884258
0.886981
0.892183
0.899183
0.907586
0.917458
0.929457
0.944308
0.962168
0.981965
1.002
1.01988
1.03335
1.0409
1.04178
1.03579
1.02372
1.00667
0.986099
0.963558
0.941102
0.920844
0.905134
0.896155
0.894701
0.900316
0.911085
0.924541
0.938293
0.950369
0.959572
0.965321
0.967571
0.966704
0.963561
0.958914
0.9533
0.946749
0.938928
0.929449
0.91857
0.907319
0.897344
0.890095
0.886652
0.887232
0.891568
0.899237
0.909525
0.921595
0.934379
0.946589
0.95722
0.965592
0.971254
0.973909
0.97281
0.967438
0.957398
0.94339
0.927295
0.911926
0.900158
0.894253
0.894897
0.901464
0.912157
0.924205
0.934894
0.942126
0.94464
0.941833
0.934228
0.923145
0.910403
0.898135
0.88788
0.880672
0.876671
0.875882
0.878416
0.884602
0.894588
0.90816
0.924568
0.942586
0.96091
0.978421
0.994061
1.00708
1.01714
1.02401
1.02779
1.02874
1.0272
1.02346
1.01788
1.01072
1.00218
0.992453
0.981333
0.96892
0.9554
0.941555
0.928347
0.91698
0.908166
0.901841
0.897193
0.892722
0.887155
0.880122
0.872592
0.866171
0.862573
0.862913
0.867233
0.875289
0.886537
0.900365
0.91595
0.932249
0.947859
0.961657
0.97305
0.982217
0.990161
0.99816
1.00703
1.01638
1.0249
1.03036
1.03061
1.02447
1.01187
0.994174
0.973563
0.952487
0.933224
0.917132
0.904835
0.896224
0.890793
0.887866
0.886971
0.887716
0.8902
0.894431
0.900204
0.907207
0.914927
0.922966
0.931151
0.939434
0.94771
0.955631
0.962392
0.967208
0.969233
0.968211
0.964234
0.957892
0.950055
0.941749
0.933681
0.92666
0.921236
0.91796
0.917354
0.91981
0.925293
0.933367
0.942848
0.952179
0.959531
0.963207
0.962009
0.955768
0.945294
0.932628
0.920383
0.911065
0.906308
0.906773
0.912181
0.921719
0.933981
0.947291
0.959687
0.969286
0.974322
0.973394
0.965601
0.951539
0.933132
0.913637
0.89674
0.885135
0.879847
0.880231
0.884739
0.891366
0.898281
0.904081
0.908017
0.90991
0.910402
0.910427
0.911162
0.913552
0.917931
0.924136
0.931505
0.939368
0.947432
0.955569
0.963669
0.971381
0.977968
0.982666
0.984944
0.985078
0.983847
0.98214
0.980182
0.977404
0.972725
0.965198
0.954615
0.941487
0.926731
0.912015
0.898949
0.889041
0.883232
0.881734
0.884145
0.889735
0.897723
0.907546
0.918587
0.930272
0.941628
0.951851
0.960327
0.966989
0.972257
0.97718
0.982775
0.989727
0.997763
1.00577
1.01227
1.01569
1.0146
1.00835
0.996972
0.981365
0.962871
0.943296
0.924479
0.908061
0.895039
0.885484
0.879129
0.875549
0.874708
0.877169
0.883618
0.894698
0.910007
0.928196
0.946879
0.963728
0.976739
0.984626
0.986417
0.981809
0.971056
0.955364
0.936995
0.919018
0.904885
0.897826
0.899631
0.91011
0.926777
0.945819
0.963349
0.976865
0.985565
0.990442
0.99317
0.995497
0.998251
1.0011
1.00294
1.00256
0.999544
0.9945
0.988373
0.981915
0.975343
0.968244
0.959838
0.949769
0.938249
0.926285
0.915723
0.90837
0.905293
0.906445
0.91039
0.914808
0.917422
0.916733
0.912458
0.905501
0.897565
0.89061
0.886395
0.885745
0.888786
0.894504
0.901481
0.907961
0.912182
0.913035
0.910153
0.904159
0.896103
0.887624
0.880508
0.876446
0.876362
0.880269
0.887392
0.896392
0.906334
0.917043
0.928946
0.943119
0.960199
0.98019
1.00172
1.02272
1.04098
1.05474
1.06284
1.06473
1.06054
1.05067
1.0357
1.01643
0.99372
0.968888
0.944098
0.922333
0.906471
0.898475
0.898202
0.903971
0.913364
0.923656
0.932254
0.936842
0.935756
0.928403
0.915484
0.898954
0.882193
0.868846
0.862471
0.865158
0.876644
0.894873
0.916952
0.939813
0.960713
0.977602
0.989256
0.995329
0.996128
0.99243
0.985091
0.975238
0.964114
0.952735
0.9422
0.933394
0.927096
0.924047
0.924839
0.929612
0.937886
0.949012
0.961946
0.975299
0.987255
0.995773
0.999428
0.998224
0.993293
0.986488
0.979486
0.973245
0.967615
0.961815
0.954886
0.946267
0.936038
0.924932
0.913762
0.903476
0.894742
0.887895
0.882902
0.879544
0.877429
0.876557
0.877
0.879161
0.883501
0.890466
0.900027
0.911697
0.924471
0.937221
0.948995
0.959255
0.967684
0.973869
0.977366
0.978339
0.977553
0.976331
0.976143
0.977956
0.9811
0.983742
0.983503
0.978352
0.967118
0.950076
0.928586
0.904419
0.879816
0.856843
0.837705
0.824688
0.819616
0.823644
0.836646
0.85708
0.88255
0.910265
0.937548
0.962214
0.982867
0.998904
1.01039
1.01763
1.02102
1.02117
1.01837
1.01269
1.00417
0.992869
0.979307
0.964283
0.949278
0.935731
0.925148
0.918582
0.916634
0.919417
0.926248
0.935573
0.945076
0.952213
0.954827
0.951788
0.943299
0.930667
0.916149
0.902266
0.891068
0.883826
0.880763
0.881303
0.88435
0.888965
0.894807
0.90226
0.912242
0.925219
0.940929
0.95813
0.975095
0.990231
1.00249
1.01156
1.01726
1.01969
1.01864
1.01423
1.00632
0.995277
0.98191
0.967269
0.952567
0.939343
0.929074
0.923136
0.9222
0.926025
0.933388
0.942351
0.951365
0.95969
0.967121
0.973355
0.97748
0.978489
0.97546
0.968285
0.957638
0.944765
0.931417
0.919022
0.909049
0.902661
0.900696
0.903637
0.911254
0.921914
0.933214
0.942766
0.948747
0.95035
0.947478
0.940646
0.93072
0.918634
0.905748
0.893583
0.883821
0.878074
0.877566
0.882843
0.893415
0.907948
0.924453
0.941062
0.956093
0.968689
0.978363
0.984829
0.987707
0.986651
0.980847
0.969643
0.952733
0.930682
0.905423
0.880812
0.862339
0.855267
0.861348
0.87793
0.899703
0.921836
0.941181
0.955941
0.965198
0.968571
0.966226
0.958976
0.94824
0.93582
0.923528
0.913175
0.906163
0.903102
0.903905
0.90809
0.914507
0.92179
0.928539
0.933714
0.937013
0.938745
0.939811
0.941144
0.943068
0.945396
0.94758
0.949334
0.950905
0.952613
0.955045
0.958459
0.9627
0.96717
0.970931
0.972915
0.97223
0.968449
0.961826
0.953025
0.943211
0.933683
0.925875
0.921271
0.921107
0.926111
0.936363
0.950624
0.966764
0.981667
0.992288
0.995991
0.991384
0.978504
0.95843
0.933254
0.905624
0.878794
0.856448
0.842219
0.83884
0.847079
0.865636
0.891261
0.919915
0.947838
0.972274
0.991151
1.00316
1.00743
1.00399
0.993684
0.978586
0.961759
0.946281
0.934441
0.92751
0.925261
0.927052
0.93142
0.936995
0.942738
0.947791
0.951517
0.95329
0.952796
0.949774
0.944306
0.937065
0.928754
0.920313
0.912194
0.904866
0.898566
0.89393
0.891661
0.892786
0.89816
0.907937
0.921647
0.937755
0.954172
0.968634
0.97932
0.985387
0.987028
0.985345
0.98162
0.977206
0.973088
0.970002
0.968145
0.967437
0.967411
0.967553
0.967625
0.967817
0.968542
0.970407
0.973192
0.976063
0.977353
0.975277
0.968391
0.956015
0.938431
0.916937
0.893634
0.871056
0.851817
0.838279
0.831871
0.832991
0.841004
0.854401
0.870998
0.888624
0.905397
0.920151
0.932675
0.943559
0.953668
0.963732
0.974001
0.984151
0.993177
0.999748
1.00271
1.00128
0.995492
0.986098
0.97445
0.962339
0.951695
0.94446
0.942022
0.944607
0.951573
0.961313
0.972232
0.982973
0.992676
1.00107
1.00786
1.0127
1.01484
1.01309
1.00611
0.993072
0.973821
0.949168
0.920986
0.891969
0.864904
0.842184
0.825446
0.815268
0.811404
0.813332
0.820484
0.832506
0.84925
0.870041
0.894038
0.919679
0.944972
0.967786
0.986533
1.00003
1.00828
1.01224
1.01329
1.01269
1.01117
1.00877
1.00511
0.999807
0.992696
0.983911
0.973884
0.962984
0.951665
0.94043
0.9297
0.920162
0.912496
0.907821
0.906956
0.910378
0.917551
0.926862
0.935927
0.941867
0.942557
0.937271
0.92694
0.91401
0.901565
0.891962
0.886697
0.886363
0.890825
0.899614
0.911993
0.926929
0.943415
0.960005
0.975049
0.987172
0.995154
0.998333
0.996494
0.98985
0.979369
0.96676
0.95421
0.943332
0.934794
0.928622
0.924876
0.924294
0.927581
0.935401
0.947281
0.961575
0.975616
0.986526
0.992133
0.991609
0.98534
0.974922
0.962702
0.950967
0.941595
0.935509
0.932453
0.931712
0.932386
0.933915
0.935608
0.936616
0.936038
0.933424
0.928911
0.923186
0.917337
0.912523
0.909933
0.957527
0.952453
0.94745
0.94215
0.936427
0.930738
0.925922
0.923145
0.923276
0.926605
0.932505
0.939625
0.946281
0.95069
0.951435
0.948041
0.941067
0.932292
0.924225
0.91945
0.919943
0.925996
0.93655
0.94967
0.963301
0.975733
0.98643
0.99562
1.00401
1.0124
1.0209
1.02901
1.03615
1.04163
1.04473
1.04494
1.04182
1.03582
1.02758
1.01852
1.01005
1.00325
0.998452
0.995321
0.993313
0.991623
0.98952
0.9865
0.982431
0.977246
0.971261
0.964817
0.958349
0.95222
0.946811
0.942622
0.939931
0.939009
0.939916
0.942351
0.945589
0.948778
0.95085
0.951191
0.949698
0.946804
0.943133
0.93916
0.935133
0.931098
0.927184
0.923705
0.921364
0.920787
0.922432
0.926
0.930649
0.935374
0.939378
0.942421
0.945056
0.948309
0.953057
0.960086
0.969721
0.981834
0.99597
1.01136
1.02691
1.04114
1.05245
1.05933
1.06065
1.05601
1.04601
1.03209
1.0161
0.999948
0.985009
0.971812
0.960099
0.949767
0.941257
0.935458
0.933384
0.935932
0.943501
0.955954
0.972437
0.99162
1.01143
1.02992
1.04541
1.0568
1.06358
1.06568
1.06334
1.05677
1.04637
1.03255
1.01603
0.997878
0.978958
0.960117
0.941771
0.924131
0.907016
0.890569
0.875469
0.863106
0.855462
0.854485
0.861036
0.874766
0.893916
0.916021
0.938496
0.959118
0.976258
0.98899
0.997109
1.00093
1.00112
0.998302
0.992949
0.985394
0.975919
0.965059
0.953776
0.943554
0.935911
0.931932
0.932187
0.936049
0.942464
0.950101
0.957973
0.965258
0.971832
0.977778
0.983855
0.990953
0.999791
1.01042
1.02185
1.03259
1.04116
1.04672
1.04931
1.04914
1.04616
1.04004
1.03017
1.01643
0.999388
0.980438
0.961163
0.943628
0.929812
0.921228
0.918961
0.922834
0.931601
0.943164
0.95509
0.964996
0.97112
0.972526
0.969222
0.962113
0.952555
0.942197
0.932365
0.924465
0.91977
0.919316
0.923548
0.931816
0.942308
0.953011
0.962224
0.968849
0.972858
0.975012
0.976838
0.980002
0.9857
0.993914
1.00335
1.0122
1.01843
1.02088
1.0193
1.01443
1.00774
1.00099
0.99577
0.993363
0.994158
0.997979
1.00381
1.00998
1.01496
1.01746
1.01671
1.01273
1.00627
0.998698
0.991377
0.985739
0.982774
0.982648
0.984634
0.987501
0.98992
0.991216
0.991445
0.990668
0.988263
0.983379
0.974968
0.962637
0.946594
0.927863
0.90826
0.890132
0.875813
0.867162
0.865571
0.87181
0.885981
0.906987
0.932314
0.958496
0.981794
0.999358
1.01025
1.01565
1.01819
1.02017
1.02258
1.02507
1.02684
1.02732
1.02621
1.02357
1.01949
1.01418
1.00809
1.00186
0.996534
0.992753
0.990441
0.988872
0.986927
0.98348
0.977819
0.970116
0.961233
0.952571
0.945422
0.94022
0.93647
0.933143
0.929436
0.925063
0.9206
0.917365
0.917036
0.921321
0.930888
0.94478
0.960655
0.975179
0.985775
0.991341
0.992692
0.991856
0.991394
0.993772
1.00015
1.01034
1.02291
1.03553
1.04591
1.05216
1.05335
1.04946
1.04113
1.02954
1.01615
1.00233
0.988952
0.976381
0.964649
0.953464
0.942785
0.932756
0.923752
0.916483
0.911162
0.90756
0.905174
0.902985
0.900063
0.895728
0.889838
0.883032
0.876311
0.871161
0.868806
0.870243
0.876253
0.887146
0.903059
0.923643
0.948133
0.974718
1.00134
1.02561
1.04547
1.05956
1.06708
1.0682
1.06372
1.05516
1.04433
1.03317
1.02286
1.01388
1.0058
0.997892
0.989391
0.979822
0.969059
0.957259
0.945391
0.934877
0.927869
0.926679
0.932666
0.945654
0.963337
0.981818
0.996657
1.00465
1.00448
0.996912
0.984384
0.969608
0.955245
0.943421
0.935769
0.933313
0.93667
0.945694
0.959336
0.976103
0.99387
1.0102
1.02274
1.02933
1.02842
1.01929
1.00252
0.97992
0.954551
0.930033
0.910009
0.896899
0.891679
0.893628
0.901045
0.911414
0.922398
0.932019
0.939334
0.944231
0.947888
0.952057
0.958569
0.968393
0.981159
0.995307
1.00875
1.01938
1.02582
1.02744
1.02439
1.01751
1.00811
0.997558
0.986802
0.97637
0.966474
0.957292
0.949279
0.943468
0.941073
0.94318
0.950193
0.961524
0.975545
0.989648
1.00099
1.00743
1.00804
1.00314
0.994151
0.982959
0.971137
0.959919
0.950079
0.942066
0.936523
0.93404
0.935261
0.940281
0.94858
0.959024
0.969902
0.979614
0.986467
0.989358
0.988039
0.983096
0.975894
0.968103
0.961041
0.955796
0.953253
0.954533
0.96056
0.971225
0.985449
1.00123
1.016
1.02746
1.03392
1.03457
1.02936
1.0191
1.00504
0.988733
0.971982
0.956733
0.944501
0.935961
0.931416
0.931046
0.93563
0.946218
0.963037
0.984575
1.00805
1.03026
1.04852
1.06099
1.067
1.06668
1.06057
1.0494
1.03357
1.01343
0.98965
0.963313
0.935634
0.908428
0.884011
0.865306
0.855116
0.855098
0.86511
0.88335
0.906799
0.932233
0.956567
0.977248
0.992607
1.0018
1.00509
1.00357
0.999236
0.994776
0.992922
0.995447
1.00248
1.01251
1.02315
1.03156
1.03539
1.03301
1.02372
1.00789
0.987163
0.964206
0.942666
0.92642
0.91831
0.919521
0.929521
0.946192
0.966381
0.986861
1.00501
1.01919
1.02876
1.03347
1.03377
1.03038
1.0243
1.01635
1.0072
0.997405
0.98737
0.977722
0.96891
0.961656
0.95649
0.953712
0.953278
0.954646
0.956951
0.959672
0.962833
0.966611
0.971219
0.976075
0.980166
0.982858
0.984311
0.985159
0.98603
0.987238
0.988594
0.98906
0.987438
0.982522
0.973729
0.961317
0.946693
0.932091
0.92051
0.914833
0.916868
0.926966
0.943861
0.96505
0.987385
1.00785
1.0244
1.03584
1.04164
1.04141
1.03491
1.02261
1.00563
0.985926
0.966075
0.948805
0.936427
0.930689
0.932038
0.940178
0.953963
0.971804
0.991684
1.01121
1.02732
1.03698
1.03777
1.02853
1.01018
0.985722
0.959556
0.936459
0.920113
0.912297
0.912644
0.919461
0.930401
0.943149
0.955942
0.967493
0.97662
0.982745
0.985891
0.986666
0.986233
0.985697
0.98593
0.987493
0.990197
0.993561
0.99647
0.997509
0.995391
0.989351
0.979733
0.967796
0.955424
0.944555
0.936467
0.931528
0.928833
0.927146
0.925403
0.923486
0.922576
0.924498
0.931045
0.943069
0.959981
0.98006
1.00088
1.02019
1.03632
1.0484
1.05617
1.05993
1.05996
1.05644
1.04924
1.03813
1.02303
1.00428
0.982912
0.960654
0.939833
0.922724
0.911353
0.906898
0.909508
0.918244
0.931059
0.945413
0.958693
0.96859
0.973897
0.974473
0.971182
0.965248
0.957779
0.949569
0.940786
0.931828
0.923202
0.915765
0.910177
0.906704
0.90475
0.903317
0.901282
0.898083
0.893747
0.889363
0.88666
0.887599
0.894003
0.907206
0.927672
0.954618
0.986353
1.02022
1.05279
1.08095
1.1018
1.11362
1.11588
1.10908
1.09471
1.07463
1.05092
1.02559
1.00051
0.977276
0.957274
0.941519
0.930596
0.924231
0.921555
0.921247
0.92225
0.923732
0.925575
0.92841
0.933128
0.940531
0.950816
0.963176
0.97624
0.988475
0.998338
1.00445
1.0059
1.00247
0.995025
0.985695
0.977395
0.972862
0.974111
0.98128
0.992917
1.00633
1.01887
1.02824
1.03286
1.03195
1.02574
1.0154
1.00267
0.989718
0.978521
0.97077
0.967421
0.968371
0.972438
0.97763
0.982026
0.983956
0.982497
0.977786
0.970953
0.96353
0.95731
0.952915
0.950195
0.948415
0.947194
0.946705
0.947491
0.949862
0.953815
0.959015
0.964896
0.971015
0.977132
0.983277
0.989436
0.995596
1.00139
1.00605
1.00867
1.00811
1.00346
0.994247
0.981016
0.965274
0.949385
0.936019
0.927196
0.923637
0.924446
0.927501
0.930298
0.930753
0.927705
0.921022
0.911283
0.900008
0.889352
0.882016
0.880807
0.887572
0.901896
0.92139
0.942286
0.961277
0.976665
0.988727
0.998707
1.00809
1.01782
1.02829
1.03929
1.05029
1.06041
1.06839
1.07292
1.07316
1.06884
1.06058
1.0493
1.03626
1.02281
1.01035
0.999656
0.990552
0.981895
0.972219
0.960699
0.947921
0.935443
0.925277
0.918928
0.916706
0.91815
0.922323
0.928405
0.935637
0.943371
0.950933
0.957613
0.962698
0.965802
0.966859
0.966208
0.964463
0.96194
0.959029
0.956263
0.95403
0.953216
0.954618
0.959052
0.967012
0.978193
0.991521
1.00526
1.01759
1.02747
1.03436
1.03854
1.04052
1.04093
1.03993
1.03764
1.03365
1.02724
1.01742
1.0036
0.986013
0.966095
0.946657
0.931016
0.921701
0.919598
0.923502
0.930538
0.937863
0.943406
0.946323
0.946635
0.94468
0.940756
0.934952
0.927557
0.919566
0.912745
0.908876
0.909384
0.914554
0.923635
0.935297
0.948146
0.961311
0.97457
0.988194
1.00218
1.01573
1.02686
1.03302
1.032
1.0231
1.00712
0.986159
0.963133
0.941058
0.922267
0.908386
0.900455
0.899013
0.903932
0.914434
0.92894
0.945276
0.961107
0.974275
0.983339
0.987533
0.987062
0.982913
0.976413
0.969318
0.962978
0.958231
0.955121
0.953183
0.951857
0.951061
0.950917
0.951957
0.954434
0.957947
0.961918
0.965664
0.969143
0.972528
0.976059
0.979454
0.982027
0.982908
0.98182
0.979166
0.975971
0.973453
0.972528
0.973295
0.975285
0.977716
0.979878
0.981261
0.981856
0.981767
0.98089
0.978609
0.973961
0.966546
0.956773
0.945679
0.934803
0.9258
0.920368
0.919876
0.92512
0.935681
0.950214
0.966671
0.983023
0.997207
1.008
1.01509
1.01914
1.02131
1.02266
1.02359
1.02378
1.02258
1.01987
1.0158
1.01077
1.00534
0.999895
0.994913
0.990895
0.987666
0.984526
0.980238
0.973988
0.966324
0.959008
0.954292
0.953623
0.957048
0.963433
0.970684
0.976415
0.978632
0.975716
0.967132
0.95352
0.936672
0.918721
0.901985
0.887939
0.877233
0.869563
0.864333
0.860983
0.859392
0.860059
0.863677
0.870875
0.881673
0.895472
0.911057
0.927049
0.942233
0.956296
0.969766
0.97271
0.985513
0.998611
1.0107
1.02041
1.02705
1.03103
1.03353
1.03606
1.03984
1.04569
1.05336
1.06224
1.07125
1.07934
1.08541
1.0882
1.08627
1.07824
1.0632
1.04114
1.01324
0.982028
0.95078
0.92323
0.902607
0.890876
0.888167
0.892904
0.90212
0.912631
0.921642
0.927278
0.928849
0.92661
0.921962
0.91717
0.91469
0.916668
0.924111
0.93669
0.952809
0.970306
0.987089
1.0014
1.01213
1.01872
1.02133
1.02001
1.01483
1.00598
0.993949
0.979717
0.964685
0.950682
0.939352
0.932181
0.929772
0.931866
0.937093
0.943597
0.949472
0.953357
0.954737
0.953506
0.949791
0.943677
0.935244
0.924768
0.913184
0.902127
0.893532
0.889489
0.891567
0.900706
0.916701
0.938593
0.964699
0.993089
1.02187
1.049
1.07256
1.09059
1.10141
1.10387
1.09743
1.08239
1.05966
1.03095
0.998088
0.963151
0.928586
0.896959
0.871363
0.855221
0.851436
0.861918
0.885806
0.919989
0.959292
0.997983
1.03104
1.05469
1.0671
1.06808
1.05884
1.04146
1.01853
0.992695
0.966117
0.940495
0.91698
0.896125
0.87855
0.865195
0.857476
0.857151
0.8656
0.882948
0.907523
0.936097
0.964952
0.990539
1.01065
1.02447
1.03237
1.03525
1.03416
1.02971
1.02237
1.01266
1.00161
0.990972
0.982855
0.979025
0.979647
0.982982
0.986004
0.98574
0.980321
0.969159
0.952813
0.932804
0.911952
0.894113
0.883385
0.88241
0.891327
0.907678
0.927761
0.948021
0.965953
0.980084
0.989948
0.995963
0.998846
0.999578
0.999262
0.998715
0.99842
0.998444
0.998732
0.998965
0.998926
0.998462
0.997437
0.995629
0.992707
0.988389
0.982639
0.976018
0.969603
0.964737
0.962645
0.963929
0.968576
0.975678
0.984056
0.992467
1.00026
1.00716
1.01293
1.01722
1.01924
1.01822
1.01317
1.00369
0.989917
0.972955
0.954315
0.935912
0.919625
0.906637
0.897856
0.893355
0.892935
0.895968
0.901209
0.907613
0.914113
0.920701
0.928588
0.940262
0.956979
0.977274
0.997652
1.01445
1.02566
1.03051
1.02943
1.02338
1.01385
1.00226
0.99018
0.978878
0.969118
0.961026
0.954064
0.947431
0.940132
0.931957
0.9234
0.915864
0.911126
0.910454
0.914188
0.921515
0.930833
0.940524
0.94951
0.957251
0.963527
0.968356
0.97194
0.974077
0.97502
0.975411
0.976133
0.977883
0.980606
0.983505
0.985305
0.984807
0.981433
0.9751
0.966191
0.955594
0.944467
0.934199
0.926328
0.922616
0.924038
0.930586
0.940645
0.951461
0.959985
0.963952
0.96265
0.957121
0.949457
0.941655
0.935173
0.931118
0.930584
0.934469
0.942944
0.955216
0.96983
0.984981
0.998699
1.00918
1.01507
1.01573
1.01118
1.00199
0.989134
0.974432
0.960831
0.951612
0.949209
0.954167
0.965358
0.980608
0.997518
1.01403
1.02837
1.03912
1.04508
1.04528
1.03902
1.02638
1.00839
0.987376
0.966066
0.947076
0.932194
0.922184
0.9176
0.919014
0.926732
0.940221
0.958292
0.978629
0.99876
1.01633
1.0294
1.03668
1.03739
1.03184
1.02109
1.00716
0.991863
0.976445
0.961584
0.947942
0.937285
0.931632
0.931853
0.937179
0.945504
0.954776
0.963568
0.970691
0.975233
0.976333
0.973844
0.968214
0.960486
0.95205
0.944003
0.937157
0.931888
0.928372
0.926669
0.926726
0.928545
0.931975
0.936533
0.941356
0.945655
0.948955
0.951701
0.954803
0.959319
0.965904
0.974165
0.983051
0.991315
0.997858
1.00217
1.00436
1.00507
1.00519
1.00556
1.00662
1.00818
1.00928
1.00847
1.00459
0.997435
0.987751
0.97729
0.967875
0.960905
0.956731
0.954961
0.954357
0.953627
0.951462
0.947096
0.94059
0.932818
0.9253
0.920052
0.918798
0.922454
0.930324
0.941036
0.952778
0.964243
0.974454
0.983193
0.990199
0.995505
0.998716
0.999581
0.997612
0.992634
0.984997
0.975537
0.965167
0.954755
0.945058
0.936736
0.930325
0.926216
0.924443
0.924791
0.926996
0.930896
0.936494
0.943049
0.949196
0.953395
0.954987
0.954706
0.954334
0.955505
0.958937
0.963969
0.968632
0.970936
0.969988
0.966242
0.961389
0.957344
0.955267
0.955329
0.956554
0.957968
0.958809
0.959032
0.958963
0.959162
0.960427
0.96343
0.968743
0.976641
0.987126
0.999455
1.01212
1.02335
1.03146
1.03529
1.03436
1.02877
1.0188
1.00468
0.98673
0.966046
0.944641
0.925564
0.91217
0.906959
0.910626
0.921897
0.937819
0.955195
0.971367
0.984719
0.994799
1.00149
1.00466
1.00396
0.999438
0.991486
0.981487
0.971239
0.962455
0.956249
0.952902
0.951983
0.952892
0.955029
0.957861
0.960732
0.962788
0.963057
0.960674
0.955472
0.947858
0.938937
0.9304
0.923788
0.920076
0.919594
0.922228
0.927924
0.936778
0.949256
0.965887
0.986245
1.00835
1.02861
1.04292
1.04817
1.04361
1.03089
1.01342
0.995235
0.979136
0.966321
0.956984
0.950599
0.946736
0.945085
0.945186
0.94641
0.948303
0.950533
0.953693
0.958501
0.965287
0.973734
0.982961
0.991897
0.999645
1.00571
1.00981
1.01175
1.0112
1.00807
1.00231
0.994361
0.985152
0.976124
0.968625
0.963232
0.959564
0.956328
0.952243
0.946877
0.940536
0.934388
0.930129
0.929201
0.932767
0.940828
0.952383
0.965445
0.977769
0.986945
0.991273
0.989932
0.983037
0.971751
0.957976
0.944288
0.933479
0.927811
0.928371
0.934812
0.945303
0.957234
0.967948
0.975553
0.979243
0.979543
0.978117
0.976855
0.97728
0.979897
0.984315
0.989631
0.994475
0.998066
1.00006
1.00104
1.00162
1.00174
1.00061
0.997327
0.991749
0.984797
0.978198
0.973577
0.97147
0.971346
0.972543
0.974582
0.977282
0.979976
0.981414
0.980345
0.976144
0.969098
0.960918
0.953692
0.949616
0.950185
0.955769
0.965174
0.976042
0.985499
0.991271
0.992683
0.990635
0.986842
0.982983
0.980042
0.978229
0.976937
0.97516
0.971795
0.965882
0.956768
0.944564
0.930278
0.915711
0.903543
0.896468
0.89626
0.902946
0.915079
0.929988
0.945207
0.959153
0.97146
0.982247
0.991504
0.998738
1.00302
1.00383
1.00133
0.996844
0.992396
0.990607
0.993604
1.00184
1.01394
1.0272
1.03865
1.04659
1.05061
1.05131
1.04966
1.04632
1.04125
1.03382
1.0234
1.00952
0.992405
0.972878
0.952448
0.932788
0.915249
0.900324
0.88776
0.876993
0.867615
0.860238
0.856561
0.858551
0.867259
0.881985
0.900339
0.919351
0.936308
0.949333
0.95765
0.961427
0.96183
0.960761
0.960172
0.961446
0.964423
0.967528
0.968588
0.965745
0.958968
0.950042
0.942242
0.938567
0.940283
0.947066
0.957351
0.969241
0.981033
0.991055
0.998355
1.00272
1.00487
1.00596
1.00688
1.00825
1.0105
1.01378
1.01785
1.02183
1.02483
1.02599
1.02496
1.02136
1.01477
1.00445
0.989803
0.971036
0.949656
0.928316
0.910487
0.898814
0.894439
0.896996
0.905275
0.917822
0.933396
0.950992
0.969312
0.987067
1.00308
1.01608
1.02483
1.0285
1.02655
1.01948
1.0084
0.994966
0.980918
0.967701
0.956494
0.947642
0.940971
0.935878
0.93147
0.927121
0.922288
0.916597
0.910023
0.902841
0.895688
0.890117
0.888631
0.893838
0.906906
0.926259
0.948154
0.968606
0.984509
0.994037
0.997484
0.996052
0.991727
0.986847
0.983384
0.982917
0.985892
0.991896
0.999646
1.00764
1.01442
1.01885
1.02028
1.01838
1.013
1.00439
0.992856
0.979266
0.96482
0.951058
0.939761
0.932449
0.929943
0.932139
0.937742
0.944851
0.951575
0.956606
0.959632
0.961076
0.961713
0.962231
0.962686
0.96244
0.960482
0.95577
0.947754
0.936704
0.924335
0.913254
0.906724
0.907413
0.916321
0.932346
0.952675
0.974015
0.993517
1.00937
1.02084
1.02773
1.03024
1.02879
1.02424
1.01749
1.00983
1.00226
0.995263
0.989151
0.984016
0.980333
0.978457
0.978461
0.979683
0.980481
0.978827
0.97288
0.961433
0.944502
0.923297
0.899997
0.87787
0.860603
0.851748
0.853522
0.866018
0.887164
0.913321
0.940771
0.966338
0.987973
1.00458
1.01606
1.02287
1.0261
1.02703
1.02692
1.02664
1.02646
1.02632
1.02604
1.02576
1.02579
1.02647
1.02782
1.02944
1.03046
1.02967
1.02602
1.01881
1.0078
0.993279
0.97593
0.956651
0.936655
0.917172
0.899276
0.883876
0.871336
0.861773
0.854788
0.850098
0.847197
0.845831
0.846081
0.848446
0.853704
0.86267
0.875655
0.892387
0.911514
0.93105
0.948743
0.962812
0.972112
0.976426
0.976417
0.973217
0.968158
0.962325
0.956607
0.951633
0.947999
0.946209
0.946803
0.950034
0.955679
0.963408
0.972934
0.983856
0.99595
1.00882
1.0214
1.03241
1.04036
1.04402
1.04288
1.03692
1.02641
1.01197
0.994488
0.975661
0.95757
0.942323
0.931324
0.924935
0.922922
0.924831
0.930075
0.938004
0.947802
0.958607
0.969638
0.980314
0.989645
0.996431
0.999489
0.998003
0.992326
0.983963
0.975216
0.968135
0.963779
0.961799
0.961363
0.961805
0.962998
0.965335
0.969223
0.974979
0.982313
0.990379
0.997645
1.00286
1.00495
1.0036
0.999108
0.992168
0.983225
0.972753
0.961232
0.949152
0.937313
0.926415
0.916862
0.908609
0.901471
0.895344
0.890251
0.886619
0.88512
0.886468
0.891208
0.899437
0.911082
0.925619
0.941954
0.958418
0.973321
0.985056
0.992893
0.997081
0.99864
0.998858
0.998904
0.999664
1.00146
1.0043
1.00786
1.01161
1.01491
1.01704
1.01724
1.015
1.01025
1.00327
0.994959
0.986353
0.978482
0.97214
0.967432
0.963886
0.960397
0.955742
0.949107
0.940331
0.929919
0.91869
0.907693
0.897689
0.889496
0.883506
0.880302
0.88075
0.885969
0.896919
0.914148
0.937201
0.964903
0.995067
1.02486
1.0514
1.07179
1.08374
1.08597
1.0784
1.0627
1.04204
1.02051
1.00209
0.98904
0.981697
0.97864
0.977632
0.976041
0.97188
0.964216
0.953435
0.941053
0.928863
0.917981
0.908501
0.958383
0.949481
0.939808
0.931521
0.926537
0.925598
0.928204
0.933084
0.938359
0.94242
0.944473
0.944602
0.94391
0.944208
0.947499
0.954907
0.966273
0.980052
0.993955
1.00581
1.01444
1.01968
1.02228
1.02333
1.02395
1.02514
1.0274
1.03067
1.03412
1.03659
1.03684
1.03415
1.02894
1.02231
1.01578
1.01074
1.00807
1.00796
1.01002
1.01332
1.01665
1.01891
1.01926
1.0174
1.01361
1.00847
1.00269
0.996884
0.991432
0.986265
0.981121
0.975601
0.969086
0.961055
0.951349
0.941234
0.93313
0.930174
0.934883
0.94814
0.968786
0.993726
1.0189
1.04078
1.0572
1.06754
1.07211
1.07158
1.06646
1.05679
1.04225
1.02306
1.00137
0.981836
0.969542
0.966415
0.970081
0.97588
0.979794
0.979752
0.975234
0.967228
0.957671
0.949401
0.945414
0.948538
0.960252
0.980384
1.00656
1.0347
1.05999
1.07879
1.08896
1.09034
1.08438
1.07362
1.06061
1.0472
1.03442
1.02242
1.01116
1.00098
0.992389
0.986155
0.982363
0.980596
0.980065
0.979634
0.978804
0.977872
0.977771
0.979662
0.984617
0.993042
1.00476
1.01889
1.03375
1.04738
1.05791
1.06351
1.06278
1.05505
1.04053
1.02086
0.998648
0.977543
0.961381
0.952668
0.951397
0.955378
0.961449
0.966932
0.97054
0.97188
0.971084
0.968198
0.963288
0.956433
0.948071
0.939193
0.93171
0.928307
0.931555
0.943096
0.962416
0.986909
1.0125
1.03509
1.0515
1.06004
1.06024
1.05302
1.03993
1.02292
1.00424
0.986181
0.971223
0.961693
0.959305
0.964172
0.974276
0.98588
0.994426
0.996169
0.989384
0.975228
0.957807
0.9425
0.933578
0.932053
0.936482
0.945123
0.956577
0.970005
0.984421
0.998618
1.01143
1.02176
1.02891
1.03258
1.03268
1.02941
1.02404
1.01898
1.01676
1.01845
1.02222
1.02505
1.02461
1.02049
1.01384
1.00645
1.00049
0.997833
0.999447
1.0042
1.00938
1.01149
1.00791
0.997982
0.982894
0.965148
0.94758
0.932656
0.921961
0.916414
0.916262
0.920532
0.92737
0.934763
0.941626
0.948104
0.955441
0.965027
0.97751
0.992097
1.00685
1.01948
1.02816
1.03221
1.0322
1.02956
1.02639
1.02473
1.02567
1.02867
1.03197
1.03335
1.03112
1.02503
1.01601
1.0059
0.996453
0.988926
0.983829
0.981085
0.980515
0.981973
0.98563
0.991565
0.999579
1.00862
1.0174
1.02434
1.02833
1.02886
1.02623
1.02149
1.01646
1.01309
1.01319
1.01753
1.02545
1.03481
1.04298
1.04794
1.04837
1.04419
1.0359
1.0243
1.0104
0.995212
0.979907
0.966055
0.95526
0.948999
0.948149
0.952666
0.961431
0.97259
0.983924
0.993377
0.999145
1.00001
0.995457
0.985849
0.972798
0.958944
0.947337
0.940698
0.940559
0.94694
0.958423
0.972709
0.987319
1.00013
1.00962
1.0149
1.0157
1.01256
1.00675
1.00003
0.994123
0.990134
0.988254
0.988038
0.988598
0.989082
0.989261
0.989476
0.990657
0.994067
1.00035
1.00966
1.0214
1.03445
1.04721
1.05785
1.06465
1.06669
1.06362
1.05624
1.04552
1.03248
1.0178
1.00175
0.984412
0.966237
0.948224
0.931996
0.91898
0.910523
0.907305
0.909376
0.916042
0.926465
0.939907
0.955954
0.974304
0.994276
1.01417
1.03148
1.04388
1.0501
1.05082
1.04824
1.04508
1.04301
1.04175
1.03984
1.03544
1.02751
1.01612
1.00254
0.988459
0.976046
0.967109
0.9626
0.962215
0.964597
0.967802
0.970163
0.970487
0.968464
0.964232
0.95829
0.951519
0.945245
0.941155
0.940776
0.944973
0.953371
0.964965
0.978573
0.993482
1.00907
1.02456
1.03885
1.05116
1.06093
1.06832
1.07376
1.07749
1.07948
1.0794
1.07646
1.06969
1.05813
1.04117
1.01878
0.992161
0.963518
0.935896
0.912622
0.896579
0.889497
0.891343
0.901033
0.916616
0.936372
0.958885
0.982835
1.00661
1.02831
1.04601
1.05843
1.06512
1.06658
1.06372
1.05736
1.04745
1.03381
1.01642
0.996149
0.974766
0.954305
0.936664
0.923316
0.915362
0.913285
0.917186
0.926757
0.940741
0.95748
0.974835
0.990908
1.00444
1.0154
1.02478
1.03429
1.04528
1.05811
1.07166
1.08368
1.09112
1.09188
1.08519
1.07212
1.0554
1.03852
1.02442
1.01464
1.00907
1.00624
1.00437
1.00211
0.998903
0.995009
0.990233
0.984228
0.976561
0.967067
0.956122
0.944589
0.933768
0.925019
0.919621
0.918509
0.922356
0.932039
0.948104
0.970473
0.997732
1.02723
1.05562
1.07957
1.0961
1.10356
1.10136
1.09009
1.07132
1.04732
1.02035
0.992519
0.965475
0.94018
0.917503
0.898363
0.884063
0.876274
0.876378
0.88511
0.901857
0.924857
0.951421
0.978699
1.00432
1.02647
1.04418
1.05692
1.06464
1.06761
1.06648
1.06228
1.05665
1.05152
1.04902
1.0501
1.0547
1.06176
1.06936
1.07552
1.07886
1.07865
1.07521
1.06945
1.06279
1.05634
1.05079
1.04608
1.04156
1.03612
1.02878
1.0191
1.00725
0.993861
0.980046
0.966882
0.955139
0.945062
0.936116
0.927116
0.916993
0.905673
0.895022
0.888327
0.888784
0.897381
0.912029
0.929193
0.9456
0.959378
0.969992
0.977526
0.982366
0.984671
0.984674
0.982835
0.979926
0.977085
0.975542
0.975773
0.977638
0.980698
0.984271
0.987902
0.991149
0.994036
0.996847
1.00017
1.0046
1.01053
1.01764
1.02532
1.03228
1.03729
1.03928
1.03788
1.03331
1.02587
1.01585
1.00319
0.988293
0.97318
0.96217
0.960485
0.970637
0.990866
1.01667
1.04361
1.0686
1.08949
1.10437
1.11189
1.111
1.10188
1.08563
1.06472
1.04228
1.02153
1.00455
0.992254
0.985143
0.983092
0.98566
0.992061
1.00095
1.01043
1.01839
1.02267
1.02186
1.01539
1.00394
0.988828
0.971945
0.955226
0.940308
0.928437
0.920294
0.91603
0.915544
0.918812
0.926259
0.938423
0.955535
0.976952
1.00083
1.02511
1.04754
1.06675
1.08181
1.09232
1.09804
1.09873
1.09436
1.08492
1.07067
1.05251
1.0322
1.01233
0.995589
0.983808
0.977165
0.974354
0.973554
0.973512
0.974007
0.975347
0.977765
0.981106
0.984779
0.988398
0.991689
0.994535
0.997345
1.00084
1.0057
1.01159
1.01704
1.02006
1.01946
1.01539
1.00896
1.00117
0.992533
0.983341
0.973916
0.964874
0.957265
0.952074
0.950234
0.952232
0.958132
0.967451
0.979238
0.992327
1.00518
1.01616
1.02371
1.02671
1.02428
1.0159
1.00144
0.982039
0.960073
0.939452
0.92523
0.921756
0.931013
0.951893
0.98104
1.01448
1.04865
1.0802
1.10613
1.12408
1.13239
1.13071
1.12002
1.10218
1.07999
1.0565
1.03506
1.01836
1.00757
1.00179
0.998792
0.996235
0.992648
0.987224
0.979809
0.970559
0.96
0.949174
0.939404
0.931745
0.926659
0.924225
0.924169
0.926431
0.931
0.938028
0.947334
0.958412
0.970243
0.981523
0.991296
0.99927
1.00519
1.00896
1.01025
1.00859
1.00386
0.996312
0.98684
0.976441
0.966604
0.95926
0.956097
0.95833
0.966316
0.979299
0.995725
1.01352
1.03047
1.0445
1.05389
1.05747
1.05474
1.04606
1.03249
1.01573
0.99811
0.981943
0.969474
0.962328
0.961478
0.966818
0.977497
0.991988
1.00835
1.02476
1.03998
1.05335
1.06459
1.07367
1.0806
1.08528
1.08719
1.08532
1.0785
1.06578
1.04709
1.02374
0.998078
0.972677
0.950111
0.932359
0.920678
0.915925
0.918538
0.928016
0.943206
0.961715
0.980527
0.996314
1.00592
1.00724
0.999823
0.984931
0.966
0.947244
0.932522
0.923946
0.921816
0.925462
0.934234
0.947783
0.965769
0.986858
1.00861
1.02792
1.04205
1.04976
1.0513
1.04855
1.04387
1.03895
1.03455
1.02994
1.024
1.01602
1.00627
0.996224
0.987987
0.984079
0.986581
0.996574
1.01304
1.03286
1.05195
1.06594
1.07185
1.0684
1.05651
1.03905
1.01956
1.00071
0.984494
0.972601
0.966407
0.96661
0.972175
0.981489
0.992483
1.0035
1.01335
1.02119
1.02654
1.02885
1.02808
1.02452
1.01912
1.01327
1.00856
1.00645
1.00757
1.0118
1.01808
1.0245
1.02889
1.02927
1.02419
1.01315
0.996578
0.976165
0.954531
0.93476
0.919671
0.910955
0.909157
0.913327
0.921902
0.932997
0.945046
0.957468
0.970663
0.985113
1.00077
1.01673
1.03126
1.04234
1.04842
1.0487
1.04329
1.03324
1.02008
1.0057
0.991908
0.980044
0.971361
0.967054
0.96816
0.974407
0.983579
0.992684
0.999009
1.00126
0.999754
0.995821
0.991385
0.988038
0.986511
0.986607
0.98746
0.988193
0.988531
0.988477
0.988349
0.988802
0.990597
0.9947
1.00198
1.01296
1.02754
1.04493
1.06352
1.08166
1.09758
1.10998
1.11789
1.12077
1.1184
1.11106
1.09941
1.08449
1.06747
1.0492
1.0302
1.01064
0.99064
0.970726
0.951935
0.935899
0.924588
0.919421
0.920594
0.927167
0.937661
0.950355
0.963677
0.976012
0.986056
0.993319
0.998454
1.0028
1.00748
1.01247
1.01683
1.01908
1.01825
1.01368
1.00545
0.99388
0.979744
0.964006
0.948086
0.933827
0.923017
0.916868
0.915679
0.918731
0.924814
0.932506
0.940783
0.949592
0.959337
0.970375
0.982632
0.994997
1.00549
1.01217
1.01391
1.01114
1.00627
1.00253
1.00229
1.00584
1.01183
1.01909
1.02711
1.03656
1.0483
1.06262
1.07861
1.09453
1.10818
1.11788
1.12263
1.12239
1.11779
1.10959
1.09881
1.08596
1.07162
1.056
1.03941
1.02223
1.00497
0.988568
0.97415
0.962328
0.953201
0.94633
0.941446
0.938553
0.938116
0.940776
0.946808
0.95581
0.966718
0.977907
0.987708
0.995207
0.999926
1.00186
1.00128
0.998174
0.992495
0.984207
0.97338
0.96031
0.945367
0.928799
0.910867
0.892112
0.873951
0.858936
0.850391
0.851734
0.865158
0.890374
0.924848
0.964174
1.00314
1.0371
1.06246
1.07719
1.08094
1.07554
0.950655
0.945171
0.94244
0.943023
0.946027
0.949817
0.952597
0.953214
0.951078
0.946456
0.940349
0.934112
0.929659
0.929152
0.934082
0.944703
0.959761
0.97708
0.994385
1.00977
1.02186
1.0298
1.03296
1.03088
1.02348
1.01091
0.993685
0.97261
0.948579
0.922874
0.897377
0.874559
0.857676
0.849439
0.850735
0.86032
0.875274
0.89209
0.90771
0.919823
0.926654
0.927402
0.922207
0.912054
0.898681
0.884399
0.871871
0.863508
0.86126
0.865936
0.876976
0.892828
0.911281
0.930118
0.947546
0.962394
0.97375
0.981067
0.983609
0.981256
0.97445
0.964137
0.951804
0.939077
0.927732
0.91904
0.914032
0.913109
0.915912
0.921398
0.928543
0.936322
0.944293
0.952325
0.960392
0.968456
0.97654
0.984351
0.991329
0.996675
0.998935
0.997009
0.989997
0.977654
0.960358
0.938928
0.915008
0.890773
0.868722
0.851339
0.840509
0.837488
0.842346
0.854156
0.871377
0.891952
0.913646
0.934369
0.952419
0.966643
0.97641
0.981901
0.983624
0.982499
0.979234
0.974425
0.968393
0.961555
0.954201
0.946674
0.938948
0.93127
0.924284
0.918722
0.915407
0.914976
0.917632
0.923268
0.931317
0.940675
0.949954
0.957765
0.962946
0.964888
0.963943
0.960861
0.956286
0.950803
0.945023
0.939646
0.935292
0.932224
0.929991
0.927747
0.924495
0.919537
0.913167
0.906752
0.902823
0.904024
0.911184
0.922469
0.934115
0.942269
0.944554
0.941143
0.934032
0.926176
0.920425
0.91867
0.921928
0.930305
0.943187
0.959385
0.977115
0.994059
1.00787
1.01666
1.01915
1.01515
1.00572
0.993243
0.980968
0.972284
0.969312
0.97134
0.974904
0.975601
0.969947
0.956377
0.935447
0.909223
0.880911
0.854483
0.83363
0.821093
0.817569
0.82194
0.831962
0.844728
0.857772
0.868925
0.876908
0.88122
0.882373
0.881729
0.88118
0.882492
0.887024
0.895761
0.908779
0.925674
0.945471
0.966485
0.986703
1.00362
1.01509
1.01966
1.01685
1.00755
0.993775
0.978236
0.96357
0.951484
0.942315
0.9353
0.929156
0.922845
0.915812
0.907842
0.899061
0.889811
0.880455
0.871754
0.864968
0.861162
0.861052
0.864571
0.871009
0.879294
0.888141
0.896914
0.905809
0.915636
0.927425
0.941603
0.95746
0.973507
0.988018
0.999441
1.00712
1.01101
1.01165
1.0097
1.00557
0.999469
0.991166
0.980394
0.967111
0.951908
0.935966
0.921325
0.91006
0.903977
0.903903
0.909343
0.918638
0.929474
0.939576
0.94703
0.950831
0.950794
0.947406
0.941629
0.934335
0.9263
0.917972
0.909725
0.902048
0.895307
0.889894
0.885722
0.882463
0.879401
0.875988
0.872563
0.870145
0.8701
0.873092
0.878471
0.88453
0.889989
0.894701
0.89994
0.907138
0.917533
0.931291
0.94752
0.964963
0.982014
0.997386
1.01002
1.01959
1.026
1.02948
1.02996
1.02713
1.02037
1.00925
0.99377
0.975019
0.954862
0.936182
0.921617
0.913003
0.910889
0.9145
0.922127
0.931774
0.941336
0.948983
0.953327
0.953625
0.949796
0.94244
0.932776
0.922213
0.911893
0.902509
0.894334
0.887316
0.881366
0.876407
0.872361
0.869213
0.867176
0.866838
0.868902
0.873901
0.88206
0.892943
0.905498
0.91815
0.929371
0.937678
0.942358
0.943426
0.941443
0.937569
0.933322
0.93012
0.928797
0.929583
0.931768
0.934628
0.937787
0.941647
0.946731
0.953033
0.959772
0.965627
0.969415
0.970827
0.969826
0.96653
0.960327
0.95028
0.935878
0.917529
0.897124
0.877264
0.861244
0.851634
0.849743
0.855448
0.867084
0.882323
0.898284
0.912427
0.922796
0.928441
0.929964
0.929037
0.92832
0.930359
0.936747
0.947381
0.960931
0.975577
0.989283
1.0007
1.009
1.01399
1.016
1.01563
1.01321
1.00878
1.00212
0.992648
0.97991
0.963888
0.945017
0.924528
0.904158
0.885833
0.871172
0.860958
0.855164
0.853417
0.855225
0.860485
0.869174
0.881081
0.895421
0.910945
0.926004
0.939217
0.949325
0.955391
0.956611
0.952791
0.944317
0.932404
0.918593
0.904533
0.891783
0.881702
0.875352
0.873711
0.87743
0.886687
0.900748
0.917973
0.935985
0.952229
0.964642
0.971929
0.973741
0.970321
0.962381
0.951165
0.937979
0.924766
0.913485
0.905623
0.902081
0.90269
0.906224
0.910872
0.91494
0.917054
0.91652
0.913714
0.910142
0.908014
0.909585
0.916221
0.928064
0.944217
0.963007
0.982695
1.00191
1.01959
1.03489
1.04686
1.05425
1.05565
1.05009
1.0374
1.0187
0.996363
0.973257
0.95219
0.935007
0.922369
0.914229
0.909626
0.907567
0.906976
0.906741
0.90537
0.901866
0.895654
0.887398
0.878667
0.87135
0.867037
0.866717
0.87083
0.879549
0.892517
0.908186
0.923858
0.936175
0.942264
0.940313
0.930158
0.913577
0.893733
0.87478
0.860672
0.854062
0.855815
0.865157
0.879994
0.897801
0.916162
0.933044
0.947271
0.958235
0.966021
0.970953
0.973395
0.973479
0.970862
0.965327
0.956598
0.944947
0.931331
0.917241
0.904218
0.893416
0.88551
0.880268
0.877112
0.875079
0.873407
0.871867
0.870711
0.870658
0.872703
0.877661
0.886115
0.897932
0.912487
0.928346
0.943821
0.957172
0.967032
0.972566
0.973642
0.970808
0.965368
0.959206
0.953988
0.951054
0.950929
0.953325
0.957793
0.963884
0.971033
0.978421
0.985086
0.990212
0.993125
0.993606
0.991548
0.986233
0.976502
0.961243
0.940419
0.915562
0.889863
0.867151
0.850743
0.842463
0.842749
0.851052
0.865933
0.88538
0.907107
0.928877
0.948894
0.965707
0.978715
0.987547
0.992206
0.992701
0.988668
0.980271
0.968221
0.954674
0.942749
0.935312
0.933521
0.935659
0.938487
0.938899
0.935019
0.926325
0.913405
0.897642
0.880977
0.865693
0.853978
0.847396
0.846486
0.850792
0.859265
0.870521
0.883231
0.896391
0.909141
0.920777
0.930577
0.93816
0.943282
0.945897
0.946184
0.944627
0.941826
0.938608
0.935722
0.933895
0.933851
0.936043
0.940565
0.946979
0.954609
0.962586
0.970059
0.976013
0.979753
0.981056
0.979922
0.976578
0.970986
0.96296
0.952332
0.939341
0.925198
0.911495
0.899667
0.890795
0.886021
0.885995
0.89081
0.899574
0.9108
0.922994
0.934879
0.945647
0.954555
0.960912
0.964079
0.963478
0.95895
0.950952
0.940536
0.929373
0.919229
0.9118
0.907868
0.90732
0.909289
0.912731
0.916795
0.920705
0.923717
0.925152
0.924734
0.923181
0.921647
0.921409
0.923402
0.927918
0.934594
0.942463
0.950276
0.956655
0.960877
0.962976
0.963899
0.964379
0.964189
0.962315
0.957844
0.95071
0.942091
0.933825
0.927873
0.925512
0.926767
0.93063
0.935332
0.9394
0.941748
0.941978
0.940408
0.937748
0.934911
0.932806
0.932259
0.933989
0.938239
0.945019
0.953756
0.963382
0.9725
0.979343
0.982232
0.979979
0.972005
0.958595
0.940847
0.920835
0.901311
0.885403
0.875959
0.874879
0.882412
0.897025
0.915765
0.934704
0.950181
0.959672
0.962091
0.958153
0.950138
0.940381
0.931068
0.923287
0.917128
0.912217
0.908216
0.904974
0.903023
0.903292
0.906818
0.914275
0.925632
0.940017
0.95548
0.969715
0.980483
0.986005
0.985512
0.978681
0.965812
0.947625
0.925558
0.902086
0.880534
0.864457
0.856686
0.858632
0.870101
0.889909
0.915863
0.945291
0.975297
1.00296
1.02546
1.04072
1.04775
1.04664
1.03896
1.02679
1.01283
0.99941
0.987815
0.978588
0.971483
0.965605
0.960229
0.954568
0.948063
0.940224
0.931061
0.920835
0.910069
0.89915
0.888289
0.877582
0.867375
0.85831
0.851444
0.847659
0.847911
0.852398
0.860511
0.870955
0.882004
0.891907
0.899501
0.90428
0.906562
0.907075
0.906643
0.906365
0.907057
0.909514
0.914121
0.920935
0.929425
0.9383
0.946088
0.95123
0.952591
0.949612
0.942552
0.93222
0.920185
0.908498
0.89917
0.89383
0.893124
0.896613
0.903125
0.911021
0.918617
0.924699
0.929017
0.932086
0.934983
0.938382
0.942339
0.946309
0.949588
0.951786
0.952967
0.953638
0.954598
0.9566
0.960207
0.96541
0.971521
0.977516
0.98214
0.984698
0.984701
0.982438
0.978411
0.973334
0.967932
0.962841
0.958224
0.95376
0.94859
0.941631
0.931912
0.919164
0.903781
0.887134
0.871158
0.857536
0.847503
0.84163
0.839982
0.842316
0.848122
0.8571
0.868677
0.88243
0.897644
0.913146
0.927396
0.938524
0.944813
0.945562
0.941265
0.933923
0.92605
0.920205
0.918298
0.921117
0.928348
0.939239
0.952806
0.968077
0.983947
0.999074
1.0118
1.02024
1.02287
1.0189
1.00877
0.994028
0.977068
0.96045
0.946277
0.935671
0.92872
0.924395
0.920907
0.916124
0.908421
0.897042
0.882612
0.866777
0.851756
0.839751
0.832352
0.830486
0.83439
0.843507
0.856923
0.873273
0.890998
0.908628
0.924553
0.93741
0.94637
0.951468
0.953455
0.953735
0.953827
0.955172
0.959163
0.966773
0.978128
0.991879
1.00555
1.01628
1.02187
1.02094
1.0132
0.999281
0.980408
0.95856
0.936057
0.915692
0.899677
0.889226
0.884278
0.883886
0.88616
0.889032
0.890442
0.889151
0.885049
0.879171
0.873469
0.870366
0.871897
0.879001
0.89117
0.906861
0.923886
0.940128
0.953989
0.964497
0.971101
0.973471
0.971369
0.964759
0.954398
0.941828
0.928789
0.916391
0.904761
0.893925
0.884193
0.876892
0.873974
0.877529
0.888517
0.905831
0.926653
0.948284
0.96908
0.987932
1.00373
1.01501
1.02018
1.01798
1.00829
0.992351
0.972836
0.953232
0.936531
0.924557
0.917384
0.914141
0.913812
0.915892
0.92052
0.928295
0.939124
0.952433
0.966546
0.979212
0.988445
0.992655
0.991361
0.984898
0.974313
0.961293
0.947372
0.934024
0.92237
0.913092
0.906528
0.902937
0.90221
0.904261
0.908406
0.913066
0.916305
0.916142
0.911161
0.901198
0.887065
0.870765
0.855474
0.844331
0.839681
0.842732
0.853198
0.869593
0.889719
0.911109
0.931357
0.948312
0.960611
0.967963
0.971367
0.972714
0.973922
0.976168
