0.793732
0.772276
0.736389
0.687301
0.626826
0.557715
0.483744
0.40962
0.340577
0.281725
0.237159
0.209163
0.19782
0.201154
0.215735
0.237476
0.262374
0.28706
0.309045
0.326807
0.339646
0.347527
0.350932
0.350657
0.347691
0.343145
0.338214
0.334095
0.33184
0.332257
0.335768
0.342369
0.35177
0.363534
0.37718
0.392204
0.408054
0.424051
0.439384
0.453176
0.464608
0.473081
0.478241
0.480058
0.478798
0.474913
0.46904
0.461778
0.453717
0.445298
0.43687
0.428766
0.421351
0.415049
0.410166
0.406808
0.404736
0.403531
0.402689
0.401793
0.400592
0.398966
0.396936
0.394653
0.392318
0.39027
0.388881
0.388507
0.389428
0.391758
0.395441
0.400262
0.405888
0.411932
0.418003
0.423728
0.428778
0.432897
0.435942
0.437888
0.438758
0.438689
0.437869
0.436498
0.43482
0.433005
0.431139
0.429216
0.427059
0.424487
0.421272
0.41717
0.412012
0.40566
0.397976
0.388881
0.378348
0.366625
0.354291
0.342303
0.33188
0.324319
0.320704
0.321699
0.327452
0.33754
0.351057
0.366866
0.383715
0.400428
0.415963
0.42952
0.440526
0.448661
0.453885
0.456395
0.456652
0.455261
0.452919
0.450339
0.448108
0.446573
0.445844
0.445744
0.44592
0.445884
0.445181
0.443486
0.440612
0.436601
0.431656
0.426119
0.420464
0.415159
0.410651
0.407241
0.4051
0.404238
0.404485
0.405511
0.406909
0.408201
0.408853
0.408395
0.406483
0.402994
0.398009
0.39189
0.385154
0.378443
0.372477
0.367946
0.36537
0.365063
0.367088
0.371318
0.37743
0.384939
0.393277
0.401871
0.410149
0.417621
0.423946
0.428913
0.432425
0.434479
0.435126
0.434496
0.432715
0.429998
0.42658
0.42279
0.418989
0.415486
0.412455
0.409919
0.407754
0.405734
0.403602
0.40113
0.398163
0.394637
0.390559
0.385966
0.38098
0.375812
0.37084
0.366719
0.364424
0.364991
0.369142
0.376866
0.387171
0.398428
0.408833
0.416937
0.421973
0.423813
0.422941
0.420295
0.416964
0.414022
0.412371
0.412568
0.414816
0.41892
0.424436
0.430792
0.43743
0.443873
0.449728
0.454656
0.458429
0.460834
0.461703
0.460869
0.458182
0.45349
0.446734
0.43802
0.427733
0.416568
0.405446
0.395372
0.387179
0.381352
0.377909
0.376479
0.376453
0.377168
0.378104
0.378954
0.379662
0.38035
0.381244
0.382603
0.384671
0.387613
0.391439
0.395988
0.400989
0.406108
0.410989
0.415335
0.418894
0.42153
0.42314
0.423675
0.423207
0.421901
0.419999
0.41781
0.415687
0.413949
0.412894
0.41274
0.413656
0.415685
0.418599
0.421874
0.424722
0.426199
0.425511
0.422296
0.416754
0.409707
0.402334
0.395874
0.391346
0.389333
0.389916
0.39273
0.397236
0.402827
0.408924
0.41501
0.420599
0.425264
0.428569
0.430164
0.42983
0.427549
0.423558
0.418339
0.412534
0.406855
0.401949
0.398283
0.396128
0.395501
0.39623
0.397998
0.400363
0.402837
0.405023
0.406624
0.407466
0.407538
0.4069
0.405679
0.404063
0.402197
0.400121
0.397763
0.394986
0.391664
0.387734
0.383369
0.378965
0.375125
0.372538
0.371837
0.373499
0.377746
0.384429
0.393033
0.402738
0.412532
0.421453
0.428687
0.433676
0.436144
0.43612
0.433858
0.429823
0.424645
0.419103
0.41399
0.410011
0.407677
0.4072
0.408385
0.41082
0.413942
0.417132
0.419853
0.421767
0.422782
0.423016
0.422772
0.422446
0.4224
0.422842
0.423776
0.424983
0.426066
0.426636
0.426325
0.424916
0.422386
0.418932
0.414894
0.41075
0.406947
0.403903
0.401903
0.401
0.401076
0.401893
0.403145
0.404532
0.405782
0.406737
0.407274
0.407348
0.406977
0.406188
0.405063
0.403743
0.402386
0.401139
0.400136
0.399517
0.399326
0.399578
0.400258
0.401307
0.402665
0.4043
0.406191
0.408339
0.410734
0.413309
0.415992
0.418669
0.42122
0.423537
0.425486
0.426922
0.427631
0.427312
0.425628
0.422208
0.416798
0.40935
0.400118
0.389627
0.378733
0.368533
0.360213
0.354836
0.353117
0.355297
0.361021
0.369451
0.379513
0.390161
0.400594
0.410277
0.418904
0.426317
0.432335
0.43673
0.439236
0.439702
0.438109
0.43463
0.429731
0.424178
0.41883
0.414573
0.41213
0.411907
0.413921
0.417744
0.422648
0.427768
0.432288
0.43556
0.437272
0.437372
0.436053
0.433606
0.430283
0.426275
0.421663
0.416435
0.410596
0.404258
0.39767
0.391235
0.385477
0.380964
0.378196
0.377521
0.379113
0.382974
0.388874
0.396354
0.404792
0.413414
0.421421
0.428116
0.432967
0.435681
0.436189
0.434587
0.431118
0.426047
0.419703
0.412503
0.404905
0.397373
0.390404
0.384347
0.379434
0.375735
0.373138
0.371506
0.370745
0.370886
0.37208
0.374553
0.378514
0.384032
0.390935
0.398852
0.407188
0.415177
0.422002
0.42696
0.429521
0.429467
0.426882
0.422232
0.416283
0.409927
0.404093
0.399559
0.396742
0.395655
0.396016
0.397346
0.399128
0.400933
0.402514
0.403859
0.405224
0.407078
0.409959
0.414308
0.420282
0.427633
0.435729
0.443664
0.450436
0.455171
0.457232
0.456277
0.452258
0.445407
0.436188
0.425249
0.413393
0.401542
0.390576
0.381291
0.374286
0.369931
0.368353
0.369396
0.372705
0.377815
0.38419
0.391339
0.3988
0.406145
0.412963
0.418897
0.423657
0.426954
0.428598
0.428505
0.426732
0.423468
0.419058
0.414014
0.408889
0.404156
0.400167
0.39711
0.395068
0.39411
0.394331
0.395845
0.398756
0.403113
0.40878
0.415404
0.422426
0.429116
0.434706
0.438542
0.440095
0.439069
0.435466
0.429576
0.421874
0.413089
0.404075
0.395752
0.388998
0.384522
0.382788
0.384
0.387992
0.394301
0.402172
0.410712
0.418955
0.425977
0.431001
0.433498
0.433172
0.430037
0.424419
0.41701
0.408787
0.400832
0.394179
0.389642
0.387595
0.388049
0.390715
0.395145
0.40084
0.407258
0.413829
0.419896
0.424768
0.427842
0.428595
0.426741
0.422311
0.415708
0.407591
0.398769
0.390143
0.382594
0.376881
0.373508
0.372597
0.373846
0.37665
0.380237
0.383884
0.387098
0.389651
0.391601
0.393237
0.395028
0.397434
0.400849
0.405481
0.411273
0.417964
0.425074
0.432043
0.438303
0.443409
0.447098
0.449298
0.450073
0.449592
0.448084
0.445818
0.443029
0.439924
0.436619
0.433128
0.429412
0.425397
0.421068
0.416374
0.4113
0.405851
0.400101
0.394273
0.388717
0.383969
0.380538
0.378785
0.378848
0.380666
0.384016
0.388588
0.394036
0.400026
0.406187
0.412135
0.41745
0.421727
0.424638
0.425963
0.425639
0.423786
0.420754
0.417034
0.413239
0.409949
0.407572
0.406281
0.405989
0.40648
0.407482
0.4087
0.409899
0.410864
0.411457
0.411551
0.41104
0.409849
0.407927
0.405232
0.401744
0.397552
0.392854
0.387984
0.383395
0.379593
0.37696
0.375755
0.375975
0.37739
0.379609
0.382201
0.384801
0.387225
0.389529
0.391989
0.394974
0.398818
0.403687
0.40951
0.415951
0.422499
0.428552
0.433603
0.437338
0.439689
0.440878
0.44131
0.441453
0.441773
0.442529
0.443712
0.44507
0.44611
0.446211
0.444742
0.441231
0.435483
0.427634
0.418154
0.407679
0.396977
0.38678
0.377765
0.370519
0.365466
0.362903
0.362981
0.365675
0.370782
0.377931
0.386602
0.396167
0.405913
0.415062
0.422865
0.428689
0.432074
0.432827
0.431092
0.427337
0.422229
0.416577
0.411209
0.406867
0.404108
0.403203
0.404147
0.406692
0.410327
0.414446
0.418375
0.421509
0.423311
0.423351
0.421351
0.417227
0.411085
0.403274
0.394398
0.385297
0.37691
0.370202
0.365981
0.364799
0.366948
0.372366
0.380646
0.391105
0.402873
0.414939
0.42634
0.436184
0.443795
0.448665
0.450533
0.449389
0.445526
0.439528
0.432252
0.424728
0.41791
0.412566
0.409108
0.407551
0.407646
0.408971
0.411096
0.41367
0.416396
0.418974
0.421042
0.422089
0.421544
0.418857
0.413689
0.406079
0.396558
0.386226
0.376683
0.36974
0.3671
0.369749
0.377603
0.389442
0.403258
0.416837
0.428292
0.436426
0.440835
0.44171
0.439793
0.436021
0.431484
0.427198
0.423971
0.422289
0.422205
0.423383
0.425147
0.426693
0.427226
0.426189
0.423354
0.418816
0.412885
0.406041
0.398805
0.391706
0.385238
0.379813
0.375792
0.373439
0.37291
0.374294
0.377595
0.38274
0.38949
0.397457
0.406034
0.414528
0.422232
0.428511
0.432963
0.435457
0.436197
0.435611
0.43417
0.432244
0.430069
0.427708
0.425161
0.422453
0.419628
0.416755
0.413862
0.411007
0.408213
0.405525
0.403012
0.400751
0.398873
0.397492
0.396714
0.396629
0.397311
0.398808
0.40104
0.403822
0.406852
0.409715
0.411954
0.413108
0.412806
0.410745
0.406815
0.401169
0.394229
0.386656
0.379272
0.372935
0.368322
0.365954
0.366048
0.368577
0.37329
0.379838
0.387766
0.396531
0.405585
0.414359
0.422267
0.428782
0.433485
0.436122
0.436659
0.435219
0.432166
0.428089
0.423684
0.419707
0.416883
0.415669
0.416244
0.418484
0.421969
0.426135
0.430309
0.433826
0.436074
0.436648
0.435339
0.432234
0.427718
0.422431
0.417113
0.412396
0.408653
0.405883
0.403796
0.401992
0.40012
0.398002
0.395752
0.393672
0.392121
0.391441
0.391797
0.393145
0.395204
0.397582
0.399803
0.401421
0.402153
0.401932
0.400936
0.399514
0.398103
0.397074
0.396483
0.39615
0.395734
0.394936
0.393636
0.391901
0.39001
0.38829
0.387123
0.386854
0.387766
0.390023
0.39369
0.398722
0.404969
0.412191
0.420048
0.42814
0.435952
0.442947
0.448522
0.452115
0.453288
0.451777
0.447586
0.440997
0.432554
0.42294
0.412886
0.403118
0.394293
0.387001
0.381736
0.378844
0.378437
0.380432
0.384595
0.390664
0.398332
0.407351
0.417385
0.427913
0.438124
0.447073
0.453891
0.457987
0.459138
0.457515
0.453517
0.447764
0.440961
0.433841
0.426983
0.420766
0.415333
0.410631
0.406371
0.402247
0.397924
0.393155
0.387798
0.381854
0.375511
0.369178
0.363348
0.358643
0.35566
0.793091
0.77758
0.754733
0.725951
0.692962
0.657771
0.622883
0.59103
0.564937
0.546794
0.537844
0.538202
0.54682
0.561829
0.580916
0.601725
0.622122
0.640427
0.655544
0.66704
0.675183
0.68072
0.684381
0.686425
0.686458
0.683811
0.678133
0.669661
0.659286
0.648345
0.63837
0.630703
0.626218
0.625151
0.627095
0.631144
0.636167
0.641089
0.645042
0.647399
0.647806
0.646143
0.64254
0.63732
0.631016
0.624462
0.618979
0.616254
0.617844
0.624357
0.635051
0.647993
0.660858
0.671686
0.679454
0.684076
0.686092
0.686137
0.684551
0.681457
0.676734
0.67026
0.662005
0.6522
0.641329
0.630077
0.619215
0.609463
0.601394
0.595548
0.592487
0.592698
0.596265
0.602664
0.610721
0.618847
0.62548
0.629596
0.631119
0.631077
0.631319
0.633607
0.638695
0.646083
0.654558
0.663039
0.670848
0.677488
0.682256
0.684475
0.683754
0.680301
0.674836
0.668324
0.661712
0.655784
0.651096
0.647995
0.646647
0.646927
0.648452
0.650591
0.652514
0.653381
0.652465
0.649341
0.643932
0.636715
0.628607
0.620806
0.614649
0.611353
0.611866
0.616645
0.625481
0.637433
0.651053
0.664545
0.676133
0.684326
0.688136
0.687162
0.681743
0.672931
0.662154
0.650955
0.640625
0.631926
0.625172
0.620404
0.617597
0.616869
0.618481
0.622731
0.629711
0.639115
0.650025
0.66098
0.670273
0.676313
0.678041
0.67509
0.667724
0.656858
0.643836
0.630349
0.618161
0.608951
0.603902
0.603231
0.606184
0.611413
0.617652
0.624087
0.630438
0.63672
0.642848
0.6485
0.653227
0.656731
0.658984
0.660271
0.660934
0.66122
0.661154
0.660519
0.658886
0.655829
0.651255
0.645489
0.639294
0.633716
0.629796
0.628341
0.62964
0.633273
0.638289
0.643502
0.648003
0.651506
0.654226
0.656497
0.658464
0.660086
0.661182
0.661719
0.661832
0.661847
0.66221
0.663334
0.665514
0.668619
0.671876
0.674122
0.67418
0.671273
0.665239
0.656467
0.645724
0.633978
0.622154
0.61105
0.601302
0.59354
0.58834
0.586323
0.588051
0.593861
0.603555
0.616326
0.630737
0.64491
0.65703
0.66567
0.670169
0.670705
0.66821
0.664034
0.659418
0.655317
0.652264
0.65035
0.64953
0.649601
0.650386
0.651804
0.65371
0.655854
0.657866
0.659575
0.661147
0.663034
0.665765
0.669497
0.673724
0.677375
0.679261
0.678475
0.674775
0.668525
0.660608
0.652127
0.644091
0.637224
0.631821
0.627741
0.624571
0.621813
0.619177
0.61666
0.614489
0.613025
0.612693
0.614004
0.617297
0.622513
0.628822
0.634788
0.638802
0.639831
0.637702
0.63304
0.626977
0.620785
0.615576
0.612108
0.61088
0.612155
0.61594
0.622005
0.629875
0.638899
0.648282
0.657214
0.665037
0.671314
0.675923
0.678927
0.680429
0.680545
0.679399
0.67722
0.674457
0.671704
0.669502
0.668032
0.666982
0.665559
0.662694
0.657455
0.649439
0.638964
0.627101
0.615501
0.605858
0.599508
0.597204
0.598849
0.603615
0.610241
0.617348
0.623747
0.628583
0.631451
0.632312
0.631371
0.628973
0.625485
0.621309
0.616885
0.61268
0.609284
0.607308
0.607346
0.609903
0.615221
0.623217
0.6333
0.644429
0.655224
0.664156
0.669969
0.671963
0.670316
0.666108
0.660917
0.656326
0.653384
0.652262
0.652337
0.652487
0.651474
0.648367
0.642772
0.635122
0.626646
0.619092
0.614279
0.613465
0.617066
0.624672
0.635347
0.647842
0.660932
0.673541
0.684888
0.694494
0.702011
0.707055
0.709324
0.708667
0.705374
0.700117
0.693453
0.685459
0.675834
0.664279
0.651071
0.637111
0.623498
0.61098
0.599784
0.589874
0.58151
0.575336
0.572217
0.572749
0.576917
0.58416
0.593687
0.604831
0.617091
0.629989
0.642809
0.654668
0.664539
0.671589
0.675398
0.676096
0.674355
0.671183
0.667593
0.664371
0.66212
0.661187
0.661571
0.662834
0.66428
0.665159
0.66494
0.663441
0.660767
0.657042
0.652275
0.646386
0.639387
0.631493
0.623373
0.616026
0.61053
0.607703
0.607811
0.610495
0.614784
0.619363
0.623002
0.624988
0.6253
0.624515
0.623476
0.622948
0.623379
0.624877
0.627356
0.630624
0.63461
0.639276
0.644525
0.650032
0.655257
0.659558
0.662425
0.663515
0.662793
0.660291
0.656136
0.65048
0.643639
0.636319
0.629566
0.624532
0.622053
0.622291
0.624768
0.628722
0.633532
0.638859
0.644644
0.650947
0.657739
0.664672
0.671066
0.676015
0.678629
0.678266
0.674791
0.668868
0.6621
0.65689
0.6555
0.658747
0.66525
0.672215
0.6771
0.678667
0.676793
0.672002
0.664939
0.656145
0.646081
0.635188
0.624009
0.613202
0.603584
0.595961
0.591129
0.589681
0.591869
0.597447
0.605627
0.615248
0.625151
0.634498
0.642977
0.650605
0.657587
0.664045
0.669813
0.6744
0.677104
0.677193
0.674033
0.66726
0.657022
0.644025
0.629557
0.615218
0.602669
0.593278
0.588056
0.587552
0.591847
0.600582
0.612826
0.627196
0.642089
0.655882
0.667219
0.675224
0.679544
0.680353
0.678304
0.674336
0.669488
0.664809
0.661192
0.659339
0.659654
0.662134
0.6663
0.67125
0.675896
0.679168
0.680264
0.678833
0.675003
0.669197
0.662013
0.653958
0.645347
0.636407
0.627439
0.618911
0.611364
0.605168
0.600333
0.596479
0.593115
0.589941
0.587142
0.585415
0.585787
0.589254
0.596338
0.606979
0.620559
0.636103
0.652555
0.668864
0.683978
0.696807
0.706311
0.711528
0.711806
0.706992
0.697419
0.683976
0.667858
0.650309
0.632595
0.615799
0.600827
0.588429
0.579234
0.573693
0.572005
0.574011
0.579153
0.586602
0.595425
0.604721
0.613787
0.622223
0.629872
0.636803
0.643169
0.649127
0.654633
0.659477
0.6633
0.665676
0.666219
0.664772
0.661426
0.656642
0.651216
0.646385
0.643556
0.643951
0.648115
0.65571
0.665615
0.676233
0.685922
0.693247
0.697098
0.696747
0.691951
0.683036
0.670895
0.656898
0.642612
0.629696
0.619585
0.613337
0.611503
0.614004
0.620066
0.628355
0.637219
0.645011
0.650336
0.652304
0.650671
0.64578
0.638485
0.629901
0.621174
0.613248
0.606791
0.602171
0.599569
0.599235
0.601604
0.607117
0.616033
0.628109
0.64239
0.657371
0.671211
0.682262
0.689439
0.692429
0.691653
0.687992
0.682402
0.675363
0.66683
0.656523
0.644496
0.631327
0.618144
0.606377
0.597561
0.592989
0.593377
0.598563
0.607603
0.619243
0.632322
0.645937
0.6592
0.67096
0.679909
0.684698
0.684331
0.678532
0.668063
0.654673
0.64076
0.628838
0.62073
0.617101
0.617447
0.62047
0.624729
0.629098
0.633041
0.636553
0.639968
0.643765
0.648247
0.653294
0.658399
0.662753
0.66549
0.665988
0.664099
0.660181
0.654914
0.648974
0.642962
0.637199
0.631741
0.626547
0.621636
0.61713
0.613391
0.610919
0.610368
0.612305
0.617083
0.624729
0.634813
0.646473
0.658581
0.669957
0.679494
0.686185
0.689232
0.688106
0.68266
0.673293
0.660988
0.647333
0.634392
0.624313
0.618773
0.618564
0.62338
0.631944
0.642498
0.653255
0.66291
0.670758
0.676589
0.680377
0.681998
0.681215
0.677739
0.6715
0.662738
0.65213
0.640718
0.629825
0.620887
0.615209
0.613578
0.61607
0.62201
0.630271
0.639601
0.648972
0.657657
0.665293
0.671598
0.676251
0.678829
0.678915
0.676207
0.670589
0.662131
0.650995
0.637491
0.622103
0.605713
0.589627
0.575503
0.565141
0.560166
0.561658
0.569863
0.584165
0.603197
0.625177
0.648213
0.670536
0.690605
0.707162
0.719347
0.726665
0.728993
0.726583
0.71984
0.709362
0.695892
0.680314
0.663701
0.64725
0.632082
0.618923
0.608109
0.599692
0.593699
0.590134
0.589011
0.590115
0.59297
0.596817
0.60078
0.604047
0.606125
0.606892
0.606624
0.605869
0.60528
0.605383
0.606567
0.609017
0.612738
0.617645
0.623497
0.630033
0.636923
0.643814
0.650368
0.656236
0.661156
0.66489
0.667269
0.668097
0.667209
0.664585
0.660508
0.655631
0.65082
0.646636
0.642993
0.639334
0.63524
0.630952
0.627381
0.625674
0.626591
0.630167
0.635775
0.642531
0.649587
0.656262
0.66205
0.666594
0.669617
0.670901
0.67039
0.668194
0.664582
0.660009
0.655094
0.650507
0.646868
0.644621
0.643996
0.644904
0.647072
0.650078
0.65344
0.656721
0.659577
0.661751
0.662981
0.662968
0.6614
0.657992
0.652564
0.645099
0.635899
0.625636
0.615337
0.606295
0.599855
0.597072
0.598386
0.603294
0.61031
0.617203
0.621526
0.621257
0.615396
0.604228
0.58933
0.573224
0.558797
0.548675
0.544594
0.547143
0.55585
0.56963
0.587098
0.606765
0.627175
0.646951
0.664851
0.67986
0.691243
0.69865
0.702083
0.702024
0.699288
0.694928
0.690009
0.685271
0.680974
0.676788
0.672056
0.666223
0.659129
0.651349
0.644279
0.639633
0.638762
0.6421
0.64907
0.658473
0.669033
0.679679
0.689633
0.698297
0.705221
0.710055
0.712475
0.712233
0.709219
0.703299
0.694384
0.682273
0.666623
0.647212
0.624436
0.599586
0.574776
0.552441
0.534658
0.522775
0.517328
0.518141
0.524597
0.535867
0.551037
0.569223
0.589491
0.61081
0.632059
0.65199
0.669415
0.683338
0.693099
0.69842
0.699421
0.696604
0.69078
0.682926
0.67407
0.665247
0.657442
0.651507
0.648066
0.647451
0.649621
0.654182
0.660306
0.666956
0.67312
0.677878
0.680603
0.680998
0.679007
0.674812
0.668709
0.661128
0.652543
0.643473
0.634438
0.625956
0.618517
0.612637
0.608794
0.607393
0.608715
0.61295
0.620212
0.630335
0.642769
0.65642
0.669803
0.681215
0.689106
0.692397
0.690746
0.684607
0.675254
0.664435
0.653936
0.64516
0.638762
0.634564
0.631849
0.629786
0.627905
0.626193
0.625013
0.624796
0.625766
0.62779
0.630361
0.632742
0.63413
0.63385
0.631538
0.627335
0.621906
0.616283
0.611646
0.608997
0.608851
0.611098
0.615095
0.619816
0.624308
0.627957
0.630673
0.632866
0.635371
0.639265
0.645401
0.653925
0.663998
0.673919
0.681711
0.685926
0.686182
0.788818
0.772986
0.756096
0.741134
0.730201
0.724252
0.723104
0.725646
0.730207
0.735011
0.738354
0.738754
0.735231
0.72756
0.716338
0.70279
0.688305
0.673964
0.66064
0.649134
0.640353
0.63518
0.634239
0.637687
0.645041
0.655273
0.667043
0.678889
0.689495
0.698001
0.704314
0.709111
0.71367
0.719389
0.727139
0.736836
0.747362
0.75687
0.76337
0.765348
0.762311
0.754848
0.744466
0.733199
0.722845
0.714682
0.709077
0.705647
0.703641
0.702311
0.701034
0.699198
0.696239
0.691713
0.685472
0.677706
0.669113
0.660906
0.654832
0.65278
0.656108
0.664863
0.677501
0.691243
0.703046
0.710595
0.71288
0.71041
0.704814
0.698189
0.692424
0.688761
0.6876
0.688584
0.690922
0.693723
0.696481
0.699286
0.70288
0.708211
0.715799
0.725207
0.735031
0.743421
0.748598
0.749458
0.745786
0.738258
0.728284
0.717736
0.708543
0.702129
0.698961
0.69843
0.699295
0.700165
0.700055
0.69862
0.696038
0.692808
0.689598
0.687404
0.687363
0.69049
0.697117
0.706516
0.716953
0.726043
0.731487
0.731664
0.726085
0.715534
0.701903
0.687635
0.675165
0.66643
0.662537
0.663821
0.669948
0.680047
0.692852
0.706875
0.720626
0.732792
0.742377
0.748728
0.751511
0.750505
0.745635
0.736918
0.724591
0.709199
0.6917
0.673522
0.656523
0.64282
0.634448
0.632684
0.637418
0.64704
0.659054
0.671127
0.68164
0.689878
0.695907
0.700326
0.704073
0.70827
0.713907
0.721557
0.731198
0.742195
0.753488
0.763845
0.772106
0.777435
0.779358
0.777795
0.773114
0.766024
0.757426
0.748181
0.739303
0.731903
0.727171
0.725776
0.727381
0.730421
0.732711
0.732286
0.728003
0.719786
0.708417
0.695158
0.681248
0.667666
0.654969
0.64344
0.633328
0.62514
0.619679
0.618037
0.621159
0.629197
0.641185
0.655283
0.669551
0.68262
0.693915
0.703471
0.711592
0.718537
0.724265
0.728301
0.730002
0.72894
0.725458
0.720882
0.717368
0.717189
0.72171
0.730723
0.742592
0.754897
0.76517
0.771459
0.772654
0.768568
0.759838
0.747569
0.733017
0.717167
0.700587
0.683824
0.667764
0.653789
0.643612
0.63858
0.639323
0.645686
0.656861
0.671558
0.688032
0.704241
0.718155
0.728409
0.734603
0.737355
0.737911
0.737755
0.738072
0.739528
0.742113
0.745182
0.747585
0.747845
0.744733
0.737412
0.725851
0.710846
0.69377
0.676337
0.660241
0.647035
0.63785
0.63332
0.633481
0.637863
0.64565
0.655811
0.667281
0.679074
0.690346
0.700564
0.709657
0.717968
0.726088
0.734502
0.743199
0.751616
0.758815
0.763768
0.76562
0.763929
0.758662
0.75027
0.739874
0.729169
0.720009
0.713814
0.711077
0.711252
0.712959
0.714437
0.714012
0.710445
0.703237
0.69264
0.679466
0.664798
0.649893
0.636187
0.625362
0.619201
0.619259
0.626392
0.640457
0.660135
0.683124
0.706576
0.727815
0.744647
0.755721
0.760563
0.759526
0.75347
0.743541
0.730922
0.716736
0.702006
0.687779
0.67518
0.665353
0.659298
0.657659
0.660733
0.668545
0.68091
0.697367
0.717009
0.738459
0.75989
0.779274
0.794593
0.804212
0.806915
0.802032
0.789418
0.769409
0.743024
0.712086
0.679215
0.647699
0.621078
0.602555
0.594098
0.595762
0.605536
0.619924
0.635005
0.647456
0.655137
0.657404
0.65497
0.649701
0.644186
0.641291
0.643403
0.651914
0.666778
0.686638
0.709331
0.732404
0.753595
0.771052
0.783349
0.789455
0.788775
0.781406
0.768695
0.753314
0.7386
0.727131
0.71983
0.716267
0.715754
0.717949
0.722771
0.730068
0.739163
0.74872
0.756826
0.761405
0.760798
0.75435
0.74254
0.726897
0.709551
0.692717
0.678367
0.668013
0.662582
0.662305
0.666789
0.67499
0.685514
0.696908
0.707844
0.717383
0.724988
0.730453
0.733757
0.734897
0.733783
0.730445
0.725085
0.718146
0.710192
0.7017
0.69283
0.683421
0.673088
0.66163
0.6493
0.636948
0.625813
0.617188
0.612102
0.611058
0.614051
0.620651
0.630216
0.642005
0.655239
0.669168
0.682934
0.695554
0.705989
0.713317
0.717086
0.717432
0.715109
0.711266
0.707036
0.703287
0.700375
0.698317
0.696954
0.696064
0.695446
0.694886
0.694174
0.693203
0.692084
0.691213
0.691171
0.692546
0.695722
0.700764
0.707221
0.71414
0.72033
0.724603
0.726074
0.724383
0.719844
0.713201
0.705632
0.698544
0.693261
0.690859
0.691822
0.695854
0.701679
0.707421
0.711167
0.711701
0.708776
0.703038
0.695753
0.688424
0.682449
0.678952
0.678721
0.682222
0.689669
0.700923
0.715188
0.730901
0.745995
0.758666
0.767745
0.772779
0.773661
0.770442
0.76315
0.752121
0.738186
0.7227
0.707231
0.693257
0.681887
0.673607
0.668234
0.665014
0.662836
0.660528
0.657235
0.652751
0.647674
0.643208
0.640853
0.641833
0.646781
0.655585
0.667354
0.680667
0.69385
0.705248
0.713458
0.717608
0.71747
0.713466
0.706573
0.698212
0.69012
0.684236
0.682454
0.686209
0.695933
0.710835
0.728978
0.747766
0.764625
0.777459
0.784881
0.786201
0.781334
0.770688
0.755175
0.73631
0.71625
0.697373
0.681885
0.671245
0.665945
0.665543
0.668939
0.674682
0.681277
0.687579
0.692871
0.696935
0.699801
0.701562
0.702201
0.701642
0.699959
0.697558
0.695197
0.693884
0.694599
0.697979
0.704107
0.712501
0.722191
0.732027
0.740933
0.748057
0.752868
0.755048
0.754475
0.751103
0.745002
0.736553
0.726536
0.716111
0.706516
0.6987
0.692977
0.688868
0.68536
0.68122
0.675451
0.66759
0.657781
0.646777
0.635619
0.625552
0.618086
0.615018
0.618413
0.630039
0.650578
0.678816
0.711486
0.743977
0.771685
0.791174
0.800744
0.800381
0.791586
0.776834
0.759179
0.741701
0.727035
0.716961
0.71226
0.712526
0.716335
0.72158
0.725853
0.727064
0.723935
0.71621
0.704607
0.690573
0.675964
0.662672
0.652463
0.646651
0.646076
0.650839
0.660151
0.672213
0.68442
0.69399
0.698724
0.69761
0.691011
0.680664
0.669184
0.659393
0.653593
0.652977
0.657528
0.66634
0.67822
0.692072
0.706878
0.721595
0.735015
0.745897
0.75334
0.75694
0.756929
0.754055
0.749093
0.742831
0.7358
0.728258
0.720228
0.711611
0.702217
0.69186
0.680361
0.667705
0.654345
0.641347
0.630525
0.624025
0.623547
0.629568
0.641046
0.655731
0.670936
0.684226
0.693956
0.699617
0.701927
0.702281
0.702052
0.702161
0.702802
0.703776
0.704864
0.70605
0.707519
0.709605
0.712492
0.715962
0.719351
0.721737
0.722348
0.720917
0.717946
0.714409
0.711265
0.708947
0.707381
0.706298
0.705594
0.70546
0.706121
0.707576
0.709356
0.710522
0.710038
0.707076
0.701349
0.693139
0.683319
0.673087
0.663756
0.656501
0.652168
0.651197
0.653665
0.659404
0.667976
0.678609
0.690197
0.701472
0.711169
0.718317
0.722373
0.723186
0.721073
0.716817
0.711867
0.708135
0.707722
0.712098
0.721312
0.733902
0.747506
0.759713
0.768689
0.773281
0.77294
0.767753
0.758448
0.746153
0.732203
0.717848
0.704049
0.691526
0.680971
0.673176
0.668875
0.668468
0.671737
0.677776
0.685243
0.692879
0.699883
0.706012
0.711344
0.715927
0.719512
0.721599
0.721535
0.718735
0.712885
0.703996
0.692576
0.679649
0.666735
0.655802
0.648916
0.647559
0.652107
0.661575
0.673988
0.687106
0.699016
0.708351
0.714434
0.717225
0.717171
0.715172
0.712263
0.70951
0.707656
0.706991
0.707348
0.708295
0.709399
0.710304
0.710643
0.710006
0.708
0.704345
0.699185
0.693101
0.687186
0.682727
0.680817
0.682006
0.686081
0.692161
0.699005
0.705512
0.711371
0.717152
0.723863
0.732094
0.741339
0.749936
0.755699
0.75693
0.753193
0.745604
0.736408
0.728036
0.722237
0.71958
0.719508
0.720769
0.721949
0.721823
0.719697
0.715326
0.708952
0.701024
0.692056
0.682564
0.673097
0.664452
0.657769
0.654245
0.654666
0.659063
0.666676
0.67602
0.685245
0.692481
0.696326
0.696134
0.69208
0.685054
0.676362
0.667419
0.659655
0.654491
0.653273
0.656996
0.665995
0.679674
0.696513
0.714366
0.730936
0.744353
0.753427
0.757617
0.757029
0.752218
0.743993
0.733387
0.721529
0.709635
0.698913
0.690512
0.685403
0.684182
0.686851
0.692714
0.700524
0.708802
0.716313
0.722235
0.726235
0.728411
0.729084
0.728566
0.727065
0.724718
0.721402
0.716883
0.71096
0.703631
0.69528
0.686565
0.678257
0.671053
0.665485
0.66193
0.660646
0.66181
0.665276
0.670522
0.676669
0.682785
0.688207
0.692721
0.696547
0.700222
0.704406
0.709654
0.716175
0.723826
0.732126
0.740319
0.747503
0.752824
0.75561
0.755412
0.752053
0.745808
0.737334
0.727623
0.717807
0.708955
0.701816
0.69668
0.69339
0.691407
0.690103
0.688959
0.687768
0.686579
0.68571
0.685527
0.686372
0.688499
0.692081
0.697198
0.703687
0.71106
0.718407
0.724595
0.728534
0.729421
0.726829
0.72095
0.712676
0.703481
0.695139
0.689225
0.68672
0.687656
0.69118
0.695907
0.700331
0.703368
0.704774
0.705047
0.705098
0.705698
0.707093
0.709049
0.711043
0.712595
0.713558
0.713981
0.714101
0.714133
0.714322
0.714877
0.715997
0.717948
0.720829
0.724489
0.728421
0.731727
0.733198
0.731516
0.725597
0.714928
0.699813
0.681437
0.661552
0.642172
0.625208
0.612191
0.604192
0.601839
0.605224
0.613853
0.626576
0.641963
0.658816
0.67654
0.695117
0.714554
0.734222
0.752658
0.768134
0.779422
0.786105
0.788469
0.787114
0.782538
0.775136
0.765283
0.753437
0.740344
0.727101
0.715094
0.70574
0.699959
0.69793
0.699149
0.702802
0.708127
0.714406
0.720796
0.726321
0.729824
0.730212
0.726747
0.7192
0.708053
0.694534
0.680614
0.668575
0.660525
0.657821
0.660606
0.667955
0.678356
0.690071
0.701556
0.711493
0.718778
0.722487
0.721962
0.717032
0.708161
0.696691
0.684739
0.674831
0.669191
0.669279
0.675309
0.686252
0.700154
0.714716
0.727824
0.73784
0.802085
0.800195
0.794372
0.785123
0.773072
0.758995
0.743814
0.728611
0.714546
0.702755
0.694137
0.689187
0.687722
0.689137
0.692808
0.698258
0.704854
0.711725
0.717729
0.72191
0.723823
0.723729
0.72261
0.721917
0.723185
0.727456
0.734872
0.744495
0.754864
0.764892
0.774245
0.783259
0.792466
0.802014
0.811449
0.819671
0.825384
0.827444
0.825155
0.818337
0.807246
0.792493
0.775016
0.756063
0.737142
0.719871
0.70548
0.69461
0.687176
0.682621
0.680347
0.679866
0.680786
0.682652
0.684976
0.687106
0.688466
0.688729
0.68803
0.68708
0.686987
0.688927
0.693763
0.701695
0.712235
0.724323
0.736635
0.74793
0.757325
0.764311
0.76874
0.770797
0.770866
0.769349
0.766512
0.7624
0.756903
0.749891
0.741201
0.730838
0.719125
0.706941
0.695953
0.688569
0.687208
0.693125
0.7055
0.721612
0.737933
0.7512
0.75912
0.760637
0.755904
0.746155
0.73351
0.720559
0.709773
0.703012
0.701102
0.70383
0.710314
0.719419
0.730119
0.741553
0.753029
0.764043
0.77437
0.783906
0.792578
0.800223
0.806551
0.811161
0.813745
0.81416
0.812369
0.808388
0.802265
0.793918
0.783174
0.770028
0.75503
0.739405
0.724787
0.71267
0.703828
0.69819
0.694875
0.692625
0.690169
0.686537
0.681225
0.674257
0.666157
0.657947
0.650959
0.646507
0.64562
0.648849
0.656384
0.668325
0.684717
0.705301
0.729259
0.754944
0.779986
0.801866
0.818423
0.828222
0.830773
0.826481
0.816407
0.802124
0.785536
0.768669
0.753388
0.740978
0.731969
0.72618
0.723064
0.722044
0.722745
0.724894
0.728139
0.731873
0.735305
0.737579
0.737964
0.736151
0.732348
0.727245
0.721934
0.717563
0.715056
0.714714
0.716154
0.718433
0.720482
0.721597
0.721695
0.721325
0.721179
0.721525
0.721973
0.721766
0.720287
0.717654
0.71489
0.713598
0.715282
0.720596
0.728906
0.738445
0.747096
0.753048
0.755307
0.753787
0.749241
0.74302
0.736863
0.732428
0.731027
0.733448
0.739759
0.749253
0.760645
0.772292
0.782574
0.790069
0.793928
0.793952
0.790643
0.784908
0.777653
0.769707
0.761795
0.754682
0.748936
0.744862
0.742354
0.741034
0.740385
0.73978
0.7386
0.736229
0.732292
0.726732
0.719768
0.711759
0.703257
0.695042
0.688198
0.683925
0.683283
0.686821
0.694221
0.704295
0.715303
0.725398
0.733005
0.737102
0.737268
0.733742
0.727325
0.719372
0.711594
0.705875
0.703984
0.70728
0.716379
0.730889
0.749428
0.769949
0.790205
0.808182
0.82241
0.831967
0.836331
0.835219
0.828409
0.815667
0.797031
0.773307
0.746714
0.720957
0.700202
0.687051
0.681523
0.681797
0.685645
0.691229
0.697157
0.7024
0.706373
0.709098
0.711254
0.714017
0.71868
0.726114
0.736392
0.748578
0.76098
0.771574
0.778483
0.780226
0.775897
0.76522
0.748788
0.728409
0.707351
0.689763
0.679112
0.676633
0.680965
0.689712
0.701009
0.714215
0.729473
0.74661
0.764485
0.78098
0.79363
0.80023
0.799376
0.790603
0.774411
0.752345
0.726934
0.701379
0.679097
0.663033
0.65499
0.655243
0.66258
0.674803
0.689468
0.704412
0.71813
0.729818
0.739351
0.747184
0.754016
0.760541
0.767266
0.774417
0.781754
0.788597
0.794041
0.797151
0.797236
0.794009
0.787446
0.777856
0.765887
0.752407
0.738487
0.725325
0.714181
0.706306
0.702775
0.704308
0.71102
0.722141
0.736092
0.750805
0.764214
0.77455
0.780651
0.781714
0.777259
0.767168
0.751649
0.731322
0.707374
0.681672
0.656732
0.635433
0.620429
0.613543
0.615386
0.625393
0.642203
0.664056
0.689133
0.715571
0.741594
0.765568
0.786116
0.802238
0.813199
0.818485
0.817787
0.811183
0.799245
0.783259
0.764883
0.74609
0.728988
0.715557
0.707476
0.70568
0.710224
0.720028
0.732932
0.746113
0.756869
0.763318
0.764874
0.762338
0.757502
0.752526
0.749205
0.748454
0.750148
0.753287
0.756666
0.759287
0.760579
0.760285
0.758255
0.754195
0.747923
0.739594
0.730016
0.7206
0.712987
0.708425
0.707366
0.709233
0.712766
0.716572
0.719501
0.720903
0.720706
0.7192
0.716884
0.714283
0.711768
0.709544
0.707834
0.70685
0.706793
0.707869
0.710347
0.714578
0.721139
0.730653
0.743256
0.758172
0.773482
0.786734
0.795433
0.797603
0.79206
0.778451
0.757525
0.731403
0.703482
0.678078
0.659538
0.651042
0.653738
0.666463
0.686342
0.709765
0.733342
0.754476
0.771524
0.783811
0.791472
0.795185
0.795905
0.794487
0.791465
0.786855
0.780592
0.772956
0.764792
0.757359
0.751849
0.748827
0.748156
0.749086
0.750664
0.752035
0.752558
0.751748
0.74935
0.745318
0.739763
0.732912
0.725006
0.716344
0.707497
0.699391
0.693134
0.68978
0.690176
0.694905
0.704252
0.717821
0.734229
0.750935
0.764715
0.772749
0.77336
0.766523
0.75369
0.737283
0.720272
0.705487
0.695034
0.689942
0.690038
0.694133
0.70065
0.708342
0.716671
0.725639
0.735444
0.746029
0.756686
0.766139
0.772767
0.775238
0.772941
0.766272
0.756688
0.746272
0.737216
0.731217
0.729091
0.730665
0.735043
0.741094
0.74784
0.754707
0.761379
0.767653
0.77318
0.777298
0.779121
0.777699
0.772309
0.762579
0.748767
0.731891
0.713804
0.696922
0.683741
0.676323
0.675777
0.681908
0.693095
0.706767
0.720075
0.73068
0.737331
0.740088
0.740226
0.739776
0.740814
0.744816
0.752261
0.762514
0.774157
0.78541
0.794527
0.800044
0.80098
0.796834
0.787649
0.774141
0.757589
0.739838
0.72304
0.70927
0.700071
0.696216
0.697526
0.703079
0.711422
0.720961
0.730203
0.738014
0.743673
0.746815
0.747407
0.74573
0.742316
0.737852
0.733042
0.728497
0.724559
0.721386
0.718829
0.716586
0.714165
0.711154
0.707548
0.704005
0.701898
0.703026
0.708864
0.71979
0.734645
0.751188
0.767039
0.780465
0.790597
0.797189
0.800192
0.799514
0.795119
0.787092
0.775785
0.761942
0.7468
0.732039
0.719508
0.710724
0.706228
0.705264
0.70609
0.706835
0.706394
0.704788
0.703079
0.70263
0.704451
0.70895
0.716071
0.725528
0.736951
0.74985
0.76338
0.776366
0.787331
0.794881
0.797977
0.79609
0.789324
0.778415
0.764564
0.749253
0.734028
0.720228
0.708869
0.700707
0.696411
0.696569
0.701466
0.710738
0.722981
0.735708
0.746103
0.751861
0.751716
0.74562
0.734584
0.720417
0.705527
0.692405
0.683194
0.679207
0.680638
0.686661
0.69572
0.706022
0.715875
0.72394
0.729461
0.732248
0.732706
0.73187
0.731038
0.731289
0.733012
0.735941
0.739336
0.742598
0.745552
0.748492
0.751899
0.756018
0.760634
0.765278
0.769584
0.773524
0.777317
0.78104
0.784296
0.785998
0.784669
0.778964
0.768148
0.752417
0.732829
0.711139
0.68945
0.669715
0.653544
0.642174
0.636467
0.636988
0.644119
0.657926
0.678058
0.70335
0.731772
0.760596
0.786863
0.807904
0.821808
0.827706
0.825936
0.817978
0.806241
0.79348
0.782126
0.773636
0.768316
0.765465
0.763812
0.761963
0.758598
0.752608
0.743422
0.731218
0.717078
0.702904
0.690816
0.682445
0.678388
0.678201
0.680963
0.685892
0.69277
0.701753
0.712941
0.725778
0.73895
0.750717
0.759624
0.765003
0.76718
0.767276
0.766734
0.766779
0.768089
0.770841
0.774933
0.780025
0.785213
0.788772
0.788664
0.783486
0.773296
0.759565
0.744709
0.731287
0.72117
0.715058
0.712497
0.712421
0.713629
0.715217
0.716557
0.717139
0.716266
0.713072
0.706857
0.697401
0.685309
0.671915
0.659059
0.648588
0.642103
0.640592
0.644248
0.652424
0.663838
0.676891
0.690027
0.702055
0.712271
0.720483
0.726951
0.732193
0.736854
0.741475
0.746396
0.751671
0.757104
0.762387
0.767211
0.771485
0.775318
0.778837
0.782118
0.785008
0.787145
0.788217
0.78818
0.78723
0.785517
0.782956
0.779141
0.773519
0.7658
0.756124
0.745065
0.733325
0.721514
0.710044
0.69923
0.689502
0.681498
0.676113
0.674271
0.676538
0.682863
0.692503
0.704227
0.716682
0.72871
0.739537
0.748802
0.756482
0.762663
0.767431
0.770798
0.772637
0.772654
0.770308
0.765017
0.756425
0.744608
0.730321
0.714916
0.70004
0.687363
0.678292
0.673751
0.674139
0.679309
0.688542
0.700718
0.714472
0.728441
0.741515
0.75285
0.761951
0.768552
0.772331
0.772932
0.770185
0.764273
0.755904
0.7462
0.736544
0.728339
0.722753
0.720426
0.721386
0.725173
0.731061
0.738316
0.746314
0.754595
0.762743
0.770242
0.776471
0.780775
0.782604
0.781516
0.777255
0.769866
0.759592
0.746905
0.732566
0.717543
0.703101
0.690793
0.682236
0.678675
0.680513
0.687017
0.696525
0.707005
0.716457
0.723397
0.727108
0.727715
0.726068
0.723483
0.721212
0.720207
0.720698
0.722275
0.724009
0.72472
0.723446
0.719788
0.714219
0.708089
0.703272
0.701501
0.703832
0.710342
0.720112
0.731685
0.74337
0.753641
0.761342
0.765806
0.766905
0.765058
0.76111
0.756039
0.75092
0.746719
0.744216
0.743911
0.745721
0.74906
0.753081
0.757104
0.76093
0.764666
0.768366
0.771546
0.773237
0.772382
0.768635
0.762744
0.75639
0.751632
0.749935
0.751455
0.754878
0.757961
0.758253
0.753882
0.74413
0.729533
0.711869
0.693746
0.678032
0.667219
0.66303
0.666155
0.676336
0.692451
0.712651
0.734487
0.755214
0.77219
0.783363
0.78769
0.785313
0.777429
0.765947
0.752891
0.739977
0.728277
0.718239
0.709927
0.703185
0.697813
0.693703
0.690914
0.689742
0.690588
0.693593
0.698299
0.703386
0.707035
0.707767
0.705222
0.700495
0.69589
0.694091
0.697213
0.706105
0.720188
0.737881
0.757224
0.776212
0.792868
0.805214
0.811644
0.81142
0.804964
0.793623
0.779247
0.763845
0.749227
0.736841
0.727689
0.722427
0.721437
0.724692
0.731707
0.741667
0.753536
0.766195
0.77845
0.789076
0.796956
0.801168
0.801058
0.796529
0.788091
0.77678
0.763986
0.751178
0.739647
0.730268
0.723433
0.719056
0.796234
0.79163
0.785952
0.779152
0.771589
0.763828
0.756583
0.750634
0.746659
0.745126
0.746263
0.749839
0.75521
0.761251
0.766525
0.769639
0.769783
0.767042
0.762399
0.75733
0.753326
0.75128
0.75149
0.753618
0.757042
0.76098
0.764616
0.767189
0.768206
0.767528
0.76551
0.762964
0.761145
0.761439
0.764766
0.77078
0.777658
0.78274
0.783663
0.779425
0.770593
0.759051
0.747486
0.738614
0.734714
0.737148
0.746186
0.761151
0.780769
0.803444
0.827328
0.850278
0.870038
0.884612
0.892843
0.894601
0.890702
0.882477
0.871062
0.857122
0.840921
0.822795
0.803623
0.784973
0.768769
0.756765
0.750124
0.749068
0.752917
0.760255
0.769362
0.778519
0.786292
0.791579
0.793692
0.792344
0.787653
0.780117
0.770491
0.759619
0.748221
0.736813
0.7257
0.715048
0.70492
0.695329
0.686332
0.678093
0.671114
0.666419
0.665501
0.669825
0.679924
0.69485
0.712373
0.729821
0.74505
0.756989
0.765755
0.772323
0.778106
0.784419
0.792172
0.801667
0.812602
0.824269
0.835741
0.846105
0.854737
0.861321
0.86555
0.86683
0.864365
0.857407
0.845598
0.829408
0.810376
0.791015
0.774447
0.763374
0.758903
0.760162
0.765059
0.771425
0.777562
0.782184
0.784385
0.78366
0.780103
0.774503
0.76828
0.763341
0.761471
0.763729
0.770051
0.779199
0.789218
0.798012
0.80368
0.804974
0.801411
0.793384
0.781934
0.76857
0.755095
0.743335
0.734968
0.731193
0.732465
0.738344
0.747566
0.758318
0.768863
0.777881
0.784535
0.788303
0.788944
0.786725
0.782473
0.777462
0.772977
0.769825
0.768137
0.767563
0.76766
0.768135
0.768922
0.770141
0.771955
0.774544
0.778129
0.7828
0.788461
0.794589
0.800152
0.804139
0.806058
0.806272
0.805787
0.805711
0.806689
0.808692
0.81104
0.812845
0.813314
0.812035
0.809008
0.804591
0.799379
0.793934
0.788631
0.783495
0.778329
0.773029
0.767882
0.763476
0.760392
0.759077
0.759721
0.762292
0.766608
0.772222
0.778468
0.784414
0.789143
0.791945
0.792579
0.791438
0.789322
0.787278
0.786217
0.786526
0.787851
0.789275
0.789715
0.788294
0.784726
0.779189
0.772232
0.764583
0.756938
0.750197
0.745391
0.743444
0.744536
0.747733
0.751398
0.754076
0.755153
0.754976
0.754436
0.75465
0.756558
0.760828
0.767864
0.777715
0.789944
0.803532
0.81693
0.828496
0.836862
0.841105
0.840931
0.836445
0.828103
0.816765
0.80345
0.789178
0.774969
0.76187
0.751077
0.74396
0.741879
0.74582
0.755858
0.770611
0.7874
0.803056
0.814954
0.821638
0.822784
0.818933
0.811225
0.80121
0.790633
0.781225
0.774239
0.77017
0.76872
0.768987
0.7699
0.770927
0.772389
0.775224
0.780506
0.788291
0.797157
0.80459
0.808347
0.807574
0.802916
0.79582
0.787512
0.778296
0.767811
0.755869
0.743134
0.730852
0.720334
0.712459
0.707694
0.706461
0.70933
0.717029
0.730011
0.748101
0.769969
0.793072
0.814131
0.830031
0.838633
0.839387
0.833288
0.822316
0.808704
0.794294
0.780558
0.768882
0.760823
0.757736
0.759736
0.765213
0.771532
0.776435
0.778878
0.779081
0.778139
0.777536
0.778562
0.782061
0.788257
0.79674
0.806466
0.816137
0.824405
0.830019
0.831791
0.828451
0.818818
0.802238
0.779214
0.751657
0.722636
0.695803
0.674613
0.661513
0.657637
0.66287
0.6762
0.696017
0.720251
0.746426
0.771854
0.794169
0.811641
0.823475
0.829655
0.830588
0.826914
0.819455
0.809285
0.797781
0.786498
0.77688
0.770074
0.766691
0.766847
0.770265
0.776342
0.784192
0.792695
0.800771
0.807487
0.812165
0.814394
0.814037
0.811209
0.806195
0.79928
0.790605
0.780256
0.768248
0.754555
0.739593
0.724335
0.710469
0.699945
0.694489
0.695226
0.702585
0.716244
0.735043
0.757247
0.781006
0.804611
0.826311
0.844115
0.856168
0.861192
0.859068
0.850847
0.838404
0.824069
0.809962
0.797462
0.787075
0.778648
0.771896
0.766749
0.763362
0.761875
0.762313
0.764435
0.767813
0.772054
0.777119
0.78337
0.791337
0.801263
0.812622
0.824097
0.833901
0.840474
0.843023
0.841669
0.837062
0.830022
0.821164
0.811016
0.800224
0.78963
0.780138
0.772283
0.766115
0.761219
0.757107
0.753671
0.751241
0.750305
0.75108
0.753107
0.755236
0.756026
0.754136
0.748838
0.740407
0.730257
0.72063
0.713874
0.71179
0.715105
0.723381
0.735229
0.748641
0.761361
0.771288
0.776797
0.777029
0.771973
0.762529
0.750138
0.736354
0.722476
0.70957
0.698922
0.692168
0.690983
0.696339
0.708104
0.725236
0.746298
0.769634
0.79359
0.81659
0.837193
0.854309
0.867267
0.875759
0.879783
0.879322
0.87446
0.865765
0.854529
0.842564
0.831577
0.822654
0.81591
0.810659
0.805798
0.800212
0.793209
0.784515
0.774345
0.763309
0.752271
0.742236
0.734225
0.729296
0.728436
0.732435
0.741423
0.754368
0.768938
0.781886
0.790059
0.791262
0.784876
0.772067
0.755536
0.738915
0.725732
0.718294
0.71685
0.719873
0.725079
0.7306
0.735717
0.74079
0.746723
0.754458
0.764329
0.775612
0.786689
0.795722
0.801282
0.802927
0.801221
0.797391
0.792987
0.789562
0.788439
0.790497
0.796074
0.804843
0.815785
0.827232
0.837159
0.843547
0.844691
0.839458
0.827417
0.808882
0.784942
0.757489
0.729073
0.702812
0.681954
0.669323
0.666727
0.674385
0.69083
0.713445
0.739233
0.765571
0.79057
0.812959
0.831882
0.846692
0.856933
0.862203
0.862108
0.856312
0.844896
0.828932
0.810621
0.793067
0.779282
0.771173
0.769319
0.773153
0.781576
0.793323
0.80702
0.821277
0.83475
0.846075
0.854043
0.857552
0.855819
0.848527
0.836122
0.819778
0.801411
0.78325
0.767432
0.755409
0.747747
0.744041
0.743137
0.743592
0.74412
0.743762
0.741918
0.738131
0.732241
0.724669
0.716566
0.709461
0.704916
0.704059
0.707491
0.715305
0.727112
0.742099
0.759041
0.776519
0.793069
0.807557
0.819232
0.827894
0.833874
0.837737
0.839981
0.840684
0.839504
0.835962
0.829512
0.819852
0.807008
0.791362
0.773759
0.755426
0.737973
0.723261
0.712858
0.70766
0.707742
0.712636
0.721708
0.734212
0.748854
0.763443
0.775202
0.781897
0.782899
0.779615
0.774763
0.770982
0.769495
0.769937
0.77113
0.772073
0.772432
0.772773
0.774304
0.778505
0.786547
0.798843
0.814739
0.832515
0.84993
0.864774
0.875443
0.881028
0.881136
0.875558
0.864066
0.846459
0.822874
0.79412
0.762011
0.729418
0.699823
0.676532
0.661839
0.656297
0.658838
0.667439
0.679999
0.694979
0.711486
0.729031
0.747091
0.764736
0.780565
0.792993
0.800807
0.80386
0.803463
0.801892
0.801109
0.801862
0.803789
0.806349
0.80943
0.813379
0.818655
0.82568
0.834743
0.845778
0.858342
0.87148
0.883582
0.892598
0.896372
0.893227
0.882329
0.864101
0.840173
0.812962
0.78511
0.758886
0.735862
0.717016
0.702889
0.693546
0.688661
0.687659
0.689839
0.694612
0.701541
0.710213
0.720251
0.731253
0.742849
0.754715
0.766445
0.777469
0.787037
0.794389
0.79909
0.801091
0.800606
0.797837
0.792822
0.78561
0.776686
0.767117
0.758389
0.752174
0.749891
0.752423
0.759904
0.771619
0.78617
0.801565
0.815498
0.825765
0.830611
0.829196
0.821966
0.810824
0.798643
0.788052
0.780142
0.77417
0.768566
0.76224
0.75523
0.748523
0.743592
0.741825
0.74397
0.749888
0.758638
0.768886
0.779259
0.788681
0.796346
0.801561
0.803709
0.802269
0.797122
0.788771
0.778488
0.768253
0.760453
0.75754
0.761356
0.772286
0.788673
0.806825
0.822228
0.831042
0.831236
0.822984
0.808535
0.791347
0.775067
0.762715
0.756237
0.756292
0.762051
0.771457
0.781957
0.791471
0.798752
0.803142
0.804047
0.800711
0.792584
0.779876
0.763775
0.746467
0.730766
0.719553
0.715095
0.718391
0.728824
0.744287
0.761804
0.778436
0.79188
0.800658
0.804139
0.802321
0.796052
0.787026
0.777584
0.770446
0.767966
0.771392
0.78041
0.793254
0.807191
0.819227
0.826889
0.828745
0.824761
0.816111
0.804647
0.792244
0.780315
0.769601
0.760257
0.752109
0.744955
0.738777
0.733905
0.730786
0.729528
0.729691
0.730321
0.730374
0.729007
0.725702
0.72036
0.713416
0.705895
0.699408
0.695944
0.697408
0.705089
0.719361
0.739484
0.763879
0.790482
0.817055
0.841488
0.862061
0.877635
0.887561
0.891727
0.890536
0.884696
0.875219
0.863249
0.8499
0.836244
0.823056
0.810783
0.799707
0.790165
0.782471
0.77679
0.773026
0.770948
0.770409
0.77161
0.774879
0.780487
0.788069
0.796339
0.803114
0.805883
0.802513
0.792067
0.775423
0.755417
0.735976
0.720506
0.710468
0.705522
0.704597
0.706782
0.711558
0.718712
0.728144
0.7397
0.752877
0.766785
0.78038
0.792735
0.803133
0.811078
0.816177
0.818117
0.816806
0.812158
0.804269
0.793394
0.779964
0.764635
0.748347
0.732232
0.71788
0.707524
0.703657
0.708377
0.722275
0.743938
0.770345
0.797853
0.823119
0.843626
0.857638
0.864268
0.863338
0.855265
0.841021
0.822186
0.801072
0.780648
0.764302
0.755068
0.754606
0.762373
0.775802
0.791225
0.804947
0.814082
0.816892
0.81288
0.802654
0.787865
0.770856
0.754097
0.739763
0.729306
0.723323
0.721765
0.724231
0.730056
0.738261
0.747587
0.756687
0.76455
0.770671
0.775034
0.777947
0.779696
0.780452
0.780304
0.779373
0.777806
0.775866
0.773885
0.772101
0.770595
0.769272
0.768101
0.767353
0.767662
0.769999
0.775292
0.783977
0.795501
0.808183
0.819611
0.827253
0.829252
0.824929
0.814969
0.800871
0.784311
0.766714
0.749206
0.732924
0.71926
0.709782
0.705881
0.708512
0.717795
0.732948
0.752286
0.773429
0.793617
0.810089
0.820615
0.824047
0.820615
0.811897
0.800353
0.788638
0.778715
0.771455
0.766575
0.763193
0.760406
0.757864
0.75586
0.754906
0.755363
0.757204
0.759958
0.763274
0.767254
0.772517
0.779808
0.789532
0.807167
0.815812
0.823949
0.82986
0.832062
0.829655
0.822381
0.810642
0.795538
0.778978
0.763636
0.752452
0.747884
0.750969
0.760964
0.775865
0.793145
0.810264
0.824959
0.835308
0.839764
0.837188
0.827073
0.809725
0.786635
0.760662
0.735584
0.715107
0.701875
0.696862
0.699505
0.708342
0.721613
0.737635
0.75502
0.772782
0.790389
0.807734
0.824829
0.841355
0.856372
0.868344
0.875817
0.877907
0.874612
0.866661
0.854953
0.84017
0.822706
0.802976
0.781775
0.760725
0.742186
0.72869
0.721915
0.721864
0.726782
0.73409
0.741488
0.747628
0.752128
0.755136
0.75702
0.758153
0.758904
0.759674
0.760714
0.762222
0.764591
0.76856
0.774824
0.783362
0.793048
0.801873
0.807883
0.810069
0.808589
0.804381
0.79839
0.791261
0.783711
0.777028
0.773207
0.774449
0.782464
0.79745
0.817832
0.84035
0.860967
0.875806
0.882157
0.878784
0.865919
0.845117
0.818787
0.78996
0.761923
0.73761
0.719194
0.707824
0.703718
0.706419
0.715095
0.728613
0.745567
0.764392
0.783469
0.801257
0.816252
0.82691
0.831702
0.829583
0.820512
0.805795
0.787854
0.769537
0.753244
0.740255
0.730834
0.724692
0.72149
0.721025
0.723354
0.728712
0.737375
0.749398
0.764308
0.781142
0.798547
0.815152
0.829863
0.842021
0.851291
0.857615
0.861239
0.862523
0.861891
0.859739
0.856145
0.850947
0.84378
0.83431
0.822551
0.809083
0.795126
0.782291
0.771994
0.764862
0.760436
0.757505
0.754777
0.751529
0.747788
0.744193
0.741513
0.74003
0.739205
0.738089
0.735941
0.73278
0.729468
0.727272
0.727291
0.729972
0.735087
0.742026
0.75032
0.760097
0.771979
0.786629
0.804129
0.823558
0.84312
0.860524
0.87364
0.880924
0.881566
0.875575
0.863619
0.846855
0.826661
0.804641
0.782679
0.762919
0.747676
0.738933
0.737591
0.743114
0.753701
0.766897
0.780369
0.792236
0.801295
0.806933
0.809116
0.808287
0.805193
0.800624
0.795091
0.788641
0.780899
0.771572
0.760907
0.749909
0.740126
0.733078
0.729729
0.730315
0.734598
0.7421
0.75219
0.764029
0.776545
0.78856
0.799024
0.807248
0.812827
0.815396
0.814339
0.809037
0.799187
0.785459
0.769717
0.754705
0.743248
0.737448
0.73805
0.744422
0.754748
0.766413
0.776787
0.783811
0.786154
0.783422
0.776009
0.765203
0.752825
0.740855
0.730888
0.723822
0.719906
0.71913
0.721624
0.727688
0.737489
0.750808
0.76687
0.784501
0.802442
0.819535
0.834857
0.847637
0.857452
0.864181
0.867901
0.868832
0.867312
0.863608
0.858069
0.851007
0.842646
0.83306
0.822181
0.809992
0.796786
0.783235
0.770352
0.759241
0.750608
0.744433
0.739878
0.735516
0.73008
0.72325
0.715898
0.709675
0.706248
0.706598
0.71086
0.718733
0.729726
0.743259
0.758539
0.774462
0.789725
0.803186
0.814293
0.82328
0.83109
0.83895
0.847602
0.85674
0.864986
0.87026
0.870492
0.864472
0.85219
0.834943
0.814837
0.794314
0.775517
0.75984
0.747838
0.739403
0.734051
0.731142
0.730184
0.730908
0.73331
0.737387
0.742972
0.749754
0.75726
0.765086
0.773018
0.781051
0.789103
0.796812
0.803446
0.808126
0.810093
0.809024
0.805105
0.798888
0.791222
0.783031
0.77516
0.768268
0.762971
0.759805
0.75923
0.761592
0.766938
0.774792
0.78407
0.7932
0.800371
0.803914
0.802729
0.796594
0.786409
0.774116
0.762253
0.753216
0.748651
0.749186
0.754547
0.763916
0.77596
0.788963
0.801072
0.810433
0.815337
0.814369
0.806761
0.793009
0.77506
0.756122
0.739716
0.728431
0.723277
0.72367
0.728054
0.734485
0.741174
0.746809
0.750633
0.75251
0.752974
0.753019
0.75377
0.756124
0.760465
0.766545
0.773755
0.781469
0.789374
0.797351
0.805297
0.812857
0.819335
0.82392
0.826149
0.826275
0.825109
0.823465
0.821547
0.818756
0.814081
0.806671
0.79627
0.783304
0.768866
0.75445
0.741685
0.732
0.726326
0.724861
0.727218
0.732686
0.740538
0.750177
0.761061
0.772497
0.783636
0.793644
0.801954
0.808478
0.813696
0.818548
0.824056
0.830825
0.838606
0.846368
0.852629
0.855812
0.854627
0.84842
0.837257
0.821969
0.803886
0.784773
0.766421
0.750426
0.737722
0.728491
0.722378
0.718979
0.718293
0.7208
0.727234
0.738145
0.753196
0.770954
0.78917
0.80553
0.818148
0.825714
0.827357
0.822713
0.812083
0.796701
0.77875
0.761209
0.747474
0.740645
0.742494
0.752768
0.769083
0.787696
0.804877
0.818115
0.826714
0.831535
0.834268
0.836568
0.839259
0.842041
0.843815
0.843437
0.840538
0.835594
0.829562
0.823217
0.816769
0.809783
0.801569
0.791681
0.780347
0.768653
0.758306
0.751074
0.748035
0.749095
0.752822
0.757012
0.759478
0.758722
0.754474
0.747632
0.739892
0.733165
0.72907
0.728519
0.731503
0.737139
0.743978
0.750283
0.754405
0.755245
0.752498
0.746661
0.738833
0.730561
0.72365
0.719676
0.719582
0.723419
0.730338
0.739118
0.748851
0.759338
0.771053
0.784939
0.801718
0.821276
0.842343
0.862871
0.880715
0.894123
0.901978
0.903797
0.899631
0.889923
0.875262
0.856346
0.834081
0.809806
0.78563
0.764389
0.748979
0.741184
0.740889
0.74649
0.755601
0.765583
0.773911
0.778305
0.777191
0.769996
0.757386
0.741334
0.724988
0.712121
0.70611
0.708882
0.720227
0.738152
0.759789
0.782166
0.802625
0.819121
0.830466
0.836358
0.837078
0.833344
0.826077
0.816372
0.805391
0.794199
0.783828
0.775167
0.769004
0.766043
0.766828
0.771493
0.779663
0.790568
0.803223
0.816292
0.827955
0.836245
0.839845
0.838672
0.833869
0.8272
0.820323
0.814119
0.808521
0.80274
0.795875
0.787388
0.777345
0.766415
0.755455
0.745381
0.736842
0.730139
0.725261
0.721972
0.719981
0.719173
0.719706
0.721899
0.726231
0.733117
0.742592
0.754119
0.766722
0.77928
0.790906
0.801053
0.809358
0.815411
0.818899
0.819904
0.819135
0.81795
0.817785
0.819418
0.822361
0.824822
0.824449
0.819197
0.808087
0.791342
0.770243
0.746625
0.722558
0.700132
0.68151
0.668859
0.664013
0.668044
0.680779
0.7008
0.725756
0.752891
0.779548
0.803636
0.823809
0.839511
0.850686
0.85769
0.860996
0.861088
0.858273
0.852678
0.844263
0.833144
0.819782
0.805091
0.790416
0.777232
0.766921
0.76053
0.758685
0.761483
0.768213
0.777347
0.786637
0.793593
0.796161
0.793214
0.784915
0.772604
0.758459
0.744894
0.733969
0.726899
0.723931
0.724479
0.727459
0.731981
0.737729
0.745105
0.754909
0.767668
0.783096
0.79997
0.8166
0.831452
0.84348
0.85229
0.85786
0.86015
0.859107
0.854689
0.846922
0.83612
0.823028
0.808702
0.794381
0.781501
0.771535
0.765785
0.76491
0.7687
0.77588
0.784633
0.793426
0.801543
0.808765
0.814784
0.818764
0.819646
0.816623
0.809566
0.79912
0.78658
0.773514
0.761452
0.751769
0.745562
0.743688
0.746617
0.75403
0.764414
0.775414
0.784654
0.790395
0.791842
0.788956
0.782202
0.772391
0.760563
0.747949
0.736035
0.726517
0.720953
0.720557
0.725798
0.736231
0.750492
0.76673
0.783022
0.79783
0.810246
0.819763
0.826121
0.829043
0.828016
0.822343
0.811386
0.794862
0.773326
0.74868
0.724722
0.706793
0.699949
0.705898
0.721986
0.743139
0.764655
0.783442
0.797766
0.806692
0.809884
0.807526
0.800406
0.78987
0.777657
0.765639
0.755569
0.748716
0.745724
0.74656
0.750641
0.75692
0.764079
0.770734
0.775848
0.779101
0.780848
0.781976
0.783335
0.78528
0.787577
0.789736
0.791483
0.792939
0.79461
0.796949
0.800235
0.80431
0.808599
0.812202
0.814065
0.813317
0.809559
0.803018
0.794411
0.784804
0.775531
0.767979
0.763562
0.763491
0.768503
0.778558
0.792557
0.808317
0.822878
0.833203
0.836784
0.832279
0.819657
0.800026
0.775402
0.748416
0.722263
0.700529
0.68669
0.683373
0.691471
0.709616
0.734636
0.762586
0.789834
0.813608
0.831983
0.843629
0.847776
0.844354
0.834281
0.819603
0.803227
0.788112
0.776565
0.76973
0.767618
0.769333
0.773583
0.779046
0.784633
0.789537
0.793128
0.794896
0.794371
0.791346
0.78599
0.778848
0.770769
0.762515
0.7546
0.74741
0.741305
0.736793
0.734686
0.735915
0.741257
0.750924
0.764382
0.780178
0.796224
0.810345
0.820731
0.826592
0.828178
0.826489
0.822801
0.818412
0.814353
0.811275
0.809434
0.808709
0.808622
0.808737
0.808793
0.808959
0.809733
0.811549
0.81431
0.817104
0.818354
0.816284
0.809482
0.797314
0.780088
0.759051
0.736271
0.71424
0.69556
0.682411
0.676187
0.677317
0.685164
0.698268
0.714526
0.731744
0.748099
0.762506
0.77478
0.785423
0.795297
0.805137
0.815186
0.825076
0.833822
0.840149
0.842929
0.84146
0.835738
0.82653
0.81516
0.803346
0.793003
0.786007
0.783663
0.786266
0.793106
0.802707
0.813417
0.823983
0.833572
0.84185
0.84858
0.853377
0.855465
0.853704
0.846858
0.834045
0.815138
0.790978
0.76338
0.734914
0.708332
0.686008
0.669513
0.659419
0.655542
0.657347
0.664314
0.676085
0.69241
0.712825
0.736379
0.761548
0.786356
0.808791
0.827137
0.840417
0.848596
0.852557
0.853657
0.853111
0.851638
0.849265
0.845647
0.840391
0.833386
0.824753
0.814852
0.804132
0.793012
0.781944
0.771431
0.762061
0.754647
0.750119
0.749364
0.75277
0.759856
0.769058
0.77792
0.783748
0.784465
0.779331
0.769321
0.756807
0.744703
0.735415
0.730373
0.730086
0.734464
0.743042
0.755076
0.769671
0.785719
0.801852
0.816531
0.828296
0.836043
0.839083
0.837197
0.830648
0.820352
0.808028
0.79574
0.785121
0.776778
0.770737
0.767146
0.766614
0.769947
0.777646
0.789314
0.8033
0.817027
0.827679
0.83317
0.832641
0.826544
0.816426
0.804487
0.793051
0.783908
0.777896
0.774875
0.774081
0.774687
0.776049
0.777559
0.778382
0.777694
0.775049
0.770579
0.764971
0.759238
0.754564
0.752064
0.79486
0.789877
0.784979
0.779782
0.774197
0.768661
0.764042
0.761408
0.761635
0.76497
0.770819
0.777897
0.784497
0.788831
0.7896
0.786353
0.779627
0.771115
0.763308
0.758759
0.759279
0.765211
0.775516
0.788303
0.801492
0.813608
0.823985
0.832896
0.841106
0.849259
0.85747
0.865362
0.87229
0.877571
0.880552
0.880646
0.877609
0.871678
0.863656
0.854856
0.846647
0.84003
0.835349
0.832351
0.830398
0.828749
0.826696
0.823773
0.819754
0.814675
0.808805
0.802506
0.796167
0.790187
0.78499
0.780953
0.7784
0.777555
0.778454
0.780831
0.784034
0.78711
0.789142
0.789496
0.788073
0.785302
0.781769
0.777965
0.7741
0.770205
0.766391
0.76301
0.760697
0.760126
0.761659
0.765073
0.769544
0.774057
0.777865
0.780786
0.783328
0.786439
0.791084
0.797984
0.8074
0.819242
0.833082
0.848163
0.863404
0.877384
0.888497
0.895236
0.896501
0.891962
0.882181
0.868549
0.852941
0.837178
0.822565
0.809574
0.798118
0.788067
0.779801
0.774167
0.772187
0.7747
0.782149
0.794378
0.810552
0.829239
0.848542
0.866524
0.881595
0.892654
0.899168
0.901082
0.898643
0.892129
0.881842
0.868269
0.852103
0.834262
0.815709
0.797248
0.779337
0.762065
0.745369
0.729364
0.714704
0.702777
0.695495
0.694698
0.701273
0.714788
0.733571
0.755209
0.777183
0.797293
0.813987
0.826382
0.834279
0.837989
0.838115
0.835271
0.829967
0.822511
0.813187
0.8025
0.791417
0.781376
0.773863
0.770032
0.770251
0.774014
0.780241
0.787728
0.795416
0.802618
0.809069
0.815001
0.821066
0.828146
0.836918
0.847383
0.858635
0.869159
0.877542
0.883026
0.885554
0.885359
0.88241
0.876306
0.866562
0.85304
0.836308
0.817674
0.798852
0.781745
0.768275
0.759996
0.757817
0.761661
0.770271
0.781612
0.793268
0.802956
0.808958
0.810327
0.807103
0.800148
0.79082
0.780662
0.771083
0.763364
0.758737
0.75826
0.762348
0.77028
0.780434
0.790822
0.799718
0.806154
0.810019
0.812094
0.813879
0.816996
0.822559
0.830585
0.839851
0.848457
0.854547
0.856947
0.85544
0.850729
0.844257
0.837745
0.832764
0.830453
0.831329
0.835101
0.840755
0.84681
0.851685
0.854077
0.853298
0.849407
0.843147
0.835742
0.828605
0.823111
0.820215
0.820104
0.822086
0.82485
0.827149
0.828405
0.828629
0.827829
0.825464
0.820603
0.812326
0.800185
0.784431
0.766101
0.746975
0.729307
0.715343
0.706956
0.705472
0.711677
0.725615
0.746165
0.770941
0.796496
0.819226
0.836379
0.847032
0.852371
0.854884
0.856825
0.85916
0.861576
0.86327
0.863662
0.862528
0.859898
0.855857
0.850616
0.844617
0.838566
0.833373
0.829634
0.827328
0.825764
0.823841
0.820461
0.814992
0.807503
0.798871
0.790467
0.783534
0.778479
0.77481
0.771563
0.76794
0.763705
0.759388
0.756271
0.756042
0.760232
0.769549
0.78312
0.798513
0.812607
0.822848
0.828238
0.829518
0.828709
0.828345
0.830665
0.836892
0.846866
0.859132
0.871442
0.881526
0.887613
0.888766
0.884944
0.876769
0.865427
0.85232
0.838764
0.825643
0.813362
0.801859
0.79089
0.780366
0.770479
0.761688
0.754511
0.749229
0.745683
0.743267
0.741082
0.738181
0.73392
0.728192
0.721563
0.715103
0.71015
0.707963
0.709479
0.71541
0.726125
0.741744
0.761968
0.785915
0.811944
0.83794
0.861636
0.881071
0.894826
0.902176
0.903232
0.898822
0.890442
0.879906
0.868994
0.858928
0.850112
0.842216
0.834484
0.826204
0.816902
0.806439
0.795038
0.783518
0.77339
0.766716
0.765635
0.771542
0.784225
0.801439
0.819343
0.833681
0.841271
0.84093
0.833469
0.821138
0.806658
0.79263
0.781092
0.773627
0.771314
0.774666
0.783499
0.796914
0.813329
0.830708
0.84668
0.858909
0.865311
0.864366
0.85545
0.83907
0.816984
0.792186
0.768305
0.748776
0.736002
0.730897
0.732833
0.740049
0.750168
0.760837
0.770197
0.777298
0.782148
0.785784
0.789931
0.796367
0.806007
0.818512
0.832373
0.845498
0.855887
0.862172
0.863725
0.860728
0.85402
0.844881
0.834573
0.824057
0.813885
0.804233
0.79528
0.787534
0.781929
0.77963
0.781719
0.788593
0.799696
0.81337
0.82706
0.83805
0.844265
0.844772
0.839953
0.831147
0.820121
0.808521
0.797508
0.787813
0.779963
0.774502
0.772099
0.773284
0.778176
0.786243
0.796376
0.806996
0.816397
0.823016
0.825823
0.824522
0.819723
0.812766
0.805233
0.798437
0.793412
0.791116
0.792575
0.798557
0.809062
0.823006
0.838413
0.852827
0.863958
0.870195
0.870749
0.865649
0.855588
0.841758
0.82572
0.809277
0.794328
0.78231
0.773965
0.769526
0.769242
0.773849
0.784312
0.800773
0.821859
0.844866
0.866639
0.884487
0.896665
0.902496
0.90215
0.896219
0.88525
0.869678
0.849877
0.826526
0.800626
0.773457
0.74676
0.722841
0.704569
0.694653
0.694678
0.70452
0.722367
0.745347
0.770279
0.794143
0.814476
0.829596
0.83871
0.842029
0.840677
0.8366
0.832358
0.830588
0.833034
0.839842
0.849582
0.859805
0.867862
0.871426
0.868944
0.859762
0.844236
0.823932
0.80153
0.780617
0.764825
0.756924
0.758172
0.767984
0.784272
0.803988
0.823978
0.841689
0.855527
0.864842
0.869487
0.869773
0.866442
0.860447
0.852662
0.843695
0.834067
0.824267
0.814846
0.806312
0.799253
0.794258
0.791668
0.791358
0.792747
0.795069
0.797788
0.800887
0.804677
0.809234
0.813995
0.818028
0.820692
0.822088
0.82285
0.823635
0.824747
0.825931
0.826297
0.824612
0.819696
0.811004
0.798856
0.784535
0.770287
0.759032
0.753543
0.755618
0.76556
0.782119
0.802842
0.824639
0.844649
0.86082
0.872017
0.877641
0.877296
0.870882
0.858793
0.842176
0.822924
0.803537
0.786657
0.774611
0.769006
0.770377
0.778351
0.791842
0.809295
0.82877
0.84782
0.863549
0.872998
0.873772
0.864816
0.847004
0.82323
0.797807
0.775337
0.759431
0.751811
0.752135
0.758719
0.769299
0.781692
0.794146
0.805307
0.814168
0.82012
0.823164
0.823934
0.823507
0.82301
0.823262
0.824711
0.827302
0.830505
0.833246
0.834178
0.832033
0.826123
0.816733
0.805119
0.793118
0.782595
0.774808
0.77
0.767397
0.765778
0.764112
0.762303
0.76144
0.763401
0.769891
0.781703
0.798277
0.817886
0.838227
0.857056
0.872756
0.884461
0.89199
0.895598
0.895595
0.892081
0.884934
0.873939
0.859076
0.840692
0.819769
0.79801
0.77768
0.761045
0.750011
0.745729
0.748339
0.756887
0.769416
0.783447
0.796369
0.806018
0.811197
0.811779
0.808576
0.802793
0.795551
0.787522
0.778997
0.770262
0.761888
0.754694
0.749322
0.745951
0.744058
0.742624
0.740639
0.737481
0.733297
0.729029
0.726354
0.727244
0.733529
0.746472
0.766452
0.792832
0.823863
0.856905
0.888777
0.916247
0.936587
0.948122
0.950311
0.943688
0.929641
0.909988
0.886771
0.861967
0.83737
0.814565
0.794889
0.77942
0.768676
0.762411
0.759734
0.759424
0.760367
0.761816
0.763696
0.766551
0.771272
0.778621
0.788757
0.800911
0.813755
0.825745
0.835418
0.841432
0.842881
0.839555
0.832347
0.82331
0.815269
0.810956
0.812185
0.819167
0.830433
0.84348
0.855637
0.864669
0.869048
0.868074
0.861956
0.851776
0.839311
0.826613
0.815687
0.80818
0.804998
0.806001
0.80999
0.815137
0.819482
0.821402
0.820055
0.815564
0.808976
0.801883
0.795825
0.791556
0.788866
0.787068
0.785775
0.785222
0.785864
0.788061
0.791816
0.796776
0.802432
0.808339
0.814296
0.820284
0.826332
0.832345
0.838002
0.842624
0.845243
0.84477
0.840247
0.831305
0.818412
0.803088
0.787624
0.774584
0.765973
0.762447
0.763154
0.76604
0.768676
0.76903
0.765964
0.759363
0.749869
0.738917
0.728566
0.721479
0.720395
0.727054
0.741144
0.760183
0.780554
0.79906
0.814111
0.825896
0.835695
0.844912
0.854447
0.864661
0.875412
0.886146
0.895983
0.903758
0.908202
0.90843
0.90426
0.896194
0.885173
0.872441
0.859356
0.847206
0.836768
0.827881
0.81939
0.809933
0.798714
0.786243
0.774105
0.764261
0.758104
0.755975
0.757415
0.761546
0.767496
0.774518
0.782025
0.789397
0.795914
0.800889
0.803896
0.804903
0.804272
0.802512
0.800009
0.797159
0.794391
0.792254
0.791449
0.792809
0.797142
0.804891
0.815797
0.828777
0.842123
0.854134
0.86368
0.870336
0.874366
0.876308
0.876663
0.875709
0.873452
0.869557
0.863265
0.853676
0.840197
0.823051
0.803709
0.784864
0.769671
0.760668
0.758658
0.762409
0.769279
0.776407
0.781794
0.784613
0.784914
0.783016
0.779154
0.773433
0.76621
0.758451
0.751798
0.748055
0.748539
0.753564
0.762449
0.773853
0.786421
0.799294
0.812271
0.825595
0.839305
0.852553
0.863405
0.86935
0.868319
0.859559
0.843891
0.823386
0.800888
0.779304
0.760953
0.747401
0.73967
0.738244
0.743088
0.75336
0.767498
0.783422
0.798827
0.81167
0.820497
0.82462
0.824181
0.820119
0.813817
0.806915
0.800766
0.796129
0.793067
0.791158
0.789874
0.789029
0.788899
0.789939
0.792363
0.795846
0.799718
0.803409
0.806803
0.810121
0.81356
0.816884
0.819356
0.820206
0.819123
0.816505
0.81341
0.811011
0.810118
0.810861
0.812806
0.815199
0.817315
0.818704
0.819344
0.819331
0.818486
0.816185
0.811611
0.804341
0.794722
0.783825
0.773165
0.764397
0.759133
0.758722
0.763833
0.774121
0.788287
0.804382
0.820284
0.834091
0.844565
0.851445
0.855351
0.857434
0.858726
0.859625
0.859754
0.858578
0.855895
0.851881
0.847007
0.841731
0.836461
0.831699
0.827875
0.824834
0.821807
0.817681
0.811717
0.804396
0.79741
0.792923
0.79235
0.795735
0.801889
0.80885
0.814349
0.816326
0.813289
0.804745
0.791348
0.774773
0.757217
0.740816
0.727058
0.716535
0.708996
0.70386
0.700567
0.69904
0.699703
0.703268
0.710344
0.720977
0.734526
0.749819
0.765463
0.780372
0.794189
0.80747
