           1    0.999476    0.999476           0
           2     0.98438    0.991928  0.00533724
           3           1    0.994619  0.00418174
           4    0.999768    0.995906  0.00332856
           5     0.99952    0.996629  0.00274021
           6           1    0.997191   0.0023404
           7           1    0.997592  0.00204018
           8           1    0.997893  0.00180722
           9           1    0.998127  0.00162151
          10           1    0.998314  0.00147014
          11           1    0.998468  0.00134445
          12           1    0.998595  0.00123846
          13           1    0.998703   0.0011479
          14           1    0.998796  0.00106964
          15    0.999912     0.99887  0.00100091
          16           1    0.998941 0.000940842
          17    0.999908    0.998998 0.000887217
          18    0.999996    0.999053 0.000839658
          19           1    0.999103 0.000796942
          20           1    0.999148 0.000758356
          21           1    0.999189 0.000723328
          22           1    0.999225 0.000691389
          23           1    0.999259 0.000662148
          24           1     0.99929 0.000635278
          25           1    0.999318 0.000610501
          26           1    0.999345 0.000587583
          27           1    0.999369 0.000566322
          28           1    0.999391 0.000546545
          29     0.99998    0.999412 0.000528075
          30    0.998092    0.999368 0.000512301
          31    0.999988    0.999388 0.000496166
          32           1    0.999407  0.00048103
          33    0.999996    0.999425 0.000466784
          34    0.999968    0.999441 0.000453329
          35           1    0.999457 0.000440658
          36           1    0.999472 0.000428676
          37    0.999992    0.999486 0.000417321
          38           1    0.999499 0.000406558
          39           1    0.999512 0.000396336
          40           1    0.999524 0.000386615
           1    0.997508    0.997508           0
           2    0.973796    0.985652  0.00838346
           3      0.9993    0.990201  0.00671075
           4    0.997588    0.992048  0.00528104
           5    0.995048    0.992648  0.00425878
           6    0.983732    0.991162   0.0037994
           7    0.995628      0.9918  0.00330976
           8    0.987744    0.991293  0.00293462
           9    0.986228     0.99073  0.00266196
          10     0.99956    0.991613  0.00253799
          11    0.999124    0.992296  0.00239735
          12     0.99346    0.992393  0.00219953
          13    0.997396    0.992778  0.00206373
          14    0.995272    0.992956    0.001924
          15    0.997712    0.993273  0.00182167
          16    0.699084    0.974886   0.0178847
          17    0.898444     0.97039   0.0173887
          18     0.98666    0.971294   0.0164462
          19    0.933204    0.969289   0.0157023
          20     0.99794    0.970721   0.0149824
          21    0.999724    0.972102   0.0143324
          22      0.9991     0.97333   0.0137334
          23    0.984816    0.973829   0.0131454
          24     0.99858     0.97486    0.012638
          25    0.870784    0.970697   0.0127998
          26    0.695668    0.960119   0.0160956
          27    0.990004    0.961226   0.0155374
          28    0.999368    0.962588   0.0150421
          29     0.98318    0.963298   0.0145402
          30      0.9924    0.964268   0.0140878
          31    0.998944    0.965387   0.0136777
          32    0.998744    0.966429   0.0132899
          33    0.997324    0.967366   0.0129202
          34    0.999044    0.968297   0.0125737
          35    0.991504     0.96896   0.0122319
          36    0.998588    0.969783   0.0119198
          37      0.9987    0.970565   0.0116232
          38     0.98528    0.970952   0.0113238
          39    0.997472    0.971632   0.0110539
          40    0.994688    0.972209   0.0107925
           1    0.935052    0.935052           0
           2    0.871384    0.903218     0.02251
           3    0.936756    0.914397   0.0175647
           4    0.957816    0.925252   0.0161836
           5    0.982524    0.936706   0.0165101
           6     0.80546    0.914832   0.0242495
           7    0.798884    0.898268   0.0258302
           8    0.927152    0.901879   0.0228523
           9    0.941512    0.906282   0.0207332
          10    0.918208    0.907475   0.0186941
          11    0.955396    0.911831   0.0174949
          12    0.781236    0.900948   0.0191247
          13    0.597104    0.877576   0.0285641
          14    0.944388    0.882348   0.0269195
          15    0.849696    0.880171   0.0252127
          16    0.892436    0.880938   0.0236486
          17    0.867352    0.880139    0.022271
          18      0.7703    0.874036   0.0218537
          19    0.968912     0.87903   0.0212663
          20    0.922784    0.881218   0.0203152
          21    0.968496    0.885374   0.0197684
          22    0.651912    0.874762   0.0215306
          23    0.901096    0.875907   0.0206249
          24     0.97428    0.880006   0.0201687
          25    0.830996    0.878045    0.019457
          26    0.574612    0.866375   0.0219311
          27    0.867452    0.866415   0.0211189
          28    0.964272     0.86991   0.0206518
          29    0.940096     0.87233    0.020081
          30    0.947952    0.874851   0.0195692
          31    0.976428    0.878127   0.0192103
          32    0.875604    0.878048   0.0186102
          33    0.729068    0.873534   0.0185857
          34    0.873976    0.873547   0.0180391
          35    0.482012     0.86236   0.0207038
          36    0.889724     0.86312   0.0201426
          37    0.942336    0.865261   0.0197117
          38     0.90306    0.866256    0.019218
          39     0.97254    0.868981   0.0189175
          40    0.937836    0.870702   0.0185227
           1    0.837224    0.837224           0
           2    0.674892    0.756058    0.057393
           3     0.62866    0.713592   0.0516355
           4       0.505    0.661444   0.0594921
           5     0.73372    0.675899   0.0493186
           6     0.65998    0.673246   0.0411701
           7    0.588332    0.661115   0.0370327
           8    0.617856    0.655708    0.032796
           9      0.6988    0.660496   0.0294994
          10    0.751152    0.669562   0.0279078
          11    0.779124    0.679522   0.0270898
          12    0.597272    0.672668   0.0256848
          13    0.713064    0.675775   0.0238963
          14     0.69436    0.677103   0.0222263
          15    0.748988    0.681895   0.0212549
          16    0.818836    0.690454    0.021581
          17    0.652936    0.688247    0.020424
          18    0.631884    0.685116   0.0195279
          19    0.861256    0.694386   0.0205834
          20    0.561464     0.68774   0.0205992
          21    0.873116    0.696567   0.0214264
          22    0.587056     0.69159   0.0210228
          23    0.692504    0.691629   0.0201088
          24    0.739044    0.693605   0.0193677
          25    0.662824    0.692374   0.0186321
          26    0.647924    0.690664   0.0179937
          27    0.703656    0.691145   0.0173337
          28     0.76648    0.693836   0.0169222
          29    0.757256    0.696023   0.0164794
          30    0.595332    0.692666   0.0162683
          31     0.73238    0.693947   0.0157938
          32    0.595512    0.690871    0.015597
          33    0.749892     0.69266   0.0152265
          34    0.662592    0.691776   0.0148044
          35      0.6806    0.691456   0.0143848
          36    0.561456    0.687845   0.0144314
          37    0.544492    0.683971   0.0145521
          38    0.613652     0.68212   0.0142864
          39    0.704696    0.682699   0.0139318
          40    0.740072    0.684133   0.0136571
           1     0.43528     0.43528           0
           2    0.427708    0.431494  0.00267711
           3    0.555632    0.472873   0.0338332
           4    0.430572    0.462298   0.0269771
           5      0.4469    0.459218   0.0217567
           6    0.304948    0.433507   0.0296586
           7     0.53212    0.447594   0.0285722
           8    0.546796    0.459995   0.0275604
           9    0.411064    0.454558   0.0250286
          10    0.513828    0.460485    0.023217
          11    0.362216    0.451551   0.0227603
          12    0.459344    0.452201   0.0208728
          13    0.513412    0.456909   0.0197912
          14    0.397364    0.452656    0.018829
          15    0.369536    0.447115   0.0183711
          16    0.369044    0.442235   0.0178591
          17    0.457208    0.443116   0.0168303
          18    0.209144    0.430118   0.0203035
          19     0.36138      0.4265   0.0195546
          20    0.382568    0.424303   0.0186998
          21    0.557972    0.430668   0.0188616
          22    0.495532    0.433617   0.0182332
          23    0.293704    0.427534   0.0184273
          24    0.358292    0.424648   0.0178839
          25     0.32924    0.420832    0.017571
          26     0.45146     0.42201   0.0169347
          27    0.545692    0.426591   0.0169157
          28    0.527312    0.430188   0.0166896
          29     0.44498    0.430698   0.0161219
          30    0.327168    0.427247   0.0159496
          31    0.399792    0.426362   0.0154597
          32    0.568652    0.430808   0.0156029
          33    0.342744     0.42814   0.0153566
          34     0.48902     0.42993    0.015009
          35    0.571988    0.433989    0.015119
          36    0.428764    0.433844   0.0146997
          37    0.492724    0.435435   0.0143883
          38      0.3895    0.434226   0.0140604
          39    0.471132    0.435173   0.0137317
          40    0.482844    0.436364     0.01344
           1      0.2836      0.2836           0
           2    0.317412    0.300506   0.0119543
           3    0.321184    0.307399  0.00975636
           4     0.29206    0.303564   0.0080356
           5    0.298932    0.302638  0.00648166
           6     0.24298    0.292695   0.0105622
           7    0.246344    0.286073   0.0109336
           8    0.341088     0.29295   0.0115285
           9    0.301116    0.293857   0.0102832
          10    0.235644    0.288036   0.0107773
          11    0.269512    0.286352  0.00992828
          12    0.185388    0.277938   0.0121539
          13    0.246884     0.27555   0.0114513
          14    0.247992    0.273581   0.0108012
          15    0.308256    0.275893   0.0103256
          16     0.19368    0.270755   0.0108839
          17    0.310408    0.273087   0.0104906
          18      0.3059     0.27491   0.0100649
          19      0.2856    0.275473  0.00955092
          20     0.31434    0.277416  0.00926898
          21    0.329952    0.279918  0.00915898
          22    0.290064    0.280379  0.00875427
          23    0.367436    0.284164  0.00915544
          24    0.341508    0.286553  0.00908039
          25    0.301988    0.287171  0.00873813
          26    0.278016    0.286819  0.00840914
          27    0.251488     0.28551  0.00819887
          28    0.273608    0.285085  0.00791707
          29    0.355036    0.287497  0.00800308
          30    0.332484    0.288997  0.00787555
          31    0.324116     0.29013  0.00770255
          32    0.270256    0.289508  0.00748684
          33    0.259528      0.2886  0.00731488
          34     0.31852     0.28948  0.00715247
          35    0.241972    0.288123  0.00707574
          36    0.271212    0.287653  0.00689477
          37    0.271364    0.287213  0.00672247
          38    0.350208     0.28887  0.00674687
          39    0.268916    0.288359  0.00659324
          40    0.320316    0.289158  0.00647664
           1     0.16324     0.16324           0
           2    0.172316    0.167778  0.00320885
           3    0.228408    0.187988   0.0166395
           4    0.198428    0.190598   0.0126827
           5    0.249908     0.20246   0.0146802
           6    0.204372    0.202779    0.012237
           7    0.284156    0.214404   0.0150286
           8    0.176092    0.209615   0.0138921
           9    0.242568    0.213276   0.0128219
          10    0.180668    0.210016   0.0119472
          11    0.157232    0.205217   0.0117854
          12    0.231576    0.207414   0.0110061
          13     0.20244    0.207031   0.0101661
          14     0.12066    0.200862    0.011156
          15    0.222408    0.202298   0.0105043
          16    0.132448    0.197933   0.0107166
          17     0.19912    0.198002   0.0100865
          18    0.154548    0.195588  0.00981076
          19     0.20736    0.196208  0.00931395
          20    0.198268    0.196311  0.00884882
          21    0.236156    0.198208  0.00862847
          22      0.1864    0.197671  0.00825295
          23     0.18188    0.196985  0.00792263
          24    0.237144    0.198658  0.00776721
          25    0.236372    0.200167  0.00760161
          26      0.1855    0.199603  0.00733014
          27    0.176744    0.198756  0.00710738
          28    0.177128    0.197984  0.00689539
          29    0.210436    0.198413  0.00667097
          30    0.155704    0.196989  0.00659877
          31    0.231716     0.19811  0.00648029
          32     0.18812    0.197797   0.0062853
          33    0.186072    0.197442  0.00610487
          34     0.32232    0.201115  0.00694281
          35     0.19884     0.20105  0.00674475
          36    0.158588     0.19987  0.00665973
          37    0.226372    0.200587  0.00651814
          38    0.142668    0.199063  0.00652238
          39    0.193452    0.198919  0.00635672
          40    0.245184    0.200075  0.00630216
           1    0.157504    0.157504           0
           2    0.076264    0.116884   0.0287227
           3    0.175568    0.136445   0.0249351
           4     0.15538    0.141179   0.0191454
           5    0.185724    0.150088   0.0172652
           6     0.18874     0.15653   0.0155431
           7    0.154556    0.156248   0.0133252
           8    0.158684    0.156553    0.011663
           9    0.104168    0.150732   0.0117299
          10    0.144372    0.150096   0.0105742
          11    0.111992    0.146632   0.0101644
          12    0.183504    0.149705   0.0097708
          13     0.14826    0.149594  0.00901983
          14    0.127128    0.147989   0.0085171
          15    0.144944    0.147786  0.00795171
          16     0.14466    0.147591  0.00745713
          17    0.142104    0.147268  0.00702546
          18    0.075612    0.143287  0.00768064
          19     0.20888    0.146739  0.00801479
          20     0.16664    0.147734  0.00767557
          21    0.170312    0.148809  0.00738498
          22    0.206068    0.151412   0.0074939
          23    0.139388    0.150889  0.00718629
          24    0.117764    0.149509  0.00701816
          25    0.137868    0.149043  0.00675286
          26    0.159564    0.149448  0.00650525
          27    0.156004    0.149691  0.00626884
          28    0.163296    0.150177  0.00606375
          29    0.171896    0.150926  0.00590073
          30    0.165792    0.151421  0.00572481
          31    0.148732    0.151334   0.0055408
          32    0.214944    0.153322   0.0057131
          33    0.178928    0.154098  0.00559242
          34    0.152512    0.154052  0.00542813
          35      0.1405    0.153664  0.00528683
          36    0.194964    0.154812  0.00526297
          37    0.144468    0.154532  0.00512815
          38    0.147792    0.154355  0.00499626
          39    0.133312    0.153815   0.0048972
          40    0.131688    0.153262  0.00480591
           1    0.105192    0.105192           0
           2    0.108864    0.107028  0.00129825
           3     0.09938    0.104479  0.00225429
           4    0.115004     0.10711  0.00283751
           5    0.087552    0.103198  0.00417054
           6    0.122248    0.106373  0.00452537
           7    0.090944    0.104169  0.00438294
           8    0.122036    0.106403  0.00436717
           9    0.126984    0.108689  0.00444048
          10    0.077992     0.10562  0.00494494
          11    0.080244    0.103313  0.00500465
          12    0.135896    0.106028  0.00527298
          13    0.147288    0.109202  0.00574367
          14    0.103512    0.108795  0.00534776
          15    0.120504    0.109576  0.00504789
          16    0.096796    0.108777  0.00479518
          17      0.0676    0.106355  0.00508822
          18    0.097896    0.105885   0.0048272
          19    0.102956    0.105731   0.0045756
          20     0.14082    0.107485  0.00467108
          21    0.085324     0.10643   0.0045663
          22    0.122676    0.107169  0.00441805
          23    0.123544    0.107881  0.00428295
          24    0.110888    0.108006  0.00410632
          25    0.143068    0.109408  0.00417471
          26    0.107268    0.109326  0.00401496
          27    0.137696    0.110377  0.00400138
          28    0.083488    0.109416  0.00397204
          29    0.144604     0.11063  0.00401613
          30    0.110324     0.11062  0.00388227
          31    0.128744    0.111204   0.0038008
          32    0.100388    0.110866  0.00369703
          33    0.154968    0.112203  0.00381891
          34    0.133644    0.112833   0.0037583
          35    0.126184    0.113215  0.00367023
          36    0.132132     0.11374   0.0036057
          37      0.0838    0.112931   0.0035979
          38    0.120344    0.113126   0.0035085
          39    0.121212    0.113333  0.00342466
          40    0.092944    0.112824  0.00337677
           1    0.060964    0.060964           0
           2     0.08054    0.070752  0.00692116
           3      0.0752   0.0722347  0.00477027
           4    0.106532    0.080809  0.00824253
           5    0.089756   0.0825984  0.00678548
           6    0.086764   0.0832927  0.00568997
           7      0.0606   0.0800509  0.00572663
           8     0.10794    0.083537  0.00597848
           9    0.100408   0.0854116  0.00560038
          10    0.058936    0.082764  0.00563149
          11    0.081596   0.0826578  0.00512053
          12    0.106496   0.0846443  0.00506452
          13    0.072236   0.0836898  0.00476404
          14    0.071056   0.0827874  0.00450841
          15    0.057496   0.0811013  0.00451214
          16    0.083092   0.0812257  0.00423184
          17    0.071124   0.0806315  0.00402441
          18    0.075192   0.0803293  0.00381216
          19    0.087184   0.0806901  0.00362855
          20    0.078872   0.0805992  0.00344827
          21    0.074216   0.0802952  0.00329743
          22     0.10008   0.0811945  0.00326788
          23    0.093792   0.0817423  0.00317137
          24    0.053416    0.080562  0.00325144
          25    0.083472   0.0806784  0.00312347
          26    0.089716    0.081026  0.00302261
          27    0.082328   0.0810742  0.00291105
          28    0.081932   0.0811049  0.00280725
          29    0.085716   0.0812639  0.00271494
          30      0.1114   0.0822684  0.00280413
          31    0.080248   0.0822032  0.00271444
          32    0.064028   0.0816353  0.00268838
          33    0.109224   0.0824713  0.00273381
          34     0.07492   0.0822492  0.00266241
          35    0.104616   0.0828882  0.00266193
          36    0.073628    0.082631  0.00260039
          37     0.08292   0.0826388  0.00253012
          38     0.11964   0.0836125  0.00264428
          39    0.083068   0.0835986  0.00257651
          40    0.069016    0.083234  0.00253776
           1     0.06822     0.06822           0
           2    0.074292    0.071256  0.00214678
           3    0.066632   0.0697147  0.00190581
           4     0.04954    0.064671  0.00459587
           5    0.099868   0.0717104  0.00729113
           6    0.098908   0.0762433  0.00735119
           7     0.05062   0.0725829  0.00715456
           8    0.056968    0.070631  0.00652106
           9    0.056996    0.069116  0.00596989
          10    0.066396    0.068844  0.00537909
          11    0.076288   0.0695207  0.00493247
          12    0.106536   0.0726053  0.00540048
          13    0.085024   0.0735606  0.00506885
          14    0.058856   0.0725103  0.00481438
          15    0.057084   0.0714819  0.00460195
          16    0.064244   0.0710295   0.0043365
          17     0.08294   0.0717301  0.00413763
          18    0.077516   0.0720516  0.00392022
          19    0.095292   0.0732747  0.00390006
          20    0.060792   0.0726506  0.00375466
          21    0.085656   0.0732699  0.00362659
          22    0.080796    0.073612  0.00347784
          23    0.075224   0.0736821  0.00332733
          24    0.097952   0.0746933  0.00333883
          25    0.083928   0.0750627  0.00322565
          26    0.051524   0.0741574  0.00322613
          27    0.072144   0.0740828  0.00310751
          28    0.047884   0.0731471  0.00313423
          29    0.055212   0.0725287  0.00308656
          30    0.079824   0.0727719  0.00299324
          31    0.077452   0.0729228  0.00290049
          32    0.055776    0.072387  0.00285892
          33    0.073996   0.0724358   0.0027727
          34    0.070072   0.0723662  0.00269202
          35    0.079092   0.0725584  0.00262196
          36     0.07922   0.0727434  0.00255564
          37    0.053448   0.0722219  0.00253922
          38    0.070724   0.0721825  0.00247271
          39     0.06284    0.071943  0.00242088
          40    0.046972   0.0713187  0.00243952
           1    0.056672    0.056672           0
           2    0.046908     0.05179   0.0034521
           3    0.062872    0.055484  0.00379388
           4    0.050744    0.054299  0.00302482
           5    0.067744    0.056988  0.00341178
           6     0.07464     0.05993  0.00391105
           7    0.050788    0.058624  0.00356372
           8    0.061528    0.058987  0.00313669
           9    0.079716   0.0612902  0.00353402
          10    0.056976   0.0608588  0.00320684
          11      0.0617   0.0609353  0.00291622
          12    0.069252   0.0616283  0.00275433
          13     0.07368   0.0625554  0.00269396
          14    0.061612    0.062488  0.00250237
          15    0.060764   0.0623731  0.00233819
          16    0.057196   0.0620495  0.00221432
          17    0.055396   0.0616581  0.00211838
          18    0.050876   0.0610591  0.00208366
          19    0.040184   0.0599604  0.00224505
          20    0.053836   0.0596542  0.00215358
          21    0.064964    0.059907  0.00206581
          22     0.06302   0.0600485  0.00197675
          23    0.075128   0.0607042  0.00199658
          24    0.073808   0.0612502  0.00198664
          25    0.043608   0.0605445  0.00202864
          26    0.054528   0.0603131  0.00196377
          27    0.073568    0.060804  0.00195144
          28    0.074192   0.0612821  0.00193943
          29    0.061672   0.0612956   0.0018726
          30    0.058436   0.0612003  0.00181261
          31    0.065088   0.0613257  0.00175847
          32    0.059244   0.0612606  0.00170472
          33    0.080392   0.0618404  0.00174886
          34     0.05646   0.0616821  0.00170457
          35    0.049952    0.061347   0.0016885
          36    0.056064   0.0612002  0.00164796
          37    0.080028   0.0617091  0.00168015
          38    0.066976   0.0618477  0.00164164
          39    0.052956   0.0616197   0.0016153
          40    0.046728   0.0612474  0.00161725
           1    0.045416    0.045416           0
           2    0.056284     0.05085  0.00384242
           3    0.043784   0.0484947  0.00320316
           4     0.03762    0.045776  0.00336374
           5    0.045812   0.0457832    0.002691
           6    0.062236   0.0485253  0.00336079
           7    0.043464   0.0478023  0.00295743
           8    0.035536    0.046269  0.00295864
           9     0.05456   0.0471902  0.00276961
          10      0.0526   0.0477312  0.00254494
          11    0.049332   0.0478767  0.00231773
          12    0.064536    0.049265  0.00250611
          13     0.07674   0.0513785  0.00307809
          14    0.048672   0.0511851  0.00286429
          15    0.043436   0.0506685  0.00271953
          16    0.054004    0.050877  0.00255753
          17    0.030204   0.0496609  0.00268065
          18     0.05772   0.0501087  0.00256884
          19    0.050904   0.0501505  0.00243398
          20    0.046104   0.0499482  0.00232068
          21    0.050364    0.049968  0.00221025
          22    0.043212   0.0496609  0.00213101
          23    0.051972   0.0497614  0.00204073
          24    0.040536    0.049377  0.00199157
          25    0.065584   0.0500253  0.00201466
          26    0.065404   0.0506168  0.00202214
          27    0.058056   0.0508923  0.00196592
          28    0.061564   0.0512734   0.0019323
          29    0.061056   0.0516108  0.00189489
          30    0.049812   0.0515508  0.00183267
          31    0.060648   0.0518443   0.0017969
          32    0.055868     0.05197  0.00174514
          33     0.04232   0.0516776  0.00171658
          34    0.050568   0.0516449   0.0016664
          35    0.072388   0.0522376  0.00172096
          36    0.044288   0.0520168  0.00168726
          37    0.057636   0.0521686  0.00164848
          38    0.037064   0.0517712  0.00165233
          39    0.050868    0.051748  0.00161012
          40    0.052556   0.0517682     0.00157
           1     0.04462     0.04462           0
           2      0.0496     0.04711   0.0017607
           3       0.037     0.04374   0.0029915
           4      0.0471     0.04458  0.00235861
           5    0.059844   0.0476328  0.00331904
           6    0.048532   0.0477827  0.00276925
           7    0.052536   0.0484617  0.00245548
           8    0.038316   0.0471935   0.0024543
           9    0.020172   0.0441911  0.00357381
          10     0.04438     0.04421  0.00321648
          11    0.069004    0.046464  0.00362889
          12    0.043888   0.0462493  0.00333283
          13    0.037344   0.0455643  0.00314607
          14    0.037212   0.0449677  0.00297738
          15    0.037468   0.0444677  0.00282055
          16    0.042836   0.0443658  0.00264611
          17    0.033044   0.0436998   0.0025729
          18     0.03642   0.0432953  0.00246154
          19    0.039892   0.0431162   0.0023385
          20    0.022884   0.0421046  0.00243055
          21    0.040748     0.04204  0.00231567
          22    0.037088   0.0418149  0.00222132
          23    0.032408   0.0414059  0.00216207
          24    0.044332   0.0415278  0.00207542
          25    0.050524   0.0418877  0.00202336
          26      0.0413   0.0418651  0.00194566
          27    0.045024   0.0419821  0.00187711
          28    0.053928   0.0424087  0.00185793
          29    0.046364   0.0425451  0.00179886
          30    0.047708   0.0427172  0.00174711
          31    0.036528   0.0425175  0.00170212
          32    0.044332   0.0425743  0.00164987
          33    0.033868   0.0423104  0.00162083
          34    0.035336   0.0421053  0.00158609
          35     0.04912   0.0423057  0.00155338
          36    0.032216   0.0420254  0.00153531
          37    0.035616   0.0418522  0.00150356
          38     0.04732   0.0419961  0.00147086
          39    0.047416   0.0421351  0.00143969
          40    0.043532     0.04217  0.00140412
           1    0.034776    0.034776           0
           2    0.049712    0.042244  0.00528067
           3    0.045312   0.0432667  0.00361812
           4     0.04074    0.042635  0.00276818
           5    0.052096   0.0445272  0.00278721
           6    0.039404   0.0436733  0.00244998
           7    0.056356   0.0454851  0.00268768
           8    0.044052    0.045306  0.00235768
           9    0.041512   0.0448844  0.00213307
          10    0.013872   0.0417832  0.00351304
          11     0.04544   0.0421156  0.00320936
          12    0.013824    0.039758  0.00370811
          13    0.032872   0.0392283   0.0034605
          14    0.034176   0.0388674  0.00323208
          15    0.043608   0.0391835  0.00303202
          16    0.043648   0.0394625  0.00285533
          17    0.024044   0.0385555  0.00282775
          18    0.053956   0.0394111   0.0027971
          19    0.031568   0.0389983  0.00268017
          20    0.036328   0.0388648  0.00254948
          21     0.04516   0.0391646  0.00244564
          22     0.03228   0.0388516  0.00235441
          23    0.040856   0.0389388  0.00225366
          24     0.04428   0.0391613  0.00217071
          25    0.033504    0.038935  0.00209565
          26     0.02476   0.0383898  0.00208476
          27    0.041024   0.0384874  0.00200983
          28    0.037544   0.0384537  0.00193833
          29    0.037092   0.0384068  0.00187206
          30    0.032636   0.0382144  0.00181951
          31    0.036008   0.0381432  0.00176221
          32    0.038216   0.0381455  0.00170714
          33    0.030048   0.0379001  0.00167295
          34    0.025584   0.0375379   0.0016625
          35    0.040224   0.0376146  0.00161677
          36    0.047488   0.0378889  0.00159496
          37    0.034196   0.0377891  0.00155497
          38     0.03512   0.0377188  0.00151563
          39    0.049396   0.0380183  0.00150606
          40    0.043232   0.0381486  0.00147403
           1    0.035364    0.035364           0
           2    0.027452    0.031408  0.00279731
           3     0.02172   0.0281787  0.00322958
           4    0.040576    0.031278  0.00361543
           5    0.027192   0.0304608  0.00298327
           6    0.035304    0.031268  0.00259297
           7    0.042912   0.0329314  0.00270396
           8    0.038748   0.0336585  0.00246178
           9    0.039536   0.0343116  0.00227322
          10    0.032836    0.034164  0.00205068
          11    0.031728   0.0339425  0.00187617
          12    0.013268   0.0322197  0.00238301
          13     0.01734   0.0310751  0.00245927
          14    0.036732   0.0314791  0.00231657
          15    0.037808   0.0319011  0.00220022
          16    0.036252    0.032173  0.00207944
          17    0.036164   0.0324078  0.00197033
          18    0.045084    0.033112  0.00198273
          19    0.025352   0.0327036  0.00191998
          20     0.03578   0.0328574  0.00183013
          21     0.02436   0.0324528  0.00178715
          22    0.025484    0.032136  0.00173376
          23      0.0239   0.0317779  0.00169496
          24    0.054656   0.0327312  0.00187331
          25    0.042572   0.0331248  0.00183927
          26    0.038168   0.0333188  0.00177873
          27    0.038524   0.0335116  0.00172327
          28    0.030336   0.0333981  0.00166545
          29    0.027956   0.0332105  0.00161856
          30    0.022456    0.032852  0.00160381
          31      0.0292   0.0327342   0.0015564
          32    0.044808   0.0331115  0.00155282
          33     0.04184    0.033376  0.00152813
          34    0.035492   0.0334382  0.00148445
          35    0.038444   0.0335813  0.00144891
          36    0.037704   0.0336958  0.00141318
          37    0.034116   0.0337071  0.00137503
          38    0.023728   0.0334445  0.00136369
          39     0.04558   0.0337557  0.00136377
          40    0.028212   0.0336171  0.00133669
           1     0.03024     0.03024           0
           2    0.037104    0.033672  0.00242679
           3       0.024    0.030448  0.00308981
           4     0.02718    0.029631  0.00242297
           5    0.025688   0.0288424  0.00206272
           6    0.039868     0.03068  0.00240181
           7      0.0263   0.0300543  0.00213865
           8     0.02682     0.02965  0.00190915
           9      0.0288   0.0295556  0.00169935
          10    0.039516   0.0305516  0.00179778
          11     0.03412    0.030876  0.00166336
          12     0.02762   0.0306047  0.00154672
          13    0.013852    0.029316   0.0018898
          14    0.038216   0.0299517  0.00185867
          15    0.045376     0.03098  0.00199907
          16    0.032668   0.0310855  0.00187691
          17    0.023788   0.0306562  0.00181492
          18     0.01746   0.0299231  0.00185627
          19    0.035432   0.0302131  0.00178107
          20    0.033256   0.0303652   0.0016985
          21    0.030692   0.0303808  0.00161769
          22    0.028416   0.0302915  0.00154662
          23    0.044284   0.0308998  0.00159455
          24     0.03852   0.0312173   0.0015594
          25    0.028112   0.0310931  0.00150196
          26     0.02986   0.0310457  0.00144494
          27    0.038496   0.0313216  0.00141753
          28    0.035676   0.0314771  0.00137541
          29    0.028252   0.0313659  0.00133247
          30    0.020672   0.0310095  0.00133488
          31    0.038192   0.0312412  0.00131178
          32    0.028272   0.0311484  0.00127406
          33    0.028456   0.0310668  0.00123806
          34    0.034544   0.0311691  0.00120587
          35    0.036472   0.0313206  0.00118089
          36    0.034144    0.031399  0.00115069
          37    0.029192   0.0313394  0.00112114
          38    0.022312   0.0311018  0.00111652
          39    0.035896   0.0312247  0.00109464
          40    0.025284   0.0310762   0.0010773
           1    0.018096    0.018096           0
           2    0.015052    0.016574  0.00107622
           3    0.029572   0.0209067  0.00360963
           4    0.018976    0.020424   0.0027393
           5     0.03234   0.0228072  0.00305715
           6    0.024396    0.023072  0.00255906
           7    0.017784   0.0223166  0.00230228
           8      0.0166    0.021602   0.0021225
           9     0.02408   0.0218773  0.00190444
          10    0.025844    0.022274  0.00175482
          11      0.0136   0.0214855  0.00176358
          12    0.020664    0.021417  0.00161795
          13    0.028168   0.0219363  0.00157462
          14    0.031312    0.022606  0.00159823
          15    0.035844   0.0234885  0.00171815
          16    0.030812   0.0239463  0.00167063
          17    0.034568   0.0245711  0.00168515
          18    0.025536   0.0246247  0.00159238
          19    0.031072    0.024964   0.0015443
          20    0.031744    0.025303  0.00150384
          21      0.0142   0.0247743  0.00152233
          22    0.017216   0.0244307   0.0014914
          23    0.026716   0.0245301  0.00142986
          24    0.025428   0.0245675  0.00137077
          25    0.028932   0.0247421  0.00132701
          26      0.0318   0.0250135  0.00130344
          27    0.021308   0.0248763  0.00126237
          28    0.033544   0.0251859  0.00125467
          29    0.035076   0.0255269   0.0012569
          30    0.030284   0.0256855  0.00122496
          31    0.026292    0.025705  0.00118561
          32    0.036916   0.0260554   0.0011992
          33    0.022012   0.0259328  0.00116911
          34    0.032016   0.0261118  0.00114833
          35    0.023028   0.0260237  0.00111889
          36    0.027264   0.0260581  0.00108834
          37    0.033264   0.0262529  0.00107621
          38     0.02482   0.0262152  0.00104855
          39    0.025516   0.0261972  0.00102182
          40    0.016212   0.0259476  0.00102631
           1    0.029288    0.029288           0
           2    0.023608    0.026448  0.00200818
           3    0.016716    0.023204  0.00296784
           4     0.03334    0.025738  0.00312576
           5    0.026248     0.02584  0.00250227
           6    0.029404    0.026434  0.00215458
           7    0.025016   0.0262314  0.00185628
           8    0.010488   0.0242635  0.00245496
           9      0.0208   0.0238787  0.00221214
          10    0.030448   0.0245356  0.00208619
          11     0.02122   0.0242342  0.00191819
          12    0.026356    0.024411  0.00176647
          13    0.021908   0.0242185  0.00164105
          14     0.01686   0.0236929   0.0016058
          15    0.021516   0.0235477  0.00150529
          16    0.028084   0.0238312  0.00143766
          17    0.030212   0.0242066  0.00140123
          18      0.0193    0.023934  0.00134964
          19     0.03324   0.0244238  0.00136459
          20    0.024732   0.0244392  0.00129644
          21     0.03072   0.0247383  0.00126874
          22    0.019324   0.0244922  0.00123471
          23    0.035168   0.0249563  0.00126527
          24    0.028792   0.0251162   0.0012226
          25    0.026976   0.0251906  0.00117596
          26    0.016864   0.0248703  0.00117353
          27    0.026444   0.0249286  0.00113151
          28    0.023464   0.0248763  0.00109231
          29    0.020072   0.0247106  0.00106713
          30    0.021144   0.0245917  0.00103816
          31    0.018328   0.0243897  0.00102414
          32     0.01788   0.0241862  0.00101214
          33    0.023532   0.0241664 0.000981665
          34    0.037812   0.0245678  0.00103158
          35    0.035476   0.0248794  0.00104813
          36    0.029792   0.0250159  0.00102786
          37    0.027152   0.0250736   0.0010017
          38    0.026712   0.0251167 0.000976264
          39    0.024124   0.0250913 0.000951563
          40    0.034796   0.0253339 0.000958205
           1    0.009528    0.009528           0
           2    0.042068    0.025798   0.0115046
           3    0.016464   0.0226867  0.00807952
           4     0.02404    0.023025  0.00606672
           5    0.023152   0.0230504  0.00485343
           6    0.019264   0.0224193  0.00408535
           7    0.028848   0.0233377  0.00360347
           8    0.020212    0.022947  0.00317415
           9    0.029444   0.0236689  0.00290239
          10    0.033232   0.0246252  0.00276522
          11    0.028084   0.0249396  0.00253165
          12    0.018716    0.024421  0.00237321
          13    0.024068   0.0243938  0.00219081
          14      0.0176   0.0239086  0.00208738
          15      0.0267   0.0240947   0.0019565
          16    0.031148   0.0245355  0.00188322
          17      0.0161   0.0240393  0.00183665
          18    0.015608   0.0235709  0.00179335
          19    0.025824   0.0236895  0.00170288
          20     0.01828    0.023419  0.00163908
          21    0.032528   0.0238528   0.0016174
          22    0.021772   0.0237582  0.00154665
          23    0.030044   0.0240315  0.00150335
          24    0.018056   0.0237825  0.00146119
          25    0.013904   0.0233874  0.00145519
          26    0.024908   0.0234458  0.00140039
          27    0.023304   0.0234406  0.00134854
          28    0.019628   0.0233044  0.00130723
          29    0.027892   0.0234626  0.00127169
          30    0.028928   0.0236448  0.00124228
          31    0.035776   0.0240361  0.00126234
          32    0.017356   0.0238274  0.00124003
          33    0.014288   0.0235383  0.00123569
          34    0.026996     0.02364  0.00120352
          35    0.016936   0.0234485  0.00118428
          36    0.030084   0.0236328  0.00116564
          37      0.0181   0.0234832  0.00114369
          38    0.016612   0.0233024  0.00112779
          39    0.008564   0.0229245  0.00116047
          40    0.023808   0.0229466  0.00113166
           1      0.0148      0.0148           0
           2    0.015904    0.015352 0.000390323
           3    0.019508   0.0167373  0.00116067
           4    0.026672    0.019221  0.00232039
           5    0.022788   0.0199344  0.00196292
           6    0.027876    0.021258  0.00203363
           7    0.027412   0.0221371  0.00192378
           8    0.021792    0.022094  0.00168379
           9    0.028908   0.0228511   0.0016582
          10    0.027444   0.0233104  0.00155469
          11     0.02258    0.023244  0.00141477
          12    0.016892   0.0227147  0.00139238
          13    0.027804   0.0231062  0.00133918
          14     0.02192   0.0230214   0.0012462
          15    0.025172   0.0231648  0.00117134
          16    0.022784    0.023141  0.00109837
          17    0.016048   0.0227238  0.00111019
          18     0.01314   0.0221913  0.00116923
          19    0.011376   0.0216221  0.00123853
          20    0.022656   0.0216738  0.00117768
          21    0.020448   0.0216154  0.00112305
          22     0.01746   0.0214265  0.00108777
          23      0.0128   0.0210515  0.00110324
          24    0.012624   0.0207003  0.00111175
          25    0.029016    0.021033  0.00111593
          26    0.018644   0.0209411  0.00107679
          27    0.028508   0.0212213  0.00107276
          28    0.019992   0.0211774  0.00103534
          29     0.01674   0.0210244  0.00101089
          30    0.014844   0.0208184 0.000997961
          31    0.014672   0.0206201 0.000985268
          32    0.009904   0.0202853  0.00100979
          33    0.020016   0.0202771  0.00097922
          34    0.025684   0.0204361 0.000963246
          35    0.022148    0.020485 0.000936965
          36    0.011296   0.0202298 0.000945067
          37    0.020812   0.0202455 0.000919656
          38    0.012388   0.0200387 0.000918406
          39    0.012616   0.0198484 0.000914366
          40    0.011448   0.0196384 0.000915306
           1    0.014392    0.014392           0
           2    0.021348     0.01787  0.00245932
           3    0.015332    0.017024  0.00177912
           4     0.02602    0.019273  0.00236092
           5     0.02808   0.0210344  0.00245954
           6     0.02568   0.0218087  0.00216807
           7    0.015656   0.0209297   0.0020287
           8    0.025012     0.02144  0.00183817
           9    0.023832   0.0217058  0.00165303
          10    0.021864   0.0217216   0.0014878
          11    0.021272   0.0216807  0.00135311
          12    0.013252   0.0209783  0.00141093
          13     0.01888   0.0208169  0.00131159
          14      0.0132   0.0202729  0.00132596
          15    0.020392   0.0202808  0.00123759
          16     0.02222    0.020402  0.00116616
          17    0.029272   0.0209238  0.00120866
          18    0.018764   0.0208038  0.00114745
          19     0.02096    0.020812  0.00108709
          20    0.023956   0.0209692  0.00104404
          21    0.018304   0.0208423  0.00100201
          22     0.01578   0.0206122 0.000982528
          23    0.013928   0.0203216 0.000981849
          24     0.03282   0.0208423  0.00107017
          25     0.01928   0.0207798  0.00102919
          26    0.024988   0.0209417  0.00100225
          27    0.030648   0.0213012  0.00102758
          28    0.019368   0.0212321 0.000993197
          29    0.024144   0.0213326 0.000964011
          30    0.017288   0.0211977 0.000941258
          31      0.0254   0.0213333 0.000920604
          32    0.016288   0.0211756 0.000905236
          33    0.015976   0.0210181 0.000891412
          34    0.015144   0.0208453 0.000881777
          35    0.017424   0.0207475 0.000861984
          36    0.010456   0.0204617 0.000884176
          37    0.008952   0.0201506 0.000913362
          38    0.018384   0.0201041 0.000890509
          39    0.021888   0.0201498 0.000868849
          40    0.022176   0.0202005 0.000848603
           1    0.014432    0.014432           0
           2    0.011628     0.01303 0.000991364
           3    0.029292   0.0184507  0.00447503
           4     0.00962    0.016243  0.00386263
           5    0.024116   0.0178176  0.00339591
           6    0.018976   0.0180107  0.00283541
           7    0.018632   0.0180994  0.00243174
           8    0.024076   0.0188465  0.00223959
           9    0.019376   0.0189053  0.00199152
          10    0.018684   0.0188832  0.00179249
          11    0.016884   0.0187015  0.00163873
          12    0.016416    0.018511  0.00151319
          13    0.024008   0.0189338  0.00145467
          14    0.017672   0.0188437  0.00135356
          15    0.017496   0.0187539   0.0012663
          16      0.0062   0.0179693  0.00140943
          17     0.01892   0.0180252  0.00132763
          18     0.00802   0.0174693  0.00136528
          19    0.011084   0.0171333  0.00133415
          20     0.02028   0.0172906  0.00127668
          21     0.02238    0.017533  0.00123868
          22    0.017828   0.0175464  0.00118245
          23    0.007608   0.0171143  0.00120741
          24     0.02148   0.0172962  0.00117072
          25    0.009936   0.0170018  0.00116032
          26     0.01176   0.0168002  0.00113307
          27    0.025172   0.0171102  0.00113274
          28    0.016084   0.0170736  0.00109288
          29     0.02436   0.0173248  0.00108369
          30      0.0236    0.017534  0.00106756
          31    0.020272   0.0176223  0.00103677
          32    0.022552   0.0177764  0.00101575
          33    0.023636   0.0179539  0.00100037
          34     0.01772   0.0179471 0.000970973
          35    0.019656   0.0179959 0.000944458
          36     0.00712   0.0176938 0.000965333
          37    0.019312   0.0177375 0.000940233
          38    0.018028   0.0177452 0.000915521
          39    0.014576   0.0176639 0.000895645
          40    0.019288   0.0177045 0.000874174
           1    0.011452    0.011452           0
           2    0.017948      0.0147  0.00229668
           3    0.019876   0.0164253  0.00208059
           4    0.020404     0.01742  0.00178241
           5    0.017368   0.0174096  0.00142596
           6    0.014604    0.016942  0.00126264
           7     0.01766   0.0170446  0.00108642
           8    0.022328    0.017705  0.00113372
           9    0.022836   0.0182751  0.00114214
          10    0.014372   0.0178848  0.00109258
          11    0.022968   0.0183469   0.0010866
          12    0.016264   0.0181733  0.00100981
          13    0.015096   0.0179366 0.000959481
          14    0.024916   0.0184351  0.00101221
          15    0.018248   0.0184227 0.000944804
          16    0.015508   0.0182405 0.000903144
          17    0.018412   0.0182506 0.000850074
          18    0.022244   0.0184724 0.000831295
          19    0.017884   0.0184415 0.000788119
          20    0.021188   0.0185788 0.000760583
          21     0.02108   0.0186979 0.000733631
          22     0.01754   0.0186453  0.00070217
          23    0.010112   0.0182743 0.000763391
          24     0.01232   0.0180262 0.000770844
          25    0.018432   0.0180424 0.000740181
          26    0.025392   0.0183251 0.000763785
          27    0.022688   0.0184867 0.000752396
          28    0.026248   0.0187639 0.000774904
          29    0.021048   0.0188426 0.000752176
          30    0.014888   0.0187108 0.000738564
          31    0.008192   0.0183715 0.000788843
          32    0.015704   0.0182881 0.000768583
          33    0.025192   0.0184973 0.000773242
          34     0.01716    0.018458   0.0007515
          35    0.009012   0.0181881  0.00077698
          36   -0.000664   0.0176644 0.000915007
          37     0.01106   0.0174859 0.000907521
          38     0.01712   0.0174763  0.00088369
          39    0.015184   0.0174175 0.000862984
          40    0.016844   0.0174032 0.000841528
           1     0.01346     0.01346           0
           2    0.013976    0.013718 0.000182434
           3    0.021808   0.0164147  0.00220518
           4    0.009784    0.014757  0.00219003
           5    0.013664   0.0145384   0.0017629
           6    0.022152   0.0158073  0.00187084
           7    0.014472   0.0156166  0.00161327
           8    0.019032   0.0160435  0.00146701
           9    0.020616   0.0165516   0.0013892
          10     0.01262   0.0161584  0.00130473
          11    0.023556   0.0168309  0.00134834
          12    0.013992   0.0165943  0.00125657
          13    0.019228   0.0167969  0.00117612
          14     0.01374   0.0165786   0.0011122
          15    0.010016   0.0161411  0.00112081
          16    0.010676   0.0157995  0.00110157
          17    0.006056   0.0152264  0.00117647
          18     0.02146   0.0155727  0.00116096
          19    0.017148   0.0156556  0.00110281
          20    0.010876   0.0154166  0.00107325
          21    0.021304    0.015697  0.00105813
          22    0.018212   0.0158113  0.00101619
          23    0.018612    0.015933 0.000979277
          24    0.018932    0.016058 0.000946412
          25    0.013288   0.0159472 0.000915019
          26    0.007752    0.015632 0.000932536
          27      0.0164   0.0156604 0.000898431
          28    0.019484    0.015797 0.000876661
          29      0.0072   0.0155006 0.000895152
          30    0.017052   0.0155523 0.000866806
          31     0.01278   0.0154628 0.000843445
          32    0.012572   0.0153725 0.000821911
          33    0.016444    0.015405 0.000797646
          34    0.020088   0.0155427 0.000785988
          35    0.017804   0.0156073 0.000766182
          36    0.013736   0.0155553  0.00074666
          37    0.014808   0.0155351 0.000726753
          38    0.010756   0.0154094 0.000718428
          39    0.023988   0.0156293 0.000732907
          40    0.022032   0.0157894 0.000731855
           1    0.009864    0.009864           0
           2    0.011896     0.01088  0.00071842
           3    0.018032    0.013264  0.00200458
           4     0.01606    0.013963  0.00162073
           5    0.012144   0.0135992  0.00133679
           6    0.014672    0.013778  0.00112589
           7       0.018   0.0143811  0.00111496
           8      0.0137    0.014296 0.000978833
           9    0.006996   0.0134849  0.00115837
          10    0.010224   0.0131588  0.00108747
          11    0.025064   0.0142411  0.00142906
          12    0.012964   0.0141347  0.00131393
          13    0.019748   0.0145665  0.00128184
          14    0.010268   0.0142594   0.0012265
          15    0.018736   0.0145579  0.00118049
          16     0.01536    0.014608  0.00110777
          17      0.0118   0.0144428  0.00105485
          18    0.017876   0.0146336  0.00101334
          19      0.0178   0.0148002 0.000973618
          20    0.019152   0.0150178  0.00094894
          21    0.010176   0.0147872 0.000931341
          22      0.0169   0.0148833 0.000893944
          23    0.012248   0.0147687 0.000862389
          24    0.001764   0.0142268 0.000982044
          25    0.009016   0.0140184 0.000964628
          26    0.019736   0.0142383 0.000952263
          27    0.007808   0.0140001 0.000946307
          28    0.011368   0.0139061 0.000917168
          29     0.01372   0.0138997 0.000885564
          30    0.019964   0.0141019 0.000878813
          31    0.011208   0.0140085 0.000855408
          32    0.011632   0.0139342 0.000831894
          33    0.021192   0.0141542 0.000835252
          34     0.01206   0.0140926 0.000812953
          35    0.010472   0.0139891 0.000796281
          36    0.005416    0.013751 0.000808989
          37     0.00662   0.0135583 0.000809756
          38      0.0163   0.0136304 0.000791655
          39    0.013984   0.0136395 0.000771408
          40    0.011648   0.0135897 0.000753728
           1    0.007596    0.007596           0
           2    0.011676    0.009636   0.0014425
           3    0.011548   0.0102733  0.00109343
           4    0.015244    0.011516  0.00135303
           5    0.023172   0.0138472  0.00234931
           6    0.019412   0.0147747  0.00213299
           7     0.01564   0.0148983  0.00183185
           8    0.012312    0.014575  0.00163115
           9    0.015032   0.0146258   0.0014507
          10    0.016784   0.0148416  0.00132159
          11    0.011512   0.0145389  0.00123562
          12    0.016828   0.0147297  0.00114728
          13    0.014744   0.0147308  0.00105903
          14    0.011788   0.0145206  0.00100403
          15    0.011064   0.0142901 0.000963174
          16    0.014724   0.0143172 0.000903358
          17    0.011472   0.0141499 0.000865584
          18    0.004368   0.0136064 0.000973251
          19     0.01748   0.0138103 0.000943139
          20     0.01648   0.0139438 0.000905379
          21    0.017996   0.0141368 0.000882589
          22    0.015652   0.0142056 0.000845154
          23     0.01036   0.0140384 0.000824782
          24     0.01354   0.0140177 0.000790677
          25    0.023804   0.0144091 0.000850449
          26     0.01656   0.0144918 0.000821753
          27    0.012632    0.014423   0.0007942
          28      0.0193   0.0145971 0.000784703
          29      0.0167   0.0146697 0.000760987
          30    0.018596   0.0148005 0.000746791
          31    0.015244   0.0148148 0.000722838
          32    0.014264   0.0147976 0.000700454
          33    0.013428   0.0147561 0.000680457
          34    0.010188   0.0146218 0.000673577
          35    0.015796   0.0146553 0.000655167
          36    0.016512   0.0147069 0.000638995
          37     0.01436   0.0146975 0.000621793
          38    0.014684   0.0146972  0.00060543
          39    0.018004   0.0147819 0.000595814
          40    0.005692   0.0145547  0.00062275
           1    0.015604    0.015604           0
           2    0.012108    0.013856  0.00123602
           3    0.018292   0.0153347  0.00146172
           4    0.017308    0.015828   0.0011766
           5    0.009168    0.014496  0.00151835
           6    0.009596   0.0136793  0.00146859
           7      0.0163   0.0140537  0.00130564
           8    0.011156   0.0136915  0.00119162
           9      0.0137   0.0136924  0.00105922
          10    0.014768      0.0138  0.00095874
          11    0.013372   0.0137611 0.000872371
          12    0.018196   0.0141307 0.000874461
          13    0.011988   0.0139658 0.000822581
          14    0.013184     0.01391 0.000765718
          15    0.010528   0.0136845 0.000747128
          16    0.009988   0.0134535 0.000735286
          17    0.011032   0.0133111 0.000705696
          18    0.011136   0.0131902 0.000676757
          19    0.010812   0.0130651 0.000652611
          20     0.00946   0.0128848 0.000644393
          21    0.010084   0.0127514 0.000627358
          22     0.00922   0.0125909 0.000619037
          23    0.001276    0.012099 0.000762957
          24    0.013284   0.0121483 0.000732763
          25     0.00582   0.0118952 0.000745895
          26    0.012984   0.0119371 0.000718381
          27     0.01484   0.0120446 0.000699774
          28    0.010956   0.0120057 0.000675861
          29    0.013124   0.0120443 0.000653655
          30    0.011952   0.0120412 0.000631873
          31     0.00852   0.0119276 0.000621616
          32    0.015048   0.0120251 0.000609791
          33    0.022952   0.0123562 0.000675253
          34     0.01398    0.012404 0.000657079
          35    0.010784   0.0123577 0.000639934
          36    0.017256   0.0124938 0.000636458
          37    0.010796   0.0124479 0.000620909
          38    0.021688   0.0126911 0.000650442
          39    0.013252   0.0127054 0.000633923
          40     0.01332   0.0127208 0.000618261
