           1    0.187946    0.187946           0
           2    0.113461    0.150704   0.0263343
           3           0    0.100469   0.0446157
           4  0.00284217   0.0760624   0.0395785
           5   0.0435422   0.0695584   0.0321928
           6           0   0.0579653   0.0288393
           7           0   0.0496845   0.0258809
           8           0    0.043474   0.0233791
           9           0   0.0386435   0.0212746
          10 0.000710969   0.0348503   0.0194824
          11           0   0.0316821    0.017967
          12           0   0.0290419   0.0166626
          13           0   0.0268079   0.0155299
          14           0   0.0248931   0.0145382
          15   0.0358967   0.0256266   0.0135875
          16           0    0.024025   0.0128323
          17  0.00319712   0.0227998   0.0121358
          18  0.00035552   0.0215529   0.0115255
          19           0   0.0204185   0.0109746
          20           0   0.0193976   0.0104732
          21           0   0.0184739   0.0100151
          22           0   0.0176342  0.00959505
          23           0   0.0168675  0.00920845
          24           0   0.0161647  0.00885155
          25           0   0.0155181  0.00852107
          26           0   0.0149212  0.00821421
          27           0   0.0143686  0.00792855
          28           0   0.0138554  0.00766197
          29   0.0672978   0.0156983  0.00761616
          30  0.00532533   0.0153525  0.00737014
          31 0.000710969   0.0148802  0.00714751
          32           0   0.0144152  0.00693926
          33  0.00035552   0.0139891  0.00674204
          34  0.00106635   0.0136091  0.00655445
          35           0   0.0132202  0.00637871
          36           0    0.012853  0.00621208
          37    0.003552   0.0126016  0.00604927
          38           0     0.01227  0.00589916
          39           0   0.0119554  0.00575629
          40           0   0.0116565  0.00562013
           1    0.096259    0.096259           0
           2    0.121386    0.108823  0.00888381
           3    0.021758   0.0798011   0.0244249
           4   0.0864958   0.0814748   0.0183759
           5    0.132782   0.0917363   0.0173306
           6    0.158877    0.102926   0.0176897
           7   0.0209753   0.0912191   0.0186383
           8   0.0971571   0.0919613   0.0163233
           9    0.260644    0.110704   0.0228644
          10   0.0332288    0.102956   0.0218512
          11    0.033422   0.0966351   0.0207589
          12   0.0910303    0.096168   0.0190343
          13   0.0209753    0.090384    0.018428
          14   0.0409264   0.0868513    0.017447
          15   0.0819424    0.086524   0.0162869
          16   0.0655286   0.0852118   0.0153218
          17   0.0636614   0.0839441   0.0144728
          18   0.0721875    0.083291   0.0136835
          19    0.159522   0.0873032   0.0135388
          20    0.033422   0.0846091   0.0131271
          21  0.00876128   0.0809973   0.0129894
          22   0.0291619   0.0786412   0.0126109
          23    0.184796   0.0832566   0.0128795
          24    0.259304   0.0905919   0.0142797
          25    0.164108   0.0935325   0.0140081
          26   0.0989503   0.0937409   0.0134708
          27    0.152754   0.0959266    0.013148
          28   0.0536765   0.0944177   0.0127648
          29    0.069588   0.0935615   0.0123533
          30    0.135229   0.0949504   0.0120193
          31   0.0930176    0.094888   0.0116318
          32   0.0133102   0.0923387   0.0115443
          33    0.226181   0.0963946   0.0118856
          34   0.0782707   0.0958615   0.0115479
          35    0.194863   0.0986901   0.0115592
          36    0.130028   0.0995606   0.0112709
          37   0.0830795   0.0991152   0.0109751
          38    0.121254   0.0996978   0.0107017
          39   0.0718174   0.0989829   0.0104511
          40    0.137278   0.0999403   0.0102336
           1    0.395918    0.395918           0
           2    0.347979    0.371949    0.016949
           3    0.269644    0.337847   0.0300493
           4    0.308577     0.33053    0.023411
           5    0.300733     0.32457   0.0194725
           6    0.417641    0.340082   0.0215367
           7    0.273428     0.33056    0.020457
           8    0.310051    0.327996   0.0180598
           9     0.34013    0.329345   0.0161034
          10    0.362129    0.332623    0.014823
          11    0.342125    0.333487   0.0135006
          12    0.399992    0.339029   0.0134651
          13    0.266406    0.333443   0.0135387
          14    0.290368    0.330366   0.0129165
          15    0.364746    0.332658   0.0122571
          16    0.352512    0.333899   0.0115537
          17    0.316814    0.332894   0.0109176
          18    0.322707    0.332328   0.0103258
          19    0.329158    0.332161  0.00978366
          20    0.348541     0.33298  0.00932869
          21    0.345516    0.333577  0.00890354
          22    0.292648    0.331716  0.00869103
          23    0.293117    0.330038  0.00847365
          24     0.30908    0.329165  0.00816545
          25    0.350445    0.330016  0.00788307
          26    0.301717    0.328928  0.00765465
          27    0.268454    0.326688  0.00769185
          28     0.24222    0.323671  0.00798683
          29    0.310131    0.323204  0.00772506
          30    0.294849    0.322259  0.00752515
          31    0.315484    0.322041  0.00728558
          32     0.33793    0.322537   0.0070748
          33    0.310235    0.322164  0.00687023
          34    0.399102    0.324427  0.00703096
          35    0.324621    0.324433  0.00683008
          36    0.417239    0.327011  0.00711025
          37    0.268943    0.325441  0.00708916
          38    0.290511    0.324522  0.00696195
          39     0.30437    0.324005  0.00680259
          40    0.318754    0.323874  0.00663379
           1    0.411693    0.411693           0
           2    0.474507      0.4431   0.0222081
           3    0.376731    0.420977   0.0233556
           4    0.436945    0.424969   0.0178546
           5    0.412743    0.422524   0.0144502
           6    0.407866    0.420081   0.0122466
           7    0.464741    0.426461   0.0120448
           8    0.418214     0.42543   0.0105832
           9    0.412174    0.423957  0.00950924
          10     0.42904    0.424465  0.00857188
          11    0.426353    0.424637  0.00779434
          12    0.427234    0.424853  0.00714781
          13    0.434586    0.425602  0.00663708
          14    0.374952    0.421984  0.00708072
          15     0.45851    0.424419  0.00701488
          16    0.364815    0.420694  0.00750066
          17    0.402463    0.419622   0.0071357
          18    0.445586    0.421064  0.00688352
          19    0.419336    0.420973  0.00652183
          20    0.376259    0.418737  0.00656777
          21    0.357613    0.415827  0.00686978
          22    0.423385     0.41617   0.0065661
          23    0.414724    0.416107  0.00628092
          24    0.418042    0.416188  0.00601973
          25    0.374096    0.414504  0.00600979
          26    0.412045     0.41441  0.00577939
          27    0.480275    0.416849  0.00605835
          28     0.42339    0.417083  0.00584648
          29    0.410189    0.416845  0.00564971
          30    0.419761    0.416942  0.00546222
          31    0.423372     0.41715  0.00528996
          32    0.422288     0.41731  0.00512708
          33    0.395558    0.416651  0.00501391
          34    0.443838    0.417451  0.00492979
          35    0.437544    0.418025  0.00482225
          36    0.425807    0.418241  0.00469314
          37    0.382408    0.417273  0.00466515
          38    0.438409    0.417829  0.00457543
          39    0.437057    0.418322  0.00448459
          40    0.408657     0.41808  0.00437898
           1    0.471013    0.471013           0
           2    0.403458    0.437235   0.0238845
           3    0.398418    0.424296    0.019109
           4    0.419754    0.423161   0.0143654
           5    0.443031    0.427135   0.0120295
           6    0.453027     0.43145   0.0107708
           7    0.436786    0.432213  0.00925906
           8    0.448229    0.434215  0.00831531
           9    0.424584    0.433145  0.00745993
          10    0.442146    0.434045  0.00676803
          11    0.463716    0.436742  0.00666866
          12      0.3898     0.43283  0.00716905
          13    0.491065     0.43731  0.00789404
          14    0.428444    0.436677  0.00735554
          15    0.472022    0.439033  0.00723277
          16    0.429169    0.438416  0.00680695
          17     0.41666    0.437137  0.00652573
          18    0.441617    0.437386  0.00616794
          19    0.430292    0.437012   0.0058546
          20    0.458714    0.438097  0.00566153
          21    0.410704    0.436793  0.00554018
          22    0.446847     0.43725  0.00530717
          23    0.426177    0.436768  0.00509821
          24    0.434808    0.436687  0.00488644
          25    0.405594    0.435443  0.00484668
          26    0.448214    0.435934  0.00468509
          27    0.383759    0.434002   0.0048939
          28    0.468512    0.435234  0.00487185
          29    0.378392    0.433274  0.00508288
          30    0.450339    0.433843  0.00494517
          31    0.421208    0.433435  0.00480242
          32    0.389453    0.432061  0.00484504
          33    0.431235    0.432036  0.00469828
          34    0.471718    0.433203  0.00470283
          35    0.456258    0.433862  0.00461436
          36    0.456491     0.43449   0.0045288
          37    0.418564     0.43406  0.00442681
          38    0.424828    0.433817  0.00431697
          39    0.386859    0.432613  0.00437097
          40    0.410325    0.432056  0.00429706
           1    0.484417    0.484417           0
           2    0.456862     0.47064  0.00974214
           3    0.432093    0.457791   0.0123387
           4     0.45745    0.457706  0.00925435
           5    0.467917    0.459748  0.00762551
           6     0.42152    0.453377  0.00861443
           7    0.428656    0.449845  0.00807529
           8    0.441154    0.448759  0.00713859
           9    0.440497    0.447841  0.00640416
          10     0.45177    0.448234  0.00577579
          11    0.468214     0.45005  0.00552895
          12    0.423784    0.447861  0.00548439
          13    0.449693    0.448002  0.00506433
          14    0.442398    0.447602  0.00471838
          15    0.469486    0.449061  0.00462389
          16    0.452375    0.449268  0.00433953
          17      0.4322    0.448264   0.0041988
          18    0.447347    0.448213  0.00396585
          19    0.437665    0.447658  0.00379577
          20    0.428874    0.446719  0.00372036
          21    0.407788    0.444865  0.00397836
          22     0.44457    0.444852  0.00379755
          23    0.493092    0.446949  0.00417163
          24    0.480987    0.448367  0.00423204
          25    0.394196      0.4462  0.00458405
          26     0.44431    0.446128  0.00440832
          27    0.442961     0.44601  0.00424661
          28    0.437105    0.445692  0.00410684
          29    0.418931     0.44477  0.00406758
          30    0.478924    0.445908  0.00408821
          31     0.43643    0.445602  0.00396775
          32    0.419947    0.444801  0.00392392
          33     0.42312    0.444144  0.00385963
          34    0.424477    0.443565   0.0037892
          35    0.441258    0.443499  0.00368151
          36    0.440819    0.443425     0.00358
          37    0.422852    0.442869  0.00352616
          38    0.429026    0.442504  0.00345213
          39    0.510072    0.444237  0.00377339
          40    0.410481    0.443393  0.00377225
           1    0.483105    0.483105           0
           2    0.438259    0.460682   0.0158556
           3     0.40434    0.441901   0.0186247
           4     0.44273    0.442108   0.0139696
           5    0.443624    0.442411    0.011179
           6    0.414715    0.437795   0.0102246
           7    0.462816     0.44137  0.00936791
           8    0.428525    0.439764  0.00833338
           9    0.454911    0.441447  0.00757548
          10     0.46004    0.443306  0.00704239
          11    0.442344    0.443219  0.00640272
          12    0.427938    0.441945  0.00599445
          13    0.445889    0.442249  0.00554101
          14    0.435612    0.441775  0.00516546
          15    0.439073    0.441595  0.00482424
          16    0.425323    0.440578  0.00462868
          17    0.422433     0.43951  0.00447778
          18    0.435479    0.439286  0.00423461
          19    0.433245    0.438968  0.00402366
          20    0.452397     0.43964  0.00387809
          21    0.436488     0.43949  0.00369632
          22    0.432008     0.43915  0.00354391
          23    0.451824    0.439701  0.00343241
          24    0.435757    0.439536  0.00329332
          25    0.408655    0.438301  0.00338533
          26    0.419831    0.437591  0.00332883
          27    0.456043    0.438274  0.00327494
          28    0.447484    0.438603  0.00317445
          29    0.439767    0.438643  0.00306524
          30    0.436476    0.438571  0.00296392
          31    0.441656     0.43867  0.00286998
          32    0.418508     0.43804  0.00284862
          33    0.416601    0.437391  0.00283541
          34    0.413967    0.436702  0.00283448
          35      0.4348    0.436647  0.00275402
          36    0.417286     0.43611  0.00272953
          37    0.443338    0.436305  0.00266274
          38     0.42563    0.436024  0.00260744
          39     0.44823    0.436337   0.0025593
          40    0.423539    0.436017  0.00251524
           1    0.432603    0.432603           0
           2    0.414811    0.423707   0.0062903
           3    0.404432    0.417282    0.006716
           4    0.435351    0.421799  0.00637772
           5    0.451552     0.42775  0.00737288
           6      0.4243    0.427175  0.00616644
           7    0.418106    0.425879   0.0054199
           8    0.440724    0.427735  0.00505009
           9    0.426418    0.427589  0.00449109
          10    0.437854    0.428615  0.00415765
          11    0.417274    0.427584  0.00390543
          12    0.400735    0.425347  0.00417196
          13    0.402664    0.423602  0.00420009
          14    0.425698    0.423752  0.00390276
          15    0.426104    0.423908  0.00364572
          16    0.403244    0.422617  0.00363945
          17    0.416709    0.422269  0.00344191
          18    0.420489     0.42217  0.00325212
          19     0.42501     0.42232  0.00308439
          20    0.429479    0.422678  0.00295087
          21    0.432297    0.423136  0.00284567
          22    0.414135    0.422727  0.00274558
          23    0.425874    0.422864  0.00262961
          24    0.431223    0.423212  0.00254301
          25    0.417132    0.422969  0.00245289
          26     0.40391    0.422236  0.00246565
          27    0.414766    0.421959   0.0023898
          28     0.42672    0.422129  0.00231049
          29    0.414981    0.421883  0.00224393
          30    0.405516    0.421337  0.00223447
          31    0.429032    0.421585  0.00217613
          32    0.449356    0.422453   0.0022746
          33    0.416304    0.422267  0.00221329
          34    0.423252    0.422296  0.00214838
          35    0.407462    0.421872  0.00212839
          36    0.412281    0.421605  0.00208588
          37    0.415385    0.421437  0.00203626
          38      0.4096    0.421126  0.00200637
          39    0.405016    0.420713  0.00199699
          40    0.455869    0.421592  0.00213172
           1    0.398175    0.398175           0
           2    0.382832    0.390503  0.00542464
           3    0.390372     0.39046   0.0036166
           4    0.400906    0.393071  0.00353162
           5    0.408338    0.396125  0.00392948
           6    0.387184    0.394634  0.00354586
           7    0.377492    0.392186  0.00379184
           8     0.40165    0.393369  0.00349756
           9    0.392197    0.393238  0.00311136
          10    0.398357     0.39375  0.00284201
          11    0.401759    0.394478  0.00267527
          12    0.398926    0.394849  0.00247788
          13    0.404174    0.395566  0.00238884
          14    0.400703    0.395933  0.00224621
          15     0.40575    0.396588  0.00218973
          16    0.402299    0.396945  0.00208176
          17    0.388469    0.396446  0.00201813
          18    0.398174    0.396542  0.00190829
          19    0.401617    0.396809  0.00182645
          20    0.404638    0.397201  0.00177658
          21    0.405154    0.397579  0.00173188
          22    0.391379    0.397297  0.00167594
          23    0.391304    0.397037   0.0016232
          24    0.405337    0.397383  0.00159198
          25    0.384145    0.396853  0.00161396
          26    0.393453    0.396722  0.00155717
          27    0.389597    0.396459   0.0015217
          28    0.405509    0.396782  0.00150128
          29    0.397888     0.39682     0.00145
          30    0.403645    0.397047   0.0014194
          31    0.389149    0.396793  0.00139629
          32    0.394551    0.396723  0.00135442
          33    0.398827    0.396786  0.00131487
          34    0.398181    0.396827  0.00127684
          35    0.390948    0.396659  0.00125136
          36    0.409534    0.397017  0.00126667
          37    0.392102    0.396884  0.00123938
          38    0.398704    0.396932  0.00120769
          39    0.403318    0.397096  0.00118778
          40    0.400403    0.397178  0.00116095
           1    0.369256    0.369256           0
           2    0.380139    0.374698  0.00384774
           3     0.36556    0.371652  0.00357279
           4    0.365155    0.370028  0.00302636
           5    0.395506    0.375124  0.00516088
           6    0.376616    0.375372  0.00430672
           7    0.359885     0.37316  0.00422171
           8    0.373866    0.373248  0.00369492
           9    0.366829    0.372535   0.0033525
          10    0.373145    0.372596  0.00301781
          11    0.362911    0.371715  0.00286902
          12    0.361607    0.370873  0.00275081
          13    0.376928    0.371339  0.00257834
          14    0.374636    0.371574   0.0024049
          15    0.369069    0.371407  0.00225036
          16    0.360676    0.370737  0.00220741
          17     0.35951    0.370076   0.0021741
          18    0.379337    0.370591  0.00211332
          19    0.356891     0.36987  0.00212153
          20    0.373531    0.370053  0.00202334
          21    0.366706    0.369893  0.00193326
          22    0.376944    0.370214  0.00187176
          23    0.366682     0.37006  0.00179666
          24    0.372095    0.370145   0.0017238
          25    0.367102    0.370023  0.00165914
          26    0.361774    0.369706  0.00162539
          27     0.37782    0.370007  0.00159273
          28    0.362978    0.369756   0.0015555
          29    0.368211    0.369702  0.00150277
          30      0.3675    0.369629  0.00145447
          31     0.36313    0.369419  0.00142258
          32    0.374431    0.369576  0.00138672
          33    0.372676     0.36967  0.00134788
          34    0.379021    0.369945    0.001336
          35    0.351102    0.369407  0.00140211
          36    0.371531    0.369466   0.0013644
          37     0.37355    0.369576  0.00133198
          38    0.381229    0.369883  0.00133176
          39    0.387132    0.370325  0.00136909
          40    0.365211    0.370197  0.00134082
           1    0.350483    0.350483           0
           2    0.347219    0.348851  0.00115422
           3    0.348711    0.348804  0.00077042
           4    0.347414    0.348457 0.000651525
           5    0.359569    0.350679  0.00205505
           6     0.32981    0.347201   0.0036075
           7    0.342963    0.346596  0.00314255
           8    0.346067     0.34653  0.00275043
           9    0.339294    0.345726  0.00255963
          10    0.359026    0.347056  0.00262659
          11    0.337295    0.346168  0.00253326
          12    0.337791     0.34547  0.00241644
          13    0.341601    0.345173  0.00224882
          14    0.355291    0.345895  0.00220126
          15    0.339495    0.345469  0.00209546
          16    0.346448     0.34553  0.00196539
          17    0.356434    0.346171  0.00195165
          18    0.352525    0.346524  0.00187488
          19    0.336798    0.346012  0.00184477
          20    0.340651    0.345744  0.00177189
          21    0.337945    0.345373    0.001726
          22    0.338349    0.345054  0.00167681
          23     0.34918    0.345233  0.00161348
          24    0.348381    0.345364  0.00155157
          25    0.346097    0.345393  0.00148979
          26    0.341925     0.34526  0.00143845
          27    0.349584     0.34542  0.00139406
          28     0.33918    0.345197  0.00136197
          29    0.348168      0.3453  0.00131885
          30    0.342284    0.345199  0.00127872
          31    0.346687    0.345247  0.00123837
          32    0.342187    0.345152  0.00120336
          33    0.335232    0.344851  0.00120385
          34    0.342837    0.344792   0.0011699
          35    0.344698    0.344789  0.00113647
          36    0.339873    0.344653  0.00111308
          37    0.363754    0.345169  0.00119675
          38    0.346129    0.345194  0.00116552
          39    0.342867    0.345134  0.00113716
          40    0.341684    0.345048    0.001112
           1    0.324425    0.324425           0
           2    0.324388    0.324407 1.28099e-05
           3    0.315653    0.321489  0.00238251
           4    0.311882    0.319087    0.002742
           5    0.327389    0.320747  0.00264906
           6    0.307328    0.318511  0.00300695
           7     0.31437    0.317919  0.00263492
           8    0.317363     0.31785  0.00230647
           9    0.318048    0.317872   0.0020503
          10    0.319728    0.318058  0.00185366
          11    0.314519    0.317736  0.00171283
          12    0.317088    0.317682  0.00157094
          13    0.326858    0.318388  0.00160084
          14    0.332276     0.31938  0.00176734
          15    0.308612    0.318662  0.00178939
          16    0.317297    0.318577  0.00167958
          17    0.313214    0.318261  0.00161014
          18    0.321056    0.318416  0.00152815
          19    0.323673    0.318693  0.00147256
          20     0.31655    0.318586  0.00140282
          21    0.310208    0.318187  0.00139159
          22    0.323216    0.318416  0.00134698
          23     0.30613    0.317881  0.00139029
          24    0.313043     0.31768   0.0013469
          25    0.313726    0.317522  0.00130227
          26    0.311328    0.317283  0.00127379
          27    0.309951    0.317012  0.00125522
          28    0.315761    0.316967  0.00121119
          29    0.320286    0.317082  0.00117482
          30    0.317228    0.317087  0.00113567
          31    0.310754    0.316882  0.00111725
          32    0.318439    0.316931   0.0010834
          33    0.312006    0.316782   0.0010608
          34    0.322102    0.316938  0.00104108
          35    0.319894    0.317023  0.00101475
          36    0.316523    0.317009 0.000986658
          37    0.315836    0.316977 0.000960501
          38    0.318463    0.317016  0.00093602
          39    0.317088    0.317018 0.000912021
          40     0.31655    0.317006 0.000889296
           1    0.288241    0.288241           0
           2    0.302762    0.295501  0.00513374
           3    0.291786    0.294263  0.00356877
           4     0.28923    0.293005  0.00288986
           5    0.301821    0.294768  0.00279858
           6    0.287202    0.293507  0.00260074
           7    0.300249     0.29447  0.00240095
           8    0.286488    0.293472  0.00229881
           9    0.286882     0.29274  0.00215686
          10    0.291592    0.292625  0.00194423
          11    0.288077    0.292212  0.00181092
          12    0.293913    0.292354  0.00166555
          13    0.291485    0.292287  0.00153877
          14    0.306061    0.293271  0.00171477
          15    0.295451    0.293416   0.0016066
          16    0.291809    0.293316  0.00150932
          17    0.296805    0.293521  0.00143443
          18    0.304132     0.29411   0.0014709
          19    0.285801    0.293673  0.00145706
          20    0.296128    0.293796  0.00138936
          21     0.28889    0.293562   0.0013427
          22    0.291286    0.293459  0.00128565
          23    0.295314    0.293539  0.00123228
          24    0.287019    0.293268  0.00121052
          25    0.297967    0.293456   0.0011766
          26    0.297834    0.293624  0.00114333
          27    0.294981    0.293674  0.00110209
          28    0.298034     0.29383  0.00107368
          29    0.303495    0.294163  0.00108715
          30    0.290022    0.294025  0.00105964
          31    0.292675    0.293982  0.00102635
          32    0.292879    0.293947 0.000994855
          33    0.292479    0.293903 0.000965702
          34    0.300396    0.294094 0.000955994
          35    0.294287    0.294099 0.000928696
          36    0.288999    0.293958 0.000913639
          37    0.290208    0.293856 0.000894547
          38     0.29143    0.293792 0.000873282
          39    0.291649    0.293737 0.000852617
          40    0.291516    0.293682 0.000833108
           1    0.267961    0.267961           0
           2    0.272403    0.270182  0.00157034
           3    0.267559    0.269307  0.00126716
           4    0.266531    0.268613  0.00112456
           5      0.2693    0.268751 0.000907999
           6    0.272868    0.269437 0.000982366
           7    0.273969    0.270084  0.00103358
           8    0.269598    0.270023  0.00090617
           9    0.263972    0.269351  0.00102499
          10    0.264057    0.268822  0.00105037
          11    0.270055    0.268934 0.000960851
          12    0.266052    0.268694 0.000910296
          13    0.270475    0.268831 0.000850524
          14    0.273605    0.269172 0.000855422
          15    0.275887    0.269619  0.00090801
          16    0.272172    0.269779 0.000865162
          17     0.27221    0.269922 0.000826003
          18    0.278945    0.270423 0.000919727
          19     0.26351    0.270059 0.000940542
          20    0.271537    0.270133 0.000896411
          21     0.26655    0.269963 0.000869815
          22    0.267905    0.269869 0.000835291
          23    0.270926    0.269915 0.000800238
          24    0.268907    0.269873 0.000767996
          25    0.268201    0.269806 0.000740183
          26    0.278104    0.270125 0.000777477
          27    0.272592    0.270217 0.000754032
          28     0.27194    0.270278  0.00072961
          29    0.278299    0.270555 0.000755052
          30    0.274356    0.270681 0.000740437
          31    0.269091     0.27063 0.000718328
          32    0.271221    0.270649 0.000696118
          33    0.266225    0.270515 0.000687809
          34    0.275565    0.270663  0.00068343
          35    0.276613    0.270833 0.000684718
          36     0.27006    0.270812 0.000666035
          37     0.27206    0.270845 0.000648888
          38     0.26733    0.270753 0.000638372
          39    0.271074    0.270761 0.000622057
          40    0.276379    0.270902 0.000622157
           1    0.252088    0.252088           0
           2    0.242261    0.247175  0.00347435
           3    0.252237    0.248862  0.00269497
           4     0.24383    0.247604  0.00229618
           5    0.243539    0.246791  0.00197563
           6    0.247607    0.246927  0.00165103
           7    0.245072    0.246662  0.00143628
           8    0.246466    0.246638  0.00125695
           9    0.245374    0.246497  0.00112511
          10    0.243129     0.24616   0.0010618
          11     0.24219    0.245799   0.0010248
          12    0.248097    0.245991 0.000957116
          13    0.245132    0.245925 0.000885768
          14    0.250844    0.246276 0.000889464
          15    0.249959    0.246522 0.000863389
          16    0.250955    0.246799 0.000852728
          17    0.247033    0.246813 0.000802679
          18    0.258182    0.247444 0.000975436
          19    0.245023    0.247317 0.000932385
          20    0.249621    0.247432 0.000892854
          21     0.24646    0.247386 0.000851537
          22    0.245883    0.247317 0.000815564
          23     0.24442    0.247191 0.000789774
          24    0.251633    0.247376 0.000778252
          25    0.245985    0.247321 0.000749109
          26    0.252143    0.247506 0.000742905
          27    0.247088    0.247491 0.000715552
          28    0.253885    0.247719 0.000725523
          29    0.256906    0.248036 0.000766556
          30    0.253589    0.248221 0.000763028
          31    0.250646    0.248299 0.000742415
          32    0.246774    0.248252 0.000720742
          33    0.245885     0.24818  0.00070246
          34    0.246777    0.248139  0.00068301
          35    0.250863    0.248217 0.000667916
          36    0.250139     0.24827 0.000651494
          37    0.242144    0.248104 0.000654585
          38    0.246431     0.24806 0.000638839
          39    0.250581    0.248125 0.000625719
          40    0.245089    0.248049 0.000614662
           1    0.230406    0.230406           0
           2    0.224548    0.227477  0.00207086
           3    0.227918    0.227624  0.00138578
           4    0.233493    0.229091  0.00164168
           5    0.231784     0.22963  0.00139891
           6    0.226923    0.229179  0.00123637
           7    0.228164    0.229034  0.00106821
           8    0.225778    0.228627  0.00100926
           9    0.227689    0.228523 0.000902475
          10    0.224571    0.228127 0.000894579
          11    0.227105    0.228034 0.000818065
          12    0.228654    0.228086 0.000751519
          13    0.230764    0.228292 0.000721393
          14    0.224432    0.228016  0.00072064
          15    0.232499    0.228315 0.000731931
          16    0.231391    0.228507 0.000710983
          17    0.229176    0.228547 0.000670247
          18    0.229094    0.228577 0.000633701
          19    0.231072    0.228708 0.000613804
          20    0.231202    0.228833 0.000595637
          21    0.228419    0.228813   0.0005676
          22    0.231669    0.228943  0.00055644
          23    0.224457    0.228748 0.000565396
          24    0.232743    0.228915 0.000565806
          25    0.225978    0.228797 0.000555235
          26    0.226714    0.228717 0.000539631
          27    0.227262    0.228663 0.000522328
          28    0.231893    0.228778 0.000516256
          29    0.233565    0.228944 0.000524174
          30    0.230086    0.228982 0.000508083
          31    0.228521    0.228967  0.00049191
          32    0.224297    0.228821 0.000497714
          33    0.231917    0.228915 0.000491395
          34    0.227701    0.228879 0.000478237
          35    0.227117    0.228829 0.000467214
          36    0.228664    0.228824 0.000454259
          37    0.227725    0.228794 0.000442951
          38    0.225324    0.228703 0.000440607
          39    0.229901    0.228734 0.000430379
          40    0.231628    0.228806  0.00042566
           1     0.21825     0.21825           0
           2    0.207137    0.212693  0.00392914
           3    0.208051    0.211146  0.00290821
           4    0.215261    0.212175  0.00235614
           5    0.208788    0.211497  0.00197986
           6    0.208668    0.211026  0.00170514
           7    0.212718    0.211267  0.00147858
           8    0.210298    0.211146  0.00129872
           9    0.213655    0.211425  0.00118396
          10    0.210214    0.211304  0.00107174
          11    0.209809    0.211168  0.00098289
          12    0.215153      0.2115 0.000955445
          13    0.213103    0.211623 0.000889871
          14    0.210064    0.211512 0.000833248
          15    0.214456    0.211708 0.000800474
          16    0.216927    0.212035 0.000814187
          17    0.216014    0.212269  0.00079923
          18    0.213279    0.212325 0.000756798
          19    0.217479    0.212596 0.000764035
          20    0.208736    0.212403 0.000749815
          21    0.209702    0.212274 0.000725054
          22    0.213739    0.212341 0.000695145
          23    0.211689    0.212313 0.000665499
          24    0.208745    0.212164  0.00065416
          25    0.209882    0.212073 0.000634328
          26    0.214111    0.212151 0.000614759
          27    0.210822    0.212102 0.000593957
          28    0.213535    0.212153 0.000574946
          29    0.217731    0.212345 0.000586411
          30    0.216622    0.212488 0.000583936
          31    0.212132    0.212476 0.000565212
          32    0.209786    0.212392 0.000553766
          33    0.210501    0.212335 0.000539944
          34       0.208    0.212208 0.000538905
          35    0.209243    0.212123 0.000530125
          36    0.209385    0.212047 0.000520826
          37    0.214444    0.212112 0.000510763
          38    0.214602    0.212177 0.000501507
          39    0.212771    0.212192 0.000488879
          40    0.213594    0.212227 0.000477911
           1    0.200022    0.200022           0
           2    0.192083    0.196053  0.00280687
           3    0.194475    0.195527  0.00191988
           4    0.198075    0.196164  0.00154199
           5    0.197604    0.196452  0.00126021
           6    0.191593    0.195642   0.0012843
           7    0.194686    0.195506  0.00110807
           8    0.192831    0.195171  0.00101874
           9    0.196824    0.195355 0.000921961
          10    0.195062    0.195326 0.000830229
          11    0.199851    0.195737  0.00085059
          12    0.203745    0.196404  0.00100803
          13    0.194003     0.19622 0.000947264
          14    0.198073    0.196352 0.000888802
          15    0.198563    0.196499 0.000841687
          16     0.19711    0.196538 0.000789945
          17     0.20263    0.196896 0.000820749
          18    0.201182    0.197134 0.000808954
          19    0.196552    0.197103 0.000766957
          20    0.198047    0.197151 0.000730059
          21    0.198407     0.19721  0.00069774
          22    0.194805    0.197101 0.000674534
          23     0.19575    0.197042 0.000647759
          24    0.197673    0.197069 0.000621302
          25    0.194966    0.196985 0.000602116
          26    0.196772    0.196976 0.000579013
          27    0.191798    0.196785 0.000588479
          28    0.199976    0.196899 0.000578393
          29     0.20051    0.197023   0.0005717
          30     0.19749    0.197039 0.000552855
          31      0.1998    0.197128 0.000542149
          32    0.194895    0.197058 0.000529676
          33     0.19789    0.197083 0.000514225
          34    0.193025    0.196964 0.000512766
          35    0.191801    0.196816 0.000518901
          36    0.195319    0.196775 0.000506151
          37    0.199186     0.19684 0.000496648
          38    0.197735    0.196863 0.000484136
          39     0.19293    0.196763 0.000482113
          40    0.197728    0.196787 0.000470664
           1    0.186927    0.186927           0
           2    0.180906    0.183917  0.00212887
           3    0.175806    0.181213  0.00262427
           4    0.182325    0.181491  0.00198287
           5    0.183172    0.181828  0.00161455
           6    0.180581     0.18162  0.00135876
           7    0.179111    0.181261    0.001211
           8    0.183264    0.181512   0.0010852
           9    0.182951    0.181672 0.000976328
          10    0.182913    0.181796 0.000886554
          11    0.183771    0.181975 0.000823946
          12    0.187812    0.182462  0.00088729
          13    0.184283    0.182602 0.000830027
          14    0.183097    0.182637 0.000771494
          15    0.184662    0.182772 0.000731773
          16    0.182674    0.182766 0.000686063
          17    0.184619    0.182875 0.000654311
          18    0.187865    0.183152 0.000674128
          19    0.178595    0.182912 0.000679979
          20    0.181654     0.18285 0.000648883
          21    0.179431    0.182687  0.00063808
          22    0.189345    0.182989 0.000677067
          23    0.183259    0.183001 0.000647731
          24    0.179514    0.182856  0.00063683
          25    0.179636    0.182727 0.000624244
          26    0.183498    0.182757 0.000600938
          27    0.177306    0.182555 0.000611654
          28    0.182762    0.182562 0.000589853
          29    0.183854    0.182607 0.000571193
          30    0.184949    0.182685 0.000557463
          31    0.179182    0.182572 0.000550814
          32    0.179565    0.182478 0.000541557
          33    0.179538    0.182389 0.000532422
          34    0.183105     0.18241 0.000517179
          35    0.180597    0.182358 0.000504989
          36    0.175336    0.182163 0.000527284
          37    0.183744    0.182206 0.000514761
          38    0.183273    0.182234  0.00050198
          39    0.183855    0.182275 0.000490826
          40    0.181598    0.182258 0.000478848
           1    0.170621    0.170621           0
           2    0.166556    0.168588  0.00143697
           3    0.165649    0.167609  0.00124807
           4      0.1691    0.167982 0.000990171
           5     0.16683    0.167751 0.000818461
           6    0.166343    0.167517 0.000714911
           7    0.165873    0.167282 0.000650184
           8    0.168395    0.167421 0.000583615
           9     0.16815    0.167502 0.000524359
          10    0.169817    0.167734 0.000520518
          11    0.169013     0.16785 0.000486017
          12    0.171767    0.168176 0.000544186
          13    0.170551    0.168359 0.000532092
          14    0.170909    0.168541 0.000524328
          15    0.172679    0.168817 0.000557249
          16    0.169065    0.168832 0.000522637
          17    0.169076    0.168847  0.00049209
          18    0.173993    0.169133 0.000541466
          19    0.165775    0.168956 0.000541033
          20    0.169792    0.168998 0.000515594
          21    0.167932    0.168947 0.000493535
          22    0.170588    0.169022 0.000476706
          23    0.170157    0.169071 0.000458527
          24    0.166874    0.168979 0.000448469
          25    0.166606    0.168884 0.000440467
          26     0.16879    0.168881 0.000423541
          27    0.169363    0.168899 0.000408231
          28    0.175102     0.16912 0.000449776
          29    0.173123    0.169258 0.000454952
          30    0.172024     0.16935 0.000449031
          31    0.167529    0.169292 0.000438374
          32    0.168792    0.169276 0.000424953
          33    0.162893    0.169083 0.000453964
          34    0.167425    0.169034 0.000443221
          35    0.170023    0.169062 0.000431458
          36    0.170189    0.169093 0.000420608
          37    0.170068     0.16912 0.000410064
          38    0.169646    0.169134 0.000399507
          39    0.165067    0.169029 0.000402641
          40    0.170993    0.169078 0.000395558
           1    0.158904    0.158904           0
           2     0.15647    0.157687 0.000860492
           3    0.155567     0.15698 0.000813574
           4    0.154694    0.156409 0.000785681
           5    0.155963     0.15632 0.000633572
           6    0.155405    0.156167 0.000546012
           7    0.157645    0.156378 0.000507188
           8    0.155769    0.156302 0.000449466
           9    0.157274     0.15641 0.000412303
          10    0.159225    0.156692 0.000457191
          11    0.158688    0.156873 0.000450222
          12    0.158266    0.156989 0.000427399
          13    0.155385    0.156866 0.000411955
          14    0.154911    0.156726 0.000405501
          15    0.158043    0.156814 0.000387853
          16    0.154819    0.156689 0.000383132
          17    0.158479    0.156795 0.000374777
          18    0.159002    0.156917 0.000373488
          19    0.156265    0.156883 0.000355404
          20    0.158453    0.156962 0.000346191
          21    0.154842    0.156861 0.000344108
          22    0.156718    0.156854 0.000328528
          23    0.155317    0.156787 0.000320965
          24    0.158414    0.156855 0.000314671
          25    0.155039    0.156782  0.00031036
          26    0.156428    0.156769 0.000298722
          27      0.1572    0.156785 0.000288085
          28    0.159732     0.15689 0.000296409
          29    0.162828    0.157095 0.000349838
          30    0.161358    0.157237 0.000365902
          31    0.157652     0.15725 0.000354344
          32    0.159622    0.157324 0.000350934
          33    0.154172    0.157229 0.000353063
          34     0.15849    0.157266 0.000344621
          35    0.160516    0.157359 0.000347062
          36    0.157935    0.157375  0.00033779
          37    0.157261    0.157372 0.000328675
          38    0.159479    0.157427  0.00032467
          39    0.153741    0.157333 0.000329819
          40    0.155407    0.157285 0.000325067
           1     0.14958     0.14958           0
           2    0.147023    0.148301 0.000903943
           3    0.145035    0.147213  0.00107395
           4    0.144945    0.146646 0.000943334
           5    0.148764    0.147069 0.000844435
           6    0.147004    0.147058 0.000703765
           7    0.145845    0.146885  0.00062422
           8    0.146932    0.146891  0.00054622
           9    0.149585     0.14719 0.000561623
          10    0.148887     0.14736 0.000530462
          11      0.1458    0.147218 0.000500844
          12    0.146591    0.147166 0.000461825
          13    0.149651    0.147357 0.000464183
          14    0.149726    0.147526 0.000460828
          15    0.149049    0.147628  0.00044115
          16     0.14356    0.147373 0.000481302
          17    0.147286    0.147368 0.000453018
          18    0.149389    0.147481 0.000441541
          19    0.148017    0.147509 0.000419204
          20    0.154099    0.147838 0.000511607
          21    0.148846    0.147886 0.000489492
          22    0.143655    0.147694 0.000503614
          23    0.147915    0.147704 0.000481809
          24     0.15057    0.147823 0.000476302
          25    0.144537    0.147692 0.000475043
          26    0.150628    0.147804 0.000470005
          27     0.14722    0.147783 0.000453095
          28    0.148549     0.14781 0.000437739
          29    0.151714    0.147945 0.000442855
          30    0.152566    0.148099 0.000454092
          31     0.14591    0.148028 0.000444901
          32    0.144052    0.147904 0.000448013
          33    0.144091    0.147788 0.000449086
          34    0.150659    0.147873 0.000443743
          35    0.144214    0.147768 0.000443205
          36    0.148088    0.147777 0.000430983
          37    0.144204    0.147681 0.000430018
          38    0.144372    0.147594 0.000427424
          39    0.144658    0.147518 0.000423042
          40     0.14852    0.147543 0.000413206
           1    0.141659    0.141659           0
           2    0.137635    0.139647  0.00142257
           3      0.1344    0.137898  0.00171423
           4     0.13762    0.137828  0.00128708
           5    0.138979    0.138059  0.00105005
           6    0.135306      0.1376  0.00097011
           7    0.139138     0.13782 0.000856062
           8    0.136291    0.137629  0.00077007
           9    0.139886    0.137879   0.0007242
          10    0.139349    0.138026 0.000666533
          11    0.135597    0.137806 0.000641493
          12    0.139487    0.137946 0.000603148
          13     0.13837    0.137978 0.000557635
          14    0.135631    0.137811 0.000542428
          15    0.139618    0.137931 0.000519472
          16     0.13516    0.137758 0.000515077
          17    0.137381    0.137736 0.000485254
          18    0.138462    0.137776  0.00045997
          19    0.137836    0.137779 0.000435772
          20    0.141112    0.137946 0.000444696
          21    0.137511    0.137925    0.000424
          22    0.135303    0.137806 0.000421142
          23    0.136073    0.137731 0.000409513
          24    0.136134    0.137664 0.000397818
          25    0.137959    0.137676  0.00038208
          26    0.137023    0.137651 0.000368209
          27    0.137329    0.137639 0.000354764
          28     0.13432     0.13752 0.000361352
          29    0.140168    0.137612 0.000360237
          30    0.138822    0.137652 0.000350482
          31    0.135366    0.137578  0.00034685
          32    0.132748    0.137427 0.000367387
          33    0.135118    0.137357 0.000362858
          34     0.13783    0.137371 0.000352451
          35    0.134084    0.137277 0.000354677
          36    0.135124    0.137217 0.000349833
          37    0.137535    0.137226 0.000340484
          38    0.136616     0.13721 0.000331902
          39    0.135461    0.137165 0.000326406
          40    0.138045    0.137187 0.000318987
           1    0.130877    0.130877           0
           2    0.128928    0.129902 0.000689083
           3    0.125796    0.128533  0.00120832
           4     0.12646    0.128015  0.00101134
           5    0.129191     0.12825 0.000835992
           6    0.125882    0.127855 0.000784323
           7    0.128903    0.128005 0.000686416
           8    0.127763    0.127975 0.000601282
           9     0.12964     0.12816 0.000562206
          10     0.13014    0.128358 0.000539722
          11    0.126563    0.128195 0.000514735
          12    0.128477    0.128218 0.000472378
          13    0.128995    0.128278 0.000439806
          14    0.128795    0.128315 0.000409939
          15    0.126534    0.128196 0.000399427
          16    0.123135     0.12788 0.000483772
          17    0.129603    0.127981 0.000465811
          18    0.132742    0.128246 0.000509528
          19    0.127739    0.128219 0.000483407
          20    0.131546    0.128385 0.000487016
          21      0.1302    0.128472  0.00047143
          22    0.124357    0.128285 0.000485687
          23    0.127502    0.128251  0.00046576
          24    0.128769    0.128272 0.000446854
          25     0.12555    0.128163  0.00044205
          26    0.127776    0.128149 0.000425299
          27    0.127394    0.128121 0.000410463
          28    0.126129     0.12805 0.000401917
          29    0.128693    0.128072 0.000388669
          30    0.128788    0.128096 0.000376446
          31    0.127921     0.12809 0.000364345
          32    0.124821    0.127988 0.000366997
          33    0.125889    0.127924 0.000361344
          34    0.129138     0.12796 0.000352475
          35    0.124553    0.127863 0.000355591
          36    0.128904    0.127891 0.000346887
          37    0.129241    0.127928 0.000339425
          38    0.129363    0.127966 0.000332587
          39    0.123191    0.127843 0.000345857
          40     0.13107    0.127924 0.000346491
           1    0.121095    0.121095           0
           2    0.120983    0.121039 3.97113e-05
           3    0.120626    0.120902 0.000115455
           4    0.119509    0.120553 0.000313745
           5    0.118446    0.120132 0.000452972
           6     0.11663    0.119548 0.000652959
           7    0.120546    0.119691 0.000575018
           8    0.119342    0.119647 0.000504786
           9    0.119632    0.119646 0.000448702
          10    0.120413    0.119722 0.000410345
          11     0.11727    0.119499 0.000429359
          12    0.121382    0.119656 0.000421284
          13    0.122587    0.119882 0.000445136
          14    0.119936    0.119886 0.000413358
          15    0.120133    0.119902 0.000386128
          16    0.118003    0.119783 0.000379793
          17    0.122175    0.119924 0.000382613
          18    0.120533    0.119958 0.000362847
          19    0.118479     0.11988 0.000351995
          20    0.123606    0.120066 0.000380522
          21    0.120862    0.120104 0.000364284
          22     0.11986    0.120093 0.000347894
          23    0.119785     0.12008 0.000333026
          24    0.119654    0.120062 0.000319621
          25    0.121499     0.12012 0.000311959
          26    0.119843    0.120109 0.000300141
          27    0.117311    0.120005 0.000306395
          28     0.11861    0.119955 0.000299477
          29    0.120358    0.119969 0.000289473
          30    0.121502     0.12002 0.000284298
          31    0.119811    0.120014 0.000275207
          32    0.116796    0.119913 0.000284386
          33    0.119713    0.119907 0.000275832
          34    0.122899    0.119995  0.00028141
          35    0.121831    0.120047 0.000278213
          36    0.121487    0.120087 0.000273345
          37    0.119091    0.120061 0.000267279
          38    0.120594    0.120075 0.000260613
          39     0.11676     0.11999 0.000267431
          40    0.119612     0.11998 0.000260912
           1    0.112729    0.112729           0
           2    0.114956    0.113842  0.00078729
           3    0.114322    0.114002 0.000540882
           4    0.109951    0.112989 0.000966444
           5    0.113132    0.113018 0.000773577
           6    0.113448     0.11309 0.000647963
           7    0.113822    0.113194  0.00056377
           8    0.109607    0.112746 0.000647512
           9    0.111553    0.112613 0.000588967
          10    0.111419    0.112494 0.000542054
          11    0.110819    0.112342 0.000513713
          12    0.113683    0.112453 0.000482911
          13    0.112437    0.112452 0.000445765
          14    0.111512    0.112385 0.000418953
          15    0.110957     0.11229  0.00040169
          16    0.110378     0.11217  0.00039396
          17    0.114159    0.112287 0.000387761
          18     0.11481    0.112427 0.000390726
          19    0.111986    0.112404 0.000370851
          20    0.114315      0.1125 0.000364409
          21    0.114277    0.112584 0.000356747
          22    0.110519     0.11249 0.000352672
          23    0.115597    0.112626 0.000362278
          24    0.114149    0.112689 0.000352698
          25    0.114222     0.11275  0.00034388
          26    0.117771    0.112943 0.000381025
          27    0.109995    0.112834 0.000382238
          28    0.112462    0.112821 0.000368819
          29    0.110144    0.112729 0.000367468
          30    0.111786    0.112697 0.000356559
          31    0.111218     0.11265 0.000348234
          32    0.111915    0.112627 0.000338107
          33    0.112292    0.112616 0.000328014
          34    0.115297    0.112695 0.000327707
          35    0.112987    0.112704 0.000318449
          36    0.113552    0.112727 0.000310474
          37    0.114015    0.112762 0.000304026
          38    0.114764    0.112815 0.000300555
          39    0.109918     0.11274 0.000301885
          40    0.113389    0.112757 0.000294773
           1    0.106327    0.106327           0
           2    0.107998    0.107163 0.000590713
           3    0.106137    0.106821 0.000482762
           4    0.105254    0.106429 0.000496129
           5    0.107023    0.106548 0.000410908
           6    0.106011    0.106458 0.000352044
           7    0.105392    0.106306 0.000333058
           8    0.104271    0.106052 0.000376213
           9    0.107152    0.106174 0.000353714
          10     0.10613     0.10617  0.00031837
          11    0.102249    0.105813   0.0004464
          12    0.106189    0.105844 0.000410297
          13    0.108464    0.106046 0.000425355
          14    0.106178    0.106055 0.000395078
          15    0.105024    0.105987 0.000374681
          16    0.106073    0.105992 0.000351302
          17    0.105795     0.10598 0.000330827
          18    0.108796    0.106137 0.000347462
          19    0.105327    0.106094 0.000331776
          20    0.109085    0.106244 0.000347261
          21    0.109282    0.106388 0.000359609
          22    0.104599    0.106307 0.000352339
          23    0.107323    0.106351 0.000339775
          24     0.10629    0.106349 0.000325627
          25     0.10605    0.106337 0.000312822
          26    0.108896    0.106435 0.000315895
          27    0.105918    0.106416 0.000304775
          28    0.105109    0.106369 0.000297444
          29    0.105742    0.106348 0.000287972
          30    0.106412     0.10635 0.000278381
          31     0.10462    0.106294 0.000274938
          32    0.105647    0.106274 0.000267089
          33    0.104454    0.106219 0.000264627
          34    0.109329     0.10631   0.0002722
          35    0.104874    0.106269   0.0002675
          36    0.103672    0.106197 0.000269624
          37    0.103973    0.106137 0.000268956
          38    0.108583    0.106201 0.000269473
          39    0.103062    0.106121 0.000274324
          40    0.104258    0.106074 0.000271392
           1   0.0989274   0.0989274           0
           2    0.101724    0.100326  0.00098867
           3    0.100381    0.100344 0.000659288
           4    0.101867    0.100725  0.00059426
           5   0.0994952    0.100479 0.000523823
           6    0.100745    0.100523 0.000438394
           7   0.0996286    0.100395 0.000393956
           8   0.0979441    0.100089 0.000448308
           9   0.0994478    0.100018 0.000404116
          10    0.097329   0.0997489 0.000444237
          11   0.0959354   0.0994022 0.000521877
          12    0.101162   0.0995488 0.000498559
          13    0.100796   0.0996448 0.000469346
          14    0.100364   0.0996961 0.000438623
          15   0.0997016   0.0996965 0.000409382
          16   0.0990339   0.0996551 0.000385884
          17    0.100751   0.0997195 0.000368531
          18    0.100335   0.0997537 0.000349637
          19    0.100921   0.0998152  0.00033659
          20    0.102632    0.099956 0.000347979
          21    0.101244    0.100017  0.00033677
          22     0.09754   0.0999047 0.000339767
          23    0.102627    0.100023 0.000344994
          24    0.101305    0.100076  0.00033473
          25   0.0994186     0.10005 0.000322373
          26    0.104023    0.100203 0.000344292
          27   0.0982667    0.100131 0.000338927
          28   0.0993305    0.100103 0.000328027
          29   0.0993205    0.100076 0.000317822
          30   0.0980052    0.100007 0.000314633
          31   0.0976234   0.0999298 0.000313735
          32    0.100433   0.0999455 0.000304325
          33   0.0979511   0.0998851 0.000301045
          34    0.101172   0.0999229 0.000294559
          35    0.102135   0.0999861 0.000292845
          36   0.0964111   0.0998868 0.000301078
          37   0.0984594   0.0998483 0.000295402
          38    0.101548    0.099893 0.000290996
          39   0.0980907   0.0998468 0.000287181
          40   0.0988357   0.0998215 0.000281111
