           1    0.434811    0.434811           0
           2    0.410612    0.422711  0.00855577
           3    0.400219    0.415214  0.00836715
           4    0.428608    0.418562  0.00691302
           5    0.451253      0.4251  0.00804885
           6    0.420353    0.424309  0.00674616
           7    0.418128    0.423426  0.00583993
           8    0.440661     0.42558  0.00549296
           9    0.432329     0.42633  0.00493355
          10    0.435104    0.427208  0.00451753
          11    0.412219    0.425845  0.00430745
          12    0.404119    0.424035  0.00431224
          13    0.402002     0.42234   0.0043007
          14    0.428607    0.422787  0.00401673
          15    0.422839    0.422791  0.00374895
          16    0.407909    0.421861  0.00362819
          17    0.418591    0.421668  0.00341986
          18    0.420807    0.421621   0.0032302
          19    0.430825    0.422105   0.0030963
          20    0.441123    0.423056  0.00308405
          21     0.43038    0.423405  0.00295684
          22    0.414316    0.422992  0.00285115
          23    0.418528    0.422798  0.00273378
          24    0.430419    0.423115  0.00263826
          25    0.417821    0.422903  0.00254121
          26    0.399799    0.422015   0.0025942
          27    0.404801    0.421377  0.00257527
          28    0.423626    0.421457  0.00248455
          29    0.408256    0.421002  0.00244022
          30    0.406445    0.420517  0.00240664
          31    0.428806    0.420784  0.00234382
          32    0.452128    0.421764  0.00246676
          33    0.412969    0.421497  0.00240636
          34    0.425714    0.421621  0.00233878
          35    0.411976    0.421346  0.00228814
          36    0.415741     0.42119  0.00222987
          37    0.413025    0.420969  0.00218049
          38    0.415329    0.420821  0.00212816
          39    0.409209    0.420523  0.00209431
          40    0.450267    0.421267  0.00216995
          41     0.42275    0.421303  0.00211733
          42    0.418007    0.421225  0.00206837
          43    0.399097     0.42071   0.0020833
          44    0.406894    0.420396  0.00205948
          45    0.428369    0.420573  0.00202132
          46    0.415929    0.420472   0.0019799
          47    0.410324    0.420256  0.00194951
          48    0.418352    0.420217   0.0019093
          49    0.396698    0.419737  0.00192972
          50    0.413271    0.419607  0.00189545
          51    0.424065    0.419695   0.0018603
          52    0.435992    0.420008  0.00185074
          53    0.419226    0.419993  0.00181588
          54    0.432625    0.420227  0.00179725
          55    0.421161    0.420244  0.00176465
          56    0.406209    0.419994  0.00175085
          57    0.420238    0.419998  0.00172014
          58    0.423152    0.420052  0.00169134
          59    0.429534    0.420213  0.00167029
          60    0.407053    0.419994  0.00165679
          61     0.42452    0.420068  0.00163129
          62    0.433326    0.420282  0.00161894
          63    0.419384    0.420267   0.0015933
          64    0.425399    0.420348  0.00157042
          65    0.435072    0.420574  0.00156251
          66     0.38683    0.420063  0.00162033
          67    0.418357    0.420037  0.00159635
          68    0.418422    0.420014  0.00157305
          69    0.429549    0.420152  0.00155631
          70     0.43736    0.420398  0.00155337
          71    0.410674    0.420261  0.00153752
          72    0.420299    0.420261  0.00151616
          73    0.428661    0.420376  0.00149975
          74    0.406541    0.420189  0.00149109
          75    0.399072    0.419908  0.00149756
          76    0.410437    0.419783  0.00148303
          77    0.413957    0.419708   0.0014657
          78    0.426021    0.419789  0.00144914
          79    0.409336    0.419656  0.00143683
          80    0.428815    0.419771  0.00142342
          81    0.419208    0.419764  0.00140586
          82    0.424998    0.419828  0.00139017
          83    0.432179    0.419976  0.00138136
          84    0.425393    0.420041  0.00136642
          85    0.420216    0.420043  0.00135035
          86    0.421834    0.420064   0.0013348
          87    0.438155    0.420272  0.00133556
          88    0.420254    0.420271  0.00132038
          89     0.42345    0.420307  0.00130603
          90    0.431572    0.420432   0.0012975
          91    0.427321    0.420508  0.00128545
          92    0.406732    0.420358  0.00128017
          93    0.440096    0.420571  0.00128388
          94     0.39739    0.420324  0.00129369
          95    0.424878    0.420372  0.00128096
          96    0.423134    0.420401  0.00126794
          97    0.422271     0.42042  0.00125501
          98    0.428957    0.420507  0.00124522
          99    0.414064    0.420442  0.00123435
         100    0.407889    0.420316  0.00122837
