           1     6.82773     6.82773           0
           2     6.85176     6.83974   0.0084966
           3     7.51962     7.06637    0.185124
           4     7.60459     7.20092    0.181263
           5     8.31432      7.4236    0.246368
           6     7.65566     7.46228     0.20832
           7     7.48552      7.4656    0.178586
           8      8.2775     7.56709     0.18284
           9     6.94656     7.49814    0.175042
          10     6.73798     7.42212     0.17326
          11     7.34485      7.4151    0.157651
          12     6.74018     7.35885     0.15422
          13     7.65496     7.38163    0.144029
          14      7.6628     7.40172    0.135134
          15      7.2794     7.39356    0.126371
          16     7.56002     7.40396      0.1189
          17     7.70956     7.42194    0.113257
          18      7.2678     7.41338    0.107288
          19     7.69543     7.42822    0.102663
          20      8.5631     7.48497     0.11212
          21     8.04896     7.51182    0.109951
          22     8.13778     7.54028    0.108572
          23     7.16737     7.52406    0.105055
          24     8.22921     7.55344    0.104706
          25     8.35622     7.58555    0.105326
          26     7.19642     7.57059    0.102333
          27     7.83764     7.58048     0.09902
          28     7.07923     7.56258   0.0970883
          29     7.08447     7.54609   0.0951299
          30     6.47243      7.5103    0.098461
          31     7.91566     7.52338   0.0961492
          32     7.62507     7.52656   0.0931971
          33     7.85664     7.53656   0.0909081
          34     7.13414     7.52472   0.0890015
          35     7.91577     7.53589   0.0871571
          36     7.65835      7.5393   0.0848024
          37     6.23273     7.50398   0.0895615
          38     7.41176     7.50156   0.0872374
          39     5.77125     7.45719   0.0956193
          40     8.29938     7.47824   0.0955187
          41      7.0268     7.46723   0.0938215
          42     6.87473     7.45313   0.0926422
          43     5.91737     7.41741   0.0971285
          44      7.1579     7.41151   0.0950999
          45     7.75476     7.41914    0.093292
          46     7.58991     7.42285   0.0913377
          47     7.17797     7.41764   0.0895429
          48     7.32794     7.41577   0.0876969
          49     7.17503     7.41086   0.0860447
          50     6.92382     7.40112   0.0848733
          51      7.7166     7.40731   0.0834343
          52     8.03772     7.41943   0.0827059
          53      7.2027     7.41534   0.0812464
          54     8.06129      7.4273   0.0806176
          55     7.03919     7.42025   0.0794601
          56     7.92886     7.42933   0.0785585
          57      6.8843     7.41977     0.07776
          58     7.30913     7.41786   0.0764427
          59     7.66117     7.42198   0.0752583
          60     7.15965     7.41761   0.0741309
          61     7.32687     7.41612   0.0729305
          62      7.0244      7.4098   0.0720274
          63     7.29008      7.4079   0.0709092
          64     8.21719     7.42055   0.0709197
          65     8.27911     7.43376    0.071048
          66       7.937     7.44138   0.0703795
          67     7.71082      7.4454   0.0694439
          68     7.21413       7.442   0.0685059
          69     7.12602     7.43742   0.0676659
          70     7.60079     7.43976   0.0667395
          71     7.20822      7.4365   0.0658792
          72      7.5865     7.43858   0.0649971
          73     7.22878     7.43571   0.0641702
          74     7.51647      7.4368   0.0633124
          75      7.2547     7.43437   0.0625147
          76     7.10771     7.43007   0.0618397
          77     7.83282      7.4353   0.0612574
          78     8.27434     7.44606   0.0614093
          79     6.83778     7.43836   0.0611128
          80     7.09473     7.43406   0.0604996
          81     8.06782     7.44189   0.0602565
          82     7.26272      7.4397   0.0595613
          83     7.70374     7.44288   0.0589286
          84     7.92323      7.4486   0.0585038
          85     7.42242     7.44829   0.0578164
          86     7.37861     7.44748   0.0571498
          87     7.84677     7.45207   0.0566769
          88     7.97758     7.45805   0.0563465
          89     7.60325     7.45968    0.055737
          90     7.01482     7.45473   0.0553365
          91     7.64815     7.45686   0.0547692
          92     6.87435     7.45053   0.0545386
          93     8.24469     7.45907   0.0546166
          94     7.82202     7.46293   0.0541719
          95     7.99036     7.46848   0.0538854
          96     7.31498     7.46688   0.0533478
          97     7.24633     7.46461   0.0528463
          98     7.54988     7.46548   0.0523142
          99     6.66635     7.45741   0.0524048
         100     7.40567     7.45689   0.0518833
