  -0.4966  -0.4331   0.4496
  -0.3704  -0.2677   0.4718
  -0.4799  -0.2478  -0.3473
  -0.3337  -0.4135  -0.3628
  -0.2046  -0.4475   0.4721
  -0.0047  -0.2546   0.4614
  -0.1701  -0.2741  -0.3643
  -0.0089  -0.4266  -0.3906
   0.1530  -0.4239   0.4527
   0.3190  -0.2422   0.4792
   0.1613  -0.2537  -0.3732
   0.3128  -0.4524  -0.3660
   0.4947  -0.0866   0.4824
  -0.3202   0.0344   0.4471
   0.4957   0.0831  -0.3560
  -0.3211  -0.0789  -0.3786
  -0.1653  -0.1171   0.4504
  -0.0265   0.0725   0.4593
  -0.1836   0.0778  -0.3740
  -0.0069  -0.0670  -0.3508
   0.1746  -0.0818   0.4587
   0.3558   0.1006   0.4788
   0.1808   0.0820  -0.3537
   0.3330  -0.0930  -0.3519
  -0.4800   0.2420   0.4489
  -0.3273   0.3829   0.4511
  -0.4881   0.4157  -0.3786
  -0.3342   0.2345  -0.3959
  -0.1674   0.2287   0.4362
  -0.0110   0.3826   0.4666
  -0.1751   0.3930  -0.3792
   0.0009   0.2422  -0.3515
   0.1788   0.2382   0.4841
   0.3313   0.3992   0.4632
   0.1478   0.4014  -0.3630
   0.3465   0.2719  -0.3182
  -0.4921  -0.4231  -0.1994
  -0.3308  -0.2481  -0.1928
   0.4925  -0.2625  -0.0499
  -0.3299  -0.4328  -0.0317
  -0.1520  -0.4582  -0.2043
   0.0002  -0.2578  -0.2057
  -0.1501  -0.2694  -0.0507
   0.0046  -0.4363  -0.0198
   0.1431  -0.4311  -0.2045
   0.3266  -0.2607  -0.2182
   0.1616  -0.2566  -0.0357
   0.3105  -0.3966  -0.0216
   0.4905  -0.0885  -0.2077
  -0.3447   0.0715  -0.2051
  -0.4985   0.0639  -0.0274
  -0.3339  -0.1003  -0.0453
  -0.1750  -0.0876  -0.1865
   0.0129   0.0781  -0.2043
  -0.1620   0.0688  -0.0245
   0.0072  -0.0919  -0.0630
   0.1697  -0.1027  -0.2225
   0.3453   0.0628  -0.1970
   0.1650   0.0775  -0.0583
   0.3418  -0.0982  -0.0506
  -0.4861   0.2359  -0.1893
  -0.3361   0.3995  -0.1973
  -0.4962   0.4341  -0.0091
  -0.3390   0.2255  -0.0351
  -0.1513   0.2235  -0.1894
  -0.0071   0.3850  -0.1884
  -0.1515   0.4003  -0.0197
   0.0120   0.2416  -0.0216
   0.1669   0.2588  -0.2022
   0.3211   0.4313  -0.1930
   0.1864   0.4326  -0.0379
   0.3318   0.2418  -0.0316
   0.4900  -0.3982   0.1305
  -0.3435  -0.2580   0.1211
   0.4939  -0.2491   0.3022
  -0.3473  -0.4217   0.2821
  -0.1838  -0.4393   0.1276
  -0.0104  -0.2659   0.1332
  -0.2091  -0.2806   0.2909
  -0.0104  -0.4131   0.2959
   0.1728  -0.4282   0.1676
   0.3307  -0.2636   0.1465
   0.1628  -0.2611   0.3151
   0.3412  -0.4247   0.3376
   0.4916  -0.1145   0.1338
  -0.3374   0.0367   0.1154
   0.4976   0.0541   0.3028
  -0.3308  -0.0915   0.2873
  -0.1611  -0.0992   0.1379
   0.0190   0.0522   0.1213
  -0.1435   0.0637   0.2906
   0.0099  -0.0990   0.3143
   0.1745  -0.1116   0.1126
   0.3172   0.0665   0.1070
   0.1554   0.0654   0.2944
   0.3236  -0.0897   0.2910
  -0.4888   0.2221   0.1415
  -0.3228   0.3812   0.1150
  -0.4897   0.4058   0.2887
  -0.3199   0.2032   0.2749
  -0.1574   0.2305   0.1312
   0.0241   0.3997   0.1314
  -0.1479   0.4081   0.2594
   0.0142   0.2449   0.2940
   0.1894   0.2339   0.1337
   0.3372   0.4032   0.1364
   0.1723   0.3938   0.3055
   0.3230   0.2270   0.2955
