  -0.0192  -0.3424   0.2091
   0.3526   0.3505  -0.2872
  -0.3617  -0.2786  -0.0184
   0.4407   0.3279   0.1168
   0.0785   0.0923  -0.4417
  -0.1984  -0.4602   0.2331
  -0.0566  -0.4853  -0.1812
   0.0875   0.2021   0.1685
   0.4858   0.1762  -0.1516
   0.4211   0.3288  -0.4879
  -0.3452   0.1083  -0.2085
   0.3918  -0.1475  -0.4439
   0.0691   0.3707   0.2357
  -0.4738  -0.1379  -0.1321
   0.2938  -0.3454  -0.4094
  -0.4909  -0.2821  -0.2768
   0.1996  -0.3696  -0.0180
   0.2332   0.3154   0.3974
  -0.2542  -0.3363   0.4179
   0.0594  -0.3271  -0.1729
   0.0051  -0.2200   0.0111
   0.0450   0.2979  -0.3513
  -0.3845   0.2847   0.2385
  -0.1528   0.0631   0.0614
   0.3401  -0.2858  -0.2016
  -0.2672   0.4697   0.0099
   0.4279  -0.4627  -0.1654
  -0.4112   0.2563   0.4369
   0.4142  -0.1600   0.3428
  -0.4905  -0.0245  -0.2913
   0.3878  -0.2630  -0.0051
  -0.4586   0.4366  -0.3112
  -0.1752   0.3509   0.1380
  -0.2951   0.1349  -0.4174
  -0.1246  -0.1564   0.3458
  -0.3158   0.4447   0.3590
  -0.2375   0.4878  -0.2683
  -0.1779   0.4815  -0.4657
  -0.4931  -0.3042   0.4812
   0.3171   0.0265  -0.3234
  -0.3011  -0.1108   0.3729
  -0.1705  -0.3931  -0.0443
  -0.1611  -0.0395  -0.3603
   0.0088   0.0015   0.1610
  -0.0222  -0.0879  -0.4719
  -0.4209   0.0255   0.2213
  -0.2136  -0.0795   0.1889
   0.0020   0.2535  -0.0061
  -0.2758  -0.0931  -0.2321
   0.3020   0.2537   0.2200
   0.2953   0.4549   0.2369
  -0.0017   0.4788   0.0469
  -0.1559   0.3520  -0.0999
  -0.3564  -0.4355  -0.1479
   0.4389   0.1212   0.1212
  -0.2704  -0.2799   0.1970
   0.1563  -0.1690   0.2032
   0.0023  -0.4306  -0.3768
   0.0794   0.4954   0.4242
   0.3076  -0.3017   0.1611
  -0.2455   0.2723  -0.2862
   0.4763   0.2130   0.3093
  -0.3584  -0.1483  -0.4174
  -0.2340  -0.2638  -0.2404
  -0.1421  -0.2301  -0.4571
   0.0383  -0.0412  -0.0750
  -0.1634  -0.1348  -0.0266
   0.4657   0.1696  -0.3891
   0.1436  -0.0584  -0.2562
  -0.4950  -0.3541   0.2086
  -0.2867   0.1258   0.3509
   0.3534  -0.4950   0.4703
  -0.4222   0.3390  -0.0406
   0.0920   0.3431  -0.1744
  -0.1273   0.1041  -0.1624
  -0.0145  -0.3081   0.4422
   0.3679  -0.0264  -0.0369
  -0.4996  -0.4869   0.0344
   0.1949   0.0123   0.0649
   0.1550  -0.4498   0.1672
   0.1039  -0.2463  -0.3958
   0.2443  -0.3003   0.3453
   0.1954   0.1255   0.3310
  -0.3490   0.1602   0.0151
  -0.4097   0.4908  -0.4693
  -0.3516  -0.0499   0.0011
   0.2100  -0.1136   0.4437
  -0.0538  -0.1695  -0.2262
   0.2056  -0.1715  -0.0507
   0.1618   0.4845  -0.3743
   0.2435   0.2075   0.0498
   0.3211   0.3258  -0.0883
  -0.4362   0.0301   0.4918
   0.4945   0.4477   0.2597
   0.1605   0.1147  -0.1755
  -0.0810   0.1596  -0.3698
   0.0518  -0.0176   0.3609
  -0.4786  -0.1731   0.1186
   0.2255   0.2776  -0.4234
   0.1940   0.3883   0.0388
   0.2167  -0.4872  -0.1820
  -0.2090   0.2879   0.4488
  -0.1352   0.1616   0.2316
  -0.3055  -0.3651  -0.3825
   0.0096   0.3116   0.4112
  -0.1113   0.0893   0.4441
   0.3588   0.1034   0.4561
   0.3381  -0.0868   0.1400
