-7.83013
-7.75606
-7.63511
-7.48538
-7.30768
-7.10915
-6.89767
-6.69558
-6.51725
-6.38288
-6.30005
-6.26956
-6.28246
-6.3273
-6.38482
-6.44341
-6.49608
-6.53756
-6.56684
-6.58173
-6.58431
-6.57797
-6.56427
-6.54874
-6.53124
-6.51366
-6.50278
-6.49858
-6.50368
-6.51813
-6.53962
-6.56753
-6.60053
-6.64179
-6.68391
-6.72432
-6.76363
-6.7973
-6.82269
-6.83893
-6.8456
-6.84551
-6.84519
-6.84316
-6.84562
-6.85231
-6.86485
-6.8791
-6.89109
-6.8957
-6.89499
-6.88662
-6.87199
-6.85303
-6.83087
-6.81071
-6.79231
-6.77812
-6.76865
-6.76003
-6.75109
-6.74176
-6.72997
-6.71719
-6.70356
-6.69523
-6.68879
-6.68886
-6.69318
-6.70195
-6.71239
-6.72508
-6.73818
-6.75065
-6.75707
-6.76686
-6.7732
-6.77921
-6.7857
-6.79151
-6.79888
-6.80816
-6.81853
-6.82791
-6.83946
-6.84792
-6.85243
-6.85376
-6.85023
-6.845
-6.82866
-6.80573
-6.77765
-6.74772
-6.7153
-6.68214
-6.64864
-6.6187
-6.59347
-6.57203
-6.55955
-6.55338
-6.55583
-6.56884
-6.5916
-6.62376
-6.65866
-6.69598
-6.72838
-6.75815
-6.78144
-6.79636
-6.80337
-6.80597
-6.80901
-6.80552
-6.80194
-6.79991
-6.79778
-6.79479
-6.79664
-6.8027
-6.813
-6.82692
-6.84127
-6.85733
-6.8686
-6.87906
-6.88467
-6.88527
-6.8827
-6.88016
-6.87827
-6.87097
-6.86131
-6.84357
-6.82607
-6.80622
-6.78613
-6.76473
-6.74092
-6.72184
-6.7023
-6.6845
-6.67104
-6.65623
-6.6435
-6.63619
-6.63889
-6.65019
-6.66705
-6.69271
-6.71725
-6.74451
-6.77144
-6.79488
-6.8153
-6.83178
-6.84576
-6.85338
-6.85661
-6.85075
-6.83962
-6.82333
-6.79779
-6.76903
-6.7396
-6.71328
-6.69527
-6.69134
-6.69833
-6.71199
-6.73488
-6.75482
-6.77291
-6.7895
-6.79621
-6.79462
-6.78769
-6.7723
-6.75185
-6.73028
-6.70936
-6.69253
-6.68601
-6.69138
-6.70165
-6.71871
-6.73143
-6.73686
-6.73133
-6.71767
-6.70205
-6.6871
-6.67667
-6.67734
-6.68788
-6.70624
-6.72554
-6.74799
-6.77211
-6.79218
-6.81161
-6.82756
-6.84763
-6.86225
-6.87395
-6.88834
-6.89515
-6.89903
-6.89273
-6.88141
-6.86615
-6.84492
-6.82234
-6.8003
-6.78213
-6.76445
-6.75342
-6.74381
-6.74012
-6.73956
-6.74422
-6.74854
-6.75291
-6.75924
-6.76358
-6.76496
-6.76243
-6.75736
-6.74629
-6.7328
-6.71397
-6.69791
-6.68669
-6.68431
-6.68937
-6.70093
-6.71953
-6.7374
-6.75242
-6.76681
-6.77531
-6.77922
-6.77902
-6.77252
-6.76369
-6.75601
-6.74501
-6.73494
-6.72266
-6.71086
-6.69946
-6.69191
-6.6888
-6.6913
-6.6961
-6.70159
-6.70733
-6.71221
-6.71329
-6.71488
-6.72062
-6.72482
-6.73428
-6.74328
-6.75493
-6.76554
-6.77762
-6.78535
-6.79104
-6.79318
-6.79339
-6.78847
-6.78002
-6.76806
-6.75667
-6.74768
-6.74173
-6.73764
-6.7412
-6.74603
-6.75325
-6.76344
-6.77305
-6.78439
-6.79656
-6.80205
-6.80482
-6.80417
-6.79384
-6.7787
-6.76175
-6.74466
-6.73121
-6.72512
-6.72323
-6.72772
-6.73829
-6.74934
-6.76495
-6.77559
-6.78592
-6.79419
-6.80109
-6.80423
-6.79564
-6.78106
-6.75971
-6.73075
-6.69855
-6.66827
-6.64325
-6.62335
-6.61129
-6.60845
-6.61179
-6.62152
-6.63372
-6.6516
-6.66874
-6.67964
-6.69456
-6.70927
-6.72479
-6.74411
-6.76445
-6.78731
-6.81072
-6.82907
-6.84788
-6.85986
-6.8674
-6.8683
-6.86484
-6.85832
-6.85001
-6.83899
-6.82488
-6.81083
-6.79543
-6.77967
-6.76847
-6.76
-6.75597
-6.75251
-6.75696
-6.7655
-6.77864
-6.79329
-6.81267
-6.83273
-6.84863
-6.86105
-6.86707
-6.86622
-6.8577
-6.84243
-6.82271
-6.80253
-6.77634
-6.74848
-6.72367
-6.70017
-6.68304
-6.67264
-6.66868
-6.66716
-6.66963
-6.67897
-6.68871
-6.70257
-6.7134
-6.72714
-6.74151
-6.75484
-6.76397
-6.77118
-6.77175
-6.77202
-6.7668
-6.75841
-6.74518
-6.7329
-6.722
-6.71435
-6.71317
-6.71352
-6.72124
-6.73678
-6.75758
-6.77906
-6.80287
-6.82405
-6.84161
-6.8557
-6.86871
-6.87471
-6.87875
-6.87811
-6.87637
-6.87068
-6.85947
-6.84181
-6.81942
-6.79343
-6.76464
-6.73464
-6.70396
-6.67342
-6.64278
-6.61432
-6.5913
-6.57493
-6.56669
-6.57053
-6.58525
-6.61366
-6.65079
-6.69143
-6.73491
-6.77395
-6.80682
-6.8285
-6.84302
-6.84744
-6.84406
-6.8311
-6.81554
-6.8011
-6.78605
-6.77705
-6.7741
-6.77997
-6.7888
-6.80425
-6.81707
-6.82601
-6.82792
-6.81903
-6.80636
-6.78966
-6.7733
-6.75641
-6.74454
-6.73594
-6.72865
-6.71994
-6.71005
-6.70309
-6.7009
-6.70677
-6.71452
-6.73067
-6.7512
-6.77245
-6.78983
-6.80587
-6.81351
-6.81663
-6.81687
-6.80951
-6.80046
-6.78221
-6.76266
-6.74236
-6.72248
-6.70565
-6.69663
-6.69297
-6.69709
-6.70756
-6.72711
-6.74517
-6.76423
-6.78294
-6.79804
-6.80664
-6.80723
-6.80235
-6.79055
-6.76973
-6.74665
-6.72598
-6.70456
-6.68966
-6.67799
-6.66946
-6.66676
-6.67245
-6.68743
-6.71655
-6.75081
-6.78924
-6.82402
-6.84932
-6.8658
-6.87454
-6.87888
-6.87765
-6.87008
-6.85814
-6.84437
-6.82698
-6.80531
-6.78687
-6.77097
-6.7604
-6.75176
-6.74619
-6.74218
-6.7379
-6.73501
-6.73218
-6.73456
-6.73757
-6.74046
-6.74463
-6.74583
-6.75016
-6.7528
-6.75524
-6.75613
-6.75487
-6.75578
-6.75714
-6.75328
-6.75084
-6.74701
-6.74135
-6.73326
-6.72742
-6.72598
-6.72647
-6.7286
-6.73359
-6.74106
-6.74895
-6.76111
-6.77674
-6.79495
-6.81071
-6.82399
-6.83285
-6.83505
-6.83188
-6.82357
-6.8096
-6.7976
-6.7866
-6.77438
-6.7636
-6.75732
-6.75707
-6.75635
-6.75547
-6.75436
-6.75524
-6.75749
-6.75907
-6.75971
-6.76224
-6.76384
-6.76245
-6.76095
-6.76066
-6.7613
-6.76512
-6.76762
-6.76713
-6.76964
-6.77226
-6.77061
-6.77033
-6.76827
-6.76516
-6.76472
-6.7658
-6.76721
-6.76532
-6.76303
-6.76103
-6.7604
-6.76026
-6.76238
-6.76857
-6.77611
-6.78296
-6.78415
-6.7754
-6.76085
-6.74164
-6.72316
-6.71417
-6.71562
-6.72363
-6.73448
-6.74377
-6.74761
-6.74906
-6.74671
-6.74387
-6.73731
-6.73003
-6.72568
-6.72201
-6.71995
-6.72258
-6.72808
-6.7349
-6.74396
-6.75774
-6.77342
-6.7852
-6.79907
-6.80869
-6.81843
-6.82491
-6.82948
-6.83325
-6.83062
-6.82695
-6.82035
-6.8113
-6.80026
-6.78548
-6.77167
-6.75611
-6.74289
-6.7357
-6.73253
-6.73214
-6.7376
-6.74656
-6.75248
-6.7501
-6.74678
-6.7398
-6.72951
-6.71847
-6.70901
-6.70332
-6.70213
-6.70846
-6.71661
-6.73036
-6.74223
-6.75374
-6.76348
-6.76687
-6.7655
-6.75797
-6.74756
-6.73095
-6.71922
-6.7096
-6.70503
-6.70591
-6.71224
-6.72016
-6.72988
-6.73519
-6.73813
-6.73637
-6.73748
-6.73876
-6.73815
-6.74329
-6.75257
-6.76591
-6.78553
-6.80892
-6.83812
-6.86653
-6.89171
-6.91064
-6.9233
-6.92651
-6.92124
-6.90554
-6.88322
-6.85686
-6.82494
-6.78918
-6.75528
-6.72299
-6.6953
-6.67475
-6.66227
-6.66354
-6.68042
-6.70301
-6.72963
-6.75779
-6.78524
-6.80489
-6.81733
-6.81988
-6.80996
-6.79334
-6.76911
-6.74759
-6.73077
-6.72009
-6.71808
-6.72589
-6.74215
-6.75753
-6.7719
-6.77998
-6.77697
-6.76558
-6.74613
-6.719
-6.69124
-6.66895
-6.65209
-6.6467
-6.65447
-6.67486
-6.70419
-6.74044
-6.78084
-6.81909
-6.85039
-6.87247
-6.8838
-6.88469
-6.86973
-6.84375
-6.81034
-6.77728
-6.74662
-6.72363
-6.7106
-6.71267
-6.72644
-6.74854
-6.77672
-6.80276
-6.83025
-6.85468
-6.86835
-6.87605
-6.87557
-6.86593
-6.84743
-6.8227
-6.79534
-6.76517
-6.7386
-6.71432
-6.69557
-6.68495
-6.68067
-6.68275
-6.68953
-6.7004
-6.71408
-6.73245
-6.75218
-6.77322
-6.78994
-6.80444
-6.81011
-6.80454
-6.79543
-6.77825
-6.75622
-6.73631
-6.71859
-6.7093
-6.70319
-6.70195
-6.70448
-6.70847
-6.71389
-6.71598
-6.72188
-6.72746
-6.73816
-6.7528
-6.77193
-6.79387
-6.81677
-6.83647
-6.85471
-6.867
-6.87468
-6.87521
-6.86956
-6.85449
-6.83436
-6.80586
-6.77714
-6.75066
-6.72873
-6.71044
-6.70121
-6.69571
-6.69378
-6.69854
-6.70273
-6.7083
-6.71704
-6.72394
-6.72909
-6.73537
-6.74139
-6.74611
-6.75247
-6.7538
-6.75309
-6.74972
-6.74475
-6.73796
-6.72808
-6.72271
-6.72159
-6.72187
-6.72846
-6.7441
-6.76217
-6.78001
-6.79909
-6.81596
-6.82804
-6.83512
-6.83787
-6.83368
-6.83072
-6.82934
-6.82993
-6.82997
-6.82489
-6.81581
-6.79919
-6.77745
-6.752
-6.72247
-6.69293
-6.66529
-6.64281
-6.62894
-6.62403
-6.63021
-6.64748
-6.67295
-6.70438
-6.73995
-6.77597
-6.81076
-6.84174
-6.86751
-6.88267
-6.88879
-6.88885
-6.87463
-6.8546
-6.82532
-6.79631
-6.77089
-6.74744
-6.73472
-6.7302
-6.73173
-6.73969
-6.75394
-6.76843
-6.77924
-6.7904
-6.79963
-6.8007
-6.79385
-6.7822
-6.76982
-6.76218
-6.76203
-6.76431
-6.76846
-6.7662
-6.75637
-6.7436
-6.72989
-6.71315
-6.69923
-6.69083
-6.68881
-6.69701
-6.71193
-6.72909
-6.74884
-6.77043
-6.79199
-6.81315
-6.83208
-6.84997
-6.85685
-6.86142
-6.85768
-6.84639
-6.82634
-6.80416
-6.78075
-6.75716
-6.7357
-6.71686
-6.70172
-6.69263
-6.68672
-6.6874
-6.69176
-6.69968
-6.71279
-6.7275
-6.74557
-6.75891
-6.7721
-6.78108
-6.78771
-6.78686
-6.78565
-6.77971
-6.7728
-6.76576
-6.75657
-6.74762
-6.74082
-6.73265
-6.72558
-6.71791
-6.71176
-6.70959
-6.71046
-6.71366
-6.72223
-6.73559
-6.75304
-6.76951
-6.7895
-6.81119
-6.83378
-6.86004
-6.88511
-6.90825
-6.927
-6.93374
-6.932
-6.9217
-6.9051
-6.87969
-6.85282
-6.82234
-6.79519
-6.7697
-6.74749
-6.72841
-6.70902
-6.6935
-6.67511
-6.65588
-6.63951
-6.62877
-6.63201
-6.64426
-6.66195
-6.68163
-6.6996
-6.71076
-6.71597
-6.71178
-6.70289
-6.69184
-6.67911
-6.66953
-6.66597
-6.6679
-6.67753
-6.69438
-6.71934
-6.74698
-6.77523
-6.79859
-6.8228
-6.84474
-6.8613
-6.87164
-6.87527
-6.86933
-6.85547
-6.83805
-6.81779
-6.79629
-6.77799
-6.76694
-6.75867
-6.75854
-6.76383
-6.77196
-6.78195
-6.78266
-6.7564
-6.70201
-6.62597
-6.53624
-6.43593
-6.34048
-6.25511
-6.1851
-6.13827
-6.11369
-6.1129
-6.12399
-6.14261
-6.16134
-6.17577
-6.18469
-6.19073
-6.19747
-6.20555
-6.21499
-6.22229
-6.22382
-6.22489
-6.22963
-6.24124
-6.25968
-6.28124
-6.29667
-6.29948
-6.29621
-6.29032
-6.28769
-6.29061
-6.29948
-6.30731
-6.31759
-6.32726
-6.3384
-6.35687
-6.37422
-6.38769
-6.39072
-6.37928
-6.35951
-6.33112
-6.2997
-6.27651
-6.2622
-6.26008
-6.26669
-6.27761
-6.29184
-6.30667
-6.3184
-6.32766
-6.32673
-6.31821
-6.30499
-6.28989
-6.28067
-6.28426
-6.29651
-6.31339
-6.33452
-6.3523
-6.35854
-6.35499
-6.34068
-6.32449
-6.30786
-6.30292
-6.31131
-6.33148
-6.36037
-6.39099
-6.42266
-6.44732
-6.47044
-6.48945
-6.50682
-6.51301
-6.50737
-6.48827
-6.44996
-6.39317
-6.32674
-6.25522
-6.18966
-6.13394
-6.0916
-6.06334
-6.04418
-6.0286
-6.01811
-6.01346
-6.01908
-6.03504
-6.06241
-6.09518
-6.12994
-6.16235
-6.18983
-6.2161
-6.24044
-6.26448
-6.29176
-6.3156
-6.33351
-6.34346
-6.34753
-6.34087
-6.33127
-6.31732
-6.30148
-6.28715
-6.276
-6.26838
-6.26562
-6.26873
-6.27545
-6.28552
-6.30579
-6.33417
-6.36773
-6.40179
-6.42803
-6.44661
-6.45451
-6.44985
-6.42822
-6.39985
-6.3745
-6.34975
-6.3378
-6.33982
-6.35358
-6.36806
-6.37986
-6.38297
-6.3771
-6.36698
-6.35059
-6.33992
-6.34195
-6.35408
-6.3764
-6.40032
-6.41793
-6.42806
-6.4234
-6.40859
-6.38169
-6.3511
-6.31927
-6.28997
-6.26592
-6.25119
-6.23825
-6.22905
-6.22046
-6.2054
-6.18569
-6.16546
-6.14657
-6.13369
-6.13004
-6.13683
-6.15569
-6.18118
-6.21134
-6.23737
-6.25507
-6.25957
-6.25183
-6.23634
-6.21134
-6.18914
-6.17122
-6.1643
-6.16909
-6.18238
-6.20121
-6.22328
-6.24569
-6.27328
-6.30479
-6.34344
-6.37981
-6.41447
-6.44292
-6.45419
-6.448
-6.42039
-6.37326
-6.31529
-6.256
-6.21446
-6.19905
-6.20936
-6.23695
-6.27791
-6.31911
-6.35918
-6.39516
-6.42086
-6.43102
-6.4275
-6.40955
-6.3872
-6.36064
-6.33679
-6.33186
-6.34181
-6.36539
-6.39669
-6.43659
-6.47306
-6.50639
-6.52654
-6.52791
-6.51763
-6.49152
-6.44931
-6.4002
-6.34995
-6.30577
-6.27498
-6.25757
-6.25081
-6.25004
-6.2483
-6.23961
-6.22882
-6.21877
-6.20544
-6.1962
-6.18678
-6.17739
-6.16562
-6.15429
-6.1444
-6.14183
-6.14168
-6.14896
-6.16117
-6.17618
-6.18892
-6.19824
-6.20498
-6.21237
-6.22503
-6.24044
-6.25847
-6.28147
-6.306
-6.3277
-6.34666
-6.3611
-6.37988
-6.39743
-6.40965
-6.41986
-6.42452
-6.41652
-6.39211
-6.35533
-6.30239
-6.24779
-6.19876
-6.16662
-6.15381
-6.16289
-6.18832
-6.2234
-6.2608
-6.29774
-6.32616
-6.35217
-6.36759
-6.37747
-6.38438
-6.38716
-6.38925
-6.39146
-6.38757
-6.38563
-6.3809
-6.37257
-6.36517
-6.35949
-6.35346
-6.34409
-6.33129
-6.31524
-6.28949
-6.26284
-6.23213
-6.20307
-6.18175
-6.16922
-6.16589
-6.1686
-6.17309
-6.17655
-6.18
-6.18423
-6.19162
-6.20356
-6.22203
-6.2496
-6.28368
-6.3187
-6.34931
-6.37392
-6.38843
-6.39568
-6.38742
-6.3652
-6.32955
-6.28839
-6.24803
-6.21944
-6.20836
-6.21229
-6.22606
-6.24103
-6.25493
-6.26471
-6.27522
-6.28787
-6.31144
-6.34807
-6.3929
-6.43439
-6.45756
-6.46028
-6.44127
-6.40658
-6.35944
-6.30629
-6.2553
-6.20894
-6.17235
-6.15565
-6.15862
-6.17818
-6.21334
-6.25855
-6.30637
-6.35031
-6.38188
-6.4008
-6.40141
-6.38572
-6.35333
-6.3123
-6.27253
-6.23995
-6.22446
-6.22814
-6.24659
-6.2773
-6.31458
-6.35268
-6.38787
-6.41984
-6.44832
-6.47068
-6.48172
-6.48256
-6.47013
-6.44739
-6.41522
-6.37676
-6.33369
-6.29238
-6.25753
-6.23407
-6.22292
-6.22443
-6.2368
-6.25566
-6.27822
-6.30557
-6.32797
-6.34064
-6.33998
-6.33509
-6.32327
-6.31179
-6.29264
-6.26257
-6.22869
-6.19219
-6.16006
-6.14248
-6.13776
-6.14549
-6.16442
-6.19069
-6.21482
-6.23655
-6.24974
-6.26257
-6.2747
-6.28445
-6.2938
-6.29917
-6.29826
-6.29302
-6.27933
-6.26596
-6.25297
-6.25003
-6.25847
-6.27045
-6.28436
-6.30306
-6.32121
-6.33934
-6.35584
-6.36726
-6.36827
-6.36249
-6.35655
-6.35374
-6.36048
-6.37011
-6.38258
-6.38946
-6.3843
-6.37166
-6.34973
-6.32752
-6.30411
-6.28697
-6.27407
-6.2697
-6.27286
-6.28329
-6.30146
-6.32576
-6.35563
-6.38717
-6.41736
-6.44039
-6.45114
-6.45227
-6.43967
-6.41564
-6.38624
-6.35915
-6.33743
-6.32579
-6.3188
-6.31968
-6.31994
-6.31782
-6.31168
-6.29787
-6.27994
-6.2563
-6.23209
-6.21122
-6.19718
-6.18509
-6.17795
-6.17161
-6.1656
-6.15745
-6.14867
-6.14133
-6.13364
-6.13411
-6.14902
-6.1827
-6.2307
-6.28606
-6.3393
-6.38247
-6.41448
-6.43587
-6.44885
-6.44827
-6.43799
-6.41835
-6.39184
-6.36707
-6.34643
-6.33291
-6.32863
-6.32935
-6.334
-6.3412
-6.34344
-6.3459
-6.34715
-6.35234
-6.35405
-6.34929
-6.34083
-6.32532
-6.29757
-6.26318
-6.22952
-6.19788
-6.17988
-6.17363
-6.18569
-6.21822
-6.26243
-6.31121
-6.35139
-6.37842
-6.39201
-6.38958
-6.37384
-6.35405
-6.32665
-6.29863
-6.27128
-6.25305
-6.2406
-6.2325
-6.23168
-6.23736
-6.24176
-6.24454
-6.24814
-6.24948
-6.25111
-6.24674
-6.2372
-6.22052
-6.20062
-6.18438
-6.17737
-6.18352
-6.19644
-6.21657
-6.23206
-6.24672
-6.26004
-6.26465
-6.26869
-6.26924
-6.26883
-6.2684
-6.27077
-6.27662
-6.28612
-6.29853
-6.31434
-6.3295
-6.34833
-6.3637
-6.37428
-6.38258
-6.3877
-6.38511
-6.38124
-6.3738
-6.36855
-6.364
-6.36567
-6.37054
-6.38251
-6.3987
-6.41557
-6.43521
-6.44902
-6.45743
-6.45832
-6.45252
-6.4403
-6.41958
-6.39061
-6.35301
-6.30783
-6.25915
-6.21304
-6.174
-6.14624
-6.13379
-6.13479
-6.1496
-6.17303
-6.2004
-6.22849
-6.2615
-6.28848
-6.31275
-6.32776
-6.33675
-6.34039
-6.3372
-6.33285
-6.33026
-6.32821
-6.3235
-6.31349
-6.30249
-6.28874
-6.27267
-6.26307
-6.25494
-6.24681
-6.23779
-6.22959
-6.22358
-6.22255
-6.22521
-6.23467
-6.2489
-6.27048
-6.29126
-6.31265
-6.33049
-6.34367
-6.35679
-6.36459
-6.37199
-6.37326
-6.37405
-6.37147
-6.36544
-6.3563
-6.34517
-6.33681
-6.32947
-6.32204
-6.32063
-6.31814
-6.31835
-6.31953
-6.32071
-6.31947
-6.32021
-6.322
-6.32592
-6.32443
-6.31611
-6.29995
-6.27604
-6.25069
-6.2198
-6.19198
-6.17172
-6.16171
-6.15859
-6.16441
-6.17364
-6.1831
-6.19284
-6.19769
-6.20212
-6.20283
-6.20713
-6.21416
-6.22767
-6.2459
-6.26881
-6.29495
-6.31969
-6.34413
-6.36282
-6.36751
-6.35742
-6.33092
-6.29053
-6.24993
-6.21377
-6.19201
-6.18832
-6.20151
-6.22932
-6.27076
-6.31913
-6.36787
-6.40949
-6.44554
-6.46988
-6.47919
-6.47328
-6.45338
-6.42284
-6.38204
-6.33414
-6.28713
-6.24275
-6.2099
-6.18462
-6.17389
-6.16923
-6.17345
-6.17745
-6.18618
-6.20133
-6.22212
-6.2524
-6.29197
-6.33443
-6.37698
-6.41693
-6.44841
-6.46578
-6.46764
-6.45201
-6.4239
-6.38871
-6.34626
-6.30171
-6.26488
-6.23288
-6.21221
-6.20299
-6.19944
-6.20455
-6.2133
-6.22312
-6.23694
-6.24824
-6.25558
-6.25795
-6.2574
-6.25644
-6.2534
-6.24941
-6.24822
-6.25233
-6.25672
-6.26166
-6.27183
-6.28268
-6.29541
-6.3082
-6.31787
-6.32549
-6.33087
-6.33271
-6.33125
-6.32459
-6.31421
-6.30353
-6.29472
-6.29105
-6.29554
-6.30801
-6.33033
-6.35769
-6.39105
-6.42722
-6.45974
-6.4858
-6.5051
-6.517
-6.51447
-6.50337
-6.48416
-6.45083
-6.40419
-6.34742
-6.27877
-6.20512
-6.13701
-6.08263
-6.05942
-6.06566
-6.0982
-6.14016
-6.18208
-6.21414
-6.23051
-6.23209
-6.22204
-6.20919
-6.20091
-6.19934
-6.20428
-6.21666
-6.23145
-6.24689
-6.26354
-6.28574
-6.30561
-6.336
-6.36763
-6.40183
-6.43167
-6.4511
-6.45839
-6.45772
-6.44608
-6.42419
-6.3976
-6.36612
-6.33503
-6.30706
-6.28827
-6.28674
-6.30003
-6.32754
-6.35992
-6.39318
-6.41722
-6.42579
-6.41345
-6.38437
-6.34121
-6.29033
-6.23894
-6.19502
-6.17004
-6.16653
-6.18898
-6.23603
-6.29645
-6.36006
-6.41511
-6.45346
-6.46904
-6.46512
-6.44162
-6.40116
-6.35267
-6.30068
-6.25332
-6.20993
-6.18001
-6.16547
-6.17412
-6.2083
-6.2616
-6.32568
-6.37919
-6.41438
-6.42182
-6.40104
-6.35577
-6.29498
-6.22668
-6.16643
-6.12252
-6.1015
-6.09865
-6.11203
-6.13803
-6.17127
-6.21239
-6.25177
-6.29177
-6.32214
-6.34538
-6.35871
-6.3644
-6.36669
-6.36145
-6.35432
-6.33924
-6.32033
-6.30329
-6.27946
-6.2541
-6.22654
-6.19674
-6.17042
-6.14806
-6.13842
-6.14629
-6.17128
-6.21509
-6.26926
-6.32295
-6.36907
-6.40055
-6.41692
-6.41841
-6.41018
-6.39473
-6.38099
-6.36715
-6.35452
-6.34406
-6.33223
-6.32494
-6.3155
-6.30228
-6.28501
-6.26818
-6.25222
-6.23584
-6.21782
-6.20244
-6.19179
-6.18588
-6.18793
-6.19698
-6.20872
-6.22361
-6.2396
-6.25299
-6.26427
-6.27315
-6.28622
-6.29902
-6.31471
-6.33277
-6.34696
-6.35852
-6.36867
-6.38001
-6.39094
-6.40264
-6.41331
-6.4298
-6.44878
-6.46288
-6.47073
-6.47174
-6.46019
-6.4388
-6.41558
-6.38876
-6.36342
-6.34262
-6.32704
-6.31878
-6.31602
-6.31024
-6.2976
-6.27671
-6.24899
-6.21667
-6.1931
-6.17602
-6.16989
-6.17556
-6.19197
-6.21131
-6.22943
-6.24195
-6.24997
-6.25196
-6.24992
-6.2427
-6.23556
-6.23015
-6.23085
-6.23578
-6.24353
-6.255
-6.26662
-6.27608
-6.29214
-6.30515
-6.31917
-6.32619
-6.32386
-6.31717
-6.3073
-6.29687
-6.28935
-6.29401
-6.3018
-6.3121
-6.31926
-6.31548
-6.30214
-6.28097
-6.25003
-6.21405
-6.18457
-6.16426
-6.1627
-6.17894
-6.2133
-6.25632
-6.30158
-6.34611
-6.38467
-6.41865
-6.44751
-6.47628
-6.499
-6.51389
-6.51463
-6.49895
-6.47544
-6.44922
-6.42054
-6.38954
-6.35244
-6.30714
-6.26038
-6.2137
-6.17281
-6.14761
-6.13992
-6.14782
-6.14744
-6.1339
-6.11184
-6.08502
-6.05542
-6.02809
-6.00307
-5.98146
-5.95974
-5.9418
-5.92747
-5.91522
-5.91062
-5.91607
-5.92965
-5.94278
-5.95433
-5.96702
-5.97073
-5.96703
-5.95976
-5.95411
-5.94367
-5.93757
-5.93949
-5.9521
-5.97056
-5.99406
-6.02226
-6.04443
-6.04998
-6.03675
-6.0107
-5.97319
-5.93296
-5.89323
-5.86645
-5.85325
-5.85106
-5.85725
-5.87133
-5.89374
-5.932
-5.98249
-6.03965
-6.09236
-6.1371
-6.16498
-6.17434
-6.16559
-6.14266
-6.11207
-6.07294
-6.03272
-5.99335
-5.96417
-5.94561
-5.94102
-5.94618
-5.95547
-5.96413
-5.96853
-5.96093
-5.94616
-5.93219
-5.92377
-5.9223
-5.93378
-5.94825
-5.96005
-5.96009
-5.95009
-5.93092
-5.91209
-5.90062
-5.90555
-5.93569
-5.98371
-6.03954
-6.09624
-6.14391
-6.17122
-6.18121
-6.17555
-6.16531
-6.15407
-6.14331
-6.133
-6.11763
-6.08552
-6.03964
-5.99127
-5.94938
-5.92629
-5.92371
-5.93216
-5.94316
-5.9475
-5.9409
-5.92038
-5.8925
-5.86896
-5.84993
-5.84561
-5.84949
-5.85601
-5.86109
-5.86512
-5.87104
-5.87892
-5.89149
-5.91113
-5.93577
-5.96861
-5.99965
-6.02638
-6.04324
-6.0443
-6.03572
-6.02261
-6.01144
-6.00571
-6.01617
-6.04326
-6.09027
-6.15229
-6.21443
-6.2644
-6.29302
-6.29377
-6.27011
-6.23349
-6.19279
-6.15995
-6.1394
-6.1239
-6.10641
-6.08096
-6.04721
-6.01154
-5.98295
-5.96435
-5.95999
-5.95844
-5.95933
-5.9552
-5.9479
-5.93888
-5.93643
-5.93845
-5.94949
-5.96021
-5.96446
-5.95876
-5.93777
-5.90681
-5.87379
-5.85022
-5.84282
-5.85011
-5.86904
-5.8941
-5.91135
-5.92529
-5.93485
-5.94494
-5.96058
-5.99026
-6.04154
-6.11007
-6.18154
-6.24658
-6.29024
-6.30725
-6.29952
-6.27371
-6.23465
-6.19085
-6.14423
-6.09389
-6.04192
-5.99253
-5.94259
-5.9001
-5.86808
-5.84742
-5.84372
-5.85664
-5.88237
-5.91739
-5.96006
-6.00783
-6.05421
-6.09104
-6.11249
-6.11785
-6.10075
-6.06779
-6.02108
-5.97037
-5.91555
-5.86459
-5.8217
-5.7902
-5.77026
-5.76401
-5.78159
-5.82192
-5.88813
-5.97416
-6.06484
-6.14929
-6.21378
-6.25694
-6.2733
-6.27225
-6.24977
-6.2056
-6.14513
-6.07237
-5.99613
-5.93442
-5.89918
-5.89549
-5.92218
-5.97086
-6.024
-6.07196
-6.10915
-6.13271
-6.14715
-6.15111
-6.15406
-6.15006
-6.14312
-6.13146
-6.11478
-6.09107
-6.06478
-6.03646
-6.00976
-5.97997
-5.9521
-5.92936
-5.91295
-5.90284
-5.9054
-5.92295
-5.95549
-5.99862
-6.04817
-6.0953
-6.13124
-6.15281
-6.15915
-6.14942
-6.12649
-6.08768
-6.04015
-5.98897
-5.93518
-5.87985
-5.83302
-5.8077
-5.81967
-5.8696
-5.94372
-6.01192
-6.06423
-6.09592
-6.10941
-6.11035
-6.10145
-6.08662
-6.0689
-6.04719
-6.01708
-5.98224
-5.95219
-5.92583
-5.91603
-5.91633
-5.9239
-5.93803
-5.95023
-5.95765
-5.9605
-5.96392
-5.97404
-5.9979
-6.02919
-6.06758
-6.10405
-6.13794
-6.15285
-6.15457
-6.13807
-6.1044
-6.05339
-5.99138
-5.92452
-5.86515
-5.82473
-5.80471
-5.80726
-5.82171
-5.84927
-5.88003
-5.90947
-5.934
-5.95316
-5.96876
-5.97916
-5.98724
-5.99206
-5.99018
-5.98251
-5.97433
-5.96499
-5.96117
-5.96813
-5.98401
-6.01296
-6.04938
-6.08247
-6.11214
-6.13054
-6.13405
-6.13337
-6.13126
-6.13242
-6.13483
-6.14092
-6.14043
-6.13282
-6.11468
-6.0896
-6.06176
-6.02515
-5.99251
-5.96296
-5.9319
-5.90597
-5.88659
-5.87205
-5.86498
-5.86715
-5.87662
-5.89272
-5.90803
-5.92007
-5.92808
-5.93753
-5.94821
-5.96303
-5.98286
-6.0008
-6.01977
-6.0387
-6.05611
-6.07428
-6.09641
-6.11648
-6.13356
-6.1422
-6.14356
-6.13783
-6.12322
-6.10012
-6.07235
-6.04072
-6.01248
-5.9951
-5.9907
-5.99832
-6.00813
-6.01483
-6.01167
-5.99138
-5.9596
-5.91487
-5.87104
-5.82435
-5.78842
-5.76532
-5.75935
-5.7736
-5.80258
-5.83953
-5.88713
-5.92828
-5.96164
-5.98505
-5.99715
-6.00102
-5.99877
-5.99811
-6.00337
-6.01555
-6.03196
-6.04972
-6.06509
-6.0744
-6.07715
-6.0737
-6.06488
-6.05593
-6.04838
-6.04503
-6.03851
-6.03209
-6.01861
-6.00388
-5.99079
-5.98179
-5.97787
-5.98346
-5.9905
-6.00288
-6.01257
-6.02079
-6.02435
-6.02203
-6.01794
-6.00777
-5.99937
-5.9915
-5.98814
-5.9878
-5.98611
-5.98175
-5.97926
-5.98245
-5.99985
-6.03241
-6.08195
-6.13165
-6.17249
-6.19622
-6.1987
-6.18957
-6.17381
-6.15731
-6.13787
-6.12048
-6.09508
-6.06898
-6.03982
-6.01274
-5.99582
-5.992
-5.99637
-6.00314
-6.00357
-5.99488
-5.97445
-5.93991
-5.8997
-5.86403
-5.84321
-5.83911
-5.84631
-5.8594
-5.87391
-5.88517
-5.89992
-5.92223
-5.95434
-5.99695
-6.04636
-6.09545
-6.13288
-6.15697
-6.16352
-6.16045
-6.14395
-6.1162
-6.08736
-6.05947
-6.03419
-6.01445
-6.00029
-5.99067
-5.98994
-5.99785
-6.01239
-6.02852
-6.03988
-6.04907
-6.05283
-6.05313
-6.0506
-6.04979
-6.05306
-6.05839
-6.06251
-6.06553
-6.06037
-6.04756
-6.03039
-6.00532
-5.98287
-5.96651
-5.96033
-5.96054
-5.96047
-5.94727
-5.92438
-5.89173
-5.85244
-5.81228
-5.7836
-5.77494
-5.79112
-5.82564
-5.874
-5.92644
-5.97141
-6.00551
-6.02763
-6.04248
-6.05009
-6.05281
-6.05367
-6.04999
-6.05197
-6.06269
-6.07907
-6.09577
-6.10186
-6.09674
-6.0775
-6.04904
-6.01541
-5.9851
-5.9605
-5.94815
-5.9476
-5.95785
-5.97408
-5.9918
-6.00504
-6.00806
-6.00879
-6.00651
-6.00522
-6.01251
-6.02873
-6.0514
-6.07472
-6.0926
-6.09913
-6.09078
-6.06503
-6.03014
-5.98543
-5.94149
-5.90113
-5.87238
-5.86143
-5.87313
-5.90315
-5.93857
-5.96685
-5.97524
-5.96519
-5.93949
-5.9127
-5.90002
-5.90768
-5.93697
-5.97621
-6.01508
-6.04366
-6.05574
-6.05412
-6.04353
-6.03109
-6.02325
-6.02818
-6.04612
-6.07556
-6.10916
-6.13374
-6.14611
-6.14866
-6.14392
-6.13838
-6.13709
-6.13994
-6.14524
-6.14801
-6.14454
-6.12835
-6.09848
-6.05112
-5.99484
-5.93174
-5.87829
-5.84271
-5.83348
-5.84315
-5.86239
-5.88692
-5.9101
-5.92836
-5.94152
-5.94777
-5.95289
-5.9552
-5.95925
-5.96266
-5.97505
-5.99744
-6.02964
-6.07011
-6.10675
-6.13992
-6.1541
-6.14483
-6.11323
-6.06257
-6.00703
-5.9547
-5.91442
-5.89342
-5.89607
-5.91745
-5.94983
-5.98878
-6.02429
-6.05516
-6.07462
-6.07856
-6.07018
-6.04921
-6.02046
-5.98843
-5.96399
-5.93808
-5.91686
-5.89688
-5.87637
-5.85405
-5.82952
-5.81465
-5.81513
-5.83518
-5.87112
-5.91511
-5.96103
-6.00098
-6.03502
-6.05886
-6.07088
-6.07368
-6.06761
-6.05976
-6.05614
-6.06477
-6.0858
-6.11145
-6.13404
-6.14293
-6.1355
-6.11236
-6.08027
-6.04375
-6.01168
-5.99467
-5.98934
-5.99637
-6.01465
-6.03329
-6.05119
-6.05367
-6.04627
-6.0265
-5.99507
-5.96485
-5.93396
-5.91333
-5.89933
-5.89904
-5.90193
-5.91031
-5.91834
-5.9267
-5.92967
-5.9249
-5.90804
-5.88676
-5.86401
-5.84512
-5.83841
-5.8478
-5.87552
-5.91545
-5.95804
-5.9918
-6.01154
-6.01007
-5.99658
-5.97991
-5.96927
-5.9746
-5.99522
-6.02727
-6.0596
-6.08177
-6.095
-6.09528
-6.08552
-6.07057
-6.05694
-6.0494
-6.05066
-6.05768
-6.06793
-6.07773
-6.08406
-6.08589
-6.08681
-6.08658
-6.08855
-6.0864
-6.08233
-6.07696
-6.07357
-6.06586
-6.05417
-6.03529
-6.00951
-5.98476
-5.9575
-5.93559
-5.92449
-5.92806
-5.93721
-5.95459
-5.96794
-5.98114
-5.98793
-5.99438
-5.99907
-6.00633
-6.01956
-6.03135
-6.03203
-6.02177
-6.00113
-5.97945
-5.96223
-5.95584
-5.95614
-5.96111
-5.9681
-5.97006
-5.96224
-5.94681
-5.91955
-5.89315
-5.87247
-5.86399
-5.86801
-5.87994
-5.89788
-5.91867
-5.94242
-5.96746
-5.99118
-6.01517
-6.03585
-6.04966
-6.06106
-6.06522
-6.06437
-6.05872
-6.04738
-6.03107
-6.02086
-6.0196
-6.02998
-6.0499
-6.0736
-6.09569
-6.10839
-6.11522
-6.1111
-6.0996
-6.08518
-6.06526
-6.03923
-6.00493
-5.97285
-5.94978
-5.94635
-5.96492
-6.00165
-6.04601
-6.08586
-6.11858
-6.13717
-6.1429
-6.13163
-6.09992
-6.05687
-6.00757
-5.94953
-5.8898
-5.83892
-5.80084
-5.78648
-5.78904
-5.80637
-5.8323
-5.86476
-5.90181
-5.93923
-5.96859
-5.98618
-5.99628
-6.00132
-6.00504
-6.01077
-6.02355
-6.03409
-6.05164
-6.07536
-6.10508
-6.14096
-6.17185
-6.18875
-6.18856
-6.16354
-6.11726
-6.05726
-5.99637
-5.9505
-5.92939
-5.93304
-5.95679
-5.98921
-6.01907
-6.0419
-6.05853
-6.07533
-6.09126
-6.09995
-6.08615
-6.04025
-5.97672
-5.91119
-5.85881
-5.82086
-5.79637
-5.78231
-5.78516
-5.8118
-5.8596
-5.91867
-5.97798
-6.02959
-6.06142
-6.07392
-6.06854
-6.04445
-6.01249
-5.97283
-5.93705
-5.91075
-5.89241
-5.88555
-5.89238
-5.91034
-5.93884
-5.97913
-6.01974
-6.05479
-6.08595
-6.10647
-6.12701
-6.1379
-6.14052
-6.13881
-6.12783
-6.11206
-6.09793
-6.08229
-6.07373
-6.06965
-6.07387
-6.07856
-6.08116
-6.0742
-6.05694
-6.03457
-6.01042
-5.98522
-5.96499
-5.95412
-5.94963
-5.94571
-5.92924
-5.9025
-5.8663
-5.82925
-5.79764
-5.7812
-5.78761
-5.81695
-5.86114
-5.91608
-5.96907
-6.01519
-6.04321
-6.05166
-6.04538
-6.02475
-6.0028
-5.98316
-5.96409
-5.95256
-5.95348
-5.97009
-6.00021
-6.03558
-6.07046
-6.09644
-6.10989
-6.10568
-6.09347
-6.07825
-6.07059
-6.07555
-6.09033
-6.1132
-6.13387
-6.14726
-6.15148
-6.15063
-6.14687
-6.14364
-6.14093
-6.13553
-6.12863
-6.11037
-6.08984
-6.06567
-6.04648
-6.03104
-6.02836
-6.02854
-6.03512
-6.0396
-6.04183
-6.04038
-6.03792
-6.03644
-6.02783
-6.01065
-5.98531
-5.95375
-5.91791
-5.87911
-5.83629
-5.78597
-5.7353
-5.69399
-5.6719
-5.67652
-5.70469
-5.7495
-5.79781
-5.84346
-5.87657
-5.89334
-5.90868
-5.92573
-5.94384
-5.96261
-5.9787
-5.98595
-5.99196
-6.0026
-6.01889
-6.04373
-6.0695
-6.0921
-6.10539
-6.11162
-6.10446
-6.08735
-6.0652
-6.0435
-6.03069
-6.03707
-6.05683
-6.08646
-6.11864
-7.83013
-7.75606
-7.63511
-7.48538
-7.30768
-7.10915
-6.89767
-6.69558
-6.51725
-6.38288
-6.30005
-6.26956
-6.28246
-6.3273
-6.38482
-6.44341
-6.49608
-6.53756
-6.56684
-6.58173
-6.58431
-6.57797
-6.56427
-6.54874
-6.53124
-6.51366
-6.50278
-6.49858
-6.50368
-6.51813
-6.53962
-6.56753
-6.60053
-6.64179
-6.68391
-6.72432
-6.76363
-6.7973
-6.82269
-6.83893
-6.8456
-6.84551
-6.84519
-6.84316
-6.84562
-6.85231
-6.86485
-6.8791
-6.89109
-6.8957
-6.89499
-6.88662
-6.87199
-6.85303
-6.83087
-6.81071
-6.79231
-6.77812
-6.76865
-6.76003
-6.75109
-6.74176
-6.72997
-6.71719
-6.70356
-6.69523
-6.68879
-6.68886
-6.69318
-6.70195
-6.71239
-6.72508
-6.73818
-6.75065
-6.75707
-6.76686
-6.7732
-6.77921
-6.7857
-6.79151
-6.79888
-6.80816
-6.81853
-6.82791
-6.83946
-6.84792
-6.85243
-6.85376
-6.85023
-6.845
-6.82866
-6.80573
-6.77765
-6.74772
-6.7153
-6.68214
-6.64864
-6.6187
-6.59347
-6.57203
-6.55955
-6.55338
-6.55583
-6.56884
-6.5916
-6.62376
-6.65866
-6.69598
-6.72838
-6.75815
-6.78144
-6.79636
-6.80337
-6.80597
-6.80901
-6.80552
-6.80194
-6.79991
-6.79778
-6.79479
-6.79664
-6.8027
-6.813
-6.82692
-6.84127
-6.85733
-6.8686
-6.87906
-6.88467
-6.88527
-6.8827
-6.88016
-6.87827
-6.87097
-6.86131
-6.84357
-6.82607
-6.80622
-6.78613
-6.76473
-6.74092
-6.72184
-6.7023
-6.6845
-6.67104
-6.65623
-6.6435
-6.63619
-6.63889
-6.65019
-6.66705
-6.69271
-6.71725
-6.74451
-6.77144
-6.79488
-6.8153
-6.83178
-6.84576
-6.85338
-6.85661
-6.85075
-6.83962
-6.82333
-6.79779
-6.76903
-6.7396
-6.71328
-6.69527
-6.69134
-6.69833
-6.71199
-6.73488
-6.75482
-6.77291
-6.7895
-6.79621
-6.79462
-6.78769
-6.7723
-6.75185
-6.73028
-6.70936
-6.69253
-6.68601
-6.69138
-6.70165
-6.71871
-6.73143
-6.73686
-6.73133
-6.71767
-6.70205
-6.6871
-6.67667
-6.67734
-6.68788
-6.70624
-6.72554
-6.74799
-6.77211
-6.79218
-6.81161
-6.82756
-6.84763
-6.86225
-6.87395
-6.88834
-6.89515
-6.89903
-6.89273
-6.88141
-6.86615
-6.84492
-6.82234
-6.8003
-6.78213
-6.76445
-6.75342
-6.74381
-6.74012
-6.73956
-6.74422
-6.74854
-6.75291
-6.75924
-6.76358
-6.76496
-6.76243
-6.75736
-6.74629
-6.7328
-6.71397
-6.69791
-6.68669
-6.68431
-6.68937
-6.70093
-6.71953
-6.7374
-6.75242
-6.76681
-6.77531
-6.77922
-6.77902
-6.77252
-6.76369
-6.75601
-6.74501
-6.73494
-6.72266
-6.71086
-6.69946
-6.69191
-6.6888
-6.6913
-6.6961
-6.70159
-6.70733
-6.71221
-6.71329
-6.71488
-6.72062
-6.72482
-6.73428
-6.74328
-6.75493
-6.76554
-6.77762
-6.78535
-6.79104
-6.79318
-6.79339
-6.78847
-6.78002
-6.76806
-6.75667
-6.74768
-6.74173
-6.73764
-6.7412
-6.74603
-6.75325
-6.76344
-6.77305
-6.78439
-6.79656
-6.80205
-6.80482
-6.80417
-6.79384
-6.7787
-6.76175
-6.74466
-6.73121
-6.72512
-6.72323
-6.72772
-6.73829
-6.74934
-6.76495
-6.77559
-6.78592
-6.79419
-6.80109
-6.80423
-6.79564
-6.78106
-6.75971
-6.73075
-6.69855
-6.66827
-6.64325
-6.62335
-6.61129
-6.60845
-6.61179
-6.62152
-6.63372
-6.6516
-6.66874
-6.67964
-6.69456
-6.70927
-6.72479
-6.74411
-6.76445
-6.78731
-6.81072
-6.82907
-6.84788
-6.85986
-6.8674
-6.8683
-6.86484
-6.85832
-6.85001
-6.83899
-6.82488
-6.81083
-6.79543
-6.77967
-6.76847
-6.76
-6.75597
-6.75251
-6.75696
-6.7655
-6.77864
-6.79329
-6.81267
-6.83273
-6.84863
-6.86105
-6.86707
-6.86622
-6.8577
-6.84243
-6.82271
-6.80253
-6.77634
-6.74848
-6.72367
-6.70017
-6.68304
-6.67264
-6.66868
-6.66716
-6.66963
-6.67897
-6.68871
-6.70257
-6.7134
-6.72714
-6.74151
-6.75484
-6.76397
-6.77118
-6.77175
-6.77202
-6.7668
-6.75841
-6.74518
-6.7329
-6.722
-6.71435
-6.71317
-6.71352
-6.72124
-6.73678
-6.75758
-6.77906
-6.80287
-6.82405
-6.84161
-6.8557
-6.86871
-6.87471
-6.87875
-6.87811
-6.87637
-6.87068
-6.85947
-6.84181
-6.81942
-6.79343
-6.76464
-6.73464
-6.70396
-6.67342
-6.64278
-6.61432
-6.5913
-6.57493
-6.56669
-6.57053
-6.58525
-6.61366
-6.65079
-6.69143
-6.73491
-6.77395
-6.80682
-6.8285
-6.84302
-6.84744
-6.84406
-6.8311
-6.81554
-6.8011
-6.78605
-6.77705
-6.7741
-6.77997
-6.7888
-6.80425
-6.81707
-6.82601
-6.82792
-6.81903
-6.80636
-6.78966
-6.7733
-6.75641
-6.74454
-6.73594
-6.72865
-6.71994
-6.71005
-6.70309
-6.7009
-6.70677
-6.71452
-6.73067
-6.7512
-6.77245
-6.78983
-6.80587
-6.81351
-6.81663
-6.81687
-6.80951
-6.80046
-6.78221
-6.76266
-6.74236
-6.72248
-6.70565
-6.69663
-6.69297
-6.69709
-6.70756
-6.72711
-6.74517
-6.76423
-6.78294
-6.79804
-6.80664
-6.80723
-6.80235
-6.79055
-6.76973
-6.74665
-6.72598
-6.70456
-6.68966
-6.67799
-6.66946
-6.66676
-6.67245
-6.68743
-6.71655
-6.75081
-6.78924
-6.82402
-6.84932
-6.8658
-6.87454
-6.87888
-6.87765
-6.87008
-6.85814
-6.84437
-6.82698
-6.80531
-6.78687
-6.77097
-6.7604
-6.75176
-6.74619
-6.74218
-6.7379
-6.73501
-6.73218
-6.73456
-6.73757
-6.74046
-6.74463
-6.74583
-6.75016
-6.7528
-6.75524
-6.75613
-6.75487
-6.75578
-6.75714
-6.75328
-6.75084
-6.74701
-6.74135
-6.73326
-6.72742
-6.72598
-6.72647
-6.7286
-6.73359
-6.74106
-6.74895
-6.76111
-6.77674
-6.79495
-6.81071
-6.82399
-6.83285
-6.83505
-6.83188
-6.82357
-6.8096
-6.7976
-6.7866
-6.77438
-6.7636
-6.75732
-6.75707
-6.75635
-6.75547
-6.75436
-6.75524
-6.75749
-6.75907
-6.75971
-6.76224
-6.76384
-6.76245
-6.76095
-6.76066
-6.7613
-6.76512
-6.76762
-6.76713
-6.76964
-6.77226
-6.77061
-6.77033
-6.76827
-6.76516
-6.76472
-6.7658
-6.76721
-6.76532
-6.76303
-6.76103
-6.7604
-6.76026
-6.76238
-6.76857
-6.77611
-6.78296
-6.78415
-6.7754
-6.76085
-6.74164
-6.72316
-6.71417
-6.71562
-6.72363
-6.73448
-6.74377
-6.74761
-6.74906
-6.74671
-6.74387
-6.73731
-6.73003
-6.72568
-6.72201
-6.71995
-6.72258
-6.72808
-6.7349
-6.74396
-6.75774
-6.77342
-6.7852
-6.79907
-6.80869
-6.81843
-6.82491
-6.82948
-6.83325
-6.83062
-6.82695
-6.82035
-6.8113
-6.80026
-6.78548
-6.77167
-6.75611
-6.74289
-6.7357
-6.73253
-6.73214
-6.7376
-6.74656
-6.75248
-6.7501
-6.74678
-6.7398
-6.72951
-6.71847
-6.70901
-6.70332
-6.70213
-6.70846
-6.71661
-6.73036
-6.74223
-6.75374
-6.76348
-6.76687
-6.7655
-6.75797
-6.74756
-6.73095
-6.71922
-6.7096
-6.70503
-6.70591
-6.71224
-6.72016
-6.72988
-6.73519
-6.73813
-6.73637
-6.73748
-6.73876
-6.73815
-6.74329
-6.75257
-6.76591
-6.78553
-6.80892
-6.83812
-6.86653
-6.89171
-6.91064
-6.9233
-6.92651
-6.92124
-6.90554
-6.88322
-6.85686
-6.82494
-6.78918
-6.75528
-6.72299
-6.6953
-6.67475
-6.66227
-6.66354
-6.68042
-6.70301
-6.72963
-6.75779
-6.78524
-6.80489
-6.81733
-6.81988
-6.80996
-6.79334
-6.76911
-6.74759
-6.73077
-6.72009
-6.71808
-6.72589
-6.74215
-6.75753
-6.7719
-6.77998
-6.77697
-6.76558
-6.74613
-6.719
-6.69124
-6.66895
-6.65209
-6.6467
-6.65447
-6.67486
-6.70419
-6.74044
-6.78084
-6.81909
-6.85039
-6.87247
-6.8838
-6.88469
-6.86973
-6.84375
-6.81034
-6.77728
-6.74662
-6.72363
-6.7106
-6.71267
-6.72644
-6.74854
-6.77672
-6.80276
-6.83025
-6.85468
-6.86835
-6.87605
-6.87557
-6.86593
-6.84743
-6.8227
-6.79534
-6.76517
-6.7386
-6.71432
-6.69557
-6.68495
-6.68067
-6.68275
-6.68953
-6.7004
-6.71408
-6.73245
-6.75218
-6.77322
-6.78994
-6.80444
-6.81011
-6.80454
-6.79543
-6.77825
-6.75622
-6.73631
-6.71859
-6.7093
-6.70319
-6.70195
-6.70448
-6.70847
-6.71389
-6.71598
-6.72188
-6.72746
-6.73816
-6.7528
-6.77193
-6.79387
-6.81677
-6.83647
-6.85471
-6.867
-6.87468
-6.87521
-6.86956
-6.85449
-6.83436
-6.80586
-6.77714
-6.75066
-6.72873
-6.71044
-6.70121
-6.69571
-6.69378
-6.69854
-6.70273
-6.7083
-6.71704
-6.72394
-6.72909
-6.73537
-6.74139
-6.74611
-6.75247
-6.7538
-6.75309
-6.74972
-6.74475
-6.73796
-6.72808
-6.72271
-6.72159
-6.72187
-6.72846
-6.7441
-6.76217
-6.78001
-6.79909
-6.81596
-6.82804
-6.83512
-6.83787
-6.83368
-6.83072
-6.82934
-6.82993
-6.82997
-6.82489
-6.81581
-6.79919
-6.77745
-6.752
-6.72247
-6.69293
-6.66529
-6.64281
-6.62894
-6.62403
-6.63021
-6.64748
-6.67295
-6.70438
-6.73995
-6.77597
-6.81076
-6.84174
-6.86751
-6.88267
-6.88879
-6.88885
-6.87463
-6.8546
-6.82532
-6.79631
-6.77089
-6.74744
-6.73472
-6.7302
-6.73173
-6.73969
-6.75394
-6.76843
-6.77924
-6.7904
-6.79963
-6.8007
-6.79385
-6.7822
-6.76982
-6.76218
-6.76203
-6.76431
-6.76846
-6.7662
-6.75637
-6.7436
-6.72989
-6.71315
-6.69923
-6.69083
-6.68881
-6.69701
-6.71193
-6.72909
-6.74884
-6.77043
-6.79199
-6.81315
-6.83208
-6.84997
-6.85685
-6.86142
-6.85768
-6.84639
-6.82634
-6.80416
-6.78075
-6.75716
-6.7357
-6.71686
-6.70172
-6.69263
-6.68672
-6.6874
-6.69176
-6.69968
-6.71279
-6.7275
-6.74557
-6.75891
-6.7721
-6.78108
-6.78771
-6.78686
-6.78565
-6.77971
-6.7728
-6.76576
-6.75657
-6.74762
-6.74082
-6.73265
-6.72558
-6.71791
-6.71176
-6.70959
-6.71046
-6.71366
-6.72223
-6.73559
-6.75304
-6.76951
-6.7895
-6.81119
-6.83378
-6.86004
-6.88511
-6.90825
-6.927
-6.93374
-6.932
-6.9217
-6.9051
-6.87969
-6.85282
-6.82234
-6.79519
-6.7697
-6.74749
-6.72841
-6.70902
-6.6935
-6.67511
-6.65588
-6.63951
-6.62877
-6.63201
-6.64426
-6.66195
-6.68163
-6.6996
-6.71076
-6.71597
-6.71178
-6.70289
-6.69184
-6.67911
-6.66953
-6.66597
-6.6679
-6.67753
-6.69438
-6.71934
-6.74698
-6.77523
-6.79859
-6.8228
-6.84474
-6.8613
-6.87164
-6.87527
-6.86933
-6.85547
-6.83805
-6.81779
-6.79629
-6.77799
-6.76694
-6.75867
-6.75854
-6.76383
-6.77196
-6.78195
-7.83013
-7.75606
-7.63511
-7.48538
-7.30768
-7.10915
-6.89767
-6.69558
-6.51725
-6.38288
-6.30005
-6.26956
-6.28246
-6.3273
-6.38482
-6.44341
-6.49608
-6.53756
-6.56684
-6.58173
-6.58431
-6.57797
-6.56427
-6.54874
-6.53124
-6.51366
-6.50278
-6.49858
-6.50368
-6.51813
-6.53962
-6.56753
-6.60053
-6.64179
-6.68391
-6.72432
-6.76363
-6.7973
-6.82269
-6.83893
-6.8456
-6.84551
-6.84519
-6.84316
-6.84562
-6.85231
-6.86485
-6.8791
-6.89109
-6.8957
-6.89499
-6.88662
-6.87199
-6.85303
-6.83087
-6.81071
-6.79231
-6.77812
-6.76865
-6.76003
-6.75109
-6.74176
-6.72997
-6.71719
-6.70356
-6.69523
-6.68879
-6.68886
-6.69318
-6.70195
-6.71239
-6.72508
-6.73818
-6.75065
-6.75707
-6.76686
-6.7732
-6.77921
-6.7857
-6.79151
-6.79888
-6.80816
-6.81853
-6.82791
-6.83946
-6.84792
-6.85243
-6.85376
-6.85023
-6.845
-6.82866
-6.80573
-6.77765
-6.74772
-6.7153
-6.68214
-6.64864
-6.6187
-6.59347
-6.57203
-6.55955
-6.55338
-6.55583
-6.56884
-6.5916
-6.62376
-6.65866
-6.69598
-6.72838
-6.75815
-6.78144
-6.79636
-6.80337
-6.80597
-6.80901
-6.80552
-6.80194
-6.79991
-6.79778
-6.79479
-6.79664
-6.8027
-6.813
-6.82692
-6.84127
-6.85733
-6.8686
-6.87906
-6.88467
-6.88527
-6.8827
-6.88016
-6.87827
-6.87097
-6.86131
-6.84357
-6.82607
-6.80622
-6.78613
-6.76473
-6.74092
-6.72184
-6.7023
-6.6845
-6.67104
-6.65623
-6.6435
-6.63619
-6.63889
-6.65019
-6.66705
-6.69271
-6.71725
-6.74451
-6.77144
-6.79488
-6.8153
-6.83178
-6.84576
-6.85338
-6.85661
-6.85075
-6.83962
-6.82333
-6.79779
-6.76903
-6.7396
-6.71328
-6.69527
-6.69134
-6.69833
-6.71199
-6.73488
-6.75482
-6.77291
-6.7895
-6.79621
-6.79462
-6.78769
-6.7723
-6.75185
-6.73028
-6.70936
-6.69253
-6.68601
-6.69138
-6.70165
-6.71871
-6.73143
-6.73686
-6.73133
-6.71767
-6.70205
-6.6871
-6.67667
-6.67734
-6.68788
-6.70624
-6.72554
-6.74799
-6.77211
-6.79218
-6.81161
-6.82756
-6.84763
-6.86225
-6.87395
-6.88834
-6.89515
-6.89903
-6.89273
-6.88141
-6.86615
-6.84492
-6.82234
-6.8003
-6.78213
-6.76445
-6.75342
-6.74381
-6.74012
-6.73956
-6.74422
-6.74854
-6.75291
-6.75924
-6.76358
-6.76496
-6.76243
-6.75736
-6.74629
-6.7328
-6.71397
-6.69791
-6.68669
-6.68431
-6.68937
-6.70093
-6.71953
-6.7374
-6.75242
-6.76681
-6.77531
-6.77922
-6.77902
-6.77252
-6.76369
-6.75601
-6.74501
-6.73494
-6.72266
-6.71086
-6.69946
-6.69191
-6.6888
-6.6913
-6.6961
-6.70159
-6.70733
-6.71221
-6.71329
-6.71488
-6.72062
-6.72482
-6.73428
-6.74328
-6.75493
-6.76554
-6.77762
-6.78535
-6.79104
-6.79318
-6.79339
-6.78847
-6.78002
-6.76806
-6.75667
-6.74768
-6.74173
-6.73764
-6.7412
-6.74603
-6.75325
-6.76344
-6.77305
-6.78439
-6.79656
-6.80205
-6.80482
-6.80417
-6.79384
-6.7787
-6.76175
-6.74466
-6.73121
-6.72512
-6.72323
-6.72772
-6.73829
-6.74934
-6.76495
-6.77559
-6.78592
-6.79419
-6.80109
-6.80423
-6.79564
-6.78106
-6.75971
-6.73075
-6.69855
-6.66827
-6.64325
-6.62335
-6.61129
-6.60845
-6.61179
-6.62152
-6.63372
-6.6516
-6.66874
-6.67964
-6.69456
-6.70927
-6.72479
-6.74411
-6.76445
-6.78731
-6.81072
-6.82907
-6.84788
-6.85986
-6.8674
-6.8683
-6.86484
-6.85832
-6.85001
-6.83899
-6.82488
-6.81083
-6.79543
-6.77967
-6.76847
-6.76
-6.75597
-6.75251
-6.75696
-6.7655
-6.77864
-6.79329
-6.81267
-6.83273
-6.84863
-6.86105
-6.86707
-6.86622
-6.8577
-6.84243
-6.82271
-6.80253
-6.77634
-6.74848
-6.72367
-6.70017
-6.68304
-6.67264
-6.66868
-6.66716
-6.66963
-6.67897
-6.68871
-6.70257
-6.7134
-6.72714
-6.74151
-6.75484
-6.76397
-6.77118
-6.77175
-6.77202
-6.7668
-6.75841
-6.74518
-6.7329
-6.722
-6.71435
-6.71317
-6.71352
-6.72124
-6.73678
-6.75758
-6.77906
-6.80287
-6.82405
-6.84161
-6.8557
-6.86871
-6.87471
-6.87875
-6.87811
-6.87637
-6.87068
-6.85947
-6.84181
-6.81942
-6.79343
-6.76464
-6.73464
-6.70396
-6.67342
-6.64278
-6.61432
-6.5913
-6.57493
-6.56669
-6.57053
-6.58525
-6.61366
-6.65079
-6.69143
-6.73491
-6.77395
-6.80682
-6.8285
-6.84302
-6.84744
-6.84406
-6.8311
-6.81554
-6.8011
-6.78605
-6.77705
-6.7741
-6.77997
-6.7888
-6.80425
-6.81707
-6.82601
-6.82792
-6.81903
-6.80636
-6.78966
-6.7733
-6.75641
-6.74454
-6.73594
-6.72865
-6.71994
-6.71005
-6.70309
-6.7009
-6.70677
-6.71452
-6.73067
-6.7512
-6.77245
-6.78983
-6.80587
-6.81351
-6.81663
-6.81687
-6.80951
-6.80046
-6.78221
-6.76266
-6.74236
-6.72248
-6.70565
-6.69663
-6.69297
-6.69709
-6.70756
-6.72711
-6.74517
-6.76423
-6.78294
-6.79804
-6.80664
-6.80723
-6.80235
-6.79055
-6.76973
-6.74665
-6.72598
-6.70456
-6.68966
-6.67799
-6.66946
-6.66676
-6.67245
-6.68743
-6.71655
-6.75081
-6.78924
-6.82402
-6.84932
-6.8658
-6.87454
-6.87888
-6.87765
-6.87008
-6.85814
-6.84437
-6.82698
-6.80531
-6.78687
-6.77097
-6.7604
-6.75176
-6.74619
-6.74218
-6.7379
-6.73501
-6.73218
-6.73456
-6.73757
-6.74046
-6.74463
-6.74583
-6.75016
-6.7528
-6.75524
-6.75613
-6.75487
-6.75578
-6.75714
-6.75328
-6.75084
-6.74701
-6.74135
-6.73326
-6.72742
-6.72598
-6.72647
-6.7286
-6.73359
-6.74106
-6.74895
-6.76111
-6.77674
-6.79495
-6.81071
-6.82399
-6.83285
-6.83505
-6.83188
-6.82357
-6.8096
-6.7976
-6.7866
-6.77438
-6.7636
-6.75732
-6.75707
-6.75635
-6.75547
-6.75436
-6.75524
-6.75749
-6.75907
-6.75971
-6.76224
-6.76384
-6.76245
-6.76095
-6.76066
-6.7613
-6.76512
-6.76762
-6.76713
-6.76964
-6.77226
-6.77061
-6.77033
-6.76827
-6.76516
-6.76472
-6.7658
-6.76721
-6.76532
-6.76303
-6.76103
-6.7604
-6.76026
-6.76238
-6.76857
-6.77611
-6.78296
-6.78415
-6.7754
-6.76085
-6.74164
-6.72316
-6.71417
-6.71562
-6.72363
-6.73448
-6.74377
-6.74761
-6.74906
-6.74671
-6.74387
-6.73731
-6.73003
-6.72568
-6.72201
-6.71995
-6.72258
-6.72808
-6.7349
-6.74396
-6.75774
-6.77342
-6.7852
-6.79907
-6.80869
-6.81843
-6.82491
-6.82948
-6.83325
-6.83062
-6.82695
-6.82035
-6.8113
-6.80026
-6.78548
-6.77167
-6.75611
-6.74289
-6.7357
-6.73253
-6.73214
-6.7376
-6.74656
-6.75248
-6.7501
-6.74678
-6.7398
-6.72951
-6.71847
-6.70901
-6.70332
-6.70213
-6.70846
-6.71661
-6.73036
-6.74223
-6.75374
-6.76348
-6.76687
-6.7655
-6.75797
-6.74756
-6.73095
-6.71922
-6.7096
-6.70503
-6.70591
-6.71224
-6.72016
-6.72988
-6.73519
-6.73813
-6.73637
-6.73748
-6.73876
-6.73815
-6.74329
-6.75257
-6.76591
-6.78553
-6.80892
-6.83812
-6.86653
-6.89171
-6.91064
-6.9233
-6.92651
-6.92124
-6.90554
-6.88322
-6.85686
-6.82494
-6.78918
-6.75528
-6.72299
-6.6953
-6.67475
-6.66227
-6.66354
-6.68042
-6.70301
-6.72963
-6.75779
-6.78524
-6.80489
-6.81733
-6.81988
-6.80996
-6.79334
-6.76911
-6.74759
-6.73077
-6.72009
-6.71808
-6.72589
-6.74215
-6.75753
-6.7719
-6.77998
-6.77697
-6.76558
-6.74613
-6.719
-6.69124
-6.66895
-6.65209
-6.6467
-6.65447
-6.67486
-6.70419
-6.74044
-6.78084
-6.81909
-6.85039
-6.87247
-6.8838
-6.88469
-6.86973
-6.84375
-6.81034
-6.77728
-6.74662
-6.72363
-6.7106
-6.71267
-6.72644
-6.74854
-6.77672
-6.80276
-6.83025
-6.85468
-6.86835
-6.87605
-6.87557
-6.86593
-6.84743
-6.8227
-6.79534
-6.76517
-6.7386
-6.71432
-6.69557
-6.68495
-6.68067
-6.68275
-6.68953
-6.7004
-6.71408
-6.73245
-6.75218
-6.77322
-6.78994
-6.80444
-6.81011
-6.80454
-6.79543
-6.77825
-6.75622
-6.73631
-6.71859
-6.7093
-6.70319
-6.70195
-6.70448
-6.70847
-6.71389
-6.71598
-6.72188
-6.72746
-6.73816
-6.7528
-6.77193
-6.79387
-6.81677
-6.83647
-6.85471
-6.867
-6.87468
-6.87521
-6.86956
-6.85449
-6.83436
-6.80586
-6.77714
-6.75066
-6.72873
-6.71044
-6.70121
-6.69571
-6.69378
-6.69854
-6.70273
-6.7083
-6.71704
-6.72394
-6.72909
-6.73537
-6.74139
-6.74611
-6.75247
-6.7538
-6.75309
-6.74972
-6.74475
-6.73796
-6.72808
-6.72271
-6.72159
-6.72187
-6.72846
-6.7441
-6.76217
-6.78001
-6.79909
-6.81596
-6.82804
-6.83512
-6.83787
-6.83368
-6.83072
-6.82934
-6.82993
-6.82997
-6.82489
-6.81581
-6.79919
-6.77745
-6.752
-6.72247
-6.69293
-6.66529
-6.64281
-6.62894
-6.62403
-6.63021
-6.64748
-6.67295
-6.70438
-6.73995
-6.77597
-6.81076
-6.84174
-6.86751
-6.88267
-6.88879
-6.88885
-6.87463
-6.8546
-6.82532
-6.79631
-6.77089
-6.74744
-6.73472
-6.7302
-6.73173
-6.73969
-6.75394
-6.76843
-6.77924
-6.7904
-6.79963
-6.8007
-6.79385
-6.7822
-6.76982
-6.76218
-6.76203
-6.76431
-6.76846
-6.7662
-6.75637
-6.7436
-6.72989
-6.71315
-6.69923
-6.69083
-6.68881
-6.69701
-6.71193
-6.72909
-6.74884
-6.77043
-6.79199
-6.81315
-6.83208
-6.84997
-6.85685
-6.86142
-6.85768
-6.84639
-6.82634
-6.80416
-6.78075
-6.75716
-6.7357
-6.71686
-6.70172
-6.69263
-6.68672
-6.6874
-6.69176
-6.69968
-6.71279
-6.7275
-6.74557
-6.75891
-6.7721
-6.78108
-6.78771
-6.78686
-6.78565
-6.77971
-6.7728
-6.76576
-6.75657
-6.74762
-6.74082
-6.73265
-6.72558
-6.71791
-6.71176
-6.70959
-6.71046
-6.71366
-6.72223
-6.73559
-6.75304
-6.76951
-6.7895
-6.81119
-6.83378
-6.86004
-6.88511
-6.90825
-6.927
-6.93374
-6.932
-6.9217
-6.9051
-6.87969
-6.85282
-6.82234
-6.79519
-6.7697
-6.74749
-6.72841
-6.70902
-6.6935
-6.67511
-6.65588
-6.63951
-6.62877
-6.63201
-6.64426
-6.66195
-6.68163
-6.6996
-6.71076
-6.71597
-6.71178
-6.70289
-6.69184
-6.67911
-6.66953
-6.66597
-6.6679
-6.67753
-6.69438
-6.71934
-6.74698
-6.77523
-6.79859
-6.8228
-6.84474
-6.8613
-6.87164
-6.87527
-6.86933
-6.85547
-6.83805
-6.81779
-6.79629
-6.77799
-6.76694
-6.75867
-6.75854
-6.76383
-6.77196
-6.78195
-6.78266
-6.7564
-6.70201
-6.62597
-6.53624
-6.43593
-6.34048
-6.25511
-6.1851
-6.13827
-6.11369
-6.1129
-6.12399
-6.14261
-6.16134
-6.17577
-6.18469
-6.19073
-6.19747
-6.20555
-6.21499
-6.22229
-6.22382
-6.22489
-6.22963
-6.24124
-6.25968
-6.28124
-6.29667
-6.29948
-6.29621
-6.29032
-6.28769
-6.29061
-6.29948
-6.30731
-6.31759
-6.32726
-6.3384
-6.35687
-6.37422
-6.38769
-6.39072
-6.37928
-6.35951
-6.33112
-6.2997
-6.27651
-6.2622
-6.26008
-6.26669
-6.27761
-6.29184
-6.30667
-6.3184
-6.32766
-6.32673
-6.31821
-6.30499
-6.28989
-6.28067
-6.28426
-6.29651
-6.31339
-6.33452
-6.3523
-6.35854
-6.35499
-6.34068
-6.32449
-6.30786
-6.30292
-6.31131
-6.33148
-6.36037
-6.39099
-6.42266
-6.44732
-6.47044
-6.48945
-6.50682
-6.51301
-6.50737
-6.48827
-6.44996
-6.39317
-6.32674
-6.25522
-6.18966
-6.13394
-6.0916
-6.06334
-6.04418
-6.0286
-6.01811
-6.01346
-6.01908
-6.03504
-6.06241
-6.09518
-6.12994
-6.16235
-6.18983
-6.2161
-6.24044
-6.26448
-6.29176
-6.3156
-6.33351
-6.34346
-6.34753
-6.34087
-6.33127
-6.31732
-6.30148
-6.28715
-6.276
-6.26838
-6.26562
-6.26873
-6.27545
-6.28552
-6.30579
-6.33417
-6.36773
-6.40179
-6.42803
-6.44661
-6.45451
-6.44985
-6.42822
-6.39985
-6.3745
-6.34975
-6.3378
-6.33982
-6.35358
-6.36806
-6.37986
-6.38297
-6.3771
-6.36698
-6.35059
-6.33992
-6.34195
-6.35408
-6.3764
-6.40032
-6.41793
-6.42806
-6.4234
-6.40859
-6.38169
-6.3511
-6.31927
-6.28997
-6.26592
-6.25119
-6.23825
-6.22905
-6.22046
-6.2054
-6.18569
-6.16546
-6.14657
-6.13369
-6.13004
-6.13683
-6.15569
-6.18118
-6.21134
-6.23737
-6.25507
-6.25957
-6.25183
-6.23634
-6.21134
-6.18914
-6.17122
-6.1643
-6.16909
-6.18238
-6.20121
-6.22328
-6.24569
-6.27328
-6.30479
-6.34344
-6.37981
-6.41447
-6.44292
-6.45419
-6.448
-6.42039
-6.37326
-6.31529
-6.256
-6.21446
-6.19905
-6.20936
-6.23695
-6.27791
-6.31911
-6.35918
-6.39516
-6.42086
-6.43102
-6.4275
-6.40955
-6.3872
-6.36064
-6.33679
-6.33186
-6.34181
-6.36539
-6.39669
-6.43659
-6.47306
-6.50639
-6.52654
-6.52791
-6.51763
-6.49152
-6.44931
-6.4002
-6.34995
-6.30577
-6.27498
-6.25757
-6.25081
-6.25004
-6.2483
-6.23961
-6.22882
-6.21877
-6.20544
-6.1962
-6.18678
-6.17739
-6.16562
-6.15429
-6.1444
-6.14183
-6.14168
-6.14896
-6.16117
-6.17618
-6.18892
-6.19824
-6.20498
-6.21237
-6.22503
-6.24044
-6.25847
-6.28147
-6.306
-6.3277
-6.34666
-6.3611
-6.37988
-6.39743
-6.40965
-6.41986
-6.42452
-6.41652
-6.39211
-6.35533
-6.30239
-6.24779
-6.19876
-6.16662
-6.15381
-6.16289
-6.18832
-6.2234
-6.2608
-6.29774
-6.32616
-6.35217
-6.36759
-6.37747
-6.38438
-6.38716
-6.38925
-6.39146
-6.38757
-6.38563
-6.3809
-6.37257
-6.36517
-6.35949
-6.35346
-6.34409
-6.33129
-6.31524
-6.28949
-6.26284
-6.23213
-6.20307
-6.18175
-6.16922
-6.16589
-6.1686
-6.17309
-6.17655
-6.18
-6.18423
-6.19162
-6.20356
-6.22203
-6.2496
-6.28368
-6.3187
-6.34931
-6.37392
-6.38843
-6.39568
-6.38742
-6.3652
-6.32955
-6.28839
-6.24803
-6.21944
-6.20836
-6.21229
-6.22606
-6.24103
-6.25493
-6.26471
-6.27522
-6.28787
-6.31144
-6.34807
-6.3929
-6.43439
-6.45756
-6.46028
-6.44127
-6.40658
-6.35944
-6.30629
-6.2553
-6.20894
-6.17235
-6.15565
-6.15862
-6.17818
-6.21334
-6.25855
-6.30637
-6.35031
-6.38188
-6.4008
-6.40141
-6.38572
-6.35333
-6.3123
-6.27253
-6.23995
-6.22446
-6.22814
-6.24659
-6.2773
-6.31458
-6.35268
-6.38787
-6.41984
-6.44832
-6.47068
-6.48172
-6.48256
-6.47013
-6.44739
-6.41522
-6.37676
-6.33369
-6.29238
-6.25753
-6.23407
-6.22292
-6.22443
-6.2368
-6.25566
-6.27822
-6.30557
-6.32797
-6.34064
-6.33998
-6.33509
-6.32327
-6.31179
-6.29264
-6.26257
-6.22869
-6.19219
-6.16006
-6.14248
-6.13776
-6.14549
-6.16442
-6.19069
-6.21482
-6.23655
-6.24974
-6.26257
-6.2747
-6.28445
-6.2938
-6.29917
-6.29826
-6.29302
-6.27933
-6.26596
-6.25297
-6.25003
-6.25847
-6.27045
-6.28436
-6.30306
-6.32121
-6.33934
-6.35584
-6.36726
-6.36827
-6.36249
-6.35655
-6.35374
-6.36048
-6.37011
-6.38258
-6.38946
-6.3843
-6.37166
-6.34973
-6.32752
-6.30411
-6.28697
-6.27407
-6.2697
-6.27286
-6.28329
-6.30146
-6.32576
-6.35563
-6.38717
-6.41736
-6.44039
-6.45114
-6.45227
-6.43967
-6.41564
-6.38624
-6.35915
-6.33743
-6.32579
-6.3188
-6.31968
-6.31994
-6.31782
-6.31168
-6.29787
-6.27994
-6.2563
-6.23209
-6.21122
-6.19718
-6.18509
-6.17795
-6.17161
-6.1656
-6.15745
-6.14867
-6.14133
-6.13364
-6.13411
-6.14902
-6.1827
-6.2307
-6.28606
-6.3393
-6.38247
-6.41448
-6.43587
-6.44885
-6.44827
-6.43799
-6.41835
-6.39184
-6.36707
-6.34643
-6.33291
-6.32863
-6.32935
-6.334
-6.3412
-6.34344
-6.3459
-6.34715
-6.35234
-6.35405
-6.34929
-6.34083
-6.32532
-6.29757
-6.26318
-6.22952
-6.19788
-6.17988
-6.17363
-6.18569
-6.21822
-6.26243
-6.31121
-6.35139
-6.37842
-6.39201
-6.38958
-6.37384
-6.35405
-6.32665
-6.29863
-6.27128
-6.25305
-6.2406
-6.2325
-6.23168
-6.23736
-6.24176
-6.24454
-6.24814
-6.24948
-6.25111
-6.24674
-6.2372
-6.22052
-6.20062
-6.18438
-6.17737
-6.18352
-6.19644
-6.21657
-6.23206
-6.24672
-6.26004
-6.26465
-6.26869
-6.26924
-6.26883
-6.2684
-6.27077
-6.27662
-6.28612
-6.29853
-6.31434
-6.3295
-6.34833
-6.3637
-6.37428
-6.38258
-6.3877
-6.38511
-6.38124
-6.3738
-6.36855
-6.364
-6.36567
-6.37054
-6.38251
-6.3987
-6.41557
-6.43521
-6.44902
-6.45743
-6.45832
-6.45252
-6.4403
-6.41958
-6.39061
-6.35301
-6.30783
-6.25915
-6.21304
-6.174
-6.14624
-6.13379
-6.13479
-6.1496
-6.17303
-6.2004
-6.22849
-6.2615
-6.28848
-6.31275
-6.32776
-6.33675
-6.34039
-6.3372
-6.33285
-6.33026
-6.32821
-6.3235
-6.31349
-6.30249
-6.28874
-6.27267
-6.26307
-6.25494
-6.24681
-6.23779
-6.22959
-6.22358
-6.22255
-6.22521
-6.23467
-6.2489
-6.27048
-6.29126
-6.31265
-6.33049
-6.34367
-6.35679
-6.36459
-6.37199
-6.37326
-6.37405
-6.37147
-6.36544
-6.3563
-6.34517
-6.33681
-6.32947
-6.32204
-6.32063
-6.31814
-6.31835
-6.31953
-6.32071
-6.31947
-6.32021
-6.322
-6.32592
-6.32443
-6.31611
-6.29995
-6.27604
-6.25069
-6.2198
-6.19198
-6.17172
-6.16171
-6.15859
-6.16441
-6.17364
-6.1831
-6.19284
-6.19769
-6.20212
-6.20283
-6.20713
-6.21416
-6.22767
-6.2459
-6.26881
-6.29495
-6.31969
-6.34413
-6.36282
-6.36751
-6.35742
-6.33092
-6.29053
-6.24993
-6.21377
-6.19201
-6.18832
-6.20151
-6.22932
-6.27076
-6.31913
-6.36787
-6.40949
-6.44554
-6.46988
-6.47919
-6.47328
-6.45338
-6.42284
-6.38204
-6.33414
-6.28713
-6.24275
-6.2099
-6.18462
-6.17389
-6.16923
-6.17345
-6.17745
-6.18618
-6.20133
-6.22212
-6.2524
-6.29197
-6.33443
-6.37698
-6.41693
-6.44841
-6.46578
-6.46764
-6.45201
-6.4239
-6.38871
-6.34626
-6.30171
-6.26488
-6.23288
-6.21221
-6.20299
-6.19944
-6.20455
-6.2133
-6.22312
-6.23694
-6.24824
-6.25558
-6.25795
-6.2574
-6.25644
-6.2534
-6.24941
-6.24822
-6.25233
-6.25672
-6.26166
-6.27183
-6.28268
-6.29541
-6.3082
-6.31787
-6.32549
-6.33087
-6.33271
-6.33125
-6.32459
-6.31421
-6.30353
-6.29472
-6.29105
-6.29554
-6.30801
-6.33033
-6.35769
-6.39105
-6.42722
-6.45974
-6.4858
-6.5051
-6.517
-6.51447
-6.50337
-6.48416
-6.45083
-6.40419
-6.34742
-6.27877
-6.20512
-6.13701
-6.08263
-6.05942
-6.06566
-6.0982
-6.14016
-6.18208
-6.21414
-6.23051
-6.23209
-6.22204
-6.20919
-6.20091
-6.19934
-6.20428
-6.21666
-6.23145
-6.24689
-6.26354
-6.28574
-6.30561
-6.336
-6.36763
-6.40183
-6.43167
-6.4511
-6.45839
-6.45772
-6.44608
-6.42419
-6.3976
-6.36612
-6.33503
-6.30706
-6.28827
-6.28674
-6.30003
-6.32754
-6.35992
-6.39318
-6.41722
-6.42579
-6.41345
-6.38437
-6.34121
-6.29033
-6.23894
-6.19502
-6.17004
-6.16653
-6.18898
-6.23603
-6.29645
-6.36006
-6.41511
-6.45346
-6.46904
-6.46512
-6.44162
-6.40116
-6.35267
-6.30068
-6.25332
-6.20993
-6.18001
-6.16547
-6.17412
-6.2083
-6.2616
-6.32568
-6.37919
-6.41438
-6.42182
-6.40104
-6.35577
-6.29498
-6.22668
-6.16643
-6.12252
-6.1015
-6.09865
-6.11203
-6.13803
-6.17127
-6.21239
-6.25177
-6.29177
-6.32214
-6.34538
-6.35871
-6.3644
-6.36669
-6.36145
-6.35432
-6.33924
-6.32033
-6.30329
-6.27946
-6.2541
-6.22654
-6.19674
-6.17042
-6.14806
-6.13842
-6.14629
-6.17128
-6.21509
-6.26926
-6.32295
-6.36907
-6.40055
-6.41692
-6.41841
-6.41018
-6.39473
-6.38099
-6.36715
-6.35452
-6.34406
-6.33223
-6.32494
-6.3155
-6.30228
-6.28501
-6.26818
-6.25222
-6.23584
-6.21782
-6.20244
-6.19179
-6.18588
-6.18793
-6.19698
-6.20872
-6.22361
-6.2396
-6.25299
-6.26427
-6.27315
-6.28622
-6.29902
-6.31471
-6.33277
-6.34696
-6.35852
-6.36867
-6.38001
-6.39094
-6.40264
-6.41331
-6.4298
-6.44878
-6.46288
-6.47073
-6.47174
-6.46019
-6.4388
-6.41558
-6.38876
-6.36342
-6.34262
-6.32704
-6.31878
-6.31602
-6.31024
-6.2976
-6.27671
-6.24899
-6.21667
-6.1931
-6.17602
-6.16989
-6.17556
-6.19197
-6.21131
-6.22943
-6.24195
-6.24997
-6.25196
-6.24992
-6.2427
-6.23556
-6.23015
-6.23085
-6.23578
-6.24353
-6.255
-6.26662
-6.27608
-6.29214
-6.30515
-6.31917
-6.32619
-6.32386
-6.31717
-6.3073
-6.29687
-6.28935
-6.29401
-6.3018
-6.3121
-6.31926
-6.31548
-6.30214
-6.28097
-6.25003
-6.21405
-6.18457
-6.16426
-6.1627
-6.17894
-6.2133
-6.25632
-6.30158
-6.34611
-6.38467
-6.41865
-6.44751
-6.47628
-6.499
-6.51389
-6.51463
-6.49895
-6.47544
-6.44922
-6.42054
-6.38954
-6.35244
-6.30714
-6.26038
-6.2137
-6.17281
-6.14761
-6.13992
-6.14782
