-5.7466
-5.72904
-5.70353
-5.68639
-5.67436
-5.66691
-5.65964
-5.65812
-5.65754
-5.66068
-5.66438
-5.66832
-5.67142
-5.67563
-5.67649
-5.67525
-5.67428
-5.67363
-5.67423
-5.67334
-5.67135
-5.66959
-5.6674
-5.66804
-5.66866
-5.66799
-5.66956
-5.6707
-5.67256
-5.67503
-5.67643
-5.6771
-5.67668
-5.67967
-5.68049
-5.67909
-5.67901
-5.67865
-5.67778
-5.67686
-5.6751
-5.67329
-5.67476
-5.67432
-5.67509
-5.67525
-5.67689
-5.67821
-5.67855
-5.67601
-5.67493
-5.67385
-5.67356
-5.67388
-5.67288
-5.6728
-5.67125
-5.67
-5.67025
-5.66967
-5.66892
-5.66936
-5.66949
-5.67006
-5.66956
-5.67187
-5.67172
-5.67289
-5.67334
-5.67431
-5.67448
-5.6758
-5.67768
-5.67984
-5.67713
-5.67896
-5.67825
-5.67759
-5.6773
-5.67576
-5.67489
-5.67498
-5.67536
-5.67439
-5.67593
-5.67573
-5.67411
-5.67303
-5.67186
-5.67452
-5.67198
-5.6688
-5.66603
-5.66597
-5.66642
-5.66709
-5.66633
-5.66636
-5.66713
-5.66672
-5.66904
-5.6699
-5.67022
-5.67121
-5.67243
-5.67504
-5.67507
-5.67569
-5.67336
-5.67367
-5.67482
-5.67538
-5.67479
-5.67473
-5.67809
-5.67637
-5.67534
-5.67629
-5.67701
-5.67559
-5.67627
-5.67706
-5.67749
-5.67778
-5.67656
-5.67738
-5.67576
-5.67698
-5.67726
-5.67598
-5.67415
-5.67429
-5.67699
-5.67671
-5.67731
-5.67368
-5.674
-5.67476
-5.67665
-5.67707
-5.67368
-5.67321
-5.67074
-5.66917
-5.6715
-5.67136
-5.67048
-5.66982
-5.67192
-5.67436
-5.67472
-5.67808
-5.67698
-5.67761
-5.67876
-5.67849
-5.67816
-5.67745
-5.67831
-5.67749
-5.67756
-5.67464
-5.67329
-5.67389
-5.67171
-5.67077
-5.67025
-5.66953
-5.66951
-5.67292
-5.67594
-5.67608
-5.67937
-5.67774
-5.67608
-5.67774
-5.67634
-5.67455
-5.67541
-5.6748
-5.67412
-5.67442
-5.67409
-5.67285
-5.67351
-5.67582
-5.67421
-5.67553
-5.67526
-5.6756
-5.67468
-5.67346
-5.67373
-5.67287
-5.67041
-5.67064
-5.67238
-5.67519
-5.67453
-5.67495
-5.67683
-5.67572
-5.67555
-5.67347
-5.6769
-5.67612
-5.67398
-5.67693
-5.67584
-5.67688
-5.67396
-5.67266
-5.67343
-5.67248
-5.6721
-5.67191
-5.67349
-5.67225
-5.67365
-5.67213
-5.6725
-5.67277
-5.67589
-5.67699
-5.67706
-5.67868
-5.67888
-5.67797
-5.6763
-5.67618
-5.67447
-5.67416
-5.67054
-5.66886
-5.66783
-5.66863
-5.66877
-5.66837
-5.67058
-5.67087
-5.66993
-5.67207
-5.67318
-5.67466
-5.67623
-5.67468
-5.67289
-5.67373
-5.67262
-5.67379
-5.67374
-5.67414
-5.67341
-5.67346
-5.67388
-5.67587
-5.67707
-5.67745
-5.67805
-5.67859
-5.67626
-5.67468
-5.67643
-5.675
-5.67682
-5.67634
-5.67709
-5.67614
-5.67701
-5.67515
-5.67416
-5.67342
-5.67495
-5.67525
-5.67502
-5.67298
-5.67175
-5.67163
-5.67194
-5.67069
-5.67333
-5.67367
-5.67329
-5.67349
-5.67163
-5.67125
-5.67298
-5.67097
-5.67077
-5.67277
-5.67092
-5.66923
-5.66873
-5.66852
-5.66955
-5.67306
-5.67437
-5.67562
-5.67767
-5.6769
-5.67952
-5.67749
-5.67636
-5.67514
-5.6757
-5.67738
-5.67404
-5.67258
-5.67218
-5.6704
-5.66865
-5.66854
-5.67004
-5.67043
-5.67093
-5.67239
-5.67215
-5.67173
-5.66944
-5.67109
-5.67257
-5.66949
-5.67169
-5.67344
-5.67403
-5.67533
-5.67461
-5.67468
-5.67552
-5.67357
-5.67603
-5.67649
-5.67761
-5.67685
-5.67583
-5.67519
-5.67559
-5.67568
-5.67484
-5.67569
-5.676
-5.67547
-5.67768
-5.67936
-5.68114
-5.67843
-5.67831
-5.67717
-5.67626
-5.67359
-5.67398
-5.67517
-5.67421
-5.67372
-5.67243
-5.67107
-5.66936
-5.66804
-5.66847
-5.67299
-5.67385
-5.67301
-5.673
-5.67053
-5.66973
-5.67057
-5.6727
-5.67223
-5.67104
-5.6727
-5.67165
-5.67276
-5.66989
-5.66986
-5.67106
-5.6725
-5.67191
-5.67252
-5.67046
-5.67261
-5.67352
-5.67456
-5.67253
-5.67162
-5.67084
-5.67084
-5.67355
-5.67281
-5.67344
-5.67566
-5.67773
-5.67698
-5.67758
-5.67701
-5.67598
-5.67556
-5.6781
-5.67713
-5.67717
-5.67528
-5.67527
-5.67515
-5.6743
-5.67246
-5.67129
-5.67121
-5.67163
-5.67251
-5.67289
-5.67239
-5.67001
-5.66738
-5.66683
-5.6678
-5.66907
-5.67158
-5.67223
-5.6743
-5.67568
-5.67531
-5.67682
-5.67668
-5.67627
-5.67279
-5.67149
-5.66988
-5.66968
-5.66744
-5.66745
-5.67009
-5.67014
-5.67139
-5.67209
-5.67468
-5.6745
-5.67758
-5.67802
-5.67814
-5.67771
-5.67434
-5.67437
-5.67507
-5.67711
-5.6762
-5.676
-5.67529
-5.67434
-5.67259
-5.6709
-5.67175
-5.67389
-5.67758
-5.67513
-5.67407
-5.67331
-5.67284
-5.67116
-5.67261
-5.67079
-5.66963
-5.67073
-5.66954
-5.67195
-5.66991
-5.67
-5.67065
-5.67057
-5.67006
-5.67197
-5.67267
-5.67402
-5.67498
-5.67934
-5.67831
-5.67671
-5.67581
-5.67499
-5.67364
-5.67186
-5.6727
-5.67398
-5.67192
-5.67078
-5.67249
-5.67149
-5.67351
-5.67459
-5.67441
-5.67472
-5.67594
-5.6764
-5.68001
-5.68028
-5.68155
-5.68197
-5.67986
-5.6774
-5.67506
-5.67481
-5.67432
-5.67224
-5.67047
-5.67136
-5.67207
-5.67009
-5.67061
-5.67096
-5.67295
-5.67328
-5.67383
-5.67399
-5.67249
-5.6713
-5.66914
-5.67118
-5.67289
-5.67361
-5.67496
-5.67303
-5.6743
-5.67424
-5.67451
-5.67381
-5.67149
-5.67205
-5.67417
-5.6727
-5.67446
-5.6763
-5.67694
-5.67476
-5.67363
-5.67512
-5.67634
-5.67661
-5.6769
-5.67685
-5.67451
-5.67408
-5.67521
-5.67784
-5.67836
-5.67866
-5.6788
-5.67787
-5.67762
-5.67749
-5.6753
-5.67657
-5.67832
-5.67695
-5.67432
-5.67331
-5.67579
-5.67594
-5.67473
-5.67253
-5.67162
-5.67165
-5.67097
-5.66991
-5.67175
-5.67362
-5.67296
-5.67203
-5.67177
-5.67183
-5.67448
-5.67519
-5.67232
-5.67229
-5.67313
-5.67132
-5.67277
-5.67369
-5.67345
-5.67458
-5.67568
-5.67634
-5.67427
-5.67316
-5.67344
-5.67485
-5.6748
-5.67385
-5.67378
-5.67348
-5.67381
-5.67316
-5.67007
-5.66933
-5.66941
-5.66954
-5.67182
-5.67439
-5.67586
-5.6775
-5.67886
-5.67787
-5.67787
-5.67697
-5.67776
-5.67635
-5.67502
-5.67641
-5.67696
-5.67632
-5.67671
-5.67611
-5.67348
-5.67074
-5.67146
-5.67372
-5.67237
-5.67388
-5.67243
-5.67288
-5.67231
-5.67236
-5.67435
-5.67277
-5.67312
-5.67348
-5.67418
-5.67527
-5.67447
-5.67571
-5.67516
-5.67513
-5.67724
-5.67783
-5.67544
-5.67474
-5.6763
-5.67663
-5.67261
-5.67245
-5.67305
-5.6732
-5.67327
-5.67322
-5.67334
-5.67319
-5.67562
-5.67537
-5.67726
-5.67539
-5.67359
-5.67313
-5.67184
-5.67247
-5.67322
-5.6755
-5.67324
-5.6745
-5.67401
-5.67327
-5.67249
-5.67281
-5.67257
-5.67437
-5.67379
-5.67353
-5.67077
-5.67202
-5.67339
-5.67163
-5.67323
-5.67529
-5.67648
-5.67834
-5.67878
-5.68159
-5.68279
-5.68306
-5.6821
-5.68196
-5.68076
-5.67988
-5.67711
-5.67545
-5.67591
-5.67496
-5.67227
-5.67168
-5.67128
-5.6718
-5.67268
-5.67129
-5.67096
-5.674
-5.67368
-5.67292
-5.6734
-5.67619
-5.6768
-5.67788
-5.67822
-5.67567
-5.67494
-5.67232
-5.67375
-5.6763
-5.67723
-5.67695
-5.67711
-5.67917
-5.67789
-5.67747
-5.67669
-5.67374
-5.67272
-5.67318
-5.67273
-5.67378
-5.67699
-5.67738
-5.67767
-5.67829
-5.67942
-5.67932
-5.67888
-5.67902
-5.67773
-5.67471
-5.67167
-5.67002
-5.67155
-5.67062
-5.66999
-5.6695
-5.67182
-5.6734
-5.67445
-5.67378
-5.67535
-5.67702
-5.67834
-5.68061
-5.679
-5.68003
-5.68179
-5.67881
-5.67764
-5.67707
-5.67621
-5.67451
-5.67301
-5.67306
-5.67177
-5.67271
-5.67193
-5.67094
-5.67159
-5.6722
-5.67339
-5.67419
-5.6746
-5.67398
-5.6749
-5.67504
-5.67595
-5.67433
-5.67502
-5.67389
-5.67009
-5.67126
-5.67106
-5.66961
-5.67014
-5.66934
-5.67126
-5.67022
-5.669
-5.66854
-5.66855
-5.67041
-5.66971
-5.67273
-5.67338
-5.67487
-5.67478
-5.67421
-5.67368
-5.67418
-5.67385
-5.67572
-5.67591
-5.67635
-5.6754
-5.675
-5.67263
-5.67231
-5.66901
-5.66797
-5.66824
-5.66908
-5.66777
-5.66933
-5.66917
-5.66825
-5.67078
-5.67061
-5.67067
-5.67359
-5.67485
-5.67453
-5.67521
-5.67524
-5.67391
-5.67506
-5.67318
-5.67221
-5.67188
-5.67293
-5.6741
-5.67256
-5.67381
-5.67558
-5.67354
-5.67216
-5.67458
-5.67525
-5.67312
-5.67202
-5.6713
-5.67072
-5.6711
-5.67231
-5.66956
-5.66864
-5.66842
-5.66941
-5.67052
-5.66945
-5.66949
-5.6685
-5.66887
-5.67073
-5.67153
-5.67263
-5.67305
-5.67311
-5.6737
-5.67344
-5.67383
-5.6754
-5.67677
-5.67791
-5.67945
-5.6801
-5.68052
-5.68039
-5.68068
-5.67817
-5.67618
-5.6784
-5.67618
-5.67645
-5.67315
-5.67246
-5.67407
-5.67307
-5.67579
-5.67856
-5.67933
-5.6796
-5.68125
-5.6807
-5.67666
-5.67563
-5.67734
-5.677
-5.67539
-5.67437
-5.67418
-5.67509
-5.67701
-5.67687
-5.67915
-5.67956
-5.67806
-5.67806
-5.67927
-5.67716
-5.67528
-5.67422
-5.67329
-5.6756
-5.67812
-5.67787
-5.67711
-5.67684
-5.67647
-5.67664
-5.67668
-5.67916
-5.67567
-5.67626
-5.67584
-5.67515
-5.67201
-5.67134
-5.67188
-5.67231
-5.67292
-5.67268
-5.67183
-5.67259
-5.67234
-5.67469
-5.67645
-5.67695
-5.67772
-5.67636
-5.677
-5.67416
-5.67441
-5.67462
-5.67679
-5.67545
-5.6771
-5.67657
-5.67677
-5.6777
-5.67673
-5.6758
-5.6765
-5.67526
-5.67465
-5.67308
-5.67224
-5.67347
-5.67451
-5.67366
-5.67376
-5.67475
-5.67693
-5.67612
-5.67726
-5.67841
-5.67859
-5.68095
-5.68185
-5.68279
-5.68411
-5.68068
-5.67779
-5.67589
-5.6764
-5.67489
-5.67595
-5.67438
-5.67464
-5.67338
-5.67178
-5.67039
-5.6672
-5.66808
-5.6673
-5.66637
-5.66644
-5.66628
-5.67058
-5.67347
-5.674
-5.67367
-5.67386
-5.67315
-5.67401
-5.67271
-5.67228
-5.67277
-5.67191
-5.67194
-5.67347
-5.67418
-5.67525
-5.67625
-5.67934
-5.68121
-5.68221
-5.67884
-5.67825
-5.67853
-5.6777
-5.6764
-5.67561
-5.67348
-5.67144
-5.67224
-5.6737
-5.67389
-5.67403
-5.67595
-5.67431
-5.67485
-5.67592
-5.67621
-5.67605
-4.67845
-4.67531
-4.67115
-4.66851
-4.66861
-4.66605
-4.66728
-4.66926
-4.67024
-4.67289
-4.67423
-4.67803
-4.67848
-4.67912
-4.67951
-4.67964
-4.67949
-4.67996
-4.6814
-4.68197
-4.68231
-4.68198
-4.67994
-4.68022
-4.68177
-4.68238
-4.68138
-4.68085
-4.67991
-4.6769
-4.67665
-4.67642
-4.67628
-4.67617
-4.67748
-4.67561
-4.6762
-4.67657
-4.67659
-4.67964
-4.67866
-4.67726
-4.67566
-4.67302
-4.67427
-4.67451
-4.67254
-4.67307
-4.67254
-4.67353
-4.67456
-4.6743
-4.67474
-4.67562
-4.6753
-4.67697
-4.67551
-4.67473
-4.67535
-4.67468
-4.67422
-4.67689
-4.67812
-4.67667
-4.67721
-4.67814
-4.67642
-4.67626
-4.67546
-4.67792
-4.6776
-4.67949
-4.68121
-4.68169
-4.68196
-4.68042
-4.68082
-4.67751
-4.67676
-4.67629
-4.67954
-4.67925
-4.67826
-4.67856
-4.67682
-4.67308
-4.6719
-4.67056
-4.67194
-4.67319
-4.67427
-4.6761
-4.67717
-4.67625
-4.67696
-4.67833
-4.68076
-4.68135
-4.68198
-4.68078
-4.67974
-4.67871
-4.67698
-4.67769
-4.67799
-4.67745
-4.67939
-4.67911
-4.67721
-4.67446
-4.67425
-4.67154
-4.67262
-4.67363
-4.67429
-4.67519
-4.67592
-4.67574
-4.67585
-4.67757
-4.67839
-4.67681
-4.67794
-4.67929
-4.68026
-4.68074
-4.67747
-4.67539
-4.67527
-4.67708
-4.675
-4.67453
-4.67837
-4.67673
-4.67642
-4.677
-4.67903
-4.67773
-4.67705
-4.67636
-4.67673
-4.68016
-4.67905
-4.67888
-4.68136
-4.68186
-4.68287
-4.68185
-4.67848
-4.67787
-4.67586
-4.67664
-4.67522
-4.67585
-4.67687
-4.67825
-4.6793
-4.68173
-4.67872
-4.67617
-4.67608
-4.67456
-4.67323
-4.67352
-4.67385
-4.67519
-4.6772
-4.67839
-4.68009
-4.67972
-4.68068
-4.6804
-4.68
-4.67809
-4.67656
-4.67797
-4.67605
-4.67702
-4.67657
-4.67733
-4.679
-4.68007
-4.68081
-4.68168
-4.68065
-4.6814
-4.68126
-4.68358
-4.68133
-4.67953
-4.67937
-4.67604
-4.67455
-4.67365
-4.67328
-4.67403
-4.67236
-4.67321
-4.67556
-4.67789
-4.67777
-4.68004
-4.67909
-4.67898
-4.68078
-4.6819
-4.68018
-4.67908
-4.67666
-4.6787
-4.6786
-4.67538
-4.67851
-4.68047
-4.68083
-4.67803
-4.67913
-4.67833
-4.68129
-4.68197
-4.67757
-4.67696
-4.67611
-4.67299
-4.67211
-4.67203
-4.67204
-4.67343
-4.67439
-4.67518
-4.67697
-4.67832
-4.6763
-4.67571
-4.67732
-4.67487
-4.67527
-4.67551
-4.67698
-4.67725
-4.67771
-4.67739
-4.68018
-4.67953
-4.67982
-4.67985
-4.68081
-4.68115
-4.68146
-4.68167
-4.68221
-4.68462
-4.68452
-4.68202
-4.68152
-4.68237
-4.68242
-4.68248
-4.68009
-4.68267
-4.68397
-4.68056
-4.6784
-4.67806
-4.67698
-4.67472
-4.67585
-4.67305
-4.67313
-4.67326
-4.67545
-4.67662
-4.67887
-4.68056
-4.68125
-4.68035
-4.68059
-4.67767
-4.6795
-4.67815
-4.67761
-4.67856
-4.67806
-4.67827
-4.67976
-4.67667
-4.67744
-4.67728
-4.67464
-4.67305
-4.67276
-4.67205
-4.66952
-4.66739
-4.668
-4.66601
-4.66912
-4.67074
-4.67159
-4.67312
-4.67407
-4.67546
-4.67686
-4.6773
-4.67657
-4.67681
-4.6779
-4.67962
-4.68031
-4.67984
-4.68056
-4.68192
-4.68221
-4.68072
-4.68016
-4.67939
-4.68275
-4.68252
-4.68036
-4.67609
-4.67462
-4.67477
-4.67694
-4.67911
-4.67977
-4.68093
-4.68065
-4.67986
-4.67674
-4.67604
-4.67562
-4.67692
-4.67754
-4.67776
-4.6786
-4.67663
-4.67542
-4.67348
-4.67302
-4.67184
-4.67059
-4.67183
-4.67236
-4.6715
-4.67431
-4.67757
-4.67838
-4.67902
-4.67966
-4.67988
-4.68041
-4.67879
-4.67911
-4.67802
-4.67769
-4.67547
-4.67426
-4.67591
-4.67686
-4.67905
-4.68125
-4.68109
-4.6813
-4.68196
-4.68193
-4.68039
-4.67871
-4.67814
-4.67828
-4.67657
-4.67602
-4.67419
-4.67317
-4.67204
-4.6715
-4.67006
-4.66974
-4.67025
-4.67207
-4.67395
-4.67667
-4.68017
-4.68187
-4.68104
-4.68231
-4.68194
-4.68114
-4.67819
-4.67896
-4.67643
-4.67757
-4.67742
-4.67467
-4.67486
-4.67437
-4.67359
-4.67626
-4.67685
-4.67522
-4.67433
-4.67612
-4.67619
-4.67738
-4.67438
-4.67446
-4.67564
-4.67524
-4.67568
-4.67524
-4.67395
-4.6752
-4.67409
-4.67576
-4.67474
-4.67599
-4.67942
-4.67958
-4.67845
-4.68084
-4.68131
-4.68068
-4.67969
-4.67895
-4.67613
-4.67427
-4.67529
-4.67594
-4.67838
-4.67688
-4.67694
-4.67704
-4.67528
-4.67661
-4.67612
-4.67805
-4.6771
-4.67796
-4.67729
-4.67862
-4.68035
-4.68148
-4.68227
-4.68193
-4.68197
-4.68164
-4.68187
-4.68104
-4.67792
-4.67787
-4.67728
-4.67611
-4.67524
-4.67597
-4.67582
-4.67701
-4.67506
-4.67629
-4.67589
-4.67521
-4.67499
-4.67306
-4.67316
-4.67192
-4.67107
-4.67084
-4.67264
-4.67173
-4.67288
-4.67387
-4.67543
-4.67538
-4.67505
-4.67581
-4.67396
-4.67365
-4.67493
-4.67766
-4.67917
-4.68039
-4.68083
-4.67888
-4.67645
-4.67469
-4.67554
-4.67378
-4.67336
-4.67349
-4.67313
-4.67532
-4.67671
-4.67667
-4.67684
-4.67536
-4.67482
-4.67696
-4.67581
-4.67637
-4.67606
-4.67933
-4.67951
-4.67584
-4.67415
-4.67358
-4.6698
-4.66694
-4.6685
-4.66975
-4.67528
-4.67679
-4.67716
-4.67942
-4.68057
-4.68239
-4.6808
-4.67806
-4.67714
-4.6754
-4.67303
-4.67559
-4.67561
-4.67632
-4.67543
-4.67836
-4.67979
-4.67791
-4.6771
-4.67924
-4.67922
-4.67818
-4.67847
-4.6768
-4.67685
-4.67498
-4.67458
-4.67399
-4.67393
-4.6749
-4.67604
-4.67848
-4.67791
-4.67973
-4.67693
-4.67651
-4.67928
-4.67789
-4.67955
-4.67976
-4.67946
-4.67832
-4.67794
-4.67796
-4.678
-4.67763
-4.67844
-4.67752
-4.68008
-4.67994
-4.67706
-4.67563
-4.67606
-4.67397
-4.67464
-4.67389
-4.67531
-4.67531
-4.67743
-4.67708
-4.67767
-4.6774
-4.6755
-4.67749
-4.67735
-4.67681
-4.67456
-4.67251
-4.672
-4.67147
-4.67126
-4.67078
-4.67015
-4.67059
-4.67295
-4.67528
-4.67641
-4.67763
-4.6774
-4.67847
-4.67916
-4.67852
-4.67664
-4.68005
-4.67973
-4.68082
-4.67881
-4.67836
-4.6797
-4.67879
-4.67785
-4.67792
-4.67874
-4.67964
-4.67954
-4.6819
-4.68258
-4.67958
-4.68048
-4.68065
-4.67972
-4.67777
-4.67653
-4.6764
-4.67842
-4.67931
-4.68091
-4.68115
-4.68407
-4.68413
-4.68527
-4.685
-4.68279
-4.68318
-4.68067
-4.68038
-4.67712
-4.67706
-4.67736
-4.67741
-4.67659
-4.67493
-4.67597
-4.6768
-4.67542
-4.6776
-4.67649
-4.6766
-4.67695
-4.67726
-4.67532
-4.67506
-4.67512
-4.67728
-4.67652
-4.67481
-4.67332
-4.67198
-4.67483
-4.6742
-4.67436
-4.67525
-4.6766
-4.67518
-4.6757
-4.6759
-4.67552
-4.6769
-4.67627
-4.678
-4.67706
-4.67803
-4.67757
-4.67813
-4.67798
-4.67804
-4.67826
-4.67595
-4.6755
-4.67615
-4.67472
-4.67405
-4.67291
-4.6701
-4.67202
-4.67424
-4.67814
-4.68175
-4.68263
-4.68145
-4.6823
-4.68393
-4.68477
-4.68192
-4.68125
-4.68028
-4.67816
-4.6757
-4.67368
-4.67384
-4.67368
-4.67238
-4.67289
-4.67193
-4.67423
-4.67339
-4.67634
-4.67644
-4.67919
-4.6776
-4.67705
-4.67797
-4.67775
-4.67921
-4.68219
-4.68198
-4.67963
-4.67829
-4.67803
-4.67749
-4.6769
-4.67387
-4.67142
-4.67191
-4.67123
-4.66976
-4.67231
-4.67195
-4.67297
-4.67552
-4.67529
-4.67714
-4.67786
-4.67646
-4.67777
-4.67754
-4.67649
-4.67476
-4.67411
-4.67558
-4.6756
-4.67381
-4.67304
-4.67551
-4.67634
-4.67589
-4.67841
-4.67898
-4.67942
-4.67966
-4.67845
-4.67784
-4.67787
-4.67752
-4.67773
-4.67728
-4.67699
-4.67798
-4.67901
-4.67972
-4.6806
-4.68052
-4.68193
-4.68153
-4.6825
-4.68445
-4.68413
-4.68217
-4.68128
-4.68253
-4.67957
-4.67823
-4.67911
-4.67696
-4.67374
-4.67316
-4.67166
-4.67059
-4.67099
-4.6693
-4.67289
-4.67609
-4.68007
-4.67886
-4.67637
-4.67397
-4.67194
-4.67119
-4.66983
-4.66923
-4.66984
-4.66997
-4.66931
-4.67097
-4.67243
-4.6732
-4.67371
-4.67728
-4.67451
-4.67728
-4.67695
-4.67781
-4.67782
-4.67581
-4.673
-4.67385
-4.6739
-4.67217
-4.67256
-4.67261
-4.67377
-4.67356
-4.67255
-4.67474
-4.67623
-4.67861
-4.67802
-4.67823
-4.67733
-4.67589
-4.67233
-4.67091
-4.67066
-4.67151
-4.67228
-4.67225
-4.67518
-4.67734
-4.67962
-4.68233
-4.68262
-4.68261
-4.68224
-4.68161
-4.6788
-4.678
-4.67721
-4.67497
-4.67464
-4.67459
-4.67704
-4.67609
-4.67658
-4.67562
-4.67635
-4.67868
-4.6796
-4.6817
-4.67873
-4.67631
-4.67282
-4.66944
-4.66663
-4.66603
-4.66502
-4.66656
-4.66796
-4.67076
-4.67186
-4.67381
-4.67677
-4.67787
-4.68056
-4.67924
-4.68101
-4.67958
-4.67937
-4.67761
-4.67536
-4.67548
-4.67306
-4.67355
-4.67083
-4.6685
-4.67145
-4.67023
-4.66998
-4.67006
-4.66967
-4.67193
-4.67249
-4.67426
-4.67707
-4.67826
-4.68133
-4.68361
-4.68302
-4.68159
-4.67904
-4.67774
-4.67646
-4.67601
-4.67377
-4.67473
-4.67513
-4.67588
-4.67763
-4.6765
-4.67853
-4.67841
-4.67651
-4.67363
-4.67349
-4.67481
-4.67519
-4.67359
-4.67406
-4.67646
-4.67753
-4.67865
-4.67957
-4.67858
-4.67868
-4.6796
-4.67909
-4.67857
-4.67693
-4.67872
-4.67826
-4.6793
-4.68251
-4.68242
-4.68069
-4.67865
-4.6786
-4.6783
-4.6781
-4.67536
-4.67652
-4.67883
-4.6775
-4.67569
-4.67687
-4.67621
-4.67423
-4.6758
-4.67633
-4.67814
-4.68096
-4.68209
-4.68249
-4.68306
-4.68105
-4.67856
-4.67729
-4.67735
-4.6758
-4.67914
-4.67933
-4.67828
-4.67766
-4.67955
-4.68037
-4.68014
-4.67801
-4.67734
-4.67734
-4.67913
-4.67927
-4.67976
-4.67891
-4.67912
-4.67857
-4.67751
-4.67858
-4.67898
-4.6762
-4.67859
-4.67727
-4.67855
-4.67761
-4.67427
-4.67365
-4.67467
-4.67583
-4.67582
-4.68052
-4.68107
-4.68105
-4.68078
-4.67753
-4.67543
-4.67638
-4.6758
-4.67352
-4.67483
-4.67553
-4.67873
-4.67976
-4.6809
-4.67989
-4.67849
-4.67932
-4.67915
-4.67879
-4.67627
-4.67654
-4.67611
-4.6775
-4.67803
-4.67555
-4.67488
-4.67595
-4.67614
-4.67613
-4.67458
-4.67104
-4.67133
-4.67259
-4.67305
-4.67507
-4.67684
-4.67793
-4.04844
-4.04705
-4.04659
-4.04748
-4.0478
-4.04905
-4.04939
-4.04999
-4.04796
-4.04725
-4.04699
-4.04429
-4.04305
-4.04444
-4.04724
-4.04607
-4.04388
-4.04661
-4.046
-4.04411
-4.04399
-4.04869
-4.04857
-4.04913
-4.05064
-4.05329
-4.05163
-4.04755
-4.04719
-4.04828
-4.04724
-4.04487
-4.04547
-4.04538
-4.04666
-4.0454
-4.04759
-4.05022
-4.05159
-4.05236
-4.05324
-4.05218
-4.05386
-4.05523
-4.05587
-4.05301
-4.05194
-4.05014
-4.0483
-4.04573
-4.0435
-4.04455
-4.04408
-4.04507
-4.04432
-4.04599
-4.04663
-4.04848
-4.04961
-4.04949
-4.04945
-4.05067
-4.04763
-4.04421
-4.04427
-4.04627
-4.04605
-4.04852
-4.04863
-4.04888
-4.04706
-4.04695
-4.04613
-4.04682
-4.04709
-4.04802
-4.0537
-4.05763
-4.05673
-4.05495
-4.0538
-4.04987
-4.04835
-4.04686
-4.0485
-4.0491
-4.04706
-4.04569
-4.04681
-4.04469
-4.04234
-4.04336
-4.04437
-4.04676
-4.04924
-4.04848
-4.04693
-4.04525
-4.0446
-4.04226
-4.04025
-4.04263
-4.04206
-4.04482
-4.04589
-4.04477
-4.04233
-4.04087
-4.04193
-4.04264
-4.04321
-4.0448
-4.04537
-4.04929
-4.04955
-4.04887
-4.04768
-4.04348
-4.04124
-4.04123
-4.0435
-4.04483
-4.0491
-4.05089
-4.05182
-4.05272
-4.0512
-4.04934
-4.04868
-4.04699
-4.04525
-4.04628
-4.04634
-4.0462
-4.04685
-4.04635
-4.04607
-4.04553
-4.04433
-4.04382
-4.04564
-4.04686
-4.05049
-4.04899
-4.04849
-4.0464
-4.04572
-4.04514
-4.048
-4.04787
-4.04908
-4.04759
-4.04532
-4.04521
-4.0439
-4.04322
-4.0429
-4.04417
-4.04623
-4.04612
-4.04561
-4.04721
-4.04378
-4.04286
-4.04253
-4.04373
-4.04474
-4.04589
-4.0489
-4.0512
-4.04946
-4.04948
-4.04864
-4.047
-4.04514
-4.04396
-4.04148
-4.04073
-4.04048
-4.03867
-4.03692
-4.03854
-4.03849
-4.04143
-4.04585
-4.04777
-4.04954
-4.05107
-4.05215
-4.05326
-4.0546
-4.05529
-4.05395
-4.05077
-4.04764
-4.0479
-4.04511
-4.04302
-4.03973
-4.0405
-4.03989
-4.04015
-4.04077
-4.04253
-4.04413
-4.04487
-4.04975
-4.05241
-4.05483
-4.0569
-4.05563
-4.05403
-4.04962
-4.04743
-4.04341
-4.04457
-4.04398
-4.04048
-4.03909
-4.03975
-4.04051
-4.04414
-4.04855
-4.0513
-4.05274
-4.05448
-4.05319
-4.05158
-4.05089
-4.04995
-4.05126
-4.04975
-4.05111
-4.04792
-4.04548
-4.04418
-4.04423
-4.0425
-4.04188
-4.0417
-4.04427
-4.04313
-4.04178
-4.04247
-4.04499
-4.0463
-4.04837
-4.04999
-4.05106
-4.05122
-4.05294
-4.05432
-4.05259
-4.04919
-4.04624
-4.04393
-4.0444
-4.04202
-4.03976
-4.03876
-4.03792
-4.03643
-4.03823
-4.04215
-4.04672
-4.04879
-4.05227
-4.05113
-4.05014
-4.04852
-4.04663
-4.04556
-4.04329
-4.04055
-4.0397
-4.04095
-4.04092
-4.04133
-4.04571
-4.04557
-4.04892
-4.0491
-4.04742
-4.04907
-4.05037
-4.05063
-4.04921
-4.04761
-4.04685
-4.04988
-4.0501
-4.05106
-4.05005
-4.05296
-4.04891
-4.0478
-4.04661
-4.0462
-4.04417
-4.04269
-4.0411
-4.04162
-4.04469
-4.04567
-4.04842
-4.048
-4.05097
-4.05219
-4.05168
-4.04958
-4.04741
-4.04693
-4.04558
-4.04554
-4.04609
-4.0446
-4.0425
-4.0436
-4.04353
-4.04425
-4.04691
-4.04741
-4.05002
-4.05215
-4.04902
-4.04807
-4.04741
-4.04439
-4.04524
-4.04606
-4.0471
-4.04602
-4.04811
-4.04722
-4.04637
-4.04386
-4.04252
-4.04406
-4.0397
-4.04003
-4.04276
-4.04206
-4.04313
-4.04593
-4.04758
-4.0491
-4.05041
-4.04988
-4.05047
-4.04995
-4.04898
-4.04657
-4.04574
-4.04379
-4.04278
-4.04454
-4.04386
-4.04503
-4.04723
-4.04797
-4.04786
-4.04963
-4.04914
-4.04895
-4.04686
-4.04598
-4.04674
-4.04691
-4.04621
-4.04703
-4.04672
-4.04674
-4.04826
-4.04988
-4.05205
-4.05115
-4.05038
-4.05034
-4.04756
-4.0473
-4.0443
-4.04677
-4.04469
-4.04547
-4.04575
-4.04623
-4.04923
-4.05125
-4.04983
-4.05357
-4.05212
-4.05016
-4.04931
-4.04858
-4.04855
-4.04705
-4.04699
-4.04856
-4.05052
-4.05095
-4.0503
-4.04924
-4.04759
-4.04655
-4.04598
-4.04442
-4.04384
-4.04309
-4.04451
-4.04273
-4.04394
-4.04254
-4.04305
-4.04491
-4.04678
-4.04716
-4.05035
-4.05006
-4.05275
-4.05266
-4.053
-4.05254
-4.05108
-4.05206
-4.04906
-4.04785
-4.04578
-4.046
-4.04741
-4.0473
-4.04616
-4.04733
-4.04894
-4.05159
-4.05142
-4.05339
-4.05144
-4.04962
-4.04859
-4.04584
-4.04636
-4.0479
-4.05051
-4.04958
-4.05131
-4.04856
-4.05006
-4.05107
-4.05053
-4.05012
-4.0506
-4.05048
-4.05064
-4.04892
-4.04773
-4.04769
-4.04573
-4.04459
-4.04482
-4.04739
-4.04998
-4.05003
-4.04905
-4.04862
-4.04627
-4.0466
-4.04876
-4.05027
-4.05092
-4.05125
-4.05172
-4.04892
-4.04669
-4.04314
-4.04504
-4.04507
-4.04131
-4.04014
-4.04055
-4.04154
-4.0437
-4.04535
-4.04446
-4.04518
-4.04775
-4.05143
-4.05352
-4.05103
-4.04991
-4.04844
-4.0478
-4.04615
-4.04538
-4.04628
-4.04707
-4.04631
-4.04688
-4.04458
-4.04243
-4.04454
-4.04488
-4.04733
-4.04776
-4.04744
-4.04672
-4.04711
-4.04306
-4.04177
-4.0427
-4.0443
-4.04426
-4.04518
-4.04708
-4.05041
-4.05032
-4.04987
-4.04998
-4.04867
-4.04779
-4.04642
-4.04696
-4.04673
-4.0466
-4.04857
-4.04739
-4.04808
-4.04899
-4.04839
-4.04851
-4.0464
-4.04571
-4.04387
-4.04308
-4.04225
-4.04367
-4.04395
-4.04579
-4.0473
-4.04885
-4.04957
-4.05038
-4.05044
-4.04685
-4.04703
-4.047
-4.04586
-4.04669
-4.04784
-4.04888
-4.04959
-4.05034
-4.05038
-4.04897
-4.04435
-4.04352
-4.04224
-4.04493
-4.04649
-4.04713
-4.04722
-4.0495
-4.05306
-4.05415
-4.05297
-4.04831
-4.04686
-4.04679
-4.04844
-4.05022
-4.04902
-4.04894
-4.04894
-4.05021
-4.05091
-4.04854
-4.04601
-4.04493
-4.04624
-4.04808
-4.05085
-4.05134
-4.05144
-4.0528
-4.05175
-4.05022
-4.04969
-4.04779
-4.04568
-4.04534
-4.04623
-4.0479
-4.04794
-4.04682
-4.04353
-4.04184
-4.03959
-4.0419
-4.04152
-4.04209
-4.04112
-4.04362
-4.04582
-4.04562
-4.04634
-4.04726
-4.048
-4.0491
-4.04804
-4.04939
-4.04966
-4.05114
-4.04872
-4.04889
-4.0499
-4.05054
-4.05167
-4.04775
-4.04837
-4.04695
-4.04458
-4.0428
-4.03984
-4.04083
-4.04293
-4.04465
-4.04588
-4.04839
-4.04974
-4.04871
-4.04883
-4.04735
-4.04836
-4.04875
-4.04673
-4.04606
-4.04473
-4.04356
-4.04193
-4.04617
-4.04469
-4.04397
-4.04354
-4.04511
-4.04816
-4.04829
-4.04987
-4.05136
-4.05355
-4.05491
-4.05445
-4.05451
-4.0535
-4.05429
-4.05339
-4.05039
-4.04927
-4.04916
-4.05147
-4.05337
-4.05544
-4.05627
-4.05393
-4.05114
-4.04722
-4.04502
-4.04451
-4.04643
-4.04636
-4.04472
-4.04695
-4.04818
-4.0502
-4.05445
-4.05457
-4.05592
-4.05083
-4.04939
-4.04917
-4.04663
-4.0483
-4.04627
-4.04742
-4.0464
-4.05016
-4.04949
-4.04946
-4.04778
-4.04867
-4.04959
-4.05067
-4.04825
-4.04811
-4.04857
-4.04842
-4.04922
-4.04972
-4.051
-4.05152
-4.05124
-4.04992
-4.05094
-4.04954
-4.04996
-4.05087
-4.05047
-4.05144
-4.05243
-4.05492
-4.05623
-4.05367
-4.05311
-4.05164
-4.05019
-4.04927
-4.0496
-4.05039
-4.05128
-4.05023
-4.049
-4.04868
-4.04863
-4.04713
-4.04607
-4.04468
-4.04678
-4.04659
-4.04614
-4.04541
-4.04756
-4.04726
-4.04705
-4.04574
-4.04389
-4.04697
-4.0467
-4.04562
-4.04542
-4.04904
-4.04913
-4.05174
-4.04903
-4.0492
-4.04834
-4.05136
-4.0526
-4.05215
-4.05334
-4.05412
-4.05203
-4.05088
-4.04866
-4.04786
-4.04697
-4.04851
-4.04854
-4.04817
-4.04926
-4.04955
-4.04855
-4.05016
-4.04801
-4.04885
-4.05008
-4.05234
-4.05421
-4.05342
-4.05223
-4.05082
-4.05064
-4.05042
-4.04843
-4.04817
-4.04807
-4.04564
-4.04578
-4.04393
-4.04298
-4.04363
-4.04445
-4.04341
-4.04626
-4.04963
-4.05249
-4.05398
-4.05383
-4.05336
-4.05023
-4.05056
-4.0491
-4.04723
-4.0477
-4.04808
-4.04845
-4.04529
-4.04408
-4.04403
-4.04736
-4.05086
-4.05327
-4.05446
-4.05346
-4.0543
-4.05299
-4.05306
-4.05236
-4.04732
-4.04398
-4.04355
-4.04079
-4.03921
-4.04186
-4.04249
-4.04619
-4.04781
-4.05026
-4.05114
-4.0508
-4.05065
-4.05185
-4.05159
-4.04958
-4.04947
-4.04955
-4.04873
-4.0477
-4.05118
-4.04959
-4.0505
-4.05091
-4.05023
-4.05162
-4.05058
-4.04673
-4.04483
-4.04149
-4.03921
-4.03832
-4.0389
-4.04215
-4.04648
-4.04865
-4.05013
-4.05133
-4.05201
-4.05291
-4.05298
-4.05346
-4.05255
-4.05233
-4.05063
-4.04499
-4.04368
-4.04406
-4.04477
-4.04415
-4.04579
-4.04655
-4.04699
-4.04922
-4.05221
-4.05388
-4.05382
-4.05416
-4.05037
-4.04701
-4.04606
-4.04392
-4.04573
-4.04411
-4.04342
-4.04462
-4.0446
-4.04602
-4.04926
-4.05027
-4.0494
-4.05188
-4.05212
-4.04996
-4.05051
-4.04785
-4.05178
-4.05186
-4.04961
-4.04959
-4.04673
-4.0441
-4.04536
-4.04374
-4.04465
-4.04395
-4.04656
-4.04809
-4.05047
-4.05
-4.04755
-4.0473
-4.04911
-4.04911
-4.04886
-4.04999
-4.05101
-4.05251
-4.04917
-4.04707
-4.04482
-4.04463
-4.04466
-4.04586
-4.04883
-4.0519
-4.05196
-4.05337
-4.05258
-4.05328
-4.05115
-4.0483
-4.04811
-4.0451
-4.04501
-4.04625
-4.04445
-4.04428
-4.04597
-4.04792
-4.04874
-4.04764
-4.04799
-4.04843
-4.04932
-4.04586
-4.04422
-4.04272
-4.04392
-4.0468
-4.0475
-4.0491
-4.04898
-4.04815
-4.0467
-4.04687
-4.04709
-4.04782
-4.04846
-4.04782
-4.05015
-4.04755
-4.04843
-4.04783
-4.04935
-4.0476
-4.05003
-4.0483
-4.04941
-4.04886
-4.04915
-4.04893
-4.0489
-4.05036
-4.04841
-4.04642
-4.0462
-4.04642
-4.04525
-4.04386
-4.04412
-4.04362
-4.0443
-4.04549
-4.04653
-4.04939
-4.05211
-4.05485
-4.05488
-4.05629
-4.05602
-4.05088
-4.05063
-4.05187
-4.0514
-4.05178
-4.0538
-4.0524
-4.05211
-4.05363
-4.05406
-4.0562
-4.05622
-4.05539
-4.05222
-4.05209
-4.04998
-4.04844
-4.04844
-4.04859
-4.04919
-4.05411
-4.05592
-4.05571
-4.05485
-5.7466
-5.72904
-5.70353
-5.68639
-5.67436
-5.66691
-5.65964
-5.65812
-5.65754
-5.66068
-5.66438
-5.66832
-5.67142
-5.67563
-5.67649
-5.67525
-5.67428
-5.67363
-5.67423
-5.67334
-5.67135
-5.66959
-5.6674
-5.66804
-5.66866
-5.66799
-5.66956
-5.6707
-5.67256
-5.67503
-5.67643
-5.6771
-5.67668
-5.67967
-5.68049
-5.67909
-5.67901
-5.67865
-5.67778
-5.67686
-5.6751
-5.67329
-5.67476
-5.67432
-5.67509
-5.67525
-5.67689
-5.67821
-5.67855
-5.67601
-5.67493
-5.67385
-5.67356
-5.67388
-5.67288
-5.6728
-5.67125
-5.67
-5.67025
-5.66967
-5.66892
-5.66936
-5.66949
-5.67006
-5.66956
-5.67187
-5.67172
-5.67289
-5.67334
-5.67431
-5.67448
-5.6758
-5.67768
-5.67984
-5.67713
-5.67896
-5.67825
-5.67759
-5.6773
-5.67576
-5.67489
-5.67498
-5.67536
-5.67439
-5.67593
-5.67573
-5.67411
-5.67303
-5.67186
-5.67452
-5.67198
-5.6688
-5.66603
-5.66597
-5.66642
-5.66709
-5.66633
-5.66636
-5.66713
-5.66672
-5.66904
-5.6699
-5.67022
-5.67121
-5.67243
-5.67504
-5.67507
-5.67569
-5.67336
-5.67367
-5.67482
-5.67538
-5.67479
-5.67473
-5.67809
-5.67637
-5.67534
-5.67629
-5.67701
-5.67559
-5.67627
-5.67706
-5.67749
-5.67778
-5.67656
-5.67738
-5.67576
-5.67698
-5.67726
-5.67598
-5.67415
-5.67429
-5.67699
-5.67671
-5.67731
-5.67368
-5.674
-5.67476
-5.67665
-5.67707
-5.67368
-5.67321
-5.67074
-5.66917
-5.6715
-5.67136
-5.67048
-5.66982
-5.67192
-5.67436
-5.67472
-5.67808
-5.67698
-5.67761
-5.67876
-5.67849
-5.67816
-5.67745
-5.67831
-5.67749
-5.67756
-5.67464
-5.67329
-5.67389
-5.67171
-5.67077
-5.67025
-5.66953
-5.66951
-5.67292
-5.67594
-5.67608
-5.67937
-5.67774
-5.67608
-5.67774
-5.67634
-5.67455
-5.67541
-5.6748
-5.67412
-5.67442
-5.67409
-5.67285
-5.67351
-5.67582
-5.67421
-5.67553
-5.67526
-5.6756
-5.67468
-5.67346
-5.67373
-5.67287
-5.67041
-5.67064
-5.67238
-5.67519
-5.67453
-5.67495
-5.67683
-5.67572
-5.67555
-5.67347
-5.6769
-5.67612
-5.67398
-5.67693
-5.67584
-5.67688
-5.67396
-5.67266
-5.67343
-5.67248
-5.6721
-5.67191
-5.67349
-5.67225
-5.67365
-5.67213
-5.6725
-5.67277
-5.67589
-5.67699
-5.67706
-5.67868
-5.67888
-5.67797
-5.6763
-5.67618
-5.67447
-5.67416
-5.67054
-5.66886
-5.66783
-5.66863
-5.66877
-5.66837
-5.67058
-5.67087
-5.66993
-5.67207
-5.67318
-5.67466
-5.67623
-5.67468
-5.67289
-5.67373
-5.67262
-5.67379
-5.67374
-5.67414
-5.67341
-5.67346
-5.67388
-5.67587
-5.67707
-5.67745
-5.67805
-5.67859
-5.67626
-5.67468
-5.67643
-5.675
-5.67682
-5.67634
-5.67709
-5.67614
-5.67701
-5.67515
-5.67416
-5.67342
-5.67495
-5.67525
-5.67502
-5.67298
-5.67175
-5.67163
-5.67194
-5.67069
-5.67333
-5.67367
-5.67329
-5.67349
-5.67163
-5.67125
-5.67298
-5.67097
-5.67077
-5.67277
-5.67092
-5.66923
-5.66873
-5.66852
-5.66955
-5.67306
-5.67437
-5.67562
-5.67767
-5.6769
-5.67952
-5.67749
-5.67636
-5.67514
-5.6757
-5.67738
-5.67404
-5.67258
-5.67218
-5.6704
-5.66865
-5.66854
-5.67004
-5.67043
-5.67093
-5.67239
-5.67215
-5.67173
-5.66944
-5.67109
-5.67257
-5.66949
-5.67169
-5.67344
-5.67403
-5.67533
-5.67461
-5.67468
-5.67552
-5.67357
-5.67603
-5.67649
-5.67761
-5.67685
-5.67583
-5.67519
-5.67559
-5.67568
-5.67484
-5.67569
-5.676
-5.67547
-5.67768
-5.67936
-5.68114
-5.67843
-5.67831
-5.67717
-5.67626
-5.67359
-5.67398
-5.67517
-5.67421
-5.67372
-5.67243
-5.67107
-5.66936
-5.66804
-5.66847
-5.67299
-5.67385
-5.67301
-5.673
-5.67053
-5.66973
-5.67057
-5.6727
-5.67223
-5.67104
-5.6727
-5.67165
-5.67276
-5.66989
-5.66986
-5.67106
-5.6725
-5.67191
-5.67252
-5.67046
-5.67261
-5.67352
-5.67456
-5.67253
-5.67162
-5.67084
-5.67084
-5.67355
-5.67281
-5.67344
-5.67566
-5.67773
-5.67698
-5.67758
-5.67701
-5.67598
-5.67556
-5.6781
-5.67713
-5.67717
-5.67528
-5.67527
-5.67515
-5.6743
-5.67246
-5.67129
-5.67121
-5.67163
-5.67251
-5.67289
-5.67239
-5.67001
-5.66738
-5.66683
-5.6678
-5.66907
-5.67158
-5.67223
-5.6743
-5.67568
-5.67531
-5.67682
-5.67668
-5.67627
-5.67279
-5.67149
-5.66988
-5.66968
-5.66744
-5.66745
-5.67009
-5.67014
-5.67139
-5.67209
-5.67468
-5.6745
-5.67758
-5.67802
-5.67814
-5.67771
-5.67434
-5.67437
-5.67507
-5.67711
-5.6762
-5.676
-5.67529
-5.67434
-5.67259
-5.6709
-5.67175
-5.67389
-5.67758
-5.67513
-5.67407
-5.67331
-5.67284
-5.67116
-5.67261
-5.67079
-5.66963
-5.67073
-5.66954
-5.67195
-5.66991
-5.67
-5.67065
-5.67057
-5.67006
-5.67197
-5.67267
-5.67402
-5.67498
-5.67934
-5.67831
-5.67671
-5.67581
-5.67499
-5.67364
-5.67186
-5.6727
-5.67398
-5.67192
-5.67078
-5.67249
-5.67149
-5.67351
-5.67459
-5.67441
-5.67472
-5.67594
-5.6764
-5.68001
-5.68028
-5.68155
-5.68197
-5.67986
-5.6774
-5.67506
-5.67481
-5.67432
-5.67224
-5.67047
-5.67136
-5.67207
-5.67009
-5.67061
-5.67096
-5.67295
-5.67328
-5.67383
-5.67399
-5.67249
-5.6713
-5.66914
-5.67118
-5.67289
-5.67361
-5.67496
-5.67303
-5.6743
-5.67424
-5.67451
-5.67381
-5.67149
-5.67205
-5.67417
-5.6727
-5.67446
-5.6763
-5.67694
-5.67476
-5.67363
-5.67512
-5.67634
-5.67661
-5.6769
-5.67685
-5.67451
-5.67408
-5.67521
-5.67784
-5.67836
-5.67866
-5.6788
-5.67787
-5.67762
-5.67749
-5.6753
-5.67657
-5.67832
-5.67695
-5.67432
-5.67331
-5.67579
-5.67594
-5.67473
-5.67253
-5.67162
-5.67165
-5.67097
-5.66991
-5.67175
-5.67362
-5.67296
-5.67203
-5.67177
-5.67183
-5.67448
-5.67519
-5.67232
-5.67229
-5.67313
-5.67132
-5.67277
-5.67369
-5.67345
-5.67458
-5.67568
-5.67634
-5.67427
-5.67316
-5.67344
-5.67485
-5.6748
-5.67385
-5.67378
-5.67348
-5.67381
-5.67316
-5.67007
-5.66933
-5.66941
-5.66954
-5.67182
-5.67439
-5.67586
-5.6775
-5.67886
-5.67787
-5.67787
-5.67697
-5.67776
-5.67635
-5.67502
-5.67641
-5.67696
-5.67632
-5.67671
-5.67611
-5.67348
-5.67074
-5.67146
-5.67372
-5.67237
-5.67388
-5.67243
-5.67288
-5.67231
-5.67236
-5.67435
-5.67277
-5.67312
-5.67348
-5.67418
-5.67527
-5.67447
-5.67571
-5.67516
-5.67513
-5.67724
-5.67783
-5.67544
-5.67474
-5.6763
-5.67663
-5.67261
-5.67245
-5.67305
-5.6732
-5.67327
-5.67322
-5.67334
-5.67319
-5.67562
-5.67537
-5.67726
-5.67539
-5.67359
-5.67313
-5.67184
-5.67247
-5.67322
-5.6755
-5.67324
-5.6745
-5.67401
-5.67327
-5.67249
-5.67281
-5.67257
-5.67437
-5.67379
-5.67353
-5.67077
-5.67202
-5.67339
-5.67163
-5.67323
-5.67529
-5.67648
-5.67834
-5.67878
-5.68159
-5.68279
-5.68306
-5.6821
-5.68196
-5.68076
-5.67988
-5.67711
-5.67545
-5.67591
-5.67496
-5.67227
-5.67168
-5.67128
-5.6718
-5.67268
-5.67129
-5.67096
-5.674
-5.67368
-5.67292
-5.6734
-5.67619
-5.6768
-5.67788
-5.67822
-5.67567
-5.67494
-5.67232
-5.67375
-5.6763
-5.67723
-5.67695
-5.67711
-5.67917
-5.67789
-5.67747
-5.67669
-5.67374
-5.67272
-5.67318
-5.67273
-5.67378
-5.67699
-5.67738
-5.67767
-5.67829
-5.67942
-5.67932
-5.67888
-5.67902
-5.67773
-5.67471
-5.67167
-5.67002
-5.67155
-5.67062
-5.66999
-5.6695
-5.67182
-5.6734
-5.67445
-5.67378
-5.67535
-5.67702
-5.67834
-5.68061
-5.679
-5.68003
-5.68179
-5.67881
-5.67764
-5.67707
-5.67621
-5.67451
-5.67301
-5.67306
-5.67177
-5.67271
-5.67193
-5.67094
-5.67159
-5.6722
-5.67339
-5.67419
-5.6746
-5.67398
-5.6749
-5.67504
-5.67595
-5.67433
-5.67502
-5.67389
-5.67009
-5.67126
-5.67106
-5.66961
-5.67014
-5.66934
-5.67126
-5.67022
-5.669
-5.66854
-5.66855
-5.67041
-5.66971
-5.67273
-5.67338
-5.67487
-5.67478
-5.67421
-5.67368
-5.67418
-5.67385
-5.67572
-5.67591
-5.67635
-5.6754
-5.675
-5.67263
-5.67231
-5.66901
-5.66797
-5.66824
-5.66908
-5.66777
-5.66933
-5.66917
-5.66825
-5.67078
-5.67061
-5.67067
-5.67359
-5.67485
-5.67453
-5.67521
-5.67524
-5.67391
-5.67506
-5.67318
-5.67221
-5.67188
-5.67293
-5.6741
-5.67256
-5.67381
-5.67558
-5.67354
-5.67216
-5.67458
-5.67525
-5.67312
-5.67202
-5.6713
-5.67072
-5.6711
-5.67231
-5.66956
-5.66864
-5.66842
-5.66941
-5.67052
-5.66945
-5.66949
-5.6685
-5.66887
-5.67073
-5.67153
-5.67263
-5.67305
-5.67311
-5.6737
-5.67344
-5.67383
-5.6754
-5.67677
-5.67791
-5.67945
-5.6801
-5.68052
-5.68039
-5.68068
-5.67817
-5.67618
-5.6784
-5.67618
-5.67645
-5.67315
-5.67246
-5.67407
-5.67307
-5.67579
-5.67856
-5.67933
-5.6796
-5.68125
-5.6807
-5.67666
-5.67563
-5.67734
-5.677
-5.67539
-5.67437
-5.67418
-5.67509
-5.67701
-5.67687
-5.67915
-5.67956
-5.67806
-5.67806
-5.67927
-5.67716
-5.67528
-5.67422
-5.67329
-5.6756
-5.67812
-5.67787
-5.67711
-5.67684
-5.67647
-5.67664
-5.67668
-5.67916
-5.67567
-5.67626
-5.67584
-5.67515
-5.67201
-5.67134
-5.67188
-5.67231
-5.67292
-5.67268
-5.67183
-5.67259
-5.67234
-5.67469
-5.67645
-5.67695
-5.67772
-5.67636
-5.677
-5.67416
-5.67441
-5.67462
-5.67679
-5.67545
-5.6771
-5.67657
-5.67677
-5.6777
-5.67673
-5.6758
-5.6765
-5.67526
-5.67465
-5.67308
-5.67224
-5.67347
-5.67451
-5.67366
-5.67376
-5.67475
-5.67693
-5.67612
-5.67726
-5.67841
-5.67859
-5.68095
-5.68185
-5.68279
-5.68411
-5.68068
-5.67779
-5.67589
-5.6764
-5.67489
-5.67595
-5.67438
-5.67464
-5.67338
-5.67178
-5.67039
-5.6672
-5.66808
-5.6673
-5.66637
-5.66644
-5.66628
-5.67058
-5.67347
-5.674
-5.67367
-5.67386
-5.67315
-5.67401
-5.67271
-5.67228
-5.67277
-5.67191
-5.67194
-5.67347
-5.67418
-5.67525
-5.67625
-5.67934
-5.68121
-5.68221
-5.67884
-5.67825
-5.67853
-5.6777
-5.6764
-5.67561
-5.67348
-5.67144
-5.67224
-5.6737
-5.67389
-5.67403
-5.67595
-5.67431
-5.67485
-5.67592
-5.67621
-5.67605
-5.7466
-5.72904
-5.70353
-5.68639
-5.67436
-5.66691
-5.65964
-5.65812
-5.65754
-5.66068
-5.66438
-5.66832
-5.67142
-5.67563
-5.67649
-5.67525
-5.67428
-5.67363
-5.67423
-5.67334
-5.67135
-5.66959
-5.6674
-5.66804
-5.66866
-5.66799
-5.66956
-5.6707
-5.67256
-5.67503
-5.67643
-5.6771
-5.67668
-5.67967
-5.68049
-5.67909
-5.67901
-5.67865
-5.67778
-5.67686
-5.6751
-5.67329
-5.67476
-5.67432
-5.67509
-5.67525
-5.67689
-5.67821
-5.67855
-5.67601
-5.67493
-5.67385
-5.67356
-5.67388
-5.67288
-5.6728
-5.67125
-5.67
-5.67025
-5.66967
-5.66892
-5.66936
-5.66949
-5.67006
-5.66956
-5.67187
-5.67172
-5.67289
-5.67334
-5.67431
-5.67448
-5.6758
-5.67768
-5.67984
-5.67713
-5.67896
-5.67825
-5.67759
-5.6773
-5.67576
-5.67489
-5.67498
-5.67536
-5.67439
-5.67593
-5.67573
-5.67411
-5.67303
-5.67186
-5.67452
-5.67198
-5.6688
-5.66603
-5.66597
-5.66642
-5.66709
-5.66633
-5.66636
-5.66713
-5.66672
-5.66904
-5.6699
-5.67022
-5.67121
-5.67243
-5.67504
-5.67507
-5.67569
-5.67336
-5.67367
-5.67482
-5.67538
-5.67479
-5.67473
-5.67809
-5.67637
-5.67534
-5.67629
-5.67701
-5.67559
-5.67627
-5.67706
-5.67749
-5.67778
-5.67656
-5.67738
-5.67576
-5.67698
-5.67726
-5.67598
-5.67415
-5.67429
-5.67699
-5.67671
-5.67731
-5.67368
-5.674
-5.67476
-5.67665
-5.67707
-5.67368
-5.67321
-5.67074
-5.66917
-5.6715
-5.67136
-5.67048
-5.66982
-5.67192
-5.67436
-5.67472
-5.67808
-5.67698
-5.67761
-5.67876
-5.67849
-5.67816
-5.67745
-5.67831
-5.67749
-5.67756
-5.67464
-5.67329
-5.67389
-5.67171
-5.67077
-5.67025
-5.66953
-5.66951
-5.67292
-5.67594
-5.67608
-5.67937
-5.67774
-5.67608
-5.67774
-5.67634
-5.67455
-5.67541
-5.6748
-5.67412
-5.67442
-5.67409
-5.67285
-5.67351
-5.67582
-5.67421
-5.67553
-5.67526
-5.6756
-5.67468
-5.67346
-5.67373
-5.67287
-5.67041
-5.67064
-5.67238
-5.67519
-5.67453
-5.67495
-5.67683
-5.67572
-5.67555
-5.67347
-5.6769
-5.67612
-5.67398
-5.67693
-5.67584
-5.67688
-5.67396
-5.67266
-5.67343
-5.67248
-5.6721
-5.67191
-5.67349
-5.67225
-5.67365
-5.67213
-5.6725
-5.67277
-5.67589
-5.67699
-5.67706
-5.67868
-5.67888
-5.67797
-5.6763
-5.67618
-5.67447
-5.67416
-5.67054
-5.66886
-5.66783
-5.66863
-5.66877
-5.66837
-5.67058
-5.67087
-5.66993
-5.67207
-5.67318
-5.67466
-5.67623
-5.67468
-5.67289
-5.67373
-5.67262
-5.67379
-5.67374
-5.67414
-5.67341
-5.67346
-5.67388
-5.67587
-5.67707
-5.67745
-5.67805
-5.67859
-5.67626
-5.67468
-5.67643
-5.675
-5.67682
-5.67634
-5.67709
-5.67614
-5.67701
-5.67515
-5.67416
-5.67342
-5.67495
-5.67525
-5.67502
-5.67298
-5.67175
-5.67163
-5.67194
-5.67069
-5.67333
-5.67367
-5.67329
-5.67349
-5.67163
-5.67125
-5.67298
-5.67097
-5.67077
-5.67277
-5.67092
-5.66923
-5.66873
-5.66852
-5.66955
-5.67306
-5.67437
-5.67562
-5.67767
-5.6769
-5.67952
-5.67749
-5.67636
-5.67514
-5.6757
-5.67738
-5.67404
-5.67258
-5.67218
-5.6704
-5.66865
-5.66854
-5.67004
-5.67043
-5.67093
-5.67239
-5.67215
-5.67173
-5.66944
-5.67109
-5.67257
-5.66949
-5.67169
-5.67344
-5.67403
-5.67533
-5.67461
-5.67468
-5.67552
-5.67357
-5.67603
-5.67649
-5.67761
-5.67685
-5.67583
-5.67519
-5.67559
-5.67568
-5.67484
-5.67569
-5.676
-5.67547
-5.67768
-5.67936
-5.68114
-5.67843
-5.67831
-5.67717
-5.67626
-5.67359
-5.67398
-5.67517
-5.67421
-5.67372
-5.67243
-5.67107
-5.66936
-5.66804
-5.66847
-5.67299
-5.67385
-5.67301
-5.673
-5.67053
-5.66973
-5.67057
-5.6727
-5.67223
-5.67104
-5.6727
-5.67165
-5.67276
-5.66989
-5.66986
-5.67106
-5.6725
-5.67191
-5.67252
-5.67046
-5.67261
-5.67352
-5.67456
-5.67253
-5.67162
-5.67084
-5.67084
-5.67355
-5.67281
-5.67344
-5.67566
-5.67773
-5.67698
-5.67758
-5.67701
-5.67598
-5.67556
-5.6781
-5.67713
-5.67717
-5.67528
-5.67527
-5.67515
-5.6743
-5.67246
-5.67129
-5.67121
-5.67163
-5.67251
-5.67289
-5.67239
-5.67001
-5.66738
-5.66683
-5.6678
-5.66907
-5.67158
-5.67223
-5.6743
-5.67568
-5.67531
-5.67682
-5.67668
-5.67627
-5.67279
-5.67149
-5.66988
-5.66968
-5.66744
-5.66745
-5.67009
-5.67014
-5.67139
-5.67209
-5.67468
-5.6745
-5.67758
-5.67802
-5.67814
-5.67771
-5.67434
-5.67437
-5.67507
-5.67711
-5.6762
-5.676
-5.67529
-5.67434
-5.67259
-5.6709
-5.67175
-5.67389
-5.67758
-5.67513
-5.67407
-5.67331
-5.67284
-5.67116
-5.67261
-5.67079
-5.66963
-5.67073
-5.66954
-5.67195
-5.66991
-5.67
-5.67065
-5.67057
-5.67006
-5.67197
-5.67267
-5.67402
-5.67498
-5.67934
-5.67831
-5.67671
-5.67581
-5.67499
-5.67364
-5.67186
-5.6727
-5.67398
-5.67192
-5.67078
-5.67249
-5.67149
-5.67351
-5.67459
-5.67441
-5.67472
-5.67594
-5.6764
-5.68001
-5.68028
-5.68155
-5.68197
-5.67986
-5.6774
-5.67506
-5.67481
-5.67432
-5.67224
-5.67047
-5.67136
-5.67207
-5.67009
-5.67061
-5.67096
-5.67295
-5.67328
-5.67383
-5.67399
-5.67249
-5.6713
-5.66914
-5.67118
-5.67289
-5.67361
-5.67496
-5.67303
-5.6743
-5.67424
-5.67451
-5.67381
-5.67149
-5.67205
-5.67417
-5.6727
-5.67446
-5.6763
-5.67694
-5.67476
-5.67363
-5.67512
-5.67634
-5.67661
-5.6769
-5.67685
-5.67451
-5.67408
-5.67521
-5.67784
-5.67836
-5.67866
-5.6788
-5.67787
-5.67762
-5.67749
-5.6753
-5.67657
-5.67832
-5.67695
-5.67432
-5.67331
-5.67579
-5.67594
-5.67473
-5.67253
-5.67162
-5.67165
-5.67097
-5.66991
-5.67175
-5.67362
-5.67296
-5.67203
-5.67177
-5.67183
-5.67448
-5.67519
-5.67232
-5.67229
-5.67313
-5.67132
-5.67277
-5.67369
-5.67345
-5.67458
-5.67568
-5.67634
-5.67427
-5.67316
-5.67344
-5.67485
-5.6748
-5.67385
-5.67378
-5.67348
-5.67381
-5.67316
-5.67007
-5.66933
-5.66941
-5.66954
-5.67182
-5.67439
-5.67586
-5.6775
-5.67886
-5.67787
-5.67787
-5.67697
-5.67776
-5.67635
-5.67502
-5.67641
-5.67696
-5.67632
-5.67671
-5.67611
-5.67348
-5.67074
-5.67146
-5.67372
-5.67237
-5.67388
-5.67243
-5.67288
-5.67231
-5.67236
-5.67435
-5.67277
-5.67312
-5.67348
-5.67418
-5.67527
-5.67447
-5.67571
-5.67516
-5.67513
-5.67724
-5.67783
-5.67544
-5.67474
-5.6763
-5.67663
-5.67261
-5.67245
-5.67305
-5.6732
-5.67327
-5.67322
-5.67334
-5.67319
-5.67562
-5.67537
-5.67726
-5.67539
-5.67359
-5.67313
-5.67184
-5.67247
-5.67322
-5.6755
-5.67324
-5.6745
-5.67401
-5.67327
-5.67249
-5.67281
-5.67257
-5.67437
-5.67379
-5.67353
-5.67077
-5.67202
-5.67339
-5.67163
-5.67323
-5.67529
-5.67648
-5.67834
-5.67878
-5.68159
-5.68279
-5.68306
-5.6821
-5.68196
-5.68076
-5.67988
-5.67711
-5.67545
-5.67591
-5.67496
-5.67227
-5.67168
-5.67128
-5.6718
-5.67268
-5.67129
-5.67096
-5.674
-5.67368
-5.67292
-5.6734
-5.67619
-5.6768
-5.67788
-5.67822
-5.67567
-5.67494
-5.67232
-5.67375
-5.6763
-5.67723
-5.67695
-5.67711
-5.67917
-5.67789
-5.67747
-5.67669
-5.67374
-5.67272
-5.67318
-5.67273
-5.67378
-5.67699
-5.67738
-5.67767
-5.67829
-5.67942
-5.67932
-5.67888
-5.67902
-5.67773
-5.67471
-5.67167
-5.67002
-5.67155
-5.67062
-5.66999
-5.6695
-5.67182
-5.6734
-5.67445
-5.67378
-5.67535
-5.67702
-5.67834
-5.68061
-5.679
-5.68003
-5.68179
-5.67881
-5.67764
-5.67707
-5.67621
-5.67451
-5.67301
-5.67306
-5.67177
-5.67271
-5.67193
-5.67094
-5.67159
-5.6722
-5.67339
-5.67419
-5.6746
-5.67398
-5.6749
-5.67504
-5.67595
-5.67433
-5.67502
-5.67389
-5.67009
-5.67126
-5.67106
-5.66961
-5.67014
-5.66934
-5.67126
-5.67022
-5.669
-5.66854
-5.66855
-5.67041
-5.66971
-5.67273
-5.67338
-5.67487
-5.67478
-5.67421
-5.67368
-5.67418
-5.67385
-5.67572
-5.67591
-5.67635
-5.6754
-5.675
-5.67263
-5.67231
-5.66901
-5.66797
-5.66824
-5.66908
-5.66777
-5.66933
-5.66917
-5.66825
-5.67078
-5.67061
-5.67067
-5.67359
-5.67485
-5.67453
-5.67521
-5.67524
-5.67391
-5.67506
-5.67318
-5.67221
-5.67188
-5.67293
-5.6741
-5.67256
-5.67381
-5.67558
-5.67354
-5.67216
-5.67458
-5.67525
-5.67312
-5.67202
-5.6713
-5.67072
-5.6711
-5.67231
-5.66956
-5.66864
-5.66842
-5.66941
-5.67052
-5.66945
-5.66949
-5.6685
-5.66887
-5.67073
-5.67153
-5.67263
-5.67305
-5.67311
-5.6737
-5.67344
-5.67383
-5.6754
-5.67677
-5.67791
-5.67945
-5.6801
-5.68052
-5.68039
-5.68068
-5.67817
-5.67618
-5.6784
-5.67618
-5.67645
-5.67315
-5.67246
-5.67407
-5.67307
-5.67579
-5.67856
-5.67933
-5.6796
-5.68125
-5.6807
-5.67666
-5.67563
-5.67734
-5.677
-5.67539
-5.67437
-5.67418
-5.67509
-5.67701
-5.67687
-5.67915
-5.67956
-5.67806
-5.67806
-5.67927
-5.67716
-5.67528
-5.67422
-5.67329
-5.6756
-5.67812
-5.67787
-5.67711
-5.67684
-5.67647
-5.67664
-5.67668
-5.67916
-5.67567
-5.67626
-5.67584
-5.67515
-5.67201
-5.67134
-5.67188
-5.67231
-5.67292
-5.67268
-5.67183
-5.67259
-5.67234
-5.67469
-5.67645
-5.67695
-5.67772
-5.67636
-5.677
-5.67416
-5.67441
-5.67462
-5.67679
-5.67545
-5.6771
-5.67657
-5.67677
-5.6777
-5.67673
-5.6758
-5.6765
-5.67526
-5.67465
-5.67308
-5.67224
-5.67347
-5.67451
-5.67366
-5.67376
-5.67475
-5.67693
-5.67612
-5.67726
-5.67841
-5.67859
-5.68095
-5.68185
-5.68279
-5.68411
-5.68068
-5.67779
-5.67589
-5.6764
-5.67489
-5.67595
-5.67438
-5.67464
-5.67338
-5.67178
-5.67039
-5.6672
-5.66808
-5.6673
-5.66637
-5.66644
-5.66628
-5.67058
-5.67347
-5.674
-5.67367
-5.67386
-5.67315
-5.67401
-5.67271
-5.67228
-5.67277
-5.67191
-5.67194
-5.67347
-5.67418
-5.67525
-5.67625
-5.67934
-5.68121
-5.68221
-5.67884
-5.67825
-5.67853
-5.6777
-5.6764
-5.67561
-5.67348
-5.67144
-5.67224
-5.6737
-5.67389
-5.67403
-5.67595
-5.67431
-5.67485
-5.67592
-5.67621
-5.67605
-4.67845
-4.67531
-4.67115
-4.66851
-4.66861
-4.66605
-4.66728
-4.66926
-4.67024
-4.67289
-4.67423
-4.67803
-4.67848
-4.67912
-4.67951
-4.67964
-4.67949
-4.67996
-4.6814
-4.68197
-4.68231
-4.68198
-4.67994
-4.68022
-4.68177
-4.68238
-4.68138
-4.68085
-4.67991
-4.6769
-4.67665
-4.67642
-4.67628
-4.67617
-4.67748
-4.67561
-4.6762
-4.67657
-4.67659
-4.67964
-4.67866
-4.67726
-4.67566
-4.67302
-4.67427
-4.67451
-4.67254
-4.67307
-4.67254
-4.67353
-4.67456
-4.6743
-4.67474
-4.67562
-4.6753
-4.67697
-4.67551
-4.67473
-4.67535
-4.67468
-4.67422
-4.67689
-4.67812
-4.67667
-4.67721
-4.67814
-4.67642
-4.67626
-4.67546
-4.67792
-4.6776
-4.67949
-4.68121
-4.68169
-4.68196
-4.68042
-4.68082
-4.67751
-4.67676
-4.67629
-4.67954
-4.67925
-4.67826
-4.67856
-4.67682
-4.67308
-4.6719
-4.67056
-4.67194
-4.67319
-4.67427
-4.6761
-4.67717
-4.67625
-4.67696
-4.67833
-4.68076
-4.68135
-4.68198
-4.68078
-4.67974
-4.67871
-4.67698
-4.67769
-4.67799
-4.67745
-4.67939
-4.67911
-4.67721
-4.67446
-4.67425
-4.67154
-4.67262
-4.67363
-4.67429
-4.67519
-4.67592
-4.67574
-4.67585
-4.67757
-4.67839
-4.67681
-4.67794
-4.67929
-4.68026
-4.68074
-4.67747
-4.67539
-4.67527
-4.67708
-4.675
-4.67453
-4.67837
-4.67673
-4.67642
-4.677
-4.67903
-4.67773
-4.67705
-4.67636
-4.67673
-4.68016
-4.67905
-4.67888
-4.68136
-4.68186
-4.68287
-4.68185
-4.67848
-4.67787
-4.67586
-4.67664
-4.67522
-4.67585
-4.67687
-4.67825
-4.6793
-4.68173
-4.67872
-4.67617
-4.67608
-4.67456
-4.67323
-4.67352
-4.67385
-4.67519
-4.6772
-4.67839
-4.68009
-4.67972
-4.68068
-4.6804
-4.68
-4.67809
-4.67656
-4.67797
-4.67605
-4.67702
-4.67657
-4.67733
-4.679
-4.68007
-4.68081
-4.68168
-4.68065
-4.6814
-4.68126
-4.68358
-4.68133
-4.67953
-4.67937
-4.67604
-4.67455
-4.67365
-4.67328
-4.67403
-4.67236
-4.67321
-4.67556
-4.67789
-4.67777
-4.68004
-4.67909
-4.67898
-4.68078
-4.6819
-4.68018
-4.67908
-4.67666
-4.6787
-4.6786
-4.67538
-4.67851
-4.68047
-4.68083
-4.67803
-4.67913
-4.67833
-4.68129
-4.68197
-4.67757
-4.67696
-4.67611
-4.67299
-4.67211
-4.67203
-4.67204
-4.67343
-4.67439
-4.67518
-4.67697
-4.67832
-4.6763
-4.67571
-4.67732
-4.67487
-4.67527
-4.67551
-4.67698
-4.67725
-4.67771
-4.67739
-4.68018
-4.67953
-4.67982
-4.67985
-4.68081
-4.68115
-4.68146
-4.68167
-4.68221
-4.68462
-4.68452
-4.68202
-4.68152
-4.68237
-4.68242
-4.68248
-4.68009
-4.68267
-4.68397
-4.68056
-4.6784
-4.67806
-4.67698
-4.67472
-4.67585
-4.67305
-4.67313
-4.67326
-4.67545
-4.67662
-4.67887
-4.68056
-4.68125
-4.68035
-4.68059
-4.67767
-4.6795
-4.67815
-4.67761
-4.67856
-4.67806
-4.67827
-4.67976
-4.67667
-4.67744
-4.67728
-4.67464
-4.67305
-4.67276
-4.67205
-4.66952
-4.66739
-4.668
-4.66601
-4.66912
-4.67074
-4.67159
-4.67312
-4.67407
-4.67546
-4.67686
-4.6773
-4.67657
-4.67681
-4.6779
-4.67962
-4.68031
-4.67984
-4.68056
-4.68192
-4.68221
-4.68072
-4.68016
-4.67939
-4.68275
-4.68252
-4.68036
-4.67609
-4.67462
-4.67477
-4.67694
-4.67911
-4.67977
-4.68093
-4.68065
-4.67986
-4.67674
-4.67604
-4.67562
-4.67692
-4.67754
-4.67776
-4.6786
-4.67663
-4.67542
-4.67348
-4.67302
-4.67184
-4.67059
-4.67183
-4.67236
-4.6715
-4.67431
-4.67757
-4.67838
-4.67902
-4.67966
-4.67988
-4.68041
-4.67879
-4.67911
-4.67802
-4.67769
-4.67547
-4.67426
-4.67591
-4.67686
-4.67905
-4.68125
-4.68109
-4.6813
-4.68196
-4.68193
-4.68039
-4.67871
-4.67814
-4.67828
-4.67657
-4.67602
-4.67419
-4.67317
-4.67204
-4.6715
-4.67006
-4.66974
-4.67025
-4.67207
-4.67395
-4.67667
-4.68017
-4.68187
-4.68104
-4.68231
-4.68194
-4.68114
-4.67819
-4.67896
-4.67643
-4.67757
-4.67742
-4.67467
-4.67486
-4.67437
-4.67359
-4.67626
-4.67685
-4.67522
-4.67433
-4.67612
-4.67619
-4.67738
-4.67438
-4.67446
-4.67564
-4.67524
-4.67568
-4.67524
-4.67395
-4.6752
-4.67409
-4.67576
-4.67474
-4.67599
-4.67942
-4.67958
-4.67845
-4.68084
-4.68131
-4.68068
-4.67969
-4.67895
-4.67613
-4.67427
-4.67529
-4.67594
-4.67838
-4.67688
-4.67694
-4.67704
-4.67528
-4.67661
-4.67612
-4.67805
-4.6771
-4.67796
-4.67729
-4.67862
-4.68035
-4.68148
-4.68227
-4.68193
-4.68197
-4.68164
-4.68187
-4.68104
-4.67792
-4.67787
-4.67728
-4.67611
-4.67524
-4.67597
-4.67582
-4.67701
-4.67506
-4.67629
-4.67589
-4.67521
-4.67499
-4.67306
-4.67316
-4.67192
-4.67107
-4.67084
-4.67264
-4.67173
-4.67288
-4.67387
-4.67543
-4.67538
-4.67505
-4.67581
-4.67396
-4.67365
-4.67493
-4.67766
-4.67917
-4.68039
-4.68083
-4.67888
-4.67645
-4.67469
-4.67554
-4.67378
-4.67336
-4.67349
-4.67313
-4.67532
-4.67671
-4.67667
-4.67684
-4.67536
-4.67482
-4.67696
-4.67581
-4.67637
-4.67606
-4.67933
-4.67951
-4.67584
-4.67415
-4.67358
-4.6698
-4.66694
-4.6685
-4.66975
-4.67528
-4.67679
-4.67716
-4.67942
-4.68057
-4.68239
-4.6808
-4.67806
-4.67714
-4.6754
-4.67303
-4.67559
-4.67561
-4.67632
-4.67543
-4.67836
-4.67979
-4.67791
-4.6771
-4.67924
-4.67922
-4.67818
-4.67847
-4.6768
-4.67685
-4.67498
-4.67458
-4.67399
-4.67393
-4.6749
-4.67604
-4.67848
-4.67791
-4.67973
-4.67693
-4.67651
-4.67928
-4.67789
-4.67955
-4.67976
-4.67946
-4.67832
-4.67794
-4.67796
-4.678
-4.67763
-4.67844
-4.67752
-4.68008
-4.67994
-4.67706
-4.67563
-4.67606
-4.67397
-4.67464
-4.67389
-4.67531
-4.67531
-4.67743
-4.67708
-4.67767
-4.6774
-4.6755
-4.67749
-4.67735
-4.67681
-4.67456
-4.67251
-4.672
-4.67147
-4.67126
-4.67078
-4.67015
-4.67059
-4.67295
-4.67528
-4.67641
-4.67763
-4.6774
-4.67847
-4.67916
-4.67852
-4.67664
-4.68005
-4.67973
-4.68082
-4.67881
-4.67836
-4.6797
-4.67879
-4.67785
-4.67792
-4.67874
-4.67964
-4.67954
-4.6819
-4.68258
-4.67958
-4.68048
-4.68065
-4.67972
-4.67777
-4.67653
-4.6764
-4.67842
-4.67931
-4.68091
-4.68115
-4.68407
-4.68413
-4.68527
-4.685
-4.68279
-4.68318
-4.68067
-4.68038
-4.67712
-4.67706
-4.67736
-4.67741
-4.67659
-4.67493
-4.67597
-4.6768
-4.67542
-4.6776
-4.67649
-4.6766
-4.67695
-4.67726
-4.67532
-4.67506
-4.67512
-4.67728
-4.67652
-4.67481
-4.67332
-4.67198
-4.67483
-4.6742
-4.67436
-4.67525
-4.6766
-4.67518
-4.6757
-4.6759
-4.67552
-4.6769
-4.67627
-4.678
-4.67706
-4.67803
-4.67757
-4.67813
-4.67798
-4.67804
-4.67826
-4.67595
-4.6755
-4.67615
-4.67472
-4.67405
-4.67291
-4.6701
-4.67202
-4.67424
-4.67814
-4.68175
-4.68263
-4.68145
-4.6823
-4.68393
-4.68477
-4.68192
-4.68125
-4.68028
-4.67816
-4.6757
-4.67368
-4.67384
-4.67368
-4.67238
-4.67289
-4.67193
-4.67423
-4.67339
-4.67634
-4.67644
-4.67919
-4.6776
-4.67705
-4.67797
-4.67775
-4.67921
-4.68219
-4.68198
-4.67963
-4.67829
-4.67803
-4.67749
-4.6769
-4.67387
-4.67142
-4.67191
-4.67123
-4.66976
-4.67231
-4.67195
-4.67297
-4.67552
-4.67529
-4.67714
-4.67786
-4.67646
-4.67777
-4.67754
-4.67649
-4.67476
-4.67411
-4.67558
-4.6756
-4.67381
-4.67304
-4.67551
-4.67634
-4.67589
-4.67841
-4.67898
-4.67942
-4.67966
-4.67845
-4.67784
-4.67787
-4.67752
-4.67773
-4.67728
-4.67699
-4.67798
-4.67901
-4.67972
-4.6806
-4.68052
-4.68193
-4.68153
-4.6825
-4.68445
-4.68413
-4.68217
-4.68128
-4.68253
-4.67957
-4.67823
-4.67911
-4.67696
-4.67374
-4.67316
-4.67166
-4.67059
-4.67099
-4.6693
-4.67289
-4.67609
-4.68007
-4.67886
-4.67637
-4.67397
-4.67194
-4.67119
-4.66983
-4.66923
-4.66984
-4.66997
-4.66931
-4.67097
-4.67243
-4.6732
-4.67371
-4.67728
-4.67451
-4.67728
-4.67695
-4.67781
-4.67782
-4.67581
-4.673
-4.67385
-4.6739
-4.67217
-4.67256
-4.67261
-4.67377
-4.67356
-4.67255
-4.67474
-4.67623
-4.67861
-4.67802
-4.67823
-4.67733
-4.67589
-4.67233
-4.67091
-4.67066
-4.67151
-4.67228
-4.67225
-4.67518
-4.67734
-4.67962
-4.68233
-4.68262
-4.68261
-4.68224
-4.68161
-4.6788
-4.678
-4.67721
-4.67497
-4.67464
-4.67459
-4.67704
-4.67609
-4.67658
-4.67562
-4.67635
-4.67868
-4.6796
-4.6817
-4.67873
-4.67631
-4.67282
-4.66944
-4.66663
-4.66603
-4.66502
-4.66656
-4.66796
-4.67076
-4.67186
-4.67381
-4.67677
-4.67787
-4.68056
-4.67924
-4.68101
-4.67958
-4.67937
-4.67761
-4.67536
-4.67548
-4.67306
-4.67355
-4.67083
-4.6685
-4.67145
-4.67023
-4.66998
-4.67006
-4.66967
-4.67193
-4.67249
-4.67426
-4.67707
-4.67826
-4.68133
-4.68361
-4.68302
-4.68159
-4.67904
-4.67774
-4.67646
-4.67601
-4.67377
-4.67473
-4.67513
-4.67588
-4.67763
-4.6765
-4.67853
-4.67841
-4.67651
-4.67363
-4.67349
-4.67481
-4.67519
-4.67359
-4.67406
-4.67646
-4.67753
-4.67865
-4.67957
-4.67858
-4.67868
-4.6796
-4.67909
-4.67857
-4.67693
-4.67872
-4.67826
-4.6793
-4.68251
-4.68242
-4.68069
-4.67865
-4.6786
-4.6783
-4.6781
-4.67536
-4.67652
-4.67883
-4.6775
-4.67569
-4.67687
-4.67621
-4.67423
-4.6758
-4.67633
-4.67814
-4.68096
-4.68209
-4.68249
-4.68306
-4.68105
-4.67856
-4.67729
-4.67735
-4.6758
-4.67914
-4.67933
-4.67828
-4.67766
-4.67955
-4.68037
-4.68014
-4.67801
-4.67734
-4.67734
-4.67913
-4.67927
-4.67976
-4.67891
-4.67912
-4.67857
-4.67751
-4.67858
-4.67898
-4.6762
-4.67859
-4.67727
-4.67855
-4.67761
-4.67427
-4.67365
-4.67467
-4.67583
-4.67582
-4.68052
-4.68107
-4.68105
-4.68078
-4.67753
-4.67543
-4.67638
-4.6758
-4.67352
-4.67483
-4.67553
-4.67873
-4.67976
-4.6809
-4.67989
-4.67849
-4.67932
-4.67915
-4.67879
-4.67627
-4.67654
-4.67611
-4.6775
-4.67803
-4.67555
-4.67488
-4.67595
-4.67614
-4.67613
-4.67458
-4.67104
-4.67133
-4.67259
-4.67305
-4.67507
-4.67684
-4.67793
