2.08353
2.02702
1.93158
1.79899
1.63331
1.44224
1.23803
1.03745
0.859708
0.722205
0.635664
0.601234
0.611041
0.651662
0.708339
0.768158
0.821799
0.86393
0.892611
0.908392
0.912955
0.908386
0.896878
0.880703
0.862586
0.845673
0.833213
0.827873
0.831118
0.843107
0.863186
0.890428
0.92385
0.96212
1.00342
1.04523
1.08462
1.11865
1.14491
1.16207
1.17051
1.17221
1.17043
1.16884
1.17054
1.17706
1.18796
1.20089
1.21254
1.2197
1.22006
1.21277
1.19843
1.17915
1.15798
1.13791
1.12106
1.10812
1.0984
1.09036
1.08217
1.07241
1.06049
1.04713
1.034
1.02337
1.01707
1.01597
1.01983
1.02764
1.03792
1.04928
1.0605
1.07081
1.07995
1.0879
1.09496
1.10162
1.1084
1.11575
1.124
1.13318
1.14317
1.15352
1.16353
1.17219
1.17832
1.18073
1.17837
1.17048
1.15668
1.13692
1.11162
1.08175
1.04888
1.01505
0.982314
0.952341
0.926338
0.905311
0.890508
0.883475
0.885609
0.897629
0.919169
0.948726
0.983588
1.02028
1.05502
1.08448
1.10662
1.12098
1.12857
1.13124
1.13093
1.12915
1.1266
1.12361
1.12077
1.1192
1.12036
1.12565
1.13551
1.14914
1.16471
1.17996
1.19284
1.20208
1.20741
1.20929
1.20855
1.20587
1.20127
1.19426
1.184
1.16989
1.15208
1.13146
1.10947
1.08767
1.06724
1.04863
1.03156
1.01533
0.999544
0.984871
0.973025
0.966363
0.966968
0.97583
0.992331
1.01463
1.04027
1.06689
1.09268
1.11639
1.13714
1.15433
1.16745
1.17589
1.17904
1.17611
1.16634
1.14945
1.12609
1.09825
1.06935
1.04375
1.02576
1.01842
1.02239
1.03591
1.05551
1.07709
1.09683
1.11176
1.11987
1.12007
1.11228
1.09749
1.07773
1.05586
1.03527
1.01967
1.0125
1.01556
1.02744
1.04317
1.05617
1.06126
1.05665
1.04421
1.02833
1.01423
1.00626
1.00671
1.01551
1.03105
1.05101
1.07304
1.09528
1.11646
1.13606
1.1541
1.17073
1.18613
1.19996
1.21141
1.21931
1.22215
1.21878
1.20875
1.19272
1.17244
1.15024
1.12838
1.10864
1.0922
1.07977
1.07168
1.06762
1.06679
1.06834
1.07155
1.07585
1.08056
1.0847
1.08699
1.08613
1.08118
1.07182
1.05864
1.04343
1.02905
1.01886
1.01568
1.0206
1.03256
1.04894
1.06653
1.08249
1.09474
1.10213
1.10457
1.10279
1.09784
1.0908
1.08228
1.07239
1.06115
1.04892
1.03673
1.02605
1.01845
1.01491
1.01544
1.01904
1.02414
1.02928
1.03361
1.03703
1.04021
1.0442
1.04982
1.05745
1.06694
1.07784
1.08941
1.10061
1.11019
1.11688
1.11976
1.11843
1.11321
1.10501
1.09508
1.08492
1.07605
1.06978
1.06695
1.06787
1.07236
1.07996
1.08996
1.10142
1.11313
1.12358
1.13108
1.13405
1.13139
1.12291
1.10948
1.09301
1.07614
1.06165
1.05206
1.04886
1.0521
1.06062
1.07244
1.08543
1.09811
1.10957
1.11906
1.12539
1.12685
1.12161
1.10848
1.08753
1.06035
1.0299
0.99973
0.973216
0.952917
0.940359
0.936057
0.93964
0.94979
0.964282
0.980514
0.996171
1.01015
1.02287
1.03583
1.05076
1.06878
1.08983
1.11262
1.1352
1.1555
1.17185
1.18337
1.18978
1.19146
1.18901
1.18312
1.17443
1.16331
1.15004
1.13514
1.11943
1.10419
1.09079
1.08063
1.07483
1.07408
1.07865
1.08834
1.10239
1.1197
1.13868
1.15756
1.17442
1.18733
1.19464
1.19515
1.18834
1.17439
1.15424
1.12954
1.10249
1.07547
1.05067
1.02964
1.01331
1.00207
0.995977
0.994936
0.998592
1.00627
1.01706
1.02981
1.04351
1.05728
1.07045
1.08234
1.09206
1.09866
1.10128
1.09942
1.09329
1.08386
1.07265
1.06127
1.05116
1.04352
1.03962
1.04071
1.0478
1.06112
1.07985
1.10209
1.12529
1.14705
1.16563
1.18014
1.19062
1.19758
1.20157
1.20283
1.20111
1.19553
1.18516
1.16936
1.14813
1.12221
1.09301
1.06213
1.03107
1.00103
0.972762
0.946933
0.924476
0.907132
0.897619
0.898942
0.91302
0.939352
0.975107
1.01611
1.05809
1.09727
1.13055
1.15571
1.17153
1.17756
1.17438
1.16366
1.14808
1.131
1.11591
1.10567
1.10201
1.10529
1.11431
1.12667
1.13905
1.14786
1.15021
1.14469
1.13198
1.1146
1.09619
1.08021
1.06855
1.06065
1.05431
1.04735
1.03915
1.03134
1.02701
1.02919
1.03939
1.0566
1.07789
1.09961
1.11867
1.13326
1.14271
1.147
1.14614
1.13997
1.12851
1.11229
1.09266
1.07171
1.05192
1.03559
1.02466
1.0203
1.02307
1.03258
1.04777
1.06685
1.08752
1.10713
1.12305
1.133
1.13536
1.12966
1.11658
1.09782
1.07588
1.05349
1.03306
1.01615
1.0034
0.995047
0.992039
0.996505
1.01104
1.03654
1.07053
1.10769
1.14205
1.16946
1.18841
1.19948
1.20407
1.20333
1.19785
1.18767
1.17301
1.15491
1.13522
1.11626
1.10001
1.08745
1.07848
1.07236
1.06819
1.06541
1.06371
1.06304
1.06338
1.06468
1.06684
1.06967
1.0728
1.07587
1.07856
1.08073
1.08232
1.08338
1.08373
1.08297
1.08059
1.07638
1.0707
1.06441
1.0585
1.05379
1.05086
1.05013
1.05199
1.05669
1.06421
1.07443
1.08702
1.10153
1.11711
1.13236
1.14532
1.15405
1.15717
1.15426
1.14608
1.13429
1.12104
1.10828
1.09743
1.08928
1.08402
1.08128
1.08041
1.08074
1.08183
1.08362
1.08585
1.0881
1.08979
1.09049
1.09022
1.08949
1.08892
1.08889
1.08947
1.09064
1.09243
1.09481
1.09735
1.09913
1.09929
1.09756
1.09459
1.09171
1.09013
1.09012
1.09087
1.09105
1.08987
1.08759
1.08556
1.08546
1.08853
1.09479
1.10263
1.10915
1.11099
1.10533
1.09152
1.07223
1.05362
1.04235
1.04123
1.04777
1.05699
1.06491
1.06974
1.07119
1.06974
1.06611
1.06096
1.05501
1.04927
1.04505
1.04363
1.04587
1.05197
1.06142
1.07322
1.08628
1.0997
1.11283
1.12519
1.13626
1.14556
1.1526
1.15712
1.15889
1.15785
1.15384
1.14687
1.13712
1.12499
1.11101
1.09595
1.08096
1.06777
1.05846
1.0547
1.0567
1.06286
1.07026
1.07584
1.0775
1.07433
1.06675
1.05631
1.0452
1.03579
1.02998
1.02893
1.03284
1.04124
1.0531
1.06684
1.08015
1.09034
1.09503
1.09303
1.08476
1.07205
1.05771
1.04472
1.03559
1.03176
1.03342
1.03943
1.04759
1.05551
1.0614
1.0646
1.0656
1.06546
1.06537
1.06652
1.07006
1.07728
1.08943
1.10719
1.13013
1.15653
1.18373
1.20866
1.22854
1.24135
1.24575
1.24136
1.22842
1.20777
1.18095
1.14999
1.11692
1.0836
1.05171
1.02349
1.00207
0.990979
0.992575
1.00642
1.02933
1.05672
1.08439
1.10905
1.1281
1.13945
1.14166
1.13429
1.1184
1.0968
1.07384
1.05447
1.04286
1.04113
1.04878
1.06297
1.07965
1.09443
1.1033
1.10322
1.09286
1.07295
1.04627
1.01746
0.991963
0.974712
0.969033
0.976173
0.995445
1.02487
1.06156
1.10183
1.14137
1.17569
1.2008
1.21378
1.21314
1.19911
1.17376
1.14085
1.10546
1.07322
1.04919
1.03683
1.03732
1.04942
1.0702
1.09611
1.12376
1.15022
1.17289
1.18954
1.1984
1.1985
1.18972
1.17292
1.14968
1.12228
1.09339
1.06589
1.04239
1.02463
1.01335
1.00846
1.00936
1.01534
1.0258
1.0401
1.05755
1.07715
1.09728
1.11562
1.12942
1.13622
1.13445
1.12417
1.10719
1.08661
1.06616
1.04924
1.03803
1.03297
1.03295
1.03594
1.03992
1.04348
1.04627
1.04915
1.05408
1.06329
1.07802
1.09772
1.12019
1.14259
1.16261
1.17899
1.1911
1.19833
1.19981
1.19456
1.18185
1.16205
1.13685
1.10917
1.08242
1.05964
1.04267
1.03188
1.02654
1.02554
1.02777
1.03212
1.03762
1.04345
1.04909
1.05456
1.06016
1.06615
1.0722
1.07741
1.08062
1.08089
1.07783
1.07182
1.06386
1.05553
1.0489
1.04602
1.04833
1.0563
1.06952
1.08693
1.10689
1.12707
1.14466
1.15732
1.16402
1.16556
1.16412
1.16208
1.16092
1.16052
1.15945
1.15544
1.14632
1.1307
1.10858
1.08128
1.05094
1.02029
0.992243
0.969707
0.955243
0.950589
0.956378
0.972089
0.996182
1.02648
1.06051
1.09587
1.13024
1.16135
1.18684
1.2045
1.21261
1.21045
1.19845
1.17814
1.15217
1.12386
1.09682
1.07438
1.05893
1.05164
1.0524
1.06009
1.07269
1.08773
1.10258
1.11477
1.12228
1.1237
1.11845
1.10782
1.09564
1.08709
1.08502
1.08744
1.08931
1.08665
1.07832
1.06554
1.05062
1.03599
1.02396
1.0166
1.01552
1.02141
1.0338
1.05121
1.07173
1.09359
1.11552
1.13651
1.1554
1.17081
1.18119
1.18516
1.18184
1.17124
1.15434
1.13282
1.10887
1.08485
1.06277
1.04418
1.02989
1.02004
1.01438
1.01271
1.01531
1.02273
1.03507
1.05115
1.06857
1.08475
1.09769
1.10645
1.11091
1.11141
1.10855
1.10314
1.09603
1.08806
1.07984
1.07182
1.06432
1.05739
1.05093
1.04483
1.03952
1.03612
1.03594
1.03999
1.04847
1.06084
1.07611
1.09339
1.11225
1.13279
1.15519
1.17909
1.20325
1.22545
1.24289
1.25305
1.25421
1.24581
1.2287
1.2048
1.17686
1.14795
1.12055
1.09632
1.07571
1.05802
1.04182
1.02542
1.0078
0.989505
0.973065
0.962491
0.961437
0.970791
0.987948
1.00796
1.02573
1.03761
1.04196
1.03907
1.03061
1.01907
1.0072
0.997584
0.992503
0.993724
1.00229
1.01813
1.04
1.06577
1.09302
1.11975
1.14454
1.16621
1.1836
1.19524
1.19966
1.19586
1.18403
1.16581
1.14409
1.12239
1.10396
1.091
1.08436
1.08369
1.08792
1.09575
1.10589
2.10421
2.08109
2.03085
1.95746
1.86762
1.76988
1.6732
1.58586
1.51485
1.46538
1.43946
1.43488
1.44551
1.46349
1.48182
1.49613
1.5052
1.51077
1.51608
1.52358
1.53269
1.54032
1.54388
1.54467
1.54786
1.55886
1.5783
1.60039
1.61675
1.62258
1.61956
1.61391
1.61141
1.61444
1.622
1.63169
1.64139
1.65069
1.6618
1.67724
1.69556
1.71043
1.71506
1.70626
1.68524
1.65662
1.62716
1.60344
1.58965
1.58655
1.59213
1.60331
1.6171
1.63105
1.6431
1.65069
1.65122
1.64348
1.62963
1.61521
1.60645
1.60737
1.61838
1.63672
1.65731
1.67415
1.68212
1.67873
1.66522
1.64657
1.63025
1.62343
1.6301
1.64979
1.67841
1.71056
1.74184
1.76981
1.79368
1.81316
1.82728
1.83376
1.82912
1.80972
1.77314
1.72009
1.65485
1.58466
1.51772
1.46075
1.41733
1.38724
1.36701
1.35235
1.34115
1.33513
1.33833
1.35369
1.38044
1.4144
1.4502
1.48364
1.51285
1.5384
1.56245
1.58703
1.61237
1.63649
1.65629
1.669
1.67328
1.66933
1.65865
1.64368
1.6272
1.61196
1.60008
1.59264
1.58976
1.59116
1.59705
1.60871
1.62785
1.65488
1.68746
1.72105
1.75056
1.77123
1.77924
1.77277
1.75322
1.72533
1.69612
1.67301
1.66138
1.66282
1.67455
1.69033
1.70281
1.70661
1.70036
1.68682
1.67154
1.66103
1.66059
1.67222
1.69353
1.71846
1.73946
1.75019
1.74754
1.73195
1.70647
1.67525
1.6424
1.61172
1.58662
1.56946
1.55953
1.55288
1.54438
1.53084
1.51247
1.49194
1.47272
1.4585
1.45285
1.45844
1.4756
1.50145
1.53065
1.55696
1.57507
1.58148
1.57527
1.55837
1.53528
1.51212
1.49466
1.48697
1.49009
1.50231
1.5204
1.5416
1.56504
1.59188
1.62353
1.65986
1.69848
1.73494
1.76354
1.77816
1.77345
1.74674
1.69998
1.64126
1.58365
1.54125
1.52349
1.53148
1.55918
1.59787
1.64001
1.6802
1.71439
1.73896
1.75084
1.74842
1.73289
1.7085
1.68204
1.66141
1.65335
1.66134
1.68456
1.71865
1.75746
1.79472
1.8251
1.84457
1.85033
1.84067
1.81541
1.77632
1.72809
1.67792
1.63373
1.60155
1.58318
1.57563
1.57308
1.56998
1.56332
1.55311
1.54145
1.53057
1.52093
1.51127
1.5004
1.48837
1.47659
1.46702
1.46165
1.46215
1.46914
1.48131
1.49537
1.50777
1.51677
1.52331
1.53016
1.54041
1.55592
1.57645
1.59995
1.62363
1.64528
1.66418
1.68101
1.69721
1.71346
1.72909
1.74146
1.74646
1.73954
1.71739
1.67947
1.62934
1.57467
1.52551
1.49117
1.47719
1.48402
1.50776
1.54215
1.58046
1.61715
1.6485
1.67268
1.68943
1.69986
1.70581
1.70911
1.71098
1.71171
1.71091
1.70819
1.70362
1.69793
1.69212
1.68673
1.68141
1.67458
1.6639
1.64724
1.62348
1.59372
1.56139
1.53148
1.50863
1.49516
1.49043
1.49174
1.49579
1.49998
1.50319
1.50633
1.51201
1.52325
1.54219
1.56904
1.60175
1.63649
1.66859
1.69376
1.70904
1.71293
1.7049
1.68484
1.65346
1.61377
1.57325
1.5425
1.52925
1.53253
1.54513
1.56038
1.57507
1.58797
1.59918
1.61225
1.63452
1.67053
1.71513
1.75579
1.78092
1.78487
1.76779
1.73355
1.6876
1.6357
1.58347
1.53658
1.50084
1.48134
1.48105
1.4998
1.53432
1.57889
1.62648
1.66991
1.70309
1.72169
1.72339
1.70802
1.67786
1.63805
1.59662
1.56309
1.54541
1.54689
1.5655
1.59599
1.63262
1.67075
1.70748
1.74113
1.77018
1.7924
1.80516
1.80654
1.79594
1.77421
1.74318
1.70526
1.66364
1.62264
1.58728
1.562
1.54896
1.54776
1.55664
1.57379
1.59718
1.62325
1.64603
1.6595
1.66179
1.65614
1.64684
1.63423
1.61522
1.5879
1.55383
1.51782
1.48648
1.46622
1.46092
1.47027
1.49008
1.51457
1.53863
1.55917
1.57536
1.58812
1.59906
1.60921
1.61812
1.62392
1.62432
1.61782
1.60523
1.5902
1.57823
1.57404
1.57905
1.59088
1.60591
1.62222
1.6399
1.65866
1.67615
1.68831
1.69214
1.68823
1.68126
1.6778
1.68209
1.69323
1.70564
1.71242
1.70902
1.69505
1.67361
1.64947
1.62701
1.60901
1.59678
1.59108
1.59251
1.60181
1.61919
1.64383
1.67366
1.70552
1.73549
1.75936
1.77322
1.7744
1.76239
1.73953
1.711
1.68318
1.66161
1.64878
1.64374
1.64339
1.64405
1.6426
1.63668
1.62481
1.60678
1.58438
1.56103
1.54038
1.52454
1.51336
1.50507
1.49774
1.49017
1.48206
1.47362
1.46553
1.45969
1.46046
1.47409
1.50504
1.55153
1.60566
1.65847
1.7036
1.73803
1.76119
1.77331
1.77449
1.76463
1.74486
1.71871
1.69175
1.66972
1.65624
1.65179
1.65399
1.65917
1.66423
1.66763
1.66953
1.67109
1.67301
1.67455
1.67345
1.66668
1.65174
1.62777
1.59624
1.56102
1.52812
1.5046
1.49684
1.50853
1.5388
1.58186
1.62883
1.6706
1.70036
1.71487
1.71418
1.70081
1.67846
1.65104
1.62231
1.59585
1.57469
1.56081
1.55459
1.55458
1.55812
1.56254
1.56636
1.56966
1.57268
1.57426
1.57176
1.56263
1.54653
1.52669
1.50948
1.50133
1.50504
1.51853
1.53684
1.55513
1.57021
1.58076
1.58676
1.58914
1.58948
1.58937
1.59009
1.59283
1.59866
1.60813
1.6209
1.6359
1.65197
1.66824
1.68376
1.69722
1.70696
1.71164
1.71114
1.7066
1.69991
1.69324
1.6887
1.68824
1.69346
1.70484
1.72129
1.74007
1.75772
1.77166
1.78062
1.78376
1.78001
1.7683
1.74811
1.71935
1.68223
1.63768
1.58856
1.54009
1.49872
1.46983
1.45616
1.45739
1.47113
1.49387
1.52187
1.55186
1.58145
1.60876
1.63193
1.64895
1.65839
1.66069
1.65841
1.65499
1.65234
1.64947
1.64386
1.63395
1.62059
1.60616
1.59309
1.58259
1.57429
1.56708
1.56002
1.55306
1.54718
1.54413
1.5459
1.55376
1.56776
1.58641
1.60714
1.62738
1.64549
1.66088
1.67361
1.68392
1.69161
1.69614
1.69699
1.69411
1.68803
1.6797
1.67024
1.66085
1.65268
1.64662
1.64303
1.64164
1.64175
1.64257
1.64345
1.64415
1.64516
1.64688
1.64864
1.64791
1.6413
1.62663
1.60405
1.57586
1.54559
1.51761
1.49647
1.48511
1.48341
1.48871
1.49773
1.50757
1.51594
1.52142
1.52412
1.52577
1.5291
1.53659
1.54954
1.56792
1.59077
1.61669
1.64374
1.66863
1.68667
1.69279
1.68337
1.65801
1.62043
1.57791
1.53953
1.51387
1.50657
1.51888
1.54788
1.58846
1.6352
1.68311
1.72758
1.76429
1.78961
1.80103
1.79758
1.77969
1.74901
1.70836
1.66176
1.61423
1.57082
1.53568
1.51123
1.49755
1.49279
1.49426
1.49984
1.50913
1.52336
1.54436
1.5732
1.60979
1.65246
1.69734
1.73864
1.77038
1.78829
1.79074
1.77814
1.75249
1.71681
1.67503
1.63195
1.59257
1.56093
1.53924
1.52747
1.52415
1.52741
1.53545
1.54666
1.55917
1.5707
1.57908
1.58318
1.58329
1.58086
1.5778
1.5756
1.57519
1.57682
1.58038
1.58578
1.59342
1.6037
1.61599
1.62855
1.63943
1.64766
1.653
1.65519
1.65352
1.64731
1.63721
1.62555
1.61571
1.61133
1.61493
1.62749
1.64841
1.67616
1.70855
1.74277
1.77561
1.80363
1.82382
1.83446
1.8349
1.82514
1.80506
1.77387
1.73045
1.67426
1.60712
1.53453
1.46603
1.41333
1.38654
1.38957
1.41813
1.4613
1.50572
1.54017
1.55857
1.56091
1.55221
1.53995
1.53107
1.52936
1.53497
1.54569
1.55902
1.57369
1.58982
1.60846
1.6311
1.65872
1.69069
1.72402
1.75384
1.77529
1.78539
1.78387
1.77218
1.75202
1.72504
1.69351
1.66126
1.6335
1.61572
1.612
1.6238
1.64893
1.6819
1.71495
1.73989
1.7499
1.74112
1.71347
1.67055
1.61881
1.56667
1.52277
1.49486
1.48918
1.50936
1.55369
1.61383
1.67745
1.73286
1.77185
1.79024
1.78712
1.76441
1.72619
1.67803
1.62609
1.57628
1.53383
1.50343
1.48985
1.49777
1.52962
1.58199
1.64398
1.70046
1.73807
1.749
1.7316
1.68914
1.62896
1.56166
1.49986
1.45456
1.43075
1.4268
1.43822
1.46127
1.4934
1.53184
1.57254
1.61075
1.64256
1.66601
1.6811
1.68904
1.69121
1.68839
1.68078
1.66841
1.65182
1.63184
1.60923
1.58412
1.55647
1.52706
1.4985
1.47557
1.46416
1.46922
1.49301
1.53376
1.58564
1.63993
1.68749
1.72151
1.73917
1.74195
1.73417
1.72096
1.70626
1.69202
1.67864
1.66642
1.65573
1.64642
1.63709
1.62577
1.61138
1.59469
1.57741
1.56065
1.54423
1.52838
1.51533
1.50834
1.50928
1.51741
1.53013
1.54493
1.56
1.57389
1.5857
1.59622
1.6075
1.62076
1.63541
1.65027
1.66454
1.67782
1.69001
1.70141
1.71263
1.72455
1.73795
1.75327
1.76995
1.78538
1.79503
1.79487
1.78398
1.76457
1.73978
1.71242
1.68528
1.66166
1.64495
1.63629
1.63295
1.62919
1.61904
1.59942
1.57163
1.54087
1.51397
1.49669
1.49161
1.4979
1.51242
1.53095
1.54929
1.56395
1.57263
1.57461
1.57079
1.56343
1.5558
1.55124
1.55172
1.55721
1.56603
1.57642
1.58764
1.59988
1.61354
1.62788
1.64062
1.64858
1.64959
1.64352
1.63264
1.62105
1.61353
1.6135
1.62073
1.63104
1.63847
1.63795
1.62671
1.60459
1.57424
1.54053
1.50974
1.48873
1.48397
1.49918
1.5324
1.57644
1.62309
1.66679
1.70552
1.73986
1.77123
1.79974
1.82289
1.83639
1.8366
1.82339
1.80056
1.77327
1.7444
1.71341
1.67787
1.63611
1.58904
1.54111
1.49976
1.47254
1.46308
1.46989
2.09901
2.08685
2.06525
2.03754
2.00762
1.97904
1.95368
1.93147
1.91178
1.89455
1.88048
1.87093
1.86756
1.87163
1.8824
1.8967
1.91045
1.92041
1.92473
1.92292
1.91577
1.90542
1.89511
1.88844
1.88885
1.89882
1.91892
1.94651
1.97507
1.99615
2.00275
1.99188
1.96523
1.92781
1.8863
1.84783
1.81886
1.80303
1.79946
1.80489
1.81809
1.84156
1.87813
1.92726
1.98378
2.03935
2.08516
2.11484
2.12604
2.11986
2.09917
2.06752
2.02886
1.98765
1.94903
1.91818
1.89898
1.89254
1.89657
1.90598
1.91469
1.91786
1.9133
1.90195
1.88793
1.8775
1.87625
1.88526
1.89962
1.91117
1.91303
1.90314
1.88479
1.86528
1.85353
1.85753
1.882
1.92608
1.98281
2.04128
2.09011
2.12135
2.13286
2.12869
2.11682
2.10497
2.09625
2.08731
2.07082
2.04083
1.99731
1.94791
1.90501
1.87952
1.87446
1.88368
1.89622
1.90225
1.8963
1.87812
1.85224
1.82632
1.80786
1.80079
1.8036
1.81124
1.81876
1.82425
1.82911
1.83628
1.84828
1.86633
1.8904
1.91932
1.9501
1.9775
1.99555
2.00082
1.99447
1.98138
1.96794
1.96088
1.96707
1.99237
2.03845
2.09957
2.16323
2.21506
2.24434
2.24677
2.22486
2.18721
2.14645
2.11375
2.09255
2.07755
2.06034
2.03542
2.00288
1.96772
1.93732
1.91749
1.9095
1.90945
1.91084
1.90879
1.90219
1.89374
1.88844
1.89058
1.90041
1.91262
1.91914
1.91355
1.89387
1.86359
1.8309
1.80604
1.79659
1.80399
1.82343
1.84689
1.86757
1.88243
1.89232
1.90121
1.91584
1.94438
1.99264
2.05887
2.13208
2.1971
2.2416
2.26025
2.25438
2.22974
2.19317
2.15012
2.10375
2.05522
2.00499
1.95399
1.9041
1.85866
1.82223
1.79965
1.79417
1.80557
1.83022
1.86413
1.90546
1.95254
2.00025
2.04027
2.06486
2.06995
2.05564
2.02477
1.98135
1.92987
1.87566
1.82444
1.78093
1.74768
1.72613
1.71914
1.73184
1.76951
1.8333
1.91726
2.0092
2.09526
2.16416
2.20951
2.22989
2.22768
2.20579
2.16512
2.10604
2.03262
1.95562
1.89029
1.85063
1.84419
1.86944
1.91638
1.97081
2.02039
2.05825
2.08276
2.09589
2.10136
2.10296
2.10214
2.09764
2.08728
2.07055
2.04857
2.0229
1.99476
1.96549
1.93683
1.91032
1.88689
1.86796
1.85654
1.85703
1.87296
1.90443
1.9474
1.99523
2.04098
2.07865
2.10362
2.11291
2.10549
2.08209
2.04566
2.0004
1.9502
1.89726
1.84343
1.79479
1.76555
1.77295
1.82081
1.89145
1.96079
2.01409
2.0474
2.06278
2.06479
2.05816
2.04607
2.0292
2.00624
1.97616
1.94092
1.90648
1.88026
1.86712
1.86724
1.87648
1.88896
1.89986
1.90702
1.91129
1.91631
1.92719
1.94802
1.97909
2.01652
2.05401
2.08498
2.10394
2.10676
2.09146
2.0582
2.00921
1.94869
1.88342
1.82354
1.78004
1.75905
1.75884
1.77372
1.7983
1.82784
1.85779
1.88441
1.90575
1.92183
1.93358
1.9417
1.94598
1.94558
1.94001
1.93073
1.92145
1.91692
1.92121
1.9366
1.96295
1.99723
2.03346
2.06407
2.08313
2.08966
2.08813
2.0852
2.08532
2.08882
2.0928
2.09321
2.08646
2.07081
2.04708
2.0177
1.98545
1.95248
1.9202
1.88984
1.86284
1.84065
1.82446
1.81588
1.81674
1.82674
1.84225
1.85809
1.87109
1.88151
1.89179
1.90442
1.92025
1.93833
1.95694
1.97473
1.99147
2.00814
2.02642
2.04678
2.06734
2.08461
2.09533
2.09758
2.09109
2.07631
2.05392
2.02532
1.994
1.96575
1.94684
1.94082
1.94627
1.95698
1.96445
1.96133
1.94382
1.9123
1.87057
1.82427
1.77966
1.74295
1.71957
1.71311
1.72437
1.75133
1.78971
1.83356
1.87616
1.91147
1.93574
1.94857
1.95247
1.95172
1.95112
1.95482
1.96503
1.98102
1.99942
2.01585
2.0268
2.0306
2.02772
2.02045
2.0121
2.00528
2.00051
1.99578
1.98815
1.97607
1.96083
1.94588
1.93501
1.93071
1.93311
1.94044
1.95013
1.95991
1.96779
1.97182
1.97095
1.96588
1.95871
1.95153
1.94573
1.94214
1.94039
1.9388
1.93559
1.93193
1.93352
1.94827
1.98099
2.02856
2.08021
2.12286
2.14763
2.15286
2.14321
2.12591
2.1068
2.08829
2.06917
2.04652
2.01891
1.98875
1.96222
1.9457
1.9414
1.94589
1.95249
1.95465
1.94715
1.92676
1.89418
1.85511
1.81921
1.79582
1.78913
1.79628
1.81034
1.82529
1.8389
1.85333
1.87347
1.90408
1.94603
1.99511
2.04372
2.08397
2.11028
2.12038
2.11542
2.09887
2.07489
2.04722
2.01892
1.99265
1.97075
1.95494
1.9462
1.94477
1.95011
1.96096
1.975
1.98884
1.99916
2.0044
2.00533
2.00444
2.00441
2.00678
2.01132
2.01621
2.01865
2.01579
2.00513
1.98584
1.96044
1.93554
1.91874
1.91289
1.91381
1.91337
1.90422
1.88261
1.84903
1.80813
1.76802
1.73842
1.72786
1.74071
1.77532
1.82413
1.87646
1.92273
1.95773
1.98121
1.99552
2.00335
2.00621
2.00509
2.00261
2.00389
2.0137
2.03068
2.04726
2.05546
2.05104
2.03363
2.00596
1.97315
1.94143
1.91654
1.90236
1.9003
1.90901
1.92451
1.94143
1.9546
1.96121
1.96176
1.95951
1.95935
1.96581
1.98089
2.00251
2.02513
2.04226
2.04875
2.04181
2.02068
1.98662
1.94319
1.89656
1.85464
1.82525
1.81422
1.82363
1.85009
1.88442
1.91388
1.92693
1.91832
1.8927
1.86426
1.8498
1.85865
1.88802
1.92727
1.96487
1.99274
2.0072
2.00811
1.9986
1.98485
1.97517
1.97734
1.99479
2.02412
2.05636
2.08198
2.09588
2.09897
2.09613
2.09271
2.09175
2.09371
2.09733
2.10008
2.09773
2.08482
2.05664
2.01153
1.95294
1.89022
1.8362
1.80159
1.78985
1.79733
1.81677
1.84058
1.86285
1.88035
1.89242
1.89973
1.9035
1.90554
1.9081
1.91393
1.92616
1.94754
1.9791
2.01844
2.059
2.09155
2.10716
2.10025
2.07043
2.02273
1.9662
1.91177
1.86977
1.84754
1.84768
1.86771
1.90112
1.93995
1.97694
2.0068
2.02587
2.03183
2.02412
2.00448
1.9769
1.9465
1.91782
1.89339
1.87289
1.85334
1.83125
1.80589
1.78123
1.76478
1.76377
1.78163
1.81621
1.86066
1.90652
1.94748
1.98073
2.00547
2.0205
2.02442
2.01845
2.00829
2.00276
2.00933
2.02953
2.05752
2.0829
2.09571
2.09048
2.06785
2.03384
1.99739
1.96696
1.94772
1.94116
1.94618
1.9602
1.97872
1.99527
2.00284
1.99688
1.97733
1.94844
1.91655
1.88769
1.8659
1.85293
1.84889
1.85245
1.86084
1.87055
1.87803
1.88007
1.87422
1.85979
1.83865
1.81544
1.7967
1.78918
1.79807
1.82452
1.86393
1.9068
1.94188
1.96059
1.96053
1.94662
1.92904
1.9188
1.92316
1.94279
1.97235
2.00337
2.0281
2.0419
2.04364
2.03534
2.0213
2.00734
1.99901
1.99938
2.00745
2.01893
2.02905
2.03543
2.03876
2.04074
2.0419
2.04177
2.0398
2.03619
2.03155
2.02602
2.01861
2.00713
1.98956
1.96562
1.93779
1.9108
1.88996
1.87907
1.87903
1.88808
1.90285
1.9189
1.93194
1.93959
1.94302
1.94647
1.95418
1.96622
1.97723
1.98001
1.97089
1.95247
1.93159
1.91526
1.90733
1.9076
1.91294
1.91883
1.9205
1.91369
1.89664
1.87154
1.84429
1.82239
1.81165
1.81381
1.82652
1.84565
1.86786
1.89178
1.91704
1.94275
1.967
1.98778
2.00402
2.01528
2.02129
2.02139
2.01509
2.00294
1.98765
1.97461
1.96997
1.97748
1.99592
2.01978
2.04232
2.05816
2.06466
2.06199
2.05236
2.03748
2.01719
1.99077
1.95964
1.92877
1.90575
1.899
1.91406
1.94838
1.99155
2.0324
2.06428
2.08418
2.08984
2.07927
2.0526
2.01289
1.96402
1.90874
1.85059
1.79707
1.75835
1.74029
1.74122
1.75611
1.78116
1.81397
1.85116
1.88738
1.917
1.9366
1.94681
1.95176
1.95631
1.96307
1.97237
1.9845
2.00115
2.02445
2.05485
2.08934
2.12127
2.14202
2.14373
2.12205
2.07805
2.01893
1.95747
1.90835
1.88292
1.8844
1.90666
1.93789
1.96705
1.989
2.00555
2.02187
2.03871
2.04762
2.03552
1.99526
1.93305
1.86713
1.81404
1.77671
1.75058
1.73576
1.73817
1.76258
1.80739
1.86479
1.92416
1.97543
2.01105
2.0269
2.02249
2.00053
1.96676
1.92872
1.89363
1.86613
1.84781
1.83953
1.84312
1.86007
1.88944
1.92725
1.96762
2.00484
2.03545
2.05862
2.07523
2.08604
2.09091
2.08922
2.0811
2.06796
2.05257
2.03855
2.02908
2.0257
2.02731
2.03048
2.03068
2.0242
2.00939
1.98727
1.96131
1.9361
1.91612
1.90413
1.89862
1.8932
1.88007
1.85543
1.82148
1.78461
1.75297
1.73534
1.73878
1.76505
1.80918
1.86271
1.91648
1.96192
1.99206
2.00336
1.99727
1.97965
1.95778
1.93691
1.91964
1.90827
1.90751
1.92217
1.95148
1.98795
2.02248
2.04801
2.06057
2.05983
2.04926
2.03553
2.02666
2.02875
2.04283
2.0641
2.08489
2.09911
2.10479
2.10376
2.09978
2.09582
2.09247
2.08771
2.07848
2.06282
2.04141
2.01784
1.99713
1.98344
1.97833
1.98023
1.98572
1.99074
1.99268
1.99145
1.98902
1.98608
1.97942
1.96423
1.93911
1.90733
1.87266
1.83525
1.79217
1.74235
1.691
1.6485
1.62536
1.62713
1.65258
1.69466
1.74294
1.78717
1.82055
1.84246
1.85805
1.87387
1.89244
1.91084
1.9249
1.93356
1.93984
1.94896
1.96483
1.98753
2.01328
2.03672
2.05316
2.05954
2.05449
2.03891
2.01676
1.99491
1.9815
1.98297
2.00091
2.03075
2.06379
2.08353
2.02702
1.93158
1.79899
1.63331
1.44224
1.23803
1.03745
0.859708
0.722205
0.635664
0.601234
0.611041
0.651662
0.708339
0.768158
0.821799
0.86393
0.892611
0.908392
0.912955
0.908386
0.896878
0.880703
0.862586
0.845673
0.833213
0.827873
0.831118
0.843107
0.863186
0.890428
0.92385
0.96212
1.00342
1.04523
1.08462
1.11865
1.14491
1.16207
1.17051
1.17221
1.17043
1.16884
1.17054
1.17706
1.18796
1.20089
1.21254
1.2197
1.22006
1.21277
1.19843
1.17915
1.15798
1.13791
1.12106
1.10812
1.0984
1.09036
1.08217
1.07241
1.06049
1.04713
1.034
1.02337
1.01707
1.01597
1.01983
1.02764
1.03792
1.04928
1.0605
1.07081
1.07995
1.0879
1.09496
1.10162
1.1084
1.11575
1.124
1.13318
1.14317
1.15352
1.16353
1.17219
1.17832
1.18073
1.17837
1.17048
1.15668
1.13692
1.11162
1.08175
1.04888
1.01505
0.982314
0.952341
0.926338
0.905311
0.890508
0.883475
0.885609
0.897629
0.919169
0.948726
0.983588
1.02028
1.05502
1.08448
1.10662
1.12098
1.12857
1.13124
1.13093
1.12915
1.1266
1.12361
1.12077
1.1192
1.12036
1.12565
1.13551
1.14914
1.16471
1.17996
1.19284
1.20208
1.20741
1.20929
1.20855
1.20587
1.20127
1.19426
1.184
1.16989
1.15208
1.13146
1.10947
1.08767
1.06724
1.04863
1.03156
1.01533
0.999544
0.984871
0.973025
0.966363
0.966968
0.97583
0.992331
1.01463
1.04027
1.06689
1.09268
1.11639
1.13714
1.15433
1.16745
1.17589
1.17904
1.17611
1.16634
1.14945
1.12609
1.09825
1.06935
1.04375
1.02576
1.01842
1.02239
1.03591
1.05551
1.07709
1.09683
1.11176
1.11987
1.12007
1.11228
1.09749
1.07773
1.05586
1.03527
1.01967
1.0125
1.01556
1.02744
1.04317
1.05617
1.06126
1.05665
1.04421
1.02833
1.01423
1.00626
1.00671
1.01551
1.03105
1.05101
1.07304
1.09528
1.11646
1.13606
1.1541
1.17073
1.18613
1.19996
1.21141
1.21931
1.22215
1.21878
1.20875
1.19272
1.17244
1.15024
1.12838
1.10864
1.0922
1.07977
1.07168
1.06762
1.06679
1.06834
1.07155
1.07585
1.08056
1.0847
1.08699
1.08613
1.08118
1.07182
1.05864
1.04343
1.02905
1.01886
1.01568
1.0206
1.03256
1.04894
1.06653
1.08249
1.09474
1.10213
1.10457
1.10279
1.09784
1.0908
1.08228
1.07239
1.06115
1.04892
1.03673
1.02605
1.01845
1.01491
1.01544
1.01904
1.02414
1.02928
1.03361
1.03703
1.04021
1.0442
1.04982
1.05745
1.06694
1.07784
1.08941
1.10061
1.11019
1.11688
1.11976
1.11843
1.11321
1.10501
1.09508
1.08492
1.07605
1.06978
1.06695
1.06787
1.07236
1.07996
1.08996
1.10142
1.11313
1.12358
1.13108
1.13405
1.13139
1.12291
1.10948
1.09301
1.07614
1.06165
1.05206
1.04886
1.0521
1.06062
1.07244
1.08543
1.09811
1.10957
1.11906
1.12539
1.12685
1.12161
1.10848
1.08753
1.06035
1.0299
0.99973
0.973216
0.952917
0.940359
0.936057
0.93964
0.94979
0.964282
0.980514
0.996171
1.01015
1.02287
1.03583
1.05076
1.06878
1.08983
1.11262
1.1352
1.1555
1.17185
1.18337
1.18978
1.19146
1.18901
1.18312
1.17443
1.16331
1.15004
1.13514
1.11943
1.10419
1.09079
1.08063
1.07483
1.07408
1.07865
1.08834
1.10239
1.1197
1.13868
1.15756
1.17442
1.18733
1.19464
1.19515
1.18834
1.17439
1.15424
1.12954
1.10249
1.07547
1.05067
1.02964
1.01331
1.00207
0.995977
0.994936
0.998592
1.00627
1.01706
1.02981
1.04351
1.05728
1.07045
1.08234
1.09206
1.09866
1.10128
1.09942
1.09329
1.08386
1.07265
1.06127
1.05116
1.04352
1.03962
1.04071
1.0478
1.06112
1.07985
1.10209
1.12529
1.14705
1.16563
1.18014
1.19062
1.19758
1.20157
1.20283
1.20111
1.19553
1.18516
1.16936
1.14813
1.12221
1.09301
1.06213
1.03107
1.00103
0.972762
0.946933
0.924476
0.907132
0.897619
0.898942
0.91302
0.939352
0.975107
1.01611
1.05809
1.09727
1.13055
1.15571
1.17153
1.17756
1.17438
1.16366
1.14808
1.131
1.11591
1.10567
1.10201
1.10529
1.11431
1.12667
1.13905
1.14786
1.15021
1.14469
1.13198
1.1146
1.09619
1.08021
1.06855
1.06065
1.05431
1.04735
1.03915
1.03134
1.02701
1.02919
1.03939
1.0566
1.07789
1.09961
1.11867
1.13326
1.14271
1.147
1.14614
1.13997
1.12851
1.11229
1.09266
1.07171
1.05192
1.03559
1.02466
1.0203
1.02307
1.03258
1.04777
1.06685
1.08752
1.10713
1.12305
1.133
1.13536
1.12966
1.11658
1.09782
1.07588
1.05349
1.03306
1.01615
1.0034
0.995047
0.992039
0.996505
1.01104
1.03654
1.07053
1.10769
1.14205
1.16946
1.18841
1.19948
1.20407
1.20333
1.19785
1.18767
1.17301
1.15491
1.13522
1.11626
1.10001
1.08745
1.07848
1.07236
1.06819
1.06541
1.06371
1.06304
1.06338
1.06468
1.06684
1.06967
1.0728
1.07587
1.07856
1.08073
1.08232
1.08338
1.08373
1.08297
1.08059
1.07638
1.0707
1.06441
1.0585
1.05379
1.05086
1.05013
1.05199
1.05669
1.06421
1.07443
1.08702
1.10153
1.11711
1.13236
1.14532
1.15405
1.15717
1.15426
1.14608
1.13429
1.12104
1.10828
1.09743
1.08928
1.08402
1.08128
1.08041
1.08074
1.08183
1.08362
1.08585
1.0881
1.08979
1.09049
1.09022
1.08949
1.08892
1.08889
1.08947
1.09064
1.09243
1.09481
1.09735
1.09913
1.09929
1.09756
1.09459
1.09171
1.09013
1.09012
1.09087
1.09105
1.08987
1.08759
1.08556
1.08546
1.08853
1.09479
1.10263
1.10915
1.11099
1.10533
1.09152
1.07223
1.05362
1.04235
1.04123
1.04777
1.05699
1.06491
1.06974
1.07119
1.06974
1.06611
1.06096
1.05501
1.04927
1.04505
1.04363
1.04587
1.05197
1.06142
1.07322
1.08628
1.0997
1.11283
1.12519
1.13626
1.14556
1.1526
1.15712
1.15889
1.15785
1.15384
1.14687
1.13712
1.12499
1.11101
1.09595
1.08096
1.06777
1.05846
1.0547
1.0567
1.06286
1.07026
1.07584
1.0775
1.07433
1.06675
1.05631
1.0452
1.03579
1.02998
1.02893
1.03284
1.04124
1.0531
1.06684
1.08015
1.09034
1.09503
1.09303
1.08476
1.07205
1.05771
1.04472
1.03559
1.03176
1.03342
1.03943
1.04759
1.05551
1.0614
1.0646
1.0656
1.06546
1.06537
1.06652
1.07006
1.07728
1.08943
1.10719
1.13013
1.15653
1.18373
1.20866
1.22854
1.24135
1.24575
1.24136
1.22842
1.20777
1.18095
1.14999
1.11692
1.0836
1.05171
1.02349
1.00207
0.990979
0.992575
1.00642
1.02933
1.05672
1.08439
1.10905
1.1281
1.13945
1.14166
1.13429
1.1184
1.0968
1.07384
1.05447
1.04286
1.04113
1.04878
1.06297
1.07965
1.09443
1.1033
1.10322
1.09286
1.07295
1.04627
1.01746
0.991963
0.974712
0.969033
0.976173
0.995445
1.02487
1.06156
1.10183
1.14137
1.17569
1.2008
1.21378
1.21314
1.19911
1.17376
1.14085
1.10546
1.07322
1.04919
1.03683
1.03732
1.04942
1.0702
1.09611
1.12376
1.15022
1.17289
1.18954
1.1984
1.1985
1.18972
1.17292
1.14968
1.12228
1.09339
1.06589
1.04239
1.02463
1.01335
1.00846
1.00936
1.01534
1.0258
1.0401
1.05755
1.07715
1.09728
1.11562
1.12942
1.13622
1.13445
1.12417
1.10719
1.08661
1.06616
1.04924
1.03803
1.03297
1.03295
1.03594
1.03992
1.04348
1.04627
1.04915
1.05408
1.06329
1.07802
1.09772
1.12019
1.14259
1.16261
1.17899
1.1911
1.19833
1.19981
1.19456
1.18185
1.16205
1.13685
1.10917
1.08242
1.05964
1.04267
1.03188
1.02654
1.02554
1.02777
1.03212
1.03762
1.04345
1.04909
1.05456
1.06016
1.06615
1.0722
1.07741
1.08062
1.08089
1.07783
1.07182
1.06386
1.05553
1.0489
1.04602
1.04833
1.0563
1.06952
1.08693
1.10689
1.12707
1.14466
1.15732
1.16402
1.16556
1.16412
1.16208
1.16092
1.16052
1.15945
1.15544
1.14632
1.1307
1.10858
1.08128
1.05094
1.02029
0.992243
0.969707
0.955243
0.950589
0.956378
0.972089
0.996182
1.02648
1.06051
1.09587
1.13024
1.16135
1.18684
1.2045
1.21261
1.21045
1.19845
1.17814
1.15217
1.12386
1.09682
1.07438
1.05893
1.05164
1.0524
1.06009
1.07269
1.08773
1.10258
1.11477
1.12228
1.1237
1.11845
1.10782
1.09564
1.08709
1.08502
1.08744
1.08931
1.08665
1.07832
1.06554
1.05062
1.03599
1.02396
1.0166
1.01552
1.02141
1.0338
1.05121
1.07173
1.09359
1.11552
1.13651
1.1554
1.17081
1.18119
1.18516
1.18184
1.17124
1.15434
1.13282
1.10887
1.08485
1.06277
1.04418
1.02989
1.02004
1.01438
1.01271
1.01531
1.02273
1.03507
1.05115
1.06857
1.08475
1.09769
1.10645
1.11091
1.11141
1.10855
1.10314
1.09603
1.08806
1.07984
1.07182
1.06432
1.05739
1.05093
1.04483
1.03952
1.03612
1.03594
1.03999
1.04847
1.06084
1.07611
1.09339
1.11225
1.13279
1.15519
1.17909
1.20325
1.22545
1.24289
1.25305
1.25421
1.24581
1.2287
1.2048
1.17686
1.14795
1.12055
1.09632
1.07571
1.05802
1.04182
1.02542
1.0078
0.989505
0.973065
0.962491
0.961437
0.970791
0.987948
1.00796
1.02573
1.03761
1.04196
1.03907
1.03061
1.01907
1.0072
0.997584
0.992503
0.993724
1.00229
1.01813
1.04
1.06577
1.09302
1.11975
1.14454
1.16621
1.1836
1.19524
1.19966
1.19586
1.18403
1.16581
1.14409
1.12239
1.10396
1.091
1.08436
1.08369
1.08792
1.09575
1.10589
2.08353
2.02702
1.93158
1.79899
1.63331
1.44224
1.23803
1.03745
0.859708
0.722205
0.635664
0.601234
0.611041
0.651662
0.708339
0.768158
0.821799
0.86393
0.892611
0.908392
0.912955
0.908386
0.896878
0.880703
0.862586
0.845673
0.833213
0.827873
0.831118
0.843107
0.863186
0.890428
0.92385
0.96212
1.00342
1.04523
1.08462
1.11865
1.14491
1.16207
1.17051
1.17221
1.17043
1.16884
1.17054
1.17706
1.18796
1.20089
1.21254
1.2197
1.22006
1.21277
1.19843
1.17915
1.15798
1.13791
1.12106
1.10812
1.0984
1.09036
1.08217
1.07241
1.06049
1.04713
1.034
1.02337
1.01707
1.01597
1.01983
1.02764
1.03792
1.04928
1.0605
1.07081
1.07995
1.0879
1.09496
1.10162
1.1084
1.11575
1.124
1.13318
1.14317
1.15352
1.16353
1.17219
1.17832
1.18073
1.17837
1.17048
1.15668
1.13692
1.11162
1.08175
1.04888
1.01505
0.982314
0.952341
0.926338
0.905311
0.890508
0.883475
0.885609
0.897629
0.919169
0.948726
0.983588
1.02028
1.05502
1.08448
1.10662
1.12098
1.12857
1.13124
1.13093
1.12915
1.1266
1.12361
1.12077
1.1192
1.12036
1.12565
1.13551
1.14914
1.16471
1.17996
1.19284
1.20208
1.20741
1.20929
1.20855
1.20587
1.20127
1.19426
1.184
1.16989
1.15208
1.13146
1.10947
1.08767
1.06724
1.04863
1.03156
1.01533
0.999544
0.984871
0.973025
0.966363
0.966968
0.97583
0.992331
1.01463
1.04027
1.06689
1.09268
1.11639
1.13714
1.15433
1.16745
1.17589
1.17904
1.17611
1.16634
1.14945
1.12609
1.09825
1.06935
1.04375
1.02576
1.01842
1.02239
1.03591
1.05551
1.07709
1.09683
1.11176
1.11987
1.12007
1.11228
1.09749
1.07773
1.05586
1.03527
1.01967
1.0125
1.01556
1.02744
1.04317
1.05617
1.06126
1.05665
1.04421
1.02833
1.01423
1.00626
1.00671
1.01551
1.03105
1.05101
1.07304
1.09528
1.11646
1.13606
1.1541
1.17073
1.18613
1.19996
1.21141
1.21931
1.22215
1.21878
1.20875
1.19272
1.17244
1.15024
1.12838
1.10864
1.0922
1.07977
1.07168
1.06762
1.06679
1.06834
1.07155
1.07585
1.08056
1.0847
1.08699
1.08613
1.08118
1.07182
1.05864
1.04343
1.02905
1.01886
1.01568
1.0206
1.03256
1.04894
1.06653
1.08249
1.09474
1.10213
1.10457
1.10279
1.09784
1.0908
1.08228
1.07239
1.06115
1.04892
1.03673
1.02605
1.01845
1.01491
1.01544
1.01904
1.02414
1.02928
1.03361
1.03703
1.04021
1.0442
1.04982
1.05745
1.06694
1.07784
1.08941
1.10061
1.11019
1.11688
1.11976
1.11843
1.11321
1.10501
1.09508
1.08492
1.07605
1.06978
1.06695
1.06787
1.07236
1.07996
1.08996
1.10142
1.11313
1.12358
1.13108
1.13405
1.13139
1.12291
1.10948
1.09301
1.07614
1.06165
1.05206
1.04886
1.0521
1.06062
1.07244
1.08543
1.09811
1.10957
1.11906
1.12539
1.12685
1.12161
1.10848
1.08753
1.06035
1.0299
0.99973
0.973216
0.952917
0.940359
0.936057
0.93964
0.94979
0.964282
0.980514
0.996171
1.01015
1.02287
1.03583
1.05076
1.06878
1.08983
1.11262
1.1352
1.1555
1.17185
1.18337
1.18978
1.19146
1.18901
1.18312
1.17443
1.16331
1.15004
1.13514
1.11943
1.10419
1.09079
1.08063
1.07483
1.07408
1.07865
1.08834
1.10239
1.1197
1.13868
1.15756
1.17442
1.18733
1.19464
1.19515
1.18834
1.17439
1.15424
1.12954
1.10249
1.07547
1.05067
1.02964
1.01331
1.00207
0.995977
0.994936
0.998592
1.00627
1.01706
1.02981
1.04351
1.05728
1.07045
1.08234
1.09206
1.09866
1.10128
1.09942
1.09329
1.08386
1.07265
1.06127
1.05116
1.04352
1.03962
1.04071
1.0478
1.06112
1.07985
1.10209
1.12529
1.14705
1.16563
1.18014
1.19062
1.19758
1.20157
1.20283
1.20111
1.19553
1.18516
1.16936
1.14813
1.12221
1.09301
1.06213
1.03107
1.00103
0.972762
0.946933
0.924476
0.907132
0.897619
0.898942
0.91302
0.939352
0.975107
1.01611
1.05809
1.09727
1.13055
1.15571
1.17153
1.17756
1.17438
1.16366
1.14808
1.131
1.11591
1.10567
1.10201
1.10529
1.11431
1.12667
1.13905
1.14786
1.15021
1.14469
1.13198
1.1146
1.09619
1.08021
1.06855
1.06065
1.05431
1.04735
1.03915
1.03134
1.02701
1.02919
1.03939
1.0566
1.07789
1.09961
1.11867
1.13326
1.14271
1.147
1.14614
1.13997
1.12851
1.11229
1.09266
1.07171
1.05192
1.03559
1.02466
1.0203
1.02307
1.03258
1.04777
1.06685
1.08752
1.10713
1.12305
1.133
1.13536
1.12966
1.11658
1.09782
1.07588
1.05349
1.03306
1.01615
1.0034
0.995047
0.992039
0.996505
1.01104
1.03654
1.07053
1.10769
1.14205
1.16946
1.18841
1.19948
1.20407
1.20333
1.19785
1.18767
1.17301
1.15491
1.13522
1.11626
1.10001
1.08745
1.07848
1.07236
1.06819
1.06541
1.06371
1.06304
1.06338
1.06468
1.06684
1.06967
1.0728
1.07587
1.07856
1.08073
1.08232
1.08338
1.08373
1.08297
1.08059
1.07638
1.0707
1.06441
1.0585
1.05379
1.05086
1.05013
1.05199
1.05669
1.06421
1.07443
1.08702
1.10153
1.11711
1.13236
1.14532
1.15405
1.15717
1.15426
1.14608
1.13429
1.12104
1.10828
1.09743
1.08928
1.08402
1.08128
1.08041
1.08074
1.08183
1.08362
1.08585
1.0881
1.08979
1.09049
1.09022
1.08949
1.08892
1.08889
1.08947
1.09064
1.09243
1.09481
1.09735
1.09913
1.09929
1.09756
1.09459
1.09171
1.09013
1.09012
1.09087
1.09105
1.08987
1.08759
1.08556
1.08546
1.08853
1.09479
1.10263
1.10915
1.11099
1.10533
1.09152
1.07223
1.05362
1.04235
1.04123
1.04777
1.05699
1.06491
1.06974
1.07119
1.06974
1.06611
1.06096
1.05501
1.04927
1.04505
1.04363
1.04587
1.05197
1.06142
1.07322
1.08628
1.0997
1.11283
1.12519
1.13626
1.14556
1.1526
1.15712
1.15889
1.15785
1.15384
1.14687
1.13712
1.12499
1.11101
1.09595
1.08096
1.06777
1.05846
1.0547
1.0567
1.06286
1.07026
1.07584
1.0775
1.07433
1.06675
1.05631
1.0452
1.03579
1.02998
1.02893
1.03284
1.04124
1.0531
1.06684
1.08015
1.09034
1.09503
1.09303
1.08476
1.07205
1.05771
1.04472
1.03559
1.03176
1.03342
1.03943
1.04759
1.05551
1.0614
1.0646
1.0656
1.06546
1.06537
1.06652
1.07006
1.07728
1.08943
1.10719
1.13013
1.15653
1.18373
1.20866
1.22854
1.24135
1.24575
1.24136
1.22842
1.20777
1.18095
1.14999
1.11692
1.0836
1.05171
1.02349
1.00207
0.990979
0.992575
1.00642
1.02933
1.05672
1.08439
1.10905
1.1281
1.13945
1.14166
1.13429
1.1184
1.0968
1.07384
1.05447
1.04286
1.04113
1.04878
1.06297
1.07965
1.09443
1.1033
1.10322
1.09286
1.07295
1.04627
1.01746
0.991963
0.974712
0.969033
0.976173
0.995445
1.02487
1.06156
1.10183
1.14137
1.17569
1.2008
1.21378
1.21314
1.19911
1.17376
1.14085
1.10546
1.07322
1.04919
1.03683
1.03732
1.04942
1.0702
1.09611
1.12376
1.15022
1.17289
1.18954
1.1984
1.1985
1.18972
1.17292
1.14968
1.12228
1.09339
1.06589
1.04239
1.02463
1.01335
1.00846
1.00936
1.01534
1.0258
1.0401
1.05755
1.07715
1.09728
1.11562
1.12942
1.13622
1.13445
1.12417
1.10719
1.08661
1.06616
1.04924
1.03803
1.03297
1.03295
1.03594
1.03992
1.04348
1.04627
1.04915
1.05408
1.06329
1.07802
1.09772
1.12019
1.14259
1.16261
1.17899
1.1911
1.19833
1.19981
1.19456
1.18185
1.16205
1.13685
1.10917
1.08242
1.05964
1.04267
1.03188
1.02654
1.02554
1.02777
1.03212
1.03762
1.04345
1.04909
1.05456
1.06016
1.06615
1.0722
1.07741
1.08062
1.08089
1.07783
1.07182
1.06386
1.05553
1.0489
1.04602
1.04833
1.0563
1.06952
1.08693
1.10689
1.12707
1.14466
1.15732
1.16402
1.16556
1.16412
1.16208
1.16092
1.16052
1.15945
1.15544
1.14632
1.1307
1.10858
1.08128
1.05094
1.02029
0.992243
0.969707
0.955243
0.950589
0.956378
0.972089
0.996182
1.02648
1.06051
1.09587
1.13024
1.16135
1.18684
1.2045
1.21261
1.21045
1.19845
1.17814
1.15217
1.12386
1.09682
1.07438
1.05893
1.05164
1.0524
1.06009
1.07269
1.08773
1.10258
1.11477
1.12228
1.1237
1.11845
1.10782
1.09564
1.08709
1.08502
1.08744
1.08931
1.08665
1.07832
1.06554
1.05062
1.03599
1.02396
1.0166
1.01552
1.02141
1.0338
1.05121
1.07173
1.09359
1.11552
1.13651
1.1554
1.17081
1.18119
1.18516
1.18184
1.17124
1.15434
1.13282
1.10887
1.08485
1.06277
1.04418
1.02989
1.02004
1.01438
1.01271
1.01531
1.02273
1.03507
1.05115
1.06857
1.08475
1.09769
1.10645
1.11091
1.11141
1.10855
1.10314
1.09603
1.08806
1.07984
1.07182
1.06432
1.05739
1.05093
1.04483
1.03952
1.03612
1.03594
1.03999
1.04847
1.06084
1.07611
1.09339
1.11225
1.13279
1.15519
1.17909
1.20325
1.22545
1.24289
1.25305
1.25421
1.24581
1.2287
1.2048
1.17686
1.14795
1.12055
1.09632
1.07571
1.05802
1.04182
1.02542
1.0078
0.989505
0.973065
0.962491
0.961437
0.970791
0.987948
1.00796
1.02573
1.03761
1.04196
1.03907
1.03061
1.01907
1.0072
0.997584
0.992503
0.993724
1.00229
1.01813
1.04
1.06577
1.09302
1.11975
1.14454
1.16621
1.1836
1.19524
1.19966
1.19586
1.18403
1.16581
1.14409
1.12239
1.10396
1.091
1.08436
1.08369
1.08792
1.09575
1.10589
2.10421
2.08109
2.03085
1.95746
1.86762
1.76988
1.6732
1.58586
1.51485
1.46538
1.43946
1.43488
1.44551
1.46349
1.48182
1.49613
1.5052
1.51077
1.51608
1.52358
1.53269
1.54032
1.54388
1.54467
1.54786
1.55886
1.5783
1.60039
1.61675
1.62258
1.61956
1.61391
1.61141
1.61444
1.622
1.63169
1.64139
1.65069
1.6618
1.67724
1.69556
1.71043
1.71506
1.70626
1.68524
1.65662
1.62716
1.60344
1.58965
1.58655
1.59213
1.60331
1.6171
1.63105
1.6431
1.65069
1.65122
1.64348
1.62963
1.61521
1.60645
1.60737
1.61838
1.63672
1.65731
1.67415
1.68212
1.67873
1.66522
1.64657
1.63025
1.62343
1.6301
1.64979
1.67841
1.71056
1.74184
1.76981
1.79368
1.81316
1.82728
1.83376
1.82912
1.80972
1.77314
1.72009
1.65485
1.58466
1.51772
1.46075
1.41733
1.38724
1.36701
1.35235
1.34115
1.33513
1.33833
1.35369
1.38044
1.4144
1.4502
1.48364
1.51285
1.5384
1.56245
1.58703
1.61237
1.63649
1.65629
1.669
1.67328
1.66933
1.65865
1.64368
1.6272
1.61196
1.60008
1.59264
1.58976
1.59116
1.59705
1.60871
1.62785
1.65488
1.68746
1.72105
1.75056
1.77123
1.77924
1.77277
1.75322
1.72533
1.69612
1.67301
1.66138
1.66282
1.67455
1.69033
1.70281
1.70661
1.70036
1.68682
1.67154
1.66103
1.66059
1.67222
1.69353
1.71846
1.73946
1.75019
1.74754
1.73195
1.70647
1.67525
1.6424
1.61172
1.58662
1.56946
1.55953
1.55288
1.54438
1.53084
1.51247
1.49194
1.47272
1.4585
1.45285
1.45844
1.4756
1.50145
1.53065
1.55696
1.57507
1.58148
1.57527
1.55837
1.53528
1.51212
1.49466
1.48697
1.49009
1.50231
1.5204
1.5416
1.56504
1.59188
1.62353
1.65986
1.69848
1.73494
1.76354
1.77816
1.77345
1.74674
1.69998
1.64126
1.58365
1.54125
1.52349
1.53148
1.55918
1.59787
1.64001
1.6802
1.71439
1.73896
1.75084
1.74842
1.73289
1.7085
1.68204
1.66141
1.65335
1.66134
1.68456
1.71865
1.75746
1.79472
1.8251
1.84457
1.85033
1.84067
1.81541
1.77632
1.72809
1.67792
1.63373
1.60155
1.58318
1.57563
1.57308
1.56998
1.56332
1.55311
1.54145
1.53057
1.52093
1.51127
1.5004
1.48837
1.47659
1.46702
1.46165
1.46215
1.46914
1.48131
1.49537
1.50777
1.51677
1.52331
1.53016
1.54041
1.55592
1.57645
1.59995
1.62363
1.64528
1.66418
1.68101
1.69721
1.71346
1.72909
1.74146
1.74646
1.73954
1.71739
1.67947
1.62934
1.57467
1.52551
1.49117
1.47719
1.48402
1.50776
1.54215
1.58046
1.61715
1.6485
1.67268
1.68943
1.69986
1.70581
1.70911
1.71098
1.71171
1.71091
1.70819
1.70362
1.69793
1.69212
1.68673
1.68141
1.67458
1.6639
1.64724
1.62348
1.59372
1.56139
1.53148
1.50863
1.49516
1.49043
1.49174
1.49579
1.49998
1.50319
1.50633
1.51201
1.52325
1.54219
1.56904
1.60175
1.63649
1.66859
1.69376
1.70904
1.71293
1.7049
1.68484
1.65346
1.61377
1.57325
1.5425
1.52925
1.53253
1.54513
1.56038
1.57507
1.58797
1.59918
1.61225
1.63452
1.67053
1.71513
1.75579
1.78092
1.78487
1.76779
1.73355
1.6876
1.6357
1.58347
1.53658
1.50084
1.48134
1.48105
1.4998
1.53432
1.57889
1.62648
1.66991
1.70309
1.72169
1.72339
1.70802
1.67786
1.63805
1.59662
1.56309
1.54541
1.54689
1.5655
1.59599
1.63262
1.67075
1.70748
1.74113
1.77018
1.7924
1.80516
1.80654
1.79594
1.77421
1.74318
1.70526
1.66364
1.62264
1.58728
1.562
1.54896
1.54776
1.55664
1.57379
1.59718
1.62325
1.64603
1.6595
1.66179
1.65614
1.64684
1.63423
1.61522
1.5879
1.55383
1.51782
1.48648
1.46622
1.46092
1.47027
1.49008
1.51457
1.53863
1.55917
1.57536
1.58812
1.59906
1.60921
1.61812
1.62392
1.62432
1.61782
1.60523
1.5902
1.57823
1.57404
1.57905
1.59088
1.60591
1.62222
1.6399
1.65866
1.67615
1.68831
1.69214
1.68823
1.68126
1.6778
1.68209
1.69323
1.70564
1.71242
1.70902
1.69505
1.67361
1.64947
1.62701
1.60901
1.59678
1.59108
1.59251
1.60181
1.61919
1.64383
1.67366
1.70552
1.73549
1.75936
1.77322
1.7744
1.76239
1.73953
1.711
1.68318
1.66161
1.64878
1.64374
1.64339
1.64405
1.6426
1.63668
1.62481
1.60678
1.58438
1.56103
1.54038
1.52454
1.51336
1.50507
1.49774
1.49017
1.48206
1.47362
1.46553
1.45969
1.46046
1.47409
1.50504
1.55153
1.60566
1.65847
1.7036
1.73803
1.76119
1.77331
1.77449
1.76463
1.74486
1.71871
1.69175
1.66972
1.65624
1.65179
1.65399
1.65917
1.66423
1.66763
1.66953
1.67109
1.67301
1.67455
1.67345
1.66668
1.65174
1.62777
1.59624
1.56102
1.52812
1.5046
1.49684
1.50853
1.5388
1.58186
1.62883
1.6706
1.70036
1.71487
1.71418
1.70081
1.67846
1.65104
1.62231
1.59585
1.57469
1.56081
1.55459
1.55458
1.55812
1.56254
1.56636
1.56966
1.57268
1.57426
1.57176
1.56263
1.54653
1.52669
1.50948
1.50133
1.50504
1.51853
1.53684
1.55513
1.57021
1.58076
1.58676
1.58914
1.58948
1.58937
1.59009
1.59283
1.59866
1.60813
1.6209
1.6359
1.65197
1.66824
1.68376
1.69722
1.70696
1.71164
1.71114
1.7066
1.69991
1.69324
1.6887
1.68824
1.69346
1.70484
1.72129
1.74007
1.75772
1.77166
1.78062
1.78376
1.78001
1.7683
1.74811
1.71935
1.68223
1.63768
1.58856
1.54009
1.49872
1.46983
1.45616
1.45739
1.47113
1.49387
1.52187
1.55186
1.58145
1.60876
1.63193
1.64895
1.65839
1.66069
1.65841
1.65499
1.65234
1.64947
1.64386
1.63395
1.62059
1.60616
1.59309
1.58259
1.57429
1.56708
1.56002
1.55306
1.54718
1.54413
1.5459
1.55376
1.56776
1.58641
1.60714
1.62738
1.64549
1.66088
1.67361
1.68392
1.69161
1.69614
1.69699
1.69411
1.68803
1.6797
1.67024
1.66085
1.65268
1.64662
1.64303
1.64164
1.64175
1.64257
1.64345
1.64415
1.64516
1.64688
1.64864
1.64791
1.6413
1.62663
1.60405
1.57586
1.54559
1.51761
1.49647
1.48511
1.48341
1.48871
1.49773
1.50757
1.51594
1.52142
1.52412
1.52577
1.5291
1.53659
1.54954
1.56792
1.59077
1.61669
1.64374
1.66863
1.68667
1.69279
1.68337
1.65801
1.62043
1.57791
1.53953
1.51387
1.50657
1.51888
1.54788
1.58846
1.6352
1.68311
1.72758
1.76429
1.78961
1.80103
1.79758
1.77969
1.74901
1.70836
1.66176
1.61423
1.57082
1.53568
1.51123
1.49755
1.49279
1.49426
1.49984
1.50913
1.52336
1.54436
1.5732
1.60979
1.65246
1.69734
1.73864
1.77038
1.78829
1.79074
1.77814
1.75249
1.71681
1.67503
1.63195
1.59257
1.56093
1.53924
1.52747
1.52415
1.52741
1.53545
1.54666
1.55917
1.5707
1.57908
1.58318
1.58329
1.58086
1.5778
1.5756
1.57519
1.57682
1.58038
1.58578
1.59342
1.6037
1.61599
1.62855
1.63943
1.64766
1.653
1.65519
1.65352
1.64731
1.63721
1.62555
1.61571
1.61133
1.61493
1.62749
1.64841
1.67616
1.70855
1.74277
1.77561
1.80363
1.82382
1.83446
1.8349
1.82514
1.80506
1.77387
1.73045
1.67426
1.60712
1.53453
1.46603
1.41333
1.38654
1.38957
1.41813
1.4613
1.50572
1.54017
1.55857
1.56091
1.55221
1.53995
1.53107
1.52936
1.53497
1.54569
1.55902
1.57369
1.58982
1.60846
1.6311
1.65872
1.69069
1.72402
1.75384
1.77529
1.78539
1.78387
1.77218
1.75202
1.72504
1.69351
1.66126
1.6335
1.61572
1.612
1.6238
1.64893
1.6819
1.71495
1.73989
1.7499
1.74112
1.71347
1.67055
1.61881
1.56667
1.52277
1.49486
1.48918
1.50936
1.55369
1.61383
1.67745
1.73286
1.77185
1.79024
1.78712
1.76441
1.72619
1.67803
1.62609
1.57628
1.53383
1.50343
1.48985
1.49777
1.52962
1.58199
1.64398
1.70046
1.73807
1.749
1.7316
1.68914
1.62896
1.56166
1.49986
1.45456
1.43075
1.4268
1.43822
1.46127
1.4934
1.53184
1.57254
1.61075
1.64256
1.66601
1.6811
1.68904
1.69121
1.68839
1.68078
1.66841
1.65182
1.63184
1.60923
1.58412
1.55647
1.52706
1.4985
1.47557
1.46416
1.46922
1.49301
1.53376
1.58564
1.63993
1.68749
1.72151
1.73917
1.74195
1.73417
1.72096
1.70626
1.69202
1.67864
1.66642
1.65573
1.64642
1.63709
1.62577
1.61138
1.59469
1.57741
1.56065
1.54423
1.52838
1.51533
1.50834
1.50928
1.51741
1.53013
1.54493
1.56
1.57389
1.5857
1.59622
1.6075
1.62076
1.63541
1.65027
1.66454
1.67782
1.69001
1.70141
1.71263
1.72455
1.73795
1.75327
1.76995
1.78538
1.79503
1.79487
1.78398
1.76457
1.73978
1.71242
1.68528
1.66166
1.64495
1.63629
1.63295
1.62919
1.61904
1.59942
1.57163
1.54087
1.51397
1.49669
1.49161
1.4979
1.51242
1.53095
1.54929
1.56395
1.57263
1.57461
1.57079
1.56343
1.5558
1.55124
1.55172
1.55721
1.56603
1.57642
1.58764
1.59988
1.61354
1.62788
1.64062
1.64858
1.64959
1.64352
1.63264
1.62105
1.61353
1.6135
1.62073
1.63104
1.63847
1.63795
1.62671
1.60459
1.57424
1.54053
1.50974
1.48873
1.48397
1.49918
1.5324
1.57644
1.62309
1.66679
1.70552
1.73986
1.77123
1.79974
1.82289
1.83639
1.8366
1.82339
1.80056
1.77327
1.7444
1.71341
1.67787
1.63611
1.58904
1.54111
1.49976
1.47254
1.46308
1.46989
