1.38902
1.35135
1.28772
1.19933
1.08888
0.961496
0.825352
0.691636
0.573139
0.48147
0.423776
0.400823
0.40736
0.434441
0.472226
0.512105
0.547866
0.575953
0.595074
0.605595
0.608637
0.605591
0.597918
0.587136
0.575057
0.563782
0.555475
0.551915
0.554079
0.562071
0.575457
0.593619
0.6159
0.641413
0.668949
0.696821
0.723082
0.745768
0.763276
0.774716
0.780339
0.781477
0.780285
0.779229
0.780359
0.784707
0.791977
0.800591
0.808362
0.81313
0.813374
0.808512
0.798952
0.7861
0.771988
0.758605
0.747375
0.738744
0.732266
0.726906
0.721447
0.714937
0.706991
0.698084
0.689335
0.682244
0.678044
0.67731
0.67989
0.685095
0.691944
0.699517
0.706998
0.713876
0.719965
0.725268
0.729971
0.734411
0.738935
0.743833
0.74933
0.755456
0.762115
0.769014
0.775687
0.781462
0.785548
0.787155
0.785578
0.78032
0.77112
0.757949
0.741082
0.721164
0.699254
0.676699
0.654876
0.634894
0.617559
0.603541
0.593672
0.588984
0.590406
0.59842
0.61278
0.632484
0.655726
0.680189
0.703345
0.722987
0.737745
0.747321
0.752383
0.75416
0.753951
0.752765
0.751068
0.749076
0.74718
0.746132
0.746908
0.75043
0.757009
0.766094
0.776475
0.786639
0.795224
0.801384
0.804939
0.806193
0.805703
0.803911
0.800849
0.796176
0.789332
0.779927
0.768052
0.754304
0.73965
0.72511
0.711493
0.699085
0.687706
0.676885
0.666362
0.656581
0.648683
0.644242
0.644646
0.650553
0.661554
0.676423
0.693512
0.711263
0.728455
0.744262
0.758091
0.769556
0.778297
0.783927
0.786028
0.78407
0.777557
0.766297
0.750724
0.732169
0.712902
0.695835
0.683837
0.678945
0.681592
0.69061
0.703673
0.718057
0.731219
0.741172
0.74658
0.746714
0.741522
0.731663
0.718487
0.703908
0.69018
0.679782
0.675001
0.677039
0.684962
0.695448
0.704114
0.707504
0.704433
0.696143
0.685551
0.676151
0.670839
0.671139
0.677006
0.687366
0.700671
0.715363
0.730184
0.744309
0.757374
0.769398
0.780486
0.790752
0.799975
0.807607
0.812871
0.814766
0.812517
0.805832
0.795147
0.781626
0.766826
0.752256
0.739093
0.728131
0.71985
0.71445
0.711744
0.711194
0.712226
0.71437
0.717232
0.720375
0.723136
0.724659
0.724086
0.720784
0.714548
0.705761
0.695621
0.686036
0.679242
0.677121
0.6804
0.688372
0.699296
0.711019
0.72166
0.729826
0.734756
0.73638
0.735191
0.731893
0.7272
0.72152
0.714927
0.707436
0.699283
0.691151
0.684031
0.678965
0.676609
0.676957
0.679358
0.68276
0.686188
0.689077
0.691355
0.69347
0.69613
0.69988
0.70497
0.711295
0.718559
0.72627
0.733742
0.740128
0.744589
0.746507
0.745623
0.742143
0.736672
0.730053
0.723281
0.71737
0.713188
0.711301
0.711914
0.71491
0.719974
0.726638
0.734281
0.742089
0.749056
0.754052
0.756031
0.754263
0.74861
0.739653
0.728676
0.717424
0.70777
0.70137
0.699238
0.701402
0.707083
0.71496
0.72362
0.73207
0.739712
0.746037
0.75026
0.751235
0.747738
0.738985
0.72502
0.706902
0.686599
0.666487
0.64881
0.635278
0.626906
0.624038
0.626426
0.633194
0.642855
0.653676
0.664114
0.673435
0.681911
0.690554
0.700506
0.712519
0.726557
0.741749
0.756799
0.770331
0.781233
0.788914
0.793188
0.794304
0.792673
0.78875
0.782952
0.775538
0.76669
0.756757
0.746289
0.73613
0.727194
0.720421
0.716554
0.716055
0.7191
0.725557
0.734924
0.746466
0.759123
0.771709
0.782946
0.791553
0.796427
0.796767
0.792225
0.782929
0.769492
0.753029
0.734995
0.716982
0.700444
0.686427
0.675543
0.668044
0.663984
0.663291
0.665728
0.670848
0.678038
0.686539
0.695672
0.704856
0.713635
0.721558
0.728038
0.732442
0.73419
0.732946
0.728857
0.72257
0.715098
0.707516
0.700772
0.695679
0.693083
0.693805
0.69853
0.707417
0.719899
0.734724
0.750192
0.764699
0.77709
0.786757
0.793744
0.798384
0.80105
0.801887
0.800737
0.797021
0.790108
0.779572
0.765417
0.748143
0.728676
0.708085
0.687379
0.667351
0.648508
0.631289
0.616317
0.604755
0.598413
0.599295
0.60868
0.626235
0.650071
0.677408
0.705395
0.731515
0.753699
0.770476
0.781019
0.785038
0.782919
0.775771
0.765389
0.754002
0.743939
0.737111
0.734676
0.736857
0.74287
0.751115
0.759364
0.765241
0.766807
0.763127
0.754655
0.743065
0.730791
0.720142
0.712364
0.707101
0.702873
0.69823
0.692768
0.687563
0.68467
0.68613
0.692926
0.7044
0.718593
0.733073
0.745777
0.755509
0.76181
0.764667
0.764094
0.759978
0.752339
0.74153
0.728441
0.714473
0.701278
0.69039
0.683106
0.680202
0.682044
0.688389
0.698514
0.711235
0.725013
0.738086
0.748701
0.755334
0.75691
0.753105
0.744385
0.731878
0.71725
0.702324
0.688708
0.677436
0.668932
0.663365
0.66136
0.664337
0.674024
0.691027
0.713689
0.738459
0.761366
0.779643
0.792271
0.799656
0.802712
0.80222
0.798565
0.791778
0.782009
0.769938
0.756811
0.744174
0.733342
0.724965
0.71899
0.714907
0.71213
0.71027
0.709137
0.708696
0.708921
0.709785
0.711229
0.71311
0.7152
0.717246
0.71904
0.720488
0.721549
0.722256
0.722487
0.721979
0.72039
0.717584
0.713803
0.709608
0.705665
0.702527
0.700573
0.700087
0.70133
0.704458
0.709475
0.716287
0.724682
0.734356
0.744738
0.754904
0.76355
0.769367
0.771449
0.769509
0.764055
0.756195
0.747359
0.738855
0.731623
0.726186
0.722679
0.720852
0.720272
0.72049
0.72122
0.722411
0.723897
0.725401
0.726529
0.726992
0.726812
0.726327
0.725947
0.725929
0.726314
0.727091
0.728284
0.729874
0.731568
0.732755
0.732859
0.731708
0.729723
0.727805
0.726756
0.726746
0.727247
0.727368
0.726579
0.725063
0.723704
0.723641
0.725686
0.72986
0.735087
0.739435
0.740659
0.736885
0.727679
0.714822
0.702411
0.694899
0.694151
0.698513
0.704658
0.709941
0.713162
0.714126
0.713161
0.710743
0.707305
0.703339
0.699514
0.696701
0.69575
0.697245
0.701312
0.70761
0.715479
0.724186
0.733131
0.74189
0.750124
0.757505
0.763706
0.768401
0.771414
0.772594
0.771899
0.769226
0.76458
0.75808
0.749992
0.74067
0.730634
0.720638
0.711844
0.705642
0.703134
0.704465
0.708574
0.713505
0.717229
0.718331
0.716219
0.71117
0.704205
0.696802
0.690526
0.686655
0.685956
0.688562
0.694161
0.702064
0.711226
0.720103
0.726896
0.730019
0.728687
0.723172
0.714701
0.70514
0.696478
0.690394
0.687838
0.688945
0.692951
0.698395
0.70367
0.707599
0.709733
0.710398
0.710307
0.710249
0.711015
0.713371
0.718183
0.726287
0.738125
0.753422
0.771022
0.789155
0.805772
0.819025
0.827565
0.830502
0.827571
0.818948
0.805181
0.787299
0.766657
0.74461
0.722399
0.701137
0.68233
0.668044
0.660653
0.661717
0.670948
0.686218
0.704477
0.722926
0.739365
0.752063
0.759631
0.761108
0.756196
0.745602
0.731199
0.715895
0.70298
0.69524
0.694088
0.699187
0.708648
0.719764
0.729623
0.735532
0.735481
0.728573
0.715302
0.697514
0.678305
0.661308
0.649808
0.646022
0.650782
0.66363
0.683247
0.707706
0.734551
0.760913
0.783791
0.800533
0.809189
0.808758
0.799408
0.782505
0.760565
0.736973
0.715477
0.699458
0.691219
0.691544
0.699611
0.713465
0.730737
0.749176
0.766814
0.781927
0.793027
0.798936
0.799001
0.793147
0.781947
0.766456
0.748189
0.728928
0.710593
0.694924
0.683087
0.675568
0.67231
0.672905
0.676896
0.683865
0.693397
0.705033
0.718098
0.731517
0.743745
0.752949
0.757478
0.756297
0.749448
0.738128
0.724407
0.710776
0.699496
0.692021
0.688648
0.688631
0.690627
0.693283
0.695653
0.697513
0.699435
0.702722
0.708858
0.718679
0.731811
0.746794
0.761728
0.775076
0.785994
0.794064
0.798884
0.799873
0.796373
0.787903
0.774701
0.757902
0.739447
0.721615
0.706428
0.695111
0.687923
0.684362
0.683693
0.685178
0.688082
0.69175
0.695634
0.699392
0.70304
0.706771
0.710768
0.714799
0.718272
0.720413
0.720591
0.718556
0.714544
0.709241
0.703686
0.699264
0.697346
0.698887
0.704197
0.713013
0.724618
0.737927
0.751378
0.763109
0.771547
0.776012
0.77704
0.776079
0.774719
0.773946
0.773682
0.772964
0.770294
0.764212
0.753797
0.739053
0.720852
0.700626
0.680196
0.661495
0.646471
0.636828
0.633726
0.637585
0.648059
0.664121
0.684317
0.707006
0.73058
0.753496
0.774231
0.791224
0.802999
0.808405
0.806969
0.798965
0.785429
0.768116
0.749238
0.731212
0.71625
0.705951
0.70109
0.701603
0.706727
0.715127
0.725153
0.735053
0.743179
0.74819
0.749134
0.745636
0.73855
0.730427
0.724723
0.723349
0.72496
0.72621
0.724432
0.718877
0.710361
0.700413
0.690661
0.682638
0.677737
0.677017
0.680941
0.689202
0.700809
0.714485
0.729063
0.74368
0.757676
0.770265
0.780538
0.787458
0.790108
0.787896
0.780829
0.769557
0.75521
0.739248
0.723233
0.708517
0.696119
0.68659
0.680026
0.676252
0.675137
0.676876
0.681821
0.690047
0.700763
0.712383
0.723168
0.731794
0.737636
0.74061
0.74094
0.739033
0.735425
0.730686
0.725373
0.719892
0.714549
0.709544
0.704925
0.700622
0.696555
0.693015
0.690745
0.690629
0.693328
0.698979
0.707225
0.717407
0.728926
0.741497
0.75519
0.770128
0.786059
0.80217
0.816969
0.828593
0.835368
0.83614
0.83054
0.819131
0.803199
0.784576
0.765303
0.747033
0.73088
0.717139
0.705349
0.694549
0.683615
0.671869
0.65967
0.64871
0.641661
0.640958
0.647194
0.658632
0.671971
0.683822
0.691738
0.69464
0.692711
0.687073
0.679378
0.671466
0.665056
0.661669
0.662482
0.66819
0.678755
0.693334
0.710511
0.728679
0.746501
0.763027
0.777473
0.789065
0.796828
0.799776
0.797239
0.789351
0.777204
0.762725
0.748263
0.735971
0.727331
0.722908
0.722461
0.725277
0.730499
0.737262
1.40281
1.38739
1.3539
1.30497
1.24508
1.17992
1.11547
1.05724
1.0099
0.976919
0.959638
0.956584
0.963674
0.975657
0.987882
0.997418
1.00347
1.00718
1.01072
1.01572
1.02179
1.02688
1.02925
1.02978
1.03191
1.03924
1.0522
1.06693
1.07784
1.08172
1.07971
1.07594
1.07427
1.07629
1.08133
1.08779
1.09426
1.10046
1.10787
1.11816
1.13037
1.14029
1.14337
1.1375
1.12349
1.10441
1.08477
1.06896
1.05977
1.0577
1.06142
1.06887
1.07807
1.08737
1.0954
1.10046
1.10081
1.09565
1.08642
1.07681
1.07096
1.07158
1.07892
1.09115
1.10487
1.1161
1.12141
1.11916
1.11015
1.09771
1.08684
1.08228
1.08673
1.09986
1.11894
1.14038
1.16123
1.17988
1.19578
1.20878
1.21819
1.22251
1.21941
1.20648
1.1821
1.14673
1.10323
1.05644
1.01181
0.973832
0.944884
0.924824
0.911341
0.901565
0.894103
0.890088
0.892218
0.902457
0.920291
0.942933
0.966801
0.989096
1.00856
1.0256
1.04163
1.05802
1.07491
1.09099
1.1042
1.11267
1.11552
1.11288
1.10577
1.09579
1.0848
1.07464
1.06672
1.06176
1.05984
1.06078
1.0647
1.07248
1.08524
1.10325
1.12497
1.14737
1.16704
1.18082
1.18616
1.18185
1.16881
1.15022
1.13075
1.11534
1.10758
1.10855
1.11637
1.12689
1.13521
1.13774
1.13358
1.12454
1.11436
1.10736
1.10706
1.11481
1.12902
1.14564
1.15964
1.16679
1.16503
1.15463
1.13765
1.11683
1.09494
1.07448
1.05775
1.04631
1.03969
1.03525
1.02959
1.02056
1.00831
0.994626
0.981816
0.972333
0.968564
0.972297
0.983735
1.00097
1.02044
1.03798
1.05004
1.05432
1.05018
1.03891
1.02352
1.00808
0.996437
0.991317
0.993391
1.00154
1.0136
1.02773
1.04336
1.06125
1.08235
1.10657
1.13232
1.15663
1.1757
1.18544
1.1823
1.16449
1.13332
1.09417
1.05577
1.0275
1.01566
1.02098
1.03945
1.06525
1.09334
1.12014
1.14292
1.15931
1.16722
1.16561
1.15526
1.139
1.12136
1.10761
1.10223
1.10756
1.12304
1.14577
1.17164
1.19648
1.21673
1.22972
1.23356
1.22711
1.21027
1.18422
1.15206
1.11861
1.08915
1.0677
1.05545
1.05042
1.04872
1.04666
1.04221
1.0354
1.02763
1.02038
1.01395
1.00751
1.00027
0.992246
0.984391
0.978013
0.974433
0.974767
0.979428
0.987542
0.996914
1.00518
1.01118
1.01554
1.02011
1.02694
1.03728
1.05097
1.06663
1.08242
1.09686
1.10945
1.12068
1.13147
1.14231
1.15273
1.16097
1.16431
1.15969
1.14493
1.11965
1.08623
1.04978
1.01701
0.994116
0.984792
0.989344
1.00517
1.0281
1.05364
1.0781
1.099
1.11512
1.12629
1.13324
1.13721
1.13941
1.14065
1.14114
1.1406
1.1388
1.13575
1.13195
1.12808
1.12449
1.12094
1.11638
1.10926
1.09816
1.08232
1.06248
1.04092
1.02099
1.00576
0.996771
0.993619
0.994493
0.997194
0.999988
1.00213
1.00422
1.008
1.0155
1.02813
1.04603
1.06784
1.09099
1.1124
1.12917
1.13936
1.14195
1.1366
1.12323
1.1023
1.07585
1.04884
1.02833
1.0195
1.02169
1.03009
1.04025
1.05004
1.05865
1.06612
1.07483
1.08968
1.11369
1.14342
1.17053
1.18728
1.18991
1.17853
1.1557
1.12507
1.09047
1.05565
1.02439
1.00056
0.987558
0.987367
0.99987
1.02288
1.0526
1.08432
1.11327
1.13539
1.14779
1.14893
1.13868
1.11858
1.09203
1.06441
1.04206
1.03028
1.03126
1.04367
1.064
1.08841
1.11384
1.13832
1.16075
1.18012
1.19493
1.20344
1.20436
1.19729
1.18281
1.16212
1.13684
1.10909
1.08176
1.05819
1.04134
1.03264
1.03184
1.03776
1.04919
1.06479
1.08217
1.09735
1.10634
1.10786
1.10409
1.09789
1.08948
1.07681
1.0586
1.03589
1.01188
0.990985
0.97748
0.973946
0.980179
0.993387
1.00971
1.02575
1.03945
1.05024
1.05875
1.06604
1.07281
1.07874
1.08262
1.08288
1.07855
1.07015
1.06013
1.05215
1.04936
1.0527
1.06058
1.07061
1.08148
1.09327
1.10577
1.11743
1.12554
1.12809
1.12548
1.12084
1.11853
1.1214
1.12882
1.13709
1.14161
1.13935
1.13003
1.11574
1.09965
1.08467
1.07267
1.06452
1.06072
1.06167
1.06787
1.07946
1.09589
1.11577
1.13701
1.15699
1.17291
1.18214
1.18293
1.17493
1.15969
1.14066
1.12212
1.10774
1.09919
1.09583
1.09559
1.09603
1.09507
1.09112
1.08321
1.07119
1.05625
1.04068
1.02692
1.01636
1.00891
1.00338
0.998494
0.993448
0.988041
0.982412
0.977018
0.973125
0.973641
0.982725
1.00336
1.03435
1.07044
1.10565
1.13573
1.15869
1.17412
1.18221
1.18299
1.17642
1.16324
1.14581
1.12783
1.11315
1.10416
1.1012
1.10266
1.10611
1.10949
1.11175
1.11302
1.11406
1.11534
1.11636
1.11563
1.11112
1.10116
1.08518
1.06416
1.04068
1.01875
1.00307
0.997891
1.00568
1.02586
1.05457
1.08588
1.11373
1.13357
1.14324
1.14279
1.13387
1.11897
1.1007
1.08154
1.0639
1.04979
1.04054
1.03639
1.03638
1.03874
1.04169
1.04424
1.04644
1.04845
1.04951
1.04784
1.04175
1.03102
1.0178
1.00632
1.00088
1.00336
1.01235
1.02456
1.03676
1.04681
1.05384
1.05784
1.05942
1.05965
1.05958
1.06006
1.06189
1.06577
1.07208
1.0806
1.0906
1.10132
1.11216
1.12251
1.13148
1.13797
1.14109
1.14076
1.13773
1.13327
1.12882
1.1258
1.12549
1.12898
1.13656
1.14753
1.16005
1.17181
1.18111
1.18708
1.18917
1.18667
1.17887
1.16541
1.14624
1.12149
1.09179
1.05904
1.02673
0.999145
0.979889
0.970772
0.971591
0.980754
0.99591
1.01458
1.03457
1.0543
1.07251
1.08795
1.0993
1.10559
1.10712
1.10561
1.10333
1.10156
1.09965
1.09591
1.0893
1.08039
1.07077
1.06206
1.05506
1.04953
1.04472
1.04001
1.03537
1.03145
1.02942
1.0306
1.03584
1.04517
1.05761
1.07142
1.08492
1.09699
1.10725
1.11574
1.12261
1.12774
1.13076
1.13133
1.12941
1.12536
1.1198
1.1135
1.10723
1.10179
1.09775
1.09535
1.09443
1.0945
1.09505
1.09563
1.0961
1.09677
1.09792
1.09909
1.09861
1.0942
1.08442
1.06937
1.05057
1.0304
1.01174
0.997644
0.990071
0.988942
0.992477
0.998489
1.00505
1.01062
1.01428
1.01608
1.01718
1.0194
1.02439
1.03303
1.04528
1.06051
1.0778
1.09583
1.11242
1.12445
1.12853
1.12225
1.10534
1.08029
1.05194
1.02635
1.00925
1.00438
1.01259
1.03192
1.05897
1.09013
1.12207
1.15172
1.1762
1.19307
1.20069
1.19839
1.18646
1.166
1.1389
1.10784
1.07616
1.04721
1.02379
1.00748
0.998369
0.995194
0.996176
0.999896
1.00608
1.01557
1.02958
1.0488
1.07319
1.10164
1.13156
1.15909
1.18025
1.19219
1.19382
1.18543
1.16832
1.14454
1.11669
1.08797
1.06171
1.04062
1.02616
1.01831
1.0161
1.01827
1.02363
1.0311
1.03945
1.04713
1.05272
1.05546
1.05553
1.05391
1.05186
1.0504
1.05013
1.05121
1.05359
1.05718
1.06228
1.06913
1.07733
1.0857
1.09295
1.09844
1.102
1.10346
1.10235
1.09821
1.09147
1.0837
1.07714
1.07422
1.07662
1.085
1.09894
1.11744
1.13903
1.16185
1.18374
1.20242
1.21588
1.22297
1.22327
1.21676
1.20337
1.18258
1.15363
1.11617
1.07141
1.02302
0.977351
0.942222
0.924358
0.926381
0.945419
0.974199
1.00381
1.02678
1.03905
1.0406
1.03481
1.02663
1.02071
1.01958
1.02331
1.03046
1.03935
1.04913
1.05988
1.07231
1.0874
1.10581
1.12712
1.14935
1.16923
1.18353
1.19026
1.18925
1.18145
1.16801
1.15003
1.12901
1.10751
1.089
1.07715
1.07467
1.08253
1.09929
1.12126
1.1433
1.15993
1.1666
1.16075
1.14231
1.1137
1.07921
1.04444
1.01518
0.996573
0.992788
1.00624
1.03579
1.07589
1.1183
1.15524
1.18123
1.19349
1.19141
1.17627
1.15079
1.11869
1.08406
1.05085
1.02256
1.00229
0.993236
0.998515
1.01974
1.05466
1.09599
1.13364
1.15871
1.166
1.1544
1.12609
1.08597
1.0411
0.99991
0.969705
0.95383
0.951198
0.958816
0.974179
0.995603
1.02122
1.04836
1.07384
1.09504
1.11067
1.12073
1.12603
1.12747
1.12559
1.12052
1.11227
1.10122
1.08789
1.07282
1.05608
1.03765
1.01804
0.998998
0.983711
0.976104
0.979481
0.995342
1.02251
1.05709
1.09329
1.12499
1.14768
1.15945
1.1613
1.15611
1.14731
1.13751
1.12801
1.11909
1.11095
1.10382
1.09761
1.09139
1.08385
1.07425
1.06312
1.05161
1.04043
1.02949
1.01892
1.01022
1.00556
1.00619
1.0116
1.02009
1.02995
1.04
1.04926
1.05713
1.06414
1.07167
1.0805
1.09027
1.10018
1.10969
1.11855
1.12668
1.13428
1.14176
1.1497
1.15863
1.16885
1.17997
1.19025
1.19669
1.19658
1.18932
1.17638
1.15986
1.14162
1.12352
1.10778
1.09663
1.09086
1.08864
1.08612
1.07936
1.06628
1.04776
1.02724
1.00931
0.997796
0.994405
0.9986
1.00828
1.02063
1.03286
1.04263
1.04842
1.04974
1.04719
1.04229
1.0372
1.03416
1.03448
1.03814
1.04402
1.05095
1.05843
1.06659
1.07569
1.08526
1.09374
1.09905
1.09972
1.09568
1.08842
1.0807
1.07568
1.07567
1.08049
1.08736
1.09232
1.09197
1.08447
1.06972
1.04949
1.02702
1.0065
0.992487
0.989314
0.999453
1.0216
1.05096
1.08206
1.11119
1.13701
1.1599
1.18082
1.19982
1.21526
1.22426
1.2244
1.21559
1.20037
1.18218
1.16293
1.14227
1.11858
1.09074
1.05936
1.02741
0.999837
0.981691
0.975386
0.979924
1.39934
1.39123
1.37683
1.35836
1.33841
1.31936
1.30245
1.28765
1.27452
1.26303
1.25365
1.24729
1.24504
1.24775
1.25494
1.26447
1.27364
1.28027
1.28315
1.28194
1.27718
1.27028
1.26341
1.25896
1.25923
1.26588
1.27928
1.29767
1.31671
1.33077
1.33516
1.32792
1.31015
1.2852
1.25753
1.23189
1.21258
1.20202
1.19964
1.20326
1.21206
1.22771
1.25209
1.28484
1.32252
1.35957
1.3901
1.40989
1.41736
1.41324
1.39944
1.37835
1.35257
1.3251
1.29935
1.27878
1.26599
1.26169
1.26438
1.27065
1.27646
1.27857
1.27553
1.26797
1.25862
1.25167
1.25083
1.25684
1.26642
1.27411
1.27536
1.26876
1.25653
1.24352
1.23568
1.23835
1.25467
1.28405
1.32187
1.36085
1.39341
1.41423
1.42191
1.41913
1.41121
1.40332
1.3975
1.39154
1.38055
1.36055
1.33154
1.2986
1.27001
1.25301
1.24964
1.25579
1.26415
1.26817
1.2642
1.25208
1.23483
1.21755
1.20524
1.20053
1.2024
1.20749
1.2125
1.21617
1.21941
1.22419
1.23219
1.24422
1.26027
1.27955
1.30007
1.31833
1.33037
1.33388
1.32965
1.32092
1.31196
1.30725
1.31138
1.32825
1.35897
1.39971
1.44215
1.47671
1.49623
1.49785
1.48324
1.45814
1.43097
1.40917
1.39503
1.38504
1.37356
1.35695
1.33525
1.31182
1.29154
1.27833
1.273
1.27296
1.27389
1.27253
1.26812
1.26249
1.25896
1.26039
1.26694
1.27508
1.27942
1.2757
1.26258
1.24239
1.2206
1.20403
1.19773
1.20266
1.21562
1.23126
1.24504
1.25495
1.26155
1.26747
1.27722
1.29625
1.32843
1.37258
1.42139
1.46473
1.4944
1.50683
1.50292
1.4865
1.46211
1.43341
1.4025
1.37014
1.33666
1.30266
1.2694
1.23911
1.21482
1.19977
1.19612
1.20372
1.22015
1.24275
1.27031
1.30169
1.3335
1.36018
1.37657
1.37997
1.37043
1.34985
1.3209
1.28658
1.25044
1.2163
1.18729
1.16512
1.15076
1.1461
1.15456
1.17967
1.2222
1.27817
1.33947
1.39684
1.44277
1.47301
1.48659
1.48512
1.47053
1.44342
1.40403
1.35508
1.30375
1.26019
1.23375
1.22946
1.24629
1.27759
1.31387
1.34692
1.37217
1.38851
1.39726
1.40091
1.40197
1.40143
1.39842
1.39152
1.38036
1.36571
1.3486
1.32984
1.31033
1.29122
1.27355
1.25793
1.24531
1.23769
1.23802
1.24864
1.26962
1.29827
1.33016
1.36065
1.38577
1.40241
1.40861
1.40366
1.38806
1.36378
1.3336
1.30013
1.26484
1.22895
1.19653
1.17704
1.18197
1.21387
1.26097
1.30719
1.34273
1.36493
1.37519
1.37653
1.37211
1.36405
1.3528
1.33749
1.31744
1.29394
1.27099
1.25351
1.24474
1.24482
1.25098
1.2593
1.26658
1.27134
1.2742
1.27754
1.28479
1.29868
1.3194
1.34435
1.36934
1.38999
1.40262
1.40451
1.39431
1.37213
1.33948
1.29913
1.25561
1.21569
1.18669
1.1727
1.17256
1.18248
1.19887
1.21856
1.23853
1.25628
1.2705
1.28122
1.28905
1.29447
1.29732
1.29705
1.29334
1.28715
1.28097
1.27795
1.28081
1.29107
1.30863
1.33149
1.35564
1.37605
1.38875
1.39311
1.39208
1.39014
1.39021
1.39254
1.3952
1.39547
1.39097
1.38054
1.36472
1.34514
1.32364
1.30165
1.28013
1.2599
1.2419
1.2271
1.21631
1.21059
1.21116
1.21783
1.22817
1.23872
1.24739
1.25434
1.26119
1.26962
1.28017
1.29222
1.30463
1.31649
1.32764
1.33876
1.35095
1.36452
1.37822
1.38974
1.39689
1.39839
1.39406
1.38421
1.36928
1.35022
1.32933
1.3105
1.29789
1.29388
1.29751
1.30465
1.30963
1.30755
1.29588
1.27487
1.24705
1.21618
1.18644
1.16197
1.14638
1.14208
1.14958
1.16755
1.19314
1.22237
1.25077
1.27432
1.2905
1.29905
1.30164
1.30114
1.30075
1.30321
1.31002
1.32068
1.33295
1.3439
1.3512
1.35374
1.35181
1.34697
1.3414
1.33686
1.33368
1.33052
1.32543
1.31738
1.30722
1.29725
1.29001
1.28714
1.28874
1.29362
1.30009
1.30661
1.31186
1.31454
1.31397
1.31059
1.30581
1.30102
1.29715
1.29476
1.29359
1.29254
1.29039
1.28795
1.28901
1.29884
1.32066
1.35237
1.3868
1.41524
1.43175
1.43524
1.4288
1.41727
1.40453
1.39219
1.37945
1.36435
1.34594
1.32583
1.30814
1.29713
1.29427
1.29726
1.30166
1.3031
1.2981
1.28451
1.26279
1.23674
1.21281
1.19722
1.19276
1.19752
1.2069
1.21686
1.22593
1.23555
1.24898
1.26939
1.29735
1.33007
1.36248
1.38931
1.40685
1.41359
1.41028
1.39925
1.38326
1.36481
1.34594
1.32844
1.31383
1.3033
1.29747
1.29651
1.30007
1.30731
1.31667
1.3259
1.33277
1.33626
1.33689
1.3363
1.33627
1.33786
1.34088
1.34414
1.34576
1.34386
1.33675
1.32389
1.30696
1.29036
1.27916
1.27526
1.27587
1.27558
1.26948
1.25508
1.23268
1.20542
1.17868
1.15895
1.15191
1.16047
1.18355
1.21608
1.25097
1.28182
1.30515
1.32081
1.33035
1.33557
1.33747
1.33673
1.33507
1.33593
1.34247
1.35379
1.36484
1.3703
1.36736
1.35575
1.33731
1.31543
1.29429
1.2777
1.26824
1.26687
1.27267
1.28301
1.29428
1.30307
1.30748
1.30784
1.30634
1.30624
1.31054
1.32059
1.33501
1.35009
1.3615
1.36583
1.36121
1.34712
1.32441
1.29546
1.26438
1.23643
1.21683
1.20948
1.21576
1.23339
1.25628
1.27592
1.28462
1.27888
1.2618
1.24284
1.2332
1.2391
1.25868
1.28485
1.30991
1.3285
1.33813
1.33874
1.3324
1.32323
1.31678
1.31822
1.32986
1.34941
1.37091
1.38799
1.39726
1.39931
1.39742
1.39514
1.3945
1.39581
1.39822
1.40005
1.39848
1.38988
1.37109
1.34102
1.30196
1.26015
1.22413
1.20106
1.19324
1.19822
1.21118
1.22705
1.2419
1.25357
1.26161
1.26648
1.269
1.27036
1.27207
1.27596
1.28411
1.29836
1.3194
1.34563
1.37266
1.39437
1.40477
1.40017
1.38028
1.34849
1.3108
1.27451
1.24652
1.23169
1.23179
1.24514
1.26742
1.2933
1.31796
1.33786
1.35058
1.35456
1.34941
1.33632
1.31794
1.29767
1.27855
1.26226
1.24859
1.23556
1.22084
1.20393
1.18749
1.17652
1.17585
1.18775
1.21081
1.24044
1.27101
1.29832
1.32049
1.33698
1.347
1.34961
1.34563
1.33886
1.33517
1.33955
1.35302
1.37168
1.3886
1.39714
1.39365
1.37857
1.35589
1.33159
1.31131
1.29848
1.29411
1.29745
1.3068
1.31915
1.33018
1.33523
1.33125
1.31822
1.29896
1.2777
1.25846
1.24393
1.23529
1.23259
1.23496
1.24056
1.24704
1.25202
1.25338
1.24948
1.23986
1.22576
1.21029
1.1978
1.19279
1.19872
1.21635
1.24262
1.2712
1.29459
1.30706
1.30702
1.29775
1.28603
1.2792
1.28211
1.29519
1.3149
1.33558
1.35207
1.36126
1.36243
1.35689
1.34753
1.33823
1.33267
1.33292
1.3383
1.34595
1.3527
1.35696
1.35918
1.36049
1.36127
1.36118
1.35987
1.35746
1.35437
1.35068
1.34574
1.33808
1.32637
1.31042
1.29186
1.27387
1.25998
1.25271
1.25268
1.25872
1.26857
1.27927
1.28796
1.29306
1.29535
1.29764
1.30279
1.31081
1.31815
1.32001
1.31393
1.30165
1.28773
1.27684
1.27156
1.27173
1.27529
1.27922
1.28034
1.27579
1.26443
1.24769
1.22953
1.21493
1.20776
1.20921
1.21768
1.23043
1.24524
1.26119
1.27803
1.29516
1.31133
1.32519
1.33601
1.34352
1.34753
1.34759
1.34339
1.33529
1.3251
1.3164
1.31331
1.31832
1.33061
1.34652
1.36155
1.37211
1.37644
1.37466
1.36824
1.35832
1.34479
1.32718
1.30643
1.28585
1.2705
1.266
1.27604
1.29892
1.3277
1.35493
1.37618
1.38946
1.39323
1.38618
1.3684
1.34193
1.30935
1.27249
1.23372
1.19804
1.17223
1.1602
1.16081
1.17074
1.18744
1.20931
1.23411
1.25825
1.278
1.29107
1.29787
1.30118
1.3042
1.30872
1.31491
1.323
1.3341
1.34963
1.3699
1.3929
1.41418
1.42801
1.42915
1.4147
1.38537
1.34596
1.30498
1.27224
1.25528
1.25627
1.27111
1.29192
1.31137
1.326
1.33703
1.34792
1.35914
1.36508
1.35702
1.33017
1.2887
1.24476
1.20936
1.18447
1.16706
1.15718
1.15878
1.17505
1.20493
1.2432
1.28277
1.31695
1.3407
1.35127
1.34832
1.33368
1.31117
1.28582
1.26242
1.24409
1.23187
1.22635
1.22875
1.24005
1.25963
1.28483
1.31174
1.33656
1.35696
1.37241
1.38348
1.39069
1.39394
1.39281
1.3874
1.37864
1.36838
1.35903
1.35272
1.35047
1.35154
1.35365
1.35379
1.34947
1.33959
1.32485
1.30754
1.29073
1.27741
1.26942
1.26574
1.26213
1.25338
1.23695
1.21432
1.18974
1.16865
1.15689
1.15919
1.1767
1.20612
1.24181
1.27766
1.30794
1.32804
1.33558
1.33152
1.31977
1.30519
1.29127
1.27976
1.27218
1.27167
1.28145
1.30098
1.3253
1.34832
1.36534
1.37371
1.37322
1.36617
1.35702
1.35111
1.3525
1.36189
1.37607
1.38993
1.39941
1.40319
1.40251
1.39985
1.39721
1.39498
1.39181
1.38565
1.37521
1.36094
1.34523
1.33142
1.3223
1.31889
1.32016
1.32381
1.32716
1.32845
1.32763
1.32601
1.32405
1.31961
1.30949
1.29274
1.27155
1.24844
1.2235
1.19478
1.16157
1.12733
1.099
1.08357
1.08475
1.10172
1.12977
1.16196
1.19145
1.2137
1.2283
1.2387
1.24925
1.26163
1.27389
1.28327
1.28904
1.29323
1.29931
1.30988
1.32502
1.34219
1.35781
1.36878
1.37302
1.36966
1.35927
1.34451
1.32994
1.321
1.32198
1.33394
1.35384
1.37586
1.38902
1.35135
1.28772
1.19933
1.08888
0.961496
0.825352
0.691636
0.573139
0.48147
0.423776
0.400823
0.40736
0.434441
0.472226
0.512105
0.547866
0.575953
0.595074
0.605595
0.608637
0.605591
0.597918
0.587136
0.575057
0.563782
0.555475
0.551915
0.554079
0.562071
0.575457
0.593619
0.6159
0.641413
0.668949
0.696821
0.723082
0.745768
0.763276
0.774716
0.780339
0.781477
0.780285
0.779229
0.780359
0.784707
0.791977
0.800591
0.808362
0.81313
0.813374
0.808512
0.798952
0.7861
0.771988
0.758605
0.747375
0.738744
0.732266
0.726906
0.721447
0.714937
0.706991
0.698084
0.689335
0.682244
0.678044
0.67731
0.67989
0.685095
0.691944
0.699517
0.706998
0.713876
0.719965
0.725268
0.729971
0.734411
0.738935
0.743833
0.74933
0.755456
0.762115
0.769014
0.775687
0.781462
0.785548
0.787155
0.785578
0.78032
0.77112
0.757949
0.741082
0.721164
0.699254
0.676699
0.654876
0.634894
0.617559
0.603541
0.593672
0.588984
0.590406
0.59842
0.61278
0.632484
0.655726
0.680189
0.703345
0.722987
0.737745
0.747321
0.752383
0.75416
0.753951
0.752765
0.751068
0.749076
0.74718
0.746132
0.746908
0.75043
0.757009
0.766094
0.776475
0.786639
0.795224
0.801384
0.804939
0.806193
0.805703
0.803911
0.800849
0.796176
0.789332
0.779927
0.768052
0.754304
0.73965
0.72511
0.711493
0.699085
0.687706
0.676885
0.666362
0.656581
0.648683
0.644242
0.644646
0.650553
0.661554
0.676423
0.693512
0.711263
0.728455
0.744262
0.758091
0.769556
0.778297
0.783927
0.786028
0.78407
0.777557
0.766297
0.750724
0.732169
0.712902
0.695835
0.683837
0.678945
0.681592
0.69061
0.703673
0.718057
0.731219
0.741172
0.74658
0.746714
0.741522
0.731663
0.718487
0.703908
0.69018
0.679782
0.675001
0.677039
0.684962
0.695448
0.704114
0.707504
0.704433
0.696143
0.685551
0.676151
0.670839
0.671139
0.677006
0.687366
0.700671
0.715363
0.730184
0.744309
0.757374
0.769398
0.780486
0.790752
0.799975
0.807607
0.812871
0.814766
0.812517
0.805832
0.795147
0.781626
0.766826
0.752256
0.739093
0.728131
0.71985
0.71445
0.711744
0.711194
0.712226
0.71437
0.717232
0.720375
0.723136
0.724659
0.724086
0.720784
0.714548
0.705761
0.695621
0.686036
0.679242
0.677121
0.6804
0.688372
0.699296
0.711019
0.72166
0.729826
0.734756
0.73638
0.735191
0.731893
0.7272
0.72152
0.714927
0.707436
0.699283
0.691151
0.684031
0.678965
0.676609
0.676957
0.679358
0.68276
0.686188
0.689077
0.691355
0.69347
0.69613
0.69988
0.70497
0.711295
0.718559
0.72627
0.733742
0.740128
0.744589
0.746507
0.745623
0.742143
0.736672
0.730053
0.723281
0.71737
0.713188
0.711301
0.711914
0.71491
0.719974
0.726638
0.734281
0.742089
0.749056
0.754052
0.756031
0.754263
0.74861
0.739653
0.728676
0.717424
0.70777
0.70137
0.699238
0.701402
0.707083
0.71496
0.72362
0.73207
0.739712
0.746037
0.75026
0.751235
0.747738
0.738985
0.72502
0.706902
0.686599
0.666487
0.64881
0.635278
0.626906
0.624038
0.626426
0.633194
0.642855
0.653676
0.664114
0.673435
0.681911
0.690554
0.700506
0.712519
0.726557
0.741749
0.756799
0.770331
0.781233
0.788914
0.793188
0.794304
0.792673
0.78875
0.782952
0.775538
0.76669
0.756757
0.746289
0.73613
0.727194
0.720421
0.716554
0.716055
0.7191
0.725557
0.734924
0.746466
0.759123
0.771709
0.782946
0.791553
0.796427
0.796767
0.792225
0.782929
0.769492
0.753029
0.734995
0.716982
0.700444
0.686427
0.675543
0.668044
0.663984
0.663291
0.665728
0.670848
0.678038
0.686539
0.695672
0.704856
0.713635
0.721558
0.728038
0.732442
0.73419
0.732946
0.728857
0.72257
0.715098
0.707516
0.700772
0.695679
0.693083
0.693805
0.69853
0.707417
0.719899
0.734724
0.750192
0.764699
0.77709
0.786757
0.793744
0.798384
0.80105
0.801887
0.800737
0.797021
0.790108
0.779572
0.765417
0.748143
0.728676
0.708085
0.687379
0.667351
0.648508
0.631289
0.616317
0.604755
0.598413
0.599295
0.60868
0.626235
0.650071
0.677408
0.705395
0.731515
0.753699
0.770476
0.781019
0.785038
0.782919
0.775771
0.765389
0.754002
0.743939
0.737111
0.734676
0.736857
0.74287
0.751115
0.759364
0.765241
0.766807
0.763127
0.754655
0.743065
0.730791
0.720142
0.712364
0.707101
0.702873
0.69823
0.692768
0.687563
0.68467
0.68613
0.692926
0.7044
0.718593
0.733073
0.745777
0.755509
0.76181
0.764667
0.764094
0.759978
0.752339
0.74153
0.728441
0.714473
0.701278
0.69039
0.683106
0.680202
0.682044
0.688389
0.698514
0.711235
0.725013
0.738086
0.748701
0.755334
0.75691
0.753105
0.744385
0.731878
0.71725
0.702324
0.688708
0.677436
0.668932
0.663365
0.66136
0.664337
0.674024
0.691027
0.713689
0.738459
0.761366
0.779643
0.792271
0.799656
0.802712
0.80222
0.798565
0.791778
0.782009
0.769938
0.756811
0.744174
0.733342
0.724965
0.71899
0.714907
0.71213
0.71027
0.709137
0.708696
0.708921
0.709785
0.711229
0.71311
0.7152
0.717246
0.71904
0.720488
0.721549
0.722256
0.722487
0.721979
0.72039
0.717584
0.713803
0.709608
0.705665
0.702527
0.700573
0.700087
0.70133
0.704458
0.709475
0.716287
0.724682
0.734356
0.744738
0.754904
0.76355
0.769367
0.771449
0.769509
0.764055
0.756195
0.747359
0.738855
0.731623
0.726186
0.722679
0.720852
0.720272
0.72049
0.72122
0.722411
0.723897
0.725401
0.726529
0.726992
0.726812
0.726327
0.725947
0.725929
0.726314
0.727091
0.728284
0.729874
0.731568
0.732755
0.732859
0.731708
0.729723
0.727805
0.726756
0.726746
0.727247
0.727368
0.726579
0.725063
0.723704
0.723641
0.725686
0.72986
0.735087
0.739435
0.740659
0.736885
0.727679
0.714822
0.702411
0.694899
0.694151
0.698513
0.704658
0.709941
0.713162
0.714126
0.713161
0.710743
0.707305
0.703339
0.699514
0.696701
0.69575
0.697245
0.701312
0.70761
0.715479
0.724186
0.733131
0.74189
0.750124
0.757505
0.763706
0.768401
0.771414
0.772594
0.771899
0.769226
0.76458
0.75808
0.749992
0.74067
0.730634
0.720638
0.711844
0.705642
0.703134
0.704465
0.708574
0.713505
0.717229
0.718331
0.716219
0.71117
0.704205
0.696802
0.690526
0.686655
0.685956
0.688562
0.694161
0.702064
0.711226
0.720103
0.726896
0.730019
0.728687
0.723172
0.714701
0.70514
0.696478
0.690394
0.687838
0.688945
0.692951
0.698395
0.70367
0.707599
0.709733
0.710398
0.710307
0.710249
0.711015
0.713371
0.718183
0.726287
0.738125
0.753422
0.771022
0.789155
0.805772
0.819025
0.827565
0.830502
0.827571
0.818948
0.805181
0.787299
0.766657
0.74461
0.722399
0.701137
0.68233
0.668044
0.660653
0.661717
0.670948
0.686218
0.704477
0.722926
0.739365
0.752063
0.759631
0.761108
0.756196
0.745602
0.731199
0.715895
0.70298
0.69524
0.694088
0.699187
0.708648
0.719764
0.729623
0.735532
0.735481
0.728573
0.715302
0.697514
0.678305
0.661308
0.649808
0.646022
0.650782
0.66363
0.683247
0.707706
0.734551
0.760913
0.783791
0.800533
0.809189
0.808758
0.799408
0.782505
0.760565
0.736973
0.715477
0.699458
0.691219
0.691544
0.699611
0.713465
0.730737
0.749176
0.766814
0.781927
0.793027
0.798936
0.799001
0.793147
0.781947
0.766456
0.748189
0.728928
0.710593
0.694924
0.683087
0.675568
0.67231
0.672905
0.676896
0.683865
0.693397
0.705033
0.718098
0.731517
0.743745
0.752949
0.757478
0.756297
0.749448
0.738128
0.724407
0.710776
0.699496
0.692021
0.688648
0.688631
0.690627
0.693283
0.695653
0.697513
0.699435
0.702722
0.708858
0.718679
0.731811
0.746794
0.761728
0.775076
0.785994
0.794064
0.798884
0.799873
0.796373
0.787903
0.774701
0.757902
0.739447
0.721615
0.706428
0.695111
0.687923
0.684362
0.683693
0.685178
0.688082
0.69175
0.695634
0.699392
0.70304
0.706771
0.710768
0.714799
0.718272
0.720413
0.720591
0.718556
0.714544
0.709241
0.703686
0.699264
0.697346
0.698887
0.704197
0.713013
0.724618
0.737927
0.751378
0.763109
0.771547
0.776012
0.77704
0.776079
0.774719
0.773946
0.773682
0.772964
0.770294
0.764212
0.753797
0.739053
0.720852
0.700626
0.680196
0.661495
0.646471
0.636828
0.633726
0.637585
0.648059
0.664121
0.684317
0.707006
0.73058
0.753496
0.774231
0.791224
0.802999
0.808405
0.806969
0.798965
0.785429
0.768116
0.749238
0.731212
0.71625
0.705951
0.70109
0.701603
0.706727
0.715127
0.725153
0.735053
0.743179
0.74819
0.749134
0.745636
0.73855
0.730427
0.724723
0.723349
0.72496
0.72621
0.724432
0.718877
0.710361
0.700413
0.690661
0.682638
0.677737
0.677017
0.680941
0.689202
0.700809
0.714485
0.729063
0.74368
0.757676
0.770265
0.780538
0.787458
0.790108
0.787896
0.780829
0.769557
0.75521
0.739248
0.723233
0.708517
0.696119
0.68659
0.680026
0.676252
0.675137
0.676876
0.681821
0.690047
0.700763
0.712383
0.723168
0.731794
0.737636
0.74061
0.74094
0.739033
0.735425
0.730686
0.725373
0.719892
0.714549
0.709544
0.704925
0.700622
0.696555
0.693015
0.690745
0.690629
0.693328
0.698979
0.707225
0.717407
0.728926
0.741497
0.75519
0.770128
0.786059
0.80217
0.816969
0.828593
0.835368
0.83614
0.83054
0.819131
0.803199
0.784576
0.765303
0.747033
0.73088
0.717139
0.705349
0.694549
0.683615
0.671869
0.65967
0.64871
0.641661
0.640958
0.647194
0.658632
0.671971
0.683822
0.691738
0.69464
0.692711
0.687073
0.679378
0.671466
0.665056
0.661669
0.662482
0.66819
0.678755
0.693334
0.710511
0.728679
0.746501
0.763027
0.777473
0.789065
0.796828
0.799776
0.797239
0.789351
0.777204
0.762725
0.748263
0.735971
0.727331
0.722908
0.722461
0.725277
0.730499
0.737262
1.38902
1.35135
1.28772
1.19933
1.08888
0.961496
0.825352
0.691636
0.573139
0.48147
0.423776
0.400823
0.40736
0.434441
0.472226
0.512105
0.547866
0.575953
0.595074
0.605595
0.608637
0.605591
0.597918
0.587136
0.575057
0.563782
0.555475
0.551915
0.554079
0.562071
0.575457
0.593619
0.6159
0.641413
0.668949
0.696821
0.723082
0.745768
0.763276
0.774716
0.780339
0.781477
0.780285
0.779229
0.780359
0.784707
0.791977
0.800591
0.808362
0.81313
0.813374
0.808512
0.798952
0.7861
0.771988
0.758605
0.747375
0.738744
0.732266
0.726906
0.721447
0.714937
0.706991
0.698084
0.689335
0.682244
0.678044
0.67731
0.67989
0.685095
0.691944
0.699517
0.706998
0.713876
0.719965
0.725268
0.729971
0.734411
0.738935
0.743833
0.74933
0.755456
0.762115
0.769014
0.775687
0.781462
0.785548
0.787155
0.785578
0.78032
0.77112
0.757949
0.741082
0.721164
0.699254
0.676699
0.654876
0.634894
0.617559
0.603541
0.593672
0.588984
0.590406
0.59842
0.61278
0.632484
0.655726
0.680189
0.703345
0.722987
0.737745
0.747321
0.752383
0.75416
0.753951
0.752765
0.751068
0.749076
0.74718
0.746132
0.746908
0.75043
0.757009
0.766094
0.776475
0.786639
0.795224
0.801384
0.804939
0.806193
0.805703
0.803911
0.800849
0.796176
0.789332
0.779927
0.768052
0.754304
0.73965
0.72511
0.711493
0.699085
0.687706
0.676885
0.666362
0.656581
0.648683
0.644242
0.644646
0.650553
0.661554
0.676423
0.693512
0.711263
0.728455
0.744262
0.758091
0.769556
0.778297
0.783927
0.786028
0.78407
0.777557
0.766297
0.750724
0.732169
0.712902
0.695835
0.683837
0.678945
0.681592
0.69061
0.703673
0.718057
0.731219
0.741172
0.74658
0.746714
0.741522
0.731663
0.718487
0.703908
0.69018
0.679782
0.675001
0.677039
0.684962
0.695448
0.704114
0.707504
0.704433
0.696143
0.685551
0.676151
0.670839
0.671139
0.677006
0.687366
0.700671
0.715363
0.730184
0.744309
0.757374
0.769398
0.780486
0.790752
0.799975
0.807607
0.812871
0.814766
0.812517
0.805832
0.795147
0.781626
0.766826
0.752256
0.739093
0.728131
0.71985
0.71445
0.711744
0.711194
0.712226
0.71437
0.717232
0.720375
0.723136
0.724659
0.724086
0.720784
0.714548
0.705761
0.695621
0.686036
0.679242
0.677121
0.6804
0.688372
0.699296
0.711019
0.72166
0.729826
0.734756
0.73638
0.735191
0.731893
0.7272
0.72152
0.714927
0.707436
0.699283
0.691151
0.684031
0.678965
0.676609
0.676957
0.679358
0.68276
0.686188
0.689077
0.691355
0.69347
0.69613
0.69988
0.70497
0.711295
0.718559
0.72627
0.733742
0.740128
0.744589
0.746507
0.745623
0.742143
0.736672
0.730053
0.723281
0.71737
0.713188
0.711301
0.711914
0.71491
0.719974
0.726638
0.734281
0.742089
0.749056
0.754052
0.756031
0.754263
0.74861
0.739653
0.728676
0.717424
0.70777
0.70137
0.699238
0.701402
0.707083
0.71496
0.72362
0.73207
0.739712
0.746037
0.75026
0.751235
0.747738
0.738985
0.72502
0.706902
0.686599
0.666487
0.64881
0.635278
0.626906
0.624038
0.626426
0.633194
0.642855
0.653676
0.664114
0.673435
0.681911
0.690554
0.700506
0.712519
0.726557
0.741749
0.756799
0.770331
0.781233
0.788914
0.793188
0.794304
0.792673
0.78875
0.782952
0.775538
0.76669
0.756757
0.746289
0.73613
0.727194
0.720421
0.716554
0.716055
0.7191
0.725557
0.734924
0.746466
0.759123
0.771709
0.782946
0.791553
0.796427
0.796767
0.792225
0.782929
0.769492
0.753029
0.734995
0.716982
0.700444
0.686427
0.675543
0.668044
0.663984
0.663291
0.665728
0.670848
0.678038
0.686539
0.695672
0.704856
0.713635
0.721558
0.728038
0.732442
0.73419
0.732946
0.728857
0.72257
0.715098
0.707516
0.700772
0.695679
0.693083
0.693805
0.69853
0.707417
0.719899
0.734724
0.750192
0.764699
0.77709
0.786757
0.793744
0.798384
0.80105
0.801887
0.800737
0.797021
0.790108
0.779572
0.765417
0.748143
0.728676
0.708085
0.687379
0.667351
0.648508
0.631289
0.616317
0.604755
0.598413
0.599295
0.60868
0.626235
0.650071
0.677408
0.705395
0.731515
0.753699
0.770476
0.781019
0.785038
0.782919
0.775771
0.765389
0.754002
0.743939
0.737111
0.734676
0.736857
0.74287
0.751115
0.759364
0.765241
0.766807
0.763127
0.754655
0.743065
0.730791
0.720142
0.712364
0.707101
0.702873
0.69823
0.692768
0.687563
0.68467
0.68613
0.692926
0.7044
0.718593
0.733073
0.745777
0.755509
0.76181
0.764667
0.764094
0.759978
0.752339
0.74153
0.728441
0.714473
0.701278
0.69039
0.683106
0.680202
0.682044
0.688389
0.698514
0.711235
0.725013
0.738086
0.748701
0.755334
0.75691
0.753105
0.744385
0.731878
0.71725
0.702324
0.688708
0.677436
0.668932
0.663365
0.66136
0.664337
0.674024
0.691027
0.713689
0.738459
0.761366
0.779643
0.792271
0.799656
0.802712
0.80222
0.798565
0.791778
0.782009
0.769938
0.756811
0.744174
0.733342
0.724965
0.71899
0.714907
0.71213
0.71027
0.709137
0.708696
0.708921
0.709785
0.711229
0.71311
0.7152
0.717246
0.71904
0.720488
0.721549
0.722256
0.722487
0.721979
0.72039
0.717584
0.713803
0.709608
0.705665
0.702527
0.700573
0.700087
0.70133
0.704458
0.709475
0.716287
0.724682
0.734356
0.744738
0.754904
0.76355
0.769367
0.771449
0.769509
0.764055
0.756195
0.747359
0.738855
0.731623
0.726186
0.722679
0.720852
0.720272
0.72049
0.72122
0.722411
0.723897
0.725401
0.726529
0.726992
0.726812
0.726327
0.725947
0.725929
0.726314
0.727091
0.728284
0.729874
0.731568
0.732755
0.732859
0.731708
0.729723
0.727805
0.726756
0.726746
0.727247
0.727368
0.726579
0.725063
0.723704
0.723641
0.725686
0.72986
0.735087
0.739435
0.740659
0.736885
0.727679
0.714822
0.702411
0.694899
0.694151
0.698513
0.704658
0.709941
0.713162
0.714126
0.713161
0.710743
0.707305
0.703339
0.699514
0.696701
0.69575
0.697245
0.701312
0.70761
0.715479
0.724186
0.733131
0.74189
0.750124
0.757505
0.763706
0.768401
0.771414
0.772594
0.771899
0.769226
0.76458
0.75808
0.749992
0.74067
0.730634
0.720638
0.711844
0.705642
0.703134
0.704465
0.708574
0.713505
0.717229
0.718331
0.716219
0.71117
0.704205
0.696802
0.690526
0.686655
0.685956
0.688562
0.694161
0.702064
0.711226
0.720103
0.726896
0.730019
0.728687
0.723172
0.714701
0.70514
0.696478
0.690394
0.687838
0.688945
0.692951
0.698395
0.70367
0.707599
0.709733
0.710398
0.710307
0.710249
0.711015
0.713371
0.718183
0.726287
0.738125
0.753422
0.771022
0.789155
0.805772
0.819025
0.827565
0.830502
0.827571
0.818948
0.805181
0.787299
0.766657
0.74461
0.722399
0.701137
0.68233
0.668044
0.660653
0.661717
0.670948
0.686218
0.704477
0.722926
0.739365
0.752063
0.759631
0.761108
0.756196
0.745602
0.731199
0.715895
0.70298
0.69524
0.694088
0.699187
0.708648
0.719764
0.729623
0.735532
0.735481
0.728573
0.715302
0.697514
0.678305
0.661308
0.649808
0.646022
0.650782
0.66363
0.683247
0.707706
0.734551
0.760913
0.783791
0.800533
0.809189
0.808758
0.799408
0.782505
0.760565
0.736973
0.715477
0.699458
0.691219
0.691544
0.699611
0.713465
0.730737
0.749176
0.766814
0.781927
0.793027
0.798936
0.799001
0.793147
0.781947
0.766456
0.748189
0.728928
0.710593
0.694924
0.683087
0.675568
0.67231
0.672905
0.676896
0.683865
0.693397
0.705033
0.718098
0.731517
0.743745
0.752949
0.757478
0.756297
0.749448
0.738128
0.724407
0.710776
0.699496
0.692021
0.688648
0.688631
0.690627
0.693283
0.695653
0.697513
0.699435
0.702722
0.708858
0.718679
0.731811
0.746794
0.761728
0.775076
0.785994
0.794064
0.798884
0.799873
0.796373
0.787903
0.774701
0.757902
0.739447
0.721615
0.706428
0.695111
0.687923
0.684362
0.683693
0.685178
0.688082
0.69175
0.695634
0.699392
0.70304
0.706771
0.710768
0.714799
0.718272
0.720413
0.720591
0.718556
0.714544
0.709241
0.703686
0.699264
0.697346
0.698887
0.704197
0.713013
0.724618
0.737927
0.751378
0.763109
0.771547
0.776012
0.77704
0.776079
0.774719
0.773946
0.773682
0.772964
0.770294
0.764212
0.753797
0.739053
0.720852
0.700626
0.680196
0.661495
0.646471
0.636828
0.633726
0.637585
0.648059
0.664121
0.684317
0.707006
0.73058
0.753496
0.774231
0.791224
0.802999
0.808405
0.806969
0.798965
0.785429
0.768116
0.749238
0.731212
0.71625
0.705951
0.70109
0.701603
0.706727
0.715127
0.725153
0.735053
0.743179
0.74819
0.749134
0.745636
0.73855
0.730427
0.724723
0.723349
0.72496
0.72621
0.724432
0.718877
0.710361
0.700413
0.690661
0.682638
0.677737
0.677017
0.680941
0.689202
0.700809
0.714485
0.729063
0.74368
0.757676
0.770265
0.780538
0.787458
0.790108
0.787896
0.780829
0.769557
0.75521
0.739248
0.723233
0.708517
0.696119
0.68659
0.680026
0.676252
0.675137
0.676876
0.681821
0.690047
0.700763
0.712383
0.723168
0.731794
0.737636
0.74061
0.74094
0.739033
0.735425
0.730686
0.725373
0.719892
0.714549
0.709544
0.704925
0.700622
0.696555
0.693015
0.690745
0.690629
0.693328
0.698979
0.707225
0.717407
0.728926
0.741497
0.75519
0.770128
0.786059
0.80217
0.816969
0.828593
0.835368
0.83614
0.83054
0.819131
0.803199
0.784576
0.765303
0.747033
0.73088
0.717139
0.705349
0.694549
0.683615
0.671869
0.65967
0.64871
0.641661
0.640958
0.647194
0.658632
0.671971
0.683822
0.691738
0.69464
0.692711
0.687073
0.679378
0.671466
0.665056
0.661669
0.662482
0.66819
0.678755
0.693334
0.710511
0.728679
0.746501
0.763027
0.777473
0.789065
0.796828
0.799776
0.797239
0.789351
0.777204
0.762725
0.748263
0.735971
0.727331
0.722908
0.722461
0.725277
0.730499
0.737262
1.40281
1.38739
1.3539
1.30497
1.24508
1.17992
1.11547
1.05724
1.0099
0.976919
0.959638
0.956584
0.963674
0.975657
0.987882
0.997418
1.00347
1.00718
1.01072
1.01572
1.02179
1.02688
1.02925
1.02978
1.03191
1.03924
1.0522
1.06693
1.07784
1.08172
1.07971
1.07594
1.07427
1.07629
1.08133
1.08779
1.09426
1.10046
1.10787
1.11816
1.13037
1.14029
1.14337
1.1375
1.12349
1.10441
1.08477
1.06896
1.05977
1.0577
1.06142
1.06887
1.07807
1.08737
1.0954
1.10046
1.10081
1.09565
1.08642
1.07681
1.07096
1.07158
1.07892
1.09115
1.10487
1.1161
1.12141
1.11916
1.11015
1.09771
1.08684
1.08228
1.08673
1.09986
1.11894
1.14038
1.16123
1.17988
1.19578
1.20878
1.21819
1.22251
1.21941
1.20648
1.1821
1.14673
1.10323
1.05644
1.01181
0.973832
0.944884
0.924824
0.911341
0.901565
0.894103
0.890088
0.892218
0.902457
0.920291
0.942933
0.966801
0.989096
1.00856
1.0256
1.04163
1.05802
1.07491
1.09099
1.1042
1.11267
1.11552
1.11288
1.10577
1.09579
1.0848
1.07464
1.06672
1.06176
1.05984
1.06078
1.0647
1.07248
1.08524
1.10325
1.12497
1.14737
1.16704
1.18082
1.18616
1.18185
1.16881
1.15022
1.13075
1.11534
1.10758
1.10855
1.11637
1.12689
1.13521
1.13774
1.13358
1.12454
1.11436
1.10736
1.10706
1.11481
1.12902
1.14564
1.15964
1.16679
1.16503
1.15463
1.13765
1.11683
1.09494
1.07448
1.05775
1.04631
1.03969
1.03525
1.02959
1.02056
1.00831
0.994626
0.981816
0.972333
0.968564
0.972297
0.983735
1.00097
1.02044
1.03798
1.05004
1.05432
1.05018
1.03891
1.02352
1.00808
0.996437
0.991317
0.993391
1.00154
1.0136
1.02773
1.04336
1.06125
1.08235
1.10657
1.13232
1.15663
1.1757
1.18544
1.1823
1.16449
1.13332
1.09417
1.05577
1.0275
1.01566
1.02098
1.03945
1.06525
1.09334
1.12014
1.14292
1.15931
1.16722
1.16561
1.15526
1.139
1.12136
1.10761
1.10223
1.10756
1.12304
1.14577
1.17164
1.19648
1.21673
1.22972
1.23356
1.22711
1.21027
1.18422
1.15206
1.11861
1.08915
1.0677
1.05545
1.05042
1.04872
1.04666
1.04221
1.0354
1.02763
1.02038
1.01395
1.00751
1.00027
0.992246
0.984391
0.978013
0.974433
0.974767
0.979428
0.987542
0.996914
1.00518
1.01118
1.01554
1.02011
1.02694
1.03728
1.05097
1.06663
1.08242
1.09686
1.10945
1.12068
1.13147
1.14231
1.15273
1.16097
1.16431
1.15969
1.14493
1.11965
1.08623
1.04978
1.01701
0.994116
0.984792
0.989344
1.00517
1.0281
1.05364
1.0781
1.099
1.11512
1.12629
1.13324
1.13721
1.13941
1.14065
1.14114
1.1406
1.1388
1.13575
1.13195
1.12808
1.12449
1.12094
1.11638
1.10926
1.09816
1.08232
1.06248
1.04092
1.02099
1.00576
0.996771
0.993619
0.994493
0.997194
0.999988
1.00213
1.00422
1.008
1.0155
1.02813
1.04603
1.06784
1.09099
1.1124
1.12917
1.13936
1.14195
1.1366
1.12323
1.1023
1.07585
1.04884
1.02833
1.0195
1.02169
1.03009
1.04025
1.05004
1.05865
1.06612
1.07483
1.08968
1.11369
1.14342
1.17053
1.18728
1.18991
1.17853
1.1557
1.12507
1.09047
1.05565
1.02439
1.00056
0.987558
0.987367
0.99987
1.02288
1.0526
1.08432
1.11327
1.13539
1.14779
1.14893
1.13868
1.11858
1.09203
1.06441
1.04206
1.03028
1.03126
1.04367
1.064
1.08841
1.11384
1.13832
1.16075
1.18012
1.19493
1.20344
1.20436
1.19729
1.18281
1.16212
1.13684
1.10909
1.08176
1.05819
1.04134
1.03264
1.03184
1.03776
1.04919
1.06479
1.08217
1.09735
1.10634
1.10786
1.10409
1.09789
1.08948
1.07681
1.0586
1.03589
1.01188
0.990985
0.97748
0.973946
0.980179
0.993387
1.00971
1.02575
1.03945
1.05024
1.05875
1.06604
1.07281
1.07874
1.08262
1.08288
1.07855
1.07015
1.06013
1.05215
1.04936
1.0527
1.06058
1.07061
1.08148
1.09327
1.10577
1.11743
1.12554
1.12809
1.12548
1.12084
1.11853
1.1214
1.12882
1.13709
1.14161
1.13935
1.13003
1.11574
1.09965
1.08467
1.07267
1.06452
1.06072
1.06167
1.06787
1.07946
1.09589
1.11577
1.13701
1.15699
1.17291
1.18214
1.18293
1.17493
1.15969
1.14066
1.12212
1.10774
1.09919
1.09583
1.09559
1.09603
1.09507
1.09112
1.08321
1.07119
1.05625
1.04068
1.02692
1.01636
1.00891
1.00338
0.998494
0.993448
0.988041
0.982412
0.977018
0.973125
0.973641
0.982725
1.00336
1.03435
1.07044
1.10565
1.13573
1.15869
1.17412
1.18221
1.18299
1.17642
1.16324
1.14581
1.12783
1.11315
1.10416
1.1012
1.10266
1.10611
1.10949
1.11175
1.11302
1.11406
1.11534
1.11636
1.11563
1.11112
1.10116
1.08518
1.06416
1.04068
1.01875
1.00307
0.997891
1.00568
1.02586
1.05457
1.08588
1.11373
1.13357
1.14324
1.14279
1.13387
1.11897
1.1007
1.08154
1.0639
1.04979
1.04054
1.03639
1.03638
1.03874
1.04169
1.04424
1.04644
1.04845
1.04951
1.04784
1.04175
1.03102
1.0178
1.00632
1.00088
1.00336
1.01235
1.02456
1.03676
1.04681
1.05384
1.05784
1.05942
1.05965
1.05958
1.06006
1.06189
1.06577
1.07208
1.0806
1.0906
1.10132
1.11216
1.12251
1.13148
1.13797
1.14109
1.14076
1.13773
1.13327
1.12882
1.1258
1.12549
1.12898
1.13656
1.14753
1.16005
1.17181
1.18111
1.18708
1.18917
1.18667
1.17887
1.16541
1.14624
1.12149
1.09179
1.05904
1.02673
0.999145
0.979889
0.970772
0.971591
0.980754
0.99591
1.01458
1.03457
1.0543
1.07251
1.08795
1.0993
1.10559
1.10712
1.10561
1.10333
1.10156
1.09965
1.09591
1.0893
1.08039
1.07077
1.06206
1.05506
1.04953
1.04472
1.04001
1.03537
1.03145
1.02942
1.0306
1.03584
1.04517
1.05761
1.07142
1.08492
1.09699
1.10725
1.11574
1.12261
1.12774
1.13076
1.13133
1.12941
1.12536
1.1198
1.1135
1.10723
1.10179
1.09775
1.09535
1.09443
1.0945
1.09505
1.09563
1.0961
1.09677
1.09792
1.09909
1.09861
1.0942
1.08442
1.06937
1.05057
1.0304
1.01174
0.997644
0.990071
0.988942
0.992477
0.998489
1.00505
1.01062
1.01428
1.01608
1.01718
1.0194
1.02439
1.03303
1.04528
1.06051
1.0778
1.09583
1.11242
1.12445
1.12853
1.12225
1.10534
1.08029
1.05194
1.02635
1.00925
1.00438
1.01259
1.03192
1.05897
1.09013
1.12207
1.15172
1.1762
1.19307
1.20069
1.19839
1.18646
1.166
1.1389
1.10784
1.07616
1.04721
1.02379
1.00748
0.998369
0.995194
0.996176
0.999896
1.00608
1.01557
1.02958
1.0488
1.07319
1.10164
1.13156
1.15909
1.18025
1.19219
1.19382
1.18543
1.16832
1.14454
1.11669
1.08797
1.06171
1.04062
1.02616
1.01831
1.0161
1.01827
1.02363
1.0311
1.03945
1.04713
1.05272
1.05546
1.05553
1.05391
1.05186
1.0504
1.05013
1.05121
1.05359
1.05718
1.06228
1.06913
1.07733
1.0857
1.09295
1.09844
1.102
1.10346
1.10235
1.09821
1.09147
1.0837
1.07714
1.07422
1.07662
1.085
1.09894
1.11744
1.13903
1.16185
1.18374
1.20242
1.21588
1.22297
1.22327
1.21676
1.20337
1.18258
1.15363
1.11617
1.07141
1.02302
0.977351
0.942222
0.924358
0.926381
0.945419
0.974199
1.00381
1.02678
1.03905
1.0406
1.03481
1.02663
1.02071
1.01958
1.02331
1.03046
1.03935
1.04913
1.05988
1.07231
1.0874
1.10581
1.12712
1.14935
1.16923
1.18353
1.19026
1.18925
1.18145
1.16801
1.15003
1.12901
1.10751
1.089
1.07715
1.07467
1.08253
1.09929
1.12126
1.1433
1.15993
1.1666
1.16075
1.14231
1.1137
1.07921
1.04444
1.01518
0.996573
0.992788
1.00624
1.03579
1.07589
1.1183
1.15524
1.18123
1.19349
1.19141
1.17627
1.15079
1.11869
1.08406
1.05085
1.02256
1.00229
0.993236
0.998515
1.01974
1.05466
1.09599
1.13364
1.15871
1.166
1.1544
1.12609
1.08597
1.0411
0.99991
0.969705
0.95383
0.951198
0.958816
0.974179
0.995603
1.02122
1.04836
1.07384
1.09504
1.11067
1.12073
1.12603
1.12747
1.12559
1.12052
1.11227
1.10122
1.08789
1.07282
1.05608
1.03765
1.01804
0.998998
0.983711
0.976104
0.979481
0.995342
1.02251
1.05709
1.09329
1.12499
1.14768
1.15945
1.1613
1.15611
1.14731
1.13751
1.12801
1.11909
1.11095
1.10382
1.09761
1.09139
1.08385
1.07425
1.06312
1.05161
1.04043
1.02949
1.01892
1.01022
1.00556
1.00619
1.0116
1.02009
1.02995
1.04
1.04926
1.05713
1.06414
1.07167
1.0805
1.09027
1.10018
1.10969
1.11855
1.12668
1.13428
1.14176
1.1497
1.15863
1.16885
1.17997
1.19025
1.19669
1.19658
1.18932
1.17638
1.15986
1.14162
1.12352
1.10778
1.09663
1.09086
1.08864
1.08612
1.07936
1.06628
1.04776
1.02724
1.00931
0.997796
0.994405
0.9986
1.00828
1.02063
1.03286
1.04263
1.04842
1.04974
1.04719
1.04229
1.0372
1.03416
1.03448
1.03814
1.04402
1.05095
1.05843
1.06659
1.07569
1.08526
1.09374
1.09905
1.09972
1.09568
1.08842
1.0807
1.07568
1.07567
1.08049
1.08736
1.09232
1.09197
1.08447
1.06972
1.04949
1.02702
1.0065
0.992487
0.989314
0.999453
1.0216
1.05096
1.08206
1.11119
1.13701
1.1599
1.18082
1.19982
1.21526
1.22426
1.2244
1.21559
1.20037
1.18218
1.16293
1.14227
1.11858
1.09074
1.05936
1.02741
0.999837
0.981691
0.975386
0.979924
