0.0362008
0.0393393
0.0444503
0.0510713
0.0590262
0.067929
0.0772873
0.08624
0.0940638
0.0999865
0.103651
0.105043
0.104533
0.102653
0.100123
0.0974692
0.0950541
0.0931197
0.0917459
0.0909814
0.0907549
0.090952
0.0914874
0.0921854
0.0929753
0.0937376
0.0942553
0.0944645
0.0942754
0.0936789
0.0927329
0.0914704
0.0899457
0.0881324
0.086231
0.0843571
0.0825687
0.0810256
0.0798353
0.0790415
0.0786449
0.0785467
0.0785471
0.0786014
0.0785222
0.0782841
0.0778638
0.0773883
0.0769987
0.0768567
0.0769611
0.0773725
0.078044
0.0788918
0.0798334
0.0807066
0.0814794
0.0820916
0.0825468
0.0829529
0.0833674
0.0838175
0.0843518
0.0849249
0.0854979
0.0859054
0.0861826
0.0862204
0.0860694
0.0857456
0.0853322
0.0848445
0.0843402
0.0838532
0.0834986
0.083085
0.0827438
0.0824045
0.0820421
0.0816746
0.0812542
0.0807755
0.0802624
0.0797706
0.0792562
0.0788503
0.0785979
0.0785108
0.0786454
0.0789536
0.0796329
0.0805902
0.081784
0.0831227
0.0845806
0.0860763
0.0875548
0.0888978
0.0900498
0.0909991
0.0916071
0.0918907
0.0917719
0.0911996
0.090203
0.0888295
0.0872782
0.0856373
0.0841419
0.0828194
0.081794
0.0811165
0.0807597
0.0806169
0.0805513
0.0806733
0.0808321
0.0809792
0.0811271
0.0812612
0.0812309
0.081021
0.0806242
0.0800706
0.0794624
0.0788186
0.0783098
0.077879
0.0776148
0.0775128
0.077524
0.0775764
0.0776611
0.0779163
0.0782999
0.0789397
0.0796661
0.080514
0.081412
0.0823509
0.083329
0.0841893
0.085037
0.0858319
0.0865176
0.0871873
0.0877301
0.088029
0.087951
0.0875114
0.0867883
0.0857586
0.0846756
0.0835129
0.082374
0.0813541
0.080468
0.0797535
0.0791994
0.0788998
0.078832
0.0791051
0.0796499
0.0804583
0.0815837
0.082847
0.0841123
0.0852058
0.0859332
0.0861235
0.0858362
0.0852034
0.0842555
0.0833331
0.082501
0.0818196
0.0815031
0.0815402
0.0818675
0.0825181
0.0833696
0.0842733
0.0851146
0.0857473
0.0859822
0.0857655
0.0852826
0.0846061
0.084092
0.0838967
0.0841221
0.0846686
0.0853211
0.0859204
0.0863021
0.0862883
0.085902
0.0852148
0.0844108
0.0834915
0.082527
0.0816594
0.080834
0.0801128
0.0793415
0.0787156
0.0781936
0.0776812
0.0774125
0.0773203
0.0775705
0.078062
0.0787541
0.0796492
0.0806037
0.0815307
0.0823253
0.0830303
0.0835054
0.0838525
0.0839896
0.0839921
0.0838408
0.0836677
0.0834815
0.0832618
0.0831107
0.0830735
0.0831929
0.0834554
0.0839292
0.0845197
0.0852421
0.0858689
0.0862886
0.0863669
0.0861145
0.0855755
0.084796
0.0839995
0.0832905
0.0826705
0.0822729
0.0820806
0.0820762
0.0822854
0.0826104
0.0829687
0.0834426
0.0839378
0.0844999
0.0850455
0.0855396
0.0858777
0.0860281
0.085968
0.0857856
0.085545
0.0852861
0.0850515
0.0849048
0.0847504
0.0845008
0.0842585
0.0838819
0.0834891
0.0830281
0.0825898
0.0821466
0.0818427
0.0816569
0.0816384
0.0817593
0.0820735
0.0825251
0.0830792
0.0836131
0.0840495
0.084343
0.084496
0.0843851
0.0841445
0.0837668
0.0832632
0.0827357
0.0821737
0.0816362
0.0813163
0.0811689
0.0812277
0.0816179
0.0822149
0.0829111
0.0836107
0.0841745
0.0844752
0.0845469
0.0843444
0.0839002
0.0833708
0.0827186
0.0821733
0.0816697
0.0812704
0.0809945
0.0809292
0.0812707
0.0819212
0.0828846
0.0841345
0.0855132
0.0868341
0.0879545
0.0888204
0.0893442
0.0894879
0.0893255
0.0888868
0.0883015
0.0875616
0.0868425
0.0862758
0.0856462
0.0850098
0.0843121
0.0834739
0.0825565
0.0815576
0.0805596
0.0797189
0.0789586
0.0784476
0.0781449
0.0780899
0.0782247
0.0785074
0.0788992
0.0794079
0.080029
0.0806832
0.0813757
0.0820586
0.0825998
0.0830053
0.0832135
0.0832847
0.0830637
0.0826331
0.0820003
0.0812573
0.0803776
0.0794905
0.0787454
0.0781792
0.077894
0.077929
0.078312
0.0790174
0.0799729
0.0810543
0.0823175
0.0836138
0.0847924
0.0858454
0.0866441
0.0871678
0.0874171
0.087475
0.08732
0.0869127
0.0864089
0.0857618
0.0851438
0.0844612
0.0837841
0.0831699
0.0827065
0.0823726
0.0822852
0.0823255
0.082592
0.0830127
0.0835848
0.0841497
0.0846584
0.0850352
0.0851792
0.0851581
0.0848329
0.0841921
0.0833111
0.0823284
0.0812689
0.0802892
0.079453
0.0787811
0.0782318
0.0779208
0.0777394
0.0777421
0.0778663
0.0781859
0.0787493
0.079582
0.0806425
0.0818843
0.0832559
0.084684
0.0861175
0.0875064
0.0888288
0.0900148
0.0909691
0.0916254
0.0918998
0.0916611
0.0909096
0.089613
0.0879423
0.0860979
0.0841921
0.0824595
0.0810048
0.0799789
0.0793285
0.0791165
0.0792761
0.0797979
0.0804746
0.0811519
0.081787
0.0821838
0.0823088
0.0821054
0.0817227
0.0811461
0.0806377
0.0802996
0.0802527
0.0805966
0.0811707
0.0819234
0.0826906
0.08342
0.083964
0.0843654
0.0846986
0.0850502
0.0854153
0.0856744
0.0857305
0.0854641
0.0849831
0.0841856
0.0832209
0.0822424
0.0814113
0.0807215
0.0803384
0.0801926
0.080256
0.0806246
0.0811727
0.0820294
0.0829939
0.0839992
0.0849582
0.0857573
0.0862508
0.0864556
0.0863115
0.0858555
0.0850611
0.084188
0.0832458
0.0823296
0.0815733
0.0810941
0.0809623
0.0811417
0.0816496
0.0824903
0.0834714
0.0844342
0.085383
0.0861258
0.0867011
0.0870871
0.0871976
0.0869333
0.0862332
0.0849999
0.0834833
0.0818236
0.0803036
0.0791295
0.0783254
0.0778677
0.0776675
0.0777265
0.0780479
0.0785832
0.0792648
0.0800975
0.0810455
0.081903
0.0826391
0.0831742
0.0835771
0.083839
0.0840081
0.0841355
0.0841977
0.0842296
0.0841338
0.0840083
0.0838748
0.0837136
0.0836201
0.0834796
0.0833955
0.0833393
0.0833359
0.0833948
0.0834274
0.0834714
0.0836453
0.0838141
0.0840236
0.0842628
0.0845232
0.0846937
0.0847204
0.0846469
0.0844758
0.0841839
0.0837838
0.0833265
0.082744
0.0820662
0.0813319
0.0806736
0.0801302
0.0797774
0.0796855
0.0798323
0.0801955
0.0807511
0.0813028
0.0818318
0.0823539
0.0827991
0.0831013
0.0832346
0.08334
0.0834207
0.0834837
0.0834879
0.0834492
0.0834177
0.0834094
0.0833743
0.0833677
0.0834203
0.0834611
0.083455
0.0834054
0.0832663
0.0831279
0.0830278
0.0828573
0.0826947
0.082648
0.0826102
0.0826343
0.0826835
0.0826649
0.0826012
0.0825334
0.0825548
0.0826167
0.082693
0.0827321
0.0827169
0.0825895
0.0823182
0.0819938
0.081716
0.0816512
0.0819343
0.0824862
0.0832233
0.083919
0.0842814
0.0842533
0.0839682
0.083593
0.0832883
0.0831667
0.0831716
0.0833219
0.0835356
0.0838595
0.0842107
0.0844882
0.0847065
0.0848177
0.0847406
0.0845083
0.0841637
0.0837104
0.083123
0.0824794
0.0819136
0.0813199
0.0808403
0.0804007
0.0800807
0.0798611
0.0797246
0.0797874
0.0799428
0.0802283
0.0806284
0.0811247
0.0817387
0.0823568
0.0830051
0.0835633
0.083915
0.0840726
0.0840633
0.0838622
0.0835753
0.0833935
0.083463
0.083649
0.0839922
0.0844506
0.0849235
0.0853141
0.0855382
0.08556
0.0853164
0.0849379
0.0843769
0.0838267
0.0833121
0.0829206
0.0827914
0.0829129
0.0832993
0.0838401
0.0845383
0.0851031
0.0855335
0.0857356
0.0856962
0.0854389
0.085086
0.0846824
0.0843902
0.0841831
0.0841027
0.0839784
0.0838434
0.0837169
0.0834204
0.0829605
0.0823182
0.0814431
0.0804027
0.0791979
0.0780228
0.0769924
0.0762271
0.0757712
0.0757144
0.076046
0.0767969
0.0778638
0.0791528
0.0806428
0.0822448
0.0837911
0.0852338
0.0864532
0.087327
0.0877682
0.0876263
0.0868871
0.0858285
0.0845856
0.0833062
0.0821177
0.0812292
0.0806807
0.0805578
0.0809163
0.0816079
0.0825809
0.0835269
0.084297
0.0847743
0.0848672
0.0845664
0.0839603
0.0833245
0.0827579
0.0824522
0.0825651
0.0830639
0.083919
0.0850524
0.0862163
0.0871686
0.0878047
0.0879343
0.0875023
0.0865406
0.0851772
0.0835296
0.0817485
0.080066
0.0786818
0.0777285
0.0772955
0.0773996
0.0781316
0.0793343
0.0808379
0.0823641
0.0837452
0.0847647
0.085304
0.0852385
0.0846668
0.0837231
0.0825334
0.0813432
0.0801534
0.0791206
0.0784558
0.0781041
0.0781325
0.0785612
0.0793634
0.0804446
0.0816751
0.0829921
0.0841977
0.0852601
0.0860726
0.0865651
0.0867745
0.0867127
0.0864289
0.0859523
0.0853255
0.0845311
0.0836642
0.0827665
0.0820045
0.0813953
0.0811238
0.081266
0.0816615
0.0823623
0.0832371
0.0840668
0.0847811
0.0852112
0.0854542
0.0854982
0.0854027
0.0852525
0.085073
0.0849629
0.0847562
0.084496
0.0840314
0.0833673
0.082511
0.0815468
0.0805733
0.0797251
0.0790001
0.0785092
0.0782426
0.0782706
0.0785914
0.0792739
0.0802101
0.0814199
0.0826695
0.0838332
0.0848004
0.0855504
0.0859643
0.086162
0.0861703
0.0859539
0.0856863
0.0853544
0.0849447
0.0845734
0.0842462
0.0839065
0.0835877
0.0833241
0.0830781
0.0830086
0.0830713
0.0832804
0.0835995
0.084002
0.0844689
0.0847947
0.0849349
0.0849127
0.0846163
0.0839982
0.0832174
0.0823696
0.0814823
0.080688
0.0800904
0.0797158
0.0795382
0.0795733
0.0796159
0.0796369
0.0796356
0.0796954
0.0799532
0.0804279
0.0812111
0.082247
0.0834727
0.0848411
0.0862039
0.0874505
0.0884462
0.0890621
0.0892515
0.0889567
0.0881895
0.0870443
0.0856192
0.0840133
0.0823664
0.0807762
0.0793585
0.0782033
0.0774752
0.0771804
0.0772717
0.0778976
0.0788421
0.0801074
0.0814186
0.0826205
0.0836667
0.0843241
0.0846175
0.0845929
0.08427
0.0836973
0.0830554
0.0824844
0.0819588
0.0815702
0.0814751
0.0816761
0.0820795
0.0825277
0.0828194
0.0828587
0.0827953
0.0827319
0.0829017
0.0833402
0.0839252
0.0845667
0.0852524
0.0858107
0.0861404
0.0861902
0.0858704
0.085263
0.0844901
0.0835858
0.0826053
0.08162
0.0806675
0.0798169
0.079082
0.0787034
0.0785382
0.0787243
0.0792435
0.0800967
0.0811081
0.0822054
0.0833107
0.0843255
0.0851995
0.0858853
0.086324
0.0865718
0.0865609
0.0863465
0.085928
0.0852846
0.0845275
0.0836804
0.0829666
0.0823392
0.0819054
0.081636
0.0816301
0.0817317
0.0820093
0.0823634
0.082755
0.0832048
0.0836491
0.084039
0.0844399
0.0848001
0.0851493
0.0854305
0.0855695
0.0855575
0.0853886
0.0849973
0.084407
0.083651
0.0828503
0.0819266
0.0809234
0.079865
0.0787152
0.0776115
0.076624
0.0758638
0.0755393
0.0756118
0.0760887
0.0768998
0.0780451
0.0793096
0.0806675
0.0819187
0.0830579
0.0840381
0.0848717
0.0856547
0.086332
0.087055
0.0877682
0.0883478
0.088668
0.0885083
0.087971
0.0871955
0.0863562
0.0856295
0.0851886
0.0850448
0.0852564
0.085687
0.086226
0.0867982
0.0872434
0.0874492
0.0873849
0.0869823
0.0862537
0.0852103
0.0840105
0.0827509
0.0815928
0.0804624
0.0794582
0.0786796
0.0781805
0.0780029
0.0782201
0.0787878
0.0795754
0.0805002
0.0814511
0.0822669
0.0828172
0.0831714
0.0832245
0.0830503
0.0827269
0.0823013
0.0889854
0.0901743
0.092565
0.0959208
0.0999192
0.104299
0.108546
0.112364
0.115491
0.117655
0.118837
0.119054
0.118673
0.117938
0.117144
0.116473
0.115985
0.115606
0.115219
0.114781
0.11431
0.113926
0.113734
0.113588
0.113303
0.112728
0.111877
0.110947
0.110275
0.110068
0.110147
0.110326
0.110379
0.110216
0.109842
0.109437
0.108966
0.1085
0.107965
0.10722
0.10649
0.105963
0.105894
0.106412
0.107359
0.108637
0.109993
0.111063
0.111749
0.111963
0.111806
0.111422
0.110891
0.110319
0.109835
0.109485
0.109481
0.109788
0.110298
0.110846
0.111156
0.111016
0.110509
0.109774
0.108925
0.108235
0.107967
0.108125
0.108694
0.109385
0.110018
0.110208
0.109845
0.108972
0.107727
0.106355
0.104956
0.103746
0.102647
0.101734
0.100998
0.100693
0.100913
0.101766
0.103403
0.105779
0.10861
0.111646
0.114496
0.116945
0.118853
0.120213
0.121187
0.12196
0.122528
0.122834
0.122711
0.122109
0.121027
0.119666
0.118194
0.116775
0.115498
0.114278
0.113097
0.111899
0.110623
0.109456
0.10852
0.107915
0.10763
0.107764
0.108128
0.108703
0.109381
0.110034
0.110581
0.110985
0.111204
0.111208
0.111024
0.110623
0.109835
0.108701
0.107337
0.105933
0.104769
0.103945
0.103603
0.103814
0.104633
0.105751
0.106825
0.107761
0.108212
0.108135
0.10764
0.107079
0.106658
0.10659
0.106894
0.107405
0.10804
0.108425
0.108322
0.10776
0.106804
0.105763
0.104957
0.104538
0.104718
0.105395
0.106548
0.10792
0.109375
0.110751
0.111915
0.112739
0.113384
0.113886
0.114392
0.115093
0.115938
0.116789
0.117535
0.118009
0.118078
0.117679
0.11679
0.115598
0.114261
0.113088
0.112273
0.111983
0.112212
0.112825
0.113759
0.114646
0.115339
0.115627
0.115474
0.114974
0.11424
0.113363
0.112406
0.111253
0.109911
0.108331
0.106767
0.10531
0.104179
0.103721
0.104044
0.10526
0.107262
0.109684
0.112053
0.113701
0.114283
0.113795
0.112533
0.110754
0.108886
0.10709
0.105532
0.104429
0.103957
0.104102
0.10484
0.105863
0.107012
0.107975
0.108282
0.107947
0.10701
0.105682
0.104071
0.102556
0.101246
0.100438
0.100309
0.100752
0.101851
0.103562
0.105595
0.107681
0.10952
0.110852
0.111652
0.112034
0.112203
0.112401
0.112802
0.113308
0.113822
0.114391
0.114855
0.115317
0.115788
0.116306
0.116786
0.117171
0.117311
0.117279
0.116973
0.116477
0.115896
0.115392
0.115013
0.114713
0.11437
0.113829
0.113107
0.112215
0.111145
0.110021
0.108975
0.108023
0.107198
0.10631
0.105474
0.104806
0.104307
0.10414
0.104539
0.105637
0.10734
0.109628
0.112027
0.114174
0.115647
0.116284
0.116027
0.115065
0.113662
0.112103
0.110562
0.109285
0.108194
0.107467
0.106989
0.106675
0.106517
0.106424
0.106373
0.106496
0.106632
0.10687
0.107209
0.107538
0.10783
0.108138
0.108554
0.109122
0.109877
0.11096
0.112164
0.113478
0.114687
0.115585
0.116111
0.116276
0.116198
0.116026
0.115863
0.1157
0.115495
0.115146
0.114566
0.113681
0.112447
0.110968
0.109445
0.108088
0.107023
0.106394
0.106179
0.106554
0.107482
0.108919
0.110614
0.112267
0.113443
0.113891
0.113693
0.113093
0.112388
0.111691
0.111098
0.110511
0.109835
0.108778
0.107253
0.105494
0.103975
0.103206
0.10332
0.104326
0.106015
0.108194
0.110601
0.112934
0.115005
0.116579
0.117341
0.117241
0.116357
0.114789
0.112785
0.110659
0.108708
0.107248
0.106388
0.106296
0.106929
0.108232
0.109915
0.111594
0.112946
0.113607
0.113471
0.112661
0.111328
0.1097
0.107989
0.106341
0.104813
0.103463
0.102408
0.101818
0.101716
0.102174
0.103114
0.104475
0.106132
0.107971
0.10976
0.11129
0.11237
0.112934
0.112981
0.112579
0.11186
0.110933
0.109867
0.108982
0.108489
0.108493
0.108754
0.109263
0.109875
0.110798
0.112107
0.113607
0.115163
0.116498
0.117284
0.11749
0.117144
0.116356
0.115321
0.114329
0.11345
0.112828
0.112284
0.111802
0.111401
0.111052
0.110858
0.1109
0.111154
0.111676
0.112207
0.112643
0.112704
0.112349
0.111784
0.111109
0.1103
0.109473
0.108632
0.107867
0.107322
0.107152
0.107258
0.107412
0.107429
0.107116
0.106642
0.106125
0.105868
0.106085
0.106687
0.107648
0.108691
0.109746
0.110595
0.111235
0.11155
0.111533
0.111173
0.110459
0.109452
0.10822
0.10692
0.105704
0.104783
0.104338
0.104358
0.104921
0.105914
0.1071
0.108195
0.109032
0.10948
0.109675
0.109623
0.109577
0.10964
0.109899
0.110459
0.111247
0.112257
0.113313
0.114262
0.114987
0.115586
0.11602
0.116399
0.116744
0.117108
0.117449
0.117707
0.117872
0.117686
0.116911
0.1154
0.113307
0.110937
0.108659
0.106761
0.105331
0.104379
0.103861
0.10388
0.10435
0.105223
0.106361
0.107469
0.10838
0.108961
0.109159
0.109108
0.108901
0.108631
0.108486
0.108368
0.108297
0.10817
0.10816
0.108376
0.108814
0.109579
0.110776
0.112242
0.11373
0.115079
0.115907
0.116126
0.115546
0.11416
0.112277
0.110228
0.108467
0.107227
0.106581
0.106582
0.10713
0.107966
0.109082
0.110255
0.111382
0.112228
0.112821
0.11318
0.11327
0.113156
0.113042
0.112956
0.112849
0.112785
0.112741
0.112895
0.113275
0.113918
0.114673
0.115282
0.115518
0.11526
0.114683
0.113874
0.113162
0.112533
0.112025
0.111789
0.111644
0.111618
0.111631
0.111638
0.111559
0.111357
0.111016
0.110555
0.109977
0.109381
0.108693
0.108077
0.107586
0.107203
0.106967
0.106971
0.107059
0.107236
0.10734
0.107359
0.107145
0.10674
0.106067
0.105223
0.104348
0.103479
0.102852
0.102491
0.102465
0.102781
0.103451
0.104516
0.10596
0.107766
0.109867
0.112093
0.114195
0.115942
0.117137
0.117649
0.117532
0.116838
0.115759
0.114484
0.113159
0.111766
0.110577
0.10957
0.10892
0.108579
0.108517
0.108702
0.108952
0.109168
0.109389
0.109715
0.110217
0.110785
0.111409
0.112036
0.112472
0.112825
0.113146
0.113467
0.113753
0.113956
0.113986
0.113832
0.11341
0.112763
0.111872
0.110951
0.110022
0.109204
0.108539
0.107941
0.107525
0.1072
0.107097
0.107109
0.10729
0.107623
0.108072
0.108581
0.109018
0.109387
0.109687
0.109787
0.109835
0.109775
0.109667
0.109553
0.109495
0.109409
0.109318
0.109223
0.10933
0.109725
0.110454
0.111496
0.112669
0.113979
0.115162
0.116042
0.116515
0.11666
0.116486
0.116168
0.115824
0.115496
0.115308
0.115159
0.115074
0.114849
0.114454
0.113791
0.112902
0.111818
0.110613
0.109443
0.108375
0.107625
0.107465
0.107972
0.109166
0.110896
0.112717
0.114333
0.115357
0.115595
0.115046
0.113818
0.112041
0.109976
0.10788
0.106018
0.104462
0.103419
0.103008
0.103248
0.104101
0.105452
0.107222
0.109251
0.11127
0.113135
0.114582
0.115644
0.116174
0.116378
0.116245
0.115986
0.115502
0.114732
0.113667
0.112222
0.110426
0.10847
0.106513
0.104741
0.1034
0.102691
0.102671
0.103365
0.104623
0.106262
0.10819
0.110192
0.111958
0.113457
0.114508
0.115098
0.115364
0.115279
0.114983
0.114567
0.114021
0.113528
0.113163
0.112968
0.112895
0.112865
0.112876
0.112876
0.112771
0.112509
0.112193
0.11182
0.111297
0.110718
0.110085
0.109477
0.109004
0.108669
0.108488
0.108493
0.108687
0.109102
0.109676
0.110273
0.110763
0.111001
0.110868
0.110346
0.109409
0.108189
0.10672
0.105134
0.103642
0.102385
0.101442
0.100879
0.100862
0.101286
0.102152
0.103599
0.105626
0.108156
0.111158
0.114348
0.117292
0.11958
0.120663
0.120517
0.119308
0.117604
0.115862
0.114497
0.113742
0.113572
0.113822
0.114172
0.114345
0.114233
0.113845
0.11321
0.112478
0.111715
0.110909
0.109956
0.108994
0.107752
0.10644
0.105095
0.103953
0.103223
0.102986
0.103152
0.103746
0.104709
0.105883
0.107212
0.108504
0.109598
0.110269
0.110283
0.109682
0.108542
0.107179
0.105837
0.104889
0.104591
0.105122
0.106387
0.108246
0.110426
0.112602
0.114429
0.115511
0.115669
0.114751
0.112836
0.110334
0.107701
0.105411
0.1038
0.103087
0.103231
0.104198
0.105848
0.107882
0.110068
0.112106
0.113884
0.115097
0.1156
0.115145
0.113664
0.111392
0.108749
0.106481
0.105019
0.104709
0.105593
0.10752
0.110141
0.113059
0.115689
0.117639
0.118673
0.118901
0.118434
0.117411
0.116003
0.114271
0.112512
0.110787
0.10939
0.108322
0.107647
0.107304
0.107188
0.107371
0.107734
0.108391
0.109239
0.110137
0.111233
0.112405
0.113648
0.114931
0.116068
0.116947
0.117276
0.116874
0.115724
0.113851
0.111561
0.109257
0.107268
0.105873
0.105132
0.10501
0.105317
0.105905
0.106515
0.10714
0.107733
0.108261
0.108784
0.109189
0.109638
0.110197
0.110887
0.111601
0.112297
0.112984
0.113682
0.114292
0.114723
0.114917
0.11478
0.114353
0.113776
0.113091
0.112379
0.111751
0.111214
0.110762
0.110232
0.109697
0.109106
0.108485
0.10797
0.107535
0.107147
0.106736
0.106316
0.105839
0.105328
0.104643
0.103874
0.103232
0.102835
0.10277
0.103167
0.103931
0.10484
0.105878
0.106889
0.10775
0.108393
0.108768
0.108974
0.109292
0.109902
0.110874
0.112135
0.113528
0.114645
0.115425
0.115729
0.115556
0.114989
0.11427
0.113567
0.113043
0.112721
0.112646
0.112759
0.113033
0.113295
0.113445
0.113355
0.113067
0.112636
0.11208
0.111491
0.110918
0.110192
0.109537
0.108924
0.108576
0.108578
0.108824
0.109239
0.109687
0.110009
0.109961
0.109742
0.109449
0.109311
0.109578
0.110271
0.111342
0.112766
0.114333
0.115672
0.116578
0.116723
0.11606
0.114632
0.112772
0.110773
0.108809
0.107036
0.105434
0.104013
0.102692
0.101657
0.101031
0.101003
0.101608
0.102593
0.103756
0.105036
0.106431
0.108044
0.109928
0.111906
0.113842
0.115474
0.116472
0.116746
0.116377
0.120714
0.121339
0.12237
0.123654
0.125059
0.1264
0.127626
0.128697
0.12968
0.130486
0.131099
0.131527
0.131632
0.13136
0.130786
0.130166
0.129615
0.129149
0.129012
0.129176
0.129537
0.129934
0.130419
0.130725
0.130704
0.130259
0.12949
0.128485
0.127388
0.126582
0.126407
0.126951
0.128052
0.129575
0.131208
0.132746
0.133813
0.134331
0.134367
0.13402
0.133306
0.132169
0.130422
0.128177
0.125673
0.123317
0.12136
0.120108
0.119642
0.119935
0.120852
0.122185
0.123864
0.125634
0.127342
0.128684
0.129575
0.129927
0.129874
0.129631
0.129412
0.129382
0.129733
0.130343
0.130964
0.131379
0.131464
0.131092
0.130565
0.130148
0.130142
0.130534
0.131229
0.131886
0.132192
0.131817
0.130513
0.128468
0.126039
0.123593
0.121553
0.120298
0.119801
0.119949
0.120371
0.120859
0.121339
0.121878
0.122712
0.124162
0.126132
0.128224
0.130012
0.131058
0.131296
0.131055
0.13072
0.13066
0.131056
0.131959
0.133134
0.134194
0.134989
0.135245
0.135122
0.134819
0.1345
0.134186
0.133791
0.133271
0.132541
0.131553
0.130371
0.128974
0.127639
0.12652
0.125831
0.12573
0.126044
0.126557
0.126996
0.127146
0.126647
0.125389
0.123301
0.120628
0.11794
0.115777
0.114537
0.114436
0.115352
0.116876
0.118586
0.120035
0.121076
0.121946
0.122923
0.124202
0.125767
0.127379
0.128715
0.12961
0.129963
0.130086
0.130109
0.130276
0.130568
0.130908
0.131045
0.130961
0.130583
0.130214
0.130127
0.130496
0.131444
0.132769
0.134135
0.13511
0.135417
0.135068
0.134223
0.133141
0.132226
0.131443
0.130797
0.130113
0.129165
0.127641
0.125313
0.122348
0.119269
0.116564
0.114767
0.114081
0.114437
0.115586
0.117292
0.119263
0.12138
0.123617
0.125898
0.128101
0.130233
0.132056
0.133415
0.134202
0.134251
0.13359
0.132382
0.130788
0.128905
0.12686
0.124921
0.123432
0.122661
0.122689
0.123627
0.125261
0.12744
0.129843
0.132332
0.134607
0.136477
0.137812
0.138568
0.138638
0.137724
0.135774
0.132742
0.128909
0.124852
0.121085
0.118126
0.116148
0.115302
0.115368
0.116369
0.118272
0.120914
0.124072
0.12731
0.129944
0.131463
0.131637
0.130549
0.128583
0.126379
0.124377
0.122831
0.121842
0.121292
0.121141
0.121137
0.121373
0.121788
0.122439
0.123327
0.124456
0.125697
0.127007
0.128275
0.129556
0.130712
0.131653
0.132316
0.132638
0.132408
0.131528
0.130021
0.128072
0.125915
0.123884
0.122293
0.121312
0.121024
0.12147
0.122562
0.124277
0.126368
0.128627
0.130955
0.133243
0.135125
0.136052
0.135424
0.133242
0.130168
0.127265
0.125013
0.123602
0.122957
0.122887
0.123251
0.123907
0.124768
0.125862
0.127264
0.128827
0.130226
0.131341
0.131831
0.131837
0.131508
0.130974
0.130498
0.130175
0.12998
0.129734
0.129215
0.128212
0.126861
0.125259
0.123721
0.122399
0.121743
0.121719
0.122466
0.12395
0.126112
0.128718
0.131478
0.133927
0.135619
0.136423
0.136336
0.135683
0.13455
0.133242
0.131952
0.130835
0.129945
0.129254
0.128786
0.12847
0.128329
0.128438
0.128768
0.129165
0.129555
0.129702
0.129422
0.128712
0.127505
0.125989
0.124508
0.123214
0.122369
0.122055
0.121972
0.121948
0.121819
0.121631
0.121391
0.121384
0.121689
0.122406
0.123448
0.124684
0.126184
0.127646
0.129053
0.130462
0.131702
0.132707
0.133473
0.133905
0.133929
0.133595
0.132993
0.132367
0.131826
0.13138
0.130883
0.130304
0.12958
0.128718
0.127892
0.127069
0.126271
0.125504
0.124696
0.123776
0.122906
0.122173
0.121754
0.121662
0.121903
0.122502
0.123432
0.124574
0.12583
0.126937
0.127632
0.127823
0.127577
0.127227
0.127047
0.127311
0.128227
0.129656
0.131536
0.133461
0.13537
0.136855
0.137764
0.137947
0.137335
0.136094
0.134463
0.132522
0.13076
0.129329
0.128348
0.127854
0.127731
0.127848
0.12795
0.127864
0.127527
0.127003
0.126414
0.125909
0.125623
0.125587
0.125778
0.12613
0.126476
0.126742
0.126875
0.12707
0.127317
0.127788
0.128337
0.128837
0.129162
0.129247
0.128998
0.128611
0.128059
0.127554
0.127123
0.126874
0.126856
0.126975
0.127281
0.127571
0.127837
0.127976
0.128019
0.128081
0.128208
0.128268
0.12807
0.127299
0.125872
0.123839
0.121766
0.120087
0.119132
0.11901
0.119438
0.120181
0.12101
0.121923
0.122835
0.123984
0.125227
0.126544
0.127712
0.128459
0.128704
0.128623
0.128467
0.12854
0.128998
0.129945
0.131401
0.133067
0.134544
0.135452
0.135681
0.135395
0.134818
0.13414
0.133482
0.13267
0.131538
0.129982
0.128003
0.125785
0.123639
0.121957
0.120889
0.120561
0.120789
0.121579
0.122798
0.124152
0.12552
0.126798
0.127861
0.128656
0.129167
0.129293
0.129043
0.128485
0.127778
0.12713
0.126563
0.126184
0.125949
0.125811
0.125636
0.125357
0.125027
0.12475
0.124581
0.124719
0.125195
0.125947
0.126983
0.127961
0.12868
0.129027
0.129171
0.1294
0.130098
0.131248
0.132819
0.134634
0.136397
0.137661
0.138084
0.137493
0.136067
0.134054
0.131865
0.129918
0.128386
0.127307
0.126549
0.126072
0.125802
0.125652
0.125619
0.125402
0.124872
0.124145
0.123483
0.123256
0.123555
0.124439
0.125745
0.127275
0.128722
0.129912
0.130624
0.130831
0.130572
0.130017
0.129357
0.128804
0.128522
0.128345
0.12823
0.128019
0.127496
0.126648
0.125593
0.124572
0.123844
0.123625
0.124034
0.125119
0.126666
0.128589
0.130527
0.132248
0.133431
0.133839
0.133351
0.132143
0.130678
0.129462
0.12897
0.129254
0.130152
0.131095
0.131482
0.131046
0.129834
0.128285
0.126822
0.125794
0.125392
0.125553
0.126102
0.126755
0.127204
0.12713
0.126469
0.125324
0.124014
0.12298
0.122378
0.122145
0.122149
0.122175
0.122079
0.121866
0.121608
0.121468
0.121612
0.122276
0.12356
0.12555
0.127979
0.130603
0.132834
0.134308
0.134795
0.134513
0.133787
0.132845
0.131938
0.131201
0.130657
0.130332
0.130083
0.129907
0.129661
0.129338
0.128682
0.127628
0.12618
0.124443
0.122819
0.121496
0.120966
0.121422
0.122829
0.125
0.127443
0.129755
0.13154
0.132502
0.132499
0.131687
0.130354
0.128754
0.127237
0.125947
0.125103
0.124842
0.125111
0.125878
0.126963
0.128179
0.129222
0.130233
0.131103
0.131955
0.132881
0.133901
0.134929
0.135573
0.135579
0.1348
0.133355
0.131538
0.129633
0.127922
0.12647
0.125399
0.124775
0.124572
0.124748
0.125043
0.125171
0.124843
0.124044
0.123055
0.122226
0.121951
0.122369
0.123436
0.124882
0.126433
0.127742
0.12849
0.128714
0.128425
0.127712
0.126899
0.126151
0.125907
0.126141
0.126898
0.128078
0.129295
0.130468
0.131293
0.131802
0.131849
0.13168
0.131313
0.130948
0.130649
0.1306
0.130893
0.131616
0.132558
0.133545
0.134326
0.13459
0.134163
0.132996
0.131323
0.129539
0.128099
0.127274
0.127246
0.127729
0.128348
0.128708
0.128481
0.12767
0.126458
0.125224
0.124319
0.123801
0.123767
0.124121
0.124678
0.125197
0.12548
0.125421
0.125106
0.124667
0.124262
0.12399
0.123862
0.123779
0.123742
0.123695
0.123774
0.123935
0.12416
0.124386
0.124766
0.125333
0.126175
0.127272
0.128399
0.129521
0.130376
0.130787
0.130671
0.130261
0.129581
0.128973
0.128444
0.128158
0.127964
0.127811
0.127543
0.127101
0.126733
0.126755
0.127207
0.128011
0.128845
0.129478
0.129727
0.129699
0.129507
0.129303
0.129327
0.129747
0.130535
0.131717
0.132905
0.133847
0.134301
0.134226
0.133756
0.132999
0.132077
0.131017
0.12987
0.128719
0.127579
0.126568
0.12579
0.125171
0.124824
0.12472
0.124865
0.125261
0.12583
0.12624
0.126317
0.125943
0.125192
0.124289
0.123472
0.122997
0.122844
0.123108
0.123679
0.124432
0.125409
0.126617
0.128042
0.129354
0.130257
0.130378
0.129585
0.128033
0.126144
0.124379
0.122935
0.122036
0.121725
0.122137
0.12334
0.12509
0.127203
0.129655
0.132198
0.134441
0.136102
0.13685
0.136848
0.13622
0.135161
0.133771
0.132175
0.130578
0.129268
0.12839
0.127846
0.127516
0.12724
0.126904
0.126393
0.125885
0.125159
0.124202
0.123026
0.121702
0.120593
0.120042
0.120248
0.121424
0.123443
0.125975
0.128488
0.130367
0.131207
0.130968
0.12988
0.128409
0.127002
0.125858
0.124955
0.124113
0.123396
0.123122
0.123829
0.125796
0.12856
0.131431
0.133788
0.135529
0.136704
0.137329
0.137161
0.136003
0.133979
0.131473
0.128941
0.12676
0.125338
0.124753
0.124988
0.125995
0.127429
0.129121
0.13068
0.131887
0.132714
0.133046
0.132794
0.13199
0.13068
0.128937
0.127125
0.125487
0.124073
0.123048
0.122197
0.12171
0.121562
0.121671
0.122117
0.12276
0.123398
0.124011
0.124356
0.124458
0.124269
0.124026
0.123876
0.124053
0.124608
0.12542
0.126357
0.127318
0.128098
0.128564
0.128818
0.129103
0.129821
0.130978
0.132495
0.134059
0.135373
0.136062
0.135844
0.134705
0.132917
0.130738
0.128616
0.126826
0.125731
0.12542
0.125753
0.126598
0.127541
0.128397
0.129135
0.129554
0.129463
0.128729
0.127444
0.12593
0.12448
0.123401
0.122839
0.122901
0.123315
0.12385
0.124141
0.123982
0.123427
0.122609
0.12188
0.121445
0.121369
0.121525
0.121795
0.122051
0.122282
0.122586
0.12299
0.123719
0.124566
0.125488
0.126221
0.126725
0.126804
0.126698
0.126411
0.126193
0.126097
0.126152
0.126273
0.126421
0.126823
0.12759
0.128724
0.130119
0.131672
0.133353
0.135219
0.137326
0.139402
0.14104
0.141849
0.14159
0.140373
0.138496
0.136436
0.134524
0.133087
0.132211
0.131499
0.130773
0.130011
0.12927
0.128678
0.128361
0.128098
0.127674
0.127003
0.126038
0.125013
0.12412
0.123572
0.123383
0.123697
0.124409
0.125319
0.126167
0.126618
0.126348
0.125469
0.124162
0.122764
0.0362008
0.0393393
0.0444503
0.0510713
0.0590262
0.067929
0.0772873
0.08624
0.0940638
0.0999865
0.103651
0.105043
0.104533
0.102653
0.100123
0.0974692
0.0950541
0.0931197
0.0917459
0.0909814
0.0907549
0.090952
0.0914874
0.0921854
0.0929753
0.0937376
0.0942553
0.0944645
0.0942754
0.0936789
0.0927329
0.0914704
0.0899457
0.0881324
0.086231
0.0843571
0.0825687
0.0810256
0.0798353
0.0790415
0.0786449
0.0785467
0.0785471
0.0786014
0.0785222
0.0782841
0.0778638
0.0773883
0.0769987
0.0768567
0.0769611
0.0773725
0.078044
0.0788918
0.0798334
0.0807066
0.0814794
0.0820916
0.0825468
0.0829529
0.0833674
0.0838175
0.0843518
0.0849249
0.0854979
0.0859054
0.0861826
0.0862204
0.0860694
0.0857456
0.0853322
0.0848445
0.0843402
0.0838532
0.0834986
0.083085
0.0827438
0.0824045
0.0820421
0.0816746
0.0812542
0.0807755
0.0802624
0.0797706
0.0792562
0.0788503
0.0785979
0.0785108
0.0786454
0.0789536
0.0796329
0.0805902
0.081784
0.0831227
0.0845806
0.0860763
0.0875548
0.0888978
0.0900498
0.0909991
0.0916071
0.0918907
0.0917719
0.0911996
0.090203
0.0888295
0.0872782
0.0856373
0.0841419
0.0828194
0.081794
0.0811165
0.0807597
0.0806169
0.0805513
0.0806733
0.0808321
0.0809792
0.0811271
0.0812612
0.0812309
0.081021
0.0806242
0.0800706
0.0794624
0.0788186
0.0783098
0.077879
0.0776148
0.0775128
0.077524
0.0775764
0.0776611
0.0779163
0.0782999
0.0789397
0.0796661
0.080514
0.081412
0.0823509
0.083329
0.0841893
0.085037
0.0858319
0.0865176
0.0871873
0.0877301
0.088029
0.087951
0.0875114
0.0867883
0.0857586
0.0846756
0.0835129
0.082374
0.0813541
0.080468
0.0797535
0.0791994
0.0788998
0.078832
0.0791051
0.0796499
0.0804583
0.0815837
0.082847
0.0841123
0.0852058
0.0859332
0.0861235
0.0858362
0.0852034
0.0842555
0.0833331
0.082501
0.0818196
0.0815031
0.0815402
0.0818675
0.0825181
0.0833696
0.0842733
0.0851146
0.0857473
0.0859822
0.0857655
0.0852826
0.0846061
0.084092
0.0838967
0.0841221
0.0846686
0.0853211
0.0859204
0.0863021
0.0862883
0.085902
0.0852148
0.0844108
0.0834915
0.082527
0.0816594
0.080834
0.0801128
0.0793415
0.0787156
0.0781936
0.0776812
0.0774125
0.0773203
0.0775705
0.078062
0.0787541
0.0796492
0.0806037
0.0815307
0.0823253
0.0830303
0.0835054
0.0838525
0.0839896
0.0839921
0.0838408
0.0836677
0.0834815
0.0832618
0.0831107
0.0830735
0.0831929
0.0834554
0.0839292
0.0845197
0.0852421
0.0858689
0.0862886
0.0863669
0.0861145
0.0855755
0.084796
0.0839995
0.0832905
0.0826705
0.0822729
0.0820806
0.0820762
0.0822854
0.0826104
0.0829687
0.0834426
0.0839378
0.0844999
0.0850455
0.0855396
0.0858777
0.0860281
0.085968
0.0857856
0.085545
0.0852861
0.0850515
0.0849048
0.0847504
0.0845008
0.0842585
0.0838819
0.0834891
0.0830281
0.0825898
0.0821466
0.0818427
0.0816569
0.0816384
0.0817593
0.0820735
0.0825251
0.0830792
0.0836131
0.0840495
0.084343
0.084496
0.0843851
0.0841445
0.0837668
0.0832632
0.0827357
0.0821737
0.0816362
0.0813163
0.0811689
0.0812277
0.0816179
0.0822149
0.0829111
0.0836107
0.0841745
0.0844752
0.0845469
0.0843444
0.0839002
0.0833708
0.0827186
0.0821733
0.0816697
0.0812704
0.0809945
0.0809292
0.0812707
0.0819212
0.0828846
0.0841345
0.0855132
0.0868341
0.0879545
0.0888204
0.0893442
0.0894879
0.0893255
0.0888868
0.0883015
0.0875616
0.0868425
0.0862758
0.0856462
0.0850098
0.0843121
0.0834739
0.0825565
0.0815576
0.0805596
0.0797189
0.0789586
0.0784476
0.0781449
0.0780899
0.0782247
0.0785074
0.0788992
0.0794079
0.080029
0.0806832
0.0813757
0.0820586
0.0825998
0.0830053
0.0832135
0.0832847
0.0830637
0.0826331
0.0820003
0.0812573
0.0803776
0.0794905
0.0787454
0.0781792
0.077894
0.077929
0.078312
0.0790174
0.0799729
0.0810543
0.0823175
0.0836138
0.0847924
0.0858454
0.0866441
0.0871678
0.0874171
0.087475
0.08732
0.0869127
0.0864089
0.0857618
0.0851438
0.0844612
0.0837841
0.0831699
0.0827065
0.0823726
0.0822852
0.0823255
0.082592
0.0830127
0.0835848
0.0841497
0.0846584
0.0850352
0.0851792
0.0851581
0.0848329
0.0841921
0.0833111
0.0823284
0.0812689
0.0802892
0.079453
0.0787811
0.0782318
0.0779208
0.0777394
0.0777421
0.0778663
0.0781859
0.0787493
0.079582
0.0806425
0.0818843
0.0832559
0.084684
0.0861175
0.0875064
0.0888288
0.0900148
0.0909691
0.0916254
0.0918998
0.0916611
0.0909096
0.089613
0.0879423
0.0860979
0.0841921
0.0824595
0.0810048
0.0799789
0.0793285
0.0791165
0.0792761
0.0797979
0.0804746
0.0811519
0.081787
0.0821838
0.0823088
0.0821054
0.0817227
0.0811461
0.0806377
0.0802996
0.0802527
0.0805966
0.0811707
0.0819234
0.0826906
0.08342
0.083964
0.0843654
0.0846986
0.0850502
0.0854153
0.0856744
0.0857305
0.0854641
0.0849831
0.0841856
0.0832209
0.0822424
0.0814113
0.0807215
0.0803384
0.0801926
0.080256
0.0806246
0.0811727
0.0820294
0.0829939
0.0839992
0.0849582
0.0857573
0.0862508
0.0864556
0.0863115
0.0858555
0.0850611
0.084188
0.0832458
0.0823296
0.0815733
0.0810941
0.0809623
0.0811417
0.0816496
0.0824903
0.0834714
0.0844342
0.085383
0.0861258
0.0867011
0.0870871
0.0871976
0.0869333
0.0862332
0.0849999
0.0834833
0.0818236
0.0803036
0.0791295
0.0783254
0.0778677
0.0776675
0.0777265
0.0780479
0.0785832
0.0792648
0.0800975
0.0810455
0.081903
0.0826391
0.0831742
0.0835771
0.083839
0.0840081
0.0841355
0.0841977
0.0842296
0.0841338
0.0840083
0.0838748
0.0837136
0.0836201
0.0834796
0.0833955
0.0833393
0.0833359
0.0833948
0.0834274
0.0834714
0.0836453
0.0838141
0.0840236
0.0842628
0.0845232
0.0846937
0.0847204
0.0846469
0.0844758
0.0841839
0.0837838
0.0833265
0.082744
0.0820662
0.0813319
0.0806736
0.0801302
0.0797774
0.0796855
0.0798323
0.0801955
0.0807511
0.0813028
0.0818318
0.0823539
0.0827991
0.0831013
0.0832346
0.08334
0.0834207
0.0834837
0.0834879
0.0834492
0.0834177
0.0834094
0.0833743
0.0833677
0.0834203
0.0834611
0.083455
0.0834054
0.0832663
0.0831279
0.0830278
0.0828573
0.0826947
0.082648
0.0826102
0.0826343
0.0826835
0.0826649
0.0826012
0.0825334
0.0825548
0.0826167
0.082693
0.0827321
0.0827169
0.0825895
0.0823182
0.0819938
0.081716
0.0816512
0.0819343
0.0824862
0.0832233
0.083919
0.0842814
0.0842533
0.0839682
0.083593
0.0832883
0.0831667
0.0831716
0.0833219
0.0835356
0.0838595
0.0842107
0.0844882
0.0847065
0.0848177
0.0847406
0.0845083
0.0841637
0.0837104
0.083123
0.0824794
0.0819136
0.0813199
0.0808403
0.0804007
0.0800807
0.0798611
0.0797246
0.0797874
0.0799428
0.0802283
0.0806284
0.0811247
0.0817387
0.0823568
0.0830051
0.0835633
0.083915
0.0840726
0.0840633
0.0838622
0.0835753
0.0833935
0.083463
0.083649
0.0839922
0.0844506
0.0849235
0.0853141
0.0855382
0.08556
0.0853164
0.0849379
0.0843769
0.0838267
0.0833121
0.0829206
0.0827914
0.0829129
0.0832993
0.0838401
0.0845383
0.0851031
0.0855335
0.0857356
0.0856962
0.0854389
0.085086
0.0846824
0.0843902
0.0841831
0.0841027
0.0839784
0.0838434
0.0837169
0.0834204
0.0829605
0.0823182
0.0814431
0.0804027
0.0791979
0.0780228
0.0769924
0.0762271
0.0757712
0.0757144
0.076046
0.0767969
0.0778638
0.0791528
0.0806428
0.0822448
0.0837911
0.0852338
0.0864532
0.087327
0.0877682
0.0876263
0.0868871
0.0858285
0.0845856
0.0833062
0.0821177
0.0812292
0.0806807
0.0805578
0.0809163
0.0816079
0.0825809
0.0835269
0.084297
0.0847743
0.0848672
0.0845664
0.0839603
0.0833245
0.0827579
0.0824522
0.0825651
0.0830639
0.083919
0.0850524
0.0862163
0.0871686
0.0878047
0.0879343
0.0875023
0.0865406
0.0851772
0.0835296
0.0817485
0.080066
0.0786818
0.0777285
0.0772955
0.0773996
0.0781316
0.0793343
0.0808379
0.0823641
0.0837452
0.0847647
0.085304
0.0852385
0.0846668
0.0837231
0.0825334
0.0813432
0.0801534
0.0791206
0.0784558
0.0781041
0.0781325
0.0785612
0.0793634
0.0804446
0.0816751
0.0829921
0.0841977
0.0852601
0.0860726
0.0865651
0.0867745
0.0867127
0.0864289
0.0859523
0.0853255
0.0845311
0.0836642
0.0827665
0.0820045
0.0813953
0.0811238
0.081266
0.0816615
0.0823623
0.0832371
0.0840668
0.0847811
0.0852112
0.0854542
0.0854982
0.0854027
0.0852525
0.085073
0.0849629
0.0847562
0.084496
0.0840314
0.0833673
0.082511
0.0815468
0.0805733
0.0797251
0.0790001
0.0785092
0.0782426
0.0782706
0.0785914
0.0792739
0.0802101
0.0814199
0.0826695
0.0838332
0.0848004
0.0855504
0.0859643
0.086162
0.0861703
0.0859539
0.0856863
0.0853544
0.0849447
0.0845734
0.0842462
0.0839065
0.0835877
0.0833241
0.0830781
0.0830086
0.0830713
0.0832804
0.0835995
0.084002
0.0844689
0.0847947
0.0849349
0.0849127
0.0846163
0.0839982
0.0832174
0.0823696
0.0814823
0.080688
0.0800904
0.0797158
0.0795382
0.0795733
0.0796159
0.0796369
0.0796356
0.0796954
0.0799532
0.0804279
0.0812111
0.082247
0.0834727
0.0848411
0.0862039
0.0874505
0.0884462
0.0890621
0.0892515
0.0889567
0.0881895
0.0870443
0.0856192
0.0840133
0.0823664
0.0807762
0.0793585
0.0782033
0.0774752
0.0771804
0.0772717
0.0778976
0.0788421
0.0801074
0.0814186
0.0826205
0.0836667
0.0843241
0.0846175
0.0845929
0.08427
0.0836973
0.0830554
0.0824844
0.0819588
0.0815702
0.0814751
0.0816761
0.0820795
0.0825277
0.0828194
0.0828587
0.0827953
0.0827319
0.0829017
0.0833402
0.0839252
0.0845667
0.0852524
0.0858107
0.0861404
0.0861902
0.0858704
0.085263
0.0844901
0.0835858
0.0826053
0.08162
0.0806675
0.0798169
0.079082
0.0787034
0.0785382
0.0787243
0.0792435
0.0800967
0.0811081
0.0822054
0.0833107
0.0843255
0.0851995
0.0858853
0.086324
0.0865718
0.0865609
0.0863465
0.085928
0.0852846
0.0845275
0.0836804
0.0829666
0.0823392
0.0819054
0.081636
0.0816301
0.0817317
0.0820093
0.0823634
0.082755
0.0832048
0.0836491
0.084039
0.0844399
0.0848001
0.0851493
0.0854305
0.0855695
0.0855575
0.0853886
0.0849973
0.084407
0.083651
0.0828503
0.0819266
0.0809234
0.079865
0.0787152
0.0776115
0.076624
0.0758638
0.0755393
0.0756118
0.0760887
0.0768998
0.0780451
0.0793096
0.0806675
0.0819187
0.0830579
0.0840381
0.0848717
0.0856547
0.086332
0.087055
0.0877682
0.0883478
0.088668
0.0885083
0.087971
0.0871955
0.0863562
0.0856295
0.0851886
0.0850448
0.0852564
0.085687
0.086226
0.0867982
0.0872434
0.0874492
0.0873849
0.0869823
0.0862537
0.0852103
0.0840105
0.0827509
0.0815928
0.0804624
0.0794582
0.0786796
0.0781805
0.0780029
0.0782201
0.0787878
0.0795754
0.0805002
0.0814511
0.0822669
0.0828172
0.0831714
0.0832245
0.0830503
0.0827269
0.0823013
0.0362008
0.0393393
0.0444503
0.0510713
0.0590262
0.067929
0.0772873
0.08624
0.0940638
0.0999865
0.103651
0.105043
0.104533
0.102653
0.100123
0.0974692
0.0950541
0.0931197
0.0917459
0.0909814
0.0907549
0.090952
0.0914874
0.0921854
0.0929753
0.0937376
0.0942553
0.0944645
0.0942754
0.0936789
0.0927329
0.0914704
0.0899457
0.0881324
0.086231
0.0843571
0.0825687
0.0810256
0.0798353
0.0790415
0.0786449
0.0785467
0.0785471
0.0786014
0.0785222
0.0782841
0.0778638
0.0773883
0.0769987
0.0768567
0.0769611
0.0773725
0.078044
0.0788918
0.0798334
0.0807066
0.0814794
0.0820916
0.0825468
0.0829529
0.0833674
0.0838175
0.0843518
0.0849249
0.0854979
0.0859054
0.0861826
0.0862204
0.0860694
0.0857456
0.0853322
0.0848445
0.0843402
0.0838532
0.0834986
0.083085
0.0827438
0.0824045
0.0820421
0.0816746
0.0812542
0.0807755
0.0802624
0.0797706
0.0792562
0.0788503
0.0785979
0.0785108
0.0786454
0.0789536
0.0796329
0.0805902
0.081784
0.0831227
0.0845806
0.0860763
0.0875548
0.0888978
0.0900498
0.0909991
0.0916071
0.0918907
0.0917719
0.0911996
0.090203
0.0888295
0.0872782
0.0856373
0.0841419
0.0828194
0.081794
0.0811165
0.0807597
0.0806169
0.0805513
0.0806733
0.0808321
0.0809792
0.0811271
0.0812612
0.0812309
0.081021
0.0806242
0.0800706
0.0794624
0.0788186
0.0783098
0.077879
0.0776148
0.0775128
0.077524
0.0775764
0.0776611
0.0779163
0.0782999
0.0789397
0.0796661
0.080514
0.081412
0.0823509
0.083329
0.0841893
0.085037
0.0858319
0.0865176
0.0871873
0.0877301
0.088029
0.087951
0.0875114
0.0867883
0.0857586
0.0846756
0.0835129
0.082374
0.0813541
0.080468
0.0797535
0.0791994
0.0788998
0.078832
0.0791051
0.0796499
0.0804583
0.0815837
0.082847
0.0841123
0.0852058
0.0859332
0.0861235
0.0858362
0.0852034
0.0842555
0.0833331
0.082501
0.0818196
0.0815031
0.0815402
0.0818675
0.0825181
0.0833696
0.0842733
0.0851146
0.0857473
0.0859822
0.0857655
0.0852826
0.0846061
0.084092
0.0838967
0.0841221
0.0846686
0.0853211
0.0859204
0.0863021
0.0862883
0.085902
0.0852148
0.0844108
0.0834915
0.082527
0.0816594
0.080834
0.0801128
0.0793415
0.0787156
0.0781936
0.0776812
0.0774125
0.0773203
0.0775705
0.078062
0.0787541
0.0796492
0.0806037
0.0815307
0.0823253
0.0830303
0.0835054
0.0838525
0.0839896
0.0839921
0.0838408
0.0836677
0.0834815
0.0832618
0.0831107
0.0830735
0.0831929
0.0834554
0.0839292
0.0845197
0.0852421
0.0858689
0.0862886
0.0863669
0.0861145
0.0855755
0.084796
0.0839995
0.0832905
0.0826705
0.0822729
0.0820806
0.0820762
0.0822854
0.0826104
0.0829687
0.0834426
0.0839378
0.0844999
0.0850455
0.0855396
0.0858777
0.0860281
0.085968
0.0857856
0.085545
0.0852861
0.0850515
0.0849048
0.0847504
0.0845008
0.0842585
0.0838819
0.0834891
0.0830281
0.0825898
0.0821466
0.0818427
0.0816569
0.0816384
0.0817593
0.0820735
0.0825251
0.0830792
0.0836131
0.0840495
0.084343
0.084496
0.0843851
0.0841445
0.0837668
0.0832632
0.0827357
0.0821737
0.0816362
0.0813163
0.0811689
0.0812277
0.0816179
0.0822149
0.0829111
0.0836107
0.0841745
0.0844752
0.0845469
0.0843444
0.0839002
0.0833708
0.0827186
0.0821733
0.0816697
0.0812704
0.0809945
0.0809292
0.0812707
0.0819212
0.0828846
0.0841345
0.0855132
0.0868341
0.0879545
0.0888204
0.0893442
0.0894879
0.0893255
0.0888868
0.0883015
0.0875616
0.0868425
0.0862758
0.0856462
0.0850098
0.0843121
0.0834739
0.0825565
0.0815576
0.0805596
0.0797189
0.0789586
0.0784476
0.0781449
0.0780899
0.0782247
0.0785074
0.0788992
0.0794079
0.080029
0.0806832
0.0813757
0.0820586
0.0825998
0.0830053
0.0832135
0.0832847
0.0830637
0.0826331
0.0820003
0.0812573
0.0803776
0.0794905
0.0787454
0.0781792
0.077894
0.077929
0.078312
0.0790174
0.0799729
0.0810543
0.0823175
0.0836138
0.0847924
0.0858454
0.0866441
0.0871678
0.0874171
0.087475
0.08732
0.0869127
0.0864089
0.0857618
0.0851438
0.0844612
0.0837841
0.0831699
0.0827065
0.0823726
0.0822852
0.0823255
0.082592
0.0830127
0.0835848
0.0841497
0.0846584
0.0850352
0.0851792
0.0851581
0.0848329
0.0841921
0.0833111
0.0823284
0.0812689
0.0802892
0.079453
0.0787811
0.0782318
0.0779208
0.0777394
0.0777421
0.0778663
0.0781859
0.0787493
0.079582
0.0806425
0.0818843
0.0832559
0.084684
0.0861175
0.0875064
0.0888288
0.0900148
0.0909691
0.0916254
0.0918998
0.0916611
0.0909096
0.089613
0.0879423
0.0860979
0.0841921
0.0824595
0.0810048
0.0799789
0.0793285
0.0791165
0.0792761
0.0797979
0.0804746
0.0811519
0.081787
0.0821838
0.0823088
0.0821054
0.0817227
0.0811461
0.0806377
0.0802996
0.0802527
0.0805966
0.0811707
0.0819234
0.0826906
0.08342
0.083964
0.0843654
0.0846986
0.0850502
0.0854153
0.0856744
0.0857305
0.0854641
0.0849831
0.0841856
0.0832209
0.0822424
0.0814113
0.0807215
0.0803384
0.0801926
0.080256
0.0806246
0.0811727
0.0820294
0.0829939
0.0839992
0.0849582
0.0857573
0.0862508
0.0864556
0.0863115
0.0858555
0.0850611
0.084188
0.0832458
0.0823296
0.0815733
0.0810941
0.0809623
0.0811417
0.0816496
0.0824903
0.0834714
0.0844342
0.085383
0.0861258
0.0867011
0.0870871
0.0871976
0.0869333
0.0862332
0.0849999
0.0834833
0.0818236
0.0803036
0.0791295
0.0783254
0.0778677
0.0776675
0.0777265
0.0780479
0.0785832
0.0792648
0.0800975
0.0810455
0.081903
0.0826391
0.0831742
0.0835771
0.083839
0.0840081
0.0841355
0.0841977
0.0842296
0.0841338
0.0840083
0.0838748
0.0837136
0.0836201
0.0834796
0.0833955
0.0833393
0.0833359
0.0833948
0.0834274
0.0834714
0.0836453
0.0838141
0.0840236
0.0842628
0.0845232
0.0846937
0.0847204
0.0846469
0.0844758
0.0841839
0.0837838
0.0833265
0.082744
0.0820662
0.0813319
0.0806736
0.0801302
0.0797774
0.0796855
0.0798323
0.0801955
0.0807511
0.0813028
0.0818318
0.0823539
0.0827991
0.0831013
0.0832346
0.08334
0.0834207
0.0834837
0.0834879
0.0834492
0.0834177
0.0834094
0.0833743
0.0833677
0.0834203
0.0834611
0.083455
0.0834054
0.0832663
0.0831279
0.0830278
0.0828573
0.0826947
0.082648
0.0826102
0.0826343
0.0826835
0.0826649
0.0826012
0.0825334
0.0825548
0.0826167
0.082693
0.0827321
0.0827169
0.0825895
0.0823182
0.0819938
0.081716
0.0816512
0.0819343
0.0824862
0.0832233
0.083919
0.0842814
0.0842533
0.0839682
0.083593
0.0832883
0.0831667
0.0831716
0.0833219
0.0835356
0.0838595
0.0842107
0.0844882
0.0847065
0.0848177
0.0847406
0.0845083
0.0841637
0.0837104
0.083123
0.0824794
0.0819136
0.0813199
0.0808403
0.0804007
0.0800807
0.0798611
0.0797246
0.0797874
0.0799428
0.0802283
0.0806284
0.0811247
0.0817387
0.0823568
0.0830051
0.0835633
0.083915
0.0840726
0.0840633
0.0838622
0.0835753
0.0833935
0.083463
0.083649
0.0839922
0.0844506
0.0849235
0.0853141
0.0855382
0.08556
0.0853164
0.0849379
0.0843769
0.0838267
0.0833121
0.0829206
0.0827914
0.0829129
0.0832993
0.0838401
0.0845383
0.0851031
0.0855335
0.0857356
0.0856962
0.0854389
0.085086
0.0846824
0.0843902
0.0841831
0.0841027
0.0839784
0.0838434
0.0837169
0.0834204
0.0829605
0.0823182
0.0814431
0.0804027
0.0791979
0.0780228
0.0769924
0.0762271
0.0757712
0.0757144
0.076046
0.0767969
0.0778638
0.0791528
0.0806428
0.0822448
0.0837911
0.0852338
0.0864532
0.087327
0.0877682
0.0876263
0.0868871
0.0858285
0.0845856
0.0833062
0.0821177
0.0812292
0.0806807
0.0805578
0.0809163
0.0816079
0.0825809
0.0835269
0.084297
0.0847743
0.0848672
0.0845664
0.0839603
0.0833245
0.0827579
0.0824522
0.0825651
0.0830639
0.083919
0.0850524
0.0862163
0.0871686
0.0878047
0.0879343
0.0875023
0.0865406
0.0851772
0.0835296
0.0817485
0.080066
0.0786818
0.0777285
0.0772955
0.0773996
0.0781316
0.0793343
0.0808379
0.0823641
0.0837452
0.0847647
0.085304
0.0852385
0.0846668
0.0837231
0.0825334
0.0813432
0.0801534
0.0791206
0.0784558
0.0781041
0.0781325
0.0785612
0.0793634
0.0804446
0.0816751
0.0829921
0.0841977
0.0852601
0.0860726
0.0865651
0.0867745
0.0867127
0.0864289
0.0859523
0.0853255
0.0845311
0.0836642
0.0827665
0.0820045
0.0813953
0.0811238
0.081266
0.0816615
0.0823623
0.0832371
0.0840668
0.0847811
0.0852112
0.0854542
0.0854982
0.0854027
0.0852525
0.085073
0.0849629
0.0847562
0.084496
0.0840314
0.0833673
0.082511
0.0815468
0.0805733
0.0797251
0.0790001
0.0785092
0.0782426
0.0782706
0.0785914
0.0792739
0.0802101
0.0814199
0.0826695
0.0838332
0.0848004
0.0855504
0.0859643
0.086162
0.0861703
0.0859539
0.0856863
0.0853544
0.0849447
0.0845734
0.0842462
0.0839065
0.0835877
0.0833241
0.0830781
0.0830086
0.0830713
0.0832804
0.0835995
0.084002
0.0844689
0.0847947
0.0849349
0.0849127
0.0846163
0.0839982
0.0832174
0.0823696
0.0814823
0.080688
0.0800904
0.0797158
0.0795382
0.0795733
0.0796159
0.0796369
0.0796356
0.0796954
0.0799532
0.0804279
0.0812111
0.082247
0.0834727
0.0848411
0.0862039
0.0874505
0.0884462
0.0890621
0.0892515
0.0889567
0.0881895
0.0870443
0.0856192
0.0840133
0.0823664
0.0807762
0.0793585
0.0782033
0.0774752
0.0771804
0.0772717
0.0778976
0.0788421
0.0801074
0.0814186
0.0826205
0.0836667
0.0843241
0.0846175
0.0845929
0.08427
0.0836973
0.0830554
0.0824844
0.0819588
0.0815702
0.0814751
0.0816761
0.0820795
0.0825277
0.0828194
0.0828587
0.0827953
0.0827319
0.0829017
0.0833402
0.0839252
0.0845667
0.0852524
0.0858107
0.0861404
0.0861902
0.0858704
0.085263
0.0844901
0.0835858
0.0826053
0.08162
0.0806675
0.0798169
0.079082
0.0787034
0.0785382
0.0787243
0.0792435
0.0800967
0.0811081
0.0822054
0.0833107
0.0843255
0.0851995
0.0858853
0.086324
0.0865718
0.0865609
0.0863465
0.085928
0.0852846
0.0845275
0.0836804
0.0829666
0.0823392
0.0819054
0.081636
0.0816301
0.0817317
0.0820093
0.0823634
0.082755
0.0832048
0.0836491
0.084039
0.0844399
0.0848001
0.0851493
0.0854305
0.0855695
0.0855575
0.0853886
0.0849973
0.084407
0.083651
0.0828503
0.0819266
0.0809234
0.079865
0.0787152
0.0776115
0.076624
0.0758638
0.0755393
0.0756118
0.0760887
0.0768998
0.0780451
0.0793096
0.0806675
0.0819187
0.0830579
0.0840381
0.0848717
0.0856547
0.086332
0.087055
0.0877682
0.0883478
0.088668
0.0885083
0.087971
0.0871955
0.0863562
0.0856295
0.0851886
0.0850448
0.0852564
0.085687
0.086226
0.0867982
0.0872434
0.0874492
0.0873849
0.0869823
0.0862537
0.0852103
0.0840105
0.0827509
0.0815928
0.0804624
0.0794582
0.0786796
0.0781805
0.0780029
0.0782201
0.0787878
0.0795754
0.0805002
0.0814511
0.0822669
0.0828172
0.0831714
0.0832245
0.0830503
0.0827269
0.0823013
0.0889854
0.0901743
0.092565
0.0959208
0.0999192
0.104299
0.108546
0.112364
0.115491
0.117655
0.118837
0.119054
0.118673
0.117938
0.117144
0.116473
0.115985
0.115606
0.115219
0.114781
0.11431
0.113926
0.113734
0.113588
0.113303
0.112728
0.111877
0.110947
0.110275
0.110068
0.110147
0.110326
0.110379
0.110216
0.109842
0.109437
0.108966
0.1085
0.107965
0.10722
0.10649
0.105963
0.105894
0.106412
0.107359
0.108637
0.109993
0.111063
0.111749
0.111963
0.111806
0.111422
0.110891
0.110319
0.109835
0.109485
0.109481
0.109788
0.110298
0.110846
0.111156
0.111016
0.110509
0.109774
0.108925
0.108235
0.107967
0.108125
0.108694
0.109385
0.110018
0.110208
0.109845
0.108972
0.107727
0.106355
0.104956
0.103746
0.102647
0.101734
0.100998
0.100693
0.100913
0.101766
0.103403
0.105779
0.10861
0.111646
0.114496
0.116945
0.118853
0.120213
0.121187
0.12196
0.122528
0.122834
0.122711
0.122109
0.121027
0.119666
0.118194
0.116775
0.115498
0.114278
0.113097
0.111899
0.110623
0.109456
0.10852
0.107915
0.10763
0.107764
0.108128
0.108703
0.109381
0.110034
0.110581
0.110985
0.111204
0.111208
0.111024
0.110623
0.109835
0.108701
0.107337
0.105933
0.104769
0.103945
0.103603
0.103814
0.104633
0.105751
0.106825
0.107761
0.108212
0.108135
0.10764
0.107079
0.106658
0.10659
0.106894
0.107405
0.10804
0.108425
0.108322
0.10776
0.106804
0.105763
0.104957
0.104538
0.104718
0.105395
0.106548
0.10792
0.109375
0.110751
0.111915
0.112739
0.113384
0.113886
0.114392
0.115093
0.115938
0.116789
0.117535
0.118009
0.118078
0.117679
0.11679
0.115598
0.114261
0.113088
0.112273
0.111983
0.112212
0.112825
0.113759
0.114646
0.115339
0.115627
0.115474
0.114974
0.11424
0.113363
0.112406
0.111253
0.109911
0.108331
0.106767
0.10531
0.104179
0.103721
0.104044
0.10526
0.107262
0.109684
0.112053
0.113701
0.114283
0.113795
0.112533
0.110754
0.108886
0.10709
0.105532
0.104429
0.103957
0.104102
0.10484
0.105863
0.107012
0.107975
0.108282
0.107947
0.10701
0.105682
0.104071
0.102556
0.101246
0.100438
0.100309
0.100752
0.101851
0.103562
0.105595
0.107681
0.10952
0.110852
0.111652
0.112034
0.112203
0.112401
0.112802
0.113308
0.113822
0.114391
0.114855
0.115317
0.115788
0.116306
0.116786
0.117171
0.117311
0.117279
0.116973
0.116477
0.115896
0.115392
0.115013
0.114713
0.11437
0.113829
0.113107
0.112215
0.111145
0.110021
0.108975
0.108023
0.107198
0.10631
0.105474
0.104806
0.104307
0.10414
0.104539
0.105637
0.10734
0.109628
0.112027
0.114174
0.115647
0.116284
0.116027
0.115065
0.113662
0.112103
0.110562
0.109285
0.108194
0.107467
0.106989
0.106675
0.106517
0.106424
0.106373
0.106496
0.106632
0.10687
0.107209
0.107538
0.10783
0.108138
0.108554
0.109122
0.109877
0.11096
0.112164
0.113478
0.114687
0.115585
0.116111
0.116276
0.116198
0.116026
0.115863
0.1157
0.115495
0.115146
0.114566
0.113681
0.112447
0.110968
0.109445
0.108088
0.107023
0.106394
0.106179
0.106554
0.107482
0.108919
0.110614
0.112267
0.113443
0.113891
0.113693
0.113093
0.112388
0.111691
0.111098
0.110511
0.109835
0.108778
0.107253
0.105494
0.103975
0.103206
0.10332
0.104326
0.106015
0.108194
0.110601
0.112934
0.115005
0.116579
0.117341
0.117241
0.116357
0.114789
0.112785
0.110659
0.108708
0.107248
0.106388
0.106296
0.106929
0.108232
0.109915
0.111594
0.112946
0.113607
0.113471
0.112661
0.111328
0.1097
0.107989
0.106341
0.104813
0.103463
0.102408
0.101818
0.101716
0.102174
0.103114
0.104475
0.106132
0.107971
0.10976
0.11129
0.11237
0.112934
0.112981
0.112579
0.11186
0.110933
0.109867
0.108982
0.108489
0.108493
0.108754
0.109263
0.109875
0.110798
0.112107
0.113607
0.115163
0.116498
0.117284
0.11749
0.117144
0.116356
0.115321
0.114329
0.11345
0.112828
0.112284
0.111802
0.111401
0.111052
0.110858
0.1109
0.111154
0.111676
0.112207
0.112643
0.112704
0.112349
0.111784
0.111109
0.1103
0.109473
0.108632
0.107867
0.107322
0.107152
0.107258
0.107412
0.107429
0.107116
0.106642
0.106125
0.105868
0.106085
0.106687
0.107648
0.108691
0.109746
0.110595
0.111235
0.11155
0.111533
0.111173
0.110459
0.109452
0.10822
0.10692
0.105704
0.104783
0.104338
0.104358
0.104921
0.105914
0.1071
0.108195
0.109032
0.10948
0.109675
0.109623
0.109577
0.10964
0.109899
0.110459
0.111247
0.112257
0.113313
0.114262
0.114987
0.115586
0.11602
0.116399
0.116744
0.117108
0.117449
0.117707
0.117872
0.117686
0.116911
0.1154
0.113307
0.110937
0.108659
0.106761
0.105331
0.104379
0.103861
0.10388
0.10435
0.105223
0.106361
0.107469
0.10838
0.108961
0.109159
0.109108
0.108901
0.108631
0.108486
0.108368
0.108297
0.10817
0.10816
0.108376
0.108814
0.109579
0.110776
0.112242
0.11373
0.115079
0.115907
0.116126
0.115546
0.11416
0.112277
0.110228
0.108467
0.107227
0.106581
0.106582
0.10713
0.107966
0.109082
0.110255
0.111382
0.112228
0.112821
0.11318
0.11327
0.113156
0.113042
0.112956
0.112849
0.112785
0.112741
0.112895
0.113275
0.113918
0.114673
0.115282
0.115518
0.11526
0.114683
0.113874
0.113162
0.112533
0.112025
0.111789
0.111644
0.111618
0.111631
0.111638
0.111559
0.111357
0.111016
0.110555
0.109977
0.109381
0.108693
0.108077
0.107586
0.107203
0.106967
0.106971
0.107059
0.107236
0.10734
0.107359
0.107145
0.10674
0.106067
0.105223
0.104348
0.103479
0.102852
0.102491
0.102465
0.102781
0.103451
0.104516
0.10596
0.107766
0.109867
0.112093
0.114195
0.115942
0.117137
0.117649
0.117532
0.116838
0.115759
0.114484
0.113159
0.111766
0.110577
0.10957
0.10892
0.108579
0.108517
0.108702
0.108952
0.109168
0.109389
0.109715
0.110217
0.110785
0.111409
0.112036
0.112472
0.112825
0.113146
0.113467
0.113753
0.113956
0.113986
0.113832
0.11341
0.112763
0.111872
0.110951
0.110022
0.109204
0.108539
0.107941
0.107525
0.1072
0.107097
0.107109
0.10729
0.107623
0.108072
0.108581
0.109018
0.109387
0.109687
0.109787
0.109835
0.109775
0.109667
0.109553
0.109495
0.109409
0.109318
0.109223
0.10933
0.109725
0.110454
0.111496
0.112669
0.113979
0.115162
0.116042
0.116515
0.11666
0.116486
0.116168
0.115824
0.115496
0.115308
0.115159
0.115074
0.114849
0.114454
0.113791
0.112902
0.111818
0.110613
0.109443
0.108375
0.107625
0.107465
0.107972
0.109166
0.110896
0.112717
0.114333
0.115357
0.115595
0.115046
0.113818
0.112041
0.109976
0.10788
0.106018
0.104462
0.103419
0.103008
0.103248
0.104101
0.105452
0.107222
0.109251
0.11127
0.113135
0.114582
0.115644
0.116174
0.116378
0.116245
0.115986
0.115502
0.114732
0.113667
0.112222
0.110426
0.10847
0.106513
0.104741
0.1034
0.102691
0.102671
0.103365
0.104623
0.106262
0.10819
0.110192
0.111958
0.113457
0.114508
0.115098
0.115364
0.115279
0.114983
0.114567
0.114021
0.113528
0.113163
0.112968
0.112895
0.112865
0.112876
0.112876
0.112771
0.112509
0.112193
0.11182
0.111297
0.110718
0.110085
0.109477
0.109004
0.108669
0.108488
0.108493
0.108687
0.109102
0.109676
0.110273
0.110763
0.111001
0.110868
0.110346
0.109409
0.108189
0.10672
0.105134
0.103642
0.102385
0.101442
0.100879
0.100862
0.101286
0.102152
0.103599
0.105626
0.108156
0.111158
0.114348
0.117292
0.11958
0.120663
0.120517
0.119308
0.117604
0.115862
0.114497
0.113742
0.113572
0.113822
0.114172
0.114345
0.114233
0.113845
0.11321
0.112478
0.111715
0.110909
0.109956
0.108994
0.107752
0.10644
0.105095
0.103953
0.103223
0.102986
0.103152
0.103746
0.104709
0.105883
0.107212
0.108504
0.109598
0.110269
0.110283
0.109682
0.108542
0.107179
0.105837
0.104889
0.104591
0.105122
0.106387
0.108246
0.110426
0.112602
0.114429
0.115511
0.115669
0.114751
0.112836
0.110334
0.107701
0.105411
0.1038
0.103087
0.103231
0.104198
0.105848
0.107882
0.110068
0.112106
0.113884
0.115097
0.1156
0.115145
0.113664
0.111392
0.108749
0.106481
0.105019
0.104709
0.105593
0.10752
0.110141
0.113059
0.115689
0.117639
0.118673
0.118901
0.118434
0.117411
0.116003
0.114271
0.112512
0.110787
0.10939
0.108322
0.107647
0.107304
0.107188
0.107371
0.107734
0.108391
0.109239
0.110137
0.111233
0.112405
0.113648
0.114931
0.116068
0.116947
0.117276
0.116874
0.115724
0.113851
0.111561
0.109257
0.107268
0.105873
0.105132
0.10501
0.105317
0.105905
0.106515
0.10714
0.107733
0.108261
0.108784
0.109189
0.109638
0.110197
0.110887
0.111601
0.112297
0.112984
0.113682
0.114292
0.114723
0.114917
0.11478
0.114353
0.113776
0.113091
0.112379
0.111751
0.111214
0.110762
0.110232
0.109697
0.109106
0.108485
0.10797
0.107535
0.107147
0.106736
0.106316
0.105839
0.105328
0.104643
0.103874
0.103232
0.102835
0.10277
0.103167
0.103931
0.10484
0.105878
0.106889
0.10775
0.108393
0.108768
0.108974
0.109292
0.109902
0.110874
0.112135
0.113528
0.114645
0.115425
0.115729
0.115556
0.114989
0.11427
0.113567
0.113043
0.112721
0.112646
0.112759
0.113033
0.113295
0.113445
0.113355
0.113067
0.112636
0.11208
0.111491
0.110918
0.110192
0.109537
0.108924
0.108576
0.108578
0.108824
0.109239
0.109687
0.110009
0.109961
0.109742
0.109449
0.109311
0.109578
0.110271
0.111342
0.112766
0.114333
0.115672
0.116578
0.116723
0.11606
0.114632
0.112772
0.110773
0.108809
0.107036
0.105434
0.104013
0.102692
0.101657
0.101031
0.101003
0.101608
0.102593
0.103756
0.105036
0.106431
0.108044
0.109928
0.111906
0.113842
0.115474
0.116472
0.116746
0.116377
