1.65
1.6422
1.62956
1.61485
1.6
1.5853
1.56976
1.5528
1.53567
1.52123
1.51268
1.51177
1.51827
1.53038
1.54573
1.56188
1.57633
1.58661
1.59055
1.58681
1.57525
1.55723
1.53563
1.51474
1.49946
1.49395
1.49996
1.51574
1.5367
1.55746
1.57402
1.58447
1.58875
1.58795
1.58337
1.57616
1.56717
1.55718
1.54716
1.53815
1.53062
1.52391
1.51633
1.50617
1.49299
1.47815
1.46413
1.45355
1.44812
1.44839
1.45394
1.46393
1.4777
1.49505
1.51584
1.53907
1.5625
1.58324
1.59876
1.60777
1.61033
1.60758
1.60143
1.59442
1.58921
1.58779
1.59065
1.59679
1.60475
1.61365
1.62333
1.63394
1.64542
1.65728
1.66845
1.67744
1.68268
1.68309
1.67849
1.6697
1.65811
1.64501
1.63069
1.61425
1.59428
1.57012
1.54292
1.51565
1.49214
1.47566
1.46812
1.47012
1.48124
1.50039
1.52616
1.55697
1.59074
1.62485
1.65664
1.68374
1.70433
1.71793
1.72588
1.72968
1.72885
1.72169
1.70794
1.68977
1.67045
1.65256
1.63732
1.62506
1.61582
1.60972
1.60687
1.60704
1.60954
1.61327
1.61723
1.6209
1.62436
1.62785
1.63122
1.63377
1.63447
1.63232
1.62683
1.61827
1.60767
1.59681
1.58811
1.58451
1.58889
1.60299
1.62621
1.65493
1.68353
1.70623
1.71869
1.71879
1.70679
1.68512
1.65798
1.63065
1.60835
1.59491
1.59186
1.59826
1.61175
1.6296
1.64939
1.66916
1.68735
1.70284
1.71501
1.72359
1.72842
1.7292
1.72546
1.71701
1.70455
1.69017
1.67708
1.66842
1.66563
1.66741
1.67036
1.67081
1.66659
1.65751
1.64496
1.63151
1.6209
1.61751
1.62474
1.64336
1.67102
1.70322
1.73468
1.76046
1.77659
1.78032
1.77042
1.74744
1.71409
1.67506
1.63629
1.6034
1.58017
1.56752
1.56378
1.56587
1.57106
1.57795
1.58663
1.59793
1.6124
1.62972
1.64884
1.66878
1.68902
1.70915
1.72809
1.74394
1.75466
1.75884
1.75592
1.74579
1.72854
1.70467
1.67559
1.64422
1.61485
1.59239
1.58094
1.58246
1.59615
1.61888
1.64626
1.67384
1.69758
1.71447
1.72304
1.72339
1.717
1.70605
1.69293
1.67975
1.66803
1.65849
1.65114
1.6458
1.64253
1.64171
1.64324
1.64573
1.6464
1.64215
1.63139
1.61508
1.59638
1.57866
1.56383
1.55248
1.54487
1.54128
1.54155
1.54474
1.54962
1.55534
1.56168
1.56868
1.57611
1.58349
1.59058
1.59764
1.60532
1.61404
1.62352
1.63279
1.64056
1.64589
1.64845
1.64869
1.64758
1.64636
1.64613
1.64743
1.64991
1.65236
1.65316
1.65079
1.6443
1.6335
1.6189
1.60151
1.58258
1.56338
1.54475
1.52687
1.50972
1.49375
1.48053
1.4726
1.47266
1.48248
1.50216
1.52999
1.56313
1.59848
1.63326
1.66532
1.6931
1.71567
1.73289
1.74562
1.75556
1.76467
1.77442
1.78521
1.79628
1.80621
1.81357
1.81731
1.8169
1.81212
1.80283
1.78893
1.77045
1.74777
1.7217
1.69344
1.66456
1.6369
1.61223
1.59165
1.57508
1.56148
1.54957
1.53847
1.52759
1.51626
1.50346
1.4881
1.47003
1.4512
1.43594
1.43005
1.43869
1.46443
1.50622
1.55908
1.61498
1.66565
1.70544
1.73203
1.74546
1.74697
1.73831
1.72142
1.69829
1.67066
1.64029
1.60951
1.5817
1.56078
1.55027
1.55239
1.56747
1.59377
1.62771
1.66486
1.70109
1.73294
1.75769
1.77322
1.77842
1.77364
1.76085
1.74282
1.72196
1.69943
1.67539
1.64974
1.62295
1.59684
1.57481
1.56118
1.55928
1.5694
1.58836
1.61121
1.63365
1.65318
1.66893
1.68059
1.68781
1.6902
1.68799
1.68253
1.67621
1.67173
1.67089
1.67365
1.6781
1.68166
1.68217
1.67864
1.67139
1.66163
1.65086
1.63993
1.62863
1.61572
1.59978
1.58011
1.55734
1.53351
1.5117
1.49529
1.4871
1.48833
1.49836
1.51561
1.53863
1.56653
1.59855
1.63338
1.66852
1.70035
1.72514
1.74027
1.74482
1.73954
1.72631
1.70748
1.68531
1.66166
1.6378
1.61423
1.59052
1.56554
1.53815
1.50844
1.47907
1.45583
1.44608
1.45506
1.48285
1.52455
1.57314
1.62285
1.67078
1.71647
1.75996
1.80022
1.83493
1.86182
1.88001
1.89061
1.89621
1.89977
1.90326
1.90682
1.90891
1.90731
1.90006
1.88607
1.86548
1.83947
1.80991
1.77874
1.74766
1.71792
1.69056
1.66668
1.64743
1.63365
1.62553
1.62237
1.62301
1.62654
1.63257
1.6411
1.65198
1.66523
1.68159
1.702
1.72525
1.747
1.76176
1.766
1.75925
1.74343
1.72189
1.69859
1.67751
1.66189
1.65332
1.65131
1.65352
1.65678
1.65823
1.65613
1.64997
1.64074
1.63155
1.62759
1.63383
1.65157
1.67742
1.70577
1.7317
1.75221
1.76604
1.77309
1.77412
1.77043
1.76365
1.75539
1.74683
1.73866
1.7311
1.72406
1.71741
1.71126
1.70597
1.70205
1.69983
1.69946
1.7008
1.70382
1.70887
1.7169
1.72877
1.7439
1.7597
1.77266
1.78017
1.7816
1.778
1.77099
1.76178
1.75053
1.73647
1.71886
1.69813
1.67704
1.66074
1.65428
1.65821
1.66642
1.66917
1.65858
1.63394
1.60564
1.59206
1.60456
1.63547
1.66641
1.68397
1.68496
1.67337
1.65588
1.63862
1.62534
1.61683
1.61152
1.60647
1.59865
1.58576
1.56703
1.54381
1.51997
1.5015
1.49439
1.50131
1.51986
1.5441
1.56793
1.58746
1.60136
1.61019
1.61533
1.61806
1.61903
1.61798
1.61429
1.60779
1.59973
1.59291
1.59057
1.5945
1.60415
1.6171
1.63038
1.6414
1.64838
1.65065
1.64891
1.64528
1.64273
1.6437
1.64893
1.65729
1.66697
1.67649
1.68517
1.69275
1.69904
1.70369
1.70612
1.7055
1.70104
1.6925
1.68069
1.66744
1.6549
1.64457
1.63689
1.63159
1.62845
1.62773
1.62967
1.63372
1.63846
1.64255
1.64593
1.64991
1.65628
1.66608
1.67919
1.69472
1.71128
1.72683
1.7384
1.74239
1.73526
1.71513
1.68369
1.64753
1.61674
1.59922
1.59539
1.59951
1.60575
1.61188
1.61873
1.62806
1.64088
1.65672
1.67381
1.68995
1.70317
1.71223
1.71643
1.71542
1.70881
1.69613
1.67719
1.65262
1.62447
1.59635
1.57307
1.55937
1.55826
1.5698
1.59109
1.61726
1.64267
1.66209
1.67179
1.67014
1.65775
1.63731
1.61321
1.59075
1.57461
1.56726
1.56818
1.5745
1.58265
1.58981
1.59451
1.59651
1.59625
1.59453
1.59238
1.59086
1.59074
1.59222
1.59494
1.5984
1.60266
1.60847
1.61676
1.62764
1.63947
1.64889
1.65218
1.64695
1.6335
1.61501
1.59621
1.58136
1.57274
1.57053
1.57355
1.57994
1.58735
1.59337
1.59627
1.5958
1.59346
1.59167
1.59246
1.59639
1.60247
1.60861
1.61248
1.61225
1.60722
1.59798
1.58632
1.57501
1.56742
1.56715
1.57723
1.59904
1.6314
1.67031
1.70984
1.74407
1.76864
1.78165
1.78337
1.77565
1.76129
1.74356
1.72589
1.71141
1.70256
1.7006
1.70519
1.71442
1.72543
1.73524
1.74148
1.74265
1.73815
1.728
1.71292
1.69463
1.6763
1.66226
1.65669
1.66205
1.67828
1.70301
1.73213
1.76055
1.78307
1.7954
1.79494
1.78094
1.7544
1.71774
1.67456
1.62964
1.58842
1.55586
1.53488
1.52551
1.52552
1.53198
1.5426
1.55613
1.57187
1.58873
1.6048
1.61744
1.62431
1.62426
1.61804
1.60825
1.59875
1.59374
1.5966
1.60856
1.6281
1.65111
1.67237
1.68726
1.693
1.68898
1.67636
1.6572
1.63363
1.60741
1.57994
1.55247
1.52654
1.50442
1.48904
1.48318
1.4879
1.50177
1.52147
1.5431
1.56354
1.58079
1.59372
1.60173
1.60454
1.60232
1.59583
1.58662
1.57724
1.57093
1.57037
1.57592
1.58537
1.59571
1.60538
1.61507
1.6267
1.64185
1.66054
1.68103
1.70102
1.7189
1.73419
1.74708
1.7575
1.76461
1.76719
1.76432
1.75606
1.74356
1.72893
1.71467
1.70291
1.6948
1.69017
1.68769
1.68541
1.68144
1.67462
1.66482
1.65316
1.6419
1.63379
1.63103
1.63419
1.64199
1.65209
1.66244
1.67238
1.68268
1.69445
1.70803
1.72259
1.73659
1.74844
1.75673
1.76068
1.76044
1.75729
1.7533
1.75041
1.74952
1.75035
1.75234
1.75518
1.75854
1.76138
1.76209
1.75971
1.75479
1.74893
1.74321
1.7372
1.72962
1.7198
1.7088
1.69886
1.6916
1.68679
1.68246
1.67604
1.6652
1.64897
1.62916
1.61099
1.60113
1.6033
1.61586
1.6339
1.65275
1.66943
1.68272
1.69339
1.70432
1.71949
1.74161
1.76972
1.79923
1.82421
1.83979
1.84327
1.83406
1.81369
1.7858
1.75597
1.7306
1.71504
1.71157
1.71877
1.73235
1.74703
1.75825
1.76321
1.76124
1.75359
1.74275
1.73127
1.7207
1.71126
1.70225
1.69285
1.68276
1.6725
1.66321
1.65612
1.65199
1.65075
1.65136
1.65204
1.65076
1.64595
1.6372
1.62571
1.61402
1.60547
1.60328
1.60997
1.62682
1.6532
1.68573
1.71852
1.74516
1.76109
1.76472
1.75708
1.74092
1.7199
1.69778
1.67789
1.66261
1.65292
1.64842
1.64765
1.64854
1.64879
1.64623
1.63926
1.62737
1.61127
1.59278
1.57474
1.56086
1.55522
1.56074
1.57725
1.60073
1.62488
1.64364
1.65291
1.65114
1.63963
1.62255
1.6062
1.59652
1.59579
1.60162
1.60898
1.6133
1.6128
1.60923
1.607
1.61067
1.62208
1.63906
1.65695
1.67134
1.68034
1.68483
1.68698
1.68777
1.68569
1.67779
1.66245
1.64137
1.61932
1.60179
1.592
1.5895
1.59098
1.59244
1.59173
1.58968
1.58938
1.59382
1.60352
1.61605
1.62788
1.63675
1.6428
1.64798
1.65482
1.66522
1.67974
1.69741
1.71593
1.73224
1.74339
1.74752
1.7446
1.73663
1.72731
1.72074
1.71992
1.7254
1.73502
1.74505
1.75188
1.75333
1.74902
1.73976
1.72668
1.71048
1.69156
1.67044
1.64843
1.62774
1.61108
1.60083
1.598
1.60185
1.61017
1.62005
1.62878
1.63479
1.63847
1.64251
1.65055
1.66476
1.68391
1.7045
1.72314
1.73816
1.74937
1.75695
1.7606
1.75931
1.75158
1.7362
1.7131
1.68392
1.65209
1.62225
1.59923
1.58671
1.58591
1.59479
1.60895
1.62376
1.63672
1.64814
1.66002
1.67356
1.68744
1.69809
1.70181
1.69641
1.68193
1.66007
1.63337
1.60435
1.57525
1.54867
1.52825
1.51814
1.52095
1.53567
1.55804
1.58283
1.60586
1.62462
1.63801
1.64606
1.64981
1.65098
1.65129
1.65165
1.65185
1.65123
1.64996
1.64949
1.65183
1.65825
1.66831
1.68007
1.69061
1.69695
1.69688
1.68954
1.67576
1.65775
1.63829
1.61978
1.60356
1.58997
1.57881
1.56991
1.56344
1.55978
1.55926
1.56237
1.57029
1.58475
1.60631
1.6323
1.65758
1.67757
1.6902
1.69581
1.69564
1.69055
1.68068
1.66648
1.65022
1.6361
1.62754
1.62479
1.62597
1.62976
1.63641
1.64672
1.66098
1.67852
1.69807
1.71783
1.73555
1.74843
1.75361
1.74902
1.73404
1.70974
1.67865
1.64428
1.61074
1.58269
1.56519
1.56298
1.57884
1.61162
1.65574
1.70274
1.74381
1.77194
1.78295
1.77565
1.7518
1.71615
1.67626
1.64089
1.6163
1.60363
1.60059
1.60504
1.61607
1.63282
1.65337
1.67497
1.69506
1.71207
1.72555
1.73558
1.74225
1.7452
1.74355
1.73635
1.72315
1.70436
1.68109
1.65467
1.62638
1.59764
1.5702
1.54605
1.52693
1.51413
1.50804
1.5076
1.51043
1.51469
1.52079
1.53067
1.5453
1.56326
1.58146
1.59661
1.60642
1.60976
1.60686
1.59926
1.58968
1.5812
1.57641
1.57685
1.58319
1.59548
1.61302
1.63398
1.65525
1.67281
1.68287
1.68308
1.67331
1.65618
1.63686
1.62176
1.61556
1.61858
1.62688
1.63524
1.64013
1.64081
1.639
1.63776
1.64016
1.6479
1.66082
1.67693
1.69293
1.70519
1.71074
1.70815
1.69776
1.68164
1.66359
1.64856
1.64122
1.64396
1.65563
1.67219
1.68874
1.70138
1.70804
1.70827
1.70276
1.69312
1.68165
1.67138
1.66536
1.66519
1.6699
1.6767
1.68318
1.68814
1.69002
1.68645
1.67636
1.66161
1.64632
1.63485
1.63
1.63218
1.6399
1.65052
1.66128
1.67022
1.67667
1.68126
1.68529
1.68983
1.6951
1.70044
1.7048
1.7075
1.7087
1.70937
1.71078
1.71368
1.71764
1.72129
1.72302
1.72175
1.71731
1.71018
1.70113
1.69058
1.67831
1.66361
1.64577
1.62468
1.60124
1.57757
1.55671
1.54217
1.53701
1.54281
1.55891
1.58254
1.60997
1.63769
1.66316
1.6847
1.70097
1.71065
1.71241
1.70531
1.6895
1.66694
1.64168
1.61891
1.60238
1.59252
1.58726
1.5847
1.58462
1.58784
1.59466
1.60388
1.61313
1.61994
1.62283
1.62186
1.61894
1.61764
1.62194
1.63351
1.64965
1.6641
1.67058
1.66599
1.65147
1.63169
1.61291
1.60029
1.59589
1.59836
1.60457
1.61158
1.61779
1.62305
1.62801
1.63342
1.63965
1.64645
1.65303
1.65836
1.66136
1.66102
1.6567
1.64857
1.63808
1.62801
1.62173
1.62176
1.62843
1.63956
1.65135
1.66007
1.66339
1.66086
1.65358
1.64346
1.63236
1.62151
1.61127
1.60154
1.59224
1.58378
1.57696
1.57253
1.57075
1.57105
1.57209
1.57217
1.56981
1.56418
1.55537
1.54481
1.53568
1.53275
1.54017
1.55817
1.58204
1.60488
1.62097
1.62734
1.62353
1.61089
1.59182
1.5693
1.54641
1.52621
1.51172
1.5055
1.50891
1.5217
1.54276
1.57067
1.60311
1.63603
1.66447
1.68427
1.69375
1.69392
1.688
1.68033
1.67515
1.6753
1.6814
1.69197
1.70439
1.71619
1.72589
1.73319
1.7387
1.74351
1.74854
1.75384
1.75818
1.75936
1.75495
1.74326
1.72402
1.69869
1.67037
1.64331
1.62246
1.61273
1.61738
1.63583
1.66288
1.6907
1.71202
1.72255
1.72177
1.71201
1.6963
1.67617
1.65155
1.62226
1.58905
1.55415
1.52124
1.49509
1.48007
1.47865
1.49069
1.51369
1.54375
1.5763
1.60695
1.63224
1.65006
1.65994
1.6628
1.66064
1.65578
1.6503
1.64565
1.6428
1.64258
1.64574
1.65267
1.66296
1.67515
1.6872
1.69697
1.70297
1.70468
1.70264
1.69788
1.6915
1.68438
1.67734
1.67167
1.66888
1.67008
1.67503
1.6821
1.68898
1.69351
1.69418
1.69008
1.68085
1.6667
1.64861
1.6285
1.60915
1.59345
1.5832
1.57868
1.57906
1.58315
1.58991
1.59857
1.60896
1.62143
1.63653
1.6545
1.67457
1.69478
1.7124
1.72479
1.73026
1.72839
1.71981
1.70578
1.6877
1.66675
1.64384
1.6199
1.59628
1.57488
1.55785
1.54708
1.54372
1.54815
1.56019
1.57945
1.60522
1.63593
1.66881
1.70009
1.72591
1.74325
1.75076
1.74926
1.74176
1.73294
1.72761
1.72862
1.73541
1.74429
1.75019
1.7488
1.73797
1.7183
1.69286
1.66622
1.64303
1.62644
1.61731
1.61445
1.61586
1.61972
1.62467
1.62945
1.63299
1.63474
1.63525
1.63641
1.64107
1.65177
1.66922
1.69162
1.71545
1.73704
1.75387
1.76522
1.77217
1.77672
1.7806
1.78415
1.78602
1.78386
1.77579
1.7616
1.7434
1.72526
1.71201
1.70765
1.71375
1.72863
1.74798
1.76632
1.77868
1.78179
1.77461
1.75815
1.7351
1.70927
1.68492
1.66593
1.65479
1.65199
1.65603
1.66414
1.6734
1.6815
1.68694
1.68857
1.68516
1.67566
1.65997
1.63982
1.61892
1.60208
1.59363
1.5954
1.60568
1.62003
1.63368
1.64358
1.64874
1.64934
1.646
1.63936
1.63
1.61844
1.60515
1.59073
1.57606
1.56206
1.54959
1.53929
1.53163
1.52698
1.52586
1.52936
1.5392
1.55708
1.58341
1.61657
1.65328
1.68996
1.72413
1.75495
1.78273
1.80788
1.82973
1.84637
1.85537
1.85491
1.84468
1.82644
1.80392
1.78193
1.76473
1.75435
1.75007
1.74946
1.74962
1.7481
1.74326
1.73446
1.72213
1.70758
1.69241
1.67777
1.66374
1.64944
1.63403
1.61831
1.60534
1.59842
1.59766
1.59929
1.59887
1.59455
1.58762
1.58122
1.57835
1.58032
1.58658
1.59563
1.60631
1.6181
1.63038
1.6418
1.65074
1.65632
1.65928
1.66178
1.66683
1.6773
1.69465
1.718
1.74408
1.76822
1.78581
1.79342
1.78949
1.77472
1.75213
1.72654
1.70362
1.68791
1.68173
1.68462
1.69391
1.70558
1.71554
1.72071
1.71988
1.71391
1.70537
1.69759
1.69324
1.69331
1.69698
1.70243
1.7078
1.71183
1.71414
1.71529
1.71675
1.72051
1.72851
1.74157
1.75874
1.77749
1.79476
1.80806
1.816
1.81824
1.81517
1.80773
1.79727
1.78532
1.77333
1.76236
1.75276
1.74417
1.73581
1.72671
1.71606
1.70329
1.68833
1.67172
1.65487
1.63992
1.62917
1.62404
1.62424
1.62783
1.63209
1.63464
1.63401
1.62946
1.62074
1.60812
1.59288
1.57752
1.56546
1.56016
1.5639
1.57644
1.59474
1.61398
1.62922
1.63669
1.63462
1.62392
1.60856
1.59485
1.58926
1.59538
1.6121
1.63463
1.65716
1.67491
1.68496
1.6862
1.67884
1.66391
1.6428
1.61679
1.58671
1.5528
1.51495
1.47325
1.42884
1.38478
1.34644
1.32076
1.31395
1.329
1.3641
1.41333
1.46899
1.52404
1.57337
1.61375
1.64344
1.66194
1.66967
1.66768
1.65769
1.64218
1.62421
1.60695
1.59318
1.58469
1.58172
1.58297
1.58608
1.5887
1.5894
1.58818
1.58619
1.58517
1.58668
1.59163
1.59999
1.61089
1.62293
1.63468
1.64512
1.65405
1.66203
1.66999
1.67868
1.68827
1.69849
1.7088
1.71878
1.7283
1.73737
1.7458
1.75296
1.75761
1.75829
1.75384
1.74384
1.72878
1.70993
1.68898
1.66799
1.64941
1.63596
1.62954
1.62978
1.63362
1.63674
1.63524
1.62672
1.61073
1.5894
1.56723
1.54975
1.54078
1.54034
1.54495
1.54993
1.55195
1.55029
1.54646
1.54288
1.54137
1.54208
1.54334
1.54238
1.53659
1.52495
1.50884
1.49176
1.47799
1.47117
1.47364
1.48641
1.50877
1.53799
1.56991
1.60035
1.62611
1.64507
1.65577
1.65738
1.64984
1.63427
1.61351
1.59215
1.57584
1.56939
1.5745
1.58881
1.60706
1.62358
1.63441
1.63805
1.63505
1.62699
1.61552
1.60181
1.58707
1.57326
1.56326
1.56012
1.56592
1.581
1.60379
1.63109
1.65915
1.68465
1.70546
1.72047
1.72902
1.73044
1.72412
1.71021
1.68997
1.66572
1.64002
1.61479
1.5911
1.56976
1.55182
1.53846
1.53015
1.52586
1.52302
1.51831
1.50896
1.49397
1.47522
1.45775
1.44874
1.45445
1.47647
1.51044
1.5489
1.58566
1.61776
1.64469
1.66669
1.68367
1.69511
1.70043
1.69928
1.6919
1.67923
1.66275
1.64379
1.62316
1.60157
1.58051
1.56255
1.55058
1.54648
1.55038
1.56125
1.57787
1.59948
1.62558
1.65551
1.68805
1.72132
1.75307
1.78091
1.80283
1.81776
1.82593
1.8286
1.82729
1.82282
1.81484
1.80216
1.78395
1.76071
1.73492
1.71087
1.69363
1.68732
1.69327
1.70934
1.73067
1.75155
1.76711
1.77413
1.77126
1.75894
1.73939
1.71609
1.69275
1.6718
1.65422
1.64054
1.63201
1.6299
1.63403
1.64221
1.65145
1.65933
1.66433
1.66562
1.66271
1.65554
1.64474
1.6317
1.61819
1.60563
1.59428
1.58315
1.57095
1.55703
1.54184
1.52664
1.51306
1.50314
1.49938
1.50421
1.51908
1.54408
1.57797
1.61834
1.66169
1.70366
1.73979
1.76665
1.78265
1.78807
1.78473
1.77537
1.76347
1.75264
1.74558
1.74329
1.74493
1.74841
1.75114
1.75086
1.74603
1.73611
1.72147
1.70334
1.68388
1.66626
1.65426
1.65079
1.65598
1.66671
1.67785
1.68449
1.68384
1.67641
1.66612
1.65901
1.66014
1.67066
1.6874
1.70542
1.72087
1.73258
1.74172
1.75037
1.75992
1.77089
1.7835
1.79768
1.81237
1.82498
1.83213
1.83075
1.81916
1.79751
1.76773
1.7333
1.69853
1.66765
1.64411
1.63011
1.62643
1.63233
1.64581
1.66404
1.68407
1.70339
1.7202
1.7334
1.74238
1.74683
1.74692
1.74316
1.73647
1.72768
1.71735
1.7056
1.69245
1.67845
1.66511
1.65476
1.64949
1.64958
1.65293
1.6559
1.65496
1.64816
1.63566
1.61933
1.60225
1.58812
1.58034
1.58022
1.58549
1.59086
1.59124
1.58455
1.57224
1.55777
1.54446
1.53439
1.52817
1.52555
1.52604
1.52935
1.53527
1.54339
1.5527
1.5616
1.56841
1.57185
1.57181
1.56973
1.56842
1.57111
1.58008
1.59552
1.61574
1.63796
1.65888
1.67503
1.68319
1.68105
1.66765
1.64388
1.61304
1.58123
1.55626
1.54381
1.54422
1.55384
1.56904
1.58738
1.60648
1.62372
1.63736
1.64703
1.65338
1.65757
1.66081
1.664
1.66715
1.66943
1.6698
1.66805
1.66569
1.66596
1.6723
1.68653
1.70832
1.73557
1.76468
1.79093
1.80918
1.81499
1.80574
1.78135
1.74535
1.7055
1.67237
1.65439
1.65264
1.66134
1.67308
1.6828
1.6887
1.69116
1.69128
1.68998
1.68769
1.68417
1.67891
1.67211
1.66539
1.66168
1.66366
1.67178
1.68377
1.69589
1.70507
1.71015
1.71172
1.71129
1.71018
1.70908
1.70795
1.70645
1.70441
1.70185
1.69886
1.69535
1.69077
1.68411
1.67418
1.66018
1.642
1.62011
1.59556
1.57018
1.54703
1.53041
1.52431
1.53026
1.54762
1.57516
1.61039
1.64845
1.68338
1.71068
1.72836
1.73669
1.73743
1.733
1.72577
1.7175
1.70925
1.7017
1.69547
1.69114
1.68875
1.68746
1.68579
1.68249
1.67729
1.67109
1.66559
1.66261
1.6635
1.66861
1.67711
1.68735
1.69747
1.70637
1.71417
1.72202
1.73103
1.74105
1.75029
1.75604
1.75619
1.75068
1.74161
1.73153
1.72141
1.71101
1.70066
1.69177
1.68517
1.67961
1.67219
1.66046
1.64455
1.62803
1.61652
1.61468
1.62382
1.64189
1.66531
1.69061
1.71533
1.73814
1.75829
1.77535
1.78907
1.79918
1.80536
1.80732
1.80509
1.79918
1.79049
1.77988
1.76798
1.75509
1.74118
1.72615
1.71014
1.69369
1.67776
1.66327
1.65078
1.6407
1.63396
1.63155
1.63311
1.63636
1.63857
1.63808
1.63447
1.62799
1.61889
1.60728
1.593
1.57618
1.55799
1.54119
1.52982
1.52742
1.53493
1.54974
1.56681
1.58078
1.58774
1.58594
1.5758
1.55947
1.54012
1.52103
1.50501
1.49401
1.48916
1.4907
1.49807
1.51012
1.52544
1.54271
1.56076
1.57864
1.59554
1.61074
1.62356
1.6333
1.6396
1.64253
1.64267
1.64087
1.63807
1.63531
1.63372
1.63389
1.63515
1.63567
1.63352
1.62782
1.61889
1.60778
1.59572
1.58384
1.57275
1.56243
1.55244
1.54235
1.53218
1.52238
1.51357
1.50668
1.5034
1.5062
1.51758
1.53854
1.56763
1.60139
1.63587
1.66766
1.69404
1.71276
1.72239
1.72317
1.7173
1.70799
1.69809
1.68922
1.68179
1.67561
1.6705
1.66648
1.66372
1.66223
1.66157
1.66052
1.65726
1.65004
1.63813
1.62239
1.60531
1.59022
1.58018
1.57705
1.58116
1.5916
1.6066
1.62392
1.64112
1.6557
1.66544
1.66895
1.66632
1.6596
1.65274
1.65043
1.65606
1.66982
1.68884
1.70881
1.72586
1.73757
1.74316
1.74323
1.73911
1.73207
1.72266
1.71082
1.69632
1.67936
1.66086
1.64246
1.62607
1.61307
1.60353
1.59629
1.58994
1.58446
1.58199
1.58537
1.59564
1.6111
1.62905
1.64747
1.66508
1.68104
1.69482
1.7065
1.71701
1.72781
1.73997
1.7535
1.76723
1.77928
1.78799
1.79247
1.79288
1.7902
1.7858
1.78084
1.77584
1.77046
1.76368
1.75414
1.74062
1.72247
1.69955
1.67215
1.64075
1.60589
1.56849
1.53012
1.49318
1.46076
1.43625
1.42271
1.42227
1.43558
1.46145
1.49674
1.53678
1.57632
1.61064
1.6364
1.65198
1.65757
1.65498
1.64724
1.63803
1.63095
1.62877
1.63274
1.64216
1.65457
1.66659
1.67459
1.67542
1.66705
1.64931
1.62455
1.59715
1.57189
1.5522
1.53978
1.53531
1.53883
1.54947
1.5655
1.58495
1.60603
1.62725
1.64723
1.66475
1.67895
1.68953
1.69679
1.70158
1.70525
1.70938
1.7153
1.72333
1.73259
1.7416
1.74909
1.75449
1.75771
1.75875
1.75757
1.75417
1.74893
1.74261
1.73608
1.72981
1.7238
1.71796
1.71267
1.70877
1.70684
1.70659
1.70686
1.70627
1.70403
1.70016
1.69507
1.6891
1.68231
1.67447
1.6653
1.65459
1.64259
1.63021
1.61907
1.61119
1.60838
1.61137
1.61941
1.63026
1.6409
1.64858
1.65174
1.65035
1.64566
1.63951
1.63366
1.62939
1.62719
1.62694
1.62817
1.63058
1.63433
1.64005
1.64831
1.65898
1.67103
1.68276
1.69235
1.69839
1.70023
1.69804
1.69253
1.68473
1.67559
1.66564
1.6548
1.64268
1.6293
1.61566
1.60365
1.59518
1.59142
1.5929
1.59996
1.61273
1.6306
1.6519
1.67426
1.69516
1.71272
1.72592
1.73463
1.73887
1.738
1.73068
1.7159
1.69442
1.66906
1.64347
1.62029
1.60044
1.58418
1.57216
1.56491
1.56122
1.55759
1.54993
1.5363
1.51862
1.50248
1.49468
1.49964
1.51678
1.54125
1.56688
1.58887
1.60509
1.61618
1.62469
1.63351
1.64402
1.65521
1.66436
1.66871
1.66679
1.65852
1.64472
1.6265
1.60536
1.5835
1.5639
1.54971
1.54325
1.54534
1.55505
1.57015
1.58771
1.60475
1.61904
1.62966
1.63724
1.6436
1.6509
1.66083
1.67412
1.69028
1.7076
1.72351
1.73515
1.74013
1.73716
1.72628
1.7089
1.68772
1.66634
1.64834
1.63618
1.63031
1.62918
1.63009
1.63019
1.62731
1.62064
1.61096
1.60046
1.59211
1.58899
1.59358
1.60682
1.6273
1.65149
1.67505
1.6942
1.70663
1.71168
1.71022
1.7045
1.69756
1.69234
1.69083
1.69365
1.70001
1.70815
1.71584
1.72142
1.72454
1.72621
1.72774
1.72919
1.72897
1.725
1.71619
1.70377
1.69129
1.68304
1.68138
1.68508
1.69039
1.69354
1.69272
1.68839
1.68261
1.67789
1.67622
1.67868
1.68546
1.69593
1.70883
1.72252
1.7353
1.74575
1.75293
1.7564
1.75602
1.75171
1.74316
1.72991
1.71186
1.68993
1.66643
1.64443
1.62655
1.61371
1.60484
1.59751
1.5889
1.57654
1.55881
1.53522
1.50665
1.47538
1.4449
1.4192
1.40188
1.39544
1.40086
1.41757
1.44362
1.47605
1.51174
1.5481
1.5832
1.61504
1.64057
1.65544
1.65546
1.63878
1.60791
1.57048
1.53782
1.52099
1.52566
1.54921
1.58296
1.61801
1.64908
1.67442
1.69403
1.70818
1.71719
1.72173
1.72279
1.72122
1.71725
1.71036
1.69969
1.68473
1.666
1.64536
1.62575
1.61025
1.60074
1.59699
1.59668
1.59701
1.5965
1.5957
1.5966
1.60138
1.61135
1.62631
1.64415
1.66087
1.67137
1.67106
1.65746
1.63132
1.59701
1.56169
1.53304
1.51635
1.51293
1.52085
1.53658
1.55654
1.5778
1.59842
1.61744
1.63465
1.65008
1.66407
1.67733
1.6908
1.70484
1.71882
1.73132
1.74084
1.74631
1.74712
1.74302
1.73383
1.71951
1.70027
1.67683
1.65064
1.62382
1.59919
1.57971
1.56763
1.56373
1.56704
1.57528
1.58566
1.59557
1.60322
1.60783
1.6096
1.60915
1.60732
1.60502
1.60337
1.60354
1.6063
1.6113
1.61698
1.62124
1.62238
1.61982
1.61434
1.60763
1.60147
1.59679
1.59322
1.58911
1.58246
1.57197
1.55796
1.54234
1.52805
1.51834
1.51614
1.52334
1.54005
1.5641
1.59165
1.61861
1.64208
1.66103
1.67588
1.68757
1.69686
1.70409
1.70924
1.71211
1.71272
1.71166
1.71029
1.71037
1.71317
1.71869
1.7257
1.73246
1.7374
1.73946
1.738
1.73285
1.72432
1.71325
1.70099
1.68915
1.67922
1.67218
1.66824
1.66673
1.66617
1.66455
1.65988
1.65067
1.63665
1.61925
1.60142
1.58672
1.578
1.57634
1.581
1.59006
1.60127
1.61269
1.62296
1.63109
1.63634
1.63829
1.63723
1.63473
1.63355
1.63658
1.64531
1.65888
1.67472
1.69011
1.70348
1.71468
1.72428
1.73281
1.74017
1.74582
1.74911
1.74955
1.74692
1.74133
1.73302
1.72231
1.70948
1.6949
1.67922
1.66336
1.64825
1.63451
1.62239
1.61189
1.60297
1.59571
1.5904
1.58776
1.58944
1.59807
1.61591
1.64305
1.6769
1.71364
1.7497
1.78226
1.80915
1.82864
1.83963
1.84172
1.83529
1.82127
1.80075
1.77484
1.74471
1.71198
1.67897
1.64884
1.62521
1.61138
1.6093
1.61863
1.63663
1.65891
1.6809
1.69922
1.71253
1.72144
1.72776
1.73336
1.73941
1.74593
1.75197
1.75634
1.75851
1.759
1.75839
1.75608
1.75028
1.73907
1.72142
1.69746
1.66852
1.63718
1.60716
1.58266
1.56714
1.56195
1.56575
1.57509
1.58588
1.5947
1.59914
1.59734
1.58788
1.57055
1.54737
1.52271
1.50197
1.48964
1.48783
1.49618
1.51269
1.53466
1.55931
1.58418
1.6072
1.62677
1.64176
1.6514
1.65532
1.65374
1.64779
1.63965
1.63216
1.62797
1.62871
1.63476
1.64571
1.66103
1.68031
1.70304
1.728
1.753
1.77505
1.79102
1.79824
1.79522
1.7819
1.75971
1.73141
1.70058
1.67102
1.64618
1.62859
1.61926
1.61716
1.61954
1.62285
1.62402
1.62143
1.61508
1.60618
1.59644
1.58716
1.57885
1.57154
1.56584
1.56378
1.56857
1.58284
1.60644
1.63622
1.66795
1.69848
1.72642
1.75144
1.77302
1.78983
1.8
1.80205
1.79575
1.7824
1.76447
1.74485
1.72599
1.70928
1.69516
1.68356
1.67427
1.66733
1.66304
1.66203
1.66539
1.67407
1.68789
1.70488
1.72201
1.73649
1.74675
1.7524
1.7537
1.75127
1.7461
1.73962
1.73366
1.72962
1.72768
1.72637
1.72307
1.71522
1.70148
1.68227
1.65979
1.6375
1.61951
1.6097
1.61045
1.6211
1.63746
1.65343
1.66398
1.66707
1.66398
1.65813
1.65342
1.65226
1.65458
1.65821
1.6606
1.66025
1.65724
1.65304
1.65015
1.65122
1.65843
1.67258
1.69266
1.71585
1.73799
1.75473
1.76234
1.7587
1.74357
1.71873
1.68779
1.65564
1.62752
1.60787
1.59911
1.60091
1.61052
1.62397
1.63716
1.64671
1.65005
1.64545
1.63203
1.60984
1.58024
1.54606
1.51141
1.48093
1.45875
1.4474
1.44732
1.457
1.47356
1.49368
1.51444
1.53391
1.551
1.56538
1.57747
1.58867
1.60155
1.61909
1.64336
1.67433
1.70955
1.7452
1.77728
1.80259
1.81898
1.82534
1.8215
1.80803
1.78607
1.75721
1.72341
1.68708
1.65117
1.61893
1.59339
1.57648
1.56872
1.5696
1.57794
1.59188
1.60885
1.62592
1.64053
1.65137
1.65863
1.66349
1.6671
1.66987
1.67147
1.67164
1.67123
1.67225
1.67682
1.68531
1.69505
1.70128
1.69975
1.6886
1.6687
1.64269
1.61375
1.5849
1.55901
1.5392
1.52908
1.53197
1.54933
1.5792
1.61626
1.65348
1.68437
1.70447
1.7121
1.70789
1.69428
1.67471
1.65259
1.63062
1.61071
1.59449
1.58351
1.57882
1.58031
1.5866
1.59561
1.60548
1.61498
1.62345
1.6304
1.63537
1.63793
1.638
1.63601
1.6327
1.62879
1.62457
1.61978
1.61396
1.60698
1.59948
1.59295
1.58953
1.59166
1.60132
1.619
1.64295
1.66946
1.69412
1.71333
1.72491
1.72801
1.72286
1.71038
1.6921
1.67002
1.64653
1.62412
1.60493
1.59028
1.58035
1.57428
1.57065
1.56809
1.56562
1.56263
1.5588
1.55445
1.55067
1.5493
1.55229
1.56085
1.57483
1.59269
1.61193
1.62982
1.64425
1.65437
1.6607
1.6649
1.66893
1.67423
1.68101
1.68846
1.69516
1.69954
1.69988
1.69459
1.68257
1.66396
1.64076
1.61644
1.59475
1.57828
1.56769
1.56213
1.55996
1.55959
1.56009
1.56147
1.56458
1.57058
1.58019
1.59307
1.60764
1.62118
1.63068
1.63397
1.6307
1.62257
1.61258
1.60364
1.59761
1.59513
1.59592
1.59876
1.60172
1.60283
1.60101
1.59665
1.59123
1.58628
1.58219
1.57774
1.57104
1.56096
1.54818
1.53478
1.52294
1.51386
1.50793
1.50527
1.50584
1.50915
1.5141
1.51932
1.52364
1.52627
1.52693
1.52571
1.52322
1.52052
1.51908
1.52042
1.52542
1.53405
1.54595
1.56111
1.58015
1.60377
1.63194
1.66322
1.6945
1.72161
1.7404
1.74808
1.74408
1.73056
1.71174
1.6921
1.67386
1.65638
1.63785
1.61778
1.59795
1.58147
1.57112
1.56817
1.57168
1.57871
1.58516
1.58738
1.58362
1.57476
1.56362
1.55325
1.54584
1.54282
1.54588
1.55683
1.57659
1.60443
1.63772
1.6723
1.70293
1.7241
1.73138
1.72296
1.70062
1.66968
1.6373
1.60997
1.59151
1.58292
1.58335
1.59107
1.60396
1.62
1.63754
1.65557
1.67373
1.69191
1.70983
1.72667
1.74121
1.75205
1.75818
1.75902
1.7543
1.74353
1.72589
1.70089
1.6695
1.63467
1.60101
1.57374
1.55736
1.55446
1.56524
1.58774
1.61874
1.6547
1.69227
1.72834
1.76
1.78437
1.79875
1.80117
1.79114
1.77024
1.74194
1.71092
1.68153
1.65667
1.6376
1.62451
1.61703
1.61444
1.61557
1.61884
1.62258
1.62529
1.62606
1.6247
1.62218
1.6206
1.62271
1.63047
1.64364
1.65959
1.67454
1.68553
1.69153
1.69315
1.69146
1.68661
1.67745
1.66253
1.64188
1.61855
1.59823
1.58696
1.58812
1.60124
1.62301
1.64896
1.67454
1.69541
1.70787
1.70959
1.70043
1.68275
1.66114
1.64112
1.62723
1.62154
1.62322
1.62908
1.63524
1.63862
1.63809
1.63465
1.63095
1.63027
1.63537
1.64725
1.66456
1.68395
1.7011
1.71208
1.7144
1.70757
1.69304
1.67355
1.65214
1.63106
1.61144
1.59349
1.5771
1.56227
1.54938
1.53925
1.53337
1.53385
1.54278
1.56106
1.58728
1.61803
1.64904
1.67644
1.6975
1.71101
1.71705
1.71681
1.7121
1.70482
1.69679
1.68954
1.68416
1.68114
1.68029
1.68095
1.68218
1.6833
1.684
1.68428
1.68412
1.68365
1.68355
1.68539
1.69107
1.70169
1.71646
1.73285
1.74782
1.75916
1.76618
1.76943
1.77008
1.76899
1.76648
1.76232
1.75616
1.74778
1.73735
1.72549
1.71332
1.70257
1.69506
1.69187
1.69251
1.69489
1.69621
1.69405
1.68692
1.67438
1.65674
1.63502
1.61104
1.58769
1.56894
1.55915
1.56184
1.57824
1.60639
1.64145
1.67723
1.70792
1.72929
1.73918
1.73749
1.72602
1.70797
1.68711
1.6669
1.64964
1.63601
1.62545
1.61739
1.61269
1.6139
1.6236
1.64185
1.66488
1.68686
1.7031
1.71179
1.71387
1.71171
1.70784
1.70397
1.70015
1.69477
1.68536
1.66987
1.64804
1.62179
1.59496
1.57202
1.55611
1.54734
1.54295
1.53907
1.53243
1.52086
1.50312
1.47935
1.45229
1.42859
1.418
1.42829
1.45968
1.50493
1.55464
1.60173
1.64252
1.67596
1.70255
1.72364
1.74077
1.75502
1.76655
1.77456
1.77786
1.77566
1.76829
1.75739
1.74574
1.73655
1.73241
1.73438
1.74156
1.75159
1.76164
1.76928
1.77287
1.77146
1.76454
1.75178
1.73333
1.71026
1.68486
1.66036
1.63995
1.62551
1.61703
1.61296
1.61182
1.61346
1.61886
1.62824
1.63947
1.64849
1.65126
1.64528
1.6304
1.60898
1.5855
1.56542
1.55357
1.55265
1.56259
1.58095
1.60421
1.62873
1.65143
1.67016
1.68383
1.69249
1.69726
1.70003
1.70277
1.70682
1.71248
1.71916
1.72578
1.73132
1.73494
1.736
1.73386
1.72784
1.71728
1.70174
1.68107
1.6555
1.62561
1.59274
1.55967
1.53116
1.51248
1.50636
1.51116
1.52247
1.5361
1.54953
1.56199
1.57403
1.58685
1.60162
1.61866
1.63722
1.65582
1.67295
1.68758
1.69944
1.70893
1.7169
1.72428
1.73167
1.73906
1.74597
1.7517
1.75561
1.75711
1.75547
1.74992
1.74022
1.72761
1.71514
1.70692
1.70633
1.71416
1.72821
1.74457
1.75925
1.769
1.77159
1.76576
1.75159
1.73103
1.70813
1.68796
1.67412
1.66702
1.66411
1.66168
1.65668
1.64783
1.63602
1.62386
1.61451
1.61016
1.61086
1.61463
1.61872
1.62109
1.62123
1.62024
1.62054
1.62523
1.63718
1.65788
1.68662
1.72051
1.75541
1.78714
1.81227
1.82859
1.83535
1.83318
1.8239
1.81011
1.79469
1.78037
1.76932
1.76277
1.76109
1.76374
1.76929
1.77525
1.77861
1.77689
1.76902
1.75536
1.73697
1.71503
1.69073
1.66547
1.64095
1.61916
1.60205
1.59091
1.58583
1.58566
1.58851
1.59248
1.5958
1.59664
1.59305
1.58343
1.56748
1.54682
1.52504
1.50669
1.49598
1.49558
1.50613
1.52638
1.55393
1.58573
1.61834
1.64802
1.67121
1.68541
1.68962
1.68444
1.67179
1.65458
1.63605
1.61917
1.60618
1.59839
1.59623
1.59922
1.60581
1.61352
1.61977
1.62287
1.62237
1.61894
1.61378
1.6082
1.60331
1.59987
1.59828
1.59874
1.60124
1.60555
1.61126
1.61783
1.62496
1.63297
1.64286
1.65572
1.6719
1.69031
1.70833
1.72271
1.73081
1.73169
1.7264
1.71734
1.70735
1.69878
1.6932
1.69102
1.69155
1.69313
1.69358
1.69094
1.68432
1.67456
1.66436
1.6574
1.65657
1.66243
1.67302
1.68548
1.69768
1.70847
1.71684
1.72178
1.72325
1.7224
1.7198
1.7134
1.69917
1.67383
1.63755
1.59484
1.55361
1.52249
1.50736
1.50909
1.5243
1.54808
1.57623
1.60566
1.63392
1.65903
1.67962
1.69525
1.70648
1.71449
1.72048
1.72517
1.72873
1.73123
1.73321
1.73561
1.73941
1.74539
1.75354
1.76283
1.77131
1.77694
1.77866
1.77706
1.77416
1.77217
1.77196
1.77242
1.77124
1.76603
1.75538
1.73926
1.71903
1.69691
1.67519
1.65546
1.63845
1.62429
1.613
1.60496
1.60092
1.60136
1.6057
1.61202
1.6178
1.62104
1.62096
1.61794
1.61302
1.60756
1.60282
1.59977
1.5989
1.60025
1.60352
1.60831
1.61436
1.62159
1.63003
1.63946
1.64919
1.65792
1.6641
1.66649
1.66476
1.65982
1.65361
1.6485
1.64646
1.64852
1.65461
1.6638
1.67432
1.68372
1.68928
1.68853
1.68011
1.6643
1.64331
1.6212
1.60306
1.59355
1.59535
1.60852
1.63089
1.65933
1.69071
1.72206
1.75054
1.7735
1.78872
1.79487
1.79174
1.78026
1.76207
1.73918
1.71359
1.68702
1.66086
1.63632
1.61463
1.59742
1.58688
1.58539
1.59479
1.6154
1.64559
1.68197
1.72031
1.75652
1.78743
1.81077
1.82503
1.82921
1.82315
1.80794
1.78579
1.75929
1.73087
1.70316
1.67966
1.66416
1.65902
1.66379
1.67551
1.69033
1.70502
1.71761
1.72709
1.73263
1.73305
1.72701
1.71351
1.6926
1.66582
1.63621
1.60791
1.58539
1.57229
1.57032
1.57846
1.59335
1.61049
1.62577
1.63652
1.64131
1.63928
1.62986
1.61329
1.59143
1.5678
1.54685
1.53246
1.52688
1.53044
1.54198
1.55929
1.57955
1.59973
1.61716
1.63009
1.63778
1.64053
1.63978
1.63798
1.63798
1.64205
1.65069
1.66207
1.67271
1.67887
1.67775
1.66818
1.65078
1.62782
1.60287
1.58014
1.56352
1.55567
1.55735
1.56749
1.58371
1.60286
1.62174
1.63755
1.64794
1.65101
1.6453
1.63021
1.6071
1.58085
1.5601
1.55335
1.56319
1.58522
1.61305
1.64252
1.67167
1.6991
1.72267
1.73924
1.74513
1.73695
1.7128
1.67352
1.62387
1.57251
1.52982
1.50384
1.49648
1.50305
1.51504
1.52411
1.52482
1.51562
1.49836
1.47687
1.45535
1.43728
1.42518
1.42094
1.42592
1.44058
1.46389
1.49316
1.52456
1.55399
1.57805
1.59475
1.60388
1.6068
1.6056
1.60224
1.59821
1.59474
1.59317
1.59484
1.60063
1.61043
1.62314
1.63721
1.65123
1.66427
1.67584
1.6855
1.69256
1.69597
1.69467
1.68812
1.67657
1.66139
1.64494
1.63003
1.61937
1.61479
1.6169
1.62529
1.63911
1.65735
1.67882
1.70173
1.72344
1.7408
1.7509
1.75217
1.74493
1.73144
1.71507
1.69932
1.68679
1.67878
1.67559
1.67712
1.6828
1.69115
1.69991
1.70731
1.71317
1.71862
1.72483
1.7319
1.73874
1.74357
1.74457
1.74017
1.72915
1.71085
1.68579
1.65615
1.62586
1.60043
1.58639
1.58987
1.61399
1.65608
1.70788
1.75878
1.79955
1.82424
1.83048
1.81874
1.79145
1.75255
1.70705
1.66083
1.62036
1.59166
1.57845
1.58042
1.59353
1.61228
1.632
1.64992
1.66507
1.67763
1.68818
1.69697
1.70375
1.70798
1.7094
1.7082
1.70494
1.7003
1.69483
1.68882
1.68213
1.67441
1.66533
1.65512
1.64493
1.63682
1.63322
1.63644
1.64797
1.66723
1.69042
1.71166
1.72563
1.72942
1.7227
1.70737
1.6869
1.66505
1.64403
1.62396
1.60389
1.58335
1.56331
1.54631
1.53592
1.53502
1.54356
1.55795
1.57311
1.58524
1.59282
1.59602
1.59568
1.59265
1.58752
1.5808
1.57328
1.56632
1.5618
1.5615
1.56634
1.57598
1.58893
1.60315
1.61678
1.62853
1.63794
1.64504
1.64999
1.65269
1.65245
1.64827
1.64001
1.63043
1.62562
1.63152
1.64851
1.67059
1.68985
1.70045
1.69956
1.68709
1.66507
1.63727
1.60859
1.5841
1.56789
1.56218
1.56672
1.57885
1.59424
1.6082
1.6172
1.61983
1.61693
1.61102
1.6053
1.60261
1.60485
1.61258
1.62489
1.63928
1.65226
1.66016
1.66016
1.65117
1.63442
1.61334
1.59257
1.57566
1.56335
1.55429
1.54739
1.54325
1.54398
1.55179
1.56749
1.58974
1.61558
1.6417
1.66559
1.68589
1.70223
1.71468
1.72333
1.728
1.72812
1.7231
1.7126
1.69698
1.67715
1.65441
1.63034
1.60716
1.58755
1.57429
1.56969
1.57481
1.58842
1.60704
1.62627
1.64273
1.65489
1.66317
1.66941
1.67585
1.68417
1.69509
1.70836
1.7231
1.73787
1.75066
1.75925
1.76183
1.75778
1.74794
1.73404
1.71746
1.69839
1.67604
1.64979
1.62025
1.58916
1.55846
1.53021
1.5076
1.49552
1.49837
1.51626
1.54337
1.57118
1.59366
1.61009
1.6238
1.6384
1.65489
1.67155
1.68564
1.69469
1.69682
1.69097
1.67718
1.65678
1.63229
1.6069
1.58387
1.56605
1.55563
1.55391
1.56112
1.57653
1.59866
1.62524
1.65301
1.67771
1.69489
1.70156
1.69742
1.68505
1.66926
1.65534
1.64725
1.64627
1.65092
1.65808
1.66477
1.66967
1.67327
1.67681
1.68093
1.68497
1.68709
1.68499
1.67688
1.66228
1.64245
1.62066
1.60167
1.59027
1.58951
1.5996
1.61813
1.64127
1.665
1.6863
1.7034
1.71558
1.72259
1.72418
1.72016
1.71073
1.69685
1.68032
1.66343
1.64798
1.63443
1.62195
1.60938
1.59681
1.58598
1.57914
1.57696
1.57728
1.57611
1.57015
1.55888
1.545
1.53266
1.5251
1.52328
1.52669
1.53431
1.54528
1.55886
1.57444
1.59137
1.60907
1.6268
1.64382
1.65954
1.67361
1.68594
1.69653
1.70536
1.71231
1.7171
1.71935
1.7187
1.71498
1.70857
1.70034
1.69118
1.68185
1.67311
1.66627
1.66334
1.66597
1.67361
1.6829
1.68911
1.68852
1.68022
1.66648
1.65184
1.64132
1.63815
1.64228
1.65024
1.6568
1.65707
1.64834
1.63081
1.60745
1.58309
1.5629
1.55078
1.54837
1.55499
1.56854
1.58673
1.60795
1.63126
1.65566
1.67921
1.69893
1.71144
1.71408
1.70624
1.68999
1.67037
1.65438
1.64873
1.65708
1.67845
1.70798
1.73944
1.76736
1.78782
1.79841
1.79826
1.78825
1.77111
1.75057
1.72999
1.71143
1.69576
1.68293
1.67187
1.66038
1.64573
1.62545
1.59792
1.56299
1.52306
1.48313
1.44883
1.424
1.40968
1.40527
1.41024
1.42462
1.44792
1.47797
1.51109
1.54322
1.57152
1.59492
1.61386
1.62947
1.64294
1.65541
1.66768
1.67998
1.69167
1.70153
1.70838
1.71152
1.71078
1.70654
1.69989
1.69291
1.68871
1.69061
1.70078
1.71919
1.74363
1.77074
1.79711
1.81994
1.83707
1.84727
1.85043
1.84741
1.83958
1.82792
1.81251
1.79303
1.76982
1.74456
1.71972
1.69764
1.68022
1.66921
1.66614
1.67142
1.68346
1.69873
1.71298
1.72277
1.72659
1.72505
1.72068
1.71727
1.71839
1.72553
1.73729
1.75101
1.76469
1.7771
1.78693
1.79262
1.79311
1.78799
1.777
1.75931
1.73328
1.69775
1.65421
1.60846
1.56902
1.54163
1.52502
1.51368
1.50456
1.50063
1.50876
1.53412
1.57594
1.62817
1.68299
1.73357
1.77473
1.80286
1.81583
1.81308
1.79576
1.76692
1.73129
1.69495
1.66404
1.64299
1.63324
1.63335
1.64084
1.65377
1.67129
1.6928
1.71707
1.74161
1.76311
1.77832
1.78513
1.78299
1.77281
1.75652
1.73652
1.71511
1.69416
1.67506
1.65906
1.64746
1.6412
1.6396
1.64021
1.63995
1.63723
1.63282
1.62938
1.62982
1.63549
1.64543
1.6571
1.66776
1.6758
1.68101
1.68429
1.68683
1.68934
1.69152
1.69243
1.69113
1.68718
1.68075
1.67217
1.66185
1.65062
1.64033
1.63325
1.63044
1.63104
1.63323
1.63563
1.63782
1.63996
1.6422
1.64463
1.64736
1.65071
1.65499
1.66019
1.66564
1.67006
1.67228
1.67213
1.67123
1.67283
1.68037
1.69549
1.71698
1.74165
1.76605
1.78739
1.80373
1.81365
1.81596
1.80989
1.79543
1.77375
1.7472
1.71899
1.69252
1.67077
1.65628
1.65137
1.65774
1.67528
1.70102
1.73002
1.75716
1.77864
1.79248
1.79832
1.79688
1.78924
1.77625
1.75825
1.7353
1.70768
1.67663
1.64471
1.61555
1.59274
1.57832
1.57204
1.5718
1.57486
1.57863
1.58111
1.58094
1.57727
1.56984
1.55909
1.54628
1.53359
1.52377
1.51952
1.52272
1.53364
1.55047
1.56944
1.58604
1.59646
1.59889
1.59368
1.58254
1.56753
1.55032
1.53194
1.51324
1.49556
1.48091
1.4715
1.46856
1.47143
1.47779
1.48504
1.49202
1.49975
1.51046
1.5257
1.54516
1.56696
1.58866
1.60774
1.62177
1.62883
1.62835
1.62142
1.61014
1.5963
1.58017
1.56062
1.53655
1.50844
1.47913
1.45343
1.43639
1.43111
1.43762
1.45334
1.47441
1.49684
1.51748
1.53456
1.54779
1.55783
1.56574
1.57223
1.57718
1.57934
1.57696
1.56866
1.55464
1.53677
1.51767
1.49914
1.48134
1.46297
1.44273
1.42085
1.39977
1.3836
1.37641
1.38047
1.39547
1.41915
1.44879
1.48214
1.51744
1.55281
1.58622
1.61623
1.64283
1.66756
1.69242
1.71855
1.74533
1.77061
1.79161
1.80579
1.81152
1.80833
1.79691
1.77875
1.75561
1.72914
1.70097
1.67313
1.64831
1.62945
1.61872
1.61658
1.62156
1.63109
1.64259
1.65431
1.66522
1.67477
1.68244
1.68765
1.68968
1.68795
1.6822
1.67271
1.66033
1.64662
1.63378
1.62437
1.62062
1.62341
1.63169
1.64271
1.65304
1.65965
1.66062
1.65539
1.64499
1.63217
1.6213
1.617
1.62172
1.63427
1.65072
1.66697
1.68029
1.68953
1.69469
1.69674
1.69734
1.69861
1.70244
1.70992
1.721
1.73468
1.74956
1.76416
1.77705
1.78715
1.79413
1.79889
1.80357
1.81097
1.82324
1.84089
1.86229
1.8843
1.90336
1.91663
1.92254
1.9207
1.91143
1.89502
1.87133
1.84017
1.80254
1.76219
1.72648
1.70389
1.69779
1.70244
1.70754
1.70619
1.69795
1.68692
1.67818
1.67467
1.6757
1.67763
1.67629
1.66935
1.65739
1.64277
1.62797
1.61488
1.60495
1.59914
1.59741
1.5986
1.6009
1.60258
1.60246
1.60022
1.59656
1.59313
1.59256
1.59799
1.61208
1.63559
1.66631
1.69927
1.72847
1.74884
1.75779
1.75564
1.74529
1.73106
1.71723
1.70685
1.70104
1.69923
1.69986
1.70126
1.702
1.70064
1.69542
1.68431
1.6657
1.63925
1.60668
1.57229
1.54268
1.52401
1.51791
1.52055
1.52642
1.53217
1.53707
1.54177
1.54713
1.55378
1.56201
1.57157
1.5817
1.5915
1.60034
1.60811
1.615
1.62114
1.62631
1.6304
1.63402
1.63837
1.64424
1.65102
1.65712
1.6614
1.66441
1.66793
1.6735
1.68085
1.68806
1.69317
1.69539
1.69521
1.69362
1.69147
1.68929
1.6877
1.68761
1.68982
1.69416
1.69925
1.70295
1.70335
1.6994
1.69123
1.68034
1.66962
1.6624
1.66057
1.66313
1.66686
1.66831
1.66545
1.65817
1.64808
1.63798
1.63158
1.63298
1.64542
1.66936
1.70133
1.73484
1.76294
1.78051
1.78532
1.77794
1.76102
1.73848
1.71495
1.69486
1.68147
1.67604
1.6775
1.68334
1.69075
1.69746
1.70185
1.70275
1.69959
1.69284
1.68438
1.67719
1.67388
1.67513
1.67944
1.68417
1.68701
1.68644
1.68166
1.67254
1.65972
1.64443
1.62769
1.60973
1.59036
1.57022
1.55139
1.5365
1.52704
1.52266
1.5221
1.52435
1.52919
1.53718
1.54896
1.56457
1.58309
1.60303
1.62283
1.64128
1.65762
1.67148
1.68277
1.69169
1.69848
1.70327
1.70588
1.70582
1.70267
1.6965
1.688
1.67802
1.66702
1.65504
1.64197
1.62807
1.61418
1.60164
1.59177
1.58562
1.58364
1.58546
1.58993
1.59557
1.60131
1.60709
1.61398
1.62356
1.63679
1.65317
1.6708
1.68737
1.70142
1.71308
1.72388
1.73584
1.75029
1.76714
1.785
1.80183
1.81571
1.82549
1.83085
1.83216
1.83014
1.82549
1.81871
1.81003
1.79957
1.78765
1.77495
1.76237
1.75078
1.74088
1.7331
1.72708
1.72152
1.71469
1.70525
1.69288
1.67824
1.6628
1.64847
1.63732
1.63112
1.63101
1.63708
1.6481
1.66152
1.67407
1.68296
1.68714
1.68771
1.68705
1.68708
1.68757
1.68635
1.68082
1.6697
1.65334
1.6327
1.6089
1.58347
1.55876
1.53752
1.52183
1.51234
1.50811
1.50763
1.51025
1.51688
1.52904
1.54722
1.56993
1.59422
1.61697
1.63594
1.65019
1.66003
1.66652
1.67068
1.67314
1.67407
1.67333
1.6706
1.66549
1.65788
1.64829
1.638
1.62855
1.62094
1.61484
1.60848
1.59963
1.58717
1.57254
1.55964
1.55305
1.55533
1.56566
1.5809
1.5978
1.61467
1.6314
1.64859
1.66647
1.68435
1.70098
1.7153
1.72711
1.73691
1.74522
1.75187
1.75597
1.75636
1.75207
1.74277
1.7289
1.71195
1.69439
1.67923
1.66921
1.66626
1.6712
1.68375
1.70281
1.72608
1.75003
1.77055
1.78415
1.78883
1.78439
1.77201
1.75372
1.732
1.70959
1.68928
1.67337
1.66309
1.6582
1.65713
1.65766
1.65765
1.65564
1.6507
1.64219
1.62981
1.61449
1.59898
1.5875
1.58421
1.59145
1.60871
1.63292
1.6594
1.68327
1.70045
1.70813
1.70492
1.69068
1.66637
1.63397
1.5965
1.55792
1.52312
1.49732
1.48458
1.48589
1.49876
1.51902
1.54322
1.5694
1.59648
1.62329
1.64804
1.66835
1.68175
1.68633
1.68141
1.66852
1.65253
1.64116
1.64159
1.65583
1.67928
1.70379
1.72201
1.72971
1.72606
1.7131
1.69455
1.67442
1.6559
1.64084
1.62984
1.62223
1.61659
1.61137
1.60557
1.59889
1.59125
1.58224
1.5708
1.55571
1.53662
1.51506
1.49433
1.47776
1.4669
1.4613
1.45963
1.46055
1.46294
1.46599
1.46936
1.47337
1.47914
1.48841
1.50283
1.52275
1.54678
1.57251
1.59772
1.62099
1.64126
1.65734
1.66783
1.67171
1.66883
1.65993
1.64627
1.62951
1.6116
1.59458
1.58007
1.56861
1.55951
1.55128
1.54202
1.53016
1.51521
1.49855
1.48338
1.47374
1.47275
1.48133
1.49809
1.52033
1.54501
1.56946
1.59171
1.61062
1.62578
1.63715
1.64473
1.6482
1.64731
1.64261
1.63625
1.63207
1.63452
1.64659
1.66802
1.69521
1.72294
1.74668
1.76419
1.77546
1.78181
1.78461
1.78443
1.7811
1.77454
1.76579
1.75741
1.7526
1.75301
1.75696
1.75971
1.75599
1.7425
1.71925
1.68898
1.65571
1.6231
1.59396
1.57071
1.55565
1.55035
1.55452
1.56569
1.58002
1.59383
1.60478
1.61239
1.61777
1.62288
1.62962
1.63902
1.65086
1.66369
1.67547
1.68436
1.68933
1.69047
1.68892
1.68637
1.68445
1.68382
1.68384
1.6829
1.67917
1.67187
1.66219
1.65377
1.65186
1.66075
1.68064
1.70691
1.73242
1.7511
1.75992
1.759
1.75073
1.73833
1.72465
1.71169
1.70076
1.69277
1.68816
1.6861
1.68432
1.67982
1.67048
1.65649
1.64086
1.62828
1.62279
1.6256
1.63481
1.64688
1.65841
1.66718
1.67272
1.67617
1.67952
1.68436
1.69097
1.69814
1.70378
1.70581
1.70302
1.69556
1.68493
1.67343
1.66325
1.65602
1.65267
1.65363
1.65886
1.66792
1.67987
1.69317
1.70564
1.71461
1.71766
1.71334
1.70188
1.6853
1.66692
1.65007
1.63691
1.62822
1.62433
1.62589
1.63358
1.64697
1.66396
1.68162
1.69773
1.71155
1.7236
1.73464
1.74497
1.75435
1.76227
1.76816
1.77163
1.77248
1.77078
1.76685
1.76099
1.75322
1.74304
1.72942
1.71099
1.6867
1.65655
1.62233
1.58781
1.55791
1.53681
1.52617
1.52483
1.52982
1.53759
1.54462
1.54775
1.545
1.53663
1.52572
1.51731
1.51653
1.52685
1.54943
1.58304
1.62424
1.66801
1.70907
1.74299
1.76664
1.77807
1.77641
1.76203
1.73693
1.70422
1.66702
1.6275
1.58679
1.54585
1.50641
1.47141
1.44495
1.43149
1.43432
1.4534
1.48455
1.52096
1.55609
1.58548
1.60727
1.62148
1.62905
1.6312
1.62885
1.6226
1.61299
1.60078
1.58703
1.57285
1.55905
1.54596
1.53385
1.52318
1.51483
1.50988
1.50916
1.51277
1.51996
1.5294
1.5393
1.54752
1.5518
1.55033
1.54275
1.53109
1.51996
1.51544
1.52251
1.54222
1.5707
1.60088
1.62567
1.64047
1.64387
1.63718
1.62366
1.60782
1.59458
1.58786
1.5892
1.59752
1.61028
1.62482
1.63886
1.65041
1.65779
1.66004
1.65716
1.65013
1.64056
1.63018
1.62025
1.61119
1.60256
1.59365
1.58449
1.57621
1.57054
1.56864
1.57037
1.57455
1.5799
1.58542
1.59026
1.59354
1.59488
1.59477
1.59405
1.59305
1.59156
1.58953
1.58774
1.58757
1.59017
1.59576
1.60345
1.61165
1.61873
1.62357
1.62582
1.62595
1.62506
1.62444
1.62518
1.62771
1.63192
1.63765
1.64512
1.65465
1.66581
1.67686
1.68512
1.68779
1.68283
1.66948
1.64838
1.62143
1.5917
1.56294
1.5389
1.52248
1.5147
1.51419
1.51735
1.51966
1.51752
1.50956
1.49689
1.48233
1.46947
1.46164
1.46135
1.46932
1.48383
1.50137
1.51861
1.5344
1.54992
1.56701
1.58585
1.60424
1.61857
1.62543
1.62275
1.61069
1.59218
1.57267
1.55811
1.55193
1.55335
1.55885
1.56479
1.5688
1.56969
1.56714
1.56144
1.55326
1.54342
1.5328
1.52233
1.51295
1.50552
1.50073
1.49886
1.49954
1.50163
1.50342
1.50314
1.49963
1.49272
1.48341
1.47373
1.46613
1.46262
1.4643
1.47148
1.484
1.5012
1.52168
1.54316
1.56264
1.57727
1.58542
1.58743
1.58543
1.58255
1.58161
1.58416
1.59023
1.59867
1.60793
1.61665
1.62392
1.62896
1.63078
1.6281
1.61983
1.60572
1.58684
1.56576
1.54649
1.53396
1.53218
1.54142
1.55772
1.57567
1.59148
1.60361
1.61222
1.61858
1.62482
1.63329
1.64546
1.66103
1.67783
1.6928
1.70323
1.70747
1.70543
1.69918
1.69319
1.69274
1.70045
1.71451
1.73096
1.74697
1.76181
1.77532
1.78603
1.7911
1.78818
1.77761
1.76316
1.75013
1.74189
1.73753
1.73302
1.72432
1.70967
1.68998
1.66793
1.64684
1.62953
1.6176
1.61136
1.61039
1.61415
1.62199
1.63281
1.64476
1.65579
1.66455
1.67068
1.67417
1.67436
1.66977
1.65942
1.644
1.62586
1.60772
1.59149
1.57838
1.56929
1.56535
1.56778
1.57744
1.59396
1.61543
1.63906
1.6623
1.6837
1.70329
1.72231
1.74241
1.76468
1.78913
1.81465
1.83953
1.86188
1.88003
1.89264
1.89869
1.89742
1.88831
1.87118
1.84638
1.81494
1.77882
1.74076
1.70382
1.67087
1.64422
1.62529
1.61435
1.61072
1.61324
1.62056
1.63126
1.6435
1.65499
1.6631
1.66527
1.65927
1.64344
1.61699
1.58052
1.53674
1.49129
1.45266
1.43014
1.42989
1.45197
1.49087
1.53902
1.58974
1.63838
1.68201
1.71867
1.74672
1.7646
1.77101
1.76569
1.7501
1.72783
1.70426
1.6851
1.67455
1.67407
1.68253
1.69716
1.71447
1.73101
1.74387
1.75102
1.75129
1.74425
1.73031
1.71088
1.68836
1.66581
1.64627
1.63179
1.6225
1.61646
1.61089
1.60392
1.59554
1.58702
1.57966
1.57391
1.56942
1.56562
1.56214
1.55887
1.55587
1.55306
1.55021
1.54683
1.54246
1.53708
1.53138
1.52657
1.52393
1.52429
1.52795
1.53481
1.54442
1.55623
1.5697
1.58395
1.59742
1.60771
1.61218
1.60887
1.59737
1.57951
1.55929
1.54207
1.53274
1.53386
1.54491
1.56284
1.58349
1.60318
1.61975
1.63308
1.6449
1.65769
1.67344
1.69277
1.71471
1.73697
1.7565
1.77006
1.77503
1.7702
1.75594
1.73404
1.70715
1.6784
1.65097
1.62755
1.60978
1.59787
1.59096
1.58767
1.58663
1.58678
1.58746
1.58837
1.5896
1.59146
1.59419
1.59771
1.60159
1.60561
1.61024
1.61629
1.62404
1.63256
1.64014
1.6453
1.64736
1.64654
1.64363
1.63959
1.63534
1.63175
1.62967
1.6298
1.63251
1.63765
1.64492
1.65426
1.66601
1.68064
1.69804
1.7171
1.73586
1.75215
1.76467
1.77335
1.77898
1.78219
1.78273
1.77949
1.7713
1.75781
1.73969
1.71807
1.69387
1.66759
1.63984
1.61206
1.58668
1.56665
1.55476
1.55276
1.56085
1.57755
1.60036
1.62649
1.65353
1.67947
1.70267
1.72194
1.73692
1.74825
1.757
1.76375
1.76812
1.76913
1.76578
1.75769
1.74534
1.72998
1.71324
1.69666
1.68158
1.66892
1.65915
1.65195
1.64608
1.63966
1.6308
1.61837
1.60253
1.58469
1.56686
1.55074
1.53724
1.52654
1.51861
1.51356
1.51147
1.51177
1.51276
1.5119
1.50696
1.49736
1.485
1.4738
1.46847
1.47282
1.48836
1.51393
1.54643
1.58189
1.61644
1.64692
1.67114
1.68809
1.69804
1.70256
1.70386
1.70371
1.70233
1.69831
1.68981
1.67619
1.65877
1.64054
1.62519
1.61604
1.61499
1.62216
1.63623
1.65533
1.67774
1.70225
1.72785
1.75332
1.77691
1.79631
1.8091
1.81337
1.8084
1.79528
1.7767
1.75606
1.73605
1.71801
1.70242
1.68999
1.68214
1.68039
1.68461
1.69195
1.69777
1.69815
1.69166
1.6796
1.6653
1.65271
1.64494
1.64313
1.64617
1.65139
1.65579
1.65713
1.65437
1.64777
1.6388
1.63001
1.62458
1.62541
1.63381
1.6487
1.66667
1.68333
1.69505
1.69983
1.69734
1.68886
1.67706
1.66566
1.6585
1.65848
1.66676
1.68286
1.70499
1.73057
1.75644
1.77917
1.79524
1.80163
1.79637
1.77904
1.75093
1.71478
1.67452
1.63464
1.59944
1.57197
1.55312
1.54153
1.53445
1.52928
1.5249
1.52208
1.52281
1.52877
1.54009
1.5554
1.57261
1.5893
1.60261
1.60975
1.60939
1.60265
1.59313
1.58581
1.58546
1.59504
1.61443
1.64054
1.66855
1.69373
1.71291
1.72496
1.73041
1.7305
1.72619
1.71776
1.70506
1.68805
1.66718
1.64342
1.61807
1.5928
1.56949
1.54999
1.53575
1.52749
1.52496
1.5271
1.53213
1.53773
1.54143
1.54111
1.53562
1.52524
1.51174
1.498
1.4875
1.48331
1.48704
1.49796
1.51318
1.52944
1.54486
1.55918
1.57262
1.58481
1.59464
1.60099
1.60352
1.60304
1.60124
1.60011
1.60113
1.60491
1.61113
1.61882
1.62673
1.63341
1.63765
1.63871
1.63679
1.63297
1.62886
1.62582
1.62477
1.62659
1.63248
1.6437
1.66068
1.6823
1.7061
1.72906
1.74842
1.76209
1.76887
1.76834
1.76099
1.74805
1.73143
1.71337
1.69602
1.68093
1.66857
1.65809
1.64752
1.63459
1.61765
1.59676
1.57428
1.55468
1.54327
1.54399
1.55779
1.58283
1.61597
1.65405
1.69407
1.73306
1.76827
1.79757
1.81998
1.83554
1.84513
1.84985
1.85061
1.8478
1.84135
1.83111
1.8174
1.80116
1.78361
1.76563
1.74779
1.73092
1.71606
1.70318
1.6906
1.67632
1.66
1.64343
1.62941
1.61999
1.61597
1.61788
1.62632
1.64006
1.6547
1.66488
1.66755
1.66251
1.65134
1.63823
1.63063
1.63547
1.6532
1.67726
1.69958
1.71474
1.72065
1.71773
1.70806
1.69469
1.68043
1.6668
1.6536
1.63969
1.62425
1.60756
1.59111
1.57721
1.56849
1.56742
1.57596
1.59508
1.62396
1.65948
1.69628
1.728
1.74886
1.75533
1.74711
1.72733
1.70155
1.67556
1.65285
1.63373
1.61647
1.59929
1.58173
1.56486
1.55041
1.53979
1.53358
1.53166
1.53334
1.53731
1.5419
1.54604
1.55029
1.55669
1.56713
1.58153
1.59799
1.61431
1.62862
1.63882
1.64247
1.63752
1.62286
1.59871
1.56698
1.53139
1.49713
1.46938
1.45114
1.44214
1.44026
1.44479
1.45867
1.48592
1.52569
1.5708
1.61295
1.64756
1.67408
1.69393
1.70871
1.71953
1.72702
1.73139
1.73247
1.72971
1.7225
1.7107
1.69482
1.67595
1.65511
1.63287
1.60934
1.58434
1.55771
1.52958
1.5009
1.47408
1.45303
1.44239
1.4462
1.46642
1.50194
1.54849
1.59954
1.64783
1.68706
1.71299
1.72382
1.72009
1.70426
1.68014
1.65226
1.62521
1.60313
1.5894
1.58669
1.59697
1.62124
1.65876
1.70614
1.75738
1.80529
1.84356
1.86815
1.87766
1.8729
1.85633
1.83147
1.80215
1.772
1.74399
1.72025
1.70212
1.69039
1.68539
1.68699
1.69433
1.70582
1.71924
1.73226
1.74274
1.74907
1.75034
1.74636
1.73751
1.72434
1.70744
1.68758
1.66606
1.64468
1.62552
1.61045
1.60074
1.59672
1.59777
1.6025
1.60948
1.61789
1.62754
1.63823
1.64917
1.65891
1.66598
1.66936
1.66862
1.66397
1.65621
1.64708
1.63944
1.63678
1.6418
1.65484
1.67358
1.6943
1.71355
1.72929
1.7411
1.74971
1.75601
1.76046
1.7628
1.76242
1.75913
1.7539
1.74864
1.74546
1.74552
1.74832
1.75188
1.75367
1.75161
1.74446
1.73186
1.71393
1.69097
1.66346
1.63266
1.60102
1.5721
1.54964
1.53643
1.53353
1.54053
1.55611
1.57852
1.6058
1.63574
1.6657
1.69281
1.71457
1.72943
1.73722
1.73915
1.73729
1.73399
1.7313
1.73064
1.73287
1.73823
1.74627
1.75572
1.76469
1.77094
1.77253
1.76831
1.75832
1.74381
1.72692
1.71017
1.6958
1.68534
1.67929
1.67709
1.67734
1.67836
1.67853
1.67656
1.67189
1.66474
1.65605
1.64718
1.63938
1.63326
1.6285
1.62372
1.6166
1.60442
1.58492
1.55728
1.52301
1.48594
1.45118
1.42376
1.40764
1.40543
1.41812
1.44495
1.48354
1.53048
1.58185
1.63339
1.68066
1.71941
1.74638
1.75981
1.75979
1.7481
1.72774
1.70213
1.67421
1.64578
1.61755
1.58982
1.56374
1.54245
1.53075
1.53228
1.54623
1.56711
1.58824
1.60552
1.61847
1.62855
1.63681
1.64275
1.64489
1.64181
1.63307
1.61957
1.60349
1.58784
1.57584
1.56982
1.5703
1.57615
1.58577
1.59789
1.61137
1.62476
1.63654
1.646
1.65367
1.66101
1.6694
1.67913
1.68905
1.69722
1.70224
1.70399
1.70361
1.70262
1.70202
1.70178
1.70127
1.69979
1.69684
1.69202
1.68505
1.6759
1.66511
1.65415
1.64528
1.64094
1.64282
1.65121
1.66488
1.68151
1.69836
1.71296
1.72352
1.72885
1.72784
1.71907
1.70097
1.67298
1.6379
1.60348
1.57981
1.57257
1.57947
1.59379
1.6097
1.62437
1.63739
1.64971
1.6627
1.67768
1.69562
1.71637
1.73814
1.75766
1.77113
1.77553
1.76927
1.75223
1.72564
1.69209
1.65558
1.62096
1.59265
1.57311
1.56272
1.56101
1.56781
1.58321
1.60662
1.6362
1.66882
1.70065
1.72809
1.74831
1.75966
1.76186
1.75589
1.74379
1.72817
1.71175
1.69689
1.68533
1.67784
1.67383
1.67125
1.66682
1.65717
1.64025
1.61634
1.588
1.5594
1.53526
1.51968
1.51489
1.52033
1.53262
1.54682
1.55837
1.56444
1.56431
1.55901
1.55066
1.54179
1.53482
1.5317
1.53335
1.53925
1.54755
1.55619
1.56421
1.57225
1.58155
1.59263
1.60469
1.61601
1.62492
1.63034
1.63187
1.62963
1.62446
1.61828
1.61423
1.61606
1.62642
1.64498
1.66842
1.69245
1.71411
1.7325
1.74753
1.75794
1.7607
1.75277
1.73543
1.71724
1.70812
1.70772
1.70559
1.69359
1.67231
1.64862
1.6309
1.62554
1.63483
1.65639
1.6846
1.71332
1.73793
1.75617
1.76766
1.77311
1.77351
1.76966
1.76209
1.75156
1.73954
1.72852
1.72136
1.71992
1.72351
1.72886
1.73165
1.72848
1.71785
1.7001
1.67695
1.65124
1.6266
1.60678
1.59448
1.59039
1.59302
1.59972
1.6077
1.61479
1.61959
1.6213
1.61928
1.61277
1.60112
1.58406
1.56211
1.53664
1.51016
1.4863
1.46977
1.46517
1.47509
1.49859
1.53157
1.56852
1.60469
1.63741
1.6663
1.69233
1.71647
1.73861
1.75744
1.77105
1.77793
1.77762
1.77097
1.75983
1.7465
1.7332
1.72175
1.71325
1.70793
1.70525
1.70413
1.70314
1.70079
1.6961
1.68931
1.68232
1.67799
1.67851
1.68379
1.69117
1.69567
1.6907
1.6702
1.63445
1.59727
1.57975
1.58609
1.59876
1.60194
1.59331
1.57838
1.56346
1.55223
1.54502
1.53971
1.53356
1.52496
1.51415
1.50301
1.49403
1.48933
1.48978
1.4948
1.50274
1.51193
1.5214
1.53131
1.54255
1.55597
1.57148
1.58788
1.60325
1.61589
1.62503
1.6311
1.63536
1.63943
1.64487
1.653
1.66441
1.67808
1.69132
1.70118
1.70599
1.70597
1.70262
1.69801
1.6942
1.69305
1.69585
1.7028
1.71272
1.72356
1.73341
1.74118
1.74668
1.75001
1.75096
1.74846
1.74037
1.72387
1.69644
1.6573
1.60868
1.55627
1.50779
1.47035
1.44787
1.44072
1.4472
1.46501
1.49113
1.52125
1.55076
1.5767
1.59892
1.61911
1.6388
1.65832
1.67694
1.69352
1.70672
1.71518
1.71796
1.71506
1.70728
1.69581
1.68174
1.66594
1.64916
1.63214
1.61581
1.60114
1.58885
1.57908
1.57124
1.56428
1.55712
1.54903
1.5397
1.52937
1.51866
1.50846
1.4998
1.49369
1.49106
1.49262
1.49879
1.50958
1.52458
1.54299
1.56379
1.58585
1.60803
1.62932
1.64874
1.66537
1.67848
1.68767
1.69293
1.69451
1.69263
1.68733
1.67859
1.6666
1.65206
1.63632
1.62135
1.60958
1.60359
1.60554
1.61639
1.63526
1.65956
1.6857
1.71009
1.72989
1.74332
1.74958
1.74851
1.74072
1.72787
1.71294
1.69919
1.68828
1.67937
1.67024
1.65903
1.64551
1.63136
1.61959
1.61329
1.61411
1.6215
1.63326
1.64678
1.66
1.67161
1.68077
1.68708
1.69067
1.6922
1.69263
1.69272
1.69276
1.69247
1.69111
1.68793
1.68251
1.67486
1.66521
1.65402
1.64199
1.63018
1.61991
1.61277
1.61045
1.61453
1.62581
1.64367
1.66598
1.68958
1.71123
1.72847
1.74018
1.74649
1.74853
1.74779
1.74564
1.74303
1.74057
1.73877
1.73794
1.73816
1.73889
1.7389
1.73663
1.73086
1.72147
1.70973
1.69791
1.68788
1.6796
1.67121
1.66047
1.64643
1.63009
1.61402
1.60145
1.59531
1.59761
1.60908
1.62912
1.65618
1.6882
1.72282
1.7575
1.78962
1.81671
1.83675
1.84829
1.8505
1.84312
1.82675
1.80335
1.7766
1.75147
1.73263
1.72274
1.72198
1.72866
1.74011
1.75317
1.76469
1.77205
1.77377
1.76979
1.7614
1.75045
1.73869
1.72754
1.71843
1.71282
1.71163
1.71446
1.71939
1.72357
1.72417
1.71917
1.70788
1.69103
1.67055
1.649
1.62893
1.61192
1.59807
1.58624
1.57508
1.56436
1.55581
1.55258
1.55774
1.57228
1.59413
1.61883
1.64138
1.65817
1.66799
1.67162
1.67013
1.66331
1.64975
1.62869
1.60174
1.57308
1.54805
1.5314
1.52617
1.53347
1.55277
1.58221
1.61861
1.65758
1.69402
1.72315
1.74137
1.74684
1.73978
1.72273
1.70047
1.67874
1.66158
1.64959
1.64114
1.63484
1.63102
1.63131
1.63734
1.6492
1.66446
1.67888
1.68852
1.69192
1.69079
1.6889
1.68978
1.69497
1.70398
1.71556
1.72849
1.74152
1.75335
1.76344
1.77244
1.78138
1.78994
1.79589
1.79625
1.78906
1.77441
1.75438
1.73224
1.71106
1.69255
1.6768
1.66294
1.65015
1.63834
1.62823
1.62092
1.61752
1.61877
1.62489
1.63547
1.64974
1.66662
1.68476
1.70255
1.71828
1.73059
1.7387
1.74229
1.74122
1.73527
1.7241
1.70748
1.68572
1.6603
1.63413
1.611
1.59441
1.58645
1.58748
1.59667
1.61243
1.63252
1.65409
1.67378
1.68816
1.69412
1.68918
1.67191
1.64261
1.60381
1.56067
1.5202
1.48909
1.47106
1.46584
1.47012
1.47971
1.49102
1.50175
1.51074
1.51779
1.52365
1.53032
1.54081
1.55821
1.58392
1.61626
1.65052
1.68055
1.70104
1.70885
1.70362
1.68758
1.66524
1.64226
1.62357
1.61145
1.60514
1.60214
1.60017
1.59877
1.5997
1.60608
1.62018
1.64121
1.66502
1.68597
1.69916
1.70153
1.69201
1.67159
1.64335
1.61198
1.58266
1.55959
1.5451
1.53958
1.54148
1.54776
1.55493
1.56045
1.56351
1.56488
1.56597
1.56781
1.57059
1.57366
1.57591
1.57621
1.57369
1.5682
1.56039
1.55163
1.54351
1.53729
1.53356
1.5321
1.53211
1.53278
1.5338
1.53554
1.53888
1.54494
1.55477
1.569
1.58754
1.60908
1.63107
1.65036
1.66401
1.67003
1.66791
1.6588
1.64512
1.62996
1.61612
1.60538
1.59841
1.59527
1.59584
1.59998
1.60721
1.61648
1.62634
1.63526
1.64187
1.64493
1.64342
1.63703
1.62658
1.61406
1.60213
1.59344
1.59009
1.59337
1.60373
1.62038
1.64108
1.66218
1.67927
1.68819
1.68593
1.67122
1.64479
1.60949
1.57033
1.53408
1.50784
1.49642
1.50025
1.51604
1.5393
1.56612
1.59319
1.61727
1.6353
1.64553
1.64848
1.64706
1.64547
1.6474
1.65439
1.66552
1.67835
1.69055
1.70074
1.70855
1.71435
1.719
1.72326
1.72742
1.73108
1.73343
1.73374
1.73172
1.72762
1.72214
1.71632
1.71143
1.70862
1.70851
1.7108
1.71421
1.71681
1.71681
1.7132
1.70601
1.69627
1.68566
1.67619
1.66979
1.66802
1.67179
1.68125
1.69558
1.71289
1.73023
1.74398
1.75042
1.7466
1.73096
1.70384
1.66763
1.62637
1.58505
1.54854
1.52055
1.50312
1.49664
1.49987
1.51024
1.52412
1.53769
1.54813
1.55454
1.55807
1.56081
1.56384
1.56643
1.56733
1.56653
1.56589
1.56802
1.57478
1.58647
1.60176
1.61803
1.63204
1.6408
1.64211
1.63517
1.62072
1.60117
1.58039
1.56276
1.55179
1.54889
1.55309
1.56215
1.57425
1.58925
1.60827
1.63137
1.65599
1.67815
1.69489
1.70554
1.71109
1.71282
1.71176
1.70849
1.70349
1.69722
1.69004
1.68211
1.67378
1.66599
1.66032
1.65847
1.66134
1.66833
1.67733
1.68545
1.6901
1.69021
1.68676
1.68247
1.68037
1.68208
1.68688
1.69235
1.69604
1.69666
1.69432
1.68978
1.68368
1.67628
1.66746
1.65691
1.64432
1.62986
1.61424
1.59855
1.58381
1.57062
1.55993
1.55364
1.5546
1.56531
1.58657
1.61647
1.65049
1.68293
1.70964
1.72979
1.7451
1.75758
1.76771
1.77452
1.77698
1.77483
1.76844
1.75842
1.74502
1.72774
1.70522
1.67585
1.63927
1.5986
1.56138
1.53651
1.52836
1.53477
1.55073
1.57244
1.59774
1.62476
1.6511
1.67399
1.69103
1.70058
1.70208
1.69621
1.68498
1.67113
1.65713
1.64432
1.63316
1.62446
1.62049
1.6243
1.63809
1.66174
1.69283
1.72768
1.76256
1.79475
1.82302
1.84727
1.86762
1.88341
1.89294
1.89398
1.88476
1.86493
1.83601
1.80166
1.76736
1.73951
1.72352
1.72197
1.73352
1.75361
1.77611
1.79515
1.80659
1.80873
1.80234
1.78981
1.77374
1.75601
1.73785
1.7206
1.70597
1.69588
1.69193
1.69467
1.70273
1.7129
1.72126
1.72484
1.72281
1.71666
1.70947
1.70469
1.70496
1.71124
1.72268
1.73699
1.75117
1.7623
1.76832
1.76856
1.76383
1.75581
1.74612
1.73553
1.72404
1.71109
1.69602
1.6786
1.65954
1.64071
1.62478
1.61399
1.60897
1.60849
1.61028
1.61217
1.61299
1.61283
1.6126
1.61308
1.61389
1.61321
1.60866
1.59923
1.58779
1.5821
1.59067
1.61498
1.64772
1.67958
1.70538
1.72433
1.73815
1.7494
1.76048
1.77278
1.78597
1.798
1.80602
1.80766
1.80188
1.78889
1.76987
1.74679
1.72226
1.69913
1.6798
1.66557
1.65681
1.65369
1.65666
1.66583
1.67962
1.69433
1.70547
1.70967
1.70567
1.69435
1.67832
1.66153
1.64894
1.64521
1.6523
1.66817
1.68838
1.70899
1.7278
1.74366
1.75508
1.75983
1.7555
1.74048
1.71519
1.68262
1.64826
1.61872
1.59951
1.59284
1.59703
1.60754
1.61893
1.62665
1.62849
1.62529
1.62035
1.61747
1.61877
1.62374
1.63004
1.6356
1.64043
1.64675
1.65765
1.67527
1.69939
1.72734
1.75508
1.77876
1.7955
1.80348
1.80181
1.79074
1.77176
1.74776
1.72234
1.69879
1.67929
1.66516
1.65751
1.65723
1.66467
1.67895
1.69797
1.7191
1.74027
1.76039
1.77913
1.79635
1.81172
1.82489
1.83564
1.84385
1.84935
1.85178
1.85068
1.84564
1.83636
1.82257
1.80457
1.78415
1.76513
1.75239
1.74864
1.75164
1.75505
1.75198
1.73778
1.71098
1.67297
1.62745
1.57987
1.53634
1.50227
1.4809
1.47257
1.4753
1.48636
1.5035
1.52526
1.55061
1.57868
1.60855
1.63914
1.66893
1.69602
1.71847
1.73485
1.74456
1.74791
1.74573
1.73924
1.7298
1.71888
1.70795
1.69821
1.69033
1.6845
1.68051
1.67787
1.67575
1.67307
1.66877
1.66221
1.65356
1.64366
1.63326
1.62208
1.6086
1.59068
1.56696
1.53829
1.50831
1.48256
1.46668
1.46428
1.47569
1.49791
1.52605
1.55495
1.58058
1.60057
1.61403
1.62113
1.62266
1.61983
1.61437
1.60876
1.60588
1.60816
1.61664
1.63054
1.64774
1.66596
1.68371
1.70047
1.71607
1.73004
1.74129
1.74841
1.75038
1.74718
1.74003
1.73103
1.72227
1.71469
1.70739
1.69783
1.68288
1.66045
1.63111
1.59882
1.56989
1.55023
1.5427
1.54665
1.55904
1.57568
1.5921
1.60451
1.61114
1.61275
1.61202
1.61208
1.61479
1.61985
1.62555
1.6303
1.63363
1.63594
1.6379
1.63976
1.64133
1.64249
1.64362
1.64549
1.64882
1.65356
1.65854
1.66194
1.66196
1.65766
1.64937
1.63868
1.62828
1.62174
1.62331
1.63682
1.66348
1.70013
1.74022
1.77668
1.80422
1.81996
1.82308
1.81418
1.79477
1.76714
1.73435
1.70019
1.66902
1.64498
1.631
1.62798
1.63468
1.64851
1.66666
1.68697
1.70808
1.72919
1.74957
1.76832
1.78432
1.79648
1.80401
1.80664
1.80488
1.80013
1.79446
1.78986
1.78745
1.78724
1.78835
1.78972
1.79064
1.79106
1.79117
1.79077
1.78892
1.78379
1.77319
1.75513
1.72871
1.69479
1.65616
1.61667
1.5797
1.54703
1.51925
1.49687
1.48114
1.47422
1.4785
1.49524
1.52336
1.55918
1.59735
1.63213
1.65835
1.67217
1.67169
1.65783
1.63505
1.611
1.59388
1.58862
1.59516
1.61017
1.62982
1.65128
1.67285
1.69359
1.71272
1.7292
1.74182
1.74964
1.7526
1.75193
1.74972
1.74803
1.74781
1.74876
1.75023
1.75184
1.75324
1.75354
1.75116
1.74445
1.73248
1.71561
1.69573
1.67591
1.65952
1.64897
1.6448
1.64561
1.64923
1.65374
1.65799
1.66108
1.66178
1.6584
1.64955
1.63495
1.61589
1.59479
1.57434
1.55669
1.54304
1.53342
1.52703
1.52299
1.52116
1.5224
1.52783
1.53791
1.55189
1.56791
1.58369
1.59718
1.60698
1.61276
1.61525
1.61626
1.6184
1.62416
1.63468
1.64895
1.66419
1.67738
1.68665
1.69182
1.69386
1.69376
1.69162
1.68668
1.67807
1.66581
1.65117
1.63631
1.62341
1.61358
1.60655
1.60102
1.59557
1.5894
1.58281
1.57709
1.57405
1.57528
1.5815
1.59243
1.60694
1.62372
1.64164
1.65974
1.67703
1.69211
1.70329
1.70887
1.70764
1.69916
1.68386
1.66309
1.63894
1.61419
1.59214
1.57609
1.56833
1.56935
1.57799
1.59223
1.60998
1.62926
1.64809
1.66436
1.67598
1.68166
1.68169
1.67796
1.67338
1.67056
1.67088
1.67428
1.67932
1.68373
1.6853
1.68288
1.67697
1.6701
1.66617
1.66889
1.67999
1.69826
1.72013
1.74126
1.75786
1.76732
1.76812
1.75987
1.7435
1.72148
1.69734
1.67443
1.65461
1.63796
1.62383
1.61212
1.60394
1.60125
1.60596
1.61906
1.64038
1.66849
1.70106
1.73514
1.76761
1.79577
1.8177
1.83258
1.84033
1.84094
1.83386
1.81781
1.79153
1.75491
1.71038
1.66363
1.62284
1.59566
1.58551
1.5902
1.60372
1.61938
1.6321
1.63939
1.6414
1.64033
1.63932
1.64106
1.64646
1.65412
1.66087
1.66348
1.66025
1.65179
1.64056
1.62954
1.62083
1.61488
1.61074
1.60718
1.60368
1.60072
1.59936
1.60042
1.60412
1.61005
1.61716
1.62383
1.62836
1.62967
1.62824
1.62614
1.62603
1.62989
1.63806
1.6493
1.66126
1.67124
1.67672
1.67594
1.66835
1.65506
1.63905
1.62484
1.61711
1.61877
1.62957
1.64649
1.66521
1.68191
1.69452
1.70306
1.70901
1.71392
1.71822
1.7209
1.7203
1.71488
1.70358
1.68594
1.66237
1.63457
1.60603
1.5819
1.56738
1.56552
1.57581
1.59457
1.61705
1.63942
1.65972
1.67737
1.69217
1.70338
1.70962
1.70908
1.70022
1.68234
1.65609
1.62394
1.59025
1.56075
1.54063
1.5323
1.53484
1.5455
1.56143
1.57991
1.59831
1.61435
1.62659
1.63458
1.63843
1.63839
1.63441
1.62624
1.61394
1.59842
1.58165
1.5664
1.55555
1.55133
1.55497
1.56648
1.58461
1.60709
1.63132
1.65505
1.6767
1.69537
1.71045
1.72121
1.72686
1.72725
1.72372
1.71952
1.71898
1.7258
1.74124
1.76348
1.78798
1.8089
1.82053
1.81871
1.80188
1.7718
1.7335
1.6938
1.65881
1.63159
1.61171
1.59677
1.58438
1.57362
1.56541
1.56182
1.56468
1.57429
1.58936
1.60818
1.62977
1.65382
1.67979
1.70594
1.72943
1.74738
1.75785
1.76028
1.75497
1.74264
1.72403
1.69994
1.67167
1.64111
1.61038
1.58123
1.55455
1.53056
1.50998
1.49525
1.48953
1.49351
1.50414
1.51728
1.53064
1.54366
1.55627
1.56869
1.58172
1.59656
1.614
1.63386
1.65494
1.67548
1.69394
1.70944
1.72191
1.73206
1.74081
1.74881
1.75635
1.7633
1.76941
1.77442
1.77801
1.77965
1.77881
1.77522
1.76909
1.76116
1.75253
1.74445
1.73799
1.73365
1.7312
1.7297
1.72789
1.72476
1.71993
1.71379
1.70737
1.70207
1.69943
1.70074
1.70669
1.71688
1.72989
1.74368
1.75604
1.76493
1.76875
1.7664
1.75746
1.74214
1.72133
1.69675
1.67092
1.64703
1.62846
1.61831
1.61882
1.63056
1.65213
1.68042
1.7115
1.74147
1.76706
1.78619
1.79845
1.80513
1.80857
1.81094
1.81317
1.81463
1.81384
1.80953
1.80111
1.78847
1.77112
1.74773
1.71688
1.68047
1.64832
1.63532
1.646
1.66749
1.68436
1.6915
1.69322
1.69692
1.70792
1.72639
1.74756
1.76446
1.77093
1.76334
1.74114
1.7068
1.66533
1.62343
1.58778
1.5631
1.55133
1.55231
1.56501
1.58813
1.6198
1.65726
1.69697
1.73503
1.76771
1.79192
1.80585
1.80947
1.80498
1.79655
1.78905
1.78633
1.78993
1.79896
1.81083
1.82225
1.83024
1.83279
1.82906
1.81914
1.80368
1.78359
1.75979
1.73331
1.70534
1.67725
1.65035
1.62555
1.60325
1.58368
1.56725
1.55492
1.54819
1.54813
1.55397
1.56252
1.5701
1.57581
1.58272
1.5952
1.61474
1.63848
1.66099
1.67741
1.68539
1.68557
1.68069
1.67419
1.669
1.66668
1.66732
1.66997
1.67322
1.67576
1.67656
1.67473
1.66918
1.65861
1.64199
1.61931
1.59211
1.5635
1.53729
1.51699
1.50504
1.5023
1.50807
1.52014
1.53524
1.54984
1.56132
1.56859
1.57191
1.5721
1.57005
1.56695
1.56464
1.56519
1.56989
1.57792
1.58632
1.59125
1.58968
1.58056
1.56481
1.54491
1.52431
1.50691
1.49655
1.49662
1.50918
1.53362
1.5659
1.59967
1.62863
1.64824
1.65638
1.65382
1.64432
1.63386
1.62791
1.62879
1.63545
1.6455
1.65713
1.66931
1.68125
1.69192
1.70003
1.70428
1.70366
1.69791
1.68778
1.67497
1.66154
1.64906
1.63839
1.62995
1.62408
1.62106
1.62092
1.62317
1.62664
1.62944
1.6295
1.62549
1.61815
1.61107
1.60968
1.61825
1.63691
1.66181
1.68793
1.71169
1.73183
1.74876
1.76351
1.77673
1.78821
1.7969
1.80129
1.79992
1.79204
1.77807
1.75995
1.74081
1.72384
1.71113
1.70324
1.69931
1.69755
1.69573
1.69168
1.68368
1.67083
1.65325
1.63226
1.61017
1.58991
1.57452
1.56635
1.56645
1.57394
1.58611
1.5995
1.61134
1.62048
1.6272
1.63219
1.63576
1.63782
1.63842
1.63803
1.6375
1.63795
1.64115
1.65037
1.6694
1.69857
1.73242
1.76286
1.7842
1.79478
1.79531
1.78696
1.77101
1.74952
1.72569
1.70333
1.68527
1.67243
1.66359
1.65616
1.64719
1.63441
1.61715
1.59705
1.57757
1.56258
1.55484
1.55528
1.56292
1.57532
1.58949
1.60313
1.61525
1.6261
1.63647
1.64699
1.65775
1.66849
1.67918
1.69056
1.70403
1.72061
1.73983
1.75924
1.77494
1.78322
1.78197
1.77148
1.75397
1.73234
1.70902
1.6855
1.66254
1.64082
1.62171
1.6075
1.60087
1.6035
1.61522
1.63421
1.65762
1.68215
1.70469
1.72315
1.73675
1.74599
1.75214
1.75652
1.76002
1.76299
1.76561
1.76796
1.77001
1.7713
1.77083
1.76717
1.75897
1.74551
1.72711
1.70512
1.68132
1.65735
1.63425
1.61238
1.59182
1.57277
1.55604
1.54329
1.53693
1.53896
1.54935
1.5656
1.5843
1.60301
1.62065
1.63676
1.65082
1.662
1.66924
1.67155
1.66843
1.66053
1.65021
1.64156
1.63939
1.64736
1.66581
1.69131
1.71812
1.74048
1.75438
1.7582
1.75258
1.74003
1.72394
1.70757
1.69311
1.6812
1.67123
1.66206
1.65288
1.64369
1.63546
1.62968
1.62768
1.63027
1.63771
1.64991
1.6661
1.68426
1.70131
1.71427
1.72127
1.72184
1.71625
1.70522
1.69036
1.67501
1.66313
1.65687
1.65554
1.65784
1.66393
1.67484
1.69044
1.70846
1.72508
1.73642
1.73995
1.7353
1.72461
1.71162
1.70007
1.69193
1.68678
1.68259
1.67725
1.6698
1.66098
1.653
1.64862
1.64968
1.65611
1.66601
1.6771
1.68824
1.70002
1.7139
1.73056
1.74869
1.76513
1.77642
1.7805
1.7777
1.77056
1.76258
1.75683
1.75463
1.75515
1.75585
1.75336
1.74465
1.72776
1.70232
1.6697
1.63296
1.59639
1.56461
1.54124
1.5275
1.52139
1.51867
1.51524
1.50922
1.50149
1.49493
1.49293
1.4982
1.51188
1.53361
1.56198
1.59506
1.63087
1.66755
1.7035
1.73726
1.76749
1.7928
1.81163
1.82247
1.82394
1.81507
1.79568
1.76704
1.73264
1.69822
1.67032
1.6534
1.64741
1.64789
1.64899
1.64681
1.64061
1.63196
1.6232
1.61587
1.60994
1.60379
1.59473
1.58004
1.55835
1.53049
1.4994
1.46876
1.44144
1.41929
1.40398
1.39755
1.40209
1.41843
1.44521
1.47878
1.51385
1.54464
1.56614
1.57517
1.57107
1.55587
1.53387
1.51086
1.49297
1.48469
1.48734
1.49904
1.51617
1.53548
1.55539
1.57559
1.59584
1.61516
1.63215
1.64572
1.65533
1.66107
1.66367
1.66462
1.66626
1.6715
1.68288
1.70139
1.72545
1.7508
1.7713
1.78035
1.77246
1.74448
1.69655
1.63283
1.56169
1.49424
1.44147
1.41135
1.40712
1.42634
1.4613
1.50215
1.54085
1.57354
1.59962
1.61933
1.63226
1.63797
1.63714
1.63185
1.62448
1.61734
1.61297
1.61416
1.62284
1.63878
1.6594
1.68057
1.69801
1.70854
1.71063
1.70451
1.69186
1.6753
1.65767
1.64142
1.62819
1.61911
1.61498
1.61613
1.62182
1.63024
1.639
1.64598
1.64978
1.64986
1.64675
1.64203
1.63826
1.63836
1.64434
1.65559
1.66828
1.67688
1.67668
1.66537
1.64314
1.61212
1.57581
1.53881
1.50648
1.48406
1.47519
1.48054
1.49757
1.52175
1.54818
1.57316
1.59476
1.61271
1.62767
1.64057
1.65217
1.66325
1.6747
1.68752
1.70222
1.71815
1.73326
1.74463
1.74943
1.74568
1.73292
1.71282
1.68924
1.6673
1.65076
1.63974
1.63117
1.62151
1.60915
1.59491
1.58109
1.57035
1.56472
1.56507
1.57103
1.58123
1.59347
1.60514
1.61403
1.61911
1.62114
1.62218
1.62454
1.62939
1.63613
1.64305
1.64826
1.65057
1.64962
1.64566
1.63968
1.63366
1.63073
1.63371
1.6424
1.65268
1.6589
1.65731
1.64726
1.63086
1.61162
1.59341
1.57939
1.57138
1.56974
1.57365
1.58157
1.59172
1.60241
1.61217
1.61976
1.62452
1.62677
1.62811
1.63089
1.63718
1.64778
1.66191
1.67785
1.69353
1.70697
1.71639
1.72023
1.71756
1.7086
1.69482
1.67852
1.66207
1.64734
1.63595
1.62955
1.62925
1.63453
1.64319
1.65272
1.66188
1.67093
1.68046
1.69021
1.69906
1.70618
1.71219
1.71901
1.72849
1.74085
1.75406
1.76467
1.76924
1.76526
1.75167
1.72916
1.70063
1.6715
1.64889
1.63893
1.64366
1.66044
1.68441
1.71091
1.73631
1.75809
1.77465
1.78503
1.78866
1.78523
1.77476
1.75798
1.73663
1.71367
1.69318
1.67929
1.67457
1.67844
1.68689
1.69424
1.69567
1.68929
1.67639
1.66007
1.64299
1.62603
1.60875
1.59147
1.57667
1.56846
1.57021
1.58224
1.60174
1.62466
1.64754
1.66814
1.68514
1.69795
1.7065
1.71095
1.71128
1.70711
1.69801
1.6843
1.66745
1.6504
1.63757
1.63382
1.64199
1.66083
1.6855
1.71023
1.73054
1.74397
1.7498
1.74845
1.74087
1.72813
1.71118
1.69102
1.66882
1.64627
1.62553
1.60891
1.59815
1.59388
1.59549
1.60166
1.61084
1.62166
1.63286
1.64329
1.65193
1.658
1.66134
1.66236
1.66196
1.6612
1.66098
1.66197
1.66481
1.67075
1.68186
1.70008
1.72511
1.7535
1.78063
1.80341
1.82141
1.83627
1.85014
1.8644
1.87873
1.8911
1.89854
1.89797
1.88709
1.86493
1.83224
1.79188
1.74868
1.70864
1.67707
1.65689
1.64773
1.64651
1.64924
1.65325
1.65859
1.66744
1.68161
1.69956
1.71599
1.72474
1.72277
1.71175
1.69694
1.68424
1.6773
1.67632
1.67903
1.68252
1.68481
1.6855
1.68562
1.68668
1.68969
1.69453
1.70001
1.70456
1.70704
1.70727
1.70607
1.70474
1.7042
1.70425
1.70343
1.69949
1.6903
1.6747
1.65282
1.62613
1.597
1.56807
1.54182
1.52018
1.50435
1.49467
1.49066
1.49144
1.49644
1.50559
1.51906
1.53675
1.55785
1.58089
1.60384
1.62423
1.63942
1.64714
1.64615
1.63664
1.62042
1.60054
1.58064
1.56389
1.55208
1.5452
1.5419
1.54075
1.54111
1.54337
1.54857
1.55768
1.57131
1.58911
1.60938
1.62934
1.64607
1.65729
1.66127
1.65691
1.64464
1.62741
1.61056
1.60019
1.60064
1.6122
1.63098
1.65093
1.66629
1.67284
1.66838
1.65307
1.62966
1.60308
1.57917
1.56282
1.55661
1.56048
1.57227
1.58869
1.60625
1.62171
1.63233
1.63617
1.63258
1.62249
1.60801
1.5915
1.57506
1.56013
1.54744
1.53724
1.52967
1.52532
1.52522
1.53033
1.54069
1.55507
1.57134
1.58753
1.60262
1.61679
1.6308
1.6449
1.65812
1.66837
1.67313
1.67037
1.65917
1.64028
1.616
1.5899
1.56612
1.54827
1.53843
1.53667
1.54122
1.54926
1.55804
1.56581
1.57216
1.57773
1.5835
1.59002
1.5971
1.60385
1.609
1.61146
1.61076
1.6075
1.60344
1.60097
1.60198
1.6069
1.61468
1.62354
1.63157
1.63693
1.6379
1.63334
1.62312
1.60816
1.59038
1.5723
1.55673
1.54615
1.54186
1.5432
1.54755
1.55196
1.55557
1.56126
1.57374
1.59441
1.61893
1.64092
1.6567
1.66666
1.67387
1.68213
1.69424
1.71062
1.72905
1.74582
1.75753
1.76245
1.76083
1.75445
1.74575
1.73694
1.72977
1.72561
1.72528
1.72849
1.73359
1.73791
1.7386
1.73347
1.72158
1.70322
1.67971
1.65334
1.62726
1.60542
1.59154
1.58734
1.59097
1.59764
1.60182
1.59957
1.58983
1.57496
1.56005
1.5507
1.55061
1.56072
1.58012
1.60673
1.63722
1.6674
1.69322
1.71189
1.72223
1.72457
1.71999
1.70964
1.6944
1.67552
1.65555
1.6384
1.62779
1.62505
1.62833
1.63398
1.63883
1.64157
1.6423
1.64118
1.63764
1.63058
1.6192
1.60373
1.58531
1.56565
1.54656
1.5296
1.51596
1.50607
1.49956
1.49559
1.49359
1.49356
1.49588
1.50025
1.505
1.50762
1.50629
1.50124
1.49484
1.49057
1.49123
1.49777
1.50884
1.52142
1.53228
1.53941
1.54306
1.54626
1.55395
1.57017
1.59521
1.62547
1.65624
1.68438
1.70875
1.72927
1.74592
1.75843
1.76666
1.77088
1.77182
1.77064
1.7688
1.76758
1.76712
1.7661
1.76249
1.75507
1.74432
1.73228
1.72151
1.71378
1.70946
1.70776
1.7075
1.70781
1.70851
1.70982
1.71198
1.71508
1.7191
1.72408
1.72996
1.73625
1.74191
1.74541
1.74506
1.73948
1.72779
1.70978
1.68623
1.65947
1.63374
1.61476
1.60776
1.61455
1.63223
1.65485
1.6766
1.69405
1.70661
1.71573
1.72357
1.73167
1.73999
1.74729
1.75236
1.75471
1.75449
1.75162
1.74537
1.73456
1.71852
1.69802
1.67585
1.65619
1.64296
1.63809
1.64114
1.65011
1.66286
1.6778
1.6941
1.7115
1.73005
1.74964
1.76953
1.78837
1.80446
1.81614
1.8221
1.82168
1.81522
1.80432
1.79185
1.78119
1.77469
1.77278
1.77428
1.77749
1.78091
1.7835
1.78454
1.78392
1.78258
1.78287
1.78728
1.79605
1.80591
1.81194
1.81013
1.79869
1.77805
1.75042
1.71938
1.68921
1.66398
1.64653
1.6377
1.63637
1.64031
1.64728
1.65571
1.66476
1.67402
1.6831
1.69131
1.69744
1.69994
1.69754
1.68999
1.67826
1.66428
1.64999
1.63685
1.62559
1.61643
1.60943
1.60481
1.60306
1.60476
1.61028
1.61945
1.63139
1.64451
1.65686
1.66692
1.67398
1.6781
1.67969
1.6791
1.67656
1.67215
1.66595
1.65826
1.64981
1.64173
1.63521
1.63116
1.62986
1.63078
1.63248
1.6332
1.63159
1.62758
1.62269
1.61949
1.61986
1.6237
1.62892
1.6328
1.63328
1.62973
1.62319
1.61617
1.6119
1.61318
1.62126
1.6355
1.65373
1.67309
1.69071
1.7043
1.71253
1.7154
1.71406
1.71044
1.70673
1.70498
1.70656
1.71153
1.71847
1.72519
1.73028
1.73386
1.7371
1.74078
1.74421
1.74529
1.74127
1.72994
1.71119
1.68898
1.67127
1.66489
1.6693
1.67756
1.68329
1.68468
1.68354
1.68277
1.68451
1.68948
1.69696
1.70539
1.71292
1.71801
1.71958
1.7169
1.70966
1.69814
1.6835
1.66767
1.65291
1.64096
1.63243
1.62669
1.62277
1.62049
1.62101
1.6258
1.63521
1.64776
1.66108
1.67317
1.68317
1.69115
1.69738
1.70157
1.70275
1.69949
1.69068
1.67679
1.6611
1.64935
1.6469
1.65463
1.66761
1.67797
1.67938
1.66946
1.64972
1.62433
1.59873
1.57817
1.56632
1.56388
1.56841
1.57551
1.58112
1.58322
1.58235
1.58087
1.58191
1.58821
1.60111
1.6201
1.64273
1.66531
1.68399
1.69569
1.6987
1.69298
1.67998
1.6622
1.64237
1.6226
1.60386
1.58616
1.56962
1.55569
1.54697
1.54559
1.55149
1.56227
1.57498
1.58806
1.60232
1.61996
1.64196
1.66633
1.68921
1.70728
1.71902
1.72429
1.72386
1.71916
1.71221
1.70511
1.69917
1.69415
1.68828
1.67927
1.66542
1.64659
1.62444
1.60213
1.58369
1.5732
1.57353
1.5853
1.60625
1.63154
1.65502
1.67075
1.67429
1.66364
1.64017
1.60972
1.58265
1.57045
1.57904
1.60509
1.63998
1.67653
1.71157
1.7444
1.77435
1.79974
1.81862
1.82972
1.83274
1.82821
1.8171
1.80067
1.78051
1.75849
1.73652
1.71603
1.69754
1.68039
1.66312
1.64434
1.62357
1.60172
1.58092
1.56382
1.55261
1.54836
1.55093
1.55939
1.57255
1.58926
1.60847
1.62912
1.65004
1.67001
1.68787
1.70262
1.71346
1.71967
1.72058
1.71549
1.70384
1.68534
1.6604
1.6303
1.5972
1.56395
1.53368
1.50941
1.49333
1.48612
1.48655
1.492
1.49956
1.50724
1.51436
1.5214
1.52956
1.54011
1.55394
1.57122
1.59138
1.61332
1.63562
1.65667
1.67459
1.68743
1.69362
1.69247
1.68452
1.67138
1.65535
1.63881
1.62372
1.61132
1.6021
1.59602
1.59277
1.59193
1.59288
1.5948
1.59674
1.59809
1.59904
1.60074
1.60492
1.61306
1.62543
1.64071
1.65651
1.67039
1.68065
1.68628
1.68658
1.68087
1.66889
1.65172
1.63254
1.6162
1.60726
1.60792
1.61695
1.63044
1.64354
1.65238
1.65521
1.65254
1.64627
1.63814
1.62853
1.61618
1.59915
1.57609
1.54723
1.51476
1.48276
1.45652
1.44092
1.4385
1.44881
1.46933
1.49705
1.52902
1.56226
1.59385
1.6214
1.64333
1.65892
1.66817
1.67152
1.66971
1.66377
1.65521
1.64615
1.63921
1.6369
1.64067
1.6502
1.66336
1.67701
1.68812
1.69478
1.69679
1.69587
1.69534
1.69902
1.70958
1.72737
1.75036
1.77506
1.79767
1.81496
1.82466
1.82555
1.81742
1.80082
1.77712
1.74856
1.71835
1.69028
1.66796
1.65368
1.64762
1.64811
1.6523
1.65709
1.65968
1.65767
1.64913
1.63275
1.60844
1.5778
1.54459
1.5142
1.49238
1.4833
1.48824
1.50507
1.52912
1.5549
1.57772
1.59459
1.60443
1.60805
1.60798
1.60825
1.61348
1.6273
1.65063
1.68095
1.71369
1.74418
1.76896
1.78592
1.79402
1.79314
1.7839
1.7675
1.7455
1.71975
1.69252
1.66658
1.64485
1.62978
1.62267
1.62346
1.63115
1.64417
1.66058
1.6784
1.696
1.71234
1.72679
1.73874
1.74747
1.7523
1.75293
1.7495
1.74252
1.73276
1.72105
1.70824
1.69465
1.6796
1.66137
1.6383
1.61021
1.57896
1.54811
1.52205
1.50525
1.50161
1.51297
1.53692
1.56628
1.59192
1.60699
1.60903
1.59935
1.58124
1.55859
1.53581
1.5182
1.5115
1.51925
1.53911
1.56283
1.58173
1.59225
1.59705
1.60178
1.61088
1.62487
1.64069
1.65413
1.66239
1.66507
1.66379
1.66085
1.65812
1.65671
1.65742
1.66123
1.66938
1.68289
1.70181
1.7247
1.74905
1.77213
1.79136
1.80435
1.80895
1.8038
1.78863
1.76428
1.7324
1.69495
1.65402
1.61168
1.57012
1.53177
1.49934
1.47578
1.46402
1.46609
1.48216
1.5097
1.54369
1.57784
1.60619
1.62436
1.63006
1.62298
1.60485
1.57931
1.5518
1.52854
1.51504
1.51433
1.52604
1.5465
1.57015
1.59134
1.60583
1.61149
1.60842
1.5988
1.58617
1.574
1.56429
1.55735
1.55228
1.54754
1.54129
1.53185
1.51833
1.50104
1.48168
1.46338
1.45068
1.44885
1.46247
1.49347
1.53971
1.5953
1.65249
1.70417
1.74559
1.77505
1.79334
1.80271
1.80565
1.80424
1.79989
1.7933
1.78462
1.7735
1.75953
1.74253
1.72281
1.70124
1.67905
1.65755
1.63798
1.62171
1.61028
1.60493
1.60565
1.61079
1.61793
1.6253
1.63243
1.63974
1.64776
1.65668
1.66666
1.67828
1.69251
1.70982
1.72908
1.74741
1.76123
1.76752
1.76489
1.75372
1.73585
1.71398
1.69117
1.67034
1.6538
1.64255
1.63584
1.63157
1.62774
1.62356
1.61952
1.61647
1.61454
1.61289
1.61018
1.60544
1.59882
1.59163
1.58591
1.58382
1.58728
1.59753
1.61471
1.63731
1.66236
1.68634
1.70613
1.71963
1.72577
1.72438
1.71591
1.70169
1.68456
1.66966
1.66372
1.67143
1.69124
1.71533
1.73425
1.74135
1.73432
1.7152
1.68908
1.66168
1.63672
1.61544
1.59809
1.58537
1.5783
1.57722
1.58148
1.58988
1.60147
1.61558
1.63133
1.64725
1.66144
1.67216
1.67809
1.67848
1.67302
1.66185
1.64603
1.62806
1.61222
1.60343
1.60445
1.61314
1.62339
1.62896
1.6262
1.61452
1.59541
1.57148
1.54575
1.52162
1.5029
1.49347
1.49581
1.50955
1.53173
1.55817
1.58472
1.60788
1.6251
1.63517
1.63852
1.63717
1.63425
1.63317
1.63657
1.6455
1.65919
1.67559
1.69235
1.70785
1.72151
1.73359
1.74463
1.75488
1.76411
1.77164
1.7767
1.77886
1.77835
1.77589
1.77203
1.76667
1.75899
1.74816
1.7342
1.7183
1.70252
1.68899
1.6789
1.67187
1.66595
1.65875
1.64943
1.64004
1.63464
1.63613
1.64348
1.65249
1.65893
1.66087
1.65907
1.65614
1.65539
1.65934
1.66861
1.6816
1.69535
1.70686
1.71432
1.71745
1.71742
1.71605
1.71499
1.71519
