-3.7778
-3.77765
-3.77762
-3.77833
-3.77883
-3.77873
-3.77943
-3.7785
-3.77793
-3.77753
-3.77756
-3.77633
-3.77661
-3.77794
-3.77772
-3.77849
-3.77863
-3.77956
-3.77888
-3.77764
-3.77739
-3.77762
-3.77851
-3.77883
-3.77925
-3.78048
-3.78086
-3.78128
-3.78185
-3.78246
-3.78359
-3.78379
-3.78269
-3.78111
-3.78008
-3.77939
-3.77894
-3.77948
-3.78185
-3.78303
-3.78257
-3.78149
-3.7805
-3.77997
-3.77773
-3.77821
-3.77796
-3.77665
-3.77622
-3.77635
-3.77682
-3.77653
-3.77636
-3.77624
-3.77674
-3.77658
-3.77691
-3.77587
-3.77508
-3.77414
-3.77535
-3.77528
-3.77526
-3.77527
-3.77508
-3.77454
-3.77465
-3.7746
-3.77554
-3.77571
-3.77498
-3.77534
-3.77556
-3.77558
-3.77682
-3.77704
-3.77607
-3.7752
-3.77488
-3.77407
-3.77282
-3.77251
-3.7723
-3.77255
-3.77292
-3.77347
-3.77366
-3.77367
-3.7743
-3.77478
-3.77533
-3.77565
-3.77584
-3.77566
-3.77553
-3.77496
-3.77439
-3.77413
-3.7728
-3.77328
-3.77413
-3.77438
-3.77668
-3.77874
-3.78061
-3.7798
-3.78047
-3.78053
-3.78051
-3.77998
-3.77945
-3.77873
-3.77785
-3.77769
-3.7766
-3.77745
-3.77787
-3.77902
-3.77972
-3.77951
-3.77932
-3.77808
-3.77934
-3.77909
-3.7792
-3.77994
-3.78063
-3.78002
-3.77931
-3.77943
-3.77955
-3.77958
-3.77883
-3.77931
-3.78072
-3.7827
-3.78283
-3.78232
-3.78242
-3.78151
-3.78138
-3.7807
-3.78079
-3.78089
-3.77962
-3.78065
-3.78042
-3.78111
-3.78196
-3.78181
-3.78301
-3.78278
-3.78238
-3.78201
-3.7818
-3.78193
-3.7807
-3.77977
-3.77932
-3.77769
-3.77695
-3.77607
-3.77609
-3.77624
-3.77663
-3.77652
-3.7773
-3.77593
-3.77609
-3.77673
-3.77816
-3.77936
-3.77983
-3.78069
-3.77987
-3.77959
-3.77957
-3.77947
-3.77801
-3.77783
-3.77629
-3.7748
-3.77474
-3.77374
-3.77547
-3.77554
-3.77678
-3.7778
-3.77761
-3.77751
-3.77674
-3.77691
-3.7771
-3.77596
-3.77759
-3.77783
-3.77849
-3.77939
-3.78035
-3.78092
-3.78039
-3.78165
-3.78021
-3.78021
-3.77968
-3.77814
-3.77703
-3.77758
-3.77789
-3.77955
-3.77937
-3.78043
-3.77971
-3.77991
-3.78064
-3.78034
-3.77997
-3.77837
-3.77735
-3.77695
-3.77712
-3.77705
-3.7776
-3.77852
-3.77943
-3.77903
-3.77993
-3.78013
-3.78106
-3.78096
-3.78137
-3.78262
-3.78178
-3.78248
-3.78192
-3.78129
-3.78081
-3.78095
-3.77986
-3.77896
-3.77896
-3.77761
-3.7766
-3.77646
-3.77593
-3.77538
-3.77627
-3.77735
-3.77746
-3.77765
-3.7793
-3.7802
-3.78074
-3.781
-3.78145
-3.78172
-3.78117
-3.77957
-3.78017
-3.78032
-3.78127
-3.78159
-3.7824
-3.78148
-3.78245
-3.78365
-3.78418
-3.78465
-3.78485
-3.78486
-3.78434
-3.78267
-3.78172
-3.78068
-3.78026
-3.77966
-3.77867
-3.77938
-3.77925
-3.78008
-3.78165
-3.7831
-3.78381
-3.7846
-3.78526
-3.78467
-3.78459
-3.7843
-3.78197
-3.78098
-3.78
-3.77966
-3.77883
-3.77844
-3.77833
-3.77785
-3.7778
-3.77902
-3.78006
-3.78165
-3.78342
-3.7834
-3.78318
-3.78311
-3.78308
-3.7826
-3.78208
-3.7821
-3.78087
-3.7797
-3.77907
-3.77868
-3.77769
-3.77777
-3.77809
-3.77838
-3.77955
-3.77954
-3.77972
-3.77815
-3.77757
-3.77768
-3.77665
-3.77691
-3.77747
-3.77752
-3.77806
-3.7794
-3.77947
-3.78025
-3.78076
-3.78016
-3.78024
-3.78061
-3.78056
-3.78109
-3.78156
-3.78255
-3.78293
-3.78284
-3.78178
-3.78107
-3.7804
-3.78099
-3.78149
-3.78222
-3.78289
-3.78264
-3.78245
-3.78401
-3.78416
-3.78344
-3.78425
-3.78509
-3.7845
-3.78352
-3.78167
-3.78013
-3.7777
-3.77649
-3.77546
-3.7738
-3.77438
-3.77513
-3.77468
-3.775
-3.77544
-3.77535
-3.77565
-3.77571
-3.77685
-3.77617
-3.77603
-3.77642
-3.77571
-3.77561
-3.77427
-3.77358
-3.77394
-3.77437
-3.77476
-3.77505
-3.77659
-3.77649
-3.77619
-3.77617
-3.77698
-3.77619
-3.77629
-3.77728
-3.77803
-3.7786
-3.77957
-3.77894
-3.77864
-3.77859
-3.77809
-3.77811
-3.77882
-3.77862
-3.77847
-3.77884
-3.77944
-3.77961
-3.77981
-3.77951
-3.77925
-3.77896
-3.77927
-3.77939
-3.78002
-3.78133
-3.78217
-3.78185
-3.78174
-3.78076
-3.78075
-3.78126
-3.78134
-3.78083
-3.78058
-3.78061
-3.78129
-3.78106
-3.78181
-3.7831
-3.78373
-3.78257
-3.78096
-3.78066
-3.77965
-3.77817
-3.7763
-3.77528
-3.77555
-3.77652
-3.77766
-3.77935
-3.78085
-3.78092
-3.78165
-3.78195
-3.78122
-3.78024
-3.78044
-3.78094
-3.78128
-3.78081
-3.7813
-3.78085
-3.78033
-3.77912
-3.77895
-3.77935
-3.77984
-3.77924
-3.77968
-3.78114
-3.78129
-3.78212
-3.78431
-3.78422
-3.78464
-3.78577
-3.78553
-3.7851
-3.7827
-3.7812
-3.77965
-3.77912
-3.77927
-3.78075
-3.78233
-3.78195
-3.78297
-3.78256
-3.78147
-3.78117
-3.78053
-3.77929
-3.7794
-3.77827
-3.77853
-3.77864
-3.77874
-3.77943
-3.77914
-3.77839
-3.77853
-3.77845
-3.7784
-3.77768
-3.77814
-3.77844
-3.77744
-3.77795
-3.77924
-3.78095
-3.78089
-3.78243
-3.78465
-3.78437
-3.78519
-3.7858
-3.78485
-3.7853
-3.78506
-3.78509
-3.78466
-3.78435
-3.78282
-3.78235
-3.78227
-3.78221
-3.7815
-3.78094
-3.78065
-3.78046
-3.78099
-3.78266
-3.78479
-3.78696
-3.78617
-3.78635
-3.78443
-3.78281
-3.78138
-3.77973
-3.77798
-3.7774
-3.77794
-3.77848
-3.77947
-3.78062
-3.78237
-3.78359
-3.78359
-3.78432
-3.78533
-3.78465
-3.78526
-3.78591
-3.78608
-3.78516
-3.78391
-3.78331
-3.78222
-3.78211
-3.78101
-3.78136
-3.77967
-3.77847
-3.77928
-3.77926
-3.77994
-3.77951
-3.77934
-3.77923
-3.77854
-3.77934
-3.77888
-3.77888
-3.77956
-3.77869
-3.7789
-3.77818
-3.77757
-3.77841
-3.78035
-3.7824
-3.78333
-3.78399
-3.78506
-3.78462
-3.78457
-3.78426
-3.78423
-3.78463
-3.78457
-3.78474
-3.78408
-3.78314
-3.78236
-3.78178
-3.78045
-3.78108
-3.78175
-3.78165
-3.78238
-3.78292
-3.78392
-3.78356
-3.78415
-3.78363
-3.78386
-3.78487
-3.78523
-3.78498
-3.78591
-3.7847
-3.78305
-3.7824
-3.78234
-3.78156
-3.78239
-3.78318
-3.78379
-3.78328
-3.78253
-3.78159
-3.78096
-3.77998
-3.77994
-3.77922
-3.77958
-3.78031
-3.78041
-3.77912
-3.77827
-3.77748
-3.77748
-3.77724
-3.77645
-3.77772
-3.77893
-3.77873
-3.77893
-3.77893
-3.77965
-3.77937
-3.77772
-3.77743
-3.77743
-3.77682
-3.77654
-3.77587
-3.77566
-3.7754
-3.77432
-3.77404
-3.77417
-3.77526
-3.77539
-3.77654
-3.77753
-3.77875
-3.77918
-3.78019
-3.78096
-3.78181
-3.7814
-3.78186
-3.78102
-3.78007
-3.78004
-3.7804
-3.77892
-3.77774
-3.77674
-3.777
-3.77753
-3.77752
-3.77671
-3.77664
-3.77677
-3.77959
-3.78057
-3.78129
-3.78037
-3.78081
-3.78131
-3.78215
-3.78178
-3.78249
-3.78165
-3.7816
-3.78085
-3.7795
-3.77668
-3.77524
-3.77391
-3.77359
-3.77444
-3.77505
-3.77757
-3.78021
-3.78081
-3.78089
-3.78095
-3.78032
-3.78014
-3.78017
-3.78037
-3.77972
-3.78064
-3.78039
-3.78024
-3.78085
-3.78063
-3.77959
-3.7799
-3.78024
-3.78031
-3.77959
-3.77995
-3.77924
-3.77814
-3.77785
-3.77819
-3.77812
-3.77886
-3.77981
-3.77921
-3.77918
-3.77868
-3.77775
-3.77641
-3.7755
-3.77406
-3.77412
-3.77271
-3.77198
-3.77227
-3.77244
-3.77389
-3.77528
-3.77625
-3.77686
-3.77766
-3.77797
-3.77669
-3.77507
-3.77293
-3.77229
-3.77272
-3.77344
-3.77395
-3.77432
-3.7749
-3.77528
-3.7766
-3.77677
-3.77675
-3.77739
-3.77795
-3.77741
-3.77745
-3.77661
-3.77602
-3.77592
-3.77611
-3.7756
-3.77547
-3.77499
-3.77503
-3.7763
-3.77679
-3.77687
-3.77781
-3.77816
-3.77889
-3.77871
-3.77869
-3.77812
-3.77639
-3.77503
-3.77526
-3.77474
-3.77494
-3.77502
-3.77668
-3.77651
-3.77792
-3.7782
-3.77887
-3.77927
-3.77905
-3.7785
-3.77932
-3.77867
-3.77763
-3.77746
-3.77715
-3.77653
-3.7762
-3.77589
-3.77704
-3.77858
-3.77958
-3.78128
-3.78311
-3.78265
-3.78253
-3.78203
-3.78165
-3.7814
-3.78023
-3.78009
-3.7792
-3.77871
-3.77784
-3.77652
-3.77678
-3.7764
-3.77682
-3.77658
-3.77703
-3.77894
-3.78042
-3.78156
-3.7823
-3.78197
-3.78176
-3.7816
-3.78236
-3.7815
-3.77953
-3.77857
-3.77909
-3.77964
-3.78032
-3.78051
-3.78208
-3.78299
-3.78313
-3.78236
-3.78235
-3.78356
-3.78306
-3.78348
-3.78413
-3.78328
-3.78162
-3.78152
-3.78183
-3.78274
-3.78243
-3.78193
-3.7821
-3.783
-3.7829
-3.78301
-3.78366
-3.78291
-3.78212
-3.78273
-3.78272
-3.78256
-3.78233
-3.78261
-3.78231
-3.7823
-3.78202
-3.78285
-3.78371
-3.78411
-3.78577
-3.78518
-3.78468
-3.78506
-3.78453
-3.78449
-3.7838
-3.78244
-3.78206
-3.78215
-3.78164
-3.7809
-3.78136
-3.78091
-3.78037
-3.77986
-3.77922
-3.77969
-3.77916
-3.77926
-3.77897
-3.77912
-3.77914
-3.77856
-3.7782
-3.77739
-3.77853
-3.78014
-3.78081
-3.782
-3.78274
-3.7843
-3.78369
-3.78348
-3.7827
-3.78158
-3.78111
-3.78049
-3.7782
-3.77911
-3.78025
-3.78128
-3.78128
-3.78161
-3.78206
-3.78221
-3.78211
-3.78122
-3.78137
-3.78127
-3.78175
-3.78139
-3.78017
-3.77869
-3.7788
-3.77714
-3.77689
-3.77722
-3.7766
-3.7762
-3.77604
-3.7765
-3.77736
-3.7778
-3.78041
-3.78128
-3.78371
-3.78524
-3.78631
-3.78593
-3.786
-3.78537
-3.7846
-3.78378
-3.78362
-3.78344
-3.78227
-3.78167
-3.78108
-3.78009
-3.78108
-3.78215
-3.7809
-3.78061
-3.77995
-3.77826
-3.77785
-3.77611
-3.77552
-3.77636
-3.77622
-3.77768
-3.77943
-3.78019
-3.78145
-3.78121
-3.78136
-3.78335
-3.78394
-3.7845
-3.78408
-3.78444
-3.78389
-3.78231
-3.78188
-3.78013
-3.77954
-3.77891
-3.77972
-3.77933
-3.78
-3.78037
-3.7799
-3.78042
-3.78029
-3.78094
-3.78226
-3.78157
-3.78099
-3.7797
-3.77937
-3.77864
-3.77802
-3.77867
-3.77941
-3.77972
-3.77989
-3.78031
-3.78024
-3.78063
-3.78155
-3.78271
-3.7827
-3.78223
-3.78231
-3.78153
-3.78082
-3.77915
-3.7775
-3.77788
-3.7787
-3.77956
-3.77938
-3.78059
-3.78131
