1.65
1.63138
1.61931
1.6161
1.62069
1.63047
1.64251
1.6549
1.66663
1.67666
1.68339
1.68549
1.68336
1.67925
1.6762
1.67607
1.67845
1.68104
1.68107
1.67675
1.66785
1.65566
1.6422
1.62948
1.61894
1.61136
1.60726
1.60718
1.61139
1.61936
1.62943
1.63878
1.64379
1.64073
1.62731
1.60525
1.58265
1.57177
1.58021
1.60431
1.63378
1.65996
1.67868
1.68891
1.69122
1.68693
1.67768
1.66515
1.65064
1.63525
1.62043
1.6086
1.60279
1.60485
1.6137
1.62528
1.63476
1.63899
1.63759
1.63265
1.62739
1.6248
1.62643
1.63198
1.63977
1.64773
1.65424
1.65869
1.66144
1.66361
1.66671
1.67241
1.68246
1.69834
1.72002
1.74491
1.76787
1.78316
1.78701
1.77892
1.76106
1.73681
1.7092
1.68028
1.65136
1.62386
1.59993
1.58218
1.57294
1.57322
1.58193
1.59601
1.61131
1.62376
1.63013
1.6284
1.61786
1.59919
1.57457
1.54769
1.52343
1.50684
1.50165
1.50874
1.52594
1.54934
1.57508
1.60065
1.62491
1.64724
1.66666
1.68142
1.68968
1.69035
1.68387
1.6722
1.6584
1.64561
1.63613
1.63074
1.62874
1.6287
1.62943
1.63059
1.63253
1.63575
1.64016
1.64506
1.64942
1.65236
1.65346
1.65293
1.65171
1.65129
1.65346
1.65976
1.67073
1.68532
1.70105
1.715
1.72513
1.73108
1.73398
1.73551
1.73723
1.74007
1.744
1.7481
1.75087
1.75102
1.74805
1.74231
1.73483
1.72719
1.72118
1.71792
1.7169
1.71588
1.71176
1.70236
1.68769
1.66998
1.65242
1.63736
1.62523
1.61465
1.60359
1.59092
1.57729
1.56516
1.55798
1.55874
1.56875
1.58718
1.61134
1.63769
1.66265
1.68325
1.69751
1.70435
1.70331
1.69456
1.6793
1.66061
1.64373
1.63442
1.63521
1.64326
1.65262
1.65817
1.65764
1.65161
1.64264
1.63414
1.62886
1.6278
1.62991
1.63308
1.63569
1.63748
1.63946
1.64226
1.64442
1.64257
1.63346
1.61601
1.59178
1.56452
1.53906
1.52032
1.51209
1.51601
1.53102
1.55356
1.57866
1.60147
1.61858
1.6287
1.63235
1.63111
1.62651
1.6194
1.61012
1.59904
1.58718
1.57625
1.56848
1.56611
1.57091
1.58376
1.60433
1.63114
1.66169
1.69308
1.72291
1.7498
1.77334
1.7937
1.81086
1.82421
1.83242
1.83392
1.82735
1.81199
1.78794
1.75608
1.71819
1.67705
1.63635
1.60009
1.57156
1.55215
1.54096
1.53545
1.53274
1.5306
1.5278
1.52398
1.51956
1.51578
1.51445
1.51722
1.52495
1.53751
1.55414
1.57404
1.59659
1.62117
1.64691
1.67234
1.69532
1.71347
1.72459
1.72725
1.72103
1.70651
1.68539
1.66039
1.63508
1.61313
1.59784
1.59164
1.59568
1.60907
1.62853
1.64925
1.66664
1.67764
1.68075
1.67553
1.66197
1.64023
1.61101
1.57615
1.53924
1.5052
1.47899
1.46406
1.4614
1.46982
1.48687
1.50973
1.53597
1.56379
1.59191
1.61907
1.64365
1.66356
1.67664
1.68142
1.67782
1.66739
1.65288
1.63749
1.62408
1.61458
1.60947
1.60799
1.60889
1.61112
1.61397
1.61682
1.61889
1.61935
1.6178
1.61466
1.61133
1.60975
1.61147
1.61683
1.62491
1.63474
1.64635
1.66093
1.67955
1.7016
1.72434
1.74392
1.75676
1.76044
1.75379
1.73667
1.71016
1.67693
1.6413
1.60856
1.58356
1.56915
1.56561
1.5713
1.58403
1.60225
1.62482
1.64986
1.67409
1.6936
1.70505
1.70628
1.69659
1.67678
1.64928
1.61792
1.58709
1.56062
1.54097
1.52906
1.52476
1.52755
1.53675
1.55159
1.57098
1.59351
1.61736
1.6403
1.66016
1.6752
1.6845
1.68808
1.68688
1.6827
1.678
1.67516
1.67554
1.67879
1.68319
1.68672
1.68808
1.68719
1.685
1.68291
1.68201
1.68251
1.68398
1.68569
1.68665
1.68517
1.6794
1.66877
1.65477
1.64017
1.62763
1.61857
1.61297
1.60976
1.60762
1.60569
1.6039
1.6031
1.60457
1.60968
1.61934
1.63353
1.65111
1.66989
1.68733
1.70151
1.71207
1.72042
1.72872
1.73805
1.74751
1.75509
1.75993
1.76369
1.77001
1.78154
1.79707
1.81177
1.82018
1.81891
1.80716
1.78587
1.75675
1.72208
1.68491
1.64973
1.62257
1.60902
1.6105
1.62263
1.63814
1.65114
1.65885
1.66092
1.65826
1.65225
1.64435
1.63581
1.6274
1.61926
1.61086
1.60135
1.59014
1.57761
1.56558
1.55673
1.55319
1.55554
1.56299
1.57455
1.58987
1.60893
1.63124
1.65542
1.67896
1.69857
1.7109
1.71346
1.70576
1.6902
1.67225
1.65923
1.65722
1.6678
1.68739
1.70949
1.72789
1.73849
1.73968
1.73202
1.71769
1.70029
1.68441
1.67424
1.6715
1.6745
1.67966
1.68342
1.68336
1.67823
1.66782
1.65272
1.63397
1.61289
1.5912
1.57137
1.55664
1.55013
1.55355
1.56617
1.58502
1.60611
1.62607
1.6432
1.65774
1.67122
1.68566
1.70285
1.72349
1.74668
1.76993
1.79011
1.80446
1.81129
1.80975
1.79955
1.78108
1.75665
1.73237
1.71866
1.72529
1.75308
1.7923
1.83011
1.85757
1.87092
1.86965
1.85445
1.826
1.78502
1.73357
1.67701
1.62407
1.58223
1.553
1.53403
1.52405
1.52311
1.53031
1.54371
1.56198
1.58503
1.61307
1.64516
1.67871
1.70997
1.73515
1.75127
1.75672
1.75146
1.737
1.71621
1.6926
1.66916
1.64759
1.6281
1.61014
1.59367
1.57985
1.57039
1.56586
1.56462
1.56322
1.55787
1.54604
1.52757
1.50514
1.48358
1.46833
1.46328
1.46959
1.48563
1.50828
1.53412
1.5605
1.58583
1.60943
1.63111
1.65074
1.66795
1.68203
1.69193
1.69632
1.69391
1.68408
1.66751
1.64664
1.62537
1.60792
1.59703
1.59263
1.59234
1.59321
1.59349
1.59359
1.59595
1.60365
1.61822
1.63807
1.65903
1.67634
1.68659
1.68858
1.68319
1.67259
1.65943
1.64637
1.63604
1.63015
1.62814
1.62743
1.62538
1.6211
1.61582
1.61235
1.61363
1.62084
1.63225
1.64379
1.65091
1.6508
1.64386
1.63368
1.62569
1.62486
1.63384
1.65217
1.67699
1.70476
1.7325
1.75818
1.78028
1.79719
1.80733
1.80926
1.8019
1.78482
1.75844
1.7244
1.68559
1.64581
1.60899
1.57831
1.55563
1.54144
1.53531
1.53668
1.54527
1.56061
1.58125
1.60431
1.62621
1.64394
1.65569
1.66097
1.66022
1.65454
1.64533
1.63415
1.62291
1.614
1.6099
1.61234
1.62178
1.63769
1.65873
1.68238
1.70492
1.72264
1.73387
1.74035
1.74651
1.75671
1.77209
1.7895
1.80339
1.80871
1.80266
1.78469
1.75582
1.71817
1.67501
1.63107
1.59261
1.56603
1.55509
1.55861
1.57119
1.58613
1.59817
1.60451
1.60468
1.5998
1.59179
1.58279
1.57486
1.56946
1.56719
1.56768
1.57023
1.57434
1.58013
1.58801
1.59802
1.60935
1.62053
1.63021
1.63809
1.6453
1.6538
1.66497
1.67873
1.6936
1.70765
1.71905
1.72636
1.7284
1.72446
1.71469
1.70014
1.68254
1.66391
1.64667
1.63382
1.62896
1.63533
1.65388
1.68162
1.71225
1.73871
1.75572
1.76102
1.75548
1.74256
1.72694
1.71259
1.70143
1.69391
1.69031
1.6915
1.69824
1.71035
1.72634
1.74402
1.76102
1.77518
1.78458
1.78771
1.78366
1.77231
1.7545
1.73192
1.70679
1.68156
1.65857
1.63983
1.62686
1.62054
1.62093
1.62718
1.63745
1.64913
1.65918
1.66477
1.66407
1.65682
1.64452
1.62982
1.61568
1.60449
1.59756
1.59516
1.59675
1.60149
1.60876
1.6177
1.62689
1.63453
1.63899
1.63908
1.63381
1.62242
1.60474
1.58148
1.55469
1.52818
1.50717
1.49661
1.49899
1.51361
1.53775
1.56811
1.60171
1.63604
1.66904
1.69898
1.7242
1.74296
1.75351
1.75481
1.7469
1.73093
1.70878
1.68285
1.65615
1.63241
1.61565
1.60921
1.61464
1.63116
1.65588
1.68443
1.71198
1.73395
1.74682
1.74853
1.73889
1.71966
1.69421
1.66706
1.64291
1.62543
1.6162
1.61433
1.61717
1.62145
1.62477
1.62641
1.62701
1.62729
1.62702
1.62502
1.62026
1.61262
1.6029
1.59242
1.58262
1.57482
1.56998
1.56831
1.56919
1.57165
1.57486
1.57833
1.58171
1.58427
1.58465
1.58121
1.57271
1.55903
1.54131
1.52183
1.50369
1.49045
1.48563
1.49173
1.50913
1.53588
1.56869
1.60404
1.63876
1.66994
1.6952
1.71316
1.72382
1.7284
1.72858
1.72559
1.71978
1.71092
1.69923
1.68593
1.67288
1.66135
1.6512
1.64118
1.63019
1.61771
1.6038
1.5886
1.57244
1.55628
1.5423
1.53361
1.53332
1.54324
1.56307
1.59016
1.62003
1.64751
1.66784
1.6778
1.67654
1.66574
1.64915
1.63155
1.61735
1.60956
1.60932
1.61615
1.6285
1.64462
1.66324
1.6837
1.70573
1.72886
1.75178
1.77243
1.78835
1.7969
1.79562
1.78273
1.75783
1.7225
1.6802
1.63497
1.58995
1.54708
1.50837
1.47671
1.45566
1.44828
1.45602
1.47845
1.51343
1.55738
1.60601
1.655
1.7008
1.74088
1.77375
1.79886
1.81641
1.82724
1.83281
1.8349
1.83541
1.83572
1.8361
1.83503
1.82939
1.8158
1.79226
1.75922
1.71948
1.67771
1.63924
1.60887
1.58943
1.58125
1.5826
1.59065
1.6028
1.61732
1.63341
1.65073
1.66881
1.6867
1.703
1.7162
1.7253
1.73023
1.73174
1.7309
1.72867
1.72553
1.72156
1.71673
1.71129
1.70605
1.70198
1.69981
1.69931
1.6991
1.69715
1.69183
1.68276
1.67123
1.65962
1.65039
1.64513
1.64441
1.6483
1.6573
1.67257
1.69487
1.72326
1.75475
1.78532
1.81127
1.83002
1.84001
1.84029
1.83018
1.80939
1.77885
1.74239
1.70777
1.68418
1.67623
1.68078
