-5.4278
-5.40903
-5.39692
-5.39442
-5.39952
-5.4092
-5.42195
-5.4334
-5.44457
-5.45419
-5.46095
-5.46182
-5.45996
-5.45719
-5.45393
-5.45456
-5.45708
-5.46059
-5.45994
-5.45439
-5.44524
-5.43328
-5.42071
-5.4083
-5.39819
-5.39184
-5.38812
-5.38846
-5.39324
-5.40182
-5.41302
-5.42257
-5.42648
-5.42184
-5.40738
-5.38464
-5.36159
-5.35125
-5.36206
-5.38735
-5.41635
-5.44145
-5.45918
-5.46888
-5.46895
-5.46514
-5.45565
-5.44181
-5.42686
-5.41159
-5.39725
-5.38513
-5.37915
-5.38109
-5.39043
-5.40186
-5.41167
-5.41486
-5.41268
-5.40679
-5.40273
-5.40008
-5.40169
-5.40724
-5.41485
-5.42226
-5.42889
-5.43329
-5.43698
-5.43932
-5.44169
-5.44774
-5.45803
-5.47391
-5.49684
-5.52195
-5.54394
-5.55835
-5.56189
-5.55299
-5.53388
-5.50932
-5.4815
-5.45283
-5.42428
-5.39733
-5.37359
-5.35584
-5.34724
-5.348
-5.35726
-5.37166
-5.38715
-5.39942
-5.40566
-5.40336
-5.39225
-5.37332
-5.34737
-5.32097
-5.29756
-5.28122
-5.27833
-5.28748
-5.30655
-5.32914
-5.35555
-5.38118
-5.40542
-5.42722
-5.44611
-5.46015
-5.46752
-5.46804
-5.46047
-5.44965
-5.43627
-5.42463
-5.41585
-5.41025
-5.40807
-5.40678
-5.40877
-5.40967
-5.41173
-5.41568
-5.42079
-5.42508
-5.42873
-5.4318
-5.43301
-5.43251
-5.43054
-5.4306
-5.43418
-5.44246
-5.45357
-5.46765
-5.48348
-5.4965
-5.5065
-5.51179
-5.51476
-5.5164
-5.51685
-5.52072
-5.52442
-5.52922
-5.53283
-5.53282
-5.53106
-5.52509
-5.51721
-5.5092
-5.50299
-5.49985
-5.4976
-5.49566
-5.49108
-5.48005
-5.46465
-5.44605
-5.4285
-5.4136
-5.40187
-5.39118
-5.38089
-5.36685
-5.35339
-5.34189
-5.33614
-5.3381
-5.34858
-5.36787
-5.39121
-5.41728
-5.44222
-5.46272
-5.47552
-5.48218
-5.4796
-5.46936
-5.45404
-5.43435
-5.4192
-5.40996
-5.41199
-5.42106
-5.43023
-5.43568
-5.43438
-5.42852
-5.41975
-5.4101
-5.40645
-5.40563
-5.40839
-5.41247
-5.41605
-5.4184
-5.41985
-5.4239
-5.42463
-5.42278
-5.41314
-5.39414
-5.36881
-5.3421
-5.31695
-5.29987
-5.29146
-5.29644
-5.31073
-5.33347
-5.3593
-5.38181
-5.39855
-5.40706
-5.40969
-5.40806
-5.40363
-5.39645
-5.38772
-5.37756
-5.36661
-5.35528
-5.34842
-5.34624
-5.35197
-5.36472
-5.3857
-5.41377
-5.44347
-5.47556
-5.50484
-5.53109
-5.55415
-5.57465
-5.59072
-5.60317
-5.61138
-5.61153
-5.60394
-5.58846
-5.56387
-5.53147
-5.49447
-5.4544
-5.41381
-5.37775
-5.35086
-5.33235
-5.32171
-5.31645
-5.31419
-5.31232
-5.30898
-5.30355
-5.29972
-5.29611
-5.29572
-5.29881
-5.30735
-5.319
-5.33659
-5.35769
-5.38077
-5.40582
-5.43176
-5.4572
-5.47966
-5.49614
-5.5063
-5.50793
-5.50129
-5.48616
-5.46406
-5.43977
-5.41433
-5.3932
-5.37948
-5.37474
-5.37949
-5.39368
-5.41379
-5.43391
-5.45124
-5.46194
-5.46271
-5.45651
-5.44197
-5.41989
-5.38984
-5.35459
-5.31757
-5.28304
-5.25679
-5.24308
-5.24146
-5.25148
-5.27029
-5.29313
-5.31915
-5.34691
-5.37499
-5.40167
-5.42573
-5.44566
-5.45751
-5.46113
-5.45689
-5.44606
-5.43057
-5.41526
-5.40217
-5.39297
-5.38902
-5.38754
-5.38861
-5.38926
-5.39154
-5.3945
-5.39554
-5.39626
-5.39528
-5.39219
-5.3894
-5.38915
-5.39094
-5.39708
-5.40567
-5.4149
-5.42659
-5.44154
-5.46012
-5.48269
-5.5059
-5.52647
-5.53969
-5.54328
-5.53557
-5.51774
-5.49056
-5.45793
-5.42279
-5.39078
-5.36645
-5.35179
-5.34807
-5.35531
-5.36819
-5.38569
-5.40907
-5.43496
-5.45858
-5.47713
-5.48672
-5.48642
-5.47429
-5.45327
-5.42474
-5.39172
-5.36147
-5.33575
-5.31565
-5.30406
-5.30019
-5.3029
-5.31241
-5.3273
-5.34784
-5.36968
-5.39339
-5.41673
-5.43587
-5.45081
-5.45877
-5.46166
-5.46082
-5.45708
-5.45277
-5.45021
-5.45213
-5.45528
-5.45938
-5.46288
-5.46506
-5.46339
-5.46129
-5.46019
-5.46003
-5.46112
-5.46355
-5.46464
-5.46528
-5.46376
-5.45749
-5.44688
-5.43359
-5.41879
-5.4061
-5.39741
-5.39241
-5.38936
-5.38743
-5.38519
-5.38315
-5.38206
-5.38384
-5.38907
-5.39935
-5.41487
-5.43328
-5.45174
-5.46907
-5.48227
-5.49283
-5.50168
-5.51006
-5.51888
-5.52808
-5.5357
-5.54122
-5.54476
-5.55182
-5.56463
-5.5808
-5.59434
-5.60113
-5.59957
-5.58681
-5.56404
-5.53305
-5.49736
-5.46047
-5.42625
-5.40023
-5.38837
-5.39135
-5.40355
-5.41978
-5.43309
-5.44007
-5.44116
-5.4387
-5.43319
-5.42563
-5.41662
-5.4087
-5.40011
-5.3912
-5.38047
-5.36908
-5.35695
-5.34542
-5.33597
-5.33287
-5.33669
-5.34428
-5.35668
-5.37419
-5.39315
-5.41588
-5.44119
-5.46449
-5.48367
-5.4936
-5.49466
-5.48541
-5.46932
-5.45152
-5.43998
-5.43955
-5.44976
-5.47036
-5.49205
-5.50936
-5.51966
-5.52021
-5.51131
-5.49709
-5.47856
-5.46294
-5.45289
-5.45024
-5.45394
-5.4588
-5.46182
-5.46189
-5.45668
-5.44622
-5.4304
-5.41211
-5.39132
-5.36864
-5.34932
-5.33588
-5.33108
-5.33444
-5.3486
-5.36967
-5.39048
-5.41125
-5.429
-5.44259
-5.45652
-5.47071
-5.48794
-5.50815
-5.53103
-5.55276
-5.57246
-5.58673
-5.5935
-5.59125
-5.58049
-5.56173
-5.5371
-5.51336
-5.50132
-5.51008
-5.54004
-5.57847
-5.61646
-5.642
-5.65373
-5.65103
-5.63417
-5.60398
-5.56242
-5.5115
-5.45548
-5.40354
-5.36286
-5.33538
-5.31763
-5.30764
-5.30743
-5.31564
-5.32836
-5.34724
-5.37094
-5.39915
-5.43032
-5.46262
-5.49328
-5.51737
-5.53338
-5.53774
-5.53282
-5.51667
-5.49468
-5.47187
-5.44842
-5.42752
-5.40761
-5.38948
-5.3729
-5.35839
-5.34973
-5.34473
-5.3435
-5.34278
-5.33656
-5.32494
-5.30575
-5.2827
-5.26199
-5.24868
-5.24568
-5.25292
-5.26963
-5.29334
-5.31874
-5.34507
-5.37009
-5.39366
-5.41574
-5.43531
-5.45269
-5.46611
-5.47507
-5.47868
-5.47568
-5.46452
-5.4486
-5.42839
-5.40702
-5.3903
-5.37996
-5.37655
-5.3759
-5.37737
-5.37712
-5.37746
-5.38082
-5.38888
-5.40319
-5.42398
-5.44373
-5.4594
-5.46899
-5.47092
-5.46475
-5.45498
-5.44261
-5.43016
-5.41933
-5.41268
-5.40973
-5.40839
-5.40536
-5.40105
-5.39504
-5.39193
-5.39394
-5.40125
-5.41137
-5.42206
-5.42839
-5.42828
-5.4211
-5.41013
-5.40341
-5.40379
-5.41257
-5.4311
-5.45592
-5.48441
-5.51187
-5.53591
-5.55771
-5.57462
-5.58415
-5.58579
-5.57778
-5.56048
-5.53385
-5.49872
-5.45963
-5.41998
-5.38425
-5.3537
-5.33217
-5.31897
-5.31407
-5.31587
-5.32546
-5.34157
-5.36306
-5.38571
-5.40807
-5.42496
-5.43577
-5.44101
-5.44061
-5.43346
-5.42307
-5.41089
-5.39992
-5.39153
-5.38742
-5.38905
-5.39842
-5.41446
-5.43832
-5.46295
-5.48621
-5.50301
-5.51469
-5.52166
-5.52866
-5.53849
-5.55459
-5.57115
-5.58499
-5.58957
-5.58216
-5.56137
-5.53106
-5.49208
-5.4486
-5.40551
-5.36766
-5.3436
-5.33531
-5.33942
-5.35208
-5.36709
-5.37849
-5.38465
-5.38485
-5.38017
-5.3715
-5.36344
-5.35524
-5.3497
-5.34803
-5.34831
-5.34982
-5.35423
-5.36037
-5.36832
-5.37761
-5.3893
-5.39978
-5.40836
-5.41594
-5.42349
-5.43191
-5.44383
-5.45854
-5.47281
-5.48683
-5.49773
-5.50411
-5.50482
-5.49996
-5.48875
-5.47426
-5.45525
-5.43589
-5.41894
-5.40627
-5.40285
-5.41061
-5.43013
-5.45848
-5.48991
-5.51668
-5.53242
-5.53608
-5.5284
-5.51485
-5.49966
-5.48602
-5.47538
-5.46822
-5.46521
-5.46677
-5.47484
-5.48712
-5.50308
-5.52141
-5.53898
-5.55258
-5.56202
-5.56432
-5.55968
-5.54824
-5.53061
-5.50752
-5.48226
-5.45655
-5.4336
-5.41613
-5.40365
-5.3974
-5.39874
-5.40534
-5.41634
-5.42785
-5.43787
-5.44289
-5.44046
-5.43185
-5.41978
-5.40456
-5.39062
-5.3795
-5.37424
-5.37167
-5.37467
-5.37969
-5.38763
-5.39697
-5.40594
-5.41303
-5.4183
-5.41775
-5.41145
-5.39988
-5.38189
-5.358
-5.33089
-5.30408
-5.28421
-5.27519
-5.27856
-5.29489
-5.32085
-5.35076
-5.38424
-5.41807
-5.45068
-5.48038
-5.50444
-5.52305
-5.53271
-5.53352
-5.52474
-5.50745
-5.48556
-5.45925
-5.43297
-5.40899
-5.39268
-5.38815
-5.39506
-5.41272
-5.43818
-5.46641
-5.49375
-5.51554
-5.52918
-5.53003
-5.51842
-5.49824
-5.4733
-5.4467
-5.42323
-5.40594
-5.39827
-5.39732
-5.4003
-5.40381
-5.40712
-5.40997
-5.41007
-5.41078
-5.41115
-5.4083
-5.40188
-5.39413
-5.38473
-5.37516
-5.36505
-5.35675
-5.35208
-5.35131
-5.3521
-5.35466
-5.35852
-5.36124
-5.36383
-5.367
-5.36737
-5.36377
-5.35504
-5.34164
-5.32362
-5.30412
-5.28571
-5.27331
-5.26934
-5.27583
-5.2949
-5.32106
-5.35337
-5.3891
-5.42328
-5.45442
-5.479
-5.4956
-5.50588
-5.51055
-5.51022
-5.5065
-5.50114
-5.49183
-5.4796
-5.46579
-5.45209
-5.44104
-5.43036
-5.42044
-5.40916
-5.39683
-5.38294
-5.36717
-5.35064
-5.33367
-5.32082
-5.31375
-5.31413
-5.32525
-5.34581
-5.37446
-5.40373
-5.43099
-5.45055
-5.45938
-5.45766
-5.44623
-5.42735
-5.41066
-5.3976
-5.39084
-5.3906
-5.39776
-5.41056
-5.42683
-5.44535
-5.46492
-5.4871
-5.51013
-5.53353
-5.55383
-5.56852
-5.57559
-5.57442
-5.55986
-5.53472
-5.49972
-5.4568
-5.41117
-5.36598
-5.32358
-5.28573
-5.25451
-5.23607
-5.22956
-5.23972
-5.26369
-5.29974
-5.34331
-5.39201
-5.44037
-5.4854
-5.52466
-5.55737
-5.5823
-5.59868
-5.60891
-5.61389
-5.61499
-5.61648
-5.61787
-5.617
-5.61564
-5.60935
-5.59406
-5.57011
-5.53533
-5.495
-5.45407
-5.41546
-5.38654
-5.36886
-5.36144
-5.36405
-5.37186
-5.38416
-5.40067
-5.41735
-5.43522
-5.45289
-5.47114
-5.4869
-5.49851
-5.50718
-5.51036
-5.51128
-5.50982
-5.50838
-5.50487
-5.50157
-5.4971
-5.49119
-5.48647
-5.48227
-5.48075
-5.48157
-5.48067
-5.47814
-5.47153
-5.46214
-5.44987
-5.43764
-5.42906
-5.42454
-5.42413
-5.42819
-5.43761
-5.45281
-5.47549
-5.50481
-5.53746
-5.56802
-5.5935
-5.61234
-5.62154
-5.62111
-5.60933
-5.58689
-5.55673
-5.52109
-5.48733
-5.46356
-5.45682
-5.46208
