2.08353
2.02702
1.93158
1.79899
1.63331
1.44224
1.23803
1.03745
0.859708
0.722205
0.635664
0.601234
0.611041
0.651662
0.708339
0.768158
0.821799
0.86393
0.892611
0.908392
0.912955
0.908386
0.896878
0.880703
0.862586
0.845673
0.833213
0.827873
0.831118
0.843107
0.863186
0.890428
0.92385
0.96212
1.00342
1.04523
1.08462
1.11865
1.14491
1.16207
1.17051
1.17221
1.17043
1.16884
1.17054
1.17706
1.18796
1.20089
1.21254
1.2197
1.22006
1.21277
1.19843
1.17915
1.15798
1.13791
1.12106
1.10812
1.0984
1.09036
1.08217
1.07241
1.06049
1.04713
1.034
1.02337
1.01707
1.01597
1.01983
1.02764
1.03792
1.04928
1.0605
1.07081
1.07995
1.0879
1.09496
1.10162
1.1084
1.11575
1.124
1.13318
1.14317
1.15352
1.16353
1.17219
1.17832
1.18073
1.17837
1.17048
1.15668
1.13692
1.11162
1.08175
1.04888
1.01505
0.982314
0.952341
0.926338
0.905311
0.890508
0.883475
0.885609
0.897629
0.919169
0.948726
0.983588
1.02028
1.05502
1.08448
1.10662
1.12098
1.12857
1.13124
1.13093
1.12915
1.1266
1.12361
1.12077
1.1192
1.12036
1.12565
1.13551
1.14914
1.16471
1.17996
1.19284
1.20208
1.20741
1.20929
1.20855
1.20587
1.20127
1.19426
1.184
1.16989
1.15208
1.13146
1.10947
1.08767
1.06724
1.04863
1.03156
1.01533
0.999544
0.984871
0.973025
0.966363
0.966968
0.97583
0.992331
1.01463
1.04027
1.06689
1.09268
1.11639
1.13714
1.15433
1.16745
1.17589
1.17904
1.17611
1.16634
1.14945
1.12609
1.09825
1.06935
1.04375
1.02576
1.01842
1.02239
1.03591
1.05551
1.07709
1.09683
1.11176
1.11987
1.12007
1.11228
1.09749
1.07773
1.05586
1.03527
1.01967
1.0125
1.01556
1.02744
1.04317
1.05617
1.06126
1.05665
1.04421
1.02833
1.01423
1.00626
1.00671
1.01551
1.03105
1.05101
1.07304
1.09528
1.11646
1.13606
1.1541
1.17073
1.18613
1.19996
1.21141
1.21931
1.22215
1.21878
1.20875
1.19272
1.17244
1.15024
1.12838
1.10864
1.0922
1.07977
1.07168
1.06762
1.06679
1.06834
1.07155
1.07585
1.08056
1.0847
1.08699
1.08613
1.08118
1.07182
1.05864
1.04343
1.02905
1.01886
1.01568
1.0206
1.03256
1.04894
1.06653
1.08249
1.09474
1.10213
1.10457
1.10279
1.09784
1.0908
1.08228
1.07239
1.06115
1.04892
1.03673
1.02605
1.01845
1.01491
1.01544
1.01904
1.02414
1.02928
1.03361
1.03703
1.04021
1.0442
1.04982
1.05745
1.06694
1.07784
1.08941
1.10061
1.11019
1.11688
1.11976
1.11843
1.11321
1.10501
1.09508
1.08492
1.07605
1.06978
1.06695
1.06787
1.07236
1.07996
1.08996
1.10142
1.11313
1.12358
1.13108
1.13405
1.13139
1.12291
1.10948
1.09301
1.07614
1.06165
1.05206
1.04886
1.0521
1.06062
1.07244
1.08543
1.09811
1.10957
1.11906
1.12539
1.12685
1.12161
1.10848
1.08753
1.06035
1.0299
0.99973
0.973216
0.952917
0.940359
0.936057
0.93964
0.94979
0.964282
0.980514
0.996171
1.01015
1.02287
1.03583
1.05076
1.06878
1.08983
1.11262
1.1352
1.1555
1.17185
1.18337
1.18978
1.19146
1.18901
1.18312
1.17443
1.16331
1.15004
1.13514
1.11943
1.10419
1.09079
1.08063
1.07483
1.07408
1.07865
1.08834
1.10239
1.1197
1.13868
1.15756
1.17442
1.18733
1.19464
1.19515
1.18834
1.17439
1.15424
1.12954
1.10249
1.07547
1.05067
1.02964
1.01331
1.00207
0.995977
0.994936
0.998592
1.00627
1.01706
1.02981
1.04351
1.05728
1.07045
1.08234
1.09206
1.09866
1.10128
1.09942
1.09329
1.08386
1.07265
1.06127
1.05116
1.04352
1.03962
1.04071
1.0478
1.06112
1.07985
1.10209
1.12529
1.14705
1.16563
1.18014
1.19062
1.19758
1.20157
1.20283
1.20111
1.19553
1.18516
1.16936
1.14813
1.12221
1.09301
1.06213
1.03107
1.00103
0.972762
0.946933
0.924476
0.907132
0.897619
0.898942
0.91302
0.939352
0.975107
1.01611
1.05809
1.09727
1.13055
1.15571
1.17153
1.17756
1.17438
1.16366
1.14808
1.131
1.11591
1.10567
1.10201
1.10529
1.11431
1.12667
1.13905
1.14786
1.15021
1.14469
1.13198
1.1146
1.09619
1.08021
1.06855
1.06065
1.05431
1.04735
1.03915
1.03134
1.02701
1.02919
1.03939
1.0566
1.07789
1.09961
1.11867
1.13326
1.14271
1.147
1.14614
1.13997
1.12851
1.11229
1.09266
1.07171
1.05192
1.03559
1.02466
1.0203
1.02307
1.03258
1.04777
1.06685
1.08752
1.10713
1.12305
1.133
1.13536
1.12966
1.11658
1.09782
1.07588
1.05349
1.03306
1.01615
1.0034
0.995047
0.992039
0.996505
1.01104
1.03654
1.07053
1.10769
1.14205
1.16946
1.18841
1.19948
1.20407
1.20333
1.19785
1.18767
1.17301
1.15491
1.13522
1.11626
1.10001
1.08745
1.07848
1.07236
1.06819
1.06541
1.06371
1.06304
1.06338
1.06468
1.06684
1.06967
1.0728
1.07587
1.07856
1.08073
1.08232
1.08338
1.08373
1.08297
1.08059
1.07638
1.0707
1.06441
1.0585
1.05379
1.05086
1.05013
1.05199
1.05669
1.06421
1.07443
1.08702
1.10153
1.11711
1.13236
1.14532
1.15405
1.15717
1.15426
1.14608
1.13429
1.12104
1.10828
1.09743
1.08928
1.08402
1.08128
1.08041
1.08074
1.08183
1.08362
1.08585
1.0881
1.08979
1.09049
1.09022
1.08949
1.08892
1.08889
1.08947
1.09064
1.09243
1.09481
1.09735
1.09913
1.09929
1.09756
1.09459
1.09171
1.09013
1.09012
1.09087
1.09105
1.08987
1.08759
1.08556
1.08546
1.08853
1.09479
1.10263
1.10915
1.11099
1.10533
1.09152
1.07223
1.05362
1.04235
1.04123
1.04777
1.05699
1.06491
1.06974
1.07119
1.06974
1.06611
1.06096
1.05501
1.04927
1.04505
1.04363
1.04587
1.05197
1.06142
1.07322
1.08628
1.0997
1.11283
1.12519
1.13626
1.14556
1.1526
1.15712
1.15889
1.15785
1.15384
1.14687
1.13712
1.12499
1.11101
1.09595
1.08096
1.06777
1.05846
1.0547
1.0567
1.06286
1.07026
1.07584
1.0775
1.07433
1.06675
1.05631
1.0452
1.03579
1.02998
1.02893
1.03284
1.04124
1.0531
1.06684
1.08015
1.09034
1.09503
1.09303
1.08476
1.07205
1.05771
1.04472
1.03559
1.03176
1.03342
1.03943
1.04759
1.05551
1.0614
1.0646
1.0656
1.06546
1.06537
1.06652
1.07006
1.07728
1.08943
1.10719
1.13013
1.15653
1.18373
1.20866
1.22854
1.24135
1.24575
1.24136
1.22842
1.20777
1.18095
1.14999
1.11692
1.0836
1.05171
1.02349
1.00207
0.990979
0.992575
1.00642
1.02933
1.05672
1.08439
1.10905
1.1281
1.13945
1.14166
1.13429
1.1184
1.0968
1.07384
1.05447
1.04286
1.04113
1.04878
1.06297
1.07965
1.09443
1.1033
1.10322
1.09286
1.07295
1.04627
1.01746
0.991963
0.974712
0.969033
0.976173
0.995445
1.02487
1.06156
1.10183
1.14137
1.17569
1.2008
1.21378
1.21314
1.19911
1.17376
1.14085
1.10546
1.07322
1.04919
1.03683
1.03732
1.04942
1.0702
1.09611
1.12376
1.15022
1.17289
1.18954
1.1984
1.1985
1.18972
1.17292
1.14968
1.12228
1.09339
1.06589
1.04239
1.02463
1.01335
1.00846
1.00936
1.01534
1.0258
1.0401
1.05755
1.07715
1.09728
1.11562
1.12942
1.13622
1.13445
1.12417
1.10719
1.08661
1.06616
1.04924
1.03803
1.03297
1.03295
1.03594
1.03992
1.04348
1.04627
1.04915
1.05408
1.06329
1.07802
1.09772
1.12019
1.14259
1.16261
1.17899
1.1911
1.19833
1.19981
1.19456
1.18185
1.16205
1.13685
1.10917
1.08242
1.05964
1.04267
1.03188
1.02654
1.02554
1.02777
1.03212
1.03762
1.04345
1.04909
1.05456
1.06016
1.06615
1.0722
1.07741
1.08062
1.08089
1.07783
1.07182
1.06386
1.05553
1.0489
1.04602
1.04833
1.0563
1.06952
1.08693
1.10689
1.12707
1.14466
1.15732
1.16402
1.16556
1.16412
1.16208
1.16092
1.16052
1.15945
1.15544
1.14632
1.1307
1.10858
1.08128
1.05094
1.02029
0.992243
0.969707
0.955243
0.950589
0.956378
0.972089
0.996182
1.02648
1.06051
1.09587
1.13024
1.16135
1.18684
1.2045
1.21261
1.21045
1.19845
1.17814
1.15217
1.12386
1.09682
1.07438
1.05893
1.05164
1.0524
1.06009
1.07269
1.08773
1.10258
1.11477
1.12228
1.1237
1.11845
1.10782
1.09564
1.08709
1.08502
1.08744
1.08931
1.08665
1.07832
1.06554
1.05062
1.03599
1.02396
1.0166
1.01552
1.02141
1.0338
1.05121
1.07173
1.09359
1.11552
1.13651
1.1554
1.17081
1.18119
1.18516
1.18184
1.17124
1.15434
1.13282
1.10887
1.08485
1.06277
1.04418
1.02989
1.02004
1.01438
1.01271
1.01531
1.02273
1.03507
1.05115
1.06857
1.08475
1.09769
1.10645
1.11091
1.11141
1.10855
1.10314
1.09603
1.08806
1.07984
1.07182
1.06432
1.05739
1.05093
1.04483
1.03952
1.03612
1.03594
1.03999
1.04847
1.06084
1.07611
1.09339
1.11225
1.13279
1.15519
1.17909
1.20325
1.22545
1.24289
1.25305
1.25421
1.24581
1.2287
1.2048
1.17686
1.14795
1.12055
1.09632
1.07571
1.05802
1.04182
1.02542
1.0078
0.989505
0.973065
0.962491
0.961437
0.970791
0.987948
1.00796
1.02573
1.03761
1.04196
1.03907
1.03061
1.01907
1.0072
0.997584
0.992503
0.993724
1.00229
1.01813
1.04
1.06577
1.09302
1.11975
1.14454
1.16621
1.1836
1.19524
1.19966
1.19586
1.18403
1.16581
1.14409
1.12239
1.10396
1.091
1.08436
1.08369
1.08792
1.09575
1.10589
2.10421
2.08109
2.03085
1.95746
1.86762
1.76988
1.6732
1.58586
1.51485
1.46538
1.43946
1.43488
1.44551
1.46349
1.48182
1.49613
1.5052
1.51077
1.51608
1.52358
1.53269
1.54032
1.54388
1.54467
1.54786
1.55886
1.5783
1.60039
1.61675
1.62258
1.61956
1.61391
1.61141
1.61444
1.622
1.63169
1.64139
1.65069
1.6618
1.67724
1.69556
1.71043
1.71506
1.70626
1.68524
1.65662
1.62716
1.60344
1.58965
1.58655
1.59213
1.60331
1.6171
1.63105
1.6431
1.65069
1.65122
1.64348
1.62963
1.61521
1.60645
1.60737
1.61838
1.63672
1.65731
1.67415
1.68212
1.67873
1.66522
1.64657
1.63025
1.62343
1.6301
1.64979
1.67841
1.71056
1.74184
1.76981
1.79368
1.81316
1.82728
1.83376
1.82912
1.80972
1.77314
1.72009
1.65485
1.58466
1.51772
1.46075
1.41733
1.38724
1.36701
1.35235
1.34115
1.33513
1.33833
1.35369
1.38044
1.4144
1.4502
1.48364
1.51285
1.5384
1.56245
1.58703
1.61237
1.63649
1.65629
1.669
1.67328
1.66933
1.65865
1.64368
1.6272
1.61196
1.60008
1.59264
1.58976
1.59116
1.59705
1.60871
1.62785
1.65488
1.68746
1.72105
1.75056
1.77123
1.77924
1.77277
1.75322
1.72533
1.69612
1.67301
1.66138
1.66282
1.67455
1.69033
1.70281
1.70661
1.70036
1.68682
1.67154
1.66103
1.66059
1.67222
1.69353
1.71846
1.73946
1.75019
1.74754
1.73195
1.70647
1.67525
1.6424
1.61172
1.58662
1.56946
1.55953
1.55288
1.54438
1.53084
1.51247
1.49194
1.47272
1.4585
1.45285
1.45844
1.4756
1.50145
1.53065
1.55696
1.57507
1.58148
1.57527
1.55837
1.53528
1.51212
1.49466
1.48697
1.49009
1.50231
1.5204
1.5416
1.56504
1.59188
1.62353
1.65986
1.69848
1.73494
1.76354
1.77816
1.77345
1.74674
1.69998
1.64126
1.58365
1.54125
1.52349
1.53148
1.55918
1.59787
1.64001
1.6802
1.71439
1.73896
1.75084
1.74842
1.73289
1.7085
1.68204
1.66141
1.65335
1.66134
1.68456
1.71865
1.75746
1.79472
1.8251
1.84457
1.85033
1.84067
1.81541
1.77632
1.72809
1.67792
1.63373
1.60155
1.58318
1.57563
1.57308
1.56998
1.56332
1.55311
1.54145
1.53057
1.52093
1.51127
1.5004
1.48837
1.47659
1.46702
1.46165
1.46215
1.46914
1.48131
1.49537
1.50777
1.51677
1.52331
1.53016
1.54041
1.55592
1.57645
1.59995
1.62363
1.64528
1.66418
1.68101
1.69721
1.71346
1.72909
1.74146
1.74646
1.73954
1.71739
1.67947
1.62934
1.57467
1.52551
1.49117
1.47719
1.48402
1.50776
1.54215
1.58046
1.61715
1.6485
1.67268
1.68943
1.69986
1.70581
1.70911
1.71098
1.71171
1.71091
1.70819
1.70362
1.69793
1.69212
1.68673
1.68141
1.67458
1.6639
1.64724
1.62348
1.59372
1.56139
1.53148
1.50863
1.49516
1.49043
1.49174
1.49579
1.49998
1.50319
1.50633
1.51201
1.52325
1.54219
1.56904
1.60175
1.63649
1.66859
1.69376
1.70904
1.71293
1.7049
1.68484
1.65346
1.61377
1.57325
1.5425
1.52925
1.53253
1.54513
1.56038
1.57507
1.58797
1.59918
1.61225
1.63452
1.67053
1.71513
1.75579
1.78092
1.78487
1.76779
1.73355
1.6876
1.6357
1.58347
1.53658
1.50084
1.48134
1.48105
1.4998
1.53432
1.57889
1.62648
1.66991
1.70309
1.72169
1.72339
1.70802
1.67786
1.63805
1.59662
1.56309
1.54541
1.54689
1.5655
1.59599
1.63262
1.67075
1.70748
1.74113
1.77018
1.7924
1.80516
1.80654
1.79594
1.77421
1.74318
1.70526
1.66364
1.62264
1.58728
1.562
1.54896
1.54776
1.55664
1.57379
1.59718
1.62325
1.64603
1.6595
1.66179
1.65614
1.64684
1.63423
1.61522
1.5879
1.55383
1.51782
1.48648
1.46622
1.46092
1.47027
1.49008
1.51457
1.53863
1.55917
1.57536
1.58812
1.59906
1.60921
1.61812
1.62392
1.62432
1.61782
1.60523
1.5902
1.57823
1.57404
1.57905
1.59088
1.60591
1.62222
1.6399
1.65866
1.67615
1.68831
1.69214
1.68823
1.68126
1.6778
1.68209
1.69323
1.70564
1.71242
1.70902
1.69505
1.67361
1.64947
1.62701
1.60901
1.59678
1.59108
1.59251
1.60181
1.61919
1.64383
1.67366
1.70552
1.73549
1.75936
1.77322
1.7744
1.76239
1.73953
1.711
1.68318
1.66161
1.64878
1.64374
1.64339
1.64405
1.6426
1.63668
1.62481
1.60678
1.58438
1.56103
1.54038
1.52454
1.51336
1.50507
1.49774
1.49017
1.48206
1.47362
1.46553
1.45969
1.46046
1.47409
1.50504
1.55153
1.60566
1.65847
1.7036
1.73803
1.76119
1.77331
1.77449
1.76463
1.74486
1.71871
1.69175
1.66972
1.65624
1.65179
1.65399
1.65917
1.66423
1.66763
1.66953
1.67109
1.67301
1.67455
1.67345
1.66668
1.65174
1.62777
1.59624
1.56102
1.52812
1.5046
1.49684
1.50853
1.5388
1.58186
1.62883
1.6706
1.70036
1.71487
1.71418
1.70081
1.67846
1.65104
1.62231
1.59585
1.57469
1.56081
1.55459
1.55458
1.55812
1.56254
1.56636
1.56966
1.57268
1.57426
1.57176
1.56263
1.54653
1.52669
1.50948
1.50133
1.50504
1.51853
1.53684
1.55513
1.57021
1.58076
1.58676
1.58914
1.58948
1.58937
1.59009
1.59283
1.59866
1.60813
1.6209
1.6359
1.65197
1.66824
1.68376
1.69722
1.70696
1.71164
1.71114
1.7066
1.69991
1.69324
1.6887
1.68824
1.69346
1.70484
1.72129
1.74007
1.75772
1.77166
1.78062
1.78376
1.78001
1.7683
1.74811
1.71935
1.68223
1.63768
1.58856
1.54009
1.49872
1.46983
1.45616
1.45739
1.47113
1.49387
1.52187
1.55186
1.58145
1.60876
1.63193
1.64895
1.65839
1.66069
1.65841
1.65499
1.65234
1.64947
1.64386
1.63395
1.62059
1.60616
1.59309
1.58259
1.57429
1.56708
1.56002
1.55306
1.54718
1.54413
1.5459
1.55376
1.56776
1.58641
1.60714
1.62738
1.64549
1.66088
1.67361
1.68392
1.69161
1.69614
1.69699
1.69411
1.68803
1.6797
1.67024
1.66085
1.65268
1.64662
1.64303
1.64164
1.64175
1.64257
1.64345
1.64415
1.64516
1.64688
1.64864
1.64791
1.6413
1.62663
1.60405
1.57586
1.54559
1.51761
1.49647
1.48511
1.48341
1.48871
1.49773
1.50757
1.51594
1.52142
1.52412
1.52577
1.5291
1.53659
1.54954
1.56792
1.59077
1.61669
1.64374
1.66863
1.68667
1.69279
1.68337
1.65801
1.62043
1.57791
1.53953
1.51387
1.50657
1.51888
1.54788
1.58846
1.6352
1.68311
1.72758
1.76429
1.78961
1.80103
1.79758
1.77969
1.74901
1.70836
1.66176
1.61423
1.57082
1.53568
1.51123
1.49755
1.49279
1.49426
1.49984
1.50913
1.52336
1.54436
1.5732
1.60979
1.65246
1.69734
1.73864
1.77038
1.78829
1.79074
1.77814
1.75249
1.71681
1.67503
1.63195
1.59257
1.56093
1.53924
1.52747
1.52415
1.52741
1.53545
1.54666
1.55917
1.5707
1.57908
1.58318
1.58329
1.58086
1.5778
1.5756
1.57519
1.57682
1.58038
1.58578
1.59342
1.6037
1.61599
1.62855
1.63943
1.64766
1.653
1.65519
1.65352
1.64731
1.63721
1.62555
1.61571
1.61133
1.61493
1.62749
1.64841
1.67616
1.70855
1.74277
1.77561
1.80363
1.82382
1.83446
1.8349
1.82514
1.80506
1.77387
1.73045
1.67426
1.60712
1.53453
1.46603
1.41333
1.38654
1.38957
1.41813
1.4613
1.50572
1.54017
1.55857
1.56091
1.55221
1.53995
1.53107
1.52936
1.53497
1.54569
1.55902
1.57369
1.58982
1.60846
1.6311
1.65872
1.69069
1.72402
1.75384
1.77529
1.78539
1.78387
1.77218
1.75202
1.72504
1.69351
1.66126
1.6335
1.61572
1.612
1.6238
1.64893
1.6819
1.71495
1.73989
1.7499
1.74112
1.71347
1.67055
1.61881
1.56667
1.52277
1.49486
1.48918
1.50936
1.55369
1.61383
1.67745
1.73286
1.77185
1.79024
1.78712
1.76441
1.72619
1.67803
1.62609
1.57628
1.53383
1.50343
1.48985
1.49777
1.52962
1.58199
1.64398
1.70046
1.73807
1.749
1.7316
1.68914
1.62896
1.56166
1.49986
1.45456
1.43075
1.4268
1.43822
1.46127
1.4934
1.53184
1.57254
1.61075
1.64256
1.66601
1.6811
1.68904
1.69121
1.68839
1.68078
1.66841
1.65182
1.63184
1.60923
1.58412
1.55647
1.52706
1.4985
1.47557
1.46416
1.46922
1.49301
1.53376
1.58564
1.63993
1.68749
1.72151
1.73917
1.74195
1.73417
1.72096
1.70626
1.69202
1.67864
1.66642
1.65573
1.64642
1.63709
1.62577
1.61138
1.59469
1.57741
1.56065
1.54423
1.52838
1.51533
1.50834
1.50928
1.51741
1.53013
1.54493
1.56
1.57389
1.5857
1.59622
1.6075
1.62076
1.63541
1.65027
1.66454
1.67782
1.69001
1.70141
1.71263
1.72455
1.73795
1.75327
1.76995
1.78538
1.79503
1.79487
1.78398
1.76457
1.73978
1.71242
1.68528
1.66166
1.64495
1.63629
1.63295
1.62919
1.61904
1.59942
1.57163
1.54087
1.51397
1.49669
1.49161
1.4979
1.51242
1.53095
1.54929
1.56395
1.57263
1.57461
1.57079
1.56343
1.5558
1.55124
1.55172
1.55721
1.56603
1.57642
1.58764
1.59988
1.61354
1.62788
1.64062
1.64858
1.64959
1.64352
1.63264
1.62105
1.61353
1.6135
1.62073
1.63104
1.63847
1.63795
1.62671
1.60459
1.57424
1.54053
1.50974
1.48873
1.48397
1.49918
1.5324
1.57644
1.62309
1.66679
1.70552
1.73986
1.77123
1.79974
1.82289
1.83639
1.8366
1.82339
1.80056
1.77327
1.7444
1.71341
1.67787
1.63611
1.58904
1.54111
1.49976
1.47254
1.46308
1.46989
2.09901
2.08685
2.06525
2.03754
2.00762
1.97904
1.95368
1.93147
1.91178
1.89455
1.88048
1.87093
1.86756
1.87163
1.8824
1.8967
1.91045
1.92041
1.92473
1.92292
1.91577
1.90542
1.89511
1.88844
1.88885
1.89882
1.91892
1.94651
1.97507
1.99615
2.00275
1.99188
1.96523
1.92781
1.8863
1.84783
1.81886
1.80303
1.79946
1.80489
1.81809
1.84156
1.87813
1.92726
1.98378
2.03935
2.08516
2.11484
2.12604
2.11986
2.09917
2.06752
2.02886
1.98765
1.94903
1.91818
1.89898
1.89254
1.89657
1.90598
1.91469
1.91786
1.9133
1.90195
1.88793
1.8775
1.87625
1.88526
1.89962
1.91117
1.91303
1.90314
1.88479
1.86528
1.85353
1.85753
1.882
1.92608
1.98281
2.04128
2.09011
2.12135
2.13286
2.12869
2.11682
2.10497
2.09625
2.08731
2.07082
2.04083
1.99731
1.94791
1.90501
1.87952
1.87446
1.88368
1.89622
1.90225
1.8963
1.87812
1.85224
1.82632
1.80786
1.80079
1.8036
1.81124
1.81876
1.82425
1.82911
1.83628
1.84828
1.86633
1.8904
1.91932
1.9501
1.9775
1.99555
2.00082
1.99447
1.98138
1.96794
1.96088
1.96707
1.99237
2.03845
2.09957
2.16323
2.21506
2.24434
2.24677
2.22486
2.18721
2.14645
2.11375
2.09255
2.07755
2.06034
2.03542
2.00288
1.96772
1.93732
1.91749
1.9095
1.90945
1.91084
1.90879
1.90219
1.89374
1.88844
1.89058
1.90041
1.91262
1.91914
1.91355
1.89387
1.86359
1.8309
1.80604
1.79659
1.80399
1.82343
1.84689
1.86757
1.88243
1.89232
1.90121
1.91584
1.94438
1.99264
2.05887
2.13208
2.1971
2.2416
2.26025
2.25438
2.22974
2.19317
2.15012
2.10375
2.05522
2.00499
1.95399
1.9041
1.85866
1.82223
1.79965
1.79417
1.80557
1.83022
1.86413
1.90546
1.95254
2.00025
2.04027
2.06486
2.06995
2.05564
2.02477
1.98135
1.92987
1.87566
1.82444
1.78093
1.74768
1.72613
1.71914
1.73184
1.76951
1.8333
1.91726
2.0092
2.09526
2.16416
2.20951
2.22989
2.22768
2.20579
2.16512
2.10604
2.03262
1.95562
1.89029
1.85063
1.84419
1.86944
1.91638
1.97081
2.02039
2.05825
2.08276
2.09589
2.10136
2.10296
2.10214
2.09764
2.08728
2.07055
2.04857
2.0229
1.99476
1.96549
1.93683
1.91032
1.88689
1.86796
1.85654
1.85703
1.87296
1.90443
1.9474
1.99523
2.04098
2.07865
2.10362
2.11291
2.10549
2.08209
2.04566
2.0004
1.9502
1.89726
1.84343
1.79479
1.76555
1.77295
1.82081
1.89145
1.96079
2.01409
2.0474
2.06278
2.06479
2.05816
2.04607
2.0292
2.00624
1.97616
1.94092
1.90648
1.88026
1.86712
1.86724
1.87648
1.88896
1.89986
1.90702
1.91129
1.91631
1.92719
1.94802
1.97909
2.01652
2.05401
2.08498
2.10394
2.10676
2.09146
2.0582
2.00921
1.94869
1.88342
1.82354
1.78004
1.75905
1.75884
1.77372
1.7983
1.82784
1.85779
1.88441
1.90575
1.92183
1.93358
1.9417
1.94598
1.94558
1.94001
1.93073
1.92145
1.91692
1.92121
1.9366
1.96295
1.99723
2.03346
2.06407
2.08313
2.08966
2.08813
2.0852
2.08532
2.08882
2.0928
2.09321
2.08646
2.07081
2.04708
2.0177
1.98545
1.95248
1.9202
1.88984
1.86284
1.84065
1.82446
1.81588
1.81674
1.82674
1.84225
1.85809
1.87109
1.88151
1.89179
1.90442
1.92025
1.93833
1.95694
1.97473
1.99147
2.00814
2.02642
2.04678
2.06734
2.08461
2.09533
2.09758
2.09109
2.07631
2.05392
2.02532
1.994
1.96575
1.94684
1.94082
1.94627
1.95698
1.96445
1.96133
1.94382
1.9123
1.87057
1.82427
1.77966
1.74295
1.71957
1.71311
1.72437
1.75133
1.78971
1.83356
1.87616
1.91147
1.93574
1.94857
1.95247
1.95172
1.95112
1.95482
1.96503
1.98102
1.99942
2.01585
2.0268
2.0306
2.02772
2.02045
2.0121
2.00528
2.00051
1.99578
1.98815
1.97607
1.96083
1.94588
1.93501
1.93071
1.93311
1.94044
1.95013
1.95991
1.96779
1.97182
1.97095
1.96588
1.95871
1.95153
1.94573
1.94214
1.94039
1.9388
1.93559
1.93193
1.93352
1.94827
1.98099
2.02856
2.08021
2.12286
2.14763
2.15286
2.14321
2.12591
2.1068
2.08829
2.06917
2.04652
2.01891
1.98875
1.96222
1.9457
1.9414
1.94589
1.95249
1.95465
1.94715
1.92676
1.89418
1.85511
1.81921
1.79582
1.78913
1.79628
1.81034
1.82529
1.8389
1.85333
1.87347
1.90408
1.94603
1.99511
2.04372
2.08397
2.11028
2.12038
2.11542
2.09887
2.07489
2.04722
2.01892
1.99265
1.97075
1.95494
1.9462
1.94477
1.95011
1.96096
1.975
1.98884
1.99916
2.0044
2.00533
2.00444
2.00441
2.00678
2.01132
2.01621
2.01865
2.01579
2.00513
1.98584
1.96044
1.93554
1.91874
1.91289
1.91381
1.91337
1.90422
1.88261
1.84903
1.80813
1.76802
1.73842
1.72786
1.74071
1.77532
1.82413
1.87646
1.92273
1.95773
1.98121
1.99552
2.00335
2.00621
2.00509
2.00261
2.00389
2.0137
2.03068
2.04726
2.05546
2.05104
2.03363
2.00596
1.97315
1.94143
1.91654
1.90236
1.9003
1.90901
1.92451
1.94143
1.9546
1.96121
1.96176
1.95951
1.95935
1.96581
1.98089
2.00251
2.02513
2.04226
2.04875
2.04181
2.02068
1.98662
1.94319
1.89656
1.85464
1.82525
1.81422
1.82363
1.85009
1.88442
1.91388
1.92693
1.91832
1.8927
1.86426
1.8498
1.85865
1.88802
1.92727
1.96487
1.99274
2.0072
2.00811
1.9986
1.98485
1.97517
1.97734
1.99479
2.02412
2.05636
2.08198
2.09588
2.09897
2.09613
2.09271
2.09175
2.09371
2.09733
2.10008
2.09773
2.08482
2.05664
2.01153
1.95294
1.89022
1.8362
1.80159
1.78985
1.79733
1.81677
1.84058
1.86285
1.88035
1.89242
1.89973
1.9035
1.90554
1.9081
1.91393
1.92616
1.94754
1.9791
2.01844
2.059
2.09155
2.10716
2.10025
2.07043
2.02273
1.9662
1.91177
1.86977
1.84754
1.84768
1.86771
1.90112
1.93995
1.97694
2.0068
2.02587
2.03183
2.02412
2.00448
1.9769
1.9465
1.91782
1.89339
1.87289
1.85334
1.83125
1.80589
1.78123
1.76478
1.76377
1.78163
1.81621
1.86066
1.90652
1.94748
1.98073
2.00547
2.0205
2.02442
2.01845
2.00829
2.00276
2.00933
2.02953
2.05752
2.0829
2.09571
2.09048
2.06785
2.03384
1.99739
1.96696
1.94772
1.94116
1.94618
1.9602
1.97872
1.99527
2.00284
1.99688
1.97733
1.94844
1.91655
1.88769
1.8659
1.85293
1.84889
1.85245
1.86084
1.87055
1.87803
1.88007
1.87422
1.85979
1.83865
1.81544
1.7967
1.78918
1.79807
1.82452
1.86393
1.9068
1.94188
1.96059
1.96053
1.94662
1.92904
1.9188
1.92316
1.94279
1.97235
2.00337
2.0281
2.0419
2.04364
2.03534
2.0213
2.00734
1.99901
1.99938
2.00745
2.01893
2.02905
2.03543
2.03876
2.04074
2.0419
2.04177
2.0398
2.03619
2.03155
2.02602
2.01861
2.00713
1.98956
1.96562
1.93779
1.9108
1.88996
1.87907
1.87903
1.88808
1.90285
1.9189
1.93194
1.93959
1.94302
1.94647
1.95418
1.96622
1.97723
1.98001
1.97089
1.95247
1.93159
1.91526
1.90733
1.9076
1.91294
1.91883
1.9205
1.91369
1.89664
1.87154
1.84429
1.82239
1.81165
1.81381
1.82652
1.84565
1.86786
1.89178
1.91704
1.94275
1.967
1.98778
2.00402
2.01528
2.02129
2.02139
2.01509
2.00294
1.98765
1.97461
1.96997
1.97748
1.99592
2.01978
2.04232
2.05816
2.06466
2.06199
2.05236
2.03748
2.01719
1.99077
1.95964
1.92877
1.90575
1.899
1.91406
1.94838
1.99155
2.0324
2.06428
2.08418
2.08984
2.07927
2.0526
2.01289
1.96402
1.90874
1.85059
1.79707
1.75835
1.74029
1.74122
1.75611
1.78116
1.81397
1.85116
1.88738
1.917
1.9366
1.94681
1.95176
1.95631
1.96307
1.97237
1.9845
2.00115
2.02445
2.05485
2.08934
2.12127
2.14202
2.14373
2.12205
2.07805
2.01893
1.95747
1.90835
1.88292
1.8844
1.90666
1.93789
1.96705
1.989
2.00555
2.02187
2.03871
2.04762
2.03552
1.99526
1.93305
1.86713
1.81404
1.77671
1.75058
1.73576
1.73817
1.76258
1.80739
1.86479
1.92416
1.97543
2.01105
2.0269
2.02249
2.00053
1.96676
1.92872
1.89363
1.86613
1.84781
1.83953
1.84312
1.86007
1.88944
1.92725
1.96762
2.00484
2.03545
2.05862
2.07523
2.08604
2.09091
2.08922
2.0811
2.06796
2.05257
2.03855
2.02908
2.0257
2.02731
2.03048
2.03068
2.0242
2.00939
1.98727
1.96131
1.9361
1.91612
1.90413
1.89862
1.8932
1.88007
1.85543
1.82148
1.78461
1.75297
1.73534
1.73878
1.76505
1.80918
1.86271
1.91648
1.96192
1.99206
2.00336
1.99727
1.97965
1.95778
1.93691
1.91964
1.90827
1.90751
1.92217
1.95148
1.98795
2.02248
2.04801
2.06057
2.05983
2.04926
2.03553
2.02666
2.02875
2.04283
2.0641
2.08489
2.09911
2.10479
2.10376
2.09978
2.09582
2.09247
2.08771
2.07848
2.06282
2.04141
2.01784
1.99713
1.98344
1.97833
1.98023
1.98572
1.99074
1.99268
1.99145
1.98902
1.98608
1.97942
1.96423
1.93911
1.90733
1.87266
1.83525
1.79217
1.74235
1.691
1.6485
1.62536
1.62713
1.65258
1.69466
1.74294
1.78717
1.82055
1.84246
1.85805
1.87387
1.89244
1.91084
1.9249
1.93356
1.93984
1.94896
1.96483
1.98753
2.01328
2.03672
2.05316
2.05954
2.05449
2.03891
2.01676
1.99491
1.9815
1.98297
2.00091
2.03075
2.06379
2.10576
2.10231
2.08798
2.06405
2.03291
1.99703
1.95905
1.92288
1.89444
1.88102
1.88902
1.92101
1.9734
2.03585
2.09365
2.13313
2.14568
2.12886
2.08564
2.0235
1.95292
1.8853
1.83112
1.79856
1.79215
1.81064
1.84607
1.88642
1.92138
1.94647
1.96277
1.97397
1.98271
1.98928
1.99227
1.9903
1.98243
1.96801
1.94705
1.92149
1.89609
1.87736
1.87076
1.87795
1.89557
1.91706
1.93575
1.94735
1.95106
1.94941
1.94719
1.94923
1.95785
1.97212
1.98907
2.00581
2.02107
2.0357
2.05165
2.07064
2.09286
2.11671
2.13923
2.15675
2.16557
2.16245
2.14514
2.1131
2.0679
2.0133
1.95476
1.89844
1.84988
1.81253
1.78721
1.77282
1.76744
1.76954
1.77846
1.79443
1.81762
1.84773
1.88394
1.92443
1.96486
1.99852
2.0188
2.0228
2.01257
1.99378
1.97282
1.95415
1.93988
1.93133
1.9297
1.93577
1.94896
1.96763
1.98979
2.01339
2.03563
2.05213
2.05744
2.04682
2.01875
1.97706
1.93044
1.88926
1.86115
1.84879
1.85112
1.86619
1.893
1.93074
1.97625
2.02228
2.05843
2.07421
2.06311
2.02606
1.97268
1.91897
1.88081
1.8666
1.87454
1.89644
1.92415
1.95264
1.97963
2.0043
2.02604
2.04351
2.05451
2.05677
2.0502
2.03852
2.02836
2.02509
2.02875
2.03544
2.04277
2.051
2.05914
2.06297
2.0578
2.04082
2.01109
1.96931
1.91837
1.86464
1.81771
1.78775
1.78095
1.79606
1.82523
1.85833
1.88831
1.91428
1.94111
1.97529
2.019
2.0674
2.11164
2.14353
2.15787
2.15266
2.12867
2.08888
2.03807
1.98224
1.92761
1.87887
1.83808
1.80461
1.77722
1.75631
1.74511
1.74821
1.76791
1.80178
1.84333
1.88453
1.91865
1.94227
1.95615
1.96443
1.97249
1.98456
2.00244
2.02558
2.05186
2.0786
2.10386
2.12779
2.15289
2.18147
2.21067
2.23084
2.22956
2.19837
2.13943
2.06998
2.01578
1.99084
1.98803
1.99468
2.00581
2.02231
2.04493
2.07184
2.09897
2.12113
2.13334
2.13145
2.11254
2.07605
2.02479
1.96602
1.91056
1.86907
1.84685
1.84204
1.8493
1.86347
1.87939
1.89162
1.89617
1.89291
1.88589
1.88232
1.88949
1.91054
1.94235
1.97669
2.00442
2.01927
2.02011
2.01122
1.99983
1.99217
1.99007
1.99125
1.99217
1.99061
1.98635
1.97996
1.97148
1.96066
1.94816
1.93627
1.92831
1.92816
1.93857
1.95917
1.98531
2.00955
2.02486
2.0275
2.01776
1.99869
1.97469
1.9509
1.9328
1.92506
1.93016
1.94771
1.97462
2.00612
2.03662
2.06099
2.07595
2.0807
2.07585
2.06265
2.04297
2.02081
2.00093
1.98585
1.97492
1.96715
1.96347
1.96597
1.97483
1.9872
1.99863
2.00571
2.00746
2.00466
1.99769
1.98579
1.96824
1.94591
1.92091
1.89482
1.86824
1.84256
1.82167
1.81094
1.81376
1.82902
1.85175
1.8763
1.89862
1.91673
1.9307
1.94159
1.95071
1.95896
1.96732
1.9776
1.99262
2.01464
2.04294
2.07345
2.10034
2.11856
2.1255
2.12186
2.11163
2.10094
2.0958
2.09981
2.11263
2.12997
2.14508
2.15107
2.14302
2.11892
2.0799
2.02975
1.97384
1.91812
1.86849
1.8304
1.80811
1.80331
1.81478
1.83931
1.87281
1.91092
1.94914
1.98333
2.00948
2.02479
2.03098
2.0348
2.0424
2.05492
2.07063
2.08766
2.1024
2.10935
2.10356
2.08288
2.04942
2.00941
1.97203
1.94511
1.93081
1.92501
1.92113
1.91426
1.90263
1.88633
1.86602
1.84348
1.82325
1.8118
1.81446
1.83314
1.86585
1.90813
1.95463
2.00066
2.04271
2.07802
2.10404
2.11872
2.12158
2.11351
2.0961
2.07124
2.04085
2.00768
1.97528
1.94709
1.92531
1.91033
1.90122
1.89645
1.89457
1.89469
1.89682
1.90212
1.91296
1.93327
1.96595
2.0081
2.04919
2.07619
2.08013
2.05913
2.01753
1.96336
1.90614
1.85521
1.8179
1.79844
1.79773
1.81339
1.84037
1.87233
1.90349
1.92999
1.9506
1.96657
1.98109
1.99745
2.01729
2.03933
2.05963
2.07296
2.07503
2.06461
2.04458
2.02106
2.00104
1.98991
1.98982
1.99997
2.01849
2.0436
2.0725
2.09966
2.11771
2.12056
2.10595
2.07563
2.03475
1.99118
1.95349
1.92663
1.90968
1.8993
1.8946
1.89625
1.90301
1.91146
1.91884
1.92529
1.93451
1.95215
1.98312
2.02774
2.07978
2.12821
2.16201
2.17361
2.16028
2.12464
2.07466
2.02203
1.97704
1.94392
1.92078
1.90414
1.89256
1.8868
1.88756
1.89355
1.90178
1.90938
1.91406
1.9132
1.9033
1.8816
1.84818
1.80677
1.76497
1.73332
1.72232
1.73841
1.78194
1.84736
1.92524
2.00483
2.07721
2.13676
2.1812
2.21034
2.22478
2.22549
2.2142
2.19413
2.16942
2.14319
2.11565
2.0845
2.04735
2.0045
1.95929
1.91652
1.8805
1.85463
1.84163
1.84284
1.85711
1.88081
1.90933
1.93807
1.96276
1.98037
1.9905
1.99604
2.00195
2.01305
2.03279
2.06303
2.10238
2.1445
2.17937
2.19696
2.19088
2.16025
2.10966
2.04768
1.98466
1.93063
1.89327
1.87609
1.87748
1.89145
1.9104
1.92726
1.93642
1.93442
1.92076
1.89831
1.87163
1.84424
1.81709
1.78995
1.76403
1.74309
1.73242
1.73654
1.75709
1.79181
1.83564
1.88284
1.92898
1.97124
2.00748
2.03498
2.05063
2.0524
2.0417
2.02405
2.00714
1.99745
1.99815
2.00871
2.02605
2.04599
2.06489
2.08114
2.09415
2.10202
2.10115
2.08852
2.06486
2.03412
2.0002
1.96434
1.92643
1.88733
1.84894
1.81418
1.78811
1.77788
1.79029
1.82871
1.8908
1.96788
2.04684
2.11391
2.1584
2.17483
2.16347
2.1297
2.08264
2.03347
1.99199
1.96308
1.94598
1.9365
1.93009
1.92384
1.91767
1.91491
1.92122
1.94138
1.97522
2.01579
2.05171
2.07331
2.07794
2.07007
2.05458
2.03069
1.99493
1.94966
1.90518
1.87252
1.85599
1.85482
1.86834
1.89711
1.94007
1.99227
2.04453
2.08477
2.10177
2.08967
2.05207
2.00306
1.95937
1.92751
1.90278
1.87956
1.85754
1.84
1.82961
1.82603
1.82588
1.8245
1.81819
1.80586
1.78982
1.77734
1.78207
1.81872
1.88988
1.98218
2.07805
2.1648
2.23501
2.28508
2.31533
2.33003
2.33502
2.33417
2.32703
2.31006
2.28002
2.23725
2.18664
2.13584
2.09167
2.05713
2.03118
2.01025
1.99075
1.97087
1.95144
1.93609
1.92969
1.9353
1.95124
1.97113
1.98679
1.9924
1.98636
1.97074
1.94971
1.9282
1.91093
1.90125
1.9004
1.90739
1.91929
1.93182
1.94096
1.94482
1.94566
1.94944
1.96165
1.98266
2.00704
2.0268
2.03499
2.02738
2.00335
1.96596
1.92168
1.87901
1.84597
1.82741
1.8237
1.83192
1.84935
1.87546
1.90952
1.94651
1.97759
1.99567
1.99976
1.99342
1.98081
1.96442
1.94596
1.92797
1.91408
1.90747
1.90932
1.9189
1.9347
1.95512
1.97835
2.00146
2.02042
2.03093
2.03049
2.01936
2.00087
1.98019
1.96302
1.95373
1.95325
1.95876
1.966
1.97207
1.9764
1.98039
1.98596
1.99449
2.00688
2.02446
2.04836
2.07651
2.10231
2.11733
2.11626
2.09915
2.07064
2.03702
2.00307
1.97019
1.9378
1.90545
1.87374
1.84402
1.81839
1.8005
1.79498
1.80502
1.83009
1.86545
1.90444
1.94195
1.97558
2.00361
2.02281
2.029
2.01881
1.99135
1.94973
1.90203
1.86124
1.84165
1.85156
1.88862
1.94241
2.0008
2.05291
2.09002
2.10712
2.10465
2.08851
2.06764
2.05002
2.03894
2.03265
2.02629
2.01495
1.99556
1.96748
1.93207
1.89191
1.84997
1.81028
1.77882
1.76363
1.77237
1.80811
1.86734
1.94193
2.02141
2.09412
2.1483
2.17471
2.16879
2.13209
2.07222
2.00206
1.93689
1.89017
1.86931
1.87362
1.89591
1.92648
1.95631
1.97922
1.99244
1.99625
1.99291
1.98525
1.97498
1.96233
1.94765
1.93377
1.92673
1.93349
1.95777
1.99672
2.0412
2.08032
2.10621
2.11642
2.11302
2.10023
2.08201
2.06105
2.03977
2.0215
2.0107
2.01071
2.02118
2.03659
2.04866
2.05086
2.04137
2.02265
1.99885
1.97357
1.94821
1.92216
1.89418
1.86456
1.83668
1.81605
1.80738
1.81186
1.82729
1.85032
1.878
1.90699
1.93279
1.95096
1.95849
1.9547
1.94106
1.92049
1.89694
1.87461
1.85695
1.84612
1.84259
1.8454
1.85302
1.86457
1.88018
1.90033
1.92496
1.9538
1.98731
2.02634
2.06996
2.11406
2.15281
2.18135
2.19745
2.20145
2.19452
2.17768
2.15183
2.11828
2.0792
2.03796
1.99977
1.97141
1.95922
1.96491
1.98309
2.00364
2.01633
2.01427
1.99463
1.95881
1.91287
1.86772
1.83671
1.82986
1.84804
1.88263
1.92112
1.95335
1.97446
1.98433
1.98493
1.97865
1.96799
1.95602
1.94593
1.9394
1.93617
1.93514
1.9365
1.94284
1.95734
1.98002
2.00606
2.02893
2.04476
2.05385
2.05889
2.06147
2.06038
2.05226
2.03401
2.00515
1.96954
1.9354
1.9117
1.90259
1.90564
1.9168
1.93444
1.95786
1.98437
2.00917
2.02744
2.03639
2.03565
2.02606
2.0082
1.98207
1.94813
1.90886
1.86868
1.8323
1.80303
1.78311
1.77384
1.77502
1.78489
1.80225
1.82889
1.86896
1.92445
1.99135
2.05983
2.11815
2.15726
2.17373
2.17021
2.15334
2.13034
2.10645
2.084
2.0632
2.04344
2.02422
2.0047
1.98337
1.95871
1.93095
1.9041
1.88468
1.8767
1.87904
1.88969
1.91017
1.94407
1.99119
2.04467
2.09317
2.12541
2.13432
2.119
2.08475
2.04036
1.99429
1.95219
1.91714
1.89146
1.87867
1.88309
1.90726
1.94862
2.13892
2.1762
2.20587
2.22648
2.23711
2.23581
2.22044
2.19026
2.14721
2.09559
2.04104
1.98946
1.94583
1.91336
1.89301
1.88443
1.88722
1.90185
1.92876
1.96724
2.01492
2.0683
2.12314
2.17404
2.21387
2.23524
2.23292
2.20586
2.15763
2.09545
2.02876
1.96775
1.92224
1.89969
1.90241
1.92593
1.9599
1.99167
2.01142
2.01598
2.00986
2.00313
2.00666
2.02658
2.06067
2.09933
2.13101
2.1475
2.14602
2.12775
2.09514
2.05164
2.00256
1.95628
1.92255
1.90886
1.91651
1.93986
1.96888
1.99351
2.00706
2.00732
1.99594
1.97808
1.96095
1.94934
1.94197
1.93448
1.92527
1.91713
1.91491
1.92198
1.93828
1.96085
1.98615
2.01225
2.03901
2.06639
2.09289
2.11544
2.13055
2.13602
2.13215
2.12191
2.11023
2.10319
2.10681
2.12464
2.15438
2.18704
2.21173
2.22233
2.2206
2.21315
2.20623
2.20209
2.19863
2.19153
2.1766
2.15175
2.11874
2.08241
2.04702
2.01364
1.98235
1.9554
1.93677
1.9299
1.93613
1.9548
1.98469
2.02624
2.08071
2.14479
2.20766
2.2562
2.28095
2.27766
2.24624
2.19023
2.11688
2.0368
1.96131
1.89883
1.8533
1.82577
1.81622
1.82327
1.84319
1.86952
1.89533
1.91665
1.93405
1.95078
1.96974
1.99267
2.02118
2.05536
2.08993
2.11432
2.11884
2.10008
2.06154
2.01179
1.96155
1.92141
1.90158
1.91059
1.95084
2.01507
2.08913
2.15836
2.21195
2.24459
2.25574
2.24726
2.22105
2.17875
2.12379
2.06411
2.01334
1.98612
1.98847
2.01436
2.05336
2.09659
2.13543
2.16109
2.16753
2.15333
2.12171
2.07943
2.03472
1.9949
1.96547
1.95156
1.95645
1.97562
1.99634
2.00757
2.00779
2.0042
2.00671
2.02065
2.04296
2.06478
2.07858
2.08292
2.08144
2.07826
2.07464
2.06938
2.06119
2.0501
2.03758
2.02566
2.01547
2.00697
2.00055
1.99866
2.00515
2.02286
2.05107
2.08449
2.11443
2.13347
2.13903
2.13394
2.12295
2.10872
2.0899
2.06302
2.02626
1.98211
1.93658
1.89585
1.86294
1.83755
1.81952
1.81124
1.81742
1.84207
1.88606
1.94629
2.01541
2.08316
2.14041
2.18313
2.21312
2.23507
2.25268
2.26697
2.27725
2.28245
2.2813
2.27264
2.25646
2.23485
2.21155
2.18971
2.16929
2.14658
2.11655
2.07767
2.0355
2.00192
1.98725
1.99066
2.00167
2.01018
2.01205
2.00849
2.0032
2.00022
2.00191
2.00792
2.01536
2.01975
2.0179
2.01065
2.00241
1.99746
1.99684
1.99862
2.00071
2.00322
2.00821
2.01811
2.03411
2.05591
2.08211
2.11051
2.13767
2.15875
2.16845
2.16421
2.14867
2.12975
2.11667
2.11443
2.12136
2.13258
2.1454
2.16037
2.17696
2.19092
2.19619
2.18895
2.16876
2.13751
2.09875
2.05836
2.02357
1.99964
1.9873
1.98454
1.98912
1.99899
2.01197
2.02616
2.04122
2.05927
2.08387
2.1178
2.16026
2.20542
2.24372
2.26601
2.26668
2.24503
2.20421
2.14969
2.08859
2.0292
1.97922
1.94275
1.91811
1.89963
1.88211
1.86496
1.85237
1.85007
1.86146
1.88632
1.92212
1.96615
2.01554
2.06605
2.11133
2.14524
2.16447
2.16983
2.16582
2.15877
2.15494
2.15922
2.17336
2.19448
2.21506
2.2259
2.21954
2.19263
2.14675
2.08782
2.02377
1.96169
1.90599
1.86
1.83109
1.83197
1.87225
1.9465
2.03479
2.11599
2.17811
2.21826
2.23688
2.23429
2.21112
2.17051
2.11885
2.06447
2.0152
1.97537
1.94556
1.92523
1.91494
1.9163
1.93011
1.95436
1.98453
2.01548
2.04414
2.07002
2.09311
2.11109
2.11889
2.11103
2.08453
2.04049
1.98487
1.92838
1.88526
1.86932
1.88783
1.93713
2.00386
2.07122
2.12588
2.16077
2.17447
2.16841
2.14505
2.10806
2.06374
2.0222
1.99471
1.98855
2.00427
2.03679
2.0774
2.11559
2.14208
2.15203
2.14589
2.12778
2.10266
2.07441
2.046
2.02027
1.99994
1.98653
1.97982
1.97908
1.98283
1.98747
1.98807
1.98235
1.97356
1.96939
1.97668
1.99618
2.02112
2.04049
2.04514
2.03255
2.00686
1.97472
1.94221
1.91555
1.90273
1.91063
1.93942
1.98106
2.0245
2.06092
2.08482
2.09334
2.08614
2.0658
2.03759
2.0079
1.98319
1.96913
1.96884
1.9811
2.00075
2.02176
2.03997
2.05318
2.05979
2.05852
2.04944
2.03428
2.01482
1.99216
1.96893
1.95069
1.944
1.95229
1.97378
2.00286
2.03292
2.05912
2.07874
2.09081
2.09648
2.09951
2.1046
2.11409
2.1259
2.13498
2.13674
2.13017
2.11826
2.10569
2.09545
2.08756
2.08057
2.07391
2.06923
2.07016
2.08011
2.09937
2.12384
2.14631
2.16021
2.16264
2.15429
2.13716
2.11288
2.08259
2.04824
2.01355
1.98418
1.96609
1.96213
1.96976
1.98269
1.99454
2.00175
2.00386
2.00263
2.00036
1.99859
1.99708
1.99406
1.98789
1.97839
1.96666
1.95386
1.94033
1.92608
1.91153
1.89758
1.88455
1.87212
1.8604
1.85116
1.84752
1.85215
1.86635
1.88978
1.92102
1.95782
1.99755
2.0371
2.07364
2.10556
2.13295
2.15715
2.17933
2.19873
2.2123
2.21616
2.20869
2.19264
2.17408
2.15793
2.14454
2.13175
2.12112
2.12118
2.14149
2.18209
2.23075
2.27138
2.2934
2.29387
2.27575
2.24488
2.20756
2.16939
2.13406
2.10157
2.06786
2.02828
1.98278
1.93727
1.90059
1.87983
1.87749
1.89134
1.9161
1.94545
1.97334
1.99462
2.00662
2.0103
2.00993
2.01181
2.0221
2.04442
2.07634
2.10867
2.13005
2.13401
2.12188
2.10081
2.0794
2.06381
2.05556
2.05193
2.04824
2.04032
2.02621
2.00661
1.98487
1.9662
1.9564
1.96064
1.98256
2.02273
2.07728
2.1374
2.19114
2.22704
2.23738
2.21986
2.17769
2.12011
2.06156
2.01779
2.00009
2.01238
2.05209
2.11075
2.17485
2.22933
2.26256
2.2694
2.25124
2.21496
2.17123
2.13169
2.10583
2.09839
2.10805
2.12785
2.14784
2.15889
2.15658
2.14244
2.12256
2.10328
2.0871
2.0727
2.05756
2.03948
2.01681
1.98839
1.95421
1.9168
1.88136
1.85351
1.83575
1.82679
1.82384
1.82495
1.82916
1.83626
1.84742
1.86678
1.90061
1.95171
2.01367
2.07276
2.11532
2.13462
2.1332
2.12146
2.11219
2.11309
2.12349
2.13714
2.14849
2.15637
2.16346
2.17249
2.1827
2.19009
2.19023
2.18053
2.16052
2.13135
2.09579
2.05791
2.02222
1.99222
1.9695
1.95379
1.94323
1.93511
1.92733
1.91946
1.91378
1.91435
1.92406
1.94196
1.96351
1.98338
1.998
2.00642
2.01015
2.01282
2.0192
2.03382
2.05897
2.09297
2.13019
2.16323
2.18626
2.19683
2.19566
2.18545
2.16981
2.15204
2.13393
2.11496
2.09286
2.06622
2.03783
2.0149
2.00508
2.01098
2.02887
2.05172
2.07258
2.08613
2.08954
2.08218
2.06459
2.03764
2.00293
1.96441
1.92912
1.90501
1.89656
1.90243
1.91677
1.93284
1.94541
1.95177
1.95244
1.95084
1.95155
1.95757
1.96877
1.98195
1.99196
1.99399
1.98684
1.9742
1.9618
1.95322
1.94885
1.9486
1.95588
1.97743
2.01815
2.0764
2.14496
2.21429
2.27474
2.31802
2.3387
2.3347
2.30759
2.26274
2.20938
2.15938
2.12377
2.10846
2.11204
2.1277
2.14692
2.16239
2.16944
2.16629
2.15331
2.13223
2.10515
2.07478
2.04476
2.01976
2.00463
2.00277
2.01476
2.03779
2.06673
2.09621
2.12163
2.13911
2.14439
2.13231
2.09825
2.04133
1.96817
1.89385
1.8368
1.81045
1.81721
1.84993
1.89719
1.94763
1.99196
2.02416
2.04278
2.05199
2.06
2.0737
2.09318
2.11325
2.12936
2.14017
2.14628
2.14866
2.14772
2.14276
2.13308
2.1201
2.10837
2.10271
2.10463
2.11121
2.11734
2.11862
2.11258
2.0982
2.07517
2.04363
2.00509
1.96288
1.92264
1.89182
1.8774
1.88287
1.90635
1.9411
1.97828
2.01001
2.03057
2.03669
2.02754
2.00478
1.97263
1.93697
1.90468
1.88289
1.87715
1.88864
1.91265
1.94077
1.96592
1.98645
2.00618
2.03091
2.06362
2.10189
2.13966
2.17115
2.19377
2.20782
2.21526
2.21781
2.21613
2.20977
2.19716
2.17627
2.14587
2.10738
2.06566
2.02781
1.99966
1.98323
1.97574
1.97071
1.96056
1.9402
1.91013
1.8778
1.85483
1.85065
1.86691
1.89745
1.93285
1.96552
1.99216
2.01324
2.0309
2.04691
2.06181
2.07465
2.0836
2.08685
2.08362
2.0751
2.06469
2.05655
2.05281
2.05215
2.05196
2.05162
2.05379
2.06265
2.08098
2.10896
2.14511
2.18751
2.23379
2.27975
2.31916
2.3449
2.35071
2.33285
2.29125
2.23019
2.15866
2.0893
2.03502
2.00342
1.99299
1.99446
1.99727
1.99572
1.991
1.98838
1.99117
1.99667
1.99786
1.98869
1.96826
1.94173
1.91885
1.9104
1.92354
1.95853
2.00824
2.06103
2.10441
2.12864
2.12891
2.10629
2.06661
2.01858
1.97215
1.93683
1.91994
1.9249
1.95049
1.99069
2.03616
2.07708
2.106
2.11926
2.1168
2.10244
2.08403
2.07128
2.07067
2.08288
2.10482
2.1325
2.16181
2.18833
2.20847
2.22029
2.22361
2.21899
2.20694
2.1878
2.16154
2.12762
2.08612
2.03994
1.99528
1.95956
1.93853
1.93477
1.94781
1.975
2.01209
2.05381
2.09415
2.1272
2.14855
2.15643
2.15297
2.14421
2.13814
2.13999
2.14815
2.1544
2.14798
2.12065
2.06955
1.99733
1.91126
1.82285
1.74661
1.69698
1.68311
1.70387
1.74839
1.80258
1.85591
1.90362
1.94489
1.9807
2.01215
2.03897
2.05875
2.0677
2.06263
2.04385
2.01668
1.99082
1.97726
1.98389
2.01198
2.12844
2.15811
2.17974
2.18837
2.18404
2.17205
2.16071
2.15621
2.15878
2.1633
2.16329
2.15482
2.13817
2.11685
2.09545
2.07772
2.06525
2.05647
2.04856
2.04137
2.03815
2.04189
2.05316
2.07139
2.09568
2.12331
2.14878
2.16554
2.16879
2.15712
2.13322
2.1033
2.07538
2.05592
2.04698
2.04636
2.05005
2.05538
2.06264
2.07337
2.08618
2.09533
2.09432
2.08047
2.05644
2.02846
2.00374
1.98865
1.98763
2.00161
2.02641
2.05375
2.07511
2.08578
2.08645
2.08169
2.07673
2.07514
2.07801
2.08404
2.09043
2.09461
2.09575
2.09522
2.09562
2.09957
2.10881
2.12299
2.13866
2.15017
2.15244
2.14383
2.12687
2.10551
2.08181
2.05647
2.03271
2.01849
2.0231
2.05081
2.09859
2.15846
2.22105
2.27788
2.32261
2.35137
2.36248
2.35688
2.339
2.31576
2.29277
2.27134
2.25036
2.22901
2.20729
2.18413
2.15704
2.12371
2.08405
2.04021
1.99576
1.95497
1.92211
1.90025
1.89063
1.89312
1.9068
1.93036
1.96276
2.00373
2.05268
2.10693
2.16002
2.20264
2.22591
2.22559
2.20467
2.17199
2.13728
2.10643
2.08016
2.05509
2.02594
1.98871
1.94366
1.89668
1.85793
1.83833
1.84432
1.87375
1.91658
1.96031
1.9956
2.01885
2.03167
2.03833
2.04283
2.04675
2.05
2.053
2.05806
2.06848
2.08573
2.10848
2.1347
2.16361
2.19552
2.22997
2.26455
2.2949
2.31613
2.32409
2.31625
2.29226
2.25444
2.20779
2.15901
2.11416
2.07645
2.04519
2.01681
1.98773
1.95753
1.93073
1.91534
1.91824
1.94044
1.97576
2.01422
2.04636
2.06564
2.06936
2.05894
2.03966
2.01972
2.00779
2.00863
2.01937
2.03058
2.03127
2.01399
1.97812
1.93083
1.88554
1.85653
1.85083
1.86456
1.88822
1.91618
1.95047
1.99675
2.05744
2.12845
2.20091
2.26535
2.31544
2.35017
2.37297
2.38815
2.39728
2.39846
2.38845
2.36521
2.32929
2.28413
2.23517
2.18847
2.1492
2.12114
2.1073
2.10983
2.12833
2.15808
2.19015
2.21374
2.21958
2.20247
2.16259
2.10631
2.04663
2.00015
1.97903
1.98391
2.00439
2.02563
2.03594
2.03186
2.01935
2.00851
2.00523
2.00888
2.01751
2.03109
2.04911
2.06695
2.07719
2.07407
2.05644
2.02707
1.9906
1.95235
1.91802
1.89302
1.88083
1.88203
1.89548
1.91953
1.95181
1.98909
2.02746
2.06292
2.09174
2.1113
2.12067
2.12049
2.11183
2.09558
2.07345
2.0494
2.02941
2.01902
2.01986
2.02826
2.03754
2.04199
2.04015
2.03557
2.03473
2.04309
2.062
2.08851
2.11761
2.14546
2.17179
2.19973
2.233
2.27287
2.31642
2.35774
2.39078
2.41218
2.4212
2.41849
2.40473
2.37992
2.34334
2.29484
2.23593
2.17051
2.1041
2.04249
1.98964
1.94652
1.91237
1.88676
1.87035
1.86337
1.86418
1.87083
1.88474
1.91156
1.95672
2.02038
2.09542
2.16999
2.2331
2.27916
2.30786
2.32067
2.31694
2.29393
2.24986
2.18817
2.11915
2.05563
2.00574
1.96955
1.94185
1.91612
1.88776
1.85662
1.8278
1.8098
1.81039
1.83267
1.87339
1.92462
1.97681
2.02185
2.05504
2.07616
2.08897
2.09888
2.1103
2.12471
2.14059
2.15426
2.16097
2.15645
2.13913
2.11181
2.08137
2.05631
2.04353
2.04628
2.06381
2.09264
2.12834
2.16694
2.2062
2.24488
2.28089
2.30982
2.32547
2.32189
2.29584
2.24847
2.18655
2.12294
2.07391
2.0493
2.04443
2.045
2.03853
2.01994
1.99124
1.95874
1.92886
1.90583
1.89141
1.88645
1.89196
1.90944
1.94034
1.98371
2.03394
2.08124
2.11446
2.12533
2.11245
2.08313
2.05146
2.0328
2.03642
2.06119
2.09761
2.13425
2.16263
2.1786
2.18208
2.17622
2.1662
2.15658
2.14937
2.1438
2.13752
2.12853
2.11619
2.10092
2.08348
2.06419
2.04263
2.01762
1.98788
1.95327
1.91701
1.88637
1.87057
1.87583
1.90222
1.94459
1.99528
2.04647
2.0919
2.12845
2.15622
2.17776
2.19646
2.21444
2.23185
2.24742
2.25952
2.2666
2.2671
2.26014
2.24725
2.23319
2.22408
2.22415
2.23334
2.24728
2.25872
2.26058
2.24895
2.22505
2.19409
2.16101
2.12704
2.09013
2.04756
1.99828
1.94404
1.88992
1.84348
1.81201
1.79929
1.80376
1.81957
1.84024
1.86151
1.88183
1.90176
1.92268
1.94551
1.97015
1.99534
2.01935
2.04073
2.05852
2.07206
2.08079
2.08519
2.08773
2.09243
2.10187
2.1149
2.1281
2.13943
2.14957
2.16062
2.17384
2.18838
2.20195
2.21199
2.21626
2.21259
2.19965
2.17754
2.1482
2.11491
2.08141
2.05129
2.02783
2.01392
2.01111
2.01825
2.03084
2.0423
2.04638
2.03956
2.02215
1.99799
1.97381
1.95739
1.95425
1.96489
1.98514
2.00954
2.03481
2.06066
2.08694
2.11055
2.1262
2.1296
2.12014
2.10086
2.0772
2.05501
2.03865
2.03141
2.03692
2.05917
2.09785
2.14491
2.18889
2.22267
2.24651
2.26571
2.28601
2.30994
2.33563
2.35833
2.37219
2.37157
2.35195
2.3107
2.24824
2.17034
2.08858
2.0172
1.96686
1.94093
1.93617
1.94545
1.95969
1.96893
1.9651
1.94643
1.91964
1.89655
1.88713
1.89478
1.9165
1.94539
1.97479
2.00221
2.0298
2.06134
2.09907
2.14326
2.19269
2.24435
2.29325
2.33282
2.35672
2.36093
2.3445
2.30907
2.25873
2.19999
2.14116
2.08945
2.04881
2.02004
2.00255
1.99621
2.00222
2.02152
2.05145
2.08526
2.11588
2.1402
2.15902
2.17414
2.18545
2.19042
2.18561
2.16861
2.14005
2.10446
2.06931
2.04224
2.02873
2.03074
2.04654
2.07059
2.09445
2.11018
2.11351
2.10441
2.08559
2.06164
2.03854
2.02268
2.01803
2.02425
2.03734
2.05274
2.06791
2.08215
2.09406
2.09994
2.09617
2.08334
2.06858
2.06223
2.07059
2.0911
2.11509
2.13426
2.14401
2.14452
2.14156
2.14497
2.16221
2.19126
2.22234
2.24575
2.25679
2.25587
2.2465
2.23337
2.22034
2.20841
2.1951
2.1756
2.1459
2.10601
2.06105
2.01895
1.98644
1.96601
1.95551
1.95253
1.96223
1.99812
2.06645
2.15227
2.2296
2.27925
2.29509
2.28168
2.2497
2.21125
2.17599
2.14946
2.13266
2.12283
2.11494
2.10354
2.08482
2.05849
2.02804
1.99914
1.97678
1.96314
1.95704
1.95559
1.95608
1.95682
1.95757
1.95944
1.96429
1.97358
1.98731
2.00402
2.02165
2.03841
2.05284
2.0637
2.07031
2.07306
2.07331
2.07248
2.07223
2.07562
2.08732
2.11024
2.14034
2.16678
2.17844
2.17123
2.15016
2.12507
2.10473
2.09239
2.08608
2.08165
2.07542
2.06469
2.04766
2.02432
1.99888
1.9808
1.98029
2.00014
2.03347
2.06957
2.10058
2.12401
2.14157
2.15632
2.17074
2.18565
2.20072
2.21535
2.22928
2.24238
2.25399
2.26287
2.26762
2.26674
2.25883
2.24349
2.22183
2.19572
2.16649
2.13445
2.10018
2.06645
2.03746
2.01647
2.00348
1.99603
1.99177
1.99076
1.99471
2.00406
2.01634
2.02731
2.03357
2.03476
2.03316
2.03136
2.031
2.03288
2.03844
2.05012
2.07045
2.1004
2.13817
2.18004
2.2215
2.25829
2.28665
2.30352
2.30642
2.29372
2.26452
2.2192
2.16047
2.0955
2.03769
2.00335
2.00084
2.02225
2.04918
2.06563
2.06528
2.05012
2.02603
1.99972
1.97814
1.96798
1.97374
1.99574
2.03017
2.07112
2.1128
2.15094
2.1843
2.2135
2.23844
2.25623
2.26136
2.24828
2.21361
2.15717
2.08244
1.99687
1.91262
1.84716
1.82088
1.84588
1.91264
1.99638
2.07587
2.13966
2.18244
2.2025
2.20176
2.18551
2.16123
2.13657
2.11738
2.10644
2.10354
2.10685
2.11523
2.12959
2.15224
2.18422
2.22184
2.25623
2.27626
2.27312
2.24351
2.19095
2.12583
2.06335
2.01809
1.998
2.00347
2.02967
2.06904
2.11279
2.1526
2.18274
2.20122
2.20929
2.21002
2.20624
2.19887
2.1864
2.16552
2.13373
2.0931
2.05206
2.02247
2.01229
2.02016
2.03665
2.0507
2.05502
2.04752
2.03009
2.00684
1.98335
1.96662
1.96392
1.97866
2.00702
2.04076
2.07275
2.09853
2.11509
2.12098
2.11746
2.1085
2.09872
2.09096
2.08503
2.07772
2.06406
2.04102
2.01241
1.99057
1.9904
2.01886
2.07029
2.13162
2.19035
2.23852
2.2726
2.29219
2.2986
2.29377
2.27955
2.25735
2.22908
2.19791
2.16858
2.14557
2.13048
2.12093
2.1118
2.09744
2.07386
2.04046
2.00039
1.95961
1.92367
1.89467
1.87102
1.85026
1.83189
1.81796
1.81173
1.81588
1.83133
1.85694
1.88956
1.92466
1.95785
1.98702
2.01357
2.04142
2.07459
2.11469
2.15888
2.20042
2.23157
2.2466
2.24306
2.22174
2.18694
2.14601
2.10811
2.08199
2.07371
2.08491
2.11314
2.15395
2.20225
2.25175
2.29423
2.32043
2.32397
2.30498
2.26985
2.22729
2.18392
2.14161
2.09811
2.05006
1.99741
1.94565
1.90441
1.88325
1.8873
1.9156
1.96245
2.01991
2.08035
2.13726
2.18506
2.21937
2.23774
2.24035
2.22972
2.20961
2.18396
2.15746
2.13642
2.12809
2.13701
2.16117
2.19195
2.21909
2.23637
2.24344
2.24393
2.24194
2.23935
2.23485
2.22485
2.20529
2.17348
2.12944
2.07634
2.0193
1.96417
1.91557
1.87714
1.85295
1.84851
1.86826
1.91046
1.96523
2.01912
2.0613
2.0856
2.0888
2.07025
2.03352
1.98677
1.93992
1.90098
1.87414
1.86128
1.86451
1.8862
1.92652
1.98144
2.04347
2.10445
2.158
2.19944
2.22521
2.23398
2.2282
2.21386
2.19841
2.18799
2.18576
2.19126
2.20096
2.20967
2.21246
2.20674
2.08465
2.06954
2.05921
2.05596
2.06194
2.07901
2.10549
2.13426
2.15691
2.16903
2.17088
2.16487
2.15392
2.14098
2.1288
2.11961
2.1145
2.11249
2.10985
2.10162
2.08413
2.057
2.02353
1.99029
1.96564
1.95665
1.96544
1.98778
2.01641
2.04543
2.07203
2.09471
2.11156
2.1194
2.1156
2.10002
2.07579
2.04762
2.01912
1.99097
1.96237
1.93333
1.90574
1.88199
1.86405
1.85322
1.85098
1.85874
1.87636
1.90108
1.92924
1.95869
1.98918
2.02115
2.05441
2.08826
2.12225
2.15616
2.18818
2.21366
2.22692
2.22364
2.20231
2.16445
2.1145
2.0592
2.00642
1.96354
1.93489
1.91996
1.91435
1.91406
1.91895
1.93132
1.95153
1.97644
2.00127
2.02253
2.03979
2.05546
2.07187
2.08884
2.10504
2.12075
2.13746
2.15567
2.17317
2.185
2.18499
2.16886
2.13765
2.0991
2.06359
2.03827
2.02671
2.03197
2.05521
2.09129
2.12898
2.1565
2.16755
2.16347
2.15064
2.13587
2.12335
2.11373
2.10493
2.09371
2.07751
2.05573
2.02981
2.00293
1.98005
1.96754
1.97117
1.9932
2.03018
2.0735
2.11271
2.13952
2.14947
2.14191
2.11923
2.08613
2.04887
2.01343
1.98352
1.95961
1.94
1.92328
1.91042
1.90482
1.90975
1.92536
1.94749
1.9699
1.98656
1.99301
1.98796
1.97511
1.96388
1.9649
1.9826
2.01243
2.04577
2.07613
2.10067
2.11864
2.12899
2.12894
2.11517
2.08623
2.04438
1.99634
1.95233
1.92275
1.91388
1.92475
1.94819
1.97529
1.99943
2.01703
2.02752
2.03425
2.0439
2.06052
2.08069
2.09579
2.09866
2.08798
2.06806
2.046
2.02849
2.01968
2.02095
2.03109
2.0469
2.06406
2.07876
2.08949
2.09655
2.09931
2.09499
2.08134
2.05941
2.03389
2.01028
1.99222
1.98034
1.97357
1.97138
1.9751
1.98705
2.00908
2.04128
2.08124
2.12431
2.16425
2.19419
2.20845
2.20393
2.18086
2.14241
2.09393
2.04232
1.99538
1.96074
1.94439
1.94889
1.97266
2.0102
2.05399
2.09598
2.12881
2.14723
2.14905
2.13589
2.1129
2.08706
2.06481
2.04935
2.03935
2.03047
2.01875
2.00353
1.98803
1.97749
1.97627
1.98477
1.99859
2.01174
2.02056
2.02486
2.02618
2.02619
2.02614
2.02674
2.02836
2.03171
2.03767
2.04577
2.05271
2.05399
2.04697
2.03303
2.01686
2.00446
1.99949
2.00109
2.00419
2.00321
1.996
1.98498
1.97523
1.97157
1.97712
1.99297
2.01831
2.05001
2.0824
2.10913
2.12568
2.13134
2.12945
2.1251
2.12185
2.11948
2.11448
2.10248
2.08068
2.04929
2.01234
1.97729
1.95318
1.94724
1.96195
1.99433
2.03672
2.07842
2.10802
2.11692
2.10264
2.0693
2.02573
1.98257
1.94926
1.93179
1.93124
1.94336
1.95982
1.97088
1.96889
1.95123
1.92147
1.88865
1.86549
1.86483
1.89531
1.95677
2.03956
2.12861
2.20881
2.26911
2.30448
2.31565
2.30728
2.28476
2.25153
2.20899
2.15808
2.10081
2.04044
1.98103
1.92725
1.88467
1.85961
1.85606
1.87271
1.9028
1.93666
1.96493
1.98106
1.98337
1.97521
1.96205
1.94715
1.92988
1.90828
1.88169
1.85223
1.82507
1.80794
1.80807
1.82765
1.86173
1.90129
1.93848
1.96994
1.99619
2.02009
2.04488
2.07299
2.10494
2.13921
2.17274
2.20227
2.22597
2.24364
2.25596
2.26384
2.26863
2.27137
2.27157
2.2674
2.25739
2.24204
2.22362
2.20448
2.18608
2.16925
2.15502
2.14369
2.13414
2.12443
2.11316
2.09946
2.08221
2.06021
2.03252
1.99893
1.95995
1.91774
1.877
1.84526
1.831
1.83989
1.87167
1.92014
1.97542
2.02678
2.06447
2.08143
2.07473
2.04586
2.00037
1.94672
1.89467
1.85278
1.82612
1.81516
1.81671
1.82647
1.84159
1.86147
1.88672
1.91717
1.95116
1.98634
2.02007
2.04911
2.0691
2.07561
2.06684
2.04584
2.02116
2.00391
2.00263
2.01903
2.04838
2.08246
2.11238
2.13032
2.13054
2.11051
2.07218
2.02292
1.97468
1.94022
1.92666
1.93183
1.94684
1.96343
1.98033
2.00344
2.03847
2.08258
2.12428
2.15196
2.15997
2.14836
2.11968
2.0778
2.02856
1.98037
1.94261
1.92183
1.91925
1.93202
1.95572
1.98553
2.01625
2.04348
2.06532
2.08345
2.10171
2.12289
2.14647
2.16872
2.18486
2.19163
2.18859
2.17696
2.15692
2.12623
2.08355
2.03396
1.98829
1.95441
1.93181
1.91625
1.90683
1.90654
1.91879
1.94484
1.98339
2.03108
2.08246
2.13017
2.16734
2.19024
2.19858
2.19337
2.17491
2.14269
2.0974
2.04341
1.98894
1.94387
1.91494
1.90267
1.90255
1.90975
1.92235
1.9412
1.9676
2.00054
2.03552
2.06574
2.08469
2.08887
2.079
2.05904
2.03472
2.0115
1.99293
1.97999
1.97238
1.9705
1.9761
1.99088
2.01522
2.04805
2.08669
2.12646
2.16115
2.18403
2.19018
2.17853
2.1528
2.12061
2.09175
2.07564
2.07732
2.09335
2.11212
2.12054
2.1111
2.08481
2.05
2.01864
2.00195
2.00612
2.0299
2.06542
2.10199
2.12996
2.14217
2.13351
2.10161
2.04908
1.98471
1.92111
1.87002
1.83825
1.82673
1.83091
1.84159
1.84769
1.8417
1.82446
1.80553
1.79897
1.81653
1.8616
1.92791
2.0042
2.08018
2.14917
2.20783
2.25423
2.28683
2.30424
2.30564
2.29164
2.26501
2.23046
2.19399
2.16173
2.139
2.12955
2.13397
2.1492
2.16943
2.18834
2.20032
2.20105
2.18852
2.16358
2.12898
2.08758
2.04134
1.99196
1.94219
1.89606
1.85808
1.83201
1.81953
1.81979
1.83044
1.84873
1.87228
1.89851
1.924
1.94379
1.95223
1.94578
1.92637
1.90293
1.88936
1.8987
1.93677
1.99959
2.07517
2.14703
2.19896
2.22036
2.21003
2.17606
2.13161
2.08922
2.05688
2.03733
2.02925
2.02904
2.03222
2.03501
2.03594
2.03678
2.04103
2.05156
2.06866
2.09008
2.11319
2.13708
2.16217
2.18817
2.21222
2.22888
2.23204
2.21784
2.18697
2.14438
2.09637
2.04782
2.00149
1.95906
1.92169
1.89013
1.86397
1.84174
1.82193
1.80544
1.79742
1.80566
1.83587
1.8887
1.96067
2.04637
2.13846
2.22713
2.30104
2.35084
2.37173
2.36395
2.33197
2.28278
2.22422
2.16317
2.10367
2.04689
1.99265
1.94206
1.89935
1.87079
1.86199
1.87514
1.90823
1.9552
2.00683
2.05263
2.08365
2.0948
2.08566
2.05951
2.02155
1.97787
1.9345
1.8964
1.86622
1.84401
1.82904
1.82251
1.82888
1.8533
1.89653
1.95326
2.01495
2.07386
2.12424
2.16187
2.1833
2.18645
2.17135
2.14035
2.09689
2.04433
1.98621
1.92718
1.87349
1.83227
1.81011
1.81121
1.83583
1.87915
1.93188
1.9835
2.02615
2.05693
2.07667
2.08605
2.08365
2.07038
2.05426
2.04799
2.0598
2.08733
2.12141
2.15379
2.18069
2.20142
2.2157
2.2222
2.21945
2.20756
2.18876
2.1661
2.14259
2.12102
2.10382
2.09326
2.09151
2.10029
2.11967
2.14708
2.17699
2.20212
2.21514
2.21084
2.18754
2.14799
2.09925
2.05112
2.01325
1.99253
1.99191
2.00985
2.03872
2.06559
2.07782
2.06869
2.03834
1.99167
1.93553
1.87786
1.82878
1.79992
1.799
1.8236
1.86356
1.90922
1.95592
2.00192
2.045
2.08089
2.10396
2.10928
2.09544
2.06749
2.03612
2.01018
1.98956
1.96907
1.94831
1.93369
1.93246
1.94674
1.97307
2.00602
2.04085
2.07325
2.09833
2.11184
2.11257
2.10384
2.09291
2.08775
2.09281
2.10725
2.12688
2.14695
2.1626
2.16884
2.16235
2.14363
2.11671
2.08716
2.06042
2.04112
2.03257
2.03661
2.05267
2.07711
2.10388
2.12575
2.13587
2.12973
2.10749
2.07531
2.04336
2.02145
2.01521
2.02428
2.04306
2.06334
2.07783
2.08191
2.07362
2.05341
2.02421
1.99153
1.96208
1.94153
1.93316
1.93782
1.95409
1.97757
2.00147
2.01992
2.03165
2.04119
2.0564
2.08144
2.11121
2.13511
2.14506
2.13979
2.12367
2.10367
2.0857
2.07187
2.0611
2.0521
2.04527
2.04237
2.04512
2.05375
2.06494
2.07178
2.06649
2.04424
2.00502
1.9519
1.88998
1.82737
1.77606
1.74854
1.75205
1.78576
1.84263
1.91307
1.98794
2.06025
2.12511
2.17854
2.21794
2.24248
2.25293
2.24973
2.23132
2.19562
2.14369
2.0843
2.03408
2.00957
2.0163
2.04641
2.08488
2.11618
2.12902
2.11866
2.08691
2.04117
1.99325
1.95713
1.94341
1.95333
1.97916
2.01066
2.04029
2.0639
2.07953
2.08628
2.08441
2.07547
2.06255
2.04982
2.04159
2.04152
2.05186
2.07251
2.10075
2.13133
2.15803
2.17518
2.17891
2.16779
2.14282
2.10777
2.06915
2.03456
2.00995
1.99687
1.99237
1.99119
1.98864
1.98221
1.97197
1.95993
1.94891
1.9414
1.93927
1.94391
1.9557
1.97292
1.99198
2.00987
2.02653
2.04484
2.06788
2.09578
2.12458
2.14701
2.15504
2.14313
2.11155
2.06816
2.02677
2.00144
1.9991
2.01658
2.04409
2.0718
2.09311
2.10497
2.10607
2.09596
2.0756
2.0487
2.02138
1.99899
1.98317
1.97424
1.97427
1.98536
2.00643
2.03296
2.0604
2.08678
2.1126
2.13882
2.16466
2.18745
2.2045
2.2154
2.22263
2.23001
2.24043
2.25419
2.26857
2.27816
2.27714
2.2615
2.22997
2.18365
2.12467
2.05552
1.97902
1.8998
1.82454
1.76143
1.71878
1.70283
1.71533
1.75223
1.80452
1.86086
1.91071
1.94704
1.96719
1.97274
1.96833
1.96008
1.95398
1.954
1.96079
1.97175
1.98293
1.99175
1.99877
2.00758
2.0234
2.05041
2.08934
2.1365
2.18517
2.22715
2.2529
2.25379
2.22743
2.18049
2.0538
2.01437
1.99108
1.98695
2.00197
2.03381
2.07803
2.12833
2.17673
2.21427
2.233
2.22817
2.20004
2.15419
2.0992
2.04199
1.9839
1.9223
1.85631
1.79063
1.73566
1.70498
1.71026
1.75492
1.83066
1.92143
2.01159
2.09083
2.15377
2.19745
2.21957
2.21956
2.20001
2.16679
2.12709
2.0879
2.05526
2.03367
2.02524
2.02891
2.04081
2.05544
2.06653
2.06837
2.05663
2.02893
1.98576
1.93164
1.87524
1.82695
1.79489
1.78195
1.78637
1.80457
1.83339
1.87086
1.91505
1.96196
2.00538
2.03988
2.06355
2.07755
2.08373
2.08326
2.07657
2.06333
2.04302
2.01584
1.98461
1.95615
1.93969
1.94224
1.96461
2.00189
2.04657
2.0901
2.12363
2.13919
2.13261
2.10527
2.06459
2.02182
1.98733
1.96579
1.95572
1.95337
1.95633
1.96384
1.97515
1.98817
1.99989
2.00767
2.01076
2.01006
2.00692
2.00214
1.9961
1.98977
1.98542
1.98633
1.99536
2.01327
2.03829
2.0665
2.09261
2.11058
2.11458
2.1004
2.06732
2.02005
1.96884
1.92584
1.89839
1.88592
1.88412
1.89105
1.9079
1.93524
1.96912
2.00143
2.02376
2.03123
2.02446
2.00933
1.99466
1.98804
1.99144
1.99959
2.00282
1.99326
1.97115
1.94604
1.93023
1.92898
1.93801
1.95023
1.96192
1.97322
1.98596
2.00257
2.02563
2.05638
2.0924
2.12732
2.15307
2.16343
2.15702
2.13804
2.11484
2.09686
2.08977
2.09054
2.08768
2.06848
2.02638
1.96309
1.88721
1.81273
1.75549
1.72768
1.733
1.76761
1.82542
1.90093
1.98653
2.0706
2.14042
2.18669
2.20508
2.19556
2.16149
2.1096
2.04986
1.99461
1.95597
1.94168
1.95161
1.97744
2.00685
2.02932
2.03911
2.03555
2.02334
2.01106
2.00719
2.01554
2.03389
2.05704
2.07993
2.09873
2.11088
2.115
2.1103
2.09628
2.07296
2.04175
2.0061
1.97084
1.94135
1.92201
1.9143
1.91605
1.92293
1.93104
1.93786
1.9417
1.94172
1.9391
1.93841
1.9457
1.96415
1.99187
2.02368
2.05404
2.07809
2.09242
2.0955
2.08788
2.07162
2.04939
2.02333
1.99484
1.96528
1.93668
1.91153
1.89304
1.88495
1.89137
1.91552
1.95823
2.01643
2.08212
2.14407
2.19178
2.21984
2.22912
2.22484
2.21219
2.19235
2.16288
2.12226
2.07368
2.02513
1.9861
1.96371
1.96047
1.97403
1.99807
2.02426
2.0454
2.05867
2.06723
2.078
2.09602
2.11965
2.14139
2.15305
2.1498
2.13068
2.09699
2.05115
1.99666
1.93872
1.88393
1.83866
1.8069
1.78894
1.78196
1.78233
1.78772
1.79728
1.81062
1.8266
1.84373
1.86136
1.88057
1.90376
1.93325
1.96991
2.01256
2.05828
2.10256
2.13979
2.16384
2.1692
2.15226
2.1128
2.05494
1.98711
1.92061
1.86653
1.83223
1.81924
1.82395
1.84021
1.8622
1.88567
1.90814
1.92863
1.9476
1.96613
1.98507
2.00455
2.02405
2.04222
2.05718
2.0672
2.07068
2.06628
2.05298
2.03143
2.0044
1.97637
1.95232
1.93593
1.9281
1.92619
1.92517
1.92048
1.91158
1.90296
1.90153
1.91204
1.93424
1.964
1.99616
2.0268
2.05337
2.0752
2.09375
2.11162
2.13005
2.14714
2.15807
2.15721
2.14059
2.10715
2.0591
2.00149
1.94156
1.88692
1.84378
1.81496
1.80076
1.8012
1.81735
1.85045
1.90003
1.96204
2.02872
2.09123
2.14308
2.18149
2.20672
2.21981
2.22087
2.20851
2.18095
2.13773
2.0815
2.01869
1.95893
1.91233
1.88541
1.87823
1.88527
1.89906
1.9134
1.92479
1.93268
1.93871
1.9455
1.95504
1.96746
1.9806
1.99174
1.99889
2.00137
1.99905
1.99172
1.9794
1.96268
1.94322
1.92374
1.90688
1.89427
1.88585
1.88012
1.87475
1.86704
1.85483
1.83803
1.81967
1.80526
1.79981
1.80459
1.81711
1.83367
1.85189
1.87145
1.89319
1.91751
1.94269
1.96438
1.97703
1.97634
1.9616
1.93622
1.90651
1.88031
1.86642
1.8731
1.90369
1.95323
2.01082
2.06575
2.1109
2.14197
2.15635
2.15303
2.13309
2.09966
2.05775
2.01393
1.97535
1.94721
1.93174
1.92945
1.94066
1.96551
2.00326
2.05099
2.10279
2.15019
2.18427
2.19823
2.18963
2.16153
2.12179
2.08003
2.04336
2.01481
1.99558
1.98803
1.99502
2.01646
2.04718
2.07845
2.10147
2.11042
2.10441
2.08777
2.06809
2.05333
2.04873
2.05547
2.07102
2.09057
2.10909
2.12256
2.12764
2.12186
2.10386
2.0742
2.03548
1.99098
1.94309
1.89285
1.84155
1.79258
1.75143
1.72413
1.71511
1.72541
1.75165
1.78607
1.81891
1.84273
1.85553
1.86103
1.86622
1.87712
1.89569
1.91954
1.9445
1.96701
1.98587
2.00199
2.01659
2.0292
2.03869
2.04602
2.0541
2.06386
2.07205
2.07446
2.06981
2.0609
2.05261
2.04845
2.04858
2.0505
2.05127
2.04839
2.03949
2.02266
1.99715
1.96439
1.92825
1.89514
1.87416
1.87394
1.89629
1.93451
1.97891
2.02122
2.05514
2.07618
2.08159
2.07042
2.04427
2.00766
1.96805
1.93407
1.91272
1.90625
1.91053
1.91723
1.91848
1.91148
1.89999
1.89207
1.89568
1.91434
1.94576
1.98372
2.02152
2.05435
2.07994
2.09809
2.10977
2.11634
2.11881
2.11743
2.11221
2.10345
2.09193
2.07797
2.06015
2.03593
2.00431
1.96866
1.9363
1.91454
1.90558
1.90479
1.90396
1.89612
1.87883
1.85526
1.83284
1.82027
1.82444
1.84821
1.88962
1.94204
1.99609
2.04288
2.07702
2.09818
2.11019
2.11811
2.12528
2.13175
2.13464
2.12949
2.11203
2.07989
2.03407
1.97955
1.92462
1.87827
1.84701
1.83247
1.83195
1.84023
1.85048
1.85563
1.85191
1.84142
1.83287
1.8386
1.86829
1.92275
1.99253
2.06314
2.12142
2.15942
2.17457
2.16798
2.14319
2.10561
2.06215
2.01999
1.98448
1.95842
1.94332
1.94025
1.94942
1.96912
1.99472
2.01918
2.03602
2.04298
2.04284
2.04078
2.0408
2.04398
2.04873
2.05244
2.05308
2.04981
2.04289
2.03325
2.02159
2.00767
1.99047
1.96936
1.9449
1.91932
1.89631
1.8805
1.87611
1.88507
1.90577
1.93388
1.9641
1.99105
2.00964
2.0158
2.00825
1.98965
1.96544
1.9414
1.92275
1.91557
1.92551
1.95414
1.9967
2.04447
2.08845
2.12177
2.1409
2.14556
2.13812
2.12244
2.10264
2.08205
2.06271
2.04512
2.02773
2.00725
1.98073
1.94827
1.91492
1.88901
1.8782
1.88585
1.90896
1.93964
1.96851
1.98887
1.99898
2.00174
2.0021
2.00371
2.00713
2.01152
2.01667
2.02357
2.03369
2.04794
2.06498
2.0802
2.08665
2.07793
2.05169
2.01236
1.97135
1.94303
1.93804
1.95759
1.99342
2.03236
2.06202
2.07483
2.06952
2.05111
2.02877
2.01236
2.00851
2.01815
2.03676
2.05664
2.07032
2.07359
2.06615
2.04983
2.02589
1.9946
1.95743
1.9205
1.89395
1.88541
1.8943
1.91423
1.93861
1.96354
1.98681
2.00684
2.02257
2.03412
2.04283
2.05056
2.05865
2.06671
2.07248
2.07258
2.06499
2.0507
2.03325
2.01571
1.99857
1.98058
1.96136
1.94272
1.92789
1.92037
1.92276
1.93616
1.95933
1.9883
2.01741
2.04147
2.05797
2.06772
2.07337
2.07758
2.08211
2.08789
2.09477
2.10065
2.10213
2.09777
2.09083
2.08769
2.09192
2.0998
2.10265
2.09421
2.07591
2.05581
2.04384
2.04715
2.06769
2.10105
2.13683
2.1623
2.16733
2.14869
2.11094
2.06371
2.01654
1.97375
1.93344
1.89048
1.8417
1.78982
1.74375
1.71477
1.71095
1.73395
1.77959
1.84042
1.90796
1.97458
2.03439
2.08281
2.11555
2.12897
2.12168
2.09579
2.05682
2.01234
1.97042
1.93803
1.92028
1.92043
1.94026
1.9794
2.03337
2.093
2.14572
2.17965
2.1882
2.17277
2.14208
2.10864
2.08334
2.071
2.07042
2.07646
2.0823
2.08163
2.07043
2.04828
2.01889
1.98917
1.96651
1.95486
1.95324
1.95764
1.96428
1.97008
1.97131
1.96402
1.9476
1.92755
1.9137
1.91529
1.93575
1.97025
2.00892
2.04186
2.06236
2.06843
2.0631
2.05249
2.04284
2.03749
2.03636
2.03812
2.04322
2.05509
2.07758
2.11032
2.14618
2.17419
2.18474
2.17227
2.13552
2.0776
2.00655
1.93468
1.87495
1.83616
1.8208
1.82655
1.84899
1.88324
1.92446
1.96763
2.00777
2.04054
2.06262
2.07169
2.06719
2.0515
2.03004
2.00987
1.99665
1.99195
1.99276
1.99427
1.9938
1.99236
1.99329
1.99937
2.01153
2.02903
2.04969
2.07007
2.08593
2.09325
2.0893
2.07365
2.04823
2.01717
1.98577
1.95925
1.94196
1.93665
1.9438
1.96083
1.98156
1.99762
2.00178
1.99096
1.96704
1.93583
1.90404
1.87584
1.85193
1.83203
1.81826
1.81453
1.8222
1.83757
1.85462
1.86886
1.88012
1.89247
1.91091
1.93688
1.96739
1.99712
2.01974
2.0291
2.02193
2.00165
1.98001
1.97069
1.97806
1.99552
2.01403
2.0284
2.03733
2.04099
2.03882
2.02947
2.01273
1.99169
1.97276
1.96313
1.96795
1.98835
2.02142
2.06182
2.10329
2.13974
2.16581
2.17807
2.17584
2.16164
2.14089
2.1205
2.10544
2.0958
2.08855
2.08104
2.0719
2.06003
2.04375
2.02089
1.99007
1.95271
1.91457
1.88509
1.87307
1.88189
1.90784
1.94261
1.97732
2.0051
2.02192
2.02649
2.02001
2.00526
1.98604
1.96596
1.94728
1.93124
1.91976
1.91675
1.92611
1.94719
1.9724
1.99085
1.99433
1.98085
1.95416
1.92099
1.88848
1.86283
1.84931
1.852
1.87177
1.90451
1.9422
1.97706
2.00528
2.02737
2.04561
2.06096
2.07191
2.07605
2.07284
2.06479
2.05588
2.04866
2.08567
2.07124
2.05684
2.04292
2.03323
2.03503
2.0529
2.08209
2.11071
2.12801
2.12905
2.11352
2.08331
2.04122
1.99057
1.93494
1.87872
1.82864
1.7938
1.7818
1.79469
1.82784
1.87189
1.91543
1.94777
1.96153
1.95517
1.93436
1.91136
1.9006
1.91163
1.94483
1.99288
2.0454
2.09309
2.13061
2.15708
2.17362
2.17965
2.17333
2.15478
2.12794
2.09971
2.07726
2.06536
2.06446
2.07182
2.08401
2.09873
2.11418
2.12845
2.13946
2.14579
2.14584
2.1361
2.11319
2.07837
2.0393
2.00613
1.9855
1.97776
1.97926
1.98539
1.99081
1.98981
1.97953
1.96318
1.94949
1.94864
1.96749
2.00692
2.06226
2.12628
2.19124
2.24922
2.29275
2.316
2.3163
2.29441
2.25369
2.19914
2.13661
2.07262
2.01368
1.9653
1.9303
1.9077
1.89313
1.88115
1.86874
1.85744
1.85251
1.85956
1.88091
1.91341
1.94911
1.97868
1.99594
2.00049
1.99707
1.99259
1.99264
1.99983
2.01393
2.03267
2.05266
2.06999
2.08084
2.0822
2.07324
2.05597
2.03511
2.0168
2.00656
2.00669
2.01488
2.02508
2.03122
2.03028
2.02316
2.01297
2.00297
1.99625
1.99635
2.00739
2.03267
2.07242
2.12211
2.17278
2.21325
2.23379
2.22864
2.19745
2.14516
2.08145
2.01922
1.97076
1.94208
1.93089
1.93031
1.9339
1.93745
1.93834
1.93521
1.92875
1.92294
1.92466
1.93934
1.967
2.0024
2.039
2.0714
2.0948
2.10442
2.09683
2.07195
2.03394
1.99022
1.94941
1.91895
1.90283
1.90071
1.90857
1.92088
1.93363
1.94654
1.96235
1.98436
2.01493
2.05433
2.09882
2.14157
2.17581
2.19795
2.20708
2.20316
2.18562
2.15441
2.11234
2.06629
2.02536
1.99685
1.98339
1.9833
1.99326
2.01116
2.03625
2.06724
2.09992
2.12782
2.14508
2.14946
2.14301
2.13035
2.11504
2.09734
2.07579
2.05058
2.0251
2.00412
1.9908
1.98517
1.98467
1.98562
1.98505
1.98198
1.97801
1.97594
1.97782
1.98361
1.99157
1.99952
2.00619
2.01186
2.018
2.02533
2.03163
2.03237
2.02501
2.01134
1.99666
1.9865
1.9844
1.99056
2.00175
2.01358
2.02392
2.03438
2.04738
2.06178
2.07275
2.07525
2.06672
2.04735
2.01903
1.98468
1.94782
1.9119
1.87983
1.85311
1.83081
1.80991
1.78738
1.76337
1.74302
1.73518
1.74779
1.78207
1.83065
1.88332
1.93343
1.97844
2.01697
2.04733
2.06862
2.08147
2.08795
2.09122
2.09545
2.10465
2.12119
2.14503
2.17475
2.20918
2.24752
2.28742
2.32344
2.34751
2.35186
2.33232
2.29075
2.23496
2.17645
2.12652
2.0923
2.07522
2.07268
2.08117
2.09771
2.11836
2.13681
2.14531
2.13707
2.10888
2.06258
2.00471
1.9442
1.88954
1.84783
1.82528
1.82674
1.85298
1.89845
1.95183
1.99967
2.03116
2.04188
2.03436
2.01507
1.99026
1.9641
1.93919
1.91805
1.90326
1.89623
1.89591
1.89955
1.90495
1.91237
1.92426
1.94346
1.97083
2.00464
2.0414
2.07707
2.10724
2.12692
2.13139
2.11804
2.08816
2.04727
2.00333
1.96397
1.93409
1.91462
1.90351
1.89839
1.89905
1.90793
1.92854
1.96292
2.00947
2.06269
2.11459
2.15696
2.18304
2.18896
2.17475
2.14471
2.10655
2.06936
2.04095
2.02615
2.0265
2.04075
2.06574
2.09629
2.12543
2.14497
2.14743
2.12816
2.08732
2.03114
1.9705
1.91786
1.884
1.87675
1.89912
1.946
2.0044
2.0597
2.1019
2.12732
2.13658
2.13243
2.11851
2.09769
2.07079
2.03612
1.99186
1.94247
1.90545
1.90324
1.93835
1.98952
2.03577
2.0686
2.08734
2.09358
2.09066
2.08369
2.07797
2.07638
2.07875
2.08368
2.09
2.09684
2.10369
2.11065
2.11757
2.12256
2.12188
2.1121
2.09278
2.06782
2.0436
2.02474
2.01174
2.00226
1.99394
1.98525
1.97584
1.96713
1.96301
1.96874
1.9881
2.02056
2.06096
2.10187
2.13617
2.15887
2.1671
2.1592
2.13448
2.09401
2.04176
1.98509
1.93388
1.89711
1.87903
1.87777
1.88725
1.9011
1.91629
1.93392
1.95501
1.97634
1.99359
2.00723
2.02192
2.04061
2.06053
2.07486
2.07636
2.05996
2.02353
1.96907
1.90434
1.84385
1.80584
1.80481
1.84399
1.91376
1.99725
2.07754
2.14166
2.18204
2.19683
2.18981
2.16885
2.14361
2.1224
2.10918
2.10312
2.10083
2.09995
2.10072
2.10399
2.10821
2.11024
2.10774
2.09994
2.08681
2.06841
2.04516
2.01786
1.98747
1.95409
1.91664
1.87405
1.82807
1.78553
1.75839
1.75954
1.79568
1.86136
1.93995
2.01193
2.06355
2.09069
2.09782
2.09508
2.09429
2.10386
2.12485
2.15188
2.17801
2.19872
2.21175
2.21527
2.20785
2.18995
2.16456
2.13639
2.11123
2.09525
2.09343
2.10628
2.12832
2.14972
2.15974
2.15046
2.11961
2.07131
2.01391
1.95532
1.89994
1.84974
1.80692
1.7759
1.76258
1.77066
1.79862
1.84036
1.88872
1.93659
1.97669
2.00217
2.00882
1.99657
1.96957
1.93563
1.90485
1.88577
1.88267
1.89669
1.92707
1.97025
2.01927
2.06614
2.10552
2.13594
2.15767
2.17007
2.17139
2.16175
2.14713
2.13954
2.15026
2.18077
2.22097
2.25593
2.27358
2.26784
2.2386
2.19069
2.13235
2.0722
2.01681
1.97013
1.93438
1.9103
1.89773
1.8972
1.91189
1.94584
1.99873
2.0625
2.12415
2.17172
2.19796
2.20126
2.18443
2.15226
2.10954
2.05987
2.00598
1.95131
1.90162
1.8642
1.8442
1.84198
1.85412
1.8757
1.90124
1.92452
1.93968
1.94448
1.9426
1.94267
1.9531
1.97687
2.01048
2.04714
2.07998
2.10373
2.11508
2.11304
2.0998
2.08137
2.06522
2.05739
2.06079
2.07527
2.09833
2.12562
2.15179
2.17183
2.18311
2.18636
2.18393
2.17733
2.16598
2.14765
2.11981
2.081
2.03238
1.97882
1.92916
1.89399
1.88107
1.89147
1.91985
1.95766
1.99639
2.02886
2.04945
2.05398
2.04103
2.01347
1.97962
1.95028
1.93202
1.92303
1.91746
1.91302
1.91278
1.91981
1.93246
1.9471
1.96393
1.98659
2.01603
2.04755
2.07471
2.09501
2.11108
2.12818
2.15082
2.18189
2.22255
2.27085
2.32101
2.36442
2.39256
2.39947
2.38291
2.34406
2.28629
2.2142
2.13237
2.04545
1.95993
1.88651
1.84019
1.8334
1.86494
1.9187
1.97476
2.019
2.04519
2.05413
2.05155
2.04485
2.03861
2.03418
2.03238
2.03544
2.04559
2.06272
2.08278
2.09824
2.10096
2.08575
2.05252
2.00587
1.9529
1.90029
1.85185
1.80857
1.77036
1.73837
1.71606
1.7089
1.72275
1.76063
1.81998
1.89219
1.96593
2.03058
2.07824
2.10496
2.11114
2.10073
2.07909
2.05094
2.01977
1.98855
1.96133
1.94424
1.94415
1.96543
2.00716
2.06244
2.12021
2.16868
2.19885
2.20716
2.19663
2.17564
2.15485
2.14267
2.14159
2.1475
2.15286
2.15046
2.136
2.10931
2.0743
2.03744
2.00496
1.97934
1.95856
1.93906
1.91986
1.90356
1.89406
1.89341
1.9002
1.9105
1.92091
1.93207
1.94956
1.97982
2.02175
2.06332
2.08845
2.0868
2.05974
2.02019
1.98569
1.96759
1.96669
1.97876
2.00114
2.0334
2.07284
2.11101
2.13646
2.14073
2.12283
2.08986
2.0537
2.02515
2.00976
2.00738
2.0144
2.0268
2.0417
2.05768
2.07376
2.08832
2.09871
2.10143
2.09265
2.06935
2.03083
1.98035
1.92573
1.87806
1.8482
1.84327
1.86418
1.90509
1.95508
2.00244
2.03869
2.05993
2.06675
2.06371
2.05757
2.05441
2.05681
2.06339
2.07086
2.07656
2.07966
2.08084
2.08081
2.07914
2.07399
2.06311
2.04551
2.02297
1.99996
1.98187
1.97182
1.96776
1.96307
1.95023
1.92595
1.89399
1.86429
1.84865
1.85591
1.88839
1.94089
2.00251
2.06008
2.10172
2.1203
2.116
2.09738
2.07921
2.07509
2.08895
2.11386
2.13849
2.15406
2.15674
2.14708
2.12858
2.10553
2.08116
2.05677
2.03216
2.00709
1.98228
1.96021
1.94456
1.93766
1.93835
1.94221
1.94429
1.94325
1.94399
1.95588
1.98482
2.02814
2.07874
2.13056
2.17903
2.21948
2.24741
2.25949
2.25442
2.23298
2.19746
2.1508
2.09592
2.03623
1.97833
1.93256
1.90873
1.90953
1.9293
1.95883
1.99122
2.02346
2.05513
2.08621
2.11591
2.14265
2.16465
2.17986
2.18594
2.18012
2.15982
2.12352
2.07229
2.0111
1.94918
1.89755
1.86414
1.8494
1.84713
1.84978
1.85348
1.85857
1.86729
1.88097
1.89867
1.91756
1.9349
1.94866
1.95752
1.96025
1.95559
1.94288
1.92331
1.90101
1.88273
1.87587
1.88557
1.91261
1.95377
2.0038
2.05734
2.10921
2.15421
2.18781
2.20737
2.21278
2.20582
2.18866
2.16332
2.13196
2.09768
2.06396
2.03324
2.00608
1.98216
1.96171
1.94709
1.94233
1.95061
1.97183
2.00255
2.0379
2.07326
2.10508
2.1312
2.15062
2.16325
2.16996
2.1724
2.17212
2.16949
2.1632
2.15046
2.12844
2.09679
2.05933
2.02368
1.99836
1.98859
1.99413
2.01027
2.03058
2.04951
2.06314
2.06832
2.06296
2.04737
2.02533
2.00239
1.98262
1.96658
1.95242
1.93809
1.92327
1.90905
1.89735
1.89074
1.89233
1.90385
1.92353
1.94617
1.96565
1.9783
1.9853
1.99273
2.00906
2.03971
2.08266
2.12951
2.17148
2.20411
2.22661
2.23836
2.23682
2.21847
2.18167
2.12997
2.07366
2.02595
1.99523
1.98034
1.97454
1.97199
1.9705
1.96986
1.96941
1.96826
1.96864
1.97604
1.99211
2.0102
2.02327
2.03241
2.04521
2.06816
2.10131
2.13858
2.1714
2.19197
2.19559
2.18181
2.1545
2.12066
2.07864
2.0645
2.0563
2.04965
2.04103
2.02928
2.01442
1.99643
1.97605
1.95587
1.93973
1.93026
1.92711
1.92757
1.92887
1.93036
1.93348
1.93988
1.94993
1.96233
1.97451
1.98334
1.98583
1.97976
1.96448
1.94122
1.91186
1.87837
1.84323
1.81014
1.78343
1.76773
1.76959
1.79766
1.85631
1.93766
2.0228
2.09247
2.13563
2.15061
2.14236
2.12025
2.09618
2.08133
2.08267
2.10053
2.12929
2.16038
2.18593
2.20123
2.20511
2.19938
2.18761
2.17294
2.15469
2.1281
2.0882
2.03473
1.97529
1.92524
1.90194
1.91507
1.96006
2.02114
2.08012
2.12249
2.13878
2.12412
2.07905
2.01145
1.93673
1.87193
1.82734
1.80438
1.79948
1.80766
1.82466
1.84801
1.87717
1.91231
1.95245
1.99395
2.03133
2.05962
2.07454
2.07253
2.05491
2.03078
2.01216
2.00705
2.01657
2.03661
2.06078
2.08199
2.09364
2.09237
2.08101
2.06864
2.06599
2.07898
2.10585
2.13954
2.1711
2.1909
2.18996
2.16211
2.10696
2.03145
1.94968
1.87955
1.83644
1.8263
1.84535
1.88533
1.93745
1.99222
2.03977
2.07299
2.09086
2.09872
2.10473
2.11547
2.13251
2.15244
2.16967
2.18076
2.18669
2.19109
2.19531
2.19527
2.18403
2.15673
2.11309
2.05733
1.99618
1.93652
1.88349
1.83978
1.8059
1.78145
1.7673
1.7675
1.78717
1.8273
1.88258
1.94486
2.00668
2.06061
2.09826
2.11348
2.10721
2.0873
2.0638
2.04324
2.02569
2.00543
1.97446
1.92829
1.87025
1.8122
1.77046
1.75824
1.77923
1.82718
1.89028
1.95513
2.00995
2.04661
2.06207
2.05833
2.04188
2.02191
2.00706
2.00202
2.00572
2.01332
2.0198
2.0236
2.02767
2.03975
2.06959
2.12096
2.18437
2.24306
2.28507
2.30728
2.31158
2.30074
2.27618
2.23818
2.18742
2.12697
2.06309
2.00402
1.9571
1.92585
1.90874
1.90057
1.8957
1.89044
1.88367
1.87717
1.87657
1.89009
1.92354
1.97588
2.03948
2.10411
2.16065
2.20249
2.225
2.22532
2.20227
2.15685
2.09264
2.01717
1.94227
1.8821
1.84928
1.8505
1.88389
1.93936
2.00233
2.05919
2.10102
2.1244
2.12978
2.11926
2.09528
2.06054
2.01918
1.97789
1.94527
1.92871
1.93091
1.94891
1.97631
2.00611
2.03252
2.05151
2.06148
2.06375
2.06168
2.05854
2.05581
2.05336
2.05083
2.04786
2.04355
2.03662
2.02657
2.01466
2.00418
1.99901
2.00187
2.01271
2.02818
2.04316
2.05282
2.05412
2.04624
2.02989
2.00596
1.97471
1.93605
1.89126
1.84463
1.80484
1.78315
1.78718
1.81555
1.85917
1.90707
1.94954
1.97889
1.99046
1.98441
1.96667
1.94764
1.93795
1.9432
1.96149
1.98568
2.00757
2.02193
2.02789
2.02832
2.02798
2.03039
2.03595
2.04224
2.04651
2.04787
2.04829
2.05175
2.06153
2.07823
2.09975
2.12317
2.14583
2.16596
2.18177
2.19074
2.18979
2.1767
2.15168
2.11804
2.08134
2.04834
2.02569
2.0175
2.02235
2.03312
2.04164
2.0432
2.03783
2.0283
2.01742
2.00694
1.99809
1.992
1.98893
1.98769
1.98616
1.98247
1.97569
1.96584
1.95434
1.94473
1.94086
1.94352
1.9493
1.95293
1.95133
1.94467
1.9347
1.92268
1.90891
1.89385
1.87938
1.86832
1.86318
1.86448
1.87085
1.88096
1.89504
1.91495
1.94238
1.97635
2.01244
2.04546
2.07314
2.09696
2.11986
2.14267
2.1627
2.17573
2.17873
2.17114
2.15471
2.13292
2.1105
2.09225
2.08127
2.07729
2.07699
2.07631
2.07241
2.06466
2.05434
2.04382
2.03514
2.02822
2.02104
2.01157
2.00031
1.99014
1.98341
1.97948
1.97552
1.96944
1.96131
1.95253
1.94466
1.93875
1.93608
1.93914
1.95143
1.97527
2.0093
2.04805
2.08439
2.11222
2.12712
2.12567
2.10505
2.06441
2.00768
1.94433
1.88686
1.84624
1.82871
1.83417
1.85555
1.88154
1.90192
1.91178
1.91197
1.90772
1.90603
1.91312
1.93246
1.96318
1.99959
2.03321
2.05652
2.06599
2.06276
2.05135
2.03774
2.02752
2.02462
2.0307
2.0446
2.06181
2.07522
2.07737
2.06355
2.03498
2.00054
1.97472
1.96989
1.98742
2.01761
2.04898
2.07657
2.10278
2.13216
2.16527
2.19617
2.21487
2.21261
2.18572
2.13758
2.0787
2.02461
1.99092
1.98697
2.01166
2.05362
2.09614
2.1243
2.12996
2.11272
2.07816
2.03526
1.99372
1.96042
1.93671
1.91887
1.9026
1.88677
1.87313
1.86376
1.85962
1.86151
1.8721
1.89497
1.92898
1.96468
1.98979
1.99884
1.99681
1.99493
2.0025
2.02079
2.04416
2.06583
2.08291
2.09568
2.10425
2.10742
2.10391
2.09372
2.07852
2.0612
2.04534
2.03448
2.03107
2.03523
2.04435
2.05409
2.06034
2.06118
2.05748
2.05188
2.04695
2.04343
2.04022
2.0357
2.02998
2.02591
2.0275
2.03714
2.05367
2.07179
2.0839
2.0843
2.07322
2.05701
2.04429
2.04022
2.04412
2.05178
2.05966
2.06678
2.07287
2.07511
2.06801
2.04686
2.01233
1.97245
1.94024
1.92782
1.93946
1.97004
2.01015
2.0514
2.08733
2.11232
2.12181
2.11293
2.0845
2.03786
1.97784
1.91222
1.84969
1.79789
1.7632
1.75093
1.76418
1.80165
1.85726
1.9225
1.98937
2.0513
2.10294
2.13969
2.1578
2.15445
2.12882
2.08303
2.02293
1.95814
1.90088
1.8633
1.8545
1.87746
1.92774
1.99554
2.06908
2.13724
2.19048
2.22131
2.22559
2.20381
2.16164
2.10846
2.05477
2.0097
1.97976
1.96837
1.97547
1.99724
2.02679
2.05631
2.07962
2.09389
2.0996
2.09872
2.09243
2.0798
2.0589
2.02962
1.99496
1.96029
1.93134
1.91237
1.90456
1.9062
1.9142
1.92557
1.93813
1.95017
1.96073
1.96986
1.9784
1.98667
1.99405
2.00001
2.00581
2.01443
2.02873
2.04941
2.07428
2.09855
2.11708
2.12666
2.12649
2.1173
2.10059
2.07838
2.05407
2.03238
2.01873
2.01738
2.02967
2.05307
2.08162
2.108
2.1261
2.1331
2.12992
2.12003
2.10714
2.09352
2.0801
2.06717
2.05499
2.04378
2.03334
2.02256
2.01013
1.99638
1.98453
1.97945
1.98386
1.99576
2.00917
2.0175
2.01579
2.00058
1.969
1.91884
1.85135
1.77545
1.70889
1.67112
1.67183
1.70688
1.76444
1.83265
1.90279
1.96948
2.02937
2.07967
2.11787
2.14229
2.15284
2.15116
2.13969
2.12089
2.09691
2.06937
2.03969
2.00975
1.98265
1.96203
1.9504
1.94857
1.95634
1.97261
1.99434
2.01734
2.03923
2.06198
2.08882
2.11808
2.14166
2.15097
2.1425
2.11835
2.08376
2.04487
2.00672
1.97148
1.93852
1.90835
1.88603
1.87881
1.89008
1.91706
1.95384
1.99485
2.03565
2.07236
2.10173
2.1218
2.13161
2.12998
2.11523
2.08676
2.04785
2.0073
1.97739
1.9673
1.97697
1.99787
2.02001
2.03752
2.04886
2.05378
2.05143
2.04083
2.02228
1.99826
1.97331
1.95234
1.93859
1.93251
1.93179
1.93234
1.92946
1.91985
1.90407
1.88775
1.8797
1.88804
1.91603
1.95995
2.01
2.05311
2.07728
2.07625
2.05205
2.01461
1.97845
1.95803
1.96323
1.9959
2.0492
2.11074
2.16738
2.20973
2.23377
2.23998
2.23174
2.21405
2.19257
2.17196
2.1549
2.14077
2.12574
2.10482
2.0748
2.03634
1.99424
1.955
1.92331
1.89997
1.88349
1.87462
1.87839
1.9004
1.93999
1.98838
2.03466
2.07228
2.10066
2.1227
2.14144
2.15796
2.1716
2.18153
2.18742
2.18791
2.17953
2.15831
2.12261
2.07461
2.02076
1.9713
1.93796
1.928
1.93779
1.95393
1.96124
1.95123
1.92558
1.89377
1.86675
1.85191
1.85245
1.86904
1.89957
1.93805
1.97548
2.00273
2.01309
2.0047
1.98222
1.95656
1.94134
1.947
1.9767
2.02626
2.08627
2.14566
2.19586
2.23314
2.25741
2.27013
2.27239
2.26431
2.24585
2.21806
2.18358
2.1456
2.10675
2.06885
2.0332
1.99982
1.96746
1.93485
1.90383
1.88104
1.87544
1.89212
1.92731
1.96986
2.00811
2.03482
2.04738
2.04558
2.03015
2.00385
1.97318
1.94894
1.94368
1.96533
2.01062
2.06644
2.11895
2.16061
2.18986
2.20712
2.21209
2.20355
2.18086
2.14529
2.10059
2.05209
2.0054
1.96529
1.93591
1.92155
1.92592
1.94988
1.98902
2.03448
2.07629
2.10664
2.12149
2.11972
2.10223
2.07197
2.03452
1.99822
1.97192
1.96182
1.96942
1.99159
2.02229
2.05452
2.08175
2.09912
2.1039
2.09546
2.0752
2.04685
2.01625
1.98961
1.97077
1.95923
1.9509
1.94072
1.92569
1.90756
1.89246
1.88617
1.8886
1.8941
1.89799
1.90344
1.9213
1.96175
2.02391
2.09438
2.15572
2.19495
2.20664
2.19273
2.16154
2.12521
2.09475
2.0757
2.06735
2.06515
2.06528
2.06797
2.07728
2.09587
2.11946
2.13711
2.13715
2.11248
2.06341
1.99909
1.93753
1.89853
1.89062
1.90718
1.93593
1.96839
2.00166
2.03524
2.06738
2.0935
2.1079
2.10641
2.08746
2.05211
2.00457
1.95139
1.90078
1.86085
1.83708
1.831
1.84107
1.86496
1.90103
1.94815
2.00447
2.06644
2.12874
2.18552
2.23177
2.26398
2.27963
2.27704
2.25567
2.21662
2.16313
2.10013
2.03336
1.9686
1.91181
1.87003
1.85088
1.85936
1.89423
1.94754
2.00795
2.06416
2.10738
2.13207
2.13602
2.12047
2.09003
2.05198
2.0144
1.9837
1.96252
1.9496
1.9421
1.93821
1.93802
1.94235
1.95014
1.95714
1.95742
1.94738
1.92867
1.90776
1.89212
1.88542
1.88606
1.88986
1.8936
1.89743
1.90406
1.91575
1.93107
1.94565
1.95595
1.96281
1.97002
1.97931
1.98771
1.99053
