1.54998
1.51206
1.44782
1.35812
1.2457
1.11578
0.976768
0.839995
0.718679
0.624699
0.565488
0.541866
0.548481
0.576114
0.614761
0.655569
0.692126
0.720802
0.740267
0.750967
0.754056
0.750934
0.743108
0.732054
0.719681
0.708156
0.69962
0.69595
0.698119
0.706232
0.719875
0.738405
0.761163
0.787154
0.815262
0.843763
0.870594
0.893774
0.911664
0.923338
0.92907
0.930211
0.928913
0.927816
0.928969
0.93347
0.940972
0.949885
0.957963
0.963018
0.963388
0.958501
0.948753
0.935596
0.921157
0.907446
0.89598
0.887186
0.880581
0.875145
0.869611
0.862967
0.854841
0.845707
0.836745
0.829425
0.825125
0.824363
0.827023
0.832373
0.839423
0.847189
0.854837
0.861846
0.868127
0.873493
0.878277
0.882777
0.887344
0.892315
0.897886
0.904083
0.910827
0.917853
0.924612
0.9305
0.9347
0.936364
0.934779
0.929358
0.920011
0.906615
0.889426
0.869058
0.846638
0.823553
0.801249
0.780815
0.763074
0.748747
0.7386
0.733774
0.735205
0.743366
0.758019
0.77812
0.801898
0.826917
0.850658
0.870741
0.885799
0.895558
0.900718
0.902512
0.902218
0.901048
0.899357
0.897333
0.895414
0.894407
0.895222
0.898851
0.905624
0.914971
0.925676
0.93611
0.944957
0.951239
0.954849
0.956114
0.955591
0.953691
0.950438
0.945601
0.938526
0.928915
0.9167
0.902566
0.887493
0.872587
0.858724
0.846062
0.834509
0.823511
0.812729
0.802739
0.794675
0.790134
0.790495
0.796494
0.807759
0.822934
0.840476
0.858658
0.876255
0.892462
0.906647
0.918427
0.927399
0.933235
0.935457
0.933596
0.927043
0.915581
0.899734
0.880776
0.861043
0.843537
0.831189
0.826047
0.828646
0.83784
0.851128
0.865882
0.879394
0.88956
0.895137
0.89532
0.88999
0.879895
0.866388
0.851403
0.837284
0.826583
0.821608
0.823612
0.831764
0.842515
0.851446
0.854946
0.851824
0.843336
0.832445
0.8228
0.817393
0.817705
0.823713
0.834316
0.848013
0.863104
0.878292
0.892818
0.906231
0.918614
0.929927
0.940489
0.950018
0.957823
0.963292
0.965264
0.963063
0.95627
0.945317
0.931477
0.916302
0.901351
0.8878
0.876559
0.868008
0.862471
0.859659
0.859062
0.860035
0.862198
0.865131
0.868337
0.871195
0.872818
0.872312
0.868976
0.862654
0.853669
0.84334
0.833521
0.826537
0.824304
0.827624
0.835773
0.846899
0.858878
0.869766
0.878045
0.883021
0.884598
0.883298
0.879913
0.875124
0.869292
0.862581
0.854912
0.846589
0.838272
0.831007
0.825824
0.823407
0.823726
0.82616
0.829627
0.833104
0.836017
0.838354
0.840505
0.843154
0.846998
0.852168
0.858669
0.866124
0.87409
0.88179
0.888445
0.893121
0.895193
0.89435
0.890872
0.885361
0.878701
0.871856
0.865849
0.861586
0.859682
0.860239
0.863264
0.868406
0.875164
0.882966
0.890913
0.897969
0.903093
0.905102
0.903234
0.897464
0.888299
0.877033
0.86547
0.855512
0.848839
0.846587
0.848743
0.85449
0.862545
0.87133
0.879994
0.887818
0.894313
0.898639
0.899636
0.896166
0.887278
0.873023
0.854526
0.833779
0.813181
0.795038
0.781156
0.772556
0.769574
0.772014
0.77895
0.788894
0.799947
0.810604
0.820196
0.828803
0.837586
0.847734
0.859987
0.874369
0.889927
0.90533
0.919237
0.930358
0.938218
0.942573
0.943734
0.942092
0.938099
0.932172
0.924601
0.915579
0.905408
0.894692
0.884303
0.875106
0.868131
0.864125
0.863652
0.86675
0.873356
0.882932
0.894767
0.907681
0.92051
0.932011
0.940825
0.945852
0.946257
0.941691
0.932265
0.918577
0.901716
0.883326
0.864991
0.848146
0.833924
0.822861
0.815212
0.811037
0.810339
0.81284
0.818013
0.825345
0.833962
0.843298
0.852623
0.861514
0.869534
0.876133
0.880599
0.882416
0.881101
0.876911
0.870481
0.862909
0.855211
0.84837
0.843196
0.840512
0.841277
0.846101
0.855145
0.867868
0.883041
0.898839
0.91367
0.926337
0.936201
0.943266
0.948012
0.950736
0.95165
0.950521
0.946791
0.93982
0.929171
0.914805
0.897222
0.877378
0.856366
0.835233
0.814795
0.795582
0.778003
0.762641
0.750696
0.744059
0.744781
0.754258
0.772093
0.796399
0.824348
0.852942
0.879676
0.902397
0.919655
0.930494
0.934663
0.932513
0.925244
0.914607
0.902875
0.892542
0.885499
0.88297
0.885143
0.891314
0.899723
0.908204
0.91427
0.91593
0.912264
0.903605
0.891727
0.879118
0.868241
0.860309
0.854974
0.8507
0.845992
0.840404
0.83499
0.831895
0.833218
0.840144
0.851851
0.866354
0.881156
0.89417
0.904087
0.91057
0.913538
0.912977
0.90886
0.901083
0.89016
0.87686
0.862643
0.849221
0.838155
0.83071
0.82775
0.829613
0.836072
0.846312
0.859303
0.873376
0.886707
0.897519
0.904268
0.905854
0.901887
0.892892
0.880102
0.865141
0.849838
0.835947
0.824405
0.815713
0.810032
0.807957
0.810938
0.820794
0.838091
0.861272
0.886607
0.910052
0.928796
0.941754
0.949345
0.952475
0.951998
0.948335
0.941475
0.93151
0.919187
0.90583
0.892914
0.881846
0.873251
0.867143
0.862955
0.860097
0.858198
0.857026
0.856577
0.856726
0.857542
0.858982
0.860872
0.863056
0.865145
0.867015
0.868537
0.869691
0.87052
0.870804
0.870295
0.868737
0.865847
0.861937
0.857604
0.853568
0.850318
0.848215
0.847612
0.848795
0.851913
0.856981
0.863947
0.872514
0.882378
0.892958
0.903379
0.912258
0.918245
0.920422
0.918454
0.912874
0.904864
0.895785
0.887047
0.879687
0.874207
0.870687
0.86883
0.868303
0.868622
0.86948
0.870782
0.872363
0.87397
0.875191
0.875661
0.875458
0.874982
0.874609
0.874583
0.874954
0.875661
0.876822
0.878455
0.880131
0.881262
0.881328
0.880037
0.877898
0.875856
0.874695
0.87462
0.875098
0.875251
0.874454
0.872878
0.871436
0.871352
0.873453
0.877731
0.883103
0.887563
0.888832
0.885003
0.875522
0.862247
0.849417
0.841592
0.84075
0.845218
0.85154
0.856993
0.860381
0.861437
0.860536
0.858114
0.854692
0.85072
0.846829
0.843981
0.843057
0.844608
0.848809
0.855328
0.86345
0.872351
0.881456
0.890436
0.898816
0.90638
0.912699
0.917496
0.920559
0.921709
0.921015
0.918256
0.913479
0.906795
0.898477
0.888932
0.878613
0.868367
0.859341
0.852934
0.850358
0.8518
0.856076
0.861163
0.86504
0.86631
0.864195
0.859036
0.851904
0.844309
0.83786
0.833865
0.833125
0.835721
0.841445
0.849497
0.858931
0.868091
0.875102
0.878377
0.877047
0.871422
0.862732
0.85301
0.844136
0.837936
0.835351
0.836519
0.840627
0.846207
0.851553
0.855542
0.857661
0.858305
0.858081
0.857884
0.858592
0.860863
0.865647
0.873836
0.885862
0.901493
0.919469
0.938055
0.955135
0.968813
0.977664
0.980808
0.977946
0.969299
0.955362
0.937162
0.916157
0.893732
0.871073
0.849344
0.830066
0.815371
0.807757
0.808775
0.818096
0.833679
0.852335
0.871162
0.887889
0.900839
0.908538
0.910024
0.90503
0.894177
0.879452
0.86372
0.850415
0.842458
0.841294
0.846551
0.856255
0.867734
0.877911
0.884046
0.884103
0.877073
0.863466
0.845213
0.825443
0.807872
0.795975
0.791978
0.796735
0.809775
0.82979
0.854798
0.882273
0.90932
0.932869
0.950161
0.959162
0.958796
0.949338
0.932119
0.909712
0.885528
0.863483
0.847045
0.838604
0.838893
0.847113
0.861268
0.878902
0.897807
0.915838
0.931276
0.942708
0.948796
0.948895
0.942944
0.931541
0.91574
0.897063
0.877389
0.858613
0.842599
0.830511
0.822809
0.819468
0.820054
0.82412
0.831239
0.841
0.852886
0.866258
0.879985
0.892549
0.90197
0.906635
0.90549
0.898421
0.886785
0.872706
0.858681
0.847102
0.839386
0.835953
0.835978
0.838058
0.840803
0.843206
0.845122
0.847011
0.850333
0.856556
0.866594
0.88005
0.895414
0.910716
0.924414
0.935588
0.943892
0.948878
0.949984
0.94649
0.937942
0.924491
0.907393
0.88853
0.87026
0.854676
0.843093
0.835672
0.83199
0.831269
0.832671
0.835568
0.839233
0.843057
0.846781
0.850429
0.854156
0.858193
0.862323
0.865862
0.868126
0.868382
0.866373
0.862321
0.856943
0.851357
0.846863
0.844913
0.84657
0.852061
0.86105
0.872917
0.886573
0.900345
0.912335
0.920934
0.925426
0.926368
0.925356
0.923916
0.923095
0.922806
0.922083
0.919431
0.913278
0.902711
0.887677
0.869068
0.848394
0.827492
0.808358
0.79298
0.783087
0.779895
0.783807
0.794454
0.810814
0.831398
0.854519
0.878563
0.901947
0.923127
0.940491
0.952595
0.958193
0.956719
0.948622
0.934814
0.917211
0.897949
0.879506
0.864247
0.85368
0.848676
0.84921
0.854471
0.863054
0.873338
0.883556
0.891886
0.896959
0.897893
0.894281
0.886962
0.878558
0.872634
0.871175
0.872867
0.874166
0.872398
0.866783
0.858088
0.847888
0.837945
0.829759
0.824748
0.824013
0.82797
0.836366
0.848242
0.862243
0.877148
0.892093
0.906395
0.919263
0.929724
0.936887
0.939609
0.937385
0.930202
0.918771
0.904148
0.887849
0.871501
0.856477
0.843841
0.834141
0.827426
0.823561
0.822336
0.824017
0.828987
0.837308
0.84823
0.860046
0.871086
0.87986
0.885792
0.888763
0.889117
0.887141
0.883486
0.878676
0.873277
0.867754
0.862376
0.85731
0.852678
0.848348
0.844265
0.840689
0.838353
0.838216
0.840988
0.846755
0.855151
0.865492
0.877244
0.890021
0.903941
0.919162
0.935374
0.951828
0.966968
0.978877
0.985936
0.986849
0.981224
0.969601
0.953383
0.934353
0.914706
0.896047
0.879582
0.865587
0.853572
0.842584
0.831345
0.819268
0.806686
0.795321
0.787959
0.787034
0.793292
0.804982
0.818681
0.830869
0.839055
0.842074
0.840183
0.834469
0.826623
0.818572
0.812031
0.808546
0.809368
0.815186
0.825971
0.840816
0.858336
0.876877
0.89514
0.912021
0.92676
0.938615
0.946576
0.94961
0.947063
0.939035
0.926584
0.911729
0.896919
0.884339
0.875473
0.871008
0.870574
0.873468
0.878835
0.88578
1.61779
1.60217
1.56807
1.5181
1.45683
1.3902
1.3242
1.26456
1.2161
1.18232
1.16466
1.16155
1.1689
1.18122
1.19375
1.20347
1.20958
1.21324
1.21672
1.22173
1.22787
1.23303
1.23543
1.23585
1.23789
1.24531
1.25858
1.2737
1.28492
1.28894
1.28683
1.2829
1.28114
1.28318
1.2883
1.29493
1.30151
1.3078
1.31534
1.32581
1.33839
1.34867
1.35196
1.34608
1.33176
1.31224
1.29219
1.27603
1.2667
1.26466
1.26855
1.27629
1.28578
1.29535
1.30362
1.30878
1.30916
1.30385
1.2943
1.28436
1.27831
1.27884
1.28634
1.29892
1.31303
1.32458
1.3301
1.3278
1.31855
1.30569
1.29447
1.2897
1.29418
1.30762
1.32716
1.34915
1.37048
1.38959
1.40583
1.41908
1.4286
1.433
1.42985
1.4166
1.39167
1.3555
1.31093
1.26297
1.21718
1.17824
1.1486
1.1281
1.11438
1.1045
1.09693
1.09286
1.09506
1.10562
1.12397
1.14729
1.17183
1.19471
1.21465
1.232
1.24829
1.26495
1.28208
1.29844
1.31189
1.32052
1.32334
1.3206
1.31321
1.30291
1.29161
1.28119
1.27311
1.26811
1.26624
1.26726
1.27135
1.27942
1.29254
1.31104
1.33335
1.35635
1.37662
1.39082
1.3963
1.39181
1.37842
1.35927
1.33913
1.32328
1.31527
1.31625
1.32427
1.33518
1.34382
1.34652
1.34228
1.33295
1.32249
1.31524
1.31481
1.3227
1.33723
1.3543
1.36875
1.37613
1.37438
1.36373
1.34637
1.32506
1.30265
1.28174
1.26466
1.25302
1.24645
1.24212
1.23645
1.22731
1.21481
1.20075
1.18753
1.17767
1.17363
1.1773
1.18888
1.20647
1.22635
1.24429
1.25663
1.261
1.25671
1.24505
1.22921
1.21326
1.20127
1.19598
1.19809
1.20647
1.21888
1.2334
1.24948
1.26782
1.28948
1.31429
1.34078
1.36582
1.38547
1.39563
1.39253
1.37434
1.34237
1.30213
1.26264
1.23348
1.22116
1.22648
1.24534
1.27168
1.30043
1.32783
1.35111
1.36786
1.37602
1.3744
1.36386
1.34716
1.32909
1.31506
1.30951
1.31498
1.33092
1.35436
1.38095
1.4065
1.42726
1.4406
1.44466
1.43807
1.42082
1.39414
1.36112
1.32676
1.29649
1.27445
1.2619
1.2568
1.25511
1.25306
1.24862
1.24171
1.23375
1.22642
1.21988
1.21332
1.2059
1.19767
1.18959
1.18302
1.17926
1.17959
1.18437
1.19271
1.20235
1.21085
1.21701
1.22146
1.2261
1.233
1.24355
1.25757
1.27358
1.28966
1.30435
1.31712
1.32853
1.33941
1.35038
1.36106
1.36955
1.37302
1.36839
1.3534
1.32755
1.29341
1.25609
1.22252
1.19905
1.18953
1.19423
1.21052
1.2341
1.26037
1.28549
1.30699
1.32347
1.33491
1.34201
1.34602
1.34826
1.34952
1.35
1.34954
1.34771
1.34462
1.34083
1.33694
1.33331
1.32975
1.32521
1.31801
1.30667
1.29049
1.27007
1.24789
1.22737
1.21167
1.20241
1.19914
1.20001
1.20278
1.20566
1.20783
1.20991
1.21368
1.22127
1.23415
1.25242
1.27471
1.29843
1.32039
1.33761
1.34809
1.3507
1.34524
1.33159
1.31023
1.28309
1.2553
1.23413
1.22496
1.22714
1.2357
1.24607
1.25605
1.26483
1.27239
1.28121
1.29633
1.32097
1.35161
1.37963
1.39712
1.4001
1.3887
1.36552
1.33431
1.29901
1.26339
1.2314
1.20701
1.1936
1.19329
1.20603
1.22954
1.25992
1.29237
1.32197
1.34461
1.35727
1.35841
1.34788
1.32727
1.30003
1.27161
1.2486
1.23642
1.23735
1.25006
1.27089
1.29587
1.32186
1.3469
1.36982
1.38958
1.40466
1.41334
1.41425
1.407
1.39215
1.37097
1.34508
1.31667
1.28868
1.26452
1.24723
1.23832
1.23749
1.24354
1.25529
1.27136
1.28923
1.30489
1.31419
1.31585
1.31201
1.30576
1.29721
1.28432
1.26579
1.24253
1.21793
1.19649
1.18256
1.17891
1.18536
1.19896
1.21572
1.23221
1.24625
1.25739
1.26612
1.27359
1.28056
1.28668
1.29071
1.29104
1.28657
1.27795
1.26756
1.25929
1.25631
1.2596
1.26762
1.27787
1.28891
1.30093
1.31372
1.32566
1.33395
1.33656
1.33383
1.32892
1.32642
1.32923
1.33685
1.34535
1.35002
1.34776
1.33821
1.3236
1.30711
1.29184
1.27961
1.27137
1.26754
1.26856
1.27496
1.28687
1.30376
1.32421
1.34605
1.36661
1.38303
1.39266
1.39353
1.38537
1.36976
1.35021
1.3311
1.31627
1.30739
1.30393
1.30362
1.30405
1.30306
1.29902
1.29095
1.27865
1.26338
1.24747
1.23342
1.22263
1.21511
1.20952
1.20457
1.19942
1.19389
1.1881
1.18248
1.1784
1.17877
1.1879
1.20888
1.24056
1.27752
1.31361
1.3445
1.36808
1.38396
1.39225
1.39312
1.38643
1.37294
1.35508
1.3366
1.32151
1.31229
1.30926
1.3108
1.31436
1.31777
1.32009
1.32136
1.32242
1.32368
1.32479
1.32421
1.31973
1.30964
1.29342
1.27198
1.24788
1.22533
1.20906
1.20364
1.21156
1.23216
1.26157
1.29364
1.32223
1.34261
1.3525
1.35201
1.34284
1.32744
1.30864
1.28893
1.27083
1.25631
1.24682
1.24265
1.24274
1.2452
1.24829
1.25098
1.25328
1.2554
1.25651
1.25485
1.24859
1.23754
1.22388
1.21199
1.2063
1.20874
1.21796
1.23045
1.24303
1.25336
1.26052
1.26464
1.26622
1.26644
1.26638
1.26691
1.26882
1.27285
1.27939
1.28821
1.29853
1.30961
1.32074
1.3314
1.34069
1.34738
1.35055
1.35019
1.34698
1.34229
1.33755
1.33427
1.33373
1.33711
1.34471
1.35582
1.36858
1.38054
1.39004
1.39619
1.39844
1.39603
1.3882
1.3746
1.35514
1.32998
1.29971
1.26625
1.23314
1.20483
1.18503
1.17561
1.17639
1.18568
1.20112
1.22019
1.24065
1.26076
1.27941
1.29524
1.30695
1.31347
1.31508
1.31361
1.31138
1.30966
1.3078
1.30405
1.29735
1.28822
1.27835
1.26949
1.26229
1.25662
1.2517
1.24689
1.24212
1.23805
1.23587
1.23699
1.24228
1.25181
1.26447
1.27861
1.29238
1.30472
1.31524
1.32389
1.33096
1.33623
1.33942
1.34005
1.33813
1.33405
1.32845
1.32208
1.31569
1.31013
1.30603
1.30352
1.30256
1.30258
1.30307
1.30359
1.30404
1.30469
1.30585
1.30703
1.30661
1.3022
1.29227
1.27691
1.2576
1.23692
1.21777
1.20329
1.19551
1.19442
1.1981
1.20434
1.21114
1.21689
1.22069
1.2225
1.22361
1.22581
1.23085
1.2396
1.25206
1.26758
1.28521
1.30369
1.3207
1.33306
1.33735
1.33102
1.31378
1.28821
1.25914
1.23287
1.21525
1.21019
1.21858
1.23842
1.26612
1.29802
1.33073
1.36118
1.3863
1.40365
1.41154
1.40927
1.39713
1.37618
1.34842
1.31659
1.28408
1.2544
1.23032
1.21361
1.20421
1.20096
1.20189
1.20569
1.21195
1.22152
1.23571
1.25522
1.28001
1.30905
1.33971
1.36794
1.38966
1.40196
1.40372
1.39526
1.37788
1.3536
1.32517
1.29587
1.26903
1.24754
1.23283
1.22487
1.22272
1.22501
1.23055
1.23828
1.24683
1.25471
1.26043
1.26322
1.26323
1.26143
1.25921
1.25762
1.25721
1.25814
1.26041
1.26396
1.26899
1.27588
1.28417
1.29269
1.30012
1.30576
1.30947
1.31106
1.31004
1.30594
1.29918
1.29131
1.28464
1.2817
1.28419
1.29279
1.30705
1.32599
1.34805
1.37133
1.3937
1.4128
1.42653
1.43369
1.434
1.42733
1.4136
1.39239
1.36287
1.32458
1.2788
1.22925
1.18242
1.14643
1.12804
1.1301
1.14964
1.1793
1.20983
1.2335
1.24611
1.24764
1.24157
1.23301
1.22673
1.22538
1.22907
1.23622
1.24518
1.25507
1.26598
1.27857
1.29406
1.31288
1.3348
1.35767
1.3782
1.39305
1.40015
1.39921
1.39131
1.37763
1.3592
1.33762
1.31548
1.29641
1.28416
1.28147
1.28944
1.30656
1.32915
1.35183
1.36899
1.37597
1.37012
1.35129
1.32197
1.28656
1.25085
1.22079
1.20159
1.19762
1.21136
1.24166
1.28285
1.32644
1.36441
1.39113
1.40378
1.40165
1.38612
1.36
1.32704
1.2915
1.25734
1.22828
1.2074
1.19804
1.20334
1.225
1.26078
1.30317
1.34194
1.3678
1.37544
1.36367
1.33475
1.29365
1.24767
1.20541
1.17444
1.15817
1.15553
1.16337
1.17909
1.20103
1.22722
1.25503
1.28107
1.30278
1.31875
1.32904
1.33446
1.33592
1.33406
1.32889
1.32056
1.30936
1.29574
1.28041
1.26334
1.24449
1.22441
1.20479
1.18901
1.18105
1.18433
1.20046
1.22819
1.2636
1.30074
1.3333
1.35663
1.36872
1.37061
1.36527
1.35626
1.34619
1.33647
1.32734
1.31899
1.31174
1.30538
1.29906
1.29139
1.28163
1.27021
1.25836
1.24686
1.23564
1.22472
1.21567
1.21079
1.21134
1.21682
1.22548
1.23555
1.24579
1.25525
1.26329
1.27048
1.27815
1.28725
1.2973
1.30748
1.31733
1.32655
1.33502
1.34289
1.35062
1.3588
1.36802
1.37847
1.38982
1.40039
1.40701
1.40682
1.39931
1.38597
1.36887
1.35003
1.33132
1.31502
1.30352
1.2976
1.29539
1.29297
1.28621
1.27292
1.25399
1.23303
1.21461
1.20284
1.19945
1.20384
1.21383
1.22657
1.23919
1.24932
1.2553
1.25667
1.25401
1.24893
1.24365
1.24048
1.24075
1.24444
1.25042
1.25742
1.26498
1.2733
1.2825
1.29226
1.3009
1.30634
1.30707
1.30291
1.29542
1.28745
1.2823
1.28224
1.28727
1.29447
1.29973
1.29962
1.29214
1.27714
1.25652
1.2336
1.21257
1.1982
1.19489
1.20528
1.22799
1.25812
1.29002
1.3198
1.34617
1.36951
1.39089
1.41028
1.42606
1.43525
1.43537
1.42638
1.41078
1.39211
1.37242
1.3513
1.32709
1.29863
1.26641
1.23353
1.20511
1.18633
1.17974
1.18431
1.64573
1.63752
1.62286
1.60401
1.58368
1.56426
1.54706
1.53199
1.51867
1.50695
1.49735
1.49084
1.4885
1.49118
1.49843
1.5082
1.51764
1.52441
1.52741
1.52626
1.52143
1.51431
1.5073
1.50276
1.50304
1.50983
1.52367
1.54271
1.56236
1.57687
1.58149
1.57414
1.55588
1.53021
1.50169
1.47527
1.45529
1.44431
1.44176
1.44535
1.45423
1.47014
1.49497
1.52842
1.56698
1.60499
1.63632
1.65663
1.6643
1.66011
1.64599
1.62433
1.59792
1.56975
1.5434
1.52232
1.50927
1.50494
1.50781
1.51441
1.52051
1.52279
1.51983
1.51219
1.50263
1.49546
1.49464
1.50082
1.51072
1.5187
1.52004
1.51325
1.50061
1.48709
1.47886
1.48139
1.49787
1.52784
1.56664
1.60667
1.64011
1.66155
1.66941
1.66653
1.65833
1.65021
1.64436
1.6384
1.62725
1.60691
1.57726
1.54346
1.51409
1.49661
1.49318
1.49963
1.50841
1.51273
1.5088
1.4965
1.47887
1.4611
1.44848
1.4436
1.44552
1.45076
1.45591
1.45958
1.46272
1.46741
1.4754
1.48752
1.50383
1.52344
1.54447
1.56326
1.57569
1.57942
1.57512
1.56611
1.55679
1.55181
1.55581
1.57293
1.60432
1.64605
1.68962
1.72512
1.74515
1.74681
1.73181
1.70598
1.67808
1.65576
1.6414
1.63138
1.61985
1.60302
1.58094
1.55702
1.53626
1.52275
1.5173
1.51738
1.51842
1.5171
1.51259
1.50679
1.50308
1.50455
1.51131
1.51982
1.52446
1.52077
1.50742
1.48675
1.46436
1.44728
1.44072
1.44574
1.45902
1.47499
1.48909
1.49911
1.50565
1.51142
1.5211
1.54031
1.57305
1.61821
1.66832
1.71285
1.74339
1.75625
1.75234
1.73559
1.71072
1.68142
1.64985
1.61682
1.58261
1.54776
1.51364
1.48245
1.45735
1.44172
1.4378
1.44542
1.46212
1.48516
1.5133
1.54546
1.57819
1.60578
1.62287
1.6266
1.61714
1.59634
1.56698
1.53198
1.49508
1.46014
1.4304
1.40758
1.39268
1.38767
1.39598
1.4214
1.46471
1.52188
1.58463
1.64338
1.69048
1.72145
1.73542
1.73387
1.71897
1.69133
1.65104
1.60086
1.54815
1.50332
1.47602
1.47152
1.48877
1.52092
1.55826
1.59228
1.61824
1.63506
1.64405
1.64787
1.64903
1.64867
1.64581
1.63894
1.62767
1.61283
1.59542
1.57628
1.55629
1.53675
1.51864
1.50256
1.48947
1.48149
1.48162
1.49232
1.51367
1.54294
1.57554
1.60674
1.63252
1.64968
1.65615
1.6512
1.63529
1.61054
1.57974
1.54553
1.5094
1.47257
1.43912
1.4188
1.42355
1.45614
1.50439
1.55186
1.58834
1.61113
1.62166
1.62305
1.61859
1.61046
1.59907
1.58348
1.56303
1.53899
1.51537
1.49743
1.48837
1.48846
1.49485
1.50338
1.51083
1.51571
1.51862
1.52202
1.5294
1.54353
1.56476
1.59035
1.61605
1.63723
1.65034
1.65237
1.642
1.61932
1.58589
1.54453
1.49986
1.4588
1.42889
1.41445
1.41421
1.42436
1.44109
1.46124
1.48172
1.49994
1.51455
1.52555
1.53361
1.5392
1.54217
1.54198
1.53827
1.53193
1.52557
1.52243
1.52526
1.53574
1.55367
1.57706
1.6019
1.62285
1.63585
1.64028
1.63909
1.63694
1.6369
1.63925
1.6419
1.64219
1.63759
1.62694
1.61074
1.59063
1.5687
1.54621
1.52416
1.50351
1.48514
1.47002
1.45903
1.45322
1.45387
1.4608
1.47147
1.48235
1.49126
1.49838
1.50535
1.51395
1.52472
1.537
1.5497
1.5618
1.57316
1.58451
1.59698
1.61085
1.62492
1.63673
1.6441
1.64565
1.64117
1.63103
1.61569
1.59606
1.57456
1.55514
1.5421
1.53791
1.54162
1.54905
1.5543
1.5523
1.5405
1.51903
1.49059
1.45887
1.42837
1.40319
1.38711
1.3826
1.39016
1.40851
1.43476
1.46468
1.49387
1.5181
1.53475
1.54358
1.54628
1.54585
1.54553
1.54812
1.55521
1.5663
1.57908
1.59051
1.59818
1.60091
1.599
1.59408
1.58835
1.58367
1.58033
1.57709
1.57179
1.56349
1.55297
1.5426
1.53503
1.53199
1.53349
1.53842
1.54491
1.55152
1.55681
1.55948
1.55884
1.55527
1.55037
1.54544
1.54149
1.53902
1.5378
1.53671
1.5345
1.5319
1.53285
1.5428
1.56514
1.59767
1.63313
1.66244
1.67948
1.68316
1.67657
1.66475
1.65169
1.63916
1.62618
1.61087
1.59205
1.57146
1.55335
1.54209
1.53922
1.5424
1.54704
1.54868
1.54368
1.52982
1.50761
1.48088
1.45628
1.44019
1.43556
1.44047
1.45011
1.46029
1.46952
1.47919
1.4927
1.51338
1.54188
1.57532
1.60849
1.63605
1.6541
1.66111
1.65773
1.6465
1.6303
1.61155
1.59235
1.57455
1.5597
1.54901
1.54317
1.54225
1.54588
1.55321
1.5627
1.57211
1.57904
1.58246
1.58291
1.58212
1.58193
1.58337
1.58634
1.58961
1.59122
1.58927
1.58201
1.56875
1.55133
1.53421
1.52273
1.51882
1.51964
1.51954
1.51359
1.49905
1.47622
1.44832
1.42094
1.4007
1.39345
1.4022
1.42591
1.45936
1.49519
1.52687
1.55076
1.56674
1.57638
1.5816
1.5834
1.58244
1.5806
1.58132
1.58791
1.59953
1.61091
1.61663
1.61372
1.60196
1.58316
1.56086
1.53926
1.52236
1.51277
1.51148
1.51755
1.52826
1.53989
1.54891
1.55343
1.55365
1.5519
1.55158
1.55575
1.56585
1.58051
1.59592
1.60763
1.61213
1.6075
1.59323
1.57003
1.5404
1.50846
1.47973
1.45955
1.45195
1.4583
1.47631
1.49979
1.51998
1.52897
1.523
1.50528
1.48556
1.47544
1.48144
1.50156
1.52853
1.55438
1.57361
1.58371
1.58454
1.57817
1.56883
1.56225
1.56375
1.57577
1.59593
1.61805
1.63563
1.64513
1.64714
1.64508
1.64262
1.64183
1.64304
1.64541
1.64726
1.6457
1.63699
1.6178
1.58702
1.54687
1.50393
1.46691
1.44324
1.4352
1.44035
1.45375
1.47011
1.48538
1.49736
1.50558
1.51057
1.51306
1.51436
1.51598
1.51989
1.52812
1.5426
1.56408
1.59093
1.61877
1.6411
1.65191
1.64735
1.62708
1.5946
1.55597
1.51874
1.49001
1.47482
1.47492
1.48866
1.5116
1.53821
1.56357
1.58397
1.59698
1.60106
1.59572
1.58222
1.56327
1.5424
1.5226
1.50586
1.49184
1.47849
1.46337
1.44596
1.42907
1.41776
1.41704
1.42923
1.45291
1.48339
1.5148
1.54285
1.56556
1.58246
1.59275
1.5954
1.59124
1.58415
1.58026
1.58471
1.59858
1.61793
1.63555
1.64458
1.64119
1.62582
1.60256
1.57762
1.55683
1.54359
1.53905
1.54241
1.55188
1.56453
1.5758
1.58106
1.57696
1.56351
1.54371
1.52175
1.50195
1.48695
1.47804
1.47514
1.47756
1.48329
1.48999
1.49512
1.49656
1.4926
1.48284
1.46841
1.45254
1.4397
1.43451
1.44054
1.45859
1.48555
1.51491
1.53896
1.55173
1.55165
1.54203
1.52988
1.5228
1.52574
1.53919
1.55945
1.58076
1.59782
1.60733
1.60856
1.60288
1.59324
1.58362
1.57785
1.57806
1.5836
1.59151
1.59845
1.60282
1.60511
1.60646
1.60727
1.60713
1.60578
1.60331
1.60017
1.59637
1.59137
1.5836
1.57167
1.55538
1.53629
1.5178
1.50352
1.49601
1.49586
1.50203
1.51208
1.52314
1.53208
1.53736
1.53965
1.542
1.54734
1.55564
1.56328
1.56532
1.55915
1.54656
1.53223
1.521
1.51549
1.51565
1.51934
1.52342
1.52466
1.52012
1.50853
1.49147
1.47286
1.45789
1.45054
1.45204
1.4608
1.47394
1.48915
1.50548
1.52268
1.54021
1.55669
1.57078
1.5818
1.58936
1.59338
1.59335
1.58891
1.58048
1.56995
1.56088
1.55758
1.56267
1.57531
1.59175
1.60731
1.61834
1.6229
1.62124
1.61481
1.60475
1.59098
1.573
1.55181
1.53069
1.51486
1.51008
1.52023
1.54362
1.57309
1.60101
1.62272
1.63628
1.64008
1.63282
1.61464
1.58754
1.55415
1.51644
1.47673
1.44009
1.41362
1.40125
1.40192
1.41211
1.42925
1.45169
1.47712
1.50184
1.52205
1.53542
1.54229
1.54556
1.54858
1.55316
1.55941
1.56771
1.57908
1.59505
1.61596
1.6397
1.66179
1.67631
1.67776
1.66319
1.63323
1.59282
1.55068
1.51687
1.49923
1.50007
1.51515
1.53637
1.55615
1.57095
1.58207
1.59309
1.60461
1.61081
1.60272
1.57544
1.533
1.48798
1.45177
1.42639
1.40858
1.39844
1.40002
1.41659
1.44713
1.48633
1.52693
1.562
1.58645
1.59739
1.59441
1.57946
1.55636
1.53042
1.50649
1.48771
1.47522
1.46955
1.4719
1.48341
1.50344
1.52917
1.55668
1.58209
1.60291
1.61873
1.62994
1.63731
1.6407
1.63958
1.63413
1.62522
1.61468
1.60511
1.59857
1.59622
1.5972
1.59926
1.59925
1.59472
1.58452
1.56926
1.55133
1.53398
1.52024
1.51199
1.50824
1.5046
1.49577
1.47903
1.45588
1.43066
1.40898
1.39686
1.39914
1.41709
1.44736
1.48408
1.52102
1.55224
1.57305
1.58095
1.57686
1.5649
1.54995
1.53564
1.52384
1.516
1.51535
1.52527
1.54528
1.57026
1.5939
1.61137
1.61993
1.61945
1.61219
1.60275
1.5966
1.59796
1.60763
1.62227
1.63664
1.64654
1.65059
1.65
1.64737
1.64475
1.64255
1.6394
1.6331
1.62244
1.60774
1.59154
1.57722
1.56778
1.56415
1.56542
1.56912
1.57256
1.57387
1.57303
1.57138
1.56939
1.56496
1.55469
1.53757
1.51588
1.49224
1.46674
1.43731
1.40322
1.36799
1.33875
1.32274
1.32377
1.34105
1.36974
1.40275
1.43298
1.45579
1.47083
1.48145
1.49222
1.50495
1.51758
1.5272
1.53317
1.53748
1.54368
1.55453
1.57006
1.58775
1.60388
1.61528
1.61973
1.61637
1.60576
1.59058
1.57555
1.56626
1.56706
1.57922
1.59959
1.6222
1.65276
1.65046
1.64078
1.62445
1.60322
1.57876
1.5528
1.52797
1.50838
1.499
1.50423
1.52588
1.56163
1.60441
1.644
1.67113
1.67988
1.6685
1.63909
1.59667
1.54843
1.50211
1.46496
1.44261
1.43817
1.45075
1.47499
1.50265
1.52659
1.54376
1.55487
1.56251
1.56845
1.57295
1.57501
1.57372
1.56837
1.55851
1.54413
1.52659
1.50912
1.49624
1.49163
1.49654
1.50867
1.52346
1.53644
1.5445
1.54715
1.54604
1.54454
1.54598
1.55191
1.56168
1.57329
1.58474
1.59513
1.60511
1.6159
1.62877
1.64387
1.6601
1.67544
1.68738
1.69349
1.69146
1.67972
1.65785
1.62703
1.58984
1.54988
1.51143
1.47823
1.45267
1.43535
1.42546
1.42179
1.42315
1.42915
1.43992
1.45559
1.47603
1.50069
1.52825
1.55595
1.57903
1.593
1.5958
1.58886
1.57604
1.56168
1.54891
1.53919
1.53336
1.53219
1.53629
1.54529
1.55801
1.57314
1.58926
1.60448
1.61583
1.61955
1.61246
1.59335
1.5649
1.53299
1.50478
1.48548
1.47703
1.47864
1.48892
1.50722
1.53301
1.56415
1.5957
1.62055
1.6315
1.62397
1.59862
1.56198
1.52512
1.49895
1.48919
1.49466
1.5097
1.5287
1.54828
1.5668
1.58376
1.59867
1.61064
1.61817
1.61967
1.61513
1.60707
1.59997
1.59758
1.59994
1.60439
1.60934
1.61481
1.6204
1.62313
1.61977
1.6083
1.58813
1.55968
1.52502
1.48837
1.45631
1.4358
1.43114
1.44152
1.46152
1.48416
1.5045
1.52209
1.54017
1.56335
1.59302
1.62607
1.65634
1.67823
1.68815
1.68478
1.66855
1.64152
1.60692
1.56887
1.53167
1.49846
1.47066
1.4478
1.42905
1.41466
1.40685
1.4088
1.42206
1.44505
1.47337
1.50149
1.52477
1.54089
1.55034
1.55599
1.56143
1.56965
1.58181
1.5976
1.61559
1.63387
1.65115
1.66746
1.68455
1.70404
1.72404
1.73793
1.73722
1.71598
1.67567
1.62804
1.59086
1.57378
1.57201
1.57672
1.5844
1.59576
1.61125
1.62972
1.6483
1.66351
1.67188
1.67065
1.65779
1.63287
1.59787
1.55756
1.51947
1.49101
1.47577
1.47244
1.47747
1.48722
1.49819
1.50668
1.50987
1.50764
1.50281
1.50028
1.50505
1.51936
1.54112
1.56469
1.58371
1.59393
1.59451
1.58842
1.58059
1.57537
1.57401
1.57486
1.57553
1.57452
1.5716
1.56721
1.56135
1.55386
1.54524
1.53701
1.5315
1.53129
1.53824
1.55226
1.57013
1.58677
1.59739
1.59934
1.59283
1.57986
1.56356
1.54732
1.53492
1.5296
1.53305
1.54496
1.56334
1.58486
1.60577
1.62247
1.63276
1.63608
1.63279
1.62383
1.61044
1.59536
1.58185
1.57158
1.56411
1.55877
1.5562
1.55784
1.56378
1.57216
1.57992
1.5847
1.58579
1.58383
1.57911
1.57101
1.55907
1.54383
1.5268
1.50903
1.49087
1.4733
1.45893
1.45148
1.45327
1.46357
1.47904
1.49573
1.51095
1.52326
1.5328
1.54015
1.54633
1.55191
1.5576
1.56462
1.57485
1.58993
1.60932
1.63028
1.64869
1.66127
1.66608
1.66369
1.6567
1.64933
1.64574
1.64845
1.65721
1.66914
1.67957
1.68379
1.67843
1.66199
1.63535
1.60107
1.56281
1.52471
1.49076
1.46468
1.44938
1.44603
1.45381
1.47046
1.4933
1.5193
1.54533
1.56859
1.58642
1.59683
1.60099
1.60358
1.60869
1.61726
1.62812
1.63995
1.65026
1.65524
1.65149
1.63754
1.61473
1.58739
1.56179
1.54336
1.53362
1.52971
1.52711
1.52246
1.51455
1.50351
1.48964
1.47421
1.46033
1.45245
1.45416
1.46684
1.48915
1.51791
1.54963
1.58103
1.60968
1.63377
1.65163
1.66176
1.6638
1.65844
1.6467
1.62987
1.60925
1.58673
1.56458
1.54532
1.53041
1.5201
1.51384
1.51046
1.50909
1.50901
1.5103
1.51373
1.52095
1.53467
1.5569
1.58572
1.61398
1.63264
1.63555
1.62141
1.59309
1.5561
1.51697
1.48215
1.45657
1.44317
1.4427
1.45341
1.47188
1.49377
1.51505
1.53318
1.54721
1.55807
1.56786
1.57892
1.59239
1.60742
1.62136
1.63053
1.63201
1.62498
1.61133
1.5953
1.5816
1.57391
1.57379
1.58067
1.59325
1.61032
1.63005
1.64859
1.66093
1.66289
1.65291
1.63218
1.60421
1.57436
1.54856
1.53017
1.51857
1.51147
1.50823
1.50934
1.51405
1.51984
1.52482
1.52913
1.53526
1.54715
1.56819
1.5986
1.63422
1.66737
1.69061
1.69871
1.6897
1.66546
1.63138
1.59545
1.56473
1.5422
1.52646
1.51519
1.50738
1.50348
1.50403
1.50812
1.51387
1.51914
1.52245
1.52203
1.51543
1.50073
1.47804
1.4498
1.4212
1.39952
1.39182
1.40263
1.43222
1.4768
1.52993
1.58416
1.6335
1.67411
1.70439
1.72421
1.73399
1.73442
1.72669
1.71301
1.69617
1.6783
1.6595
1.6383
1.61294
1.58365
1.55271
1.52343
1.49875
1.481
1.47205
1.47286
1.48261
1.49878
1.51829
1.53793
1.5548
1.56682
1.57373
1.57741
1.58131
1.58878
1.60218
1.62279
1.64976
1.67869
1.70271
1.71502
1.71112
1.69033
1.65581
1.61344
1.57028
1.53318
1.50748
1.49563
1.49647
1.50597
1.51891
1.5304
1.53666
1.53529
1.52587
1.51049
1.49222
1.47348
1.45496
1.43645
1.41879
1.40445
1.3971
1.39988
1.41391
1.43761
1.46764
1.49993
1.53151
1.56045
1.58529
1.60419
1.61505
1.61634
1.60918
1.59716
1.58563
1.57905
1.57956
1.58679
1.59866
1.61223
1.62514
1.63618
1.6451
1.6505
1.64995
1.64138
1.62526
1.60427
1.58112
1.55669
1.53082
1.5041
1.47785
1.45398
1.43602
1.42882
1.43709
1.4632
1.50558
1.55824
1.61226
1.65825
1.68883
1.70021
1.69249
1.66939
1.63717
1.60352
1.57507
1.55523
1.54353
1.53707
1.53267
1.52834
1.52398
1.52193
1.52609
1.5398
1.56295
1.59082
1.61555
1.63046
1.63375
1.62851
1.61803
1.60186
1.5775
1.5466
1.5161
1.49368
1.48227
1.48134
1.4904
1.50984
1.53905
1.57468
1.61041
1.63797
1.64969
1.64151
1.61582
1.58232
1.55248
1.5308
1.51406
1.49833
1.48332
1.47134
1.46424
1.46176
1.46166
1.4607
1.45635
1.4478
1.4366
1.42786
1.4308
1.45557
1.5041
1.56725
1.63289
1.69226
1.74033
1.77457
1.79524
1.80524
1.80864
1.80814
1.80338
1.79193
1.77154
1.7424
1.70787
1.67314
1.64288
1.61919
1.60148
1.58716
1.57387
1.56032
1.54709
1.53653
1.53213
1.53601
1.54701
1.56076
1.57161
1.57563
1.57162
1.56107
1.54681
1.53212
1.52031
1.51364
1.51302
1.5178
1.52585
1.53439
1.54056
1.54308
1.54351
1.54591
1.55419
1.56852
1.5852
1.59886
1.60457
1.59951
1.58316
1.55759
1.52733
1.4981
1.47538
1.46256
1.45993
1.46544
1.47725
1.495
1.51832
1.54367
1.56503
1.5775
1.58035
1.57611
1.56755
1.55644
1.54393
1.53173
1.52232
1.51792
1.51932
1.52594
1.53678
1.55084
1.56672
1.58261
1.59558
1.6027
1.60231
1.59455
1.58174
1.56742
1.55545
1.54894
1.54851
1.5522
1.55709
1.56122
1.56413
1.56677
1.57046
1.57621
1.58463
1.59661
1.61304
1.63241
1.65024
1.6607
1.66013
1.64865
1.62926
1.60629
1.58318
1.56076
1.53863
1.51651
1.49476
1.47433
1.45661
1.44417
1.44015
1.44679
1.46377
1.48782
1.5144
1.54004
1.56307
1.58233
1.59567
1.6002
1.5935
1.575
1.5468
1.51433
1.48648
1.4731
1.47996
1.50538
1.54229
1.58239
1.61817
1.64365
1.65539
1.65367
1.64253
1.62813
1.61594
1.60824
1.60387
1.59941
1.59162
1.57828
1.55892
1.53457
1.50685
1.47799
1.45062
1.42882
1.41813
1.42389
1.4482
1.48862
1.5397
1.59417
1.64416
1.68143
1.69973
1.69588
1.67095
1.63003
1.582
1.53737
1.50536
1.491
1.49394
1.5092
1.53019
1.55066
1.56634
1.57538
1.57796
1.5756
1.57029
1.56327
1.55462
1.54466
1.53519
1.5303
1.53484
1.55145
1.5781
1.60855
1.6354
1.65314
1.66013
1.65778
1.64904
1.63657
1.6222
1.60762
1.59509
1.58762
1.58755
1.59468
1.60525
1.61354
1.61506
1.60858
1.59574
1.57947
1.56215
1.54482
1.52699
1.5079
1.48763
1.46855
1.45442
1.44849
1.45155
1.46208
1.47785
1.49682
1.5167
1.53437
1.54687
1.55207
1.54951
1.5402
1.5261
1.50996
1.49466
1.48255
1.47513
1.47269
1.47457
1.47969
1.48749
1.49809
1.51173
1.52842
1.548
1.57072
1.59725
1.62696
1.65711
1.68356
1.70312
1.7142
1.71708
1.71247
1.70115
1.68375
1.66108
1.63454
1.60653
1.5806
1.5613
1.55305
1.55701
1.56948
1.58363
1.5924
1.59105
1.5776
1.55299
1.52142
1.4903
1.46888
1.46406
1.47649
1.50026
1.52675
1.54894
1.56356
1.57044
1.57098
1.56671
1.55944
1.55119
1.54427
1.53977
1.53748
1.53675
1.53761
1.54186
1.55168
1.56716
1.585
1.60074
1.61153
1.61777
1.62128
1.62307
1.62241
1.61685
1.60441
1.58465
1.56018
1.53666
1.52027
1.51389
1.51588
1.52348
1.53548
1.55151
1.56971
1.58676
1.59935
1.60555
1.60518
1.59876
1.58669
1.56895
1.54588
1.51912
1.49176
1.46695
1.44697
1.43338
1.42705
1.42783
1.43452
1.44627
1.46436
1.49159
1.52932
1.57489
1.62159
1.66138
1.68808
1.69933
1.69685
1.68526
1.66944
1.65312
1.6378
1.6236
1.61017
1.59702
1.58368
1.56918
1.5524
1.53343
1.51499
1.50155
1.49599
1.49754
1.50473
1.5186
1.54166
1.57388
1.61043
1.64371
1.66587
1.67207
1.66167
1.63832
1.60799
1.57651
1.5477
1.52379
1.50622
1.49745
1.50039
1.51685
1.54511
1.68245
1.70795
1.72819
1.7423
1.74965
1.74889
1.73849
1.71801
1.68873
1.65353
1.61631
1.58112
1.55137
1.52921
1.51533
1.50949
1.5114
1.52136
1.53967
1.56589
1.59837
1.63478
1.67219
1.70699
1.73429
1.749
1.74742
1.72898
1.69603
1.65351
1.60782
1.56596
1.53466
1.51914
1.52096
1.53712
1.56047
1.58231
1.5959
1.59903
1.5948
1.59004
1.59231
1.60573
1.62902
1.65554
1.6773
1.68868
1.68772
1.67528
1.65307
1.62338
1.58978
1.55812
1.53494
1.52543
1.53059
1.54653
1.56631
1.58311
1.59243
1.59254
1.58467
1.57234
1.56054
1.5526
1.54764
1.54264
1.53653
1.53109
1.52965
1.53455
1.54575
1.56114
1.57847
1.59621
1.61437
1.63297
1.65094
1.66627
1.67655
1.68019
1.67743
1.67038
1.66234
1.65749
1.65992
1.67214
1.69261
1.71513
1.73217
1.73956
1.73849
1.73341
1.72862
1.72579
1.72348
1.71869
1.7085
1.69158
1.6691
1.64432
1.6202
1.59746
1.57609
1.55773
1.54498
1.54028
1.5445
1.55722
1.57758
1.60587
1.64302
1.68676
1.72976
1.76304
1.78001
1.77786
1.75642
1.71815
1.66797
1.6132
1.56154
1.51872
1.48753
1.46867
1.46207
1.46688
1.48047
1.49847
1.51609
1.53062
1.54232
1.55357
1.56641
1.58196
1.60142
1.62484
1.64858
1.66541
1.66877
1.65609
1.62983
1.59582
1.56132
1.53365
1.51988
1.52581
1.55317
1.59701
1.64771
1.69514
1.7319
1.75434
1.76208
1.75642
1.73857
1.70972
1.67216
1.6313
1.59648
1.57772
1.57923
1.59694
1.62368
1.65323
1.67981
1.69742
1.7019
1.69219
1.67052
1.64142
1.61071
1.58336
1.56305
1.55338
1.55668
1.56985
1.58412
1.59189
1.59205
1.58956
1.59122
1.60079
1.61621
1.63132
1.64095
1.64404
1.64309
1.641
1.63862
1.6351
1.6296
1.62201
1.61341
1.6053
1.59832
1.59245
1.58799
1.58657
1.59093
1.60296
1.62226
1.64523
1.66585
1.67901
1.68289
1.67951
1.67213
1.66255
1.64985
1.63169
1.60669
1.57663
1.54559
1.51777
1.49522
1.47776
1.46535
1.45951
1.46348
1.48004
1.50987
1.55088
1.59806
1.64438
1.68349
1.71268
1.73318
1.74817
1.76019
1.76998
1.777
1.78056
1.77976
1.77382
1.7627
1.74791
1.73193
1.71695
1.70299
1.68751
1.667
1.64045
1.61154
1.58847
1.57842
1.58087
1.58861
1.5946
1.59598
1.5936
1.59
1.58795
1.58912
1.59323
1.5984
1.60145
1.6002
1.59528
1.58973
1.58638
1.58602
1.58731
1.58888
1.59059
1.59397
1.60068
1.61157
1.62643
1.64432
1.66377
1.68241
1.69694
1.70366
1.70085
1.69023
1.67725
1.66826
1.66669
1.67139
1.67899
1.6877
1.69781
1.70909
1.71852
1.72204
1.71701
1.70312
1.68167
1.6551
1.62748
1.6037
1.58747
1.57916
1.57744
1.58074
1.58762
1.59662
1.60639
1.61667
1.62893
1.64557
1.66851
1.69732
1.72802
1.7541
1.76922
1.76963
1.75482
1.72687
1.68953
1.6478
1.60717
1.57299
1.54814
1.53147
1.51904
1.5073
1.49568
1.48718
1.48565
1.49339
1.51036
1.53485
1.56494
1.59872
1.63329
1.66427
1.68744
1.70057
1.7041
1.70123
1.69629
1.69355
1.69632
1.7059
1.72035
1.73443
1.74196
1.73772
1.71944
1.68815
1.64792
1.60424
1.56177
1.52365
1.49215
1.47221
1.47258
1.49997
1.55068
1.6111
1.66672
1.7093
1.73689
1.74971
1.74805
1.73239
1.70479
1.66957
1.6324
1.59873
1.57148
1.55103
1.53706
1.52991
1.53066
1.53998
1.55646
1.57708
1.5982
1.6178
1.63556
1.65141
1.66383
1.66939
1.66426
1.64634
1.61636
1.57835
1.53962
1.50998
1.49893
1.51146
1.54512
1.59078
1.63694
1.67439
1.69832
1.70766
1.70347
1.68744
1.66198
1.63152
1.6029
1.58389
1.57947
1.5901
1.61233
1.64018
1.66646
1.68469
1.69173
1.68769
1.6754
1.65828
1.63894
1.61953
1.6019
1.58794
1.57876
1.57417
1.57368
1.57624
1.57951
1.58001
1.57611
1.57007
1.56716
1.57211
1.58542
1.60253
1.61586
1.6191
1.61052
1.59292
1.57089
1.5485
1.53012
1.5212
1.52645
1.54609
1.57462
1.60435
1.6293
1.64573
1.65163
1.64672
1.6329
1.61363
1.5934
1.57654
1.56697
1.56687
1.57539
1.58892
1.60346
1.61606
1.62516
1.62978
1.62895
1.62276
1.61237
1.59898
1.58344
1.5674
1.55474
1.54997
1.55552
1.57012
1.58989
1.61038
1.6282
1.64155
1.64972
1.65346
1.65541
1.65877
1.66514
1.67316
1.67934
1.6805
1.67598
1.66776
1.65911
1.65212
1.64674
1.64197
1.6374
1.63422
1.63486
1.6417
1.65495
1.67182
1.68742
1.69712
1.69898
1.69341
1.68179
1.66526
1.64456
1.62102
1.59728
1.57712
1.56468
1.56187
1.56708
1.57591
1.58412
1.58903
1.59051
1.58968
1.58815
1.587
1.58605
1.58405
1.57992
1.5735
1.56551
1.55675
1.54756
1.5378
1.52787
1.5184
1.50956
1.50111
1.49312
1.48679
1.4843
1.48741
1.49706
1.51295
1.53419
1.55928
1.58632
1.61326
1.63815
1.65982
1.67848
1.69497
1.71003
1.72319
1.73243
1.73512
1.72995
1.7189
1.70613
1.69503
1.68579
1.67706
1.66976
1.66975
1.68368
1.7116
1.74514
1.77325
1.78858
1.78914
1.77688
1.75583
1.73035
1.70426
1.68012
1.65802
1.63498
1.60796
1.57687
1.54566
1.52045
1.50613
1.50443
1.51383
1.5307
1.55075
1.56978
1.58429
1.59246
1.59489
1.59455
1.59567
1.6026
1.61776
1.63959
1.66182
1.67659
1.67943
1.67124
1.65685
1.64221
1.63152
1.62586
1.62339
1.62095
1.61554
1.60594
1.59255
1.57763
1.56483
1.55804
1.56089
1.57573
1.60312
1.6404
1.68156
1.71839
1.74309
1.75028
1.73843
1.7097
1.67028
1.63011
1.60002
1.58783
1.5961
1.6232
1.66333
1.70722
1.74455
1.76732
1.77199
1.75953
1.7346
1.7046
1.67749
1.65967
1.65456
1.66119
1.67484
1.68864
1.69631
1.69478
1.68514
1.67152
1.65834
1.64724
1.6375
1.62722
1.61491
1.59944
1.58004
1.55675
1.53116
1.50691
1.48787
1.47573
1.46961
1.46754
1.46826
1.47101
1.4757
1.48313
1.49616
1.5191
1.55395
1.59638
1.6369
1.66611
1.67942
1.67847
1.67031
1.66385
1.66437
1.67145
1.68078
1.68852
1.6939
1.69874
1.70491
1.7119
1.71706
1.71727
1.71079
1.69725
1.67744
1.65325
1.62748
1.60316
1.58273
1.56723
1.5565
1.54937
1.54383
1.53853
1.53315
1.52926
1.52958
1.53614
1.54833
1.56308
1.57669
1.58668
1.59236
1.59486
1.59656
1.60072
1.61052
1.62766
1.65087
1.67631
1.69891
1.71467
1.72193
1.72117
1.71419
1.70351
1.69132
1.67888
1.6659
1.65074
1.6324
1.61283
1.59695
1.59002
1.59395
1.60621
1.62195
1.6364
1.64589
1.64851
1.64372
1.63187
1.61365
1.59008
1.56384
1.53973
1.52322
1.51738
1.52136
1.53115
1.54216
1.5507
1.55501
1.5554
1.55419
1.55452
1.55853
1.56619
1.57529
1.5823
1.58385
1.57911
1.57059
1.56215
1.55634
1.55341
1.55315
1.55801
1.57252
1.60016
1.63984
1.68657
1.73394
1.77528
1.80496
1.81922
1.81656
1.79807
1.76751
1.73108
1.69698
1.67266
1.66225
1.66481
1.67567
1.68894
1.69967
1.70458
1.70245
1.69357
1.67911
1.6605
1.63964
1.61901
1.60173
1.5912
1.58974
1.59779
1.61343
1.63313
1.65325
1.67062
1.68266
1.68641
1.67832
1.65518
1.61637
1.56636
1.51544
1.47626
1.45805
1.46259
1.48491
1.51718
1.5517
1.58201
1.60401
1.61675
1.62297
1.62836
1.63773
1.65114
1.665
1.67617
1.68369
1.68793
1.68957
1.68896
1.68556
1.67893
1.67001
1.6619
1.65802
1.65934
1.66393
1.66822
1.66927
1.6653
1.65558
1.63994
1.61849
1.59225
1.5634
1.53583
1.51458
1.50458
1.50822
1.5242
1.54783
1.57322
1.59492
1.60894
1.6131
1.60682
1.59122
1.56924
1.54484
1.5227
1.50768
1.50365
1.51143
1.52787
1.54715
1.56437
1.57838
1.59189
1.60879
1.63117
1.65741
1.68331
1.70489
1.72032
1.72992
1.73497
1.73666
1.73548
1.73111
1.72246
1.70822
1.68746
1.66109
1.63254
1.60664
1.58739
1.57626
1.57129
1.56804
1.56135
1.54757
1.527
1.50488
1.4891
1.48614
1.49721
1.51808
1.54224
1.56445
1.58251
1.59673
1.60865
1.61948
1.62964
1.63845
1.64465
1.64696
1.64491
1.63921
1.63223
1.6268
1.62436
1.62405
1.62406
1.62386
1.62533
1.63131
1.64374
1.66275
1.68728
1.71603
1.74754
1.77873
1.80559
1.82304
1.82696
1.81475
1.78631
1.74454
1.6956
1.64812
1.61095
1.58936
1.58232
1.58351
1.5856
1.58462
1.58144
1.57966
1.58162
1.58543
1.58633
1.58011
1.56614
1.54788
1.53208
1.52611
1.53492
1.55875
1.59279
1.629
1.6588
1.67555
1.67588
1.66044
1.6333
1.60044
1.56865
1.54445
1.53277
1.53613
1.55372
1.58133
1.61262
1.64076
1.66074
1.66991
1.66827
1.65837
1.64567
1.63682
1.63626
1.64442
1.65931
1.67819
1.69814
1.71623
1.72995
1.73794
1.7402
1.7371
1.72897
1.71606
1.69837
1.67542
1.64728
1.61584
1.58542
1.56101
1.54665
1.54404
1.55286
1.5713
1.59648
1.62487
1.65232
1.6747
1.6891
1.69426
1.6917
1.68554
1.68128
1.68255
1.68828
1.69291
1.68885
1.67053
1.63595
1.58682
1.52814
1.46774
1.4156
1.38153
1.37194
1.38609
1.41655
1.45354
1.48999
1.5225
1.55057
1.57485
1.59619
1.61446
1.6279
1.63405
1.63062
1.61776
1.59913
1.58134
1.57196
1.57648
1.59573
1.67957
1.70004
1.71497
1.72097
1.71803
1.70984
1.70214
1.69908
1.70098
1.70423
1.70437
1.69868
1.68735
1.67274
1.65808
1.6459
1.63729
1.63124
1.62582
1.62088
1.61862
1.6211
1.62879
1.64121
1.65784
1.67675
1.6942
1.70575
1.708
1.70004
1.68368
1.66308
1.64389
1.63046
1.62426
1.62376
1.62627
1.62986
1.63481
1.64216
1.65096
1.65729
1.65669
1.64727
1.63086
1.6117
1.59471
1.58431
1.58349
1.59293
1.60983
1.62851
1.64305
1.65028
1.65066
1.64735
1.64386
1.64278
1.64482
1.649
1.65343
1.65637
1.65722
1.65686
1.65717
1.65982
1.66615
1.67589
1.68664
1.69457
1.69619
1.6903
1.67862
1.6639
1.64758
1.63009
1.61364
1.60365
1.60663
1.6255
1.6582
1.6992
1.74221
1.78126
1.812
1.83187
1.83956
1.83579
1.82356
1.80766
1.7919
1.77721
1.76279
1.74807
1.73312
1.71719
1.69862
1.6758
1.6487
1.6187
1.58831
1.56041
1.53796
1.52307
1.51654
1.51825
1.52762
1.54371
1.5658
1.5937
1.62715
1.6643
1.70062
1.72978
1.74575
1.74557
1.73126
1.70891
1.68513
1.6641
1.64623
1.62925
1.60949
1.58413
1.55335
1.52119
1.49454
1.48094
1.4849
1.50491
1.53421
1.56416
1.58835
1.60424
1.61304
1.61761
1.62076
1.62354
1.62587
1.62802
1.6315
1.63871
1.65052
1.66613
1.68406
1.70384
1.72558
1.74907
1.77271
1.79342
1.80802
1.81354
1.80833
1.79205
1.76629
1.73456
1.70135
1.67076
1.64504
1.62378
1.60448
1.58461
1.56386
1.54532
1.53459
1.53636
1.55131
1.57531
1.60151
1.62338
1.63651
1.63895
1.63175
1.61847
1.60479
1.59664
1.59727
1.60483
1.61274
1.61353
1.60195
1.57753
1.54522
1.51415
1.4942
1.49019
1.49955
1.51566
1.53467
1.558
1.58951
1.63089
1.67949
1.72911
1.77331
1.80765
1.8315
1.84718
1.85763
1.86405
1.86502
1.85836
1.8426
1.81811
1.78725
1.75365
1.72154
1.69442
1.6749
1.66519
1.66665
1.6791
1.69928
1.72116
1.73732
1.74139
1.72972
1.70245
1.6639
1.62295
1.59104
1.57653
1.57999
1.59416
1.60883
1.61602
1.61324
1.60464
1.59717
1.59482
1.5973
1.60315
1.61241
1.62474
1.63705
1.64427
1.64233
1.63039
1.61043
1.58563
1.55958
1.53615
1.51906
1.51074
1.51153
1.52068
1.53711
1.55916
1.58463
1.61087
1.63514
1.6548
1.66816
1.67455
1.67444
1.66858
1.65748
1.64241
1.62599
1.61233
1.60529
1.60598
1.61192
1.61846
1.62163
1.62044
1.61728
1.6166
1.62216
1.63491
1.65284
1.67259
1.69142
1.70917
1.72805
1.75057
1.77764
1.80727
1.83549
1.85809
1.87279
1.879
1.87724
1.86793
1.85117
1.82632
1.7933
1.75317
1.70858
1.66321
1.62107
1.58498
1.55548
1.53214
1.51464
1.50343
1.49863
1.49915
1.50364
1.51308
1.53128
1.56196
1.60534
1.65656
1.70749
1.75059
1.78201
1.80162
1.81036
1.80785
1.79217
1.76219
1.72006
1.6729
1.62955
1.59556
1.57101
1.55233
1.535
1.51578
1.49464
1.47496
1.46256
1.46288
1.47799
1.50574
1.54075
1.57645
1.60719
1.62982
1.64413
1.65275
1.65938
1.66705
1.67685
1.68773
1.69718
1.70193
1.69908
1.68747
1.66893
1.64819
1.63106
1.62229
1.6241
1.63592
1.65552
1.67976
1.70598
1.73263
1.759
1.78358
1.80339
1.8142
1.81185
1.79417
1.76193
1.71961
1.67608
1.64248
1.6257
1.62244
1.62296
1.61859
1.6059
1.58614
1.56383
1.54329
1.52745
1.51749
1.51401
1.51767
1.52953
1.55062
1.58034
1.6148
1.64723
1.67011
1.67768
1.66892
1.64886
1.62701
1.61411
1.61649
1.63351
1.6585
1.68368
1.70326
1.71427
1.71675
1.71273
1.70583
1.69919
1.69425
1.69039
1.68602
1.67984
1.67132
1.66081
1.64886
1.6357
1.621
1.60397
1.58371
1.56011
1.53532
1.51427
1.50337
1.50693
1.52496
1.55396
1.58862
1.62357
1.65463
1.67946
1.69824
1.71277
1.72535
1.73749
1.74938
1.76005
1.76843
1.77341
1.77392
1.76934
1.76065
1.75111
1.74494
1.745
1.75126
1.76081
1.76875
1.77005
1.76214
1.74581
1.72467
1.70211
1.67895
1.65382
1.62482
1.59118
1.5541
1.51707
1.48518
1.46354
1.45474
1.45772
1.46857
1.48263
1.49718
1.51102
1.52459
1.53881
1.55432
1.57106
1.58821
1.60455
1.61905
1.63122
1.64038
1.64629
1.64922
1.6509
1.65402
1.66043
1.66934
1.67839
1.68622
1.69318
1.70079
1.70985
1.71985
1.72922
1.73624
1.7393
1.73697
1.72825
1.71322
1.69329
1.67057
1.64776
1.62721
1.61118
1.60168
1.59975
1.60464
1.61329
1.62122
1.62407
1.61946
1.6075
1.59088
1.57419
1.56283
1.56054
1.56773
1.58156
1.59825
1.61556
1.63326
1.65134
1.66761
1.67843
1.68088
1.67449
1.66133
1.64515
1.62993
1.61871
1.61369
1.61733
1.63243
1.65885
1.69109
1.72119
1.74436
1.7606
1.77365
1.78746
1.80379
1.82141
1.83698
1.84652
1.84619
1.83278
1.8046
1.76186
1.70847
1.6523
1.6032
1.56856
1.55071
1.54738
1.55364
1.56339
1.5698
1.56727
1.55456
1.53633
1.52067
1.51433
1.51977
1.53486
1.5549
1.57524
1.59414
1.61303
1.63455
1.66031
1.69041
1.72404
1.75926
1.79261
1.81964
1.83597
1.83888
1.82772
1.80357
1.76915
1.72897
1.68867
1.65322
1.62533
1.60557
1.59357
1.58908
1.59311
1.60629
1.62677
1.64997
1.671
1.68771
1.70065
1.71101
1.71882
1.72232
1.71914
1.70752
1.68797
1.66352
1.63932
1.62064
1.61123
1.61247
1.62324
1.63963
1.65601
1.66687
1.66923
1.66307
1.65028
1.63398
1.61821
1.60742
1.60429
1.6086
1.61763
1.62822
1.63865
1.64843
1.65663
1.6607
1.65816
1.6494
1.63922
1.63482
1.64049
1.65461
1.67115
1.68432
1.69105
1.69136
1.68918
1.69125
1.70286
1.72262
1.74385
1.75991
1.76743
1.76673
1.76024
1.7512
1.74225
1.73408
1.72507
1.71176
1.69151
1.66423
1.63342
1.60449
1.58213
1.56804
1.56076
1.55857
1.56495
1.58927
1.63595
1.69475
1.74789
1.78207
1.79306
1.78402
1.76221
1.73592
1.7118
1.6937
1.68231
1.6757
1.67042
1.66276
1.65004
1.63212
1.61133
1.59161
1.57632
1.56703
1.56294
1.56205
1.56244
1.56295
1.56347
1.5647
1.568
1.57434
1.58366
1.59509
1.60716
1.61857
1.62842
1.63587
1.64037
1.64221
1.64234
1.64166
1.64135
1.64354
1.65143
1.66704
1.68763
1.70577
1.71382
1.70889
1.69448
1.67722
1.66332
1.65489
1.65071
1.64779
1.6437
1.63655
1.62505
1.60916
1.59178
1.57929
1.57882
1.59235
1.61512
1.63985
1.6611
1.67712
1.6891
1.69916
1.70898
1.71913
1.72939
1.73937
1.74885
1.75777
1.76567
1.77176
1.77508
1.77449
1.76909
1.75867
1.74392
1.72614
1.70621
1.68437
1.66094
1.63787
1.61799
1.60357
1.59461
1.58942
1.58638
1.58554
1.58811
1.5944
1.60273
1.61017
1.61448
1.61544
1.61436
1.61325
1.6131
1.61447
1.61831
1.62629
1.64009
1.66047
1.68623
1.7148
1.74309
1.76824
1.78768
1.79922
1.80128
1.79269
1.77289
1.74212
1.70203
1.65759
1.61801
1.59441
1.59272
1.60752
1.62614
1.63758
1.63742
1.62704
1.61051
1.5924
1.5775
1.57039
1.57413
1.58903
1.61242
1.64031
1.66869
1.6947
1.71753
1.73749
1.75463
1.76694
1.77068
1.76203
1.7386
1.70021
1.64922
1.59076
1.53299
1.48794
1.46961
1.48647
1.53207
1.58932
1.64364
1.68723
1.71646
1.73016
1.72965
1.71854
1.70189
1.68502
1.67195
1.66456
1.66263
1.66504
1.67089
1.68076
1.69628
1.71823
1.74407
1.76778
1.78165
1.77968
1.75946
1.72349
1.6788
1.63586
1.60469
1.59084
1.59441
1.61228
1.63919
1.66906
1.69624
1.71683
1.72937
1.73476
1.73515
1.73252
1.72744
1.71899
1.70475
1.68307
1.65537
1.62729
1.60704
1.60017
1.60569
1.61717
1.62703
1.63021
1.62524
1.6134
1.59751
1.58139
1.56982
1.56786
1.57783
1.59714
1.62023
1.64211
1.65972
1.6711
1.67518
1.67279
1.66673
1.66007
1.6548
1.65081
1.64589
1.6366
1.62078
1.60096
1.58568
1.58514
1.60429
1.63928
1.68109
1.7212
1.75408
1.77742
1.79083
1.79529
1.79212
1.78253
1.76755
1.74839
1.72726
1.70734
1.69178
1.68165
1.67528
1.66923
1.65964
1.64367
1.62097
1.59369
1.56587
1.54133
1.5215
1.50535
1.49113
1.47848
1.46886
1.46447
1.46713
1.47759
1.49499
1.51717
1.54106
1.56365
1.58342
1.60144
1.62025
1.64267
1.6699
1.70002
1.72838
1.74968
1.76005
1.75768
1.74309
1.71927
1.6912
1.66515
1.6472
1.64142
1.64904
1.66837
1.69631
1.72937
1.76331
1.79255
1.81065
1.81319
1.80032
1.7763
1.74722
1.71766
1.6888
1.65918
1.62653
1.59064
1.5553
1.5271
1.51258
1.51525
1.53456
1.56653
1.60583
1.64713
1.68605
1.71878
1.7423
1.7549
1.75662
1.74931
1.73544
1.71767
1.69935
1.68468
1.67875
1.68458
1.70092
1.72194
1.74046
1.75227
1.7571
1.75746
1.75616
1.75455
1.75168
1.74509
1.73203
1.71056
1.68064
1.64452
1.60563
1.56802
1.53479
1.50847
1.49187
1.4886
1.50189
1.53064
1.56809
1.60491
1.63375
1.6504
1.65258
1.63992
1.6148
1.58275
1.55065
1.52391
1.5055
1.49655
1.49869
1.51341
1.54088
1.57839
1.62077
1.66246
1.69906
1.72746
1.74516
1.75125
1.74735
1.73764
1.72708
1.72
1.7186
1.72248
1.72926
1.73543
1.7375
1.73371
1.64505
1.63471
1.62754
1.62519
1.62914
1.64067
1.65864
1.67823
1.69374
1.70201
1.70331
1.69917
1.6917
1.6828
1.67448
1.66818
1.66473
1.66342
1.66168
1.65615
1.64429
1.6258
1.60292
1.58009
1.5631
1.55681
1.56267
1.57786
1.59737
1.61709
1.63523
1.65072
1.66217
1.66755
1.66496
1.65429
1.63775
1.61852
1.59916
1.58007
1.56071
1.54105
1.52233
1.5062
1.49401
1.48666
1.4852
1.49054
1.50261
1.51947
1.53873
1.55884
1.57962
1.60141
1.62404
1.64709
1.67019
1.69332
1.71519
1.73265
1.7418
1.73965
1.72524
1.69941
1.66525
1.62741
1.59135
1.56206
1.54239
1.53217
1.52828
1.52794
1.5311
1.53936
1.55291
1.56982
1.5867
1.60115
1.61288
1.6236
1.63482
1.64648
1.65759
1.66836
1.67988
1.69237
1.70442
1.71264
1.71275
1.70178
1.68047
1.654
1.62964
1.61222
1.60425
1.60784
1.62374
1.64851
1.67445
1.69347
1.70118
1.69843
1.68964
1.67958
1.67104
1.66456
1.65856
1.65093
1.63985
1.62489
1.60703
1.58854
1.57277
1.564
1.56637
1.58135
1.60665
1.63635
1.66332
1.68179
1.6887
1.68363
1.66818
1.64555
1.62013
1.59589
1.57546
1.55919
1.54584
1.53444
1.52563
1.52183
1.52518
1.53585
1.55098
1.56634
1.57771
1.58204
1.57848
1.56954
1.56167
1.56217
1.57417
1.59452
1.61739
1.63819
1.65507
1.66747
1.6747
1.67485
1.66564
1.64602
1.61751
1.58464
1.55441
1.53404
1.5279
1.53526
1.55124
1.5697
1.58612
1.59805
1.6051
1.60953
1.61599
1.62729
1.64117
1.65159
1.65363
1.6464
1.63275
1.61762
1.6056
1.59954
1.6004
1.60733
1.61817
1.62989
1.64006
1.64742
1.65227
1.65426
1.65142
1.64227
1.62735
1.61004
1.59398
1.58173
1.57365
1.5691
1.56762
1.57017
1.57832
1.59333
1.61532
1.64262
1.67202
1.69934
1.71982
1.72956
1.72647
1.71068
1.68439
1.65117
1.61578
1.5836
1.55982
1.54847
1.55144
1.56766
1.59335
1.62333
1.65211
1.67465
1.68728
1.68863
1.67968
1.66387
1.64621
1.63097
1.6204
1.61356
1.60754
1.59955
1.58916
1.57855
1.5713
1.57037
1.5762
1.58571
1.59479
1.60084
1.60379
1.6046
1.60453
1.60442
1.60472
1.6058
1.60794
1.61189
1.61732
1.62203
1.6229
1.61815
1.60856
1.59742
1.58889
1.58548
1.58663
1.58882
1.58824
1.58327
1.57569
1.56894
1.56635
1.57006
1.58079
1.5981
1.61978
1.64194
1.66025
1.67163
1.67554
1.67427
1.67134
1.6692
1.66768
1.66446
1.65647
1.64172
1.62035
1.59507
1.57102
1.55446
1.55028
1.56019
1.58226
1.61122
1.63973
1.66005
1.66618
1.65645
1.63365
1.60385
1.57426
1.55144
1.53953
1.53919
1.5476
1.559
1.56669
1.56544
1.55351
1.53316
1.5106
1.4946
1.49396
1.51467
1.55663
1.61327
1.67425
1.72915
1.77045
1.79466
1.80222
1.79638
1.78091
1.75811
1.72897
1.69413
1.65496
1.61359
1.57295
1.5361
1.50694
1.4897
1.48726
1.49877
1.51946
1.54276
1.56227
1.57348
1.5752
1.56971
1.56075
1.55057
1.53886
1.52413
1.50596
1.48572
1.46711
1.45527
1.45525
1.46867
1.49204
1.5192
1.54471
1.56632
1.58428
1.6006
1.61746
1.63659
1.65835
1.68177
1.70469
1.72485
1.74103
1.75303
1.76144
1.7668
1.77004
1.77192
1.7721
1.76927
1.76241
1.75183
1.73911
1.72593
1.71324
1.70167
1.69191
1.68417
1.67772
1.67118
1.66361
1.65444
1.64285
1.62804
1.60929
1.58648
1.55995
1.5311
1.50317
1.4813
1.47131
1.47718
1.49872
1.53178
1.56948
1.60458
1.63038
1.64206
1.63755
1.61781
1.58675
1.55001
1.51436
1.48568
1.46742
1.45991
1.46094
1.46758
1.47795
1.49152
1.50877
1.52952
1.55276
1.57676
1.59987
1.61975
1.63346
1.63797
1.63203
1.61763
1.60069
1.58884
1.58798
1.59926
1.61936
1.64283
1.66343
1.67586
1.67611
1.66239
1.63609
1.60222
1.569
1.5452
1.53576
1.5392
1.54948
1.56081
1.57229
1.58802
1.61199
1.64231
1.67114
1.69042
1.69619
1.68846
1.66911
1.64061
1.60708
1.5742
1.54836
1.53414
1.53236
1.54104
1.55719
1.57746
1.59835
1.61677
1.63152
1.64368
1.65591
1.67022
1.68621
1.7014
1.71243
1.71708
1.71507
1.70722
1.69371
1.67292
1.64385
1.60998
1.57875
1.55558
1.54015
1.52946
1.52292
1.52259
1.53078
1.54848
1.57473
1.6073
1.64248
1.67526
1.70077
1.71656
1.72241
1.71897
1.70651
1.68463
1.65379
1.6169
1.57955
1.54869
1.52886
1.52046
1.52039
1.52529
1.5339
1.54678
1.56479
1.58735
1.61133
1.63207
1.64505
1.648
1.64127
1.62755
1.61089
1.59491
1.58216
1.57321
1.56788
1.56652
1.57025
1.5803
1.59686
1.61926
1.64571
1.67298
1.69675
1.71254
1.71689
1.70901
1.6914
1.66937
1.64955
1.63845
1.63956
1.65054
1.66351
1.66942
1.663
1.64497
1.62097
1.59932
1.58762
1.59028
1.60648
1.63072
1.65578
1.67502
1.6835
1.67771
1.65605
1.62025
1.57635
1.53289
1.49803
1.47641
1.46872
1.47178
1.47933
1.48367
1.47963
1.46776
1.45456
1.44976
1.46137
1.49193
1.5371
1.58916
1.64104
1.68817
1.72822
1.75995
1.78232
1.79436
1.79546
1.78601
1.76794
1.74444
1.71955
1.69753
1.68189
1.67529
1.67823
1.68851
1.70226
1.71507
1.72319
1.7236
1.715
1.69792
1.67427
1.64602
1.6145
1.58089
1.54697
1.51555
1.48974
1.47205
1.46359
1.46388
1.47127
1.48381
1.50001
1.51803
1.53558
1.54922
1.55514
1.55072
1.53735
1.52111
1.51153
1.51762
1.5434
1.58613
1.63774
1.6869
1.72253
1.73725
1.7302
1.70689
1.67644
1.64741
1.62532
1.61204
1.60663
1.60659
1.60881
1.61081
1.61147
1.61204
1.61493
1.6221
1.63378
1.64844
1.66425
1.68059
1.69774
1.71552
1.73211
1.74367
1.74602
1.73653
1.71562
1.68669
1.65407
1.62113
1.58963
1.56081
1.53534
1.51383
1.49599
1.48072
1.46704
1.45547
1.44962
1.45481
1.47502
1.51071
1.55955
1.6179
1.6807
1.74131
1.79187
1.82603
1.84044
1.83522
1.81354
1.78006
1.74022
1.69863
1.65807
1.61937
1.58233
1.54767
1.51839
1.49866
1.49246
1.50128
1.52377
1.55586
1.59121
1.62266
1.64403
1.65178
1.64569
1.6279
1.60202
1.57218
1.54259
1.51654
1.49591
1.48069
1.47042
1.4658
1.46992
1.48638
1.51565
1.55425
1.59626
1.63638
1.67079
1.69645
1.71105
1.71325
1.70306
1.68201
1.65251
1.61681
1.57719
1.53693
1.50028
1.4721
1.45684
1.45742
1.47414
1.50367
1.53967
1.57491
1.60409
1.62509
1.63855
1.64499
1.64333
1.63413
1.62295
1.61849
1.62644
1.64525
1.66863
1.69089
1.70938
1.7237
1.73352
1.73814
1.73647
1.7285
1.71587
1.7006
1.68474
1.67011
1.65846
1.65129
1.65008
1.656
1.66912
1.6877
1.70811
1.72524
1.73404
1.73109
1.71504
1.68793
1.6544
1.62129
1.59519
1.5809
1.58035
1.59262
1.61251
1.63109
1.63973
1.6337
1.61304
1.58122
1.54279
1.50323
1.46945
1.44951
1.44879
1.46551
1.49274
1.52397
1.55589
1.58737
1.61685
1.64148
1.65738
1.66116
1.6518
1.63275
1.61135
1.59367
1.57966
1.56573
1.55158
1.5415
1.5407
1.55043
1.56842
1.59097
1.61478
1.63697
1.65416
1.66341
1.66386
1.65786
1.6503
1.6466
1.64998
1.65985
1.67327
1.68702
1.69778
1.70214
1.69773
1.68497
1.66659
1.6464
1.62815
1.61491
1.60902
1.61168
1.62259
1.63929
1.65769
1.67271
1.67973
1.67559
1.66034
1.63822
1.61628
1.60115
1.59678
1.60287
1.61575
1.62963
1.63958
1.64233
1.63659
1.6227
1.60258
1.58012
1.55995
1.54585
1.54016
1.54342
1.55467
1.57087
1.58745
1.60018
1.60825
1.61482
1.62525
1.64243
1.66294
1.67943
1.68629
1.68276
1.67174
1.65803
1.64562
1.6361
1.62865
1.6224
1.61757
1.6154
1.61712
1.62295
1.63061
1.63539
1.63196
1.61696
1.59032
1.55415
1.51196
1.46919
1.43407
1.41513
1.41744
1.44044
1.47924
1.52728
1.57836
1.62766
1.67193
1.7084
1.73527
1.75202
1.75916
1.75702
1.74453
1.72023
1.68471
1.64409
1.6096
1.59273
1.59727
1.6179
1.64428
1.66575
1.6746
1.66753
1.64574
1.61434
1.58143
1.55658
1.54714
1.554
1.57184
1.59357
1.61399
1.63036
1.6412
1.64595
1.64476
1.63875
1.62994
1.6212
1.61555
1.61543
1.62244
1.63647
1.65574
1.67663
1.69492
1.70662
1.70919
1.70155
1.68443
1.66037
1.63383
1.61002
1.5931
1.58413
1.58109
1.58034
1.5787
1.57441
1.56748
1.55935
1.55183
1.54678
1.5454
1.54864
1.55677
1.56861
1.58172
1.59402
1.60541
1.61793
1.63359
1.65266
1.67247
1.68795
1.69357
1.68557
1.66402
1.63426
1.60574
1.5882
1.58648
1.59831
1.61711
1.63606
1.65062
1.65869
1.65946
1.65259
1.6387
1.62031
1.60165
1.58638
1.57563
1.56961
1.56969
1.57726
1.59169
1.60979
1.62845
1.64643
1.66395
1.68179
1.69938
1.71491
1.7265
1.73393
1.73889
1.74389
1.75102
1.76048
1.77039
1.77705
1.77646
1.76595
1.7445
1.71293
1.67272
1.62559
1.5734
1.51929
1.46781
1.42459
1.39531
1.38427
1.3927
1.41791
1.45364
1.49214
1.52629
1.55118
1.56498
1.56875
1.56564
1.55989
1.55563
1.55556
1.56017
1.56765
1.57527
1.58128
1.58596
1.59189
1.60257
1.62095
1.64741
1.67954
1.71281
1.74158
1.75931
1.76001
1.74201
1.70993
1.61961
1.5926
1.57662
1.57377
1.58407
1.60583
1.63605
1.67047
1.70358
1.7293
1.74219
1.73897
1.71982
1.6885
1.65093
1.61194
1.57231
1.53026
1.48524
1.4403
1.40257
1.38136
1.38473
1.41512
1.46683
1.52892
1.59068
1.64496
1.68808
1.71806
1.73327
1.73339
1.72005
1.69737
1.67021
1.64344
1.62108
1.6062
1.60042
1.60289
1.61107
1.62115
1.62886
1.63021
1.62232
1.6035
1.57405
1.53707
1.49846
1.46539
1.4434
1.4344
1.43733
1.44964
1.46924
1.49477
1.52487
1.55691
1.58656
1.61009
1.62622
1.63576
1.63996
1.63963
1.63511
1.62613
1.61232
1.59382
1.5725
1.55297
1.54159
1.54323
1.5584
1.58383
1.61434
1.64411
1.66709
1.67779
1.67341
1.65479
1.62701
1.59786
1.57436
1.55975
1.55301
1.55151
1.55367
1.55886
1.56663
1.5756
1.58367
1.58899
1.59105
1.59048
1.58825
1.58493
1.58069
1.57626
1.57318
1.5737
1.57976
1.59191
1.60898
1.62832
1.6463
1.65877
1.66171
1.65221
1.62977
1.59758
1.56252
1.53304
1.51421
1.50563
1.50425
1.50882
1.52011
1.53861
1.56166
1.58372
1.59896
1.60406
1.59937
1.58895
1.57891
1.57439
1.57677
1.58244
1.58478
1.57835
1.56324
1.54603
1.53521
1.53438
1.5407
1.54915
1.5572
1.56489
1.57354
1.58478
1.60037
1.62125
1.64577
1.66959
1.6872
1.69431
1.68989
1.67689
1.661
1.64873
1.64392
1.64462
1.64287
1.6299
1.60123
1.55797
1.50602
1.45492
1.41554
1.39625
1.39971
1.42332
1.4628
1.51433
1.5729
1.63047
1.67834
1.7101
1.72284
1.71646
1.69332
1.65786
1.61697
1.57911
1.55258
1.54272
1.54947
1.56717
1.58741
1.60291
1.60968
1.60729
1.59887
1.59043
1.58768
1.59336
1.60587
1.62165
1.63725
1.65012
1.65842
1.66119
1.65798
1.6484
1.63241
1.61103
1.5866
1.56241
1.54218
1.5289
1.52365
1.52487
1.52962
1.5353
1.54002
1.54264
1.54269
1.54083
1.54023
1.54509
1.55763
1.57658
1.59837
1.61919
1.63572
1.64564
1.64783
1.64275
1.63175
1.61661
1.59887
1.5795
1.55941
1.53994
1.5228
1.5101
1.50442
1.50863
1.52491
1.55384
1.59341
1.63816
1.68046
1.71308
1.73219
1.73851
1.73565
1.72705
1.71362
1.69361
1.66594
1.63282
1.59969
1.57308
1.55775
1.55561
1.565
1.58158
1.59966
1.61428
1.6234
1.62922
1.63661
1.64891
1.66515
1.68008
1.68802
1.68576
1.67268
1.64959
1.6182
1.58089
1.54119
1.50364
1.47262
1.45088
1.43856
1.43382
1.43417
1.43793
1.44457
1.45372
1.46471
1.47647
1.48855
1.50166
1.51744
1.5376
1.56264
1.59175
1.62299
1.65326
1.67876
1.6953
1.69909
1.68761
1.66076
1.62125
1.57485
1.52929
1.49222
1.46865
1.45964
1.46283
1.47387
1.48883
1.50478
1.52002
1.53396
1.5469
1.55954
1.57244
1.58573
1.59909
1.61157
1.6219
1.62884
1.63127
1.62834
1.61929
1.60458
1.586
1.56675
1.55022
1.53892
1.5335
1.53221
1.53155
1.52834
1.52224
1.51631
1.51523
1.52236
1.53757
1.55793
1.57994
1.60091
1.61908
1.63401
1.64669
1.65892
1.67152
1.68333
1.69091
1.69037
1.67907
1.65627
1.62347
1.58405
1.54303
1.50564
1.47611
1.45633
1.44651
1.44665
1.45756
1.48008
1.51388
1.55629
1.60191
1.6447
1.68023
1.70656
1.72381
1.73281
1.73363
1.72529
1.70659
1.67718
1.63887
1.59598
1.55514
1.52329
1.50486
1.5
1.50488
1.51437
1.52421
1.53193
1.53722
1.54123
1.54573
1.55214
1.56061
1.56955
1.5772
1.58216
1.58394
1.58248
1.57763
1.56937
1.55808
1.54493
1.5318
1.52043
1.51194
1.50628
1.50244
1.49882
1.49362
1.48531
1.47379
1.46117
1.45119
1.44734
1.45054
1.45899
1.47018
1.4825
1.49565
1.51032
1.52678
1.54382
1.55853
1.56709
1.56656
1.55644
1.53898
1.51859
1.50057
1.49097
1.49549
1.51635
1.55028
1.58982
1.62748
1.65845
1.67978
1.68971
1.68751
1.67398
1.65119
1.62256
1.59261
1.56625
1.54697
1.53639
1.53477
1.54234
1.55925
1.58497
1.61751
1.65293
1.6854
1.70877
1.71839
1.71256
1.69335
1.66612
1.63746
1.61231
1.59268
1.57944
1.57419
1.57897
1.59368
1.61472
1.63623
1.65212
1.65836
1.65431
1.64289
1.62939
1.61923
1.61603
1.62053
1.63113
1.64445
1.65715
1.66637
1.66982
1.66594
1.65369
1.63352
1.60708
1.57676
1.54413
1.50987
1.4749
1.44144
1.41328
1.39459
1.3884
1.39535
1.41332
1.43688
1.45938
1.47563
1.48435
1.48799
1.49146
1.49875
1.51139
1.5277
1.54479
1.56019
1.57307
1.58403
1.59397
1.60249
1.60886
1.61375
1.61919
1.62583
1.63135
1.63305
1.62988
1.62376
1.61806
1.61517
1.61541
1.61679
1.61738
1.61554
1.60964
1.59822
1.58085
1.55845
1.53368
1.51092
1.49635
1.49601
1.51115
1.53722
1.56754
1.59648
1.61973
1.63426
1.63805
1.63043
1.61266
1.58765
1.56057
1.53728
1.52263
1.51823
1.52126
1.52601
1.52705
1.52236
1.51446
1.50905
1.5115
1.52431
1.54584
1.5719
1.59785
1.62032
1.63779
1.65014
1.65809
1.66249
1.66405
1.663
1.65937
1.65329
1.64533
1.63577
1.62364
1.60709
1.58546
1.56106
1.53888
1.52403
1.51796
1.5176
1.51725
1.51209
1.50038
1.4843
1.46887
1.46019
1.46287
1.47894
1.50708
1.54287
1.57981
1.61176
1.63503
1.64943
1.65753
1.66287
1.6678
1.67226
1.67432
1.67097
1.6592
1.63744
1.60625
1.56911
1.53163
1.50001
1.4787
1.46885
1.46858
1.47428
1.48131
1.48484
1.48216
1.47475
1.46848
1.47194
1.49187
1.5288
1.57631
1.62459
1.66451
1.69057
1.70106
1.69662
1.67976
1.65414
1.62457
1.59584
1.57169
1.55402
1.54375
1.54175
1.54808
1.56161
1.57915
1.59594
1.60747
1.61219
1.61201
1.61053
1.61046
1.61273
1.61605
1.61867
1.61928
1.61718
1.61257
1.60612
1.59829
1.58899
1.57736
1.56299
1.5463
1.52879
1.51296
1.502
1.49881
1.50472
1.5187
1.53778
1.55839
1.57673
1.58937
1.59358
1.58835
1.5756
1.559
1.54253
1.52972
1.52471
1.53146
1.55105
1.58018
1.61289
1.64311
1.66598
1.67915
1.68239
1.67734
1.66668
1.65319
1.63916
1.626
1.61401
1.60225
1.58836
1.57031
1.54814
1.52525
1.50743
1.49994
1.50511
1.52089
1.54188
1.56163
1.57556
1.58243
1.58427
1.58447
1.58552
1.58782
1.5908
1.59426
1.59892
1.60578
1.61548
1.62716
1.63766
1.64215
1.63625
1.61828
1.59131
1.5631
1.54356
1.54002
1.55327
1.5778
1.60461
1.62511
1.63404
1.63053
1.61795
1.60266
1.59139
1.58873
1.59535
1.60812
1.6217
1.63105
1.63325
1.62807
1.61687
1.60044
1.57901
1.55356
1.52821
1.50999
1.50408
1.51017
1.52387
1.54059
1.55768
1.57359
1.58731
1.59808
1.60599
1.61198
1.61724
1.62282
1.62842
1.63245
1.63256
1.62737
1.61757
1.60568
1.59369
1.58204
1.56983
1.55675
1.54409
1.53401
1.52892
1.53058
1.53971
1.55557
1.57542
1.59532
1.61176
1.62301
1.62954
1.6332
1.63585
1.63877
1.6425
1.64701
1.65087
1.65175
1.64868
1.6438
1.64154
1.64444
1.64995
1.65203
1.6464
1.63395
1.62023
1.61206
1.61436
1.62842
1.65134
1.67606
1.69373
1.69732
1.68471
1.65898
1.62672
1.59448
1.56533
1.53787
1.50861
1.47524
1.43969
1.408
1.38799
1.38514
1.40072
1.43181
1.47332
1.51942
1.56498
1.6059
1.63909
1.66163
1.67099
1.6661
1.64854
1.62197
1.59157
1.56279
1.54058
1.5284
1.5283
1.54169
1.5683
1.60519
1.64601
1.68214
1.70544
1.71136
1.70095
1.67995
1.65713
1.63988
1.63153
1.6313
1.63562
1.63981
1.63959
1.63209
1.61702
1.59695
1.57661
1.56106
1.55303
1.55182
1.55478
1.55919
1.56307
1.56387
1.5588
1.54739
1.53349
1.52381
1.52474
1.53864
1.56222
1.58875
1.61143
1.6256
1.62986
1.62629
1.61905
1.61243
1.60871
1.60787
1.60898
1.61231
1.62029
1.63558
1.65803
1.68266
1.702
1.7095
1.70123
1.67634
1.63695
1.58845
1.5393
1.49837
1.47175
1.46111
1.46491
1.48007
1.5033
1.53128
1.56064
1.58801
1.61033
1.62534
1.63153
1.62851
1.61775
1.6031
1.58936
1.58039
1.57729
1.57805
1.57926
1.57916
1.57835
1.5791
1.58335
1.59173
1.60372
1.61785
1.63187
1.64273
1.64775
1.64514
1.63444
1.61702
1.59576
1.57421
1.55603
1.54415
1.54043
1.54528
1.55685
1.57101
1.58199
1.58478
1.57738
1.56098
1.53961
1.51786
1.49861
1.4823
1.46867
1.45924
1.45665
1.46186
1.47231
1.48391
1.49354
1.50104
1.50933
1.5218
1.53945
1.56027
1.58061
1.59613
1.6025
1.59758
1.58367
1.56874
1.56225
1.56728
1.57931
1.59213
1.60212
1.60849
1.61112
1.60978
1.60345
1.59204
1.57761
1.56458
1.55778
1.56087
1.57467
1.59719
1.62474
1.65306
1.67798
1.69587
1.70429
1.70276
1.693
1.67874
1.66477
1.65442
1.64792
1.643
1.63798
1.63188
1.62388
1.61291
1.59748
1.57654
1.55105
1.52495
1.50473
1.49644
1.50243
1.52024
1.54409
1.56789
1.58697
1.59853
1.60165
1.59719
1.58708
1.57389
1.56009
1.54729
1.53624
1.52828
1.52615
1.53251
1.54698
1.56436
1.57719
1.57979
1.57069
1.5525
1.52983
1.50764
1.49009
1.48074
1.4825
1.49593
1.51822
1.54393
1.56768
1.58691
1.60193
1.61428
1.6247
1.63211
1.63486
1.63259
1.62702
1.62095
1.61605
1.64408
1.63424
1.62447
1.61499
1.60842
1.60964
1.62186
1.64195
1.66171
1.67371
1.67453
1.66396
1.64334
1.61461
1.57999
1.54185
1.50332
1.46888
1.44482
1.43644
1.44514
1.46774
1.4979
1.52772
1.54988
1.55937
1.555
1.54067
1.5248
1.5173
1.5247
1.54732
1.58018
1.61612
1.64872
1.67435
1.69243
1.70375
1.70787
1.70363
1.69098
1.67265
1.65339
1.63805
1.62996
1.62947
1.63458
1.64294
1.653
1.66362
1.67339
1.68102
1.68542
1.6856
1.67906
1.66348
1.63965
1.61288
1.59009
1.57592
1.57066
1.57174
1.57604
1.57993
1.57937
1.57237
1.56117
1.55168
1.55089
1.56356
1.5903
1.62803
1.67171
1.71608
1.75575
1.78558
1.80164
1.80205
1.78727
1.75957
1.72242
1.6798
1.63606
1.59576
1.56273
1.53879
1.52336
1.51346
1.50533
1.49677
1.48898
1.48551
1.49013
1.50455
1.52671
1.55104
1.57124
1.58297
1.58599
1.58355
1.58038
1.58036
1.58528
1.59496
1.60778
1.62147
1.63342
1.64087
1.64181
1.63574
1.62389
1.60957
1.59696
1.58989
1.58998
1.59556
1.6026
1.60684
1.60619
1.60126
1.59424
1.58736
1.58267
1.5826
1.59002
1.6072
1.63427
1.66826
1.70305
1.73092
1.74523
1.74189
1.72076
1.68514
1.64169
1.59913
1.56606
1.54657
1.53901
1.53878
1.54132
1.5438
1.54439
1.54215
1.5376
1.53337
1.5343
1.5441
1.56279
1.58688
1.6119
1.63407
1.65018
1.6569
1.65186
1.635
1.60909
1.5792
1.55125
1.53039
1.51941
1.51798
1.52337
1.53176
1.54042
1.54913
1.55977
1.57466
1.59545
1.62233
1.65273
1.68206
1.70554
1.72076
1.72708
1.72455
1.71271
1.69151
1.66281
1.63136
1.6033
1.58375
1.57448
1.57434
1.58112
1.59331
1.61035
1.6315
1.65383
1.67297
1.68483
1.68788
1.68351
1.67493
1.66454
1.65255
1.6379
1.62075
1.60334
1.58902
1.57995
1.57609
1.57574
1.57641
1.57602
1.57379
1.57096
1.56945
1.57058
1.57443
1.5798
1.58514
1.58959
1.59336
1.59749
1.60249
1.60678
1.60735
1.60238
1.59305
1.58305
1.57608
1.57471
1.57897
1.58667
1.59482
1.60191
1.60907
1.618
1.62788
1.6354
1.63713
1.63133
1.61808
1.59865
1.57507
1.54976
1.52513
1.50315
1.4849
1.46967
1.45549
1.44016
1.42374
1.40976
1.40429
1.41283
1.43621
1.46949
1.50555
1.53987
1.57069
1.59716
1.61797
1.63252
1.64128
1.64562
1.6478
1.65055
1.65669
1.66787
1.68408
1.7043
1.72775
1.75391
1.78117
1.80585
1.82238
1.82549
1.81228
1.78393
1.74578
1.70574
1.67154
1.64814
1.63644
1.63468
1.6405
1.65186
1.66603
1.67874
1.6847
1.67925
1.66009
1.62852
1.58905
1.54771
1.51025
1.48163
1.46615
1.46705
1.485
1.51617
1.55279
1.58566
1.60727
1.61468
1.60965
1.59643
1.57936
1.56147
1.54431
1.52978
1.51961
1.51473
1.51444
1.51681
1.52043
1.52538
1.53333
1.54627
1.56485
1.58788
1.61297
1.63734
1.65796
1.67149
1.67471
1.6657
1.64543
1.61763
1.58766
1.56089
1.54064
1.52751
1.52012
1.51675
1.51727
1.52335
1.53742
1.56084
1.59263
1.62897
1.66446
1.69339
1.71119
1.71517
1.70546
1.68477
1.65849
1.63283
1.61327
1.60301
1.60318
1.61285
1.6299
1.65081
1.67081
1.68423
1.68607
1.67297
1.64511
1.60667
1.56511
1.52897
1.50565
1.50052
1.51578
1.54779
1.58779
1.6257
1.65472
1.67219
1.67864
1.67593
1.66647
1.65239
1.63407
1.61045
1.58022
1.54628
1.5207
1.51897
1.54288
1.57798
1.60971
1.6322
1.64508
1.64945
1.64749
1.64274
1.63895
1.63791
1.63964
1.6431
1.64742
1.65204
1.65667
1.66134
1.66598
1.66932
1.66876
1.66204
1.64877
1.63164
1.61504
1.60212
1.59333
1.58689
1.58126
1.57534
1.56888
1.56286
1.55997
1.56382
1.57701
1.59922
1.6269
1.65503
1.67861
1.69427
1.70002
1.69477
1.67796
1.65031
1.61455
1.57571
1.54057
1.51537
1.50294
1.50206
1.50854
1.51797
1.52832
1.54022
1.55447
1.56894
1.58062
1.58983
1.59977
1.61249
1.62617
1.63604
1.63714
1.62613
1.6013
1.56412
1.51983
1.47832
1.45219
1.45136
1.47814
1.52598
1.58321
1.63831
1.68228
1.71004
1.7202
1.7154
1.70105
1.68376
1.66922
1.66013
1.65596
1.65451
1.65391
1.65446
1.65666
1.65957
1.66105
1.65935
1.65404
1.6451
1.63257
1.61669
1.59812
1.57738
1.55461
1.52907
1.49996
1.46847
1.43927
1.4205
1.42105
1.44561
1.49049
1.5443
1.59363
1.62895
1.64749
1.65228
1.65027
1.64968
1.65614
1.67052
1.68909
1.70708
1.72132
1.73031
1.73274
1.72766
1.71535
1.69791
1.67849
1.66115
1.65005
1.64863
1.65733
1.67245
1.68726
1.69436
1.68827
1.66737
1.63456
1.59546
1.55557
1.5179
1.48374
1.45456
1.43344
1.42436
1.42993
1.44904
1.47758
1.51065
1.54335
1.5707
1.58811
1.59259
1.58415
1.56554
1.54218
1.52099
1.50778
1.50556
1.51504
1.53574
1.56529
1.59879
1.6308
1.65769
1.67845
1.69328
1.7017
1.70251
1.69584
1.68566
1.6803
1.68747
1.70832
1.73585
1.75998
1.77224
1.76849
1.74859
1.71593
1.67613
1.63501
1.59716
1.56522
1.54076
1.52422
1.51551
1.51497
1.5247
1.54764
1.58366
1.62718
1.66936
1.70199
1.72006
1.72247
1.71113
1.68926
1.66024
1.62647
1.58982
1.55263
1.51871
1.49319
1.47953
1.47805
1.48642
1.50127
1.51874
1.53466
1.54497
1.54813
1.54662
1.54637
1.55327
1.5693
1.59217
1.61714
1.63957
1.65586
1.66368
1.66235
1.65337
1.64083
1.6298
1.62447
1.6268
1.63668
1.65247
1.67113
1.68904
1.70273
1.71044
1.71265
1.71101
1.70656
1.69892
1.68656
1.66769
1.64129
1.60815
1.57154
1.53755
1.51346
1.50462
1.51179
1.53125
1.55717
1.58373
1.60597
1.62008
1.62306
1.61404
1.59496
1.57151
1.55108
1.53828
1.5319
1.52788
1.52467
1.5244
1.52923
1.53798
1.54818
1.55983
1.57549
1.59584
1.61757
1.63635
1.6503
1.66131
1.67296
1.68838
1.70955
1.73725
1.77026
1.80463
1.83443
1.85381
1.85867
1.84748
1.82108
1.78172
1.7325
1.67663
1.61722
1.5587
1.50832
1.47637
1.47156
1.49302
1.52972
1.5681
1.59838
1.6163
1.62237
1.62052
1.61592
1.61167
1.60865
1.60742
1.60949
1.61644
1.62817
1.64193
1.65263
1.65464
1.64437
1.62173
1.58983
1.55363
1.51771
1.48466
1.45512
1.42899
1.40704
1.3917
1.38673
1.39611
1.42196
1.46255
1.51205
1.5626
1.607
1.63975
1.65812
1.66243
1.65538
1.6406
1.62128
1.59994
1.5785
1.5598
1.54797
1.54778
1.5622
1.59071
1.62854
1.66814
1.70139
1.72211
1.72787
1.72069
1.70627
1.69198
1.68363
1.68291
1.68698
1.69082
1.68933
1.67958
1.66138
1.63747
1.61225
1.59
1.57251
1.55835
1.54503
1.53181
1.52058
1.51399
1.5134
1.51795
1.52484
1.53174
1.53914
1.55082
1.57136
1.59995
1.62845
1.6458
1.64487
1.62644
1.59933
1.57564
1.56319
1.56255
1.57083
1.58617
1.60822
1.63528
1.66149
1.67904
1.68208
1.66992
1.6473
1.62254
1.60297
1.59239
1.59075
1.59554
1.60401
1.61418
1.62502
1.63598
1.6459
1.65293
1.65481
1.64882
1.63298
1.60664
1.57207
1.53461
1.50191
1.48128
1.47775
1.49195
1.51997
1.55426
1.58671
1.61166
1.62632
1.63102
1.62899
1.6248
1.62269
1.62436
1.62895
1.63416
1.63813
1.64032
1.64122
1.64128
1.64017
1.63674
1.62941
1.61739
1.60198
1.58621
1.5738
1.56685
1.56406
1.56087
1.55205
1.53536
1.51334
1.49282
1.48187
1.4866
1.5087
1.54458
1.58682
1.62639
1.655
1.66782
1.6649
1.65208
1.63955
1.6366
1.64604
1.66312
1.68004
1.69084
1.69285
1.68638
1.67386
1.65823
1.64171
1.62512
1.60844
1.59143
1.57448
1.55942
1.54867
1.54393
1.54434
1.5469
1.54823
1.54731
1.54749
1.55532
1.57496
1.60438
1.63887
1.67417
1.70721
1.73482
1.75394
1.76225
1.75893
1.74442
1.72031
1.6886
1.65135
1.61069
1.57121
1.53998
1.52373
1.52436
1.53797
1.55819
1.58038
1.60237
1.62394
1.64508
1.6653
1.68353
1.69861
1.70911
1.71325
1.70933
1.69554
1.67081
1.63583
1.59396
1.55158
1.51614
1.49317
1.48303
1.48142
1.48317
1.48564
1.489
1.49491
1.50413
1.5162
1.52911
1.54097
1.55042
1.55656
1.55852
1.55542
1.54682
1.53348
1.51822
1.50564
1.50082
1.50737
1.52574
1.55381
1.58794
1.62445
1.65985
1.6906
1.7136
1.727
1.73073
1.72604
1.71434
1.69708
1.67572
1.65236
1.62937
1.60843
1.58993
1.57356
1.5596
1.5495
1.54608
1.55159
1.56588
1.58679
1.61082
1.6349
1.65661
1.6744
1.6876
1.69626
1.70084
1.70248
1.70235
1.70066
1.69647
1.68791
1.67304
1.65153
1.62599
1.60159
1.58423
1.57753
1.58131
1.59242
1.60629
1.6192
1.62849
1.63209
1.62841
1.61774
1.60264
1.58695
1.57336
1.56252
1.55293
1.54322
1.53318
1.52355
1.5156
1.5111
1.51223
1.52017
1.5337
1.54924
1.56263
1.57124
1.57589
1.58078
1.59168
1.6124
1.64164
1.67356
1.70219
1.72445
1.73981
1.74788
1.74689
1.73451
1.7095
1.6742
1.63576
1.60317
1.58218
1.57209
1.56818
1.5665
1.56555
1.56514
1.56479
1.56389
1.56405
1.56906
1.58006
1.59246
1.60143
1.60752
1.6161
1.63168
1.6542
1.67967
1.70216
1.71618
1.71869
1.70932
1.69062
1.66744
1.63776
1.62817
1.62261
1.61805
1.6123
1.6044
1.59431
1.58213
1.56825
1.55444
1.5434
1.53695
1.53485
1.53524
1.53614
1.53718
1.53928
1.54362
1.55055
1.55905
1.56739
1.57346
1.57521
1.5711
1.56073
1.5448
1.52476
1.50181
1.47773
1.45504
1.43666
1.42575
1.42682
1.44577
1.48563
1.54121
1.5995
1.64719
1.67678
1.68706
1.68137
1.66615
1.64961
1.63942
1.64035
1.65267
1.67252
1.69395
1.71155
1.72216
1.72487
1.72097
1.71295
1.70298
1.69064
1.67255
1.64531
1.60869
1.56789
1.53334
1.51707
1.52577
1.55644
1.59819
1.63863
1.66778
1.67917
1.66942
1.63881
1.59268
1.54158
1.49729
1.46682
1.45113
1.44782
1.45337
1.46491
1.48075
1.50052
1.5244
1.55169
1.57996
1.60549
1.62486
1.63512
1.63376
1.62171
1.60515
1.59242
1.58892
1.59539
1.60912
1.6257
1.64028
1.64832
1.64747
1.63961
1.63104
1.62913
1.63798
1.65639
1.67956
1.70132
1.71508
1.71469
1.69583
1.65824
1.60663
1.55064
1.5025
1.47285
1.4658
1.47877
1.50609
1.5418
1.57933
1.61192
1.63467
1.64687
1.65209
1.65611
1.66335
1.67499
1.68862
1.70045
1.70811
1.71215
1.7152
1.71817
1.71828
1.7108
1.69233
1.66264
1.62458
1.58278
1.54201
1.50573
1.47583
1.45265
1.43578
1.42594
1.42588
1.43906
1.46629
1.50388
1.54634
1.58849
1.62533
1.6511
1.66152
1.65727
1.64365
1.62762
1.61369
1.60197
1.58845
1.56754
1.5362
1.4966
1.45681
1.4281
1.41951
1.4337
1.46634
1.50942
1.55371
1.59112
1.61612
1.62664
1.62401
1.61262
1.59882
1.5886
1.58509
1.58772
1.59299
1.59747
1.60011
1.60288
1.61107
1.63143
1.66654
1.71007
1.75039
1.77934
1.79464
1.79774
1.79045
1.77376
1.74791
1.71328
1.67201
1.62834
1.58794
1.55583
1.53443
1.52274
1.5172
1.51388
1.51023
1.5056
1.50096
1.50037
1.50937
1.53206
1.56769
1.61111
1.65534
1.694
1.72262
1.73809
1.73838
1.72261
1.69166
1.64773
1.59609
1.54477
1.50345
1.48087
1.48153
1.50425
1.5422
1.58534
1.62424
1.65289
1.66888
1.67259
1.66542
1.64907
1.62533
1.59697
1.56873
1.5464
1.5351
1.53667
1.54909
1.56794
1.58852
1.60681
1.62002
1.627
1.62864
1.62726
1.62516
1.6233
1.62165
1.6199
1.61786
1.61486
1.61011
1.60317
1.59491
1.58768
1.58408
1.58598
1.59332
1.60392
1.61422
1.62089
1.62184
1.6165
1.60535
1.58902
1.56768
1.54124
1.51054
1.4785
1.45112
1.43602
1.43861
1.45793
1.48777
1.52056
1.54975
1.56997
1.57797
1.57385
1.5617
1.54865
1.54201
1.54563
1.55819
1.57483
1.58991
1.59979
1.60388
1.60413
1.60382
1.60542
1.60918
1.61345
1.61636
1.61725
1.6175
1.61986
1.62652
1.63795
1.65277
1.66886
1.68444
1.69823
1.70916
1.71531
1.71472
1.70574
1.68855
1.66537
1.64015
1.61735
1.60165
1.59595
1.59922
1.60664
1.61262
1.61381
1.61019
1.60377
1.59637
1.58933
1.58335
1.57929
1.57734
1.57666
1.5758
1.57346
1.56901
1.56241
1.55466
1.54807
1.54539
1.54711
1.55098
1.55342
1.55224
1.54762
1.54073
1.53239
1.52294
1.51263
1.50277
1.49523
1.49175
1.49265
1.49701
1.50392
1.51353
1.52709
1.54574
1.56886
1.59348
1.61598
1.63479
1.65091
1.66647
1.68199
1.69561
1.7045
1.7066
1.70147
1.69034
1.67545
1.66011
1.64762
1.64011
1.63738
1.6372
1.63671
1.63406
1.6287
1.62157
1.6143
1.60832
1.60363
1.59872
1.59228
1.5846
1.57767
1.57305
1.57037
1.56772
1.56362
1.55804
1.55201
1.54657
1.54248
1.54051
1.54247
1.55077
1.56693
1.59015
1.61664
1.64157
1.66062
1.67091
1.67005
1.65605
1.62835
1.58953
1.54615
1.50677
1.47886
1.46688
1.47065
1.4854
1.50332
1.51743
1.52429
1.52444
1.5215
1.52035
1.52517
1.53838
1.55941
1.5844
1.60749
1.62356
1.63016
1.62796
1.62016
1.61081
1.60379
1.60176
1.60587
1.61531
1.62709
1.63625
1.63776
1.62835
1.60872
1.58498
1.56706
1.56361
1.57551
1.59614
1.61757
1.63644
1.65426
1.6744
1.69713
1.71849
1.73156
1.73027
1.71211
1.6793
1.63903
1.60199
1.57888
1.57608
1.593
1.62181
1.65104
1.67041
1.67431
1.66245
1.63872
1.60928
1.58071
1.55784
1.54158
1.52936
1.5182
1.50737
1.49794
1.49144
1.48852
1.48967
1.4968
1.51234
1.53554
1.55994
1.57714
1.58336
1.5819
1.58045
1.58555
1.59807
1.61412
1.62903
1.6408
1.6497
1.65571
1.65801
1.65574
1.64883
1.6385
1.62667
1.61574
1.60824
1.60589
1.6087
1.61493
1.62157
1.62586
1.62648
1.62408
1.62031
1.61704
1.61474
1.61266
1.60966
1.60584
1.60311
1.60428
1.61085
1.62214
1.63458
1.64285
1.64301
1.63526
1.62396
1.61498
1.6119
1.61429
1.61935
1.62456
1.6293
1.6334
1.635
1.63032
1.6161
1.59267
1.56547
1.54348
1.53507
1.54317
1.56428
1.59181
1.62019
1.64493
1.66216
1.66883
1.66291
1.6436
1.61177
1.57077
1.52588
1.48306
1.44742
1.42348
1.41482
1.42362
1.44898
1.48682
1.53127
1.5769
1.61924
1.6546
1.67986
1.69241
1.69035
1.67309
1.64202
1.60103
1.55673
1.51752
1.49169
1.48541
1.50094
1.53524
1.58155
1.6318
1.67845
1.71492
1.73616
1.73928
1.72454
1.69577
1.6594
1.62265
1.59169
1.57112
1.56318
1.5678
1.58255
1.60259
1.62264
1.63845
1.64812
1.65186
1.65115
1.6468
1.63819
1.62392
1.60392
1.58033
1.55671
1.53695
1.52405
1.51877
1.51998
1.52558
1.53346
1.54207
1.55035
1.55765
1.56392
1.56979
1.57552
1.58066
1.58485
1.58888
1.59486
1.60473
1.61891
1.63602
1.65273
1.6655
1.67222
1.67221
1.66597
1.65447
1.63924
1.6225
1.60757
1.59804
1.59699
1.6053
1.62128
1.64078
1.6588
1.67124
1.67602
1.67381
1.66703
1.65819
1.64876
1.63956
1.63074
1.62242
1.61477
1.60767
1.6003
1.5918
1.58238
1.57425
1.57073
1.57373
1.5819
1.5912
1.59712
1.59616
1.58599
1.56456
1.5304
1.48429
1.43224
1.38654
1.36042
1.36063
1.38433
1.42349
1.46993
1.51771
1.56318
1.60396
1.63826
1.66437
1.68109
1.68829
1.68721
1.6794
1.66668
1.65042
1.63174
1.61159
1.59123
1.57283
1.5588
1.55086
1.54966
1.555
1.56611
1.58093
1.59659
1.61153
1.62696
1.64521
1.66521
1.68132
1.68776
1.68207
1.66554
1.64183
1.61516
1.58899
1.56482
1.54225
1.52158
1.5062
1.50117
1.5088
1.52729
1.55253
1.58071
1.60872
1.63397
1.65424
1.66816
1.67498
1.67403
1.66406
1.64465
1.61799
1.59018
1.56953
1.5624
1.56888
1.58314
1.59829
1.61024
1.61794
1.62128
1.61963
1.61238
1.59967
1.58322
1.56609
1.55173
1.54236
1.53822
1.53789
1.53843
1.53665
1.53025
1.51957
1.50834
1.50273
1.50833
1.52741
1.55747
1.59183
1.62147
1.63822
1.63763
1.6212
1.59556
1.57068
1.55659
1.55999
1.58222
1.61863
1.6607
1.69943
1.72834
1.74479
1.74899
1.74332
1.73114
1.7164
1.70224
1.69062
1.68101
1.67086
1.65672
1.63634
1.61016
1.58137
1.55452
1.53287
1.5169
1.50553
1.49932
1.50173
1.51659
1.54353
1.57661
1.60829
1.63397
1.65331
1.6683
1.68107
1.69235
1.70172
1.70863
1.71282
1.71331
1.70787
1.69354
1.66931
1.63653
1.59969
1.5657
1.54274
1.53578
1.54241
1.55351
1.55858
1.55172
1.53409
1.51218
1.49349
1.4832
1.48344
1.4947
1.51558
1.54195
1.56769
1.58646
1.59371
1.58799
1.5726
1.55488
1.54428
1.54796
1.56817
1.60206
1.64312
1.68376
1.71813
1.74367
1.76036
1.76914
1.77083
1.76541
1.75298
1.7341
1.71067
1.68485
1.65845
1.63267
1.60831
1.58552
1.56345
1.54117
1.51987
1.50408
1.50007
1.51132
1.53529
1.56433
1.59045
1.60876
1.61738
1.61614
1.60559
1.58749
1.56639
1.5497
1.54591
1.56064
1.59164
1.62991
1.6659
1.69444
1.71446
1.72632
1.72977
1.72402
1.70853
1.68429
1.65377
1.62065
1.58876
1.56131
1.54114
1.53122
1.53417
1.55046
1.57715
1.60825
1.63686
1.65767
1.66783
1.66665
1.65466
1.63399
1.60831
1.58334
1.56523
1.55819
1.56329
1.5784
1.59941
1.62159
1.64035
1.65231
1.65571
1.6501
1.6364
1.61708
1.59622
1.57808
1.5652
1.55737
1.55178
1.5449
1.53472
1.52234
1.51198
1.50771
1.5094
1.5132
1.51584
1.5194
1.53141
1.55889
1.6013
1.64952
1.69151
1.71838
1.72634
1.71673
1.69527
1.67018
1.64919
1.63605
1.63034
1.62883
1.62891
1.63069
1.63698
1.64965
1.66587
1.67813
1.67843
1.66172
1.62823
1.58432
1.54222
1.5155
1.51009
1.52159
1.54138
1.56368
1.58648
1.60948
1.63156
1.64947
1.65939
1.65848
1.64558
1.62149
1.58902
1.55259
1.51789
1.49052
1.47416
1.46987
1.4767
1.49294
1.51744
1.54955
1.58797
1.63026
1.67283
1.71164
1.74332
1.76542
1.77623
1.77465
1.7602
1.73365
1.69721
1.65428
1.60869
1.56431
1.52536
1.4966
1.48321
1.48879
1.51251
1.54885
1.59016
1.62859
1.65814
1.67502
1.67771
1.66702
1.64612
1.62002
1.59425
1.57315
1.55859
1.54971
1.54454
1.54182
1.54167
1.54462
1.55005
1.55496
1.55533
1.54858
1.53585
1.52154
1.51091
1.5064
1.50697
1.50966
1.51229
1.51489
1.51942
1.5274
1.53788
1.54791
1.55494
1.5596
1.56452
1.57086
1.57663
1.57861
