-0.430844
-0.432918
-0.435483
-0.438428
-0.441556
-0.444562
-0.447096
-0.448796
-0.449374
-0.448666
-0.446708
-0.443812
-0.440564
-0.437694
-0.435858
-0.435352
-0.436018
-0.43729
-0.438474
-0.438995
-0.438525
-0.43701
-0.434646
-0.431753
-0.428737
-0.425998
-0.423919
-0.422808
-0.422862
-0.424116
-0.426492
-0.429733
-0.43354
-0.437574
-0.441509
-0.445119
-0.448219
-0.450734
-0.45263
-0.453924
-0.454654
-0.454892
-0.454667
-0.453976
-0.452867
-0.451319
-0.449351
-0.44697
-0.44423
-0.441207
-0.438092
-0.435108
-0.432546
-0.4307
-0.429812
-0.429969
-0.431123
-0.433068
-0.435444
-0.43786
-0.439917
-0.44134
-0.441937
-0.441686
-0.440697
-0.439218
-0.437587
-0.436145
-0.43516
-0.434799
-0.435031
-0.435696
-0.436583
-0.437434
-0.438062
-0.438319
-0.438157
-0.437566
-0.436605
-0.435359
-0.433953
-0.4325
-0.431094
-0.429818
-0.428678
-0.427604
-0.426565
-0.425427
-0.424021
-0.422159
-0.419593
-0.416132
-0.411581
-0.405916
-0.399373
-0.392566
-0.386515
-0.382526
-0.381741
-0.384682
-0.390963
-0.399453
-0.408782
-0.417751
-0.425617
-0.432011
-0.436899
-0.440392
-0.442627
-0.443823
-0.444126
-0.443735
-0.442771
-0.441364
-0.439646
-0.437735
-0.435709
-0.433646
-0.431579
-0.429521
-0.427476
-0.425434
-0.42342
-0.421477
-0.419672
-0.418095
-0.416858
-0.416048
-0.415686
-0.41575
-0.41618
-0.416873
-0.417707
-0.41858
-0.419421
-0.420179
-0.420802
-0.421229
-0.421396
-0.421219
-0.420589
-0.419403
-0.417552
-0.414982
-0.411686
-0.407694
-0.403123
-0.398157
-0.39304
-0.388073
-0.383553
-0.379828
-0.377196
-0.375916
-0.376105
-0.377739
-0.380628
-0.384429
-0.388783
-0.393264
-0.39752
-0.401281
-0.404343
-0.406596
-0.407971
-0.408429
-0.407985
-0.406652
-0.404519
-0.401704
-0.39842
-0.394996
-0.39182
-0.389333
-0.387892
-0.38766
-0.388597
-0.390431
-0.392764
-0.395178
-0.397326
-0.398962
-0.399982
-0.400325
-0.400038
-0.39916
-0.397757
-0.395904
-0.393662
-0.391107
-0.388311
-0.385337
-0.382252
-0.379134
-0.376059
-0.373117
-0.370382
-0.367927
-0.36581
-0.364078
-0.362742
-0.361787
-0.361186
-0.360886
-0.360836
-0.360955
-0.361196
-0.361515
-0.361859
-0.362199
-0.362505
-0.362779
-0.363006
-0.363178
-0.363305
-0.363379
-0.363422
-0.363444
-0.363433
-0.363405
-0.363374
-0.363337
-0.363314
-0.363307
-0.36333
-0.363408
-0.363537
-0.363733
-0.36401
-0.364373
-0.364824
-0.365362
-0.365982
-0.366664
-0.367405
-0.368173
-0.368937
-0.369691
-0.370412
-0.371082
-0.37169
-0.372204
-0.372612
-0.372878
-0.372959
-0.372785
-0.372259
-0.371244
-0.369604
-0.367154
-0.363767
-0.359376
-0.354106
-0.34837
-0.342838
-0.3384
-0.335854
-0.335621
-0.337538
-0.340904
-0.344842
-0.348574
-0.351609
-0.353772
-0.355153
-0.355996
-0.356614
-0.357316
-0.358349
-0.359851
-0.361874
-0.364337
-0.367112
-0.370044
-0.372974
-0.375793
-0.378436
-0.380857
-0.383076
-0.385096
-0.386956
-0.388674
-0.390277
-0.391752
-0.393133
-0.39441
-0.39556
-0.396598
-0.397539
-0.398385
-0.399141
-0.399805
-0.40036
-0.400777
-0.401011
-0.400974
-0.400555
-0.399599
-0.397941
-0.395373
-0.391715
-0.386823
-0.380658
-0.37346
-0.365737
-0.358367
-0.352451
-0.348944
-0.348423
-0.350848
-0.355684
-0.362153
-0.369434
-0.376821
-0.383775
-0.389957
-0.395192
-0.399418
-0.402663
-0.405004
-0.406511
-0.407275
-0.407347
-0.406776
-0.405581
-0.40381
-0.401536
-0.398853
-0.395968
-0.393124
-0.39064
-0.388773
-0.387723
-0.38752
-0.388038
-0.389018
-0.390153
-0.391188
-0.391961
-0.392388
-0.392497
-0.392384
-0.392189
-0.392061
-0.392134
-0.39254
-0.393347
-0.394603
-0.396298
-0.398374
-0.400754
-0.403317
-0.40597
-0.408612
-0.411147
-0.413538
-0.415777
-0.41784
-0.419737
-0.421494
-0.423124
-0.424642
-0.426041
-0.427265
-0.428265
-0.428979
-0.429299
-0.429127
-0.42838
-0.42698
-0.424918
-0.422254
-0.419145
-0.415828
-0.412632
-0.409861
-0.40777
-0.406462
-0.405929
-0.4061
-0.406913
-0.408329
-0.410308
-0.412794
-0.415577
-0.418347
-0.420673
-0.422069
-0.422042
-0.420204
-0.416292
-0.410284
-0.402515
-0.393761
-0.385235
-0.378408
-0.374616
-0.374605
-0.378279
-0.38472
-0.39271
-0.4011
-0.409067
-0.416154
-0.422207
-0.427188
-0.431104
-0.433951
-0.43568
-0.436268
-0.435721
-0.434176
-0.431892
-0.429308
-0.426922
-0.425235
-0.424565
-0.424957
-0.426198
-0.427864
-0.429494
-0.430738
-0.431359
-0.431297
-0.430633
-0.429534
-0.428231
-0.426947
-0.425858
-0.425114
-0.424749
-0.424722
-0.424912
-0.425175
-0.425367
-0.425349
-0.425035
-0.424349
-0.423259
-0.421727
-0.419753
-0.417357
-0.414595
-0.411521
-0.408273
-0.404994
-0.401882
-0.399138
-0.396981
-0.395577
-0.394988
-0.395219
-0.396179
-0.397717
-0.399687
-0.401947
-0.404363
-0.406851
-0.409359
-0.411836
-0.414215
-0.416416
-0.418356
-0.419931
-0.421057
-0.421673
-0.421781
-0.421425
-0.420744
-0.419945
-0.419272
-0.418903
-0.418998
-0.419614
-0.420718
-0.422197
-0.423896
-0.4256
-0.427044
-0.427959
-0.428087
-0.427256
-0.425461
-0.422901
-0.419932
-0.417092
-0.414986
-0.414104
-0.414783
-0.417085
-0.42081
-0.425569
-0.4309
-0.436351
-0.441563
-0.446257
-0.450222
-0.453372
-0.455612
-0.45688
-0.457125
-0.456296
-0.454348
-0.451277
-0.447158
-0.442197
-0.436769
-0.431392
-0.426709
-0.423352
-0.42179
-0.422205
-0.424465
-0.428146
-0.432634
-0.437256
-0.441393
-0.444553
-0.446435
-0.446911
-0.446014
-0.443957
-0.441057
-0.437706
-0.434328
-0.431334
-0.429035
-0.427659
-0.427281
-0.427846
-0.429229
-0.431229
-0.433615
-0.436134
-0.438559
-0.440718
-0.442452
-0.443676
-0.444398
-0.444634
-0.44445
-0.443935
-0.443194
-0.442314
-0.441387
-0.440487
-0.439645
-0.438884
-0.438206
-0.43761
-0.437086
-0.436618
-0.43619
-0.43577
-0.435359
-0.434937
-0.4345
-0.434056
-0.433616
-0.433206
-0.432861
-0.432566
-0.432363
-0.432259
-0.432265
-0.432376
-0.432572
-0.432834
-0.433153
-0.433488
-0.433804
-0.434061
-0.434257
-0.434361
-0.434363
-0.434246
-0.434018
-0.433649
-0.433159
-0.432525
-0.431762
-0.430861
-0.429821
-0.428645
-0.427354
-0.42594
-0.424405
-0.42279
-0.421116
-0.419413
-0.417727
-0.416111
-0.41465
-0.413423
-0.412506
-0.411987
-0.411919
-0.412334
-0.413225
-0.41456
-0.416258
-0.418224
-0.420351
-0.422508
-0.424591
-0.426473
-0.428077
-0.429344
-0.43022
-0.430659
-0.43064
-0.43016
-0.429217
-0.427848
-0.426103
-0.424033
-0.421721
-0.41928
-0.416835
-0.414529
-0.412522
-0.410967
-0.410024
-0.409812
-0.4104
-0.411788
-0.4139
-0.416571
-0.419601
-0.422745
-0.425815
-0.42861
-0.431018
-0.432968
-0.434447
-0.435485
-0.436118
-0.436421
-0.436462
-0.436323
-0.436075
-0.435795
-0.435546
-0.435354
-0.435239
-0.435209
-0.435232
-0.435284
-0.435353
-0.435433
-0.435516
-0.435611
-0.435775
-0.436005
-0.436331
-0.436747
-0.437262
-0.437823
-0.438401
-0.438949
-0.439426
-0.439836
-0.440169
-0.440389
-0.440487
-0.440387
-0.440056
-0.439419
-0.43841
-0.437018
-0.435292
-0.433405
-0.431636
-0.430288
-0.42968
-0.430029
-0.431367
-0.433537
-0.436245
-0.43914
-0.441885
-0.4442
-0.445863
-0.446729
-0.446702
-0.445705
-0.443682
-0.440665
-0.436799
-0.432366
-0.427883
-0.424057
-0.421674
-0.421355
-0.423327
-0.427364
-0.432842
-0.439017
-0.445213
-0.450983
-0.456068
-0.460388
-0.463962
-0.466839
-0.469105
-0.470823
-0.472052
-0.472831
-0.473205
-0.473226
-0.472948
-0.472466
-0.471894
-0.471333
-0.470915
-0.470733
-0.470829
-0.471225
-0.471845
-0.472614
-0.473355
-0.473913
-0.474111
-0.473713
-0.472454
-0.470016
-0.466021
-0.460077
-0.451931
-0.441725
-0.43026
-0.419181
-0.410679
-0.406569
-0.407335
-0.411934
-0.418517
-0.42537
-0.431427
-0.436259
-0.439888
-0.442585
-0.444682
-0.446578
-0.448599
-0.451011
-0.453928
-0.457325
-0.460996
-0.46465
-0.467946
-0.470616
-0.472478
-0.473485
-0.473652
-0.473078
-0.47187
-0.470181
-0.468157
-0.46593
-0.463606
-0.461307
-0.459111
-0.457082
-0.455281
-0.453741
-0.452497
-0.451564
-0.450933
-0.450597
-0.450547
-0.450753
-0.451178
-0.451769
-0.452489
-0.453289
-0.454091
-0.454857
-0.455539
-0.45608
-0.456451
-0.456608
-0.456509
-0.456124
-0.455417
-0.454355
-0.452947
-0.451199
-0.449163
-0.446948
-0.444747
-0.442762
-0.441302
-0.440591
-0.440802
-0.441992
-0.444047
-0.446761
-0.449864
-0.453085
-0.456166
-0.458946
-0.461278
-0.46306
-0.46423
-0.464661
-0.464242
-0.462796
-0.460091
-0.455807
-0.449625
-0.44117
-0.430227
-0.416869
-0.401774
-0.386556
-0.373803
-0.366494
-0.366631
-0.373984
-0.386182
-0.40004
-0.412984
-0.423651
-0.431746
-0.437598
-0.441828
-0.445105
-0.447992
-0.450938
-0.454198
-0.457864
-0.461832
-0.465904
-0.469822
-0.473307
-0.47616
-0.478233
-0.479481
-0.479962
-0.479808
-0.479253
-0.478519
-0.477841
-0.477336
-0.477095
-0.477085
-0.477228
-0.477418
-0.477549
-0.477557
-0.477405
-0.477068
-0.476561
-0.475932
-0.47524
-0.47456
-0.473995
-0.473593
-0.473401
-0.47342
-0.473654
-0.474083
-0.474658
-0.475336
-0.476045
-0.476686
-0.477149
-0.477316
-0.477062
-0.476315
-0.475083
-0.473451
-0.471574
-0.469686
-0.467993
-0.46661
-0.465508
-0.464556
-0.463577
-0.462526
-0.461599
-0.461313
-0.462344
-0.465159
-0.46977
-0.475598
-0.481705
-0.487082
-0.490927
-0.492797
-0.49257
-0.490511
-0.48724
-0.483787
-0.48145
-0.481354
-0.483939
-0.488733
-0.494528
-0.49994
-0.503872
-0.505769
-0.505567
-0.503551
-0.500221
-0.496179
-0.49202
-0.488292
-0.485332
-0.483298
-0.482073
-0.481428
-0.48111
-0.480974
-0.481087
-0.481631
-0.482915
-0.48514
-0.4883
-0.492139
-0.496148
-0.499668
-0.502019
-0.502582
-0.500999
-0.497299
-0.492075
-0.486535
-0.482223
-0.480537
-0.48202
-0.486206
-0.491944
-0.497915
-0.503122
-0.506905
-0.508813
-0.508593
-0.506071
-0.501214
-0.494151
-0.485226
-0.475024
-0.464316
-0.453997
-0.444945
-0.437874
-0.433271
-0.4313
-0.431837
-0.434447
-0.438522
-0.443374
-0.448428
-0.453308
-0.457842
-0.461988
-0.465782
-0.469231
-0.472275
-0.474813
-0.476725
-0.477897
-0.478254
-0.477774
-0.476533
-0.47468
-0.472362
-0.469831
-0.467323
-0.465054
-0.463188
-0.461849
-0.461086
-0.460875
-0.461182
-0.461911
-0.462976
-0.464253
-0.46566
-0.4671
-0.468499
-0.469783
-0.470903
-0.471826
-0.472535
-0.473014
-0.47327
-0.473296
-0.473104
-0.472702
-0.472104
-0.471297
-0.470309
-0.469119
-0.467741
-0.466171
-0.464436
-0.462545
-0.460545
-0.458524
-0.456605
-0.454904
-0.453562
-0.45269
-0.45238
-0.452646
-0.453463
-0.454714
-0.456287
-0.45803
-0.459792
-0.461436
-0.46285
-0.463924
-0.46459
-0.464798
-0.464512
-0.463706
-0.462393
-0.460579
-0.45829
-0.455543
-0.452381
-0.448842
-0.444964
-0.4408
-0.436429
-0.431986
-0.427606
-0.423505
-0.419964
-0.417254
-0.415639
-0.415314
-0.416359
-0.418717
-0.42221
-0.426567
-0.431475
-0.436589
-0.441592
-0.44621
-0.450209
-0.45344
-0.455769
-0.457141
-0.457532
-0.456959
-0.455479
-0.453203
-0.450274
-0.446917
-0.443418
-0.440069
-0.437156
-0.434893
-0.433383
-0.43256
-0.432267
-0.432247
-0.432237
-0.43201
-0.431459
-0.430525
-0.429273
-0.427816
-0.426321
-0.42495
-0.423838
-0.423054
-0.422639
-0.422546
-0.422681
-0.422922
-0.423144
-0.423229
-0.423072
-0.422622
-0.421852
-0.420764
-0.419385
-0.417786
-0.416033
-0.414206
-0.412388
-0.410663
-0.409104
-0.407779
-0.406732
-0.405968
-0.405506
-0.405324
-0.405392
-0.405692
-0.406192
-0.406844
-0.407617
-0.408464
-0.409309
-0.410101
-0.410798
-0.411345
-0.411722
-0.411908
-0.411896
-0.411696
-0.411317
-0.410774
-0.410085
-0.40928
-0.408364
-0.407374
-0.40634
-0.405261
-0.404189
-0.40313
-0.402114
-0.401202
-0.400417
-0.399814
-0.399447
-0.39936
-0.39961
-0.400233
-0.401261
-0.402731
-0.40462
-0.406921
-0.409579
-0.412524
-0.415696
-0.418996
-0.422334
-0.425622
-0.428738
-0.431629
-0.43419
-0.43636
-0.438043
-0.439152
-0.439612
-0.439296
-0.438116
-0.435996
-0.432862
-0.428674
-0.423421
-0.417132
-0.4099
-0.401867
-0.393222
-0.384261
-0.375384
-0.367131
-0.36014
-0.355061
-0.352422
-0.352536
-0.355326
-0.360336
-0.366793
-0.373873
-0.380844
-0.387218
-0.392797
-0.397559
-0.401572
-0.404888
-0.407479
-0.409317
-0.410483
-0.411274
-0.412314
-0.41435
-0.418013
-0.423448
-0.430217
-0.437501
-0.444381
-0.450174
-0.454492
-0.457199
-0.458342
-0.458045
-0.456474
-0.453792
-0.450173
-0.445812
-0.440908
-0.435706
-0.430469
-0.425512
-0.421127
-0.417615
-0.415206
-0.414084
-0.41429
-0.415767
-0.41831
-0.421622
-0.425336
-0.429065
-0.432498
-0.435377
-0.437559
-0.438972
-0.439639
-0.439602
-0.438992
-0.43796
-0.436706
-0.435411
-0.434265
-0.433412
-0.432953
-0.432931
-0.43336
-0.43419
-0.435359
-0.436795
-0.438419
-0.440149
-0.441894
-0.443596
-0.445175
-0.446603
-0.447851
-0.448882
-0.44967
-0.450205
-0.450461
-0.450479
-0.450267
-0.449864
-0.449314
-0.448637
-0.447876
-0.447031
-0.446075
-0.444963
-0.443643
-0.4421
-0.440303
-0.438288
-0.436151
-0.434028
-0.432071
-0.430443
-0.429313
-0.428813
-0.42903
-0.429998
-0.431692
-0.434017
-0.436782
-0.439796
-0.442789
-0.445516
-0.44777
-0.449397
-0.450313
-0.450513
-0.449977
-0.448791
-0.447007
-0.444701
-0.441915
-0.438704
-0.435096
-0.431143
-0.426888
-0.4224
-0.417752
-0.413053
-0.408367
-0.403759
-0.399297
-0.395085
-0.391335
-0.388323
-0.386406
-0.385903
-0.387009
-0.389682
-0.393709
-0.398725
-0.404309
-0.410124
-0.415892
-0.421427
-0.426574
-0.431218
-0.435271
-0.438622
-0.441238
-0.443062
-0.444093
-0.444308
-0.443718
-0.44227
-0.439886
-0.436422
-0.431636
-0.425233
-0.416869
-0.406353
-0.393913
-0.38061
-0.368601
-0.360653
-0.35892
-0.36357
-0.372712
-0.383598
-0.39397
-0.402623
-0.409228
-0.413913
-0.417002
-0.41876
-0.419431
-0.419173
-0.418066
-0.416111
-0.413264
-0.409468
-0.404663
-0.398908
-0.392447
-0.385837
-0.379959
-0.375833
-0.374314
-0.375665
-0.379451
-0.384671
-0.390235
-0.395281
-0.399287
-0.402075
-0.403671
-0.404225
-0.403909
-0.402961
-0.401608
-0.400074
-0.398574
-0.3973
-0.396367
-0.395809
-0.395547
-0.39539
-0.39514
-0.394548
-0.393404
-0.391568
-0.389008
-0.385755
-0.381945
-0.377832
-0.373734
-0.370052
-0.36722
-0.365583
-0.365359
-0.366567
-0.368999
-0.372308
-0.376074
-0.379907
-0.383518
-0.386748
-0.389544
-0.391931
-0.393969
-0.395714
-0.397172
-0.39834
-0.399186
-0.399698
-0.399862
-0.399741
-0.399436
-0.399119
-0.398983
-0.399196
-0.39989
-0.401055
-0.402614
-0.404373
-0.406128
-0.407688
-0.408873
-0.409571
-0.409713
-0.40928
-0.408318
-0.406889
-0.405087
-0.403064
-0.400968
-0.398966
-0.397211
-0.395836
-0.394895
-0.394404
-0.394328
-0.394567
-0.395031
-0.395592
-0.396134
-0.396574
-0.396823
-0.396826
-0.396561
-0.39599
-0.395153
-0.394079
-0.392852
-0.391524
-0.390202
-0.38895
-0.387813
-0.386753
-0.385718
-0.384542
-0.383046
-0.380991
-0.378181
-0.37451
-0.370061
-0.365204
-0.360627
-0.357245
-0.355858
-0.35689
-0.360115
-0.36483
-0.370126
-0.375188
-0.37954
-0.382941
-0.385347
-0.386809
-0.387411
-0.3872
-0.386225
-0.384505
-0.382036
-0.378869
-0.375079
-0.370887
-0.36657
-0.362489
-0.359091
-0.356744
-0.355738
-0.35617
-0.357923
-0.360716
-0.364124
-0.367655
-0.370855
-0.373391
-0.375032
-0.375728
-0.375547
-0.374724
-0.373568
-0.372466
-0.371792
-0.371829
-0.372756
-0.374534
-0.376995
-0.379778
-0.382545
-0.384956
-0.386741
-0.387721
-0.387818
-0.387056
-0.385495
-0.383281
-0.380584
-0.37762
-0.374592
-0.371711
-0.369172
-0.36716
-0.365801
-0.36518
-0.365282
-0.366012
-0.367168
-0.368506
-0.369782
-0.370834
-0.371571
-0.371936
-0.371961
-0.371692
-0.371171
-0.37049
-0.369713
-0.36899
-0.368437
-0.368166
-0.368295
-0.368898
-0.369984
-0.371536
-0.373452
-0.375619
-0.377911
-0.380167
-0.382257
-0.384058
-0.385469
-0.386408
-0.386827
-0.386677
-0.385948
-0.384634
-0.382778
-0.380419
-0.377661
-0.37464
-0.371529
-0.368527
-0.365895
-0.363844
-0.362588
-0.362293
-0.362978
-0.36456
-0.366852
-0.369551
-0.372355
-0.374942
-0.37708
-0.378567
-0.379325
-0.379308
-0.378594
-0.377321
-0.37565
-0.373765
-0.371878
-0.370148
-0.368685
-0.367549
-0.366739
-0.366211
-0.365901
-0.365766
-0.365801
-0.366028
-0.366515
-0.367353
-0.368645
-0.370447
-0.372768
-0.375539
-0.37864
-0.381921
-0.385225
-0.3884
-0.391363
-0.394014
-0.396335
-0.398302
-0.3999
-0.401125
-0.401971
-0.402432
-0.402519
-0.402234
-0.401598
-0.400667
-0.39955
-0.398376
-0.397321
-0.396559
-0.396237
-0.396464
-0.397243
-0.398523
-0.400178
-0.402068
-0.404021
-0.405923
-0.407657
-0.409169
-0.41042
-0.411357
-0.411975
-0.412245
-0.412136
-0.411655
-0.410831
-0.409788
-0.4087
-0.407847
-0.407536
-0.408071
-0.409598
-0.412135
-0.415472
-0.419307
-0.423282
-0.427099
-0.430535
-0.433468
-0.435899
-0.437885
-0.439544
-0.44106
-0.442567
-0.444192
-0.445949
-0.447832
-0.449675
-0.451244
-0.452236
-0.452298
-0.451016
-0.447981
-0.442827
-0.435262
-0.425251
-0.413162
-0.399937
-0.387081
-0.376407
-0.369463
-0.366949
-0.368546
-0.373228
-0.379852
-0.387506
-0.395653
-0.404013
-0.412424
-0.42078
-0.428937
-0.436737
-0.444033
-0.450654
-0.456491
-0.46146
-0.4655
-0.468593
-0.470712
-0.471812
-0.471852
-0.470743
-0.468398
-0.464712
-0.459641
-0.453261
-0.445893
-0.438215
-0.431184
-0.425859
-0.423052
-0.422939
-0.424978
-0.428195
-0.431583
-0.434299
-0.435815
-0.435782
-0.433966
-0.430138
-0.424087
-0.415677
-0.405019
-0.392752
-0.380223
-0.369474
-0.362732
-0.361496
-0.36579
-0.374185
-0.384475
-0.394636
-0.403306
-0.409803
-0.41402
-0.416111
-0.416405
-0.415293
-0.413188
-0.410532
-0.407733
-0.405151
-0.403066
-0.401673
-0.401036
-0.401133
-0.401872
-0.403124
-0.404771
-0.406681
-0.408756
-0.4109
-0.41306
-0.415168
-0.417162
-0.418999
-0.420651
-0.422081
-0.423271
-0.424175
-0.424777
-0.425072
-0.425028
-0.424666
-0.424002
-0.423061
-0.42192
-0.42064
-0.419318
-0.418057
-0.416927
-0.415971
-0.41522
-0.414654
-0.41426
-0.413995
-0.41383
-0.413712
-0.413533
-0.413209
-0.412628
-0.411703
-0.41047
-0.409022
-0.407601
-0.406501
-0.405977
-0.406207
-0.407195
-0.40879
-0.410747
-0.412832
-0.414853
-0.41671
-0.4184
-0.419938
-0.421373
-0.422754
-0.424073
-0.425315
-0.426443
-0.427395
-0.428094
-0.428457
-0.428374
-0.427727
-0.426407
-0.424262
-0.421139
-0.416863
-0.411295
-0.404319
-0.396013
-0.386726
-0.377223
-0.368769
-0.362832
-0.360667
-0.362832
-0.368939
-0.377926
-0.388448
-0.399228
-0.409278
-0.417973
-0.425035
-0.430441
-0.43435
-0.437
-0.43864
-0.439516
-0.43984
-0.439779
-0.439469
-0.439022
-0.438489
-0.437898
-0.437276
-0.4366
-0.43584
-0.434942
-0.433853
-0.432505
-0.43085
-0.428871
-0.426574
-0.424011
-0.421309
-0.418623
-0.416126
-0.413968
-0.412237
-0.410915
-0.40997
-0.409346
-0.40903
-0.409078
-0.409588
-0.410647
-0.412301
-0.414469
-0.416971
-0.41956
-0.421964
-0.423929
-0.425214
-0.425633
-0.425054
-0.423395
-0.420661
-0.416943
-0.412496
-0.407713
-0.403125
-0.399362
-0.396945
-0.396186
-0.397122
-0.3995
-0.402886
-0.406789
-0.410801
-0.414588
-0.417899
-0.42061
-0.422643
-0.424021
-0.424775
-0.424998
-0.4248
-0.424323
-0.423696
-0.423041
-0.422446
-0.421995
-0.421724
-0.421648
-0.421745
-0.421993
-0.422353
-0.422774
-0.423216
-0.423662
-0.424096
-0.424509
-0.424933
-0.425401
-0.425973
-0.426693
-0.427615
-0.42874
-0.430091
-0.431634
-0.433294
-0.434957
-0.436484
-0.4377
-0.438457
-0.438591
-0.437972
-0.43652
-0.434258
-0.431271
-0.427713
-0.423845
-0.419947
-0.416251
-0.412937
-0.410096
-0.407698
-0.405705
-0.404041
-0.402688
-0.401665
-0.401051
-0.400915
-0.401393
-0.402582
-0.404518
-0.407205
-0.41057
-0.414477
-0.41873
-0.423132
-0.42748
-0.431625
-0.43543
-0.438836
-0.441804
-0.444361
-0.446538
-0.448323
-0.449709
-0.450648
-0.451022
-0.450729
-0.449637
-0.447621
-0.444637
-0.440712
-0.435989
-0.430745
-0.425331
-0.420143
-0.415542
-0.411843
-0.409325
-0.408262
-0.408849
-0.411168
-0.415055
-0.42012
-0.425827
-0.431597
-0.436952
-0.441582
-0.445302
-0.44807
-0.449928
-0.450975
-0.451338
-0.451149
-0.450557
-0.44971
-0.448768
-0.447897
-0.447282
-0.447056
-0.447335
-0.448159
-0.44952
-0.451322
-0.45345
-0.455709
-0.457988
-0.460161
-0.462176
-0.464044
-0.465804
-0.467554
-0.469417
-0.471478
-0.473819
-0.476439
-0.479299
-0.482278
-0.485249
-0.488047
-0.490501
-0.492469
-0.493843
-0.494505
-0.494399
-0.49346
-0.491651
-0.488949
-0.485329
-0.480789
-0.475345
-0.469061
-0.462051
-0.454541
-0.446865
-0.439418
-0.432711
-0.427278
-0.423556
-0.42183
-0.42212
-0.424263
-0.427969
-0.43292
-0.438811
-0.445382
-0.452405
-0.459618
-0.466761
-0.473572
-0.479824
-0.485324
-0.489929
-0.493534
-0.496078
-0.49751
-0.497851
-0.497135
-0.495447
-0.492953
-0.489878
-0.486507
-0.483168
-0.480186
-0.477817
-0.476215
-0.475401
-0.475226
-0.475437
-0.475701
-0.475609
-0.474717
-0.472625
-0.468978
-0.463616
-0.456685
-0.448733
-0.440827
-0.434327
-0.430427
-0.429611
-0.431398
-0.434572
-0.437857
-0.44032
-0.441548
-0.44164
-0.440978
-0.440029
-0.439243
-0.438975
-0.439374
-0.440464
-0.44216
-0.444274
-0.446641
-0.449057
-0.451332
-0.453343
-0.45491
-0.455933
-0.45627
-0.455847
-0.454637
-0.452705
-0.450266
-0.447646
-0.445265
-0.443514
-0.442661
-0.442775
-0.443674
-0.44502
-0.446426
-0.447539
-0.448145
-0.448146
-0.447554
-0.446465
-0.44505
-0.443484
-0.441941
-0.44059
-0.439553
-0.438882
-0.438551
-0.438483
-0.43854
-0.438515
-0.438173
-0.437275
-0.435563
-0.432823
-0.428935
-0.423919
-0.418036
-0.411865
-0.406324
-0.402501
-0.401311
-0.40315
-0.407675
-0.413986
-0.420997
-0.427765
-0.433674
-0.438461
-0.4421
-0.444744
-0.446627
-0.447987
-0.449067
-0.450055
-0.451086
-0.452227
-0.453467
-0.454741
-0.455962
-0.457018
-0.457778
-0.458104
-0.457881
-0.457013
-0.455427
-0.453088
-0.450025
-0.446376
-0.44237
-0.438298
-0.434458
-0.431099
-0.428345
-0.426233
-0.424748
-0.423912
-0.423892
-0.424932
-0.427283
-0.43107
-0.436169
-0.442186
-0.448608
-0.454896
-0.460601
-0.465408
-0.469134
-0.471734
-0.473184
-0.473615
-0.473155
-0.472052
-0.470606
-0.469187
-0.468214
-0.468069
-0.468945
-0.47085
-0.473579
-0.476789
-0.480083
-0.483068
-0.485441
-0.486972
-0.487516
-0.486976
-0.485301
-0.48249
-0.478582
-0.473707
-0.468097
-0.462075
-0.456005
-0.450278
-0.445216
-0.441047
-0.437868
-0.435674
-0.434407
-0.433921
-0.434058
-0.434568
-0.435151
-0.435449
-0.435155
-0.434122
-0.432434
-0.430491
-0.428905
-0.42839
-0.429421
-0.432115
-0.436171
-0.441051
-0.446098
-0.450798
-0.454796
-0.457911
-0.46006
-0.461251
-0.461536
-0.460947
-0.459553
-0.457368
-0.454385
-0.450593
-0.44596
-0.440516
-0.434372
-0.427785
-0.42118
-0.415133
-0.410232
-0.406903
-0.405239
-0.404941
-0.40543
-0.406049
-0.406237
-0.405652
-0.404192
-0.401974
-0.399232
-0.396344
-0.39371
-0.391685
-0.390548
-0.390414
-0.391251
-0.392921
-0.395192
-0.397831
-0.400606
-0.403354
-0.405974
-0.408363
-0.410501
-0.412384
-0.414009
-0.415404
-0.416572
-0.417502
-0.418174
-0.41854
-0.418536
-0.418046
-0.416968
-0.415179
-0.412586
-0.409142
-0.404946
-0.400247
-0.395519
-0.391357
-0.388366
-0.386979
-0.387256
-0.388937
-0.391535
-0.39454
-0.397578
-0.400424
-0.403016
-0.405387
-0.407559
-0.409537
-0.41127
-0.412666
-0.413597
-0.413897
-0.413424
-0.412053
-0.409693
-0.406287
-0.401825
-0.396334
-0.389925
-0.382868
-0.375711
-0.369478
-0.365688
-0.365949
-0.371189
-0.380969
-0.393544
-0.406676
-0.418459
-0.427815
-0.434391
-0.438262
-0.439706
-0.439025
-0.436493
-0.432317
-0.426629
-0.419571
-0.411268
-0.401933
-0.391882
-0.381593
-0.371754
-0.363196
-0.356838
-0.35344
-0.353377
-0.356425
-0.361835
-0.36851
-0.375363
-0.381594
-0.386753
-0.39081
-0.394017
-0.396777
-0.399492
-0.402433
-0.405742
-0.409359
-0.413121
-0.416776
-0.420099
-0.422884
-0.424995
-0.426333
-0.42684
-0.42649
-0.425254
-0.423119
-0.420107
-0.416267
-0.411675
-0.406473
-0.40088
-0.395169
-0.389652
-0.384618
-0.380245
-0.376581
-0.373517
-0.370864
-0.368464
-0.366286
-0.364499
-0.363449
-0.363497
-0.364894
-0.367644
-0.371414
-0.375723
-0.380034
-0.383965
-0.38725
-0.389784
-0.391561
-0.392653
-0.393139
-0.393088
-0.392563
-0.391587
-0.390163
-0.38826
-0.385831
-0.382795
-0.379108
-0.374713
-0.369626
-0.363904
-0.357742
-0.351428
-0.345344
-0.33993
-0.335574
-0.332503
-0.330802
-0.330368
-0.330993
-0.332421
-0.334431
-0.336847
-0.339522
-0.34237
-0.345332
-0.348331
-0.3513
-0.354171
-0.356855
-0.359235
-0.361247
-0.362795
-0.363778
-0.364091
-0.363645
-0.362374
-0.360278
-0.357421
-0.354051
-0.35054
-0.347358
-0.344956
-0.343657
-0.343512
-0.344295
-0.345631
-0.347072
-0.348297
-0.349099
-0.349377
-0.349073
-0.348127
-0.346444
-0.343955
-0.340709
-0.336964
-0.333249
-0.330255
-0.328695
-0.329057
-0.331448
-0.335598
-0.340999
-0.347084
-0.353353
-0.359445
-0.365121
-0.370216
-0.374611
-0.378235
-0.381063
-0.383119
-0.384455
-0.38514
-0.385282
-0.384979
-0.384333
-0.383439
-0.382366
-0.381152
-0.37985
-0.378448
-0.376938
-0.375274
-0.373452
-0.371451
-0.369317
-0.367143
-0.365142
-0.363585
-0.362807
-0.363124
-0.364685
-0.367391
-0.370863
-0.374579
-0.377957
-0.380541
-0.382024
-0.382297
-0.381393
-0.379463
-0.37676
-0.373573
-0.370213
-0.366996
-0.364153
-0.361814
-0.359924
-0.35826
-0.356445
-0.354007
-0.350511
-0.345716
-0.339751
-0.333227
-0.327311
-0.323461
-0.322915
-0.326196
-0.332927
-0.341992
-0.352024
-0.361789
-0.37044
-0.377479
-0.382744
-0.386269
-0.388209
-0.388767
-0.388164
-0.386619
-0.384327
-0.381516
-0.378361
-0.375061
-0.371826
-0.368826
-0.366245
-0.364204
-0.362773
-0.36199
-0.361795
-0.362089
-0.36274
-0.363591
-0.364518
-0.365395
-0.366139
-0.366715
-0.36709
-0.367263
-0.367266
-0.367123
-0.366861
-0.366522
-0.366128
-0.365705
-0.36527
-0.364849
-0.364451
-0.364077
-0.363737
-0.363437
-0.363162
-0.362908
-0.362688
-0.362493
-0.362315
-0.362172
-0.362052
-0.361937
-0.361802
-0.361633
-0.361397
-0.361032
-0.360483
-0.359661
-0.358485
-0.356812
-0.35454
-0.351583
-0.347902
-0.343554
-0.338763
-0.333915
-0.32955
-0.326222
-0.324405
-0.32428
-0.325708
-0.32825
-0.331303
-0.334202
-0.336317
-0.337014
-0.335823
-0.332405
-0.326726
-0.319329
-0.311467
-0.304977
-0.301681
-0.30247
-0.306829
-0.313171
-0.319711
-0.325178
-0.32898
-0.331056
-0.331703
-0.331342
-0.330482
-0.3296
-0.329092
-0.32923
-0.330118
-0.331662
-0.333636
-0.335776
-0.337827
-0.33959
-0.340947
-0.341861
-0.34236
-0.342487
-0.342345
-0.342025
-0.341619
-0.341251
-0.341034
-0.341081
-0.341505
-0.342384
-0.343777
-0.345654
-0.347947
-0.350549
-0.353292
-0.355995
-0.358513
-0.360694
-0.362468
-0.36377
-0.364571
-0.364895
-0.364756
-0.364181
-0.363264
-0.362062
-0.360668
-0.359141
-0.357585
-0.35607
-0.354663
-0.353436
-0.352475
-0.351869
-0.351719
-0.352104
-0.353056
-0.354569
-0.356564
-0.358898
-0.361389
-0.363835
-0.366078
-0.367989
-0.369493
-0.370566
-0.371216
-0.371489
-0.371459
-0.371182
-0.37073
-0.370148
-0.369483
-0.368764
-0.367973
-0.367155
-0.366284
-0.365376
-0.364425
-0.363454
-0.362427
-0.361333
-0.360102
-0.358639
-0.356842
-0.354646
-0.352084
-0.349352
-0.346846
-0.345024
-0.344347
-0.345075
-0.347199
-0.350467
-0.354581
-0.359266
-0.364349
-0.369705
-0.375193
-0.380623
-0.385776
-0.390427
-0.394409
-0.397599
-0.399943
-0.40145
-0.402119
-0.401974
-0.40107
-0.39944
-0.397148
-0.394247
-0.390838
-0.387051
-0.38304
-0.379015
-0.37516
-0.37173
-0.368965
-0.367114
-0.366365
-0.366813
-0.368406
-0.370942
-0.374095
-0.377448
-0.380613
-0.383286
-0.385284
-0.386536
-0.387109
-0.387114
-0.386735
-0.386109
-0.385304
-0.384329
-0.3831
-0.381536
-0.37966
-0.377727
-0.376201
-0.375694
-0.376629
-0.378994
-0.382207
-0.38525
-0.386947
-0.386321
-0.382821
-0.376617
-0.368757
-0.361248
-0.356466
-0.356054
-0.360077
-0.3671
-0.375142
-0.382642
-0.388815
-0.39351
-0.396834
-0.398989
-0.400114
-0.400238
-0.399358
-0.397446
-0.394554
-0.390872
-0.386737
-0.382685
-0.379319
-0.377128
-0.376243
-0.376288
-0.376468
-0.375813
-0.373466
-0.368969
-0.362462
-0.354798
-0.347449
-0.342241
-0.34083
-0.344034
-0.351446
-0.3616
-0.372672
-0.383101
-0.391929
-0.398813
-0.403808
-0.40719
-0.409269
-0.410348
-0.41069
-0.410491
-0.409897
-0.409024
-0.407968
-0.406784
-0.405529
-0.404251
-0.402992
-0.401784
-0.400651
-0.399612
-0.398668
-0.397808
-0.397046
-0.396335
-0.395672
-0.395004
-0.394289
-0.393493
-0.392561
-0.39147
-0.390207
-0.388799
-0.387298
-0.38582
-0.38451
-0.383521
-0.38294
-0.382763
-0.382863
-0.382981
-0.382802
-0.381979
-0.380227
-0.377374
-0.373425
-0.36857
-0.363256
-0.358055
-0.35362
-0.350479
-0.348892
-0.34882
-0.350029
-0.352245
-0.355202
-0.358721
-0.362667
-0.36692
-0.371283
-0.375538
-0.3795
-0.383078
-0.386305
-0.389323
-0.392365
-0.395595
-0.399068
-0.402706
-0.406319
-0.409695
-0.412607
-0.414925
-0.41655
-0.417464
-0.417692
-0.417252
-0.416191
-0.414519
-0.412257
-0.409393
-0.405909
-0.401821
-0.397131
-0.39189
-0.386164
-0.380119
-0.373955
-0.367928
-0.362354
-0.357555
-0.353834
-0.351439
-0.350511
-0.351084
-0.353042
-0.356159
-0.360107
-0.36445
-0.368734
-0.372475
-0.375179
-0.376433
-0.375938
-0.37358
-0.36957
-0.364552
-0.359572
-0.355873
-0.354439
-0.355731
-0.359492
-0.365011
-0.371443
-0.378082
-0.384411
-0.39005
-0.394737
-0.398305
-0.400608
-0.401583
-0.401195
-0.399462
-0.396475
-0.392373
-0.38741
-0.381925
-0.376379
-0.371314
-0.367286
-0.364724
-0.363929
-0.36489
-0.367393
-0.371031
-0.375326
-0.379794
-0.384039
-0.387772
-0.390766
-0.392857
-0.393894
-0.39377
-0.392385
-0.389724
-0.385876
-0.381172
-0.376183
-0.371747
-0.368685
-0.367537
-0.368311
-0.370494
-0.373264
-0.375821
-0.377614
-0.378417
-0.37827
-0.377368
-0.376019
-0.374536
-0.373174
-0.372125
-0.371502
-0.371362
-0.371707
-0.372502
-0.373756
-0.37545
-0.377626
-0.380341
-0.383595
-0.387396
-0.391686
-0.396349
-0.401215
-0.406096
-0.410835
-0.4153
-0.419386
-0.423034
-0.426217
-0.428935
-0.431195
-0.433011
-0.434394
-0.435366
-0.435926
-0.43608
-0.435814
-0.435115
-0.43395
-0.432298
-0.430143
-0.427468
-0.424287
-0.420635
-0.416604
-0.412371
-0.408196
-0.404409
-0.401376
-0.399389
-0.398655
-0.399148
-0.40059
-0.402468
-0.404101
-0.404744
-0.403784
-0.400901
-0.396215
-0.390349
-0.384307
-0.379209
-0.375797
-0.374246
-0.374167
-0.374945
-0.376087
-0.377458
-0.379359
-0.382392
-0.387139
-0.393743
-0.401824
-0.410638
-0.419318
-0.427218
-0.433946
-0.439412
-0.443683
-0.446914
-0.449255
-0.450923
-0.452025
-0.452676
-0.452932
-0.452829
-0.452336
-0.451446
-0.450065
-0.448074
-0.445324
-0.441668
-0.436966
-0.431161
-0.424371
-0.416964
-0.409592
-0.403108
-0.398302
-0.395693
-0.395337
-0.396901
-0.399893
-0.403838
-0.408367
-0.413246
-0.418249
-0.423164
-0.4278
-0.431965
-0.43551
-0.438349
-0.440456
-0.441804
-0.442435
-0.442425
-0.441838
-0.440746
-0.439261
-0.437501
-0.43566
-0.433999
-0.432823
-0.43246
-0.43315
-0.434977
-0.437813
-0.441325
-0.445071
-0.448592
-0.451461
-0.453398
-0.454244
-0.453953
-0.452576
-0.450242
-0.44712
-0.443478
-0.439673
-0.436176
-0.433614
-0.432626
-0.433636
-0.436656
-0.441169
-0.446332
-0.451253
-0.455206
-0.457785
-0.458861
-0.458487
-0.456736
-0.453559
-0.448663
-0.441639
-0.432234
-0.420957
-0.409708
-0.401769
-0.400399
-0.406727
-0.418851
-0.433276
-0.446993
-0.458413
-0.467184
-0.4736
-0.478143
-0.48127
-0.483346
-0.484611
-0.485237
-0.485352
-0.485071
-0.484488
-0.483738
-0.482967
-0.482351
-0.482049
-0.482212
-0.482895
-0.484079
-0.485678
-0.487479
-0.489263
-0.490778
-0.491776
-0.492055
-0.491414
-0.489705
-0.486763
-0.482472
-0.476719
-0.469417
-0.460526
-0.450119
-0.438371
-0.425662
-0.412576
-0.399939
-0.388728
-0.379961
-0.374543
-0.373009
-0.375498
-0.381659
-0.390737
-0.401683
-0.413347
-0.424723
-0.43509
-0.44405
-0.451492
-0.457501
-0.462252
-0.465895
-0.468592
-0.470405
-0.471356
-0.471419
-0.470494
-0.468453
-0.465084
-0.460175
-0.453496
-0.444959
-0.434751
-0.423548
-0.412563
-0.403285
-0.396871
-0.393515
-0.392434
-0.392445
-0.392793
-0.393417
-0.394803
-0.397465
-0.401482
-0.406451
-0.411641
-0.416373
-0.420182
-0.422868
-0.42441
-0.424897
-0.424444
-0.423148
-0.421045
-0.418195
-0.414568
-0.410189
-0.405121
-0.399572
-0.393901
-0.388629
-0.384392
-0.381711
-0.380871
-0.381803
-0.384112
-0.387214
-0.390551
-0.39373
-0.396512
-0.398827
-0.400702
-0.402229
-0.403479
-0.404523
-0.405383
-0.406049
-0.406487
-0.406612
-0.4063
-0.405445
-0.403894
-0.401521
-0.398231
-0.393965
-0.388738
-0.382653
-0.375931
-0.368919
-0.362166
-0.356348
-0.35221
-0.350393
-0.351167
-0.354305
-0.359175
-0.364989
-0.370986
-0.376684
-0.38185
-0.386481
-0.390657
-0.394516
-0.398135
-0.401527
-0.40466
-0.407455
-0.409877
-0.411831
-0.413307
-0.414316
-0.414862
-0.414972
-0.414694
-0.414063
-0.413115
-0.411861
-0.410317
-0.408508
-0.406432
-0.404114
-0.401552
-0.398787
-0.395863
-0.392866
-0.389887
-0.387056
-0.384509
-0.382358
-0.38074
-0.379743
-0.379423
-0.37979
-0.380797
-0.382398
-0.384458
-0.386831
-0.389323
-0.39172
-0.393787
-0.395327
-0.396132
-0.39608
-0.395158
-0.393541
-0.391564
-0.389751
-0.388673
-0.388778
-0.39021
-0.392765
-0.395964
-0.399224
-0.402063
-0.404152
-0.405357
-0.405702
-0.405301
-0.404342
-0.403024
-0.401552
-0.400153
-0.399052
-0.398436
-0.398478
-0.399305
-0.400902
-0.403214
-0.406103
-0.409348
-0.412738
-0.416068
-0.419144
-0.421834
-0.424031
-0.425705
-0.42684
-0.427453
-0.42758
-0.427274
-0.426572
-0.425508
-0.424146
-0.422466
-0.420511
-0.418302
-0.415915
-0.413499
-0.411242
-0.409416
-0.408305
-0.408138
-0.409047
-0.411044
-0.413992
-0.417606
-0.42157
-0.425551
-0.429284
-0.432591
-0.435363
-0.43757
-0.439238
-0.440433
-0.441227
-0.441692
-0.441916
-0.441954
-0.441873
-0.441738
-0.441596
-0.441474
-0.441416
-0.441459
-0.44162
-0.441924
-0.442387
-0.443015
-0.443806
-0.44473
-0.445754
-0.446797
-0.447771
-0.448535
-0.448901
-0.448639
-0.44747
-0.445048
-0.440989
-0.434904
-0.42647
-0.415605
-0.402611
-0.388344
-0.374325
-0.362459
-0.3546
-0.351868
-0.35424
-0.360612
-0.369338
-0.378844
-0.388046
-0.396319
-0.403429
-0.40931
-0.41398
-0.417491
-0.419929
-0.421379
-0.421956
-0.421771
-0.420969
-0.419688
-0.418093
-0.41633
-0.414575
-0.412992
-0.411706
-0.410859
-0.410523
-0.410751
-0.411516
-0.412732
-0.414265
-0.415906
-0.417485
-0.418836
-0.419824
-0.420349
-0.420368
-0.419888
-0.41892
-0.417501
-0.415646
-0.41337
-0.41066
-0.40747
-0.403824
-0.399747
-0.395388
-0.391
-0.386939
-0.383584
-0.381246
-0.380057
-0.379965
-0.3808
-0.382345
-0.384407
-0.386879
-0.389735
-0.392934
-0.396448
-0.400175
-0.403995
-0.407745
-0.411291
-0.414516
-0.417357
-0.419774
-0.421754
-0.423308
-0.424465
-0.425267
-0.425726
-0.425888
-0.425757
-0.425356
-0.424694
-0.423794
-0.42265
-0.42129
-0.419755
-0.418081
-0.416332
-0.414609
-0.412994
-0.41156
-0.410352
-0.409388
-0.408594
-0.407863
-0.40705
-0.406026
-0.40469
-0.403059
-0.401257
-0.399521
-0.398168
-0.397553
-0.397894
-0.39924
-0.40147
-0.404319
-0.407486
-0.410673
-0.413656
-0.416327
-0.418637
-0.420586
-0.422177
-0.423426
-0.424336
-0.424852
-0.424965
-0.424645
-0.423905
-0.422807
-0.42153
-0.42029
-0.41941
-0.419198
-0.419904
-0.421575
-0.42409
-0.427147
-0.430294
-0.433091
-0.435064
-0.435871
-0.435201
-0.432876
-0.428784
-0.422975
-0.415607
-0.407079
-0.397949
-0.388887
-0.380581
-0.373707
-0.368852
-0.366525
-0.367143
-0.370841
-0.377354
-0.385971
-0.395676
-0.405416
-0.414325
-0.421894
-0.427877
-0.432272
-0.435229
-0.436938
-0.43763
-0.437518
-0.436735
-0.435426
-0.433687
-0.431628
-0.42935
-0.426978
-0.424707
-0.422693
-0.421158
-0.420228
-0.41998
-0.420403
-0.421384
-0.422735
-0.424276
-0.425855
-0.427341
-0.428687
-0.429856
-0.430869
-0.431758
-0.432573
-0.433349
-0.434111
-0.434914
-0.435788
-0.436769
-0.437874
-0.43912
-0.44051
-0.442017
-0.443636
-0.445301
-0.446971
-0.44859
-0.450096
-0.451428
-0.452536
-0.453376
-0.453898
-0.454075
-0.453916
-0.453427
-0.452656
-0.451668
-0.45055
-0.449397
-0.448353
-0.447517
-0.446968
-0.446699
-0.446706
-0.44693
-0.44728
-0.447658
-0.447985
-0.448204
-0.448278
-0.448178
-0.447896
-0.447443
-0.446812
-0.446014
-0.445069
-0.443992
-0.442778
-0.44147
-0.440139
-0.438891
-0.437889
-0.437332
-0.437413
-0.438272
-0.439967
-0.442427
-0.445459
-0.448816
-0.452187
-0.455367
-0.458196
-0.460619
-0.46266
-0.464411
-0.466015
-0.467582
-0.46921
-0.470904
-0.472589
-0.474089
-0.47517
-0.475613
-0.475302
-0.474303
-0.472853
-0.471321
-0.470156
-0.46972
-0.470167
-0.471409
-0.473176
-0.475087
-0.476815
-0.478118
-0.478877
-0.47904
-0.478667
-0.47781
-0.476534
-0.474904
-0.472929
-0.470607
-0.46792
-0.464859
-0.461451
-0.457796
-0.454074
-0.450561
-0.447588
-0.445433
-0.444295
-0.444174
-0.44494
-0.446402
-0.448337
-0.450606
-0.453135
-0.45592
-0.458959
-0.462223
-0.465624
-0.469036
-0.472314
-0.475325
-0.477969
-0.480175
-0.481914
-0.483195
-0.484025
-0.484454
-0.484512
-0.484213
-0.483589
-0.482629
-0.481315
-0.479612
-0.477556
-0.475233
-0.472798
-0.470501
-0.468588
-0.467265
-0.466628
-0.466621
-0.467057
-0.46777
-0.468594
-0.469488
-0.470513
-0.471779
-0.473368
-0.475331
-0.477635
-0.480204
-0.482947
-0.485762
-0.488579
-0.491365
-0.494059
-0.496637
-0.499038
-0.501212
-0.50307
-0.504523
-0.505511
-0.505981
-0.505939
-0.505454
-0.504622
-0.50358
-0.502506
-0.501522
-0.50074
-0.50015
-0.499751
-0.499423
-0.499058
-0.498519
-0.497704
-0.496552
-0.495047
-0.493248
-0.491265
-0.489309
-0.487587
-0.486404
-0.486048
-0.486782
-0.488752
-0.491939
-0.49614
-0.500974
-0.505988
-0.510715
-0.514736
-0.517753
-0.519557
-0.520071
-0.519298
-0.517335
-0.514391
-0.510756
-0.506745
-0.502727
-0.499046
-0.496007
-0.493811
-0.492554
-0.49224
-0.492793
-0.494057
-0.495856
-0.497976
-0.500218
-0.50241
-0.504374
-0.505978
-0.507053
-0.507443
-0.506975
-0.50551
-0.502962
-0.499349
-0.49489
-0.49003
-0.485414
-0.481699
-0.47931
-0.478266
-0.478118
-0.478141
-0.477618
-0.476095
-0.473454
-0.469876
-0.465784
-0.461672
-0.457984
-0.45503
-0.452944
-0.451699
-0.451234
-0.451491
-0.452498
-0.454305
-0.456992
-0.460555
-0.464868
-0.469704
-0.474782
-0.479791
-0.484477
-0.488639
-0.492113
-0.494778
-0.496542
-0.497332
-0.497074
-0.495736
-0.493351
-0.490053
-0.486124
-0.481977
-0.478043
-0.474684
-0.472059
-0.4701
-0.468717
-0.467964
-0.46818
-0.469857
-0.473323
-0.478473
-0.484686
-0.491045
-0.496671
-0.500879
-0.503222
-0.503427
-0.50138
-0.497117
-0.490889
-0.483242
-0.475043
-0.467284
-0.460778
-0.455947
-0.452665
-0.450559
-0.449221
-0.448402
-0.447957
-0.447813
-0.447868
-0.448147
-0.448781
-0.450027
-0.452135
-0.455147
-0.458884
-0.462933
-0.466789
-0.470095
-0.472651
-0.474492
-0.475844
-0.477008
-0.478273
-0.479839
-0.481773
-0.484062
-0.486559
-0.489134
-0.491658
-0.494004
-0.496095
-0.49787
-0.499284
-0.500298
-0.500866
-0.500968
-0.500616
-0.499863
-0.4988
-0.497564
-0.496333
-0.49528
-0.494561
-0.494221
-0.494274
-0.494603
-0.495111
-0.495661
-0.496191
-0.496708
-0.497243
-0.497866
-0.498608
-0.499421
-0.500247
-0.500921
-0.501288
-0.501154
-0.500314
-0.498545
-0.495618
-0.491331
-0.485607
-0.478687
-0.471222
-0.464431
-0.459849
-0.458696
-0.461331
-0.467324
-0.475944
-0.486446
-0.497969
-0.509554
-0.520328
-0.529713
-0.537451
-0.543452
-0.54774
-0.550353
-0.551356
-0.550878
-0.549115
-0.546314
-0.542776
-0.538854
-0.534899
-0.531352
-0.528629
-0.527149
-0.527186
-0.528879
-0.53214
-0.536703
-0.54216
-0.548129
-0.554202
-0.560134
-0.565757
-0.570989
-0.575815
-0.580202
-0.584136
-0.587503
-0.590139
-0.591765
-0.592053
-0.590615
-0.587102
-0.581349
-0.573501
-0.564181
-0.55444
-0.545371
-0.537621
-0.531135
-0.525637
-0.521382
-0.519538
-0.521543
-0.527862
-0.537344
-0.547911
-0.557667
-0.565521
-0.571203
-0.574886
-0.576979
-0.577828
-0.577779
-0.577097
-0.576
-0.574664
-0.573201
-0.571706
-0.57019
-0.568613
-0.566884
-0.564878
-0.562465
-0.559502
-0.555902
-0.551691
-0.546973
-0.541975
-0.537059
-0.532626
-0.529033
-0.526516
-0.52506
-0.524457
-0.524326
-0.524278
-0.523923
-0.522977
-0.521244
-0.518688
-0.515367
-0.511504
-0.507424
-0.50356
-0.500292
-0.497928
-0.496548
-0.496019
-0.496077
-0.49641
-0.496761
-0.497017
-0.49719
-0.497436
-0.497934
-0.498896
-0.500461
-0.502647
-0.505408
-0.508615
-0.512073
-0.515583
-0.518948
-0.522054
-0.524789
-0.527101
-0.529002
-0.53052
-0.531704
-0.532606
-0.533292
-0.533794
-0.534086
-0.534118
-0.533781
-0.532887
-0.531187
-0.528374
-0.524105
-0.518086
-0.510058
-0.49997
-0.488104
-0.475176
-0.462397
-0.451457
-0.444188
-0.442033
-0.445528
-0.453874
-0.465309
-0.477684
-0.4892
-0.498764
-0.50597
-0.510895
-0.513894
-0.515499
-0.516208
-0.516497
-0.516766
-0.517313
-0.518279
-0.519725
-0.521552
-0.523596
-0.525659
-0.527504
-0.52898
-0.529935
-0.530293
-0.530012
-0.529101
-0.527576
-0.525471
-0.522859
-0.519882
-0.516795
-0.513886
-0.511495
-0.509902
-0.509211
-0.509363
-0.510124
-0.511126
-0.512032
-0.512577
-0.512613
-0.512135
-0.511212
-0.51002
-0.508788
-0.507717
-0.506959
-0.506606
-0.506639
-0.506937
-0.507286
-0.507426
-0.507074
-0.505946
-0.503767
-0.500363
-0.495678
-0.489868
-0.483468
-0.477355
-0.472651
-0.470344
-0.470829
-0.473738
-0.478087
-0.482738
-0.486762
-0.489592
-0.49099
-0.490966
-0.489661
-0.487338
-0.484347
-0.481145
-0.478205
-0.475942
-0.474587
-0.474112
-0.474256
-0.474627
-0.474834
-0.474593
-0.473778
-0.47243
-0.470802
-0.469221
-0.468078
-0.467682
-0.468171
-0.469465
-0.471305
-0.473287
-0.475099
-0.47646
-0.477287
-0.477537
-0.477315
-0.476756
-0.476018
-0.475275
-0.474648
-0.474277
-0.474199
-0.474446
-0.475013
-0.47586
-0.47693
-0.47817
-0.479507
-0.480873
-0.482188
-0.483376
-0.484345
-0.485018
-0.485281
-0.485065
-0.484283
-0.482887
-0.480903
-0.478365
-0.475432
-0.472319
-0.469334
-0.466792
-0.465007
-0.464228
-0.464559
-0.465977
-0.468297
-0.471235
-0.474444
-0.477606
-0.480459
-0.482826
-0.484626
-0.485895
-0.486735
-0.487264
-0.487668
-0.488092
-0.488707
-0.489601
-0.490852
-0.492427
-0.494283
-0.496326
-0.498433
-0.50048
-0.502336
-0.503895
-0.505076
-0.505833
-0.506154
-0.50608
-0.505708
-0.505204
-0.504746
-0.504572
-0.504861
-0.505778
-0.50735
-0.509541
-0.512202
-0.515117
-0.518027
-0.520711
-0.522958
-0.524623
-0.525603
-0.525801
-0.525142
-0.523525
-0.520823
-0.516927
-0.511792
-0.505487
-0.498262
-0.490539
-0.482813
-0.475669
-0.469759
-0.46583
-0.464611
-0.466406
-0.47092
-0.477417
-0.485141
-0.493458
-0.5018
-0.509675
-0.516735
-0.522823
-0.527886
-0.531993
-0.53535
-0.538301
-0.541241
-0.544506
-0.548256
-0.552409
-0.556694
-0.560756
-0.564247
-0.566916
-0.568597
-0.569256
-0.568901
-0.567609
-0.565483
-0.562663
-0.559286
-0.555513
-0.551486
-0.547401
-0.543407
-0.539642
-0.536254
-0.533324
-0.530907
-0.528994
-0.527571
-0.526586
-0.525969
-0.525648
-0.525534
-0.525561
-0.525651
-0.525699
-0.525657
-0.525448
-0.52503
-0.524375
-0.52346
-0.522236
-0.520661
-0.518654
-0.516164
-0.513124
-0.509549
-0.505576
-0.501488
-0.497679
-0.494628
-0.492751
-0.492362
-0.493541
-0.496155
-0.499884
-0.504327
-0.509036
-0.513567
-0.517531
-0.520579
-0.522428
-0.522874
-0.521799
-0.519121
-0.514802
-0.508833
-0.501236
-0.492045
-0.481379
-0.469492
-0.456923
-0.444651
-0.434228
-0.427522
-0.426061
-0.430208
-0.438807
-0.449756
-0.460944
-0.470917
-0.478986
-0.48504
-0.489262
-0.491922
-0.493289
-0.493633
-0.493136
-0.491971
-0.490266
-0.488123
-0.485615
-0.482762
-0.479545
-0.475905
-0.471779
-0.467067
-0.461748
-0.455943
-0.449948
-0.444343
-0.439895
-0.437413
-0.437402
-0.439827
-0.444048
-0.449042
-0.453735
-0.457266
-0.459106
-0.459024
-0.457078
-0.453509
-0.448785
-0.443486
-0.438177
-0.433349
-0.429218
-0.425696
-0.422618
-0.419966
-0.418078
-0.417587
-0.419151
-0.422941
-0.428429
-0.434633
-0.440445
-0.44503
-0.447911
-0.448945
-0.448194
-0.445842
-0.442091
-0.437222
-0.431534
-0.425427
-0.419372
-0.413893
-0.409551
-0.406806
-0.405994
-0.407249
-0.410417
-0.415177
-0.421006
-0.427327
-0.433543
-0.439179
-0.443872
-0.447414
-0.449703
-0.450716
-0.450505
-0.449123
-0.446707
-0.443391
-0.439404
-0.435051
-0.430685
-0.426734
-0.423585
-0.421466
-0.42036
-0.420048
-0.420122
-0.420125
-0.419707
-0.418674
-0.417033
-0.414932
-0.412606
-0.4103
-0.40825
-0.40664
-0.40562
-0.405284
-0.405651
-0.406738
-0.408545
-0.411102
-0.414357
-0.418133
-0.422089
-0.425755
-0.428621
-0.430262
-0.430403
-0.428961
-0.426021
-0.421841
-0.416829
-0.411481
-0.406296
-0.401697
-0.397987
-0.395296
-0.393649
-0.392942
-0.393109
-0.394102
-0.395976
-0.398837
-0.402764
-0.407764
-0.413706
-0.42037
-0.42748
-0.434744
-0.441863
-0.448573
-0.454641
-0.459847
-0.463976
-0.466886
-0.468435
-0.468487
-0.466987
-0.463929
-0.459426
-0.453749
-0.447381
-0.441026
-0.435474
-0.431438
-0.429414
-0.429436
-0.431201
-0.434144
-0.43766
-0.441203
-0.444337
-0.446737
-0.448212
-0.448734
-0.448421
-0.447502
-0.446354
-0.44532
-0.444714
-0.444667
-0.445144
-0.445893
-0.446592
-0.446891
-0.446586
-0.445644
-0.444309
-0.442966
-0.442031
-0.44182
-0.442405
-0.44365
-0.445244
-0.4469
-0.448514
-0.450187
-0.452159
-0.454641
-0.457668
-0.460987
-0.464222
-0.466942
-0.468836
-0.46967
-0.469368
-0.467916
-0.46535
-0.461734
-0.45717
-0.451816
-0.445946
-0.440038
-0.434808
-0.431149
-0.430015
-0.432028
-0.437145
-0.444577
-0.453025
-0.461128
-0.467828
-0.47245
-0.474767
-0.474806
-0.472842
-0.469283
-0.464661
-0.459583
-0.454732
-0.450733
-0.448067
-0.447036
-0.447657
-0.449733
-0.452939
-0.456858
-0.461154
-0.465578
-0.469995
-0.474382
-0.478771
-0.483205
-0.487678
-0.492159
-0.496534
-0.500645
-0.504324
-0.507396
-0.509698
-0.511117
-0.511583
-0.511107
-0.509748
-0.50768
-0.505117
-0.502333
-0.499591
-0.497094
-0.494926
-0.493042
-0.491291
-0.489475
-0.487456
-0.485183
-0.482762
-0.480405
-0.478394
-0.476943
-0.476082
-0.475707
-0.475615
-0.475663
-0.475838
-0.47626
-0.477127
-0.478559
-0.480574
-0.482974
-0.485447
-0.487651
-0.489302
-0.490215
-0.490344
-0.489754
-0.488638
-0.487266
-0.485969
-0.485043
-0.48477
-0.485277
-0.486577
-0.488549
-0.490956
-0.49353
-0.495996
-0.498141
-0.49979
-0.500849
-0.501303
-0.50121
-0.500749
-0.500161
-0.499737
-0.499762
-0.500414
-0.50177
-0.503759
-0.5062
-0.508846
-0.511447
-0.513802
-0.515742
-0.517119
-0.517806
-0.517604
-0.516229
-0.513248
-0.508086
-0.49994
-0.488021
-0.472003
-0.453001
-0.434543
-0.421815
-0.418392
-0.423072
-0.431331
-0.439813
-0.448669
-0.459912
-0.474432
-0.490831
-0.506594
-0.519706
-0.529383
-0.535797
-0.539541
-0.541332
-0.541762
-0.54129
-0.540225
-0.538725
-0.536863
-0.534657
-0.532084
-0.529117
-0.525703
-0.521833
-0.517511
-0.5127
-0.507347
-0.501394
-0.494739
-0.487342
-0.479212
-0.470514
-0.46154
-0.452726
-0.444627
-0.437835
-0.432865
-0.430113
-0.42976
-0.431751
-0.435777
-0.441329
-0.447796
-0.454527
-0.460928
-0.466562
-0.471124
-0.474466
-0.47659
-0.477562
-0.477546
-0.476726
-0.475325
-0.473539
-0.471511
-0.469354
-0.46715
-0.464913
-0.462633
-0.460276
-0.457812
-0.455196
-0.452386
-0.44939
-0.446199
-0.44284
-0.439325
-0.435702
-0.432046
-0.428401
-0.424829
-0.421342
-0.417945
-0.414628
-0.411387
-0.408291
-0.405418
-0.402933
-0.401037
-0.399882
-0.399555
-0.399985
-0.400989
-0.402301
-0.403654
-0.404788
-0.405536
-0.405791
-0.405515
-0.404703
-0.403399
-0.401638
-0.399473
-0.396961
-0.394167
-0.391168
-0.388032
-0.384859
-0.38173
-0.378729
-0.375936
-0.373371
-0.371015
-0.368825
-0.366724
-0.364642
-0.362527
-0.360379
-0.358245
-0.356216
-0.354429
-0.352971
-0.351917
-0.351315
-0.351171
-0.351536
-0.352494
-0.354183
-0.35672
-0.360116
-0.364265
-0.368898
-0.373689
-0.378302
-0.382496
-0.386121
-0.389136
-0.391555
-0.393468
-0.394954
-0.396113
-0.397012
-0.397721
-0.398298
-0.398787
-0.399221
-0.399618
-0.399996
-0.400353
-0.400679
-0.400939
-0.401069
-0.401004
-0.400659
-0.399914
-0.398677
-0.396824
-0.394241
-0.390846
-0.3866
-0.381527
-0.375736
-0.369439
-0.362953
-0.356755
-0.351349
-0.347267
-0.344971
-0.344744
-0.346601
-0.350351
-0.355589
-0.361847
-0.368601
-0.375451
-0.382045
-0.388162
-0.393623
-0.39831
-0.402104
-0.404921
-0.406726
-0.407529
-0.407466
-0.406764
-0.405784
-0.404969
-0.404697
-0.40519
-0.40642
-0.408124
-0.409883
-0.411226
-0.411806
-0.411418
-0.410025
-0.407719
-0.404747
-0.401483
-0.398365
-0.395815
-0.394185
-0.393606
-0.393961
-0.394925
-0.39606
-0.39688
-0.397058
-0.396425
-0.395032
-0.393104
-0.391025
-0.389219
-0.388081
-0.387852
-0.38861
-0.390223
-0.392433
-0.394965
-0.39756
-0.400043
-0.402294
-0.404178
-0.405451
-0.40564
-0.404083
-0.400003
-0.392774
-0.382444
-0.370263
-0.358967
-0.352085
-0.352139
-0.358955
-0.369954
-0.381892
-0.392359
-0.400167
-0.405017
-0.407053
-0.406567
-0.403821
-0.399109
-0.392733
-0.385074
-0.376658
-0.368138
-0.360274
-0.3538
-0.349262
-0.34695
-0.346835
-0.348611
-0.351806
-0.35585
-0.360262
-0.364636
-0.368691
-0.372247
-0.375227
-0.377601
-0.379389
-0.380613
-0.381347
-0.381619
-0.381506
-0.381046
-0.380306
-0.379316
-0.378141
-0.376803
-0.37534
-0.373774
-0.372145
-0.370457
-0.368738
-0.367014
-0.365326
-0.363679
-0.362124
-0.360699
-0.359454
-0.358421
-0.357627
-0.357106
-0.356855
-0.356864
-0.35712
-0.357583
-0.358235
-0.359032
-0.359954
-0.360971
-0.362087
-0.363264
-0.364514
-0.365797
-0.367093
-0.368351
-0.369511
-0.370516
-0.371283
-0.371771
-0.371975
-0.371923
-0.37174
-0.3716
-0.371742
-0.372444
-0.373925
-0.376296
-0.379533
-0.383462
-0.387808
-0.392271
-0.396543
-0.400399
-0.403614
-0.406064
-0.407611
-0.408164
-0.407652
-0.406068
-0.403471
-0.400056
-0.396095
-0.391976
-0.38813
-0.384947
-0.382745
-0.381699
-0.381811
-0.382894
-0.384606
-0.386625
-0.388775
-0.391089
-0.393763
-0.397043
-0.401045
-0.405655
-0.410583
-0.415468
-0.419957
-0.423791
-0.426808
-0.428941
-0.430207
-0.430641
-0.430384
-0.429567
-0.428353
-0.426942
-0.425505
-0.424262
-0.423353
-0.422928
-0.423075
-0.423834
-0.425195
-0.427092
-0.429433
-0.432079
-0.434876
-0.437696
-0.440375
-0.4428
-0.44489
-0.446573
-0.447823
-0.448599
-0.448947
-0.448862
-0.44837
-0.44751
-0.446331
-0.444848
-0.44313
-0.441225
-0.439183
-0.437084
-0.434979
-0.43297
-0.43112
-0.429497
-0.428147
-0.427113
-0.426393
-0.425984
-0.425856
-0.425965
-0.426264
-0.426722
-0.427285
-0.427908
-0.42858
-0.429263
-0.42995
-0.430629
-0.431268
-0.43183
-0.43229
-0.432593
-0.43267
-0.432467
-0.431894
-0.430886
-0.429399
-0.427412
-0.424968
-0.422177
-0.419179
-0.416211
-0.413499
-0.411226
-0.409492
-0.408303
-0.407518
-0.406903
-0.406153
-0.404956
-0.402955
-0.399822
-0.395325
-0.389415
-0.382392
-0.374998
-0.368325
-0.363468
-0.361033
-0.360828
-0.36205
-0.363776
-0.365489
-0.367216
-0.369432
-0.372639
-0.377118
-0.382743
-0.389121
-0.395656
-0.401791
-0.407103
-0.411372
-0.41453
-0.416632
-0.417804
-0.418212
-0.417999
-0.417332
-0.416325
-0.415086
-0.413699
-0.412192
-0.410635
-0.40903
-0.407392
-0.405691
-0.403915
-0.402014
-0.39993
-0.397607
-0.394965
-0.391948
-0.388506
-0.384622
-0.380322
-0.375689
-0.370865
-0.366081
-0.361565
-0.357538
-0.354157
-0.351508
-0.349557
-0.348177
-0.347213
-0.346493
-0.345901
-0.345344
-0.34483
-0.344392
-0.344144
-0.344228
-0.344768
-0.345909
-0.347753
-0.350344
-0.35362
-0.357413
-0.361439
-0.365372
-0.368886
-0.371681
-0.373568
-0.374447
-0.374354
-0.373456
-0.372078
-0.370667
-0.369703
-0.369636
-0.370727
-0.373017
-0.376293
-0.380194
-0.384297
-0.388254
-0.391782
-0.394671
-0.396829
-0.398204
-0.398792
-0.398595
-0.397628
-0.395907
-0.393473
-0.390364
-0.386653
-0.382427
-0.377847
-0.373137
-0.368645
-0.364749
-0.361846
-0.360256
-0.360092
-0.361199
-0.363191
-0.365533
-0.367739
-0.369435
-0.370485
-0.370988
-0.371222
-0.371535
-0.372266
-0.373605
-0.375591
-0.37808
-0.380835
-0.383576
-0.38602
-0.387943
-0.389171
-0.389597
-0.38917
-0.387928
-0.386054
-0.383842
-0.381674
-0.379933
-0.378972
-0.378876
-0.37953
-0.380612
-0.381727
-0.382523
-0.382795
-0.382481
-0.38167
-0.380572
-0.379457
-0.378573
-0.378146
-0.378293
-0.379038
-0.380303
-0.381899
-0.383605
-0.38518
-0.386383
-0.387036
-0.386972
-0.386176
-0.384662
-0.382549
-0.380034
-0.377422
-0.375026
-0.373146
-0.372018
-0.371762
-0.372337
-0.373623
-0.375395
-0.377425
-0.379493
-0.381409
-0.383066
-0.384392
-0.385376
-0.38606
-0.386514
-0.386841
-0.387116
-0.387432
-0.387804
-0.38824
-0.388651
-0.388966
-0.389046
-0.388769
-0.388025
-0.3867
-0.384695
-0.381929
-0.378368
-0.374016
-0.368951
-0.363404
-0.357745
-0.352477
-0.348194
-0.345496
-0.344855
-0.346508
-0.35035
-0.356014
-0.362928
-0.370461
-0.378049
-0.38527
-0.391847
-0.39763
-0.402605
-0.406791
-0.410284
-0.413175
-0.415554
-0.417523
-0.419168
-0.420522
-0.421637
-0.422567
-0.42333
-0.423962
-0.424498
-0.424995
-0.42553
-0.426167
-0.426973
-0.42799
-0.429225
-0.430575
-0.431909
-0.433029
-0.433695
-0.433665
-0.432725
-0.430687
-0.427405
-0.422753
-0.4166
-0.408882
-0.399562
-0.388806
-0.377135
-0.36565
-0.355995
-0.349933
-0.348596
-0.351802
-0.358222
-0.366095
-0.374025
-0.381252
-0.387605
-0.393186
-0.398257
-0.403099
-0.407921
-0.412829
-0.417788
-0.422649
-0.427239
-0.43138
-0.434971
-0.438077
-0.440823
-0.443367
-0.445803
-0.448114
-0.450149
-0.451718
-0.452639
-0.452777
-0.452076
-0.450554
-0.448257
-0.445279
-0.441714
-0.437636
-0.433165
-0.428486
-0.423878
-0.419764
-0.41668
-0.415181
-0.415653
-0.418082
-0.422092
-0.427097
-0.432495
-0.437848
-0.442926
-0.447664
-0.452058
-0.456118
-0.459798
-0.463054
-0.465747
-0.467749
-0.468866
-0.468871
-0.467466
-0.46428
-0.458852
-0.450687
-0.439363
-0.424788
-0.407759
-0.390433
-0.376425
-0.369594
-0.372018
-0.382556
-0.397835
-0.41429
-0.429516
-0.44243
-0.45285
-0.460958
-0.467075
-0.471508
-0.474531
-0.47638
-0.477241
-0.477288
-0.476668
-0.47552
-0.47397
-0.472129
-0.470083
-0.467939
-0.46577
-0.463655
-0.461654
-0.45988
-0.458412
-0.457312
-0.456609
-0.456278
-0.456257
-0.456448
-0.456754
-0.457093
-0.457391
-0.457655
-0.457919
-0.458221
-0.458614
-0.459151
-0.45986
-0.460735
-0.461722
-0.462767
-0.463798
-0.464725
-0.465486
-0.466015
-0.466268
-0.466186
-0.465735
-0.464872
-0.463547
-0.461727
-0.459381
-0.456481
-0.453056
-0.449176
-0.445
-0.440788
-0.436873
-0.433592
-0.431175
-0.429707
-0.429103
-0.429087
-0.429327
-0.429464
-0.429234
-0.428494
-0.427226
-0.425553
-0.423738
-0.422138
-0.421107
-0.420942
-0.421824
-0.423784
-0.426688
-0.430315
-0.434413
-0.438728
-0.443046
-0.447183
-0.45099
-0.454342
-0.457138
-0.459294
-0.460753
-0.461443
-0.461326
-0.460355
-0.458554
-0.455923
-0.452544
-0.448565
-0.444206
-0.439743
-0.435503
-0.431784
-0.428861
-0.426869
-0.42588
-0.425868
-0.426748
-0.42835
-0.430428
-0.432664
-0.434735
-0.436334
-0.437343
-0.437845
-0.438109
-0.438563
-0.439649
-0.441761
-0.445117
-0.449746
-0.455535
-0.462146
-0.46918
-0.476198
-0.482816
-0.488708
-0.493668
-0.497546
-0.500256
-0.501728
-0.501903
-0.50075
-0.498328
-0.494819
-0.490661
-0.486541
-0.483363
-0.48196
-0.482771
-0.485638
-0.489822
-0.494338
-0.498301
-0.501121
-0.502547
-0.502587
-0.501432
-0.499327
-0.496535
-0.493192
-0.489343
-0.484902
-0.479749
-0.473803
-0.467236
-0.460585
-0.454785
-0.4508
-0.449164
-0.449505
-0.450631
-0.451068
-0.449759
-0.446503
-0.442113
-0.43823
-0.436735
-0.43904
-0.445441
-0.455051
-0.466348
-0.477805
-0.488392
-0.497541
-0.505033
-0.510919
-0.515317
-0.518372
-0.520222
-0.52101
-0.520879
-0.519964
-0.518382
-0.516249
-0.513683
-0.51077
-0.507634
-0.504349
-0.500999
-0.497671
-0.494412
-0.491277
-0.488315
-0.485547
-0.482988
-0.480627
-0.478459
-0.476467
-0.474622
-0.472902
-0.471286
-0.469762
-0.468282
-0.466834
-0.46539
-0.46395
-0.462497
-0.461041
-0.459577
-0.458155
-0.456796
-0.455536
-0.454393
-0.453412
-0.452617
-0.45196
-0.451391
-0.450817
-0.450072
-0.449003
-0.447385
-0.445068
-0.44192
-0.43796
-0.433408
-0.428689
-0.424474
-0.42149
-0.420316
-0.421146
-0.423717
-0.427393
-0.431467
-0.435286
-0.438436
-0.440703
-0.442039
-0.44247
-0.442077
-0.440938
-0.439132
-0.436738
-0.433846
-0.430553
-0.427
-0.42336
-0.419831
-0.416601
-0.413878
-0.411838
-0.410579
-0.41018
-0.410614
-0.411807
-0.413623
-0.415907
-0.418491
-0.421176
-0.423792
-0.426156
-0.428148
-0.429665
-0.430684
-0.431175
-0.43121
-0.430872
-0.430304
-0.429635
-0.429035
-0.428606
-0.42845
-0.428584
-0.428985
-0.429628
-0.430444
-0.431392
-0.432422
-0.433527
-0.434718
-0.435966
-0.437315
-0.438699
-0.440052
-0.44127
-0.442232
-0.442815
-0.442872
-0.442353
-0.441269
-0.439751
-0.438073
-0.436559
-0.435568
-0.435399
-0.436171
-0.437805
-0.440048
-0.44262
-0.445236
-0.447692
-0.449861
-0.451666
-0.453032
-0.45387
-0.454049
-0.453421
-0.45187
-0.449263
-0.445604
-0.440996
-0.435678
-0.430019
-0.424476
-0.4195
-0.415424
-0.41243
-0.410602
-0.410012
-0.410776
-0.413095
-0.41717
-0.423084
-0.430625
-0.439233
-0.448139
-0.456496
-0.463635
-0.469127
-0.472889
-0.475108
-0.476122
-0.476361
-0.476195
-0.475919
-0.475645
-0.475357
-0.474954
-0.474331
-0.473383
-0.472048
-0.470299
-0.468138
-0.465559
-0.462553
-0.459092
-0.455137
-0.450648
-0.445677
-0.440326
-0.434945
-0.430007
-0.426166
-0.424033
-0.424052
-0.426241
-0.430263
-0.435456
-0.441051
-0.446386
-0.450997
-0.454646
-0.457314
-0.459143
-0.460368
-0.461272
-0.462137
-0.463171
-0.464508
-0.466195
-0.468152
-0.470236
-0.472273
-0.474097
-0.475554
-0.47653
-0.476941
-0.47671
-0.47577
-0.474019
-0.471329
-0.467542
-0.462483
-0.456029
-0.448272
-0.43969
-0.431296
-0.424546
-0.420873
-0.421006
-0.424559
-0.430203
-0.436416
-0.442068
-0.446601
-0.449988
-0.452464
-0.454366
-0.455996
-0.457557
-0.459127
-0.460675
-0.462082
-0.463164
-0.463713
-0.463497
-0.462341
-0.460107
-0.456794
-0.452497
-0.447504
-0.442285
-0.437385
-0.433364
-0.430595
-0.429166
-0.428927
-0.429597
-0.430887
-0.432596
-0.43462
-0.436885
-0.439345
-0.441914
-0.444474
-0.446855
-0.448858
-0.450272
-0.450881
-0.450513
-0.44907
-0.446572
-0.443156
-0.439043
-0.434457
-0.429548
-0.424335
-0.418804
-0.413041
-0.407283
-0.40194
-0.397519
-0.394567
-0.393705
-0.395508
-0.400208
-0.407388
-0.415811
-0.423783
-0.429583
-0.431925
-0.430214
-0.424707
-0.416627
-0.408055
-0.401445
-0.398653
-0.400171
-0.405184
-0.412312
-0.420396
-0.42874
-0.436961
-0.444775
-0.451859
-0.457836
-0.462375
-0.465178
-0.466059
-0.464937
-0.461921
-0.457348
-0.45184
-0.446263
-0.441509
-0.438127
-0.43611
-0.434807
-0.433233
-0.430499
-0.426115
-0.420124
-0.413075
-0.40585
-0.399403
-0.394543
-0.39176
-0.391254
-0.392972
-0.396687
-0.40206
-0.408634
-0.415857
-0.423151
-0.43004
-0.436172
-0.441331
-0.445431
-0.448511
-0.450641
-0.45194
-0.452525
-0.452536
-0.452095
-0.451317
-0.450291
-0.449098
-0.447824
-0.446556
-0.44532
-0.444165
-0.443111
-0.442186
-0.441375
-0.440696
-0.440142
-0.439751
-0.439509
-0.43948
-0.439674
-0.440125
-0.440844
-0.441823
-0.443023
-0.444366
-0.445767
-0.447136
-0.448366
-0.449376
-0.450082
-0.450389
-0.450227
-0.449519
-0.448197
-0.446174
-0.443397
-0.439776
-0.435301
-0.430031
-0.424121
-0.417877
-0.411752
-0.406351
-0.402313
-0.400142
-0.400138
-0.402243
-0.406098
-0.411174
-0.416845
-0.422539
-0.427777
-0.43221
-0.435632
-0.437938
-0.43914
-0.439346
-0.438718
-0.437433
-0.435648
-0.433445
-0.430867
-0.427871
-0.424454
-0.420729
-0.416979
-0.41366
-0.411282
-0.410207
-0.410494
-0.41183
-0.413719
-0.415659
-0.41728
-0.418387
-0.418975
-0.419134
-0.419014
-0.418734
-0.418416
-0.418136
-0.417917
-0.417781
-0.417734
-0.417764
-0.417868
-0.418044
-0.418292
-0.418615
-0.419016
-0.419496
-0.42009
-0.420778
-0.421555
-0.422444
-0.423408
-0.424472
-0.425604
-0.426795
-0.428041
-0.429322
-0.43063
-0.431955
-0.433259
-0.434531
-0.435759
-0.436899
-0.437911
-0.438748
-0.439329
-0.43958
-0.439382
-0.438603
-0.43706
-0.434582
-0.430997
-0.426216
-0.42032
-0.413628
-0.406785
-0.400629
-0.39602
-0.393486
-0.393057
-0.394349
-0.396817
-0.400061
-0.403873
-0.40813
-0.412641
-0.417101
-0.421181
-0.424694
-0.427627
-0.430094
-0.432275
-0.434344
-0.436341
-0.438262
-0.440084
-0.441798
-0.443377
-0.444779
-0.445913
-0.446696
-0.447017
-0.446838
-0.446187
-0.445243
-0.444291
-0.443725
-0.443873
-0.444965
-0.447015
-0.449741
-0.452671
-0.455217
-0.456871
-0.457267
-0.456304
-0.454087
-0.450947
-0.447319
-0.443683
-0.440465
-0.437959
-0.436257
-0.435258
-0.43468
-0.434191
-0.433425
-0.432162
-0.430351
-0.428139
-0.425841
-0.423853
-0.422505
-0.422013
-0.422393
-0.423565
-0.425318
-0.427447
-0.429793
-0.432225
-0.434644
-0.437012
-0.439246
-0.441266
-0.442987
-0.444356
-0.445314
-0.445821
-0.445893
-0.445549
-0.444828
-0.443764
-0.442413
-0.440809
-0.438994
-0.437
-0.434864
-0.432598
-0.430228
-0.427777
-0.425243
-0.422671
-0.420099
-0.41755
-0.41507
-0.412689
-0.410454
-0.408408
-0.406592
-0.405028
-0.403718
-0.402688
-0.401934
-0.401436
-0.401186
-0.401147
-0.4013
-0.401609
-0.402021
-0.402495
-0.402969
-0.403371
-0.403614
-0.40361
-0.403252
-0.402437
-0.401043
-0.398983
-0.396194
-0.392724
-0.388682
-0.38439
-0.38025
-0.376801
-0.374529
-0.373759
-0.37455
-0.376703
-0.379864
-0.383591
-0.387528
-0.391407
-0.395076
-0.398502
-0.401694
-0.404708
-0.407567
-0.410287
-0.412848
-0.415173
-0.417155
-0.418678
-0.419603
-0.419825
-0.419279
-0.417997
-0.416083
-0.413781
-0.411418
-0.409411
-0.408114
-0.407714
-0.408195
-0.409301
-0.410684
-0.411921
-0.412732
-0.412963
-0.412596
-0.411804
-0.410823
-0.409931
-0.4094
-0.409394
-0.409974
-0.411119
-0.41271
-0.414591
-0.416629
-0.418712
-0.420761
-0.422724
-0.424545
-0.426181
-0.427586
-0.428755
-0.429711
-0.430482
-0.431127
-0.431716
-0.432313
-0.43296
-0.433679
-0.434438
-0.435201
-0.435905
-0.436441
-0.436701
-0.436569
-0.435951
-0.434721
-0.432822
-0.430227
-0.426992
-0.42324
-0.419205
-0.415175
-0.411495
-0.40849
-0.406445
-0.405566
-0.406055
-0.408044
-0.411618
-0.416663
-0.422929
-0.429962
-0.437222
-0.444228
-0.450592
-0.456079
-0.460559
-0.463994
-0.466383
-0.467705
-0.467939
-0.467051
-0.464952
-0.46153
-0.456671
-0.45029
-0.442353
-0.432926
-0.422256
-0.410815
-0.399256
-0.388396
-0.379046
-0.371811
-0.366989
-0.364467
-0.363843
-0.364511
-0.365761
-0.366967
-0.367678
-0.367876
-0.368158
-0.36963
-0.37342
-0.38002
-0.388938
-0.398978
-0.408835
-0.417587
-0.424771
-0.430347
-0.434457
-0.437346
-0.43924
-0.440354
-0.440817
-0.440793
-0.44038
-0.439648
-0.43866
-0.43744
-0.435987
-0.434285
-0.432314
-0.430037
-0.427436
-0.424458
-0.421117
-0.417411
-0.413375
-0.409069
-0.404557
-0.399941
-0.395412
-0.391235
-0.387844
-0.385729
-0.385372
-0.386965
-0.390376
-0.395073
-0.400351
-0.405546
-0.41015
-0.413852
-0.416528
-0.418157
-0.418815
-0.418603
-0.41764
-0.416034
-0.413937
-0.411517
-0.408948
-0.406445
-0.404196
-0.402372
-0.401086
-0.400396
-0.400278
-0.400703
-0.401604
-0.402912
-0.4046
-0.406632
-0.408954
-0.411508
-0.414233
-0.41702
-0.419759
-0.422348
-0.424692
-0.426731
-0.428419
-0.429743
-0.430686
-0.431268
-0.431509
-0.431473
-0.431274
-0.431062
-0.43108
-0.431608
-0.432862
-0.434958
-0.437877
-0.44142
-0.445285
-0.449154
-0.452712
-0.45576
-0.458183
-0.459959
-0.46112
-0.461726
-0.461865
-0.461579
-0.460872
-0.459674
-0.457839
-0.455111
-0.45112
-0.445401
-0.437509
-0.427173
-0.414711
-0.401399
-0.389648
-0.382252
-0.380923
-0.38518
-0.392745
-0.401025
-0.408226
-0.413706
-0.417542
-0.420154
-0.421961
-0.423338
-0.424485
-0.425518
-0.426446
-0.427243
-0.427848
-0.428179
-0.42813
-0.427612
-0.426505
-0.424704
-0.422138
-0.418783
-0.414709
-0.410074
-0.405146
-0.400316
-0.396003
-0.392623
-0.39047
-0.389659
-0.390166
-0.39182
-0.394392
-0.397622
-0.401258
-0.405103
-0.408972
-0.412707
-0.416195
-0.41935
-0.422109
-0.424466
-0.426384
-0.42788
-0.428993
-0.429724
-0.430114
-0.430209
-0.43004
-0.429632
-0.429021
-0.428225
-0.427289
-0.426245
-0.425127
-0.423979
-0.422838
-0.421753
-0.420792
-0.419987
-0.419377
-0.418989
-0.418831
-0.41891
-0.419222
-0.419753
-0.420485
-0.421402
-0.422486
-0.423718
-0.425077
-0.426513
-0.427973
-0.429377
-0.430617
-0.431583
-0.43215
-0.432231
-0.43173
-0.430644
-0.429005
-0.426906
-0.424477
-0.421859
-0.419123
-0.416265
-0.413155
-0.409647
-0.405569
-0.400836
-0.395515
-0.389782
-0.383999
-0.378629
-0.374168
-0.371077
-0.36971
-0.370208
-0.372518
-0.376405
-0.381535
-0.387572
-0.394172
-0.401024
-0.407821
-0.414218
-0.419921
-0.424713
-0.4285
-0.431296
-0.433189
-0.434341
-0.434915
-0.435081
-0.435015
-0.43486
-0.434717
-0.434641
-0.434637
-0.434644
-0.434577
-0.434369
-0.433978
-0.433399
-0.432694
-0.43195
-0.431252
-0.430692
-0.430285
-0.42998
-0.429653
-0.429085
-0.428042
-0.426315
-0.423684
-0.420015
-0.415341
-0.409916
-0.404262
-0.399164
-0.395472
-0.393836
-0.394411
-0.39684
-0.400458
-0.404516
-0.408467
-0.412019
-0.415092
-0.417737
-0.420028
-0.422044
-0.423806
-0.425329
-0.426616
-0.427659
-0.428462
-0.429028
-0.42939
-0.429576
-0.429628
-0.429584
-0.429487
-0.429371
-0.429273
-0.429201
-0.429166
-0.429175
-0.42924
-0.429327
-0.429422
-0.429506
-0.429524
-0.429434
-0.429177
-0.428704
-0.427959
-0.426907
-0.425551
-0.423848
-0.421864
-0.419644
-0.417293
-0.414899
-0.412558
-0.410314
-0.40823
-0.406343
-0.404727
-0.403506
-0.402856
-0.402944
-0.403886
-0.405662
-0.408115
-0.410955
-0.41382
-0.416387
-0.418409
-0.419748
-0.420365
-0.420277
-0.419577
-0.418384
-0.41694
-0.41563
-0.414973
-0.415582
-0.41798
-0.42235
-0.428514
-0.435852
-0.443599
-0.451
-0.457535
-0.462909
-0.467043
-0.469989
-0.47191
-0.472992
-0.473427
-0.473372
-0.472952
-0.472257
-0.471256
-0.469944
-0.468238
-0.46606
-0.463323
-0.459989
-0.456097
-0.451782
-0.447322
-0.443138
-0.43972
-0.437551
-0.437007
-0.438206
-0.441025
-0.445144
-0.450136
-0.455515
-0.460815
-0.465679
-0.469804
-0.472958
-0.474976
-0.475731
-0.475157
-0.473219
-0.470007
-0.46571
-0.460652
-0.455279
-0.450143
-0.445747
-0.442507
-0.440599
-0.440028
-0.440612
-0.442084
-0.444152
-0.446478
-0.448748
-0.450674
-0.452019
-0.45259
-0.452309
-0.451149
-0.449245
-0.446871
-0.444357
-0.442111
-0.440459
-0.439662
-0.439771
-0.440725
-0.442349
-0.444471
-0.446942
-0.449633
-0.452399
-0.45509
-0.457564
-0.45968
-0.461372
-0.462676
-0.463733
-0.464781
-0.46608
-0.467834
-0.470057
-0.472628
-0.475226
-0.477393
-0.478618
-0.478303
-0.475754
-0.470164
-0.460657
-0.446661
-0.428725
-0.40975
-0.395194
-0.390707
-0.397783
-0.412392
-0.428401
-0.441464
-0.450077
-0.454539
-0.455922
-0.45539
-0.453994
-0.452579
-0.451761
-0.4519
-0.453119
-0.455354
-0.458432
-0.462088
-0.466035
-0.469941
-0.473446
-0.476243
-0.478125
-0.47909
-0.479419
-0.47962
-0.480294
-0.481937
-0.484722
-0.488459
-0.49272
-0.496964
-0.500748
-0.503763
-0.505915
-0.507185
-0.507657
-0.507452
-0.506674
-0.505436
-0.503828
-0.501907
-0.499712
-0.497268
-0.494595
-0.491718
-0.488659
-0.485464
-0.482149
-0.47871
-0.475127
-0.471349
-0.467358
-0.463117
-0.458661
-0.454094
-0.449565
-0.445322
-0.441655
-0.438947
-0.437595
-0.437972
-0.440382
-0.444912
-0.451404
-0.45938
-0.468161
-0.476995
-0.4852
-0.492296
-0.49804
-0.502408
-0.505527
-0.507601
-0.508832
-0.509431
-0.509563
-0.509321
-0.508755
-0.507896
-0.506743
-0.505264
-0.503432
-0.501224
-0.498628
-0.49569
-0.492417
-0.488869
-0.485131
-0.481322
-0.47758
-0.474065
-0.470944
-0.468356
-0.466439
-0.465246
-0.464784
-0.46504
-0.465953
-0.467459
-0.469475
-0.471924
-0.474725
-0.477772
-0.480972
-0.484236
-0.487457
-0.490522
-0.493354
-0.495846
-0.497941
-0.499588
-0.500722
-0.501331
-0.501399
-0.500972
-0.500074
-0.498811
-0.49732
-0.495757
-0.494298
-0.49308
-0.492234
-0.491804
-0.491796
-0.492164
-0.492798
-0.493551
-0.49423
-0.494645
-0.494658
-0.494249
-0.493575
-0.492948
-0.492777
-0.493402
-0.494959
-0.497336
-0.500206
-0.503081
-0.505477
-0.507001
-0.507385
-0.506532
-0.504478
-0.501356
-0.497385
-0.492804
-0.487818
-0.482704
-0.477676
-0.47292
-0.468569
-0.464597
-0.460888
-0.457184
-0.453224
-0.448812
-0.444008
-0.43924
-0.435418
-0.433738
-0.435294
-0.440454
-0.448577
-0.458229
-0.467795
-0.475939
-0.48189
-0.485279
-0.486059
-0.484204
-0.479726
-0.472656
-0.463335
-0.452647
-0.442246
-0.434347
-0.430928
-0.432692
-0.438695
-0.446974
-0.455462
-0.462653
-0.467713
-0.470368
-0.470724
-0.46909
-0.46599
-0.462012
-0.457776
-0.453717
-0.450039
-0.446707
-0.443503
-0.440143
-0.436417
-0.432132
-0.4271
-0.421132
-0.413955
-0.405309
-0.39518
-0.384118
-0.373491
-0.365322
-0.361369
-0.362189
-0.366816
-0.373505
-0.380692
-0.387437
-0.393339
-0.398256
-0.402149
-0.404995
-0.406831
-0.407767
-0.407991
-0.407699
-0.407117
-0.406395
-0.405659
-0.404963
-0.404331
-0.403752
-0.403208
-0.402684
-0.402163
-0.401653
-0.401159
-0.40067
-0.400207
-0.399772
-0.399358
-0.398973
-0.398581
-0.398167
-0.397701
-0.397143
-0.396468
-0.395608
-0.394539
-0.393212
-0.391618
-0.389766
-0.387689
-0.385483
-0.38326
-0.381221
-0.379573
-0.378509
-0.378211
-0.378781
-0.380199
-0.382354
-0.385017
-0.38791
-0.390706
-0.3931
-0.394796
-0.395557
-0.395237
-0.393807
-0.391373
-0.388226
-0.384779
-0.381537
-0.379007
-0.377646
-0.377747
-0.379409
-0.382504
-0.386575
-0.390997
-0.395142
-0.398516
-0.400912
-0.402383
-0.403192
-0.403645
-0.404022
-0.404479
-0.405047
-0.405641
-0.406163
-0.406509
-0.406627
-0.406499
-0.406209
-0.405863
-0.405609
-0.405614
-0.406021
-0.406918
-0.408311
-0.410148
-0.412297
-0.414627
-0.416981
-0.419234
-0.421271
-0.423031
-0.424459
-0.425544
-0.426245
-0.426547
-0.426445
-0.425923
-0.424985
-0.423604
-0.421809
-0.419618
-0.417114
-0.414399
-0.411655
-0.409112
-0.407018
-0.405585
-0.404988
-0.405277
-0.406377
-0.408123
-0.410279
-0.412612
-0.414911
-0.417031
-0.418902
-0.420472
-0.421772
-0.422811
-0.423639
-0.42428
-0.424735
-0.425014
-0.425072
-0.424862
-0.424333
-0.423381
-0.421948
-0.419922
-0.417199
-0.413759
-0.40967
-0.405149
-0.400594
-0.396549
-0.393542
-0.391989
-0.392025
-0.393455
-0.395935
-0.399032
-0.402394
-0.405764
-0.40896
-0.411853
-0.414362
-0.416417
-0.417928
-0.418839
-0.419093
-0.41867
-0.417595
-0.415939
-0.413842
-0.411514
-0.409222
-0.407249
-0.405862
-0.405256
-0.405485
-0.406454
-0.407975
-0.409773
-0.41159
-0.413251
-0.414641
-0.415764
-0.416655
-0.41738
-0.417964
-0.418368
-0.418489
-0.418158
-0.41726
-0.415678
-0.413417
-0.410633
-0.407554
-0.404438
-0.401497
-0.398748
-0.396062
-0.393201
-0.389969
-0.386412
-0.38286
-0.379927
-0.378329
-0.378631
-0.381021
-0.385252
-0.390763
-0.396868
-0.403029
-0.408816
-0.414015
-0.418517
-0.422259
-0.425211
-0.427342
-0.428612
-0.429023
-0.428567
-0.427296
-0.425295
-0.422721
-0.41976
-0.416651
-0.413601
-0.410801
-0.408325
-0.406223
-0.40446
-0.402979
-0.401746
-0.400768
-0.400092
-0.399796
-0.399935
-0.400541
-0.401541
-0.402822
-0.40422
-0.405554
-0.406694
-0.407574
-0.408249
-0.408841
-0.409528
-0.410483
-0.411744
-0.413243
-0.414791
-0.41614
-0.417045
-0.417294
-0.416792
-0.415523
-0.413586
-0.411156
-0.408456
-0.405748
-0.403318
-0.401422
-0.400263
-0.399955
-0.400493
-0.401792
-0.403666
-0.405917
-0.408279
-0.410518
-0.412437
-0.413847
-0.414665
-0.414854
-0.414487
-0.413731
-0.412879
-0.412258
-0.412211
-0.412976
-0.414621
-0.417053
-0.420015
-0.423199
-0.426327
-0.42916
-0.431551
-0.433448
-0.434856
-0.435811
-0.436374
-0.436607
-0.436586
-0.436354
-0.435973
-0.435488
-0.434954
-0.434409
-0.433886
-0.433432
-0.433074
-0.432811
-0.432679
-0.432691
-0.432834
-0.433116
-0.433516
-0.433992
-0.434526
-0.435071
-0.435555
-0.435917
-0.43606
-0.43591
-0.435415
-0.434568
-0.433427
-0.432126
-0.430842
-0.429789
-0.429166
-0.42911
-0.42962
-0.430636
-0.432045
-0.433687
-0.435414
-0.437131
-0.438772
-0.440311
-0.441704
-0.442924
-0.443904
-0.444587
-0.444956
-0.444968
-0.444637
-0.444036
-0.443292
-0.44257
-0.442063
-0.441977
-0.44242
-0.443472
-0.44511
-0.447205
-0.449551
-0.451941
-0.454186
-0.45609
-0.457565
-0.458558
-0.459037
-0.459074
-0.45871
-0.458033
-0.457118
-0.456068
-0.454953
-0.453835
-0.452734
-0.451692
-0.450748
-0.449891
-0.449126
-0.448485
-0.447993
-0.447664
-0.447507
-0.447552
-0.447753
-0.448102
-0.448513
-0.448907
-0.44916
-0.449114
-0.448609
-0.447432
-0.44539
-0.442309
-0.43805
-0.432681
-0.426548
-0.42041
-0.415362
-0.412616
-0.412999
-0.41657
-0.422567
-0.429786
-0.437079
-0.443614
-0.448994
-0.453158
-0.456261
-0.458597
-0.460478
-0.462213
-0.464002
-0.465973
-0.4681
-0.470252
-0.472214
-0.473753
-0.474643
-0.474765
-0.474086
-0.472693
-0.470801
-0.468759
-0.466934
-0.465754
-0.465537
-0.466454
-0.46851
-0.47155
-0.475293
-0.479349
-0.483301
-0.486763
-0.489401
-0.490957
-0.491298
-0.490454
-0.488527
-0.485701
-0.482215
-0.478276
-0.474114
-0.470003
-0.466195
-0.462883
-0.460054
-0.457484
-0.45476
-0.451472
-0.447368
-0.442579
-0.437718
-0.433861
-0.432182
-0.433461
-0.43768
-0.444048
-0.451483
-0.459026
-0.466139
-0.472669
-0.478612
-0.484029
-0.488936
-0.493234
-0.496832
-0.499599
-0.501447
-0.502281
-0.502118
-0.500962
-0.498887
-0.496028
-0.492557
-0.488692
-0.484693
-0.48082
-0.477324
-0.474394
-0.472132
-0.470572
-0.469611
-0.469158
-0.469031
-0.469065
-0.469108
-0.469024
-0.468733
-0.468137
-0.467268
-0.466136
-0.464784
-0.463298
-0.461782
-0.460316
-0.458944
-0.457695
-0.45655
-0.455405
-0.454128
-0.45255
-0.450495
-0.447816
-0.444393
-0.440189
-0.435286
-0.429909
-0.424394
-0.419232
-0.414891
-0.411724
-0.409872
-0.409247
-0.40961
-0.410695
-0.41231
-0.41435
-0.416775
-0.419584
-0.422738
-0.426157
-0.429717
-0.433305
-0.436818
-0.440153
-0.443252
-0.446093
-0.448671
-0.450969
-0.453004
-0.454787
-0.456288
-0.457506
-0.458422
-0.458981
-0.459139
-0.458824
-0.457959
-0.45645
-0.454202
-0.451154
-0.44723
-0.442402
-0.43671
-0.430252
-0.42324
-0.415931
-0.408675
-0.401851
-0.395833
-0.390967
-0.387574
-0.385903
-0.386142
-0.388349
-0.392436
-0.398119
-0.404935
-0.412234
-0.419297
-0.425362
-0.429757
-0.431874
-0.43122
-0.427399
-0.420172
-0.409479
-0.395566
-0.379092
-0.361283
-0.343963
-0.329518
-0.320598
-0.319578
-0.327527
-0.343393
-0.364177
-0.386177
-0.406365
-0.423097
-0.435866
-0.444907
-0.450745
-0.453934
-0.455019
-0.454466
-0.452757
-0.45035
-0.447748
-0.44543
-0.44382
-0.443172
-0.443547
-0.444806
-0.446663
-0.44879
-0.450915
-0.452817
-0.45437
-0.455556
-0.456358
-0.45681
-0.456954
-0.456838
-0.456479
-0.455884
-0.455042
-0.453914
-0.452423
-0.45046
-0.44792
-0.444687
-0.440685
-0.435864
-0.430315
-0.424259
-0.418119
-0.412541
-0.408304
-0.406238
-0.406985
-0.410787
-0.417386
-0.426023
-0.43571
-0.445472
-0.454526
-0.462366
-0.468764
-0.473661
-0.477111
-0.479258
-0.480261
-0.480316
-0.47965
-0.478524
-0.477216
-0.475992
-0.475019
-0.474356
-0.473877
-0.473316
-0.472302
-0.470436
-0.467354
-0.462805
-0.456711
-0.449221
-0.440794
-0.432206
-0.42452
-0.418766
-0.415687
-0.415411
-0.417434
-0.420917
-0.425014
-0.429148
-0.433086
-0.436901
-0.440771
-0.444869
-0.449267
-0.453942
-0.458738
-0.463489
-0.468036
-0.472246
-0.476032
-0.479374
-0.482262
-0.484701
-0.486695
-0.488271
-0.489424
-0.490135
-0.490419
-0.490261
-0.489721
-0.488814
-0.487623
-0.486227
-0.484687
-0.483073
-0.481436
-0.479809
-0.478161
-0.476461
-0.474647
-0.472661
-0.470419
-0.46786
-0.464923
-0.461562
-0.457785
-0.453638
-0.449274
-0.44494
-0.440976
-0.437741
-0.435556
-0.434552
-0.434597
-0.435258
-0.435899
-0.435847
-0.434766
-0.432901
-0.431274
-0.431409
-0.434593
-0.441034
-0.449692
-0.45884
-0.466868
-0.472823
-0.476437
-0.477965
-0.477932
-0.47696
-0.475659
-0.474528
-0.473877
-0.473835
-0.474336
-0.47515
-0.476
-0.476601
-0.476706
-0.476205
-0.475057
-0.473363
-0.471304
-0.469145
-0.467199
-0.465772
-0.465088
-0.465265
-0.46627
-0.467946
-0.470034
-0.472257
-0.474369
-0.476172
-0.477497
-0.478306
-0.478592
-0.478384
-0.47777
-0.476858
-0.475791
-0.474716
-0.473772
-0.473062
-0.472661
-0.47258
-0.472777
-0.473192
-0.47372
-0.474239
-0.474655
-0.474862
-0.474781
-0.474342
-0.473575
-0.472582
-0.471535
-0.470708
-0.470382
-0.470771
-0.471891
-0.47361
-0.475658
-0.477752
-0.479707
-0.481502
-0.483164
-0.484646
-0.485658
-0.485616
-0.483619
-0.478604
-0.469615
-0.456322
-0.439756
-0.422934
-0.410467
-0.406555
-0.412374
-0.425378
-0.441203
-0.456048
-0.467729
-0.475582
-0.479857
-0.481267
-0.480665
-0.478881
-0.476678
-0.474713
-0.473482
-0.473274
-0.474157
-0.476007
-0.478549
-0.481509
-0.48459
-0.48759
-0.49035
-0.492777
-0.494759
-0.496213
-0.497015
-0.497058
-0.496226
-0.494454
-0.491698
-0.488
-0.483546
-0.478659
-0.47386
-0.469707
-0.466736
-0.465262
-0.465265
-0.466412
-0.468216
-0.470169
-0.471936
-0.473338
-0.474364
-0.475143
-0.475825
-0.476552
-0.477419
-0.478456
-0.47962
-0.480822
-0.481948
-0.48286
-0.483455
-0.483707
-0.483613
-0.483225
-0.482638
-0.481941
-0.481224
-0.480538
-0.479942
-0.479516
-0.479374
-0.479705
-0.480611
-0.482204
-0.484502
-0.487384
-0.490665
-0.494078
-0.497379
-0.500334
-0.502742
-0.504461
-0.505389
-0.505449
-0.5046
-0.502848
-0.500226
-0.496882
-0.493027
-0.488949
-0.48502
-0.481651
-0.479213
-0.477952
-0.47798
-0.479204
-0.481384
-0.484192
-0.487227
-0.490096
-0.492456
-0.49407
-0.494748
-0.494412
-0.49304
-0.490709
-0.487552
-0.483795
-0.479764
-0.475798
-0.472304
-0.469633
-0.468052
-0.46763
-0.468317
-0.469896
-0.472092
-0.474578
-0.47709
-0.479389
-0.481279
-0.482636
-0.483379
-0.483481
-0.482929
-0.481759
-0.480032
-0.47782
-0.475239
-0.472428
-0.469539
-0.466703
-0.464041
-0.461663
-0.459632
-0.457974
-0.456695
-0.45578
-0.455209
-0.454926
-0.454901
-0.455075
-0.455383
-0.455738
-0.45608
-0.456339
-0.456474
-0.456469
-0.456331
-0.456094
-0.45583
-0.455635
-0.455587
-0.455758
-0.456197
-0.456921
-0.457895
-0.459032
-0.46022
-0.461313
-0.46214
-0.462567
-0.462462
-0.461697
-0.460193
-0.457844
-0.454562
-0.450254
-0.444821
-0.438172
-0.430272
-0.421238
-0.411438
-0.401643
-0.393077
-0.387243
-0.385427
-0.388102
-0.394585
-0.403413
-0.412888
-0.421717
-0.429174
-0.435022
-0.439344
-0.442318
-0.444181
-0.445117
-0.445233
-0.44458
-0.443183
-0.441007
-0.438007
-0.434158
-0.429452
-0.424006
-0.418041
-0.411951
-0.406297
-0.401727
-0.398891
-0.398204
-0.39974
-0.403188
-0.407939
-0.41333
-0.418729
-0.423738
-0.428069
-0.431649
-0.43448
-0.436621
-0.438155
-0.439165
-0.439706
-0.439812
-0.439485
-0.438731
-0.437499
-0.435778
-0.433548
-0.430818
-0.427662
-0.424236
-0.420786
-0.417625
-0.415124
-0.413571
-0.413156
-0.413849
-0.415428
-0.417433
-0.419301
-0.420355
-0.420066
-0.418109
-0.414675
-0.410551
-0.407013
-0.405302
-0.406065
-0.408961
-0.412955
-0.416931
-0.420218
-0.422723
-0.424716
-0.426606
-0.42881
-0.431534
-0.434843
-0.438646
-0.442721
-0.446822
-0.450661
-0.453999
-0.456661
-0.458524
-0.459536
-0.459674
-0.458929
-0.457333
-0.454884
-0.451578
-0.447407
-0.442404
-0.436637
-0.430292
-0.423714
-0.417408
-0.412052
-0.40839
-0.407035
-0.408272
-0.411977
-0.417633
-0.42448
-0.431718
-0.438655
-0.444753
-0.449673
-0.453193
-0.455231
-0.455827
-0.455105
-0.453273
-0.450609
-0.447472
-0.444239
-0.441229
-0.438705
-0.43678
-0.435467
-0.434667
-0.434222
-0.433949
-0.433707
-0.433401
-0.433
-0.432524
-0.432016
-0.431498
-0.430972
-0.430405
-0.42973
-0.428935
-0.427998
-0.426984
-0.42596
-0.424995
-0.424133
-0.423343
-0.422567
-0.421701
-0.420711
-0.41959
-0.418438
-0.417403
-0.416668
-0.416384
-0.41668
-0.417569
-0.418977
-0.420728
-0.422614
-0.42438
-0.425824
-0.426784
-0.427162
-0.426977
-0.42635
-0.425447
-0.424483
-0.423682
-0.423171
-0.423017
-0.423196
-0.423629
-0.424217
-0.424819
-0.425345
-0.425735
-0.425947
-0.42597
-0.425771
-0.425318
-0.42456
-0.423453
-0.42194
-0.419967
-0.417538
-0.414718
-0.411663
-0.408604
-0.405863
-0.403784
-0.402668
-0.402728
-0.404044
-0.406551
-0.410063
-0.414295
-0.418949
-0.423727
-0.428388
-0.432733
-0.436616
-0.439923
-0.442556
-0.44443
-0.445443
-0.445491
-0.444499
-0.442427
-0.439347
-0.435462
-0.431149
-0.426942
-0.423339
-0.420721
-0.419208
-0.418715
-0.419031
-0.41993
-0.421249
-0.422868
-0.42475
-0.426942
-0.42952
-0.432548
-0.436013
-0.439757
-0.443508
-0.446972
-0.449865
-0.452039
-0.453442
-0.454121
-0.454201
-0.453801
-0.453075
-0.452104
-0.450968
-0.44975
-0.448541
-0.447476
-0.446751
-0.446571
-0.447169
-0.448701
-0.451241
-0.454742
-0.459057
-0.463968
-0.469216
-0.474532
-0.479687
-0.484454
-0.488662
-0.492157
-0.494788
-0.496392
-0.496787
-0.495799
-0.493247
-0.488988
-0.482929
-0.475156
-0.465989
-0.456048
-0.446274
-0.437704
-0.431234
-0.427322
-0.425883
-0.426425
-0.428358
-0.431167
-0.434534
-0.43821
-0.442023
-0.445752
-0.449248
-0.452292
-0.45469
-0.456199
-0.456658
-0.456076
-0.454725
-0.453108
-0.451879
-0.451479
-0.45193
-0.452825
-0.453544
-0.453558
-0.452682
-0.451129
-0.449451
-0.448292
-0.448194
-0.449477
-0.452127
-0.455926
-0.460528
-0.465586
-0.470782
-0.475893
-0.480723
-0.485091
-0.488827
-0.49178
-0.493806
-0.49482
-0.494768
-0.493683
-0.491657
-0.488962
-0.48594
-0.483035
-0.48067
-0.47919
-0.478735
-0.479228
-0.480429
-0.482038
-0.483761
-0.485378
-0.486747
-0.487809
-0.488522
-0.488854
-0.488763
-0.488198
-0.487086
-0.48536
-0.482969
-0.479884
-0.476178
-0.471991
-0.467584
-0.463326
-0.459611
-0.456805
-0.455149
-0.454652
-0.45517
-0.456422
-0.458079
-0.459858
-0.461596
-0.463212
-0.464729
-0.466223
-0.467829
-0.469657
-0.471807
-0.474324
-0.477185
-0.480282
-0.48352
-0.4867
-0.489672
-0.492268
-0.494328
-0.495707
-0.496248
-0.495819
-0.494265
-0.491425
-0.487233
-0.481665
-0.474914
-0.467366
-0.459713
-0.452743
-0.447272
-0.443848
-0.442744
-0.443955
-0.44729
-0.452436
-0.458886
-0.465924
-0.472762
-0.478676
-0.483125
-0.48583
-0.486796
-0.486253
-0.484559
-0.482106
-0.479191
-0.475963
-0.472467
-0.468752
-0.465002
-0.461543
-0.458932
-0.457674
-0.458119
-0.460321
-0.464011
-0.468742
-0.474015
-0.479382
-0.484542
-0.489296
-0.49354
-0.497226
-0.500349
-0.502901
-0.504928
-0.506445
-0.507476
-0.508047
-0.508177
-0.507882
-0.507175
-0.506083
-0.504647
-0.502907
-0.500968
-0.498932
-0.49692
-0.495055
-0.49344
-0.492129
-0.491136
-0.490453
-0.489999
-0.489693
-0.489509
-0.48947
-0.489614
-0.490071
-0.491004
-0.492578
-0.494939
-0.498148
-0.50222
-0.507089
-0.512618
-0.518602
-0.524826
-0.53109
-0.537196
-0.542947
-0.548217
-0.552851
-0.556723
-0.559718
-0.561686
-0.56246
-0.561861
-0.559656
-0.555594
-0.549403
-0.540769
-0.529455
-0.515362
-0.49876
-0.480518
-0.462412
-0.447243
-0.438268
-0.437999
-0.446587
-0.461507
-0.478879
-0.495325
-0.508889
-0.518922
-0.525566
-0.529257
-0.530519
-0.529815
-0.527543
-0.524035
-0.519575
-0.514448
-0.508988
-0.503628
-0.498889
-0.49529
-0.493221
-0.492789
-0.493839
-0.496028
-0.498963
-0.502336
-0.505943
-0.509631
-0.513247
-0.516586
-0.51941
-0.521418
-0.522406
-0.522277
-0.521174
-0.519541
-0.518092
-0.517645
-0.518817
-0.521733
-0.525988
-0.53077
-0.535228
-0.538703
-0.540796
-0.541323
-0.540266
-0.537686
-0.533718
-0.528549
-0.522518
-0.516098
-0.509891
-0.504512
-0.500443
-0.497949
-0.496981
-0.497283
-0.498547
-0.500463
-0.502776
-0.505187
-0.507424
-0.509147
-0.510018
-0.509726
-0.508043
-0.504807
-0.499949
-0.493531
-0.485646
-0.47654
-0.466667
-0.456752
-0.447954
-0.441621
-0.438823
-0.439795
-0.443734
-0.449189
-0.454748
-0.459426
-0.462787
-0.464826
-0.465758
-0.465883
-0.465435
-0.464644
-0.463639
-0.462502
-0.46126
-0.459925
-0.458518
-0.457033
-0.455492
-0.453888
-0.452234
-0.450546
-0.448811
-0.447043
-0.445269
-0.443483
-0.441731
-0.440008
-0.438339
-0.436701
-0.435064
-0.433361
-0.431462
-0.429225
-0.426487
-0.423093
-0.41897
-0.414157
-0.408959
-0.403905
-0.399722
-0.397133
-0.396581
-0.398023
-0.400928
-0.404488
-0.407903
-0.410541
-0.412061
-0.412372
-0.411531
-0.409758
-0.407324
-0.404576
-0.40189
-0.399622
-0.398016
-0.397192
-0.397089
-0.397521
-0.398227
-0.398944
-0.399474
-0.399675
-0.399538
-0.399092
-0.398466
-0.397822
-0.397378
-0.397331
-0.397817
-0.398901
-0.400579
-0.402736
-0.405229
-0.4079
-0.410576
-0.413143
-0.415514
-0.417663
-0.419571
-0.421257
-0.422753
-0.42411
-0.425369
-0.426555
-0.427735
-0.428927
-0.430157
-0.431458
-0.432847
-0.434338
-0.435937
-0.437656
-0.439485
-0.441411
-0.443397
-0.445374
-0.447225
-0.448871
-0.450173
-0.450975
-0.451128
-0.4505
-0.44905
-0.446779
-0.443867
-0.440587
-0.437269
-0.434275
-0.431888
-0.430265
-0.429451
-0.429543
-0.430642
-0.432899
-0.436405
-0.441045
-0.446498
-0.452224
-0.457617
-0.46213
-0.465308
-0.466867
-0.466667
-0.464702
-0.461111
-0.456204
-0.450486
-0.444617
-0.439364
-0.435493
-0.433564
-0.43383
-0.436169
-0.440121
-0.445022
-0.450197
-0.45506
-0.459204
-0.462478
-0.464898
-0.466574
-0.467699
-0.468461
-0.468959
-0.469294
-0.46951
-0.469658
-0.469828
-0.470164
-0.470808
-0.47192
-0.473603
-0.475859
-0.478611
-0.481745
-0.485129
-0.48866
-0.492195
-0.49561
-0.498739
-0.501421
-0.503479
-0.504794
-0.505268
-0.504875
-0.503636
-0.501646
-0.499016
-0.49593
-0.492608
-0.489277
-0.486176
-0.483542
-0.481525
-0.480289
-0.479864
-0.480271
-0.481415
-0.483163
-0.485335
-0.487752
-0.490239
-0.492643
-0.494841
-0.496744
-0.498305
-0.499532
-0.50043
-0.501068
-0.50151
-0.501783
-0.501912
-0.501884
-0.501618
-0.501054
-0.500132
-0.498888
-0.497451
-0.496043
-0.494994
-0.49463
-0.495186
-0.496783
-0.499319
-0.502553
-0.506156
-0.509831
-0.513414
-0.516816
-0.520086
-0.523269
-0.526383
-0.529324
-0.531901
-0.533846
-0.53493
-0.534967
-0.533931
-0.531926
-0.529267
-0.526362
-0.5237
-0.521696
-0.520594
-0.520384
-0.520816
-0.521425
-0.521729
-0.521248
-0.519694
-0.517006
-0.513443
-0.509537
-0.506002
-0.503482
-0.502242
-0.50214
-0.502651
-0.503219
-0.503468
-0.503322
-0.502921
-0.502501
-0.502274
-0.502292
-0.502523
-0.502862
-0.50319
-0.50349
-0.503779
-0.504147
-0.504661
-0.505317
-0.506028
-0.506631
-0.506905
-0.506618
-0.505574
-0.503655
-0.500858
-0.497285
-0.493154
-0.48876
-0.484484
-0.480684
-0.477699
-0.475776
-0.475074
-0.475665
-0.477484
-0.480414
-0.484182
-0.488479
-0.492925
-0.497195
-0.501017
-0.504197
-0.506637
-0.508286
-0.509125
-0.509151
-0.508378
-0.506809
-0.504422
-0.501168
-0.496975
-0.491719
-0.485194
-0.477125
-0.467224
-0.455467
-0.442436
-0.429737
-0.419943
-0.415532
-0.417481
-0.424435
-0.43367
-0.442648
-0.449922
-0.455091
-0.458358
-0.460162
-0.4609
-0.460839
-0.460079
-0.458601
-0.456259
-0.45282
-0.447966
-0.441315
-0.432525
-0.421554
-0.409138
-0.397208
-0.388818
-0.386834
-0.392099
-0.402728
-0.415381
-0.427144
-0.436411
-0.442711
-0.446257
-0.447429
-0.446599
-0.444096
-0.440208
-0.435252
-0.429652
-0.424026
-0.419094
-0.41553
-0.413802
-0.413916
-0.4155
-0.417907
-0.420503
-0.422772
-0.424408
-0.425311
-0.425512
-0.425112
-0.424234
-0.423001
-0.421508
-0.419864
-0.418148
-0.416472
-0.414932
-0.413594
-0.41253
-0.411772
-0.411303
-0.411115
-0.411157
-0.411408
-0.411866
-0.412557
-0.413473
-0.414649
-0.416019
-0.417569
-0.419178
-0.420767
-0.422256
-0.423573
-0.42466
-0.425495
-0.42607
-0.4264
-0.42652
-0.426439
-0.426209
-0.425841
-0.425371
-0.424821
-0.424176
-0.423445
-0.422624
-0.421699
-0.420683
-0.419553
-0.418336
-0.41706
-0.415758
-0.414517
-0.41342
-0.412573
-0.4121
-0.412097
-0.412649
-0.413767
-0.415409
-0.417488
-0.419856
-0.422309
-0.424682
-0.426802
-0.428528
-0.42978
-0.430552
-0.430827
-0.430669
-0.430178
-0.429434
-0.428554
-0.427634
-0.426781
-0.426088
-0.425602
-0.425386
-0.425488
-0.425915
-0.426669
-0.427712
-0.428996
-0.430455
-0.432035
-0.433642
-0.435216
-0.436665
-0.437928
-0.438936
-0.439641
-0.440037
-0.440187
-0.44019
-0.440195
-0.440402
-0.440959
-0.442036
-0.443646
-0.445761
-0.448249
-0.450958
-0.45372
-0.456396
-0.458919
-0.461235
-0.463354
-0.465285
-0.467063
-0.468712
-0.470205
-0.471466
-0.472363
-0.472708
-0.472229
-0.47061
-0.467497
-0.462558
-0.455592
-0.446624
-0.436109
-0.424896
-0.414069
-0.40446
-0.396141
-0.388274
-0.379685
-0.369753
-0.359715
-0.353092
-0.354192
-0.365024
-0.383335
-0.404333
-0.423893
-0.440102
-0.452831
-0.462731
-0.470547
-0.476822
-0.48187
-0.485877
-0.488936
-0.491115
-0.492438
-0.492977
-0.492771
-0.491898
-0.490431
-0.488501
-0.486237
-0.483834
-0.481505
-0.479468
-0.477932
-0.477064
-0.476929
-0.477478
-0.478535
-0.479767
-0.480794
-0.481175
-0.480452
-0.478266
-0.474305
-0.468499
-0.461074
-0.452653
-0.444322
-0.437486
-0.433491
-0.433214
-0.436703
-0.443162
-0.451289
-0.459748
-0.467505
-0.473891
-0.478654
-0.481779
-0.48344
-0.483856
-0.483233
-0.481794
-0.479677
-0.476988
-0.473826
-0.47028
-0.466514
-0.462759
-0.459372
-0.456799
-0.455481
-0.455747
-0.457678
-0.461091
-0.465509
-0.470368
-0.47506
-0.479093
-0.482066
-0.48369
-0.483718
-0.481995
-0.478482
-0.4733
-0.466919
-0.460204
-0.45441
-0.450745
-0.449945
-0.451901
-0.455704
-0.460092
-0.463943
-0.466541
-0.467633
-0.467257
-0.465643
-0.463123
-0.460062
-0.456811
-0.453674
-0.450895
-0.448652
-0.447019
-0.446009
-0.44555
-0.44552
-0.44576
-0.446093
-0.44636
-0.446429
-0.446209
-0.445657
-0.444737
-0.443412
-0.441663
-0.439437
-0.436718
-0.433599
-0.430415
-0.427793
-0.426564
-0.427461
-0.430686
-0.435705
-0.441392
-0.446435
-0.449768
-0.45086
-0.449747
-0.446977
-0.443431
-0.440052
-0.437586
-0.436296
-0.436042
-0.436342
-0.436788
-0.437142
-0.437473
-0.438031
-0.439166
-0.441095
-0.443824
-0.447069
-0.450466
-0.453597
-0.456182
-0.458073
-0.459239
-0.459718
-0.459619
-0.459142
-0.458498
-0.457979
-0.45789
-0.458495
-0.459933
-0.46221
-0.465153
-0.468442
-0.471701
-0.474548
-0.476624
-0.477691
-0.477604
-0.476364
-0.474136
-0.471224
-0.468034
-0.465093
-0.462856
-0.461647
-0.461612
-0.462677
-0.464561
-0.466933
-0.469422
-0.471738
-0.473679
-0.475131
-0.476077
-0.476642
-0.476976
-0.477264
-0.477677
-0.478334
-0.479279
-0.480487
-0.481838
-0.483212
-0.484509
-0.485623
-0.486532
-0.487242
-0.487788
-0.488207
-0.488534
-0.488735
-0.488785
-0.488637
-0.488241
-0.487567
-0.486599
-0.485349
-0.483837
-0.482114
-0.480214
-0.478189
-0.476088
-0.474024
-0.472195
-0.470842
-0.470275
-0.470743
-0.472327
-0.474882
-0.478046
-0.481387
-0.484465
-0.48702
-0.488904
-0.490114
-0.49074
-0.490868
-0.490583
-0.48992
-0.488922
-0.487571
-0.485881
-0.483879
-0.481621
-0.479223
-0.476797
-0.474459
-0.472314
-0.470385
-0.468667
-0.467093
-0.465575
-0.464047
-0.462463
-0.460894
-0.459452
-0.458361
-0.457906
-0.458318
-0.459771
-0.462239
-0.465531
-0.469292
-0.473092
-0.476563
-0.479385
-0.481353
-0.482363
-0.482394
-0.481541
-0.479941
-0.477826
-0.475507
-0.47333
-0.471656
-0.470766
-0.470796
-0.471723
-0.473363
-0.475464
-0.477752
-0.479984
-0.482002
-0.483697
-0.485078
-0.486161
-0.487
-0.487647
-0.488172
-0.488622
-0.489058
-0.489482
-0.489937
-0.490394
-0.490868
-0.491313
-0.491713
-0.492034
-0.492241
-0.492276
-0.49212
-0.491751
-0.491137
-0.490253
-0.489061
-0.487536
-0.485648
-0.48335
-0.480545
-0.477067
-0.472598
-0.466557
-0.458139
-0.446351
-0.43042
-0.410536
-0.389068
-0.370993
-0.361999
-0.364523
-0.375797
-0.390413
-0.403967
-0.414508
-0.421864
-0.426777
-0.430259
-0.433353
-0.436834
-0.44102
-0.445706
-0.450354
-0.454371
-0.45736
-0.459246
-0.46021
-0.46064
-0.460933
-0.461437
-0.462364
-0.463788
-0.46566
-0.467856
-0.470227
-0.472626
-0.474921
-0.476993
-0.478772
-0.48019
-0.48122
-0.48184
-0.482052
-0.481862
-0.481301
-0.480382
-0.479147
-0.477627
-0.475886
-0.473986
-0.471999
-0.47001
-0.468084
-0.466273
-0.464593
-0.463005
-0.461414
-0.459665
-0.457538
-0.454785
-0.451141
-0.446368
-0.440292
-0.432864
-0.424254
-0.414996
-0.406099
-0.39912
-0.395789
-0.397377
-0.403947
-0.414233
-0.426187
-0.437881
-0.448014
-0.456063
-0.461977
-0.466059
-0.468633
-0.470072
-0.470679
-0.470702
-0.470337
-0.469718
-0.468912
-0.467954
-0.466846
-0.465518
-0.463861
-0.461745
-0.458968
-0.455338
-0.450642
-0.444713
-0.437481
-0.429096
-0.419958
-0.410788
-0.402542
-0.396217
-0.392537
-0.391778
-0.393678
-0.397665
-0.403076
-0.409281
-0.41576
-0.422093
-0.427949
-0.433129
-0.43753
-0.441141
-0.444044
-0.446325
-0.448069
-0.44936
-0.450245
-0.450719
-0.450769
-0.450374
-0.449502
-0.448165
-0.446383
-0.444255
-0.441983
-0.43982
-0.438062
-0.436973
-0.436689
-0.437175
-0.438173
-0.439209
-0.439727
-0.439099
-0.436795
-0.432365
-0.425603
-0.416637
-0.406147
-0.395454
-0.386401
-0.380937
-0.380352
-0.384778
-0.393186
-0.403903
-0.415176
-0.425582
-0.434227
-0.440664
-0.444783
-0.446697
-0.446644
-0.444893
-0.441735
-0.437497
-0.432527
-0.427191
-0.421884
-0.416991
-0.412874
-0.409774
-0.407863
-0.407197
-0.407745
-0.409426
-0.412124
-0.415644
-0.419814
-0.424436
-0.429293
-0.434184
-0.438959
-0.44347
-0.44763
-0.451368
-0.45463
-0.457387
-0.459584
-0.461187
-0.46212
-0.462318
-0.461703
-0.460164
-0.457628
-0.454082
-0.449602
-0.444424
-0.438993
-0.433896
-0.429779
-0.427144
-0.426143
-0.426516
-0.427712
-0.429058
-0.43
-0.430184
-0.429481
-0.427965
-0.425842
-0.423412
-0.421004
-0.418871
-0.41715
-0.415858
-0.414857
-0.413951
-0.412928
-0.411651
-0.410118
-0.408472
-0.406981
-0.405959
-0.405723
-0.406464
-0.408253
-0.411007
-0.414501
-0.418445
-0.422517
-0.426453
-0.430036
-0.433098
-0.435585
-0.437466
-0.438754
-0.439484
-0.439723
-0.439505
-0.438856
-0.437737
-0.436056
-0.433724
-0.430628
-0.426752
-0.422218
-0.417407
-0.412945
-0.409556
-0.407909
-0.408258
-0.410334
-0.413482
-0.416854
-0.419703
-0.421504
-0.421945
-0.420895
-0.418288
-0.414142
-0.408521
-0.401626
-0.393901
-0.386118
-0.379325
-0.374589
-0.372555
-0.373086
-0.375358
-0.378169
-0.380422
-0.381428
-0.380934
-0.379063
-0.37618
-0.372781
-0.369435
-0.366723
-0.365148
-0.365104
-0.366723
-0.369902
-0.374296
-0.379377
-0.384597
-0.389477
-0.393667
-0.396962
-0.399227
-0.400427
-0.40056
-0.399698
-0.397951
-0.395465
-0.392504
-0.389357
-0.386395
-0.38388
-0.382009
-0.38077
-0.379937
-0.379231
-0.378308
-0.376897
-0.374841
-0.372113
-0.3688
-0.365063
-0.361194
-0.357512
-0.354338
-0.351981
-0.350637
-0.350372
-0.351096
-0.352565
-0.354509
-0.356615
-0.358638
-0.360441
-0.361955
-0.363221
-0.36436
-0.365534
-0.366885
-0.368521
-0.370462
-0.372657
-0.374977
-0.377243
-0.379305
-0.380997
-0.382194
-0.38285
-0.382915
-0.382381
-0.381306
-0.37974
-0.377774
-0.375505
-0.373067
-0.370582
-0.368165
-0.365882
-0.36379
-0.361877
-0.360101
-0.358397
-0.35674
-0.355159
-0.353763
-0.352722
-0.352245
-0.352489
-0.353527
-0.355243
-0.357381
-0.35956
-0.361359
-0.362358
-0.362219
-0.360684
-0.357605
-0.353021
-0.347275
-0.341105
-0.335647
-0.332165
-0.331615
-0.334244
-0.339508
-0.346426
-0.354047
-0.361669
-0.368927
-0.375673
-0.381861
-0.387428
-0.392343
-0.396576
-0.400104
-0.402953
-0.405154
-0.40678
-0.40792
-0.40867
-0.409141
-0.40941
-0.409539
-0.409546
-0.40941
-0.409045
-0.4083
-0.407025
-0.405093
-0.402486
-0.399376
-0.396165
-0.393448
-0.391835
-0.391738
-0.393163
-0.395701
-0.398736
-0.401628
-0.403932
-0.405459
-0.406206
-0.406294
-0.405843
-0.405011
-0.40391
-0.402616
-0.401273
-0.399997
-0.398925
-0.398225
-0.398011
-0.398387
-0.399364
-0.400908
-0.402921
-0.405279
-0.407889
-0.410679
-0.413641
-0.416756
-0.420005
-0.423332
-0.426648
-0.429838
-0.432783
-0.435369
-0.437473
-0.439016
-0.439863
-0.439871
-0.438859
-0.436579
-0.432753
-0.427206
-0.419938
-0.41137
-0.402534
-0.39495
-0.390124
-0.388785
-0.390419
-0.393617
-0.396804
-0.398976
-0.399882
-0.399871
-0.399626
-0.399785
-0.400777
-0.402774
-0.405681
-0.409253
-0.4132
-0.417218
-0.42105
-0.424529
-0.427542
-0.430032
-0.431995
-0.433449
-0.434439
-0.435008
-0.435181
-0.43498
-0.434434
-0.43355
-0.432376
-0.430953
-0.429355
-0.427659
-0.426007
-0.424483
-0.423147
-0.422046
-0.421153
-0.420419
-0.41982
-0.419364
-0.419108
-0.419179
-0.419731
-0.420906
-0.422764
-0.42529
-0.428355
-0.431728
-0.435125
-0.438211
-0.440676
-0.442229
-0.442692
-0.441963
-0.440062
-0.437171
-0.433611
-0.429825
-0.426319
-0.423496
-0.42158
-0.420537
-0.420104
-0.419956
-0.419817
-0.41956
-0.419246
-0.419066
-0.419262
-0.419982
-0.421233
-0.422835
-0.424526
-0.426022
-0.427099
-0.427655
-0.42769
-0.427284
-0.426561
-0.425651
-0.424666
-0.423656
-0.422633
-0.421568
-0.4204
-0.419054
-0.417448
-0.415537
-0.413273
-0.410618
-0.407581
-0.404159
-0.40037
-0.396227
-0.391749
-0.387025
-0.382157
-0.377315
-0.372706
-0.368563
-0.365098
-0.362432
-0.360648
-0.359742
-0.359731
-0.360613
-0.362408
-0.365143
-0.368794
-0.37328
-0.378385
-0.383855
-0.389403
-0.394724
-0.399573
-0.403796
-0.407244
-0.409885
-0.411735
-0.41282
-0.413203
-0.412952
-0.41213
-0.410821
-0.409078
-0.406981
-0.404594
-0.401992
-0.399255
-0.396474
-0.393721
-0.39108
-0.388599
-0.386269
-0.384006
-0.381562
-0.378541
-0.374347
-0.368285
-0.359831
-0.349111
-0.337612
-0.328488
-0.325471
-0.330514
-0.342275
-0.357033
-0.371189
-0.382681
-0.391055
-0.396751
-0.400579
-0.403365
-0.405823
-0.40844
-0.411428
-0.41477
-0.418256
-0.421569
-0.424387
-0.426422
-0.42748
-0.427437
-0.426272
-0.424045
-0.420902
-0.41708
-0.412848
-0.408514
-0.404365
-0.400596
-0.397277
-0.394324
-0.39157
-0.388791
-0.385841
-0.382781
-0.379958
-0.377983
-0.377588
-0.379355
-0.383478
-0.389681
-0.397277
-0.405409
-0.413331
-0.420441
-0.42638
-0.430971
-0.434171
-0.436077
-0.436871
-0.4368
-0.436168
-0.435312
-0.434511
-0.434007
-0.433911
-0.434216
-0.434814
-0.435576
-0.43638
-0.437147
-0.437872
-0.438595
-0.439341
-0.440133
-0.440912
-0.441615
-0.442066
-0.442097
-0.441528
-0.440209
-0.438044
-0.43501
-0.431187
-0.4268
-0.4222
-0.417813
-0.414121
-0.411547
-0.410303
-0.410392
-0.411544
-0.413362
-0.415402
-0.417285
-0.418752
-0.41968
-0.420028
-0.419877
-0.419344
-0.418569
-0.417725
-0.41698
-0.416478
-0.416363
-0.416735
-0.417621
-0.41902
-0.420819
-0.422888
-0.425014
-0.426996
-0.428641
-0.429788
-0.430317
-0.430168
-0.429357
-0.427941
-0.426027
-0.423773
-0.421384
-0.41914
-0.417305
-0.416147
-0.415831
-0.416289
-0.417205
-0.418002
-0.417954
-0.416314
-0.412485
-0.406205
-0.397697
-0.387902
-0.378431
-0.371207
-0.367843
-0.36896
-0.374105
-0.382028
-0.391215
-0.400249
-0.408086
-0.414103
-0.418035
-0.419839
-0.419622
-0.417551
-0.413793
-0.408561
-0.402153
-0.394985
-0.387647
-0.380842
-0.375346
-0.371813
-0.370612
-0.371662
-0.37453
-0.378514
-0.382888
-0.387037
-0.390591
-0.393375
-0.395385
-0.396732
-0.397563
-0.398023
-0.398267
-0.398372
-0.398391
-0.398359
-0.3983
-0.398191
-0.398007
-0.397724
-0.397335
-0.396808
-0.396138
-0.395329
-0.394372
-0.393276
-0.392028
-0.39063
-0.389065
-0.387323
-0.385364
-0.383134
-0.380559
-0.377554
-0.374054
-0.370026
-0.365528
-0.360688
-0.355791
-0.351263
-0.347578
-0.345181
-0.344401
-0.345276
-0.347511
-0.35052
-0.353479
-0.355459
-0.355568
-0.353168
-0.348158
-0.341337
-0.334509
-0.330061
-0.329814
-0.333865
-0.340638
-0.347896
-0.35398
-0.358239
-0.360833
-0.362313
-0.363287
-0.36415
-0.365079
-0.366069
-0.366968
-0.367669
-0.368068
-0.368115
-0.367862
-0.367365
-0.366716
-0.366023
-0.365382
-0.364879
-0.364561
-0.364447
-0.364534
-0.364789
-0.365137
-0.365491
-0.365742
-0.365783
-0.365488
-0.364739
-0.363428
-0.361477
-0.358842
-0.355605
-0.35192
-0.348133
-0.344662
-0.341988
-0.340565
-0.340664
-0.342345
-0.345434
-0.349621
-0.354529
-0.359769
-0.365
-0.369921
-0.37433
-0.378071
-0.381036
-0.383152
-0.384396
-0.384803
-0.384466
-0.383539
-0.382251
-0.380887
-0.379707
-0.378911
-0.378611
-0.378757
-0.379218
-0.37985
-0.380535
-0.381267
-0.382073
-0.383012
-0.384088
-0.385213
-0.386157
-0.386607
-0.38622
-0.384653
-0.38163
-0.377042
-0.371015
-0.36402
-0.356955
-0.351031
-0.347481
-0.347074
-0.349803
-0.354922
-0.361326
-0.367932
-0.373997
-0.379094
-0.383098
-0.386028
-0.387988
-0.389104
-0.389531
-0.389411
-0.388888
-0.388127
-0.387256
-0.38639
-0.38566
-0.385132
-0.38484
-0.384828
-0.385066
-0.385543
-0.386222
-0.387061
-0.388041
-0.389107
-0.390197
-0.391273
-0.392264
-0.393125
-0.393798
-0.394249
-0.394459
-0.394406
-0.394074
-0.393499
-0.392709
-0.391764
-0.390722
-0.389709
-0.388836
-0.388194
-0.38785
-0.387822
-0.388074
-0.388508
-0.388995
-0.389356
-0.389443
-0.389063
-0.388023
-0.38619
-0.383461
-0.379853
-0.375577
-0.371019
-0.366797
-0.3635
-0.361563
-0.361097
-0.361927
-0.363694
-0.366065
-0.368783
-0.371684
-0.374661
-0.377562
-0.380237
-0.382562
-0.384402
-0.385631
-0.386019
-0.385297
-0.38307
-0.378945
-0.372722
-0.364767
-0.356361
-0.349782
-0.347497
-0.350804
-0.358902
-0.369478
-0.38005
-0.389018
-0.395788
-0.400476
-0.403514
-0.405356
-0.406415
-0.406968
-0.40717
-0.407086
-0.406752
-0.406142
-0.405239
-0.404012
-0.402451
-0.400579
-0.398427
-0.396029
-0.393474
-0.390818
-0.388141
-0.385541
-0.38311
-0.38093
-0.379114
-0.377761
-0.377003
-0.376908
-0.377565
-0.378943
-0.380928
-0.383299
-0.385747
-0.387976
-0.389687
-0.390654
-0.390752
-0.389968
-0.388411
-0.386323
-0.383988
-0.381797
-0.380092
-0.379168
-0.379221
-0.38032
-0.382396
-0.385316
-0.388824
-0.392666
-0.396584
-0.400325
-0.403716
-0.40662
-0.408981
-0.410789
-0.412087
-0.412986
-0.413572
-0.413955
-0.414216
-0.414408
-0.414546
-0.414611
-0.414565
-0.414392
-0.414107
-0.413725
-0.413285
-0.412849
-0.41244
-0.412093
-0.41186
-0.411841
-0.412223
-0.41319
-0.414861
-0.417154
-0.419717
-0.421899
-0.42297
-0.422246
-0.419265
-0.414004
-0.406836
-0.398579
-0.390231
-0.382667
-0.376275
-0.371008
-0.366741
-0.363703
-0.362679
-0.364499
-0.36926
-0.37609
-0.383658
-0.390892
-0.397358
-0.403163
-0.408656
-0.41413
-0.419689
-0.425193
-0.430357
-0.434827
-0.438234
-0.440323
-0.440957
-0.440261
-0.43856
-0.436395
-0.434478
-0.433414
-0.433557
-0.434873
-0.436943
-0.439078
-0.440599
-0.44093
-0.43968
-0.436678
-0.432029
-0.426107
-0.419588
-0.413385
-0.408482
-0.405604
