1.36916
1.36902
1.36897
1.36895
1.36894
1.36897
1.36904
1.36915
1.36928
1.36942
1.36954
1.36961
1.36961
1.36954
1.36941
1.36927
1.36917
1.36914
1.36918
1.36927
1.36937
1.36948
1.36956
1.36959
1.36958
1.36954
1.36947
1.36937
1.36925
1.36913
1.36902
1.36894
1.3689
1.36889
1.36891
1.36895
1.369
1.36906
1.36911
1.36917
1.36924
1.36928
1.36931
1.36937
1.36941
1.36946
1.3695
1.36954
1.36956
1.36959
1.36958
1.36955
1.36949
1.36941
1.3693
1.3692
1.36911
1.36904
1.36901
1.36901
1.36907
1.36915
1.36924
1.36932
1.36939
1.36943
1.36942
1.36938
1.36933
1.36926
1.3692
1.36917
1.36916
1.36917
1.36919
1.36923
1.36927
1.36931
1.36934
1.36937
1.36939
1.3694
1.3694
1.36938
1.36936
1.36937
1.36938
1.36939
1.36942
1.36947
1.36956
1.36965
1.36977
1.36987
1.36994
1.36992
1.36979
1.36954
1.36919
1.36882
1.36853
1.36837
1.36833
1.36841
1.36854
1.3687
1.36885
1.36897
1.3691
1.36919
1.36928
1.36933
1.36938
1.36942
1.36946
1.36947
1.36948
1.36948
1.36948
1.36948
1.36948
1.36948
1.36948
1.36946
1.36944
1.36942
1.36939
1.36934
1.36931
1.36928
1.36925
1.36923
1.36921
1.36922
1.36922
1.36923
1.36924
1.36927
1.3693
1.36933
1.36938
1.36943
1.3695
1.36958
1.36965
1.36972
1.36978
1.36981
1.36981
1.36977
1.36971
1.36961
1.36949
1.36935
1.36919
1.36905
1.36893
1.36887
1.36883
1.36884
1.36888
1.36894
1.36902
1.36911
1.3692
1.3693
1.36939
1.36948
1.36955
1.36961
1.36965
1.36964
1.36961
1.36952
1.3694
1.36928
1.36918
1.3691
1.36906
1.36907
1.3691
1.36917
1.36923
1.3693
1.36935
1.3694
1.36945
1.36948
1.36952
1.36955
1.36957
1.36958
1.36959
1.36959
1.36959
1.36958
1.36956
1.36953
1.3695
1.36947
1.36942
1.36939
1.36935
1.36932
1.36929
1.36928
1.36928
1.36927
1.36927
1.36927
1.36928
1.36929
1.36929
1.3693
1.36931
1.36932
1.36933
1.36933
1.36933
1.36933
1.36933
1.36932
1.36931
1.36931
1.36931
1.36929
1.36928
1.36928
1.36927
1.36926
1.36925
1.36925
1.36924
1.36924
1.36923
1.36922
1.36923
1.36924
1.36925
1.36926
1.36926
1.36927
1.36928
1.36929
1.36931
1.36933
1.36937
1.36942
1.36949
1.36958
1.36967
1.36977
1.36985
1.36987
1.36981
1.36965
1.36944
1.36922
1.36902
1.36892
1.36891
1.36895
1.36903
1.36912
1.36919
1.36923
1.36923
1.36921
1.36917
1.36913
1.36908
1.36904
1.36902
1.36901
1.36902
1.36903
1.36905
1.36907
1.36909
1.36911
1.36912
1.36914
1.36914
1.36916
1.36916
1.36916
1.36917
1.36918
1.36919
1.36921
1.36922
1.36923
1.36925
1.36928
1.3693
1.36932
1.36936
1.36942
1.3695
1.3696
1.36972
1.36983
1.36995
1.37002
1.37004
1.36997
1.36978
1.36951
1.3692
1.36892
1.36872
1.3686
1.36855
1.36856
1.36862
1.36871
1.36881
1.36891
1.369
1.36908
1.36917
1.36924
1.36931
1.36937
1.36943
1.36949
1.36953
1.36957
1.36958
1.36957
1.36952
1.36945
1.36937
1.36929
1.36921
1.36917
1.36917
1.36919
1.36921
1.36925
1.36928
1.3693
1.36931
1.36929
1.36928
1.36924
1.36921
1.36916
1.36912
1.36909
1.36906
1.36905
1.36904
1.36904
1.36907
1.3691
1.36911
1.36913
1.36915
1.36917
1.36919
1.3692
1.36921
1.36923
1.36926
1.36929
1.36933
1.36939
1.36945
1.36951
1.36958
1.36963
1.36965
1.36966
1.36963
1.36957
1.36949
1.3694
1.36933
1.36926
1.3692
1.36914
1.36909
1.36904
1.36903
1.36905
1.36912
1.36923
1.36939
1.36959
1.3698
1.37
1.37016
1.37021
1.37012
1.36989
1.36954
1.36916
1.3688
1.36857
1.36848
1.36849
1.36855
1.36866
1.36875
1.36885
1.36895
1.36906
1.36917
1.36928
1.36939
1.36949
1.36955
1.36955
1.3695
1.36941
1.3693
1.3692
1.36913
1.3691
1.36913
1.36917
1.36923
1.3693
1.36935
1.36939
1.3694
1.36938
1.36936
1.36932
1.36928
1.36924
1.36922
1.36921
1.36922
1.36926
1.36929
1.36933
1.36936
1.3694
1.36944
1.36949
1.36953
1.36956
1.36957
1.36957
1.36953
1.36949
1.36943
1.36935
1.36927
1.36919
1.36912
1.36907
1.36904
1.36901
1.36899
1.36899
1.369
1.369
1.36901
1.36903
1.36905
1.3691
1.36915
1.3692
1.36925
1.36929
1.36932
1.36933
1.3693
1.36926
1.36921
1.36916
1.36911
1.36908
1.36906
1.36907
1.36911
1.36917
1.36926
1.36936
1.36946
1.36952
1.36954
1.3695
1.36939
1.36925
1.36909
1.36893
1.3688
1.36871
1.36867
1.36869
1.36873
1.36879
1.36889
1.36897
1.36906
1.36916
1.36927
1.36938
1.36949
1.3696
1.3697
1.36977
1.3698
1.36977
1.36967
1.36951
1.36932
1.36912
1.36895
1.36884
1.36878
1.3688
1.36888
1.369
1.36914
1.36927
1.36941
1.36952
1.36958
1.36961
1.36959
1.36953
1.36945
1.36935
1.36924
1.36915
1.36907
1.36902
1.36899
1.369
1.36902
1.36905
1.36909
1.36916
1.36921
1.36925
1.36929
1.36932
1.36934
1.36935
1.36936
1.36935
1.36934
1.36933
1.36932
1.36932
1.36932
1.36932
1.36931
1.36931
1.36931
1.36931
1.36931
1.36931
1.36932
1.36932
1.3693
1.36929
1.36928
1.36927
1.36926
1.36924
1.36923
1.36924
1.36923
1.36922
1.36922
1.36924
1.36926
1.36928
1.36929
1.36931
1.36932
1.36933
1.36934
1.36935
1.36936
1.36937
1.36938
1.3694
1.3694
1.36941
1.36943
1.36943
1.36943
1.36942
1.36942
1.36941
1.36939
1.36937
1.36934
1.36929
1.36924
1.36919
1.36914
1.3691
1.36906
1.36905
1.36903
1.36903
1.36903
1.36906
1.3691
1.36914
1.36918
1.36922
1.36927
1.36932
1.36937
1.36941
1.36944
1.36947
1.36949
1.36949
1.36948
1.36946
1.36942
1.36937
1.36931
1.36922
1.36914
1.36905
1.36898
1.36893
1.36891
1.36891
1.36892
1.36896
1.369
1.36905
1.36909
1.36913
1.36917
1.3692
1.36923
1.36924
1.36925
1.36925
1.36924
1.36923
1.36923
1.36921
1.36921
1.36921
1.36921
1.36921
1.3692
1.36921
1.3692
1.36919
1.36918
1.36918
1.36917
1.36916
1.36916
1.36917
1.3692
1.36923
1.36923
1.36925
1.36925
1.36928
1.3693
1.36933
1.36936
1.36939
1.36941
1.36942
1.36939
1.36933
1.36926
1.36916
1.36907
1.36899
1.36896
1.36895
1.36898
1.36902
1.36909
1.36917
1.36926
1.36935
1.36945
1.36955
1.36963
1.36967
1.36965
1.36956
1.36938
1.36915
1.36892
1.36873
1.36862
1.36858
1.36861
1.36866
1.36874
1.36881
1.36889
1.36896
1.36903
1.36908
1.36912
1.36916
1.3692
1.36922
1.36925
1.36927
1.36926
1.36926
1.36924
1.36921
1.36918
1.36915
1.36914
1.36912
1.36913
1.36916
1.36919
1.36926
1.36936
1.3695
1.36967
1.36988
1.37011
1.37029
1.37036
1.37023
1.36987
1.36937
1.36891
1.3686
1.36849
1.36852
1.36861
1.36873
1.36884
1.36892
1.36897
1.36897
1.36895
1.3689
1.36885
1.36881
1.3688
1.36881
1.36886
1.36893
1.36903
1.36912
1.3692
1.36926
1.36932
1.36936
1.36939
1.3694
1.36941
1.3694
1.36939
1.36937
1.36934
1.36932
1.36929
1.36925
1.36922
1.36919
1.36915
1.36912
1.36909
1.36908
1.36906
1.36905
1.36905
1.36906
1.36907
1.36909
1.36911
1.36913
1.36915
1.36918
1.36922
1.36926
1.36929
1.36932
1.36934
1.36935
1.36933
1.36931
1.36924
1.36916
1.36907
1.36897
1.36889
1.36884
1.36881
1.3688
1.36883
1.36886
1.36891
1.36897
1.36904
1.36912
1.36922
1.36934
1.36947
1.36965
1.36985
1.37009
1.37034
1.37056
1.37067
1.37058
1.37021
1.36956
1.36878
1.36814
1.3678
1.36777
1.36795
1.36821
1.36846
1.36866
1.3688
1.36885
1.36887
1.36885
1.36882
1.36877
1.36875
1.36874
1.36877
1.36882
1.36889
1.36896
1.36904
1.36911
1.36918
1.36921
1.36923
1.36921
1.36919
1.36916
1.36914
1.36913
1.36912
1.36913
1.36915
1.36917
1.36918
1.3692
1.36921
1.36922
1.36922
1.36921
1.36919
1.36916
1.36914
1.36913
1.36911
1.3691
1.3691
1.3691
1.36911
1.36913
1.36916
1.3692
1.36926
1.36931
1.36934
1.36936
1.36936
1.36933
1.36929
1.36926
1.36925
1.36926
1.36926
1.36923
1.36915
1.36898
1.36878
1.36861
1.36854
1.36855
1.36866
1.36885
1.36905
1.36926
1.36942
1.3695
1.36948
1.36931
1.36905
1.36879
1.36862
1.36858
1.36867
1.36885
1.36906
1.36926
1.36942
1.36952
1.36956
1.36956
1.36949
1.36941
1.3693
1.36923
1.36918
1.36916
1.36914
1.3691
1.36905
1.36897
1.36887
1.36879
1.36874
1.36875
1.36883
1.36896
1.36916
1.36938
1.36958
1.36968
1.36965
1.36946
1.36916
1.36885
1.36863
1.36852
1.36855
1.36867
1.36882
1.36902
1.36924
1.36948
1.36971
1.36992
1.37008
1.37017
1.37018
1.3701
1.36994
1.36972
1.36945
1.36919
1.36895
1.36877
1.36865
1.36859
1.36859
1.36862
1.36866
1.3687
1.36874
1.36878
1.36882
1.36888
1.36895
1.36903
1.36911
1.3692
1.36928
1.36932
1.36936
1.36938
1.36938
1.36934
1.3693
1.36924
1.36918
1.36913
1.36907
1.36904
1.369
1.36899
1.36898
1.36898
1.36898
1.369
1.36903
1.36906
1.36908
1.36911
1.36913
1.36916
1.36918
1.3692
1.36922
1.36924
1.36926
1.36928
1.3693
1.36932
1.36932
1.36933
1.36933
1.36934
1.36932
1.36928
1.36923
1.36918
1.36912
1.36907
1.36901
1.36899
1.36897
1.36897
1.36897
1.36899
1.36901
1.36904
1.36908
1.36913
1.36918
1.36924
1.3693
1.36935
1.36939
1.36944
1.36948
1.36951
1.36954
1.36957
1.36959
1.36958
1.36956
1.36952
1.36945
1.36935
1.36923
1.36909
1.36895
1.36882
1.36872
1.36865
1.36861
1.36861
1.36863
1.36867
1.36875
1.36882
1.36892
1.36902
1.36912
1.36922
1.36931
1.36938
1.36943
1.36947
1.36947
1.36945
1.3694
1.36933
1.36926
1.3692
1.36916
1.36914
1.36915
1.36918
1.36921
1.36925
1.36928
1.3693
1.3693
1.36927
1.36923
1.3692
1.36916
1.36913
1.36911
1.36911
1.36913
1.36914
1.36918
1.36921
1.36923
1.36926
1.36929
1.36931
1.36932
1.36932
1.36932
1.36931
1.3693
1.36928
1.36925
1.36923
1.3692
1.36917
1.36915
1.36912
1.3691
1.36909
1.36908
1.36907
1.36907
1.36908
1.36909
1.3691
1.36912
1.36913
1.36915
1.36916
1.36918
1.36919
1.36921
1.36922
1.36924
1.36926
1.36926
1.36927
1.36926
1.36926
1.36926
1.36924
1.36923
1.36921
1.36918
1.36915
1.36911
1.36907
1.36904
1.36899
1.36896
1.36891
1.36888
1.36887
1.36885
1.36884
1.36884
1.36885
1.36887
1.3689
1.36894
1.36898
1.36902
1.36908
1.36914
1.36922
1.36931
1.36941
1.36952
1.36962
1.36972
1.36983
1.36992
1.36999
1.37003
1.37004
1.37001
1.36993
1.36978
1.36956
1.3693
1.36901
1.36876
1.36856
1.36846
1.36843
1.36846
1.36853
1.36862
1.36869
1.36876
1.36883
1.3689
1.36898
1.36903
1.36904
1.36898
1.36884
1.36867
1.3685
1.36841
1.36839
1.36847
1.36861
1.36876
1.36893
1.36907
1.36921
1.36933
1.36944
1.36953
1.3696
1.36964
1.36965
1.36963
1.36958
1.36951
1.36941
1.3693
1.36916
1.36904
1.36892
1.36883
1.36877
1.36874
1.36876
1.3688
1.36888
1.36896
1.36904
1.36911
1.36917
1.36922
1.36926
1.36928
1.36928
1.36926
1.36922
1.36918
1.36914
1.3691
1.36907
1.36904
1.36903
1.36902
1.36901
1.36901
1.36901
1.36903
1.36905
1.36907
1.36909
1.36911
1.36913
1.36917
1.36919
1.36921
1.36923
1.36924
1.36925
1.36926
1.36927
1.36929
1.36931
1.36934
1.36936
1.36938
1.36941
1.36942
1.36942
1.36939
1.36936
1.36931
1.36924
1.36916
1.36909
1.36902
1.36897
1.36894
1.36893
1.36894
1.36897
1.36902
1.36909
1.36916
1.36922
1.36929
1.36935
1.36941
1.36946
1.3695
1.36954
1.36959
1.36962
1.36964
1.36966
1.36969
1.36969
1.36968
1.36967
1.36965
1.36962
1.36956
1.36948
1.36935
1.3692
1.36903
1.36889
1.36877
1.36869
1.36866
1.36865
1.36867
1.36869
1.36874
1.36879
1.36885
1.36893
1.36901
1.36909
1.36917
1.36926
1.36934
1.36942
1.36952
1.36963
1.36978
1.36995
1.37016
1.37038
1.37054
1.37056
1.37031
1.36978
1.36911
1.36852
1.3682
1.36814
1.36826
1.36847
1.36867
1.36885
1.36898
1.3691
1.36921
1.36929
1.36937
1.36945
1.36955
1.36964
1.36975
1.36984
1.3699
1.36988
1.36976
1.36954
1.36926
1.36899
1.36878
1.36868
1.36869
1.36877
1.3689
1.36902
1.36914
1.36923
1.36931
1.36937
1.3694
1.3694
1.36939
1.36936
1.36932
1.36928
1.36926
1.36927
1.36929
1.36933
1.3694
1.36948
1.36955
1.36962
1.36967
1.36968
1.36966
1.36961
1.3695
1.36938
1.36924
1.36911
1.369
1.36893
1.36889
1.36889
1.36891
1.36896
1.369
1.36905
1.36908
1.36911
1.36914
1.36917
1.36921
1.36925
1.36928
1.3693
1.3693
1.36929
1.36927
1.36924
1.36919
1.36914
1.3691
1.36909
1.3691
1.36912
1.36916
1.36921
1.36926
1.36933
1.36938
1.36942
1.36946
1.36947
1.36948
1.36946
1.36944
1.3694
1.36935
1.36931
1.36927
1.36925
1.36923
1.36922
1.36923
1.36924
1.36926
1.36929
1.36931
1.36934
1.36937
1.36939
1.3694
1.36941
1.36941
1.3694
1.36939
1.36939
1.36939
1.36942
1.36946
1.36953
1.36961
1.3697
1.36976
1.36978
1.36972
1.36955
1.36933
1.36909
1.3689
1.36879
1.36876
1.36882
1.36891
1.36901
1.3691
1.36919
1.36927
1.36935
1.36942
1.36949
1.36956
1.36962
1.36969
1.36972
1.36971
1.36967
1.36957
1.36945
1.36931
1.36916
1.36904
1.36896
1.36891
1.36892
1.36898
1.36906
1.36916
1.36925
1.36934
1.36939
1.36941
1.36938
1.36932
1.36925
1.36915
1.36907
1.369
1.36899
1.36901
1.36906
1.36914
1.36922
1.36932
1.3694
1.36948
1.36953
1.36958
1.36959
1.36958
1.36956
1.36951
1.36945
1.36938
1.36931
1.36925
1.3692
1.36917
1.36916
1.36918
1.36922
1.36925
1.3693
1.36934
1.36936
1.36939
1.36939
1.36941
1.36939
1.36936
1.36933
1.3693
1.36925
1.3692
1.36915
1.36912
1.3691
1.36909
1.3691
1.36912
1.36915
1.36919
1.36924
1.36929
1.36935
1.3694
1.36946
1.36951
1.36956
1.36961
1.36963
1.36963
1.36961
1.36955
1.36948
1.3694
1.3693
1.3692
1.36913
1.36906
1.36905
1.36905
1.3691
1.36916
1.36923
1.36929
1.36937
1.36944
1.36948
1.36951
1.36953
1.36952
1.3695
1.36948
1.36944
1.36941
1.36939
1.36937
1.36936
1.36935
1.36932
1.36929
1.36926
1.36921
1.36916
1.36911
1.36907
1.36905
1.36904
1.36904
1.36906
1.36907
1.36911
1.36915
1.36918
1.36922
1.36926
1.3693
1.36935
1.36938
1.36941
1.36944
1.36947
1.36949
1.36949
1.36948
1.36945
1.3694
1.36935
1.36929
1.36925
1.36921
1.36918
1.36918
1.36917
1.36919
1.36921
1.36923
1.36927
1.3693
1.36933
1.36937
1.36941
1.36944
1.36945
1.36945
1.36941
1.36935
1.36926
1.36916
1.36906
1.36899
1.36895
1.36896
1.36898
1.36902
1.36907
1.36911
1.36915
1.36918
1.36919
1.36918
1.36915
1.36915
1.36913
1.36914
1.36918
1.36926
1.36937
1.36952
1.36973
1.36995
1.3702
1.37044
1.37062
1.37067
1.37054
1.37024
1.36982
1.36937
1.36899
1.36874
1.3686
1.36854
1.3685
1.36848
1.36849
1.3685
1.36853
1.36858
1.36863
1.3687
1.36878
1.36887
1.36896
1.36906
1.36915
1.36925
1.36936
1.36948
1.36961
1.36975
1.36989
1.37001
1.3701
1.37009
1.36998
1.36977
1.36951
1.36925
1.36908
1.36902
1.36904
1.36914
1.36927
1.36944
1.36963
1.36984
1.37008
1.37031
1.37053
1.37065
1.3706
1.37032
1.36983
1.36924
1.36874
1.36842
1.36834
1.36843
1.36861
1.36885
1.36907
1.36927
1.36943
1.36956
1.36965
1.36969
1.36968
1.36964
1.36959
1.36951
1.36944
1.36937
1.3693
1.36926
1.36922
1.3692
1.36918
1.36918
1.36917
1.36917
1.36918
1.3692
1.36923
1.36925
1.36927
1.3693
1.36934
1.36937
1.36942
1.36945
1.36948
1.36951
1.36952
1.36952
1.36952
1.36951
1.36949
1.36947
1.36945
1.36943
1.36942
1.36941
1.36941
1.36941
1.36942
1.36944
1.36946
1.3695
1.36952
1.36954
1.36952
1.36947
1.36941
1.36933
1.36926
1.3692
1.36918
1.36917
1.36918
1.3692
1.36922
1.36923
1.36924
1.36924
1.36925
1.36927
1.36929
1.36931
1.36934
1.36938
1.36943
1.3695
1.36958
1.36967
1.36977
1.36989
1.37002
1.37016
1.37029
1.37035
1.37033
1.37016
1.36984
1.36943
1.36899
1.36863
1.36841
1.36831
1.36833
1.36843
1.36858
1.36875
1.36891
1.36905
1.36917
1.36926
1.36932
1.36937
1.36941
1.36944
1.36945
1.36945
1.36946
1.36947
1.36948
1.3695
1.36952
1.36954
1.36957
1.36961
1.36964
1.36966
1.36968
1.36969
1.36968
1.36966
1.36962
1.36956
1.36952
1.36949
1.36946
1.36943
1.36939
1.36934
1.36929
1.36923
1.36918
1.36916
1.36917
1.3692
1.36925
1.36933
1.36943
1.36954
1.36965
1.36976
1.36985
1.36991
1.36992
1.36989
1.36978
1.36962
1.36945
1.36929
1.36915
1.36907
1.36905
1.36905
1.36908
1.36914
1.3692
1.36928
1.36933
1.36939
1.36944
1.36947
1.36949
1.3695
1.36949
1.36948
1.36946
1.36944
1.36942
1.36941
1.3694
1.36938
1.36938
1.36938
1.36937
1.36937
1.36937
1.36937
1.36937
1.36936
1.36934
1.36931
1.3693
1.36928
1.36926
1.36924
1.36924
1.36925
1.36929
1.36934
1.3694
1.36948
1.36957
1.36965
1.36971
1.36976
1.36978
1.36977
1.36974
1.36969
1.36964
1.3696
1.36956
1.36954
1.3695
1.36947
1.36941
1.36936
1.3693
1.36922
1.36916
1.36909
1.36902
1.36897
1.36894
1.36894
1.36897
1.36899
1.36903
1.36907
1.36912
1.36917
1.3692
1.36925
1.36929
1.36933
1.3694
1.36947
1.36955
1.36965
1.36974
1.36982
1.36988
1.36992
1.36992
1.36988
1.36981
1.36971
1.36958
1.36943
1.36926
1.36908
1.36894
1.36885
1.36881
1.36883
1.36889
1.36897
1.36906
1.36916
1.36925
1.36933
1.3694
1.36945
1.36949
1.36951
1.36951
1.3695
1.36947
1.36943
1.36937
1.36932
1.36927
1.36923
1.36919
1.36919
1.36919
1.36921
1.36923
1.36924
1.36925
1.36925
1.36922
1.3692
1.36917
1.36914
1.36911
1.36911
1.36911
1.36912
1.36916
1.36921
1.36927
1.36935
1.36943
1.36952
1.36961
1.36969
1.36977
1.36986
1.36994
1.37002
1.3701
1.37015
1.37014
1.37009
1.36999
1.36984
1.36966
1.36944
1.36924
1.36907
1.36893
1.36881
1.36873
1.36867
1.36864
1.36863
1.36865
1.3687
1.36877
1.36885
1.36895
1.36905
1.36915
1.36926
1.36936
1.36946
1.36955
1.36962
1.36966
1.36968
1.36966
1.36962
1.36955
1.36947
1.36939
1.36933
1.36932
1.36933
1.36938
1.36949
1.36962
1.36979
1.36996
1.37009
1.37015
1.37009
1.36989
1.3696
1.3693
1.36907
1.36899
1.36902
1.36912
1.36925
1.36936
1.36942
1.36943
1.3694
1.36932
1.36925
1.36918
1.36912
1.3691
1.36907
1.36907
1.36909
1.36911
1.36916
1.36921
1.36927
1.36935
1.36942
1.36949
1.36953
1.36954
1.36949
1.36941
1.36931
1.36922
1.36915
1.36913
1.36913
1.36918
1.36924
1.36929
1.36935
1.3694
1.36942
1.36943
1.36942
1.36939
1.36935
1.3693
1.36927
1.36926
1.36925
1.36927
1.36932
1.36938
1.36947
1.36958
1.3697
1.36981
1.36987
1.36987
1.36976
1.36954
1.36925
1.36894
1.3687
1.36857
1.36855
1.3686
1.36871
1.36882
1.36893
1.36902
1.36908
1.36912
1.36914
1.36914
1.36914
1.36912
1.36911
1.36912
1.36914
1.36916
1.36919
1.36925
1.36931
1.36938
1.36945
1.36953
1.3696
1.36966
1.36968
1.36967
1.36963
1.36957
1.36952
1.36946
1.36939
1.36932
1.36922
1.3691
1.36897
1.36882
1.3687
1.36862
1.36861
1.36865
1.36872
1.36882
1.36893
1.36903
1.36915
1.36924
1.36932
1.36936
1.36937
1.36935
1.36929
1.36919
1.36908
1.36898
1.36892
1.36889
1.36889
1.36893
1.36901
1.3691
1.3692
1.36931
1.36943
1.36953
1.36964
1.36973
1.3698
1.36982
1.36981
1.36976
1.36968
1.36959
1.36948
1.36939
1.36928
1.36921
1.36916
1.36915
1.36915
1.36919
1.36927
1.36934
1.3694
1.3694
1.36933
1.3692
1.36903
1.36888
1.36877
1.36871
1.36872
1.36877
1.36886
1.36895
1.36904
1.36914
1.36922
1.36931
1.36939
1.36947
1.36955
1.36962
1.36971
1.36979
1.36985
1.36988
1.36985
1.36975
1.36961
1.36944
1.36928
1.36917
1.36913
1.36914
1.3692
1.36929
1.36938
1.36944
1.36948
1.36947
1.36943
1.36935
1.36926
1.36916
1.36908
1.36901
1.36897
1.36894
1.36894
1.36896
1.36897
1.36899
1.36902
1.36904
1.36907
1.36909
1.3691
1.36913
1.36916
1.36919
1.36922
1.36928
1.36934
1.36942
1.3695
1.36959
1.36966
1.3697
1.36968
1.3696
1.36947
1.3693
1.36913
1.36901
1.36894
1.36892
1.36892
1.36895
1.36898
1.36899
1.36901
1.36903
1.36906
1.3691
1.36915
1.36922
1.3693
1.36939
1.36949
1.3696
1.3697
1.3698
1.36989
1.36993
1.36991
1.36976
1.36944
1.36897
1.36847
1.36808
1.3679
1.36793
1.36813
1.3684
1.36867
1.36893
1.36916
1.36936
1.36954
1.36969
1.36984
1.36997
1.3701
1.3702
1.37026
1.37026
1.37017
1.36999
1.36973
1.36942
1.36908
1.36879
1.3686
1.36853
1.36856
1.36864
1.36875
1.36886
1.36893
1.36895
1.36893
1.36891
1.36887
1.36885
1.36884
1.36885
1.36889
1.36896
1.36904
1.36912
1.36921
1.3693
1.36938
1.36948
1.36957
1.36965
1.36972
1.36977
1.3698
1.3698
1.36978
1.36972
1.36965
1.36957
1.36952
1.36949
1.36947
1.36944
1.36939
1.36928
1.36916
1.36903
1.3689
1.36881
1.36878
1.3688
1.36886
1.36892
1.369
1.36908
1.36914
1.3692
1.36925
1.3693
1.36934
1.36939
1.36944
1.36949
1.36956
1.36963
1.36971
1.36977
1.36983
1.36986
1.36986
1.36982
1.36975
1.36962
1.3695
1.36936
1.36925
1.36915
1.36908
1.36903
1.36899
1.36896
1.36895
1.36895
1.36895
1.36896
1.36897
1.36898
1.36902
1.36906
1.36911
1.36917
1.36925
1.36933
1.36942
1.36949
1.36957
1.36961
1.3696
1.36954
1.36944
1.36932
1.3692
1.36912
1.36908
1.36909
1.36912
1.36916
1.36922
1.36929
1.36937
1.36945
1.36953
1.36959
1.36962
1.36959
1.36948
1.36931
1.3691
1.3689
1.36875
1.36865
1.3686
1.3686
1.36863
1.36869
1.36876
1.36883
1.36891
1.369
1.36907
1.36914
1.3692
1.36925
1.36929
1.36933
1.36935
1.36937
1.36939
1.3694
1.36941
1.36941
1.36943
1.36944
1.36946
1.36947
1.36947
1.36944
1.36937
1.36928
1.36916
1.36904
1.36894
1.36888
1.36888
1.36893
1.36903
1.36915
1.36927
1.36938
1.36948
1.36955
1.36958
1.36958
1.36956
1.36952
1.36946
1.36943
1.36942
1.36946
1.36954
1.36965
1.36979
1.36988
1.3699
1.36979
1.36952
1.36914
1.36877
1.36846
1.36829
1.36824
1.36831
1.36845
1.36862
1.3688
1.36898
1.36913
1.36926
1.36937
1.36945
1.36953
1.36957
1.36959
1.3696
1.36957
1.36954
1.36949
1.36943
1.36937
1.36931
1.36925
1.36921
1.36917
1.36916
1.36915
1.36916
1.36917
1.36919
1.3692
1.36923
1.36924
1.36925
1.36927
1.36927
1.36927
1.36927
1.36928
1.36928
1.36927
1.36927
1.36926
1.36925
1.36924
1.36925
1.36925
1.36926
1.36927
1.36928
1.36927
1.36927
1.36927
1.36928
1.36928
1.3693
1.36932
1.36935
1.36938
1.36944
1.36951
1.36958
1.36965
1.36972
1.36976
1.36974
1.36966
1.36954
1.36937
1.3692
1.36907
1.36899
1.36897
1.36901
1.3691
1.36927
1.36948
1.3697
1.36992
1.37005
1.37002
1.36979
1.36942
1.36901
1.36871
1.3686
1.36865
1.36879
1.36897
1.36914
1.36926
1.36935
1.36938
1.36935
1.3693
1.36923
1.36915
1.36909
1.36907
1.36907
1.36908
1.36911
1.36915
1.36919
1.36922
1.36926
1.36928
1.36928
1.36929
1.36928
1.36926
1.36923
1.36919
1.36914
1.36909
1.36904
1.36901
1.36898
1.36897
1.36898
1.369
1.36904
1.36909
1.36914
1.36919
1.36923
1.36927
1.36931
1.36934
1.36937
1.36938
1.3694
1.36939
1.36938
1.36937
1.36935
1.36932
1.36928
1.36923
1.36916
1.3691
1.36905
1.36901
1.36899
1.36897
1.36899
1.36901
1.36905
1.36909
1.36913
1.36917
1.36921
1.36924
1.36926
1.36927
1.36928
1.36929
1.36929
1.36931
1.36931
1.36932
1.36932
1.36933
1.36933
1.36934
1.36935
1.36938
1.36941
1.36945
1.36948
1.36951
1.36952
1.36947
1.36938
1.36926
1.36912
1.36898
1.36889
1.36881
1.36877
1.36873
1.36872
1.36871
1.36873
1.36876
1.36882
1.36889
1.36898
1.36907
1.36915
1.36924
1.36933
1.36941
1.36948
1.36954
1.36959
1.36964
1.36967
1.36969
1.36967
1.36965
1.36959
1.36952
1.36942
1.3693
1.36918
1.36908
1.36901
1.36896
1.36896
1.369
1.36905
1.36912
1.36919
1.36925
1.36931
1.36933
1.36935
1.36937
1.36939
1.36942
1.36946
1.36949
1.36947
1.36941
1.36927
1.36912
1.369
1.36896
1.36902
1.36921
1.36948
1.36978
1.37001
1.37011
1.36997
1.36961
1.36914
1.36876
1.36855
1.36853
1.36864
1.36879
1.36893
1.36905
1.36916
1.36926
1.36935
1.36945
1.36955
1.36965
1.36971
1.36973
1.36969
1.3696
1.36947
1.36934
1.36927
1.3693
1.36942
1.36962
1.36984
1.37002
1.37008
1.36996
1.36967
1.36923
1.36876
1.36839
1.3682
1.36818
1.36829
1.36847
1.36867
1.36885
1.369
1.36911
1.3692
1.36927
1.36931
1.36934
1.36937
1.36938
1.36939
1.3694
1.36941
1.36941
1.3694
1.3694
1.36938
1.36937
1.36937
1.36936
1.36936
1.36935
1.36935
1.36937
1.36938
1.3694
1.36942
1.36944
1.36945
1.36945
1.36945
1.36943
1.36939
1.36934
1.3693
1.36928
1.36929
1.36934
1.36942
1.36953
1.36965
1.36976
1.36984
1.36985
1.36982
1.36971
1.36957
1.36941
1.36927
1.36917
1.36908
1.36901
1.36896
1.36893
1.36891
1.36891
1.36893
1.36896
1.36899
1.36901
1.36903
1.36902
1.36899
1.36896
1.36895
1.36896
1.36898
1.36903
1.36909
1.36916
1.36923
1.36929
1.36936
1.36942
1.36948
1.36953
1.36959
1.36966
1.36972
1.36979
1.36983
1.36988
1.3699
1.3699
1.36987
1.36981
1.36972
1.36961
1.36947
1.36932
1.36917
1.36904
1.36894
1.36887
1.36885
1.36888
1.36895
1.36908
1.36924
1.36943
1.36961
1.36975
1.36982
1.36976
1.36957
1.36932
1.36905
1.36883
1.36869
1.36863
1.36864
1.36868
1.36877
1.36889
1.36901
1.36914
1.36926
1.36939
1.36952
1.36964
1.36975
1.36982
1.36986
1.36984
1.36976
1.36963
1.36948
1.3693
1.36914
1.369
1.36891
1.36886
1.36886
1.36891
1.36897
1.36905
1.36914
1.36925
1.36937
1.36951
1.36964
1.36975
1.36981
1.36982
1.36973
1.36956
1.36936
1.36918
1.36908
1.36906
1.36911
1.36921
1.36931
1.3694
1.36947
1.36951
1.36951
1.36949
1.36944
1.3694
1.36935
1.36929
1.36926
1.36921
1.36917
1.36912
1.36905
1.369
1.36894
1.3689
1.36887
1.36885
1.36886
1.36889
1.36892
1.36896
1.369
1.36904
1.36909
1.36913
1.36917
1.36921
1.36926
1.3693
1.36935
1.36939
1.36944
1.36949
1.36955
1.36961
1.36966
1.36971
1.36974
1.36977
1.36978
1.36976
1.36971
1.36961
1.36949
1.36936
1.36924
1.36916
1.36915
1.36921
1.36934
1.36952
1.36972
1.36988
1.36995
1.36993
1.36979
1.36961
1.36943
1.36932
1.36926
1.36923
1.36919
1.36912
1.36899
1.3688
1.36862
1.36851
1.36848
1.36853
1.36863
1.36877
1.3689
1.36901
1.3691
1.3692
1.36927
1.36932
1.36936
1.3694
1.36943
1.36948
1.36953
1.36958
1.36964
1.36973
1.36983
1.36993
1.37004
1.37013
1.37017
1.37014
1.37001
1.36982
1.36958
1.36936
1.36919
1.36908
1.369
1.36896
1.36894
1.36894
1.36896
1.369
1.36906
1.36913
1.36921
1.36928
1.36935
1.36943
1.3695
1.36955
1.3696
1.36963
1.36965
1.36965
1.36962
1.36956
1.36947
1.36936
1.36924
1.36915
1.3691
1.3691
1.36914
1.36922
1.36933
1.36944
1.36956
1.36966
1.36974
1.36981
1.36985
1.36984
1.36979
1.36966
1.36949
1.36929
1.36911
1.369
1.36898
1.36903
1.36914
1.36929
1.36944
1.36958
1.36971
1.36985
1.37005
1.37028
1.37052
1.37064
1.3705
1.37001
1.36925
1.36852
1.36808
1.36801
1.36817
1.36844
1.3687
1.36891
1.36908
1.36921
1.3693
1.36937
1.36943
1.36948
1.36951
1.36954
1.36955
1.36955
1.36953
1.36949
1.36943
1.36938
1.36934
1.3693
1.36929
1.3693
1.36933
1.36939
1.36946
1.36955
1.36966
1.36979
1.36993
1.37007
1.37023
1.37039
1.37053
1.37066
1.37073
1.37073
1.37064
1.37045
1.37017
1.36979
1.36939
1.36899
1.36865
1.3684
1.36826
1.36824
1.36831
1.36843
1.36858
1.36873
1.36887
1.36898
1.3691
1.36919
1.36928
1.36936
1.36945
1.36955
1.36966
1.3698
1.36996
1.37014
1.37031
1.37045
1.3705
1.37041
1.37018
1.36987
1.36958
1.36941
1.36935
1.36933
1.36928
1.36918
1.36904
1.36892
1.36885
1.36886
1.36893
1.36904
1.36915
1.36926
1.36936
1.36945
1.36952
1.36961
1.36968
1.36975
1.36982
1.36989
1.36992
1.36992
1.36985
1.36971
1.36953
1.36935
1.36919
1.36908
1.36903
1.36903
1.36906
1.3691
1.36915
1.36919
1.36922
1.36924
1.36925
1.36926
1.36928
1.36931
1.36934
1.36939
1.36945
1.36953
1.36962
1.36971
1.36981
1.3699
1.36998
1.37003
1.37004
1.36998
1.36985
1.36966
1.36941
1.36915
1.36894
1.36881
1.36874
1.36875
1.36879
1.36885
1.3689
1.36894
1.36897
1.36899
1.36901
1.36903
1.36908
1.36911
1.36916
1.36921
1.36925
1.3693
1.36935
1.36939
1.36943
1.36945
1.36948
1.36951
1.36954
1.36956
1.36958
1.3696
1.36962
1.36964
1.36964
1.36965
1.36963
1.36959
1.36954
1.36948
1.36941
1.36934
1.36926
1.36921
1.36916
1.36912
1.36909
1.36908
1.3691
1.36915
1.36921
1.36928
1.36936
1.36945
1.36949
1.36951
1.36946
1.36937
1.36924
1.36912
1.36903
1.36899
1.36901
1.36907
1.36914
1.36923
1.36931
1.36938
1.36942
1.36944
1.36945
1.36943
1.36939
1.36934
1.36928
1.36919
1.36911
1.36905
1.369
1.36898
1.36899
1.369
1.36903
1.36907
1.36912
1.36917
1.36921
1.36925
1.3693
1.36934
1.36937
1.36942
1.36945
1.36949
1.36951
1.36954
1.36955
1.36955
1.36953
1.36947
1.36937
1.36926
1.36915
1.36906
1.36897
1.36892
1.3689
1.36891
1.36894
1.36899
1.36904
1.3691
1.36915
1.3692
1.36923
1.36926
1.36928
1.3693
1.36932
1.36932
1.36932
1.36932
1.36931
1.3693
1.36928
1.36927
1.36925
1.36924
1.36922
1.36922
1.36921
1.36921
1.36922
1.36924
1.36928
1.36936
1.36946
1.3696
1.36978
1.37
1.37025
1.37049
1.37067
1.37074
1.37062
1.37032
1.36984
1.3693
1.36882
1.36849
1.36832
1.36831
1.36836
1.36848
1.3686
1.36872
1.36884
1.36895
1.36905
1.36915
1.36924
1.36932
1.36938
1.36942
1.36944
1.36946
1.36945
1.36942
1.36939
1.36934
1.36929
1.36923
1.36918
1.36914
1.3691
1.3691
1.36912
1.36915
1.36919
1.36924
1.36929
1.36934
1.36939
1.36943
1.36947
1.36952
1.36956
1.36961
1.36965
1.36969
1.3697
1.3697
1.36965
1.36957
1.36946
1.36934
1.36924
1.36916
1.36909
1.36905
1.36902
1.36898
1.36896
1.36893
1.36891
1.36891
1.36892
1.36895
1.36899
1.36904
1.36907
1.36911
1.36915
1.36919
1.36922
1.36926
1.36928
1.36931
1.36933
1.36936
1.36938
1.3694
1.36943
1.36944
1.36945
1.36946
1.36945
1.36943
1.3694
1.36938
1.36935
1.36934
1.36934
1.36936
1.36939
1.36943
1.36946
1.36947
1.36945
1.36941
1.36932
1.36921
1.3691
1.36903
1.36899
1.36897
1.36897
1.369
1.36904
1.36909
1.36912
1.36916
1.3692
1.36922
1.36927
1.36931
1.36935
1.36939
1.36942
1.36942
1.3694
1.36935
1.36927
1.36917
1.36908
1.36901
1.36897
1.36898
1.36901
1.36911
1.36924
1.36941
1.36959
1.36977
1.36992
1.37006
1.37015
1.37018
1.37014
1.37005
1.36988
1.36965
1.36938
1.36907
1.36877
1.36851
1.36833
1.36827
1.36831
1.36844
1.36859
1.36876
1.36892
1.36905
1.36917
1.36927
1.36933
1.3694
1.36944
1.36948
1.36951
1.36952
1.36953
1.36951
1.36948
1.36942
1.36936
1.3693
1.36924
1.36918
1.36915
1.36915
1.36915
1.36917
1.36919
1.36921
1.36923
1.36924
1.36924
1.36924
1.36924
1.36924
1.36923
1.36922
1.36921
1.36919
1.36917
1.36916
1.36915
1.36915
1.36916
1.36917
1.36919
1.36921
1.36924
1.36926
1.36929
1.36933
1.36937
1.3694
1.36942
1.36943
1.36943
1.36943
1.36942
1.36939
1.36934
1.36931
1.36929
1.36927
1.36925
1.36925
1.36926
1.36928
1.36929
1.3693
1.36932
1.36933
1.36936
1.36938
1.36941
1.36941
1.36943
1.36944
1.36943
1.36941
1.36938
1.36933
1.36926
1.36918
1.3691
1.36903
1.36899
1.36896
1.36898
1.36901
1.36905
1.36909
1.36913
1.36916
1.36917
1.36917
1.36916
1.36916
1.36917
1.3692
1.36925
1.36932
1.36941
1.36948
1.36951
1.3695
1.36946
1.36937
1.36928
1.36921
1.36916
1.36917
1.3692
1.36926
1.36931
1.36938
1.36943
1.36948
1.36953
1.36956
1.3696
1.36964
1.36968
1.36972
1.36975
1.36977
1.36977
1.36974
1.36967
1.36958
1.36947
1.36937
1.3693
1.36924
1.36921
1.36918
1.36915
1.36912
1.36909
1.36906
1.36905
1.36905
1.36907
1.3691
1.36914
1.36918
1.36922
1.36926
1.3693
1.36934
1.36938
1.36943
1.36947
1.3695
1.36953
1.36957
1.3696
1.36962
1.36963
1.3696
1.36955
1.36948
1.36941
1.36935
1.36932
1.3693
1.36929
1.36928
1.36926
1.36923
1.3692
1.36917
1.36914
1.36912
1.3691
1.3691
1.3691
1.3691
1.36912
1.36913
1.36916
1.36918
1.36921
1.36926
1.3693
1.36936
1.36941
1.36945
1.36947
1.36949
1.36948
1.36947
1.36943
1.36942
1.3694
1.36941
1.36942
1.36946
1.3695
1.36953
1.36957
1.3696
1.36962
1.3696
1.36957
1.3695
1.36941
1.36929
1.36916
1.36904
1.36895
1.3689
1.36891
1.36895
1.36904
1.36915
1.36928
1.3694
1.36952
1.36964
1.36973
1.36977
1.36979
1.36978
1.36974
1.36966
1.36957
1.36948
1.36939
1.36931
1.36925
1.36921
1.36918
1.36918
1.36919
1.36922
1.36926
1.36932
1.3694
1.3695
1.36961
1.36971
1.3698
1.36987
1.36989
1.36983
1.36972
1.36958
1.36946
1.36939
1.3694
1.36948
1.3696
1.3697
1.36978
1.3698
1.36978
1.36972
1.36964
1.36955
1.36948
1.36941
1.36934
1.36926
1.36918
1.36909
1.36901
1.36894
1.36891
1.3689
1.36893
1.36898
1.36904
1.36911
1.36919
1.36929
1.36939
1.36949
1.3696
1.36969
1.36978
1.36983
1.36982
1.36977
1.3697
1.36963
1.36957
1.36952
1.36944
1.36932
1.36915
1.36898
1.36883
1.36875
1.36878
1.36889
1.36906
1.36926
1.36947
1.3697
1.3699
1.37008
1.37019
1.37021
1.37012
1.36998
1.3698
1.36966
1.36956
1.3695
1.36946
1.36942
1.36939
1.36937
1.36934
1.3693
1.36923
1.36912
1.36903
1.36896
1.36893
1.36897
1.36902
1.3691
1.36916
1.3692
1.3692
1.36917
1.36913
1.36909
1.36905
1.36904
1.36904
1.36904
1.36906
1.36909
1.36913
1.36917
1.36921
1.36926
1.36931
1.36937
1.36941
1.36944
1.36945
1.36944
1.36941
1.36937
1.36933
1.36929
1.36928
1.36926
1.36926
1.36927
1.36927
1.36927
1.36926
1.36924
1.36924
1.36923
1.36926
1.36929
1.36936
1.36944
1.36955
1.36966
1.3698
1.36995
1.37005
1.37005
1.36991
1.36963
1.36926
1.36889
1.36859
1.36836
1.36821
1.36815
1.36819
1.3683
1.36846
1.36862
1.3688
1.36897
1.36913
1.36928
1.36941
1.36953
1.36962
1.36969
1.36971
1.3697
1.36963
1.36953
1.36939
1.36923
1.36907
1.36893
1.36881
1.36874
1.3687
1.3687
1.36873
1.36876
1.3688
1.36884
1.3689
1.36895
1.36903
1.36911
1.36923
1.36938
1.36956
1.36979
1.37001
1.37019
1.3703
1.37029
1.37018
1.37004
1.36994
1.36985
1.36968
1.36937
1.36894
1.36853
1.36829
1.36829
1.36844
1.36866
1.36887
1.36906
1.36919
1.36931
1.3694
1.36946
1.36949
1.3695
1.36951
1.36951
1.36951
1.36952
1.36954
1.36957
1.36961
1.36966
1.36973
1.36979
1.36982
1.36983
1.36981
1.36974
1.36965
1.36954
1.36944
1.36937
1.36935
1.36935
1.36939
1.36946
1.36954
1.36962
1.36969
1.36974
1.36975
1.36971
1.36964
1.36953
1.36943
1.36936
1.36932
1.3693
1.36931
1.36931
1.36932
1.3693
1.36927
1.36922
1.36914
1.36908
1.36903
1.36899
1.36897
1.36897
1.369
1.36903
1.36907
1.36911
1.36915
1.36918
1.36921
1.36924
1.36926
1.36926
1.36928
1.36932
1.36936
1.36942
1.36951
1.36964
1.36981
1.36999
1.3702
1.3704
1.37055
1.37061
1.37053
1.37026
1.36981
1.36927
1.36871
1.36829
1.36807
1.36806
1.36821
1.36844
1.36867
1.36887
1.36905
1.36916
1.36922
1.36924
1.36923
1.36919
1.36915
1.36909
1.36906
1.36904
1.36904
1.36908
1.36912
1.36917
1.36923
1.36931
1.36937
1.36943
1.36948
1.36953
1.36956
1.36956
1.36953
1.36947
1.36937
1.36929
1.36922
1.36917
1.36916
1.36918
1.36923
1.36929
1.36933
1.36937
1.3694
1.36939
1.36935
1.36932
1.36928
1.36925
1.36924
1.36925
1.36928
1.36934
1.36942
1.36954
1.36967
1.36979
1.36989
1.36991
1.36984
1.36965
1.36938
1.36911
1.3689
1.36881
1.36884
1.36893
1.36907
1.36922
1.36935
1.36948
1.36957
1.36963
1.36963
1.36958
1.3695
1.36941
1.36934
1.36929
1.36929
1.36932
1.36936
1.36941
1.36946
1.36947
1.36945
1.36938
1.3693
1.36921
1.36915
1.3691
1.36911
1.36914
1.36921
1.36925
1.36931
1.36935
1.36937
1.36939
1.36938
1.36938
1.36934
1.36931
1.36928
1.36926
1.36923
1.36922
1.3692
1.36919
1.36918
1.36919
1.36921
1.36924
1.36927
1.36933
1.36938
1.36944
1.36951
1.36955
1.3696
1.36963
1.36964
1.36961
1.36955
1.36946
1.36935
1.36924
1.36913
1.36905
1.369
1.36898
1.369
1.36903
1.36908
1.36915
1.36921
1.36924
1.36927
1.36927
1.36927
1.36925
1.36922
1.36918
1.36916
1.36913
1.36912
1.36912
1.36913
1.36915
1.36919
1.36924
1.36928
1.36932
1.36936
1.36938
1.36938
1.36937
1.36933
1.36928
1.3692
1.36914
1.36908
1.36904
1.36902
1.36904
1.36907
1.36913
1.36919
1.36926
1.36935
1.36944
1.36954
1.36966
1.36978
1.3699
1.37
1.37008
1.3701
1.37009
1.37001
1.36984
1.36961
1.36931
1.36901
1.36876
1.3686
1.36851
1.36847
1.36849
1.36856
1.36866
1.36875
1.36885
1.36894
1.369
1.36903
1.36901
1.36897
1.36891
1.36888
1.36888
1.36892
1.36899
1.36908
1.36919
1.36929
1.36938
1.36947
1.36956
1.36962
1.36967
1.3697
1.36973
1.36972
1.3697
1.36968
1.36964
1.36959
1.36954
1.3695
1.36946
1.36941
1.36938
1.36935
1.36934
1.36933
1.36932
1.36933
1.36934
1.36936
1.36938
1.36941
1.36942
1.36945
1.36948
1.36953
1.36958
1.36963
1.36968
1.36972
1.36971
1.36966
1.36956
1.36942
1.36926
1.3691
1.36896
1.36887
1.36882
1.36881
1.36884
1.36891
1.36901
1.36914
1.36929
1.36945
1.36961
1.36978
1.36995
1.37011
1.37027
1.37041
1.37051
1.37053
1.37045
1.37019
1.36974
1.36918
1.36864
1.36828
1.36815
1.36821
1.36837
1.36858
1.36878
1.36895
1.36908
1.36921
1.3693
1.36938
1.36945
1.36951
1.36956
1.3696
1.36963
1.36967
1.36972
1.36976
1.36982
1.36989
1.36993
1.36993
1.36985
1.3697
1.36947
1.36922
1.36899
1.36885
1.36882
1.3689
1.36905
1.36924
1.36944
1.36961
1.36976
1.36986
1.36988
1.36988
1.36983
1.36975
1.36971
1.36968
1.36963
1.36953
1.36937
1.36915
1.36894
1.36881
1.36879
1.36888
1.36902
1.3692
1.36938
1.36956
1.3697
1.36983
1.36993
1.37
1.37003
1.37
1.36992
1.36978
1.36961
1.36941
1.36919
1.36901
1.36887
1.3688
1.36877
1.36881
1.36888
1.36899
1.36911
1.36924
1.36937
1.36948
1.3696
1.3697
1.36978
1.36984
1.36985
1.36984
1.36979
1.3697
1.36958
1.36948
1.36941
1.36939
1.36942
1.36947
1.36954
1.36959
1.36963
1.36964
1.36963
1.36959
1.36954
1.36947
1.3694
1.36934
1.36926
1.36919
1.36911
1.36905
1.36901
1.36901
1.36905
1.36915
1.36929
1.36945
1.36961
1.36974
1.36985
1.36992
1.36993
1.36989
1.36981
1.36971
1.36961
1.3695
1.36942
1.36933
1.36925
1.36916
1.36905
1.36895
1.36884
1.36874
1.36867
1.36864
1.36863
1.36867
1.36873
1.3688
1.36889
1.36902
1.36915
1.36928
1.36944
1.36959
1.36975
1.36988
1.36997
1.37002
1.36998
1.36986
1.36969
1.36948
1.36929
1.36914
1.36904
1.36901
1.36904
1.36909
1.36917
1.36928
1.36938
1.36945
1.3695
1.36951
1.36949
1.36943
1.36937
1.36932
1.36931
1.36933
1.36937
1.36943
1.36949
1.36952
1.36949
1.36943
1.36934
1.36927
1.36922
1.36919
1.3692
1.36919
1.36918
1.36914
1.36909
1.36903
1.36901
1.36904
1.36911
1.3692
1.36931
1.36943
1.36954
1.36966
1.36976
1.36985
1.36991
1.36995
1.36992
1.36981
1.36962
1.36934
1.36902
1.36873
1.36855
1.36851
1.3686
1.36877
1.369
1.36924
1.36946
1.36965
1.36979
1.36986
1.36989
1.36983
1.36971
1.36956
1.36939
1.36923
1.36911
1.36901
1.36896
1.36894
1.36893
1.36893
1.36893
1.36893
1.36893
1.36893
1.36893
1.36895
1.36898
1.36903
1.3691
1.36918
1.36927
1.36937
1.36946
1.36955
1.3696
1.36964
1.36966
1.36965
1.36962
1.36959
1.36956
1.36954
1.36956
1.36958
1.3696
1.36961
1.36959
1.36955
1.36948
1.36942
1.36938
1.36937
1.36935
1.36933
1.3693
1.36924
1.36919
1.36914
1.36911
1.36912
1.36916
1.36923
1.3693
1.36938
1.36944
1.36949
1.3695
1.36948
1.36944
1.36936
1.36929
1.36922
1.36916
1.36913
1.36912
1.36915
1.3692
1.36926
1.36932
1.36937
1.36942
1.36945
1.36946
1.36943
1.36937
1.3693
1.36924
1.36918
1.36915
1.36913
1.36914
1.36917
1.36921
1.36928
1.36936
1.36945
1.36958
1.36977
1.37001
1.37035
1.37075
1.37114
1.37133
1.37105
1.37026
1.36929
1.36866
1.3685
1.36853
1.3684
1.36808
1.36778
1.36771
1.36787
1.36819
1.36854
1.36884
1.36908
1.36925
1.36937
1.36945
1.36949
1.36953
1.36957
1.3696
1.36964
1.36967
1.36972
1.36977
1.36981
1.36986
1.36992
1.36997
1.37005
1.37012
1.3702
1.37025
1.37025
1.37021
1.37012
1.36996
1.36976
1.36952
1.36929
1.36906
1.36887
1.36875
1.3687
1.36869
1.36876
1.36885
1.36896
1.36909
1.36919
1.3693
1.36938
1.36946
1.36951
1.36952
1.36953
1.36955
1.36954
1.36955
1.36955
1.36956
1.36956
1.36958
1.3696
1.36963
1.36965
1.36966
1.36967
1.36969
1.36969
1.3697
1.36968
1.36967
1.36965
1.36963
1.36963
1.3696
1.36956
1.36952
1.36945
1.36937
1.36929
1.36922
1.36917
1.36916
1.36917
1.3692
1.36924
1.36928
1.36933
1.36938
1.36942
1.36946
1.3695
1.36954
1.36957
1.36958
1.3696
1.3696
1.36959
1.36958
1.36956
1.36953
1.36951
1.3695
1.3695
1.3695
1.36951
1.36951
1.3695
1.36949
1.36945
1.36941
1.36937
1.36932
1.36927
1.36921
1.36914
1.36906
1.36896
1.36888
1.36881
1.36877
1.36877
1.3688
1.36885
1.36891
1.36897
1.36902
1.36907
1.3691
1.36912
1.36915
1.36917
1.36918
1.36919
1.3692
1.3692
1.3692
1.36921
1.36921
1.36921
1.36923
1.36925
1.36928
1.36933
1.36938
1.36944
1.36952
1.36961
1.3697
1.36978
1.36985
1.36988
1.36988
1.36982
1.36971
1.36956
1.36937
1.36915
1.36895
1.36877
1.36865
1.36856
1.36853
1.36853
1.36857
1.36863
1.3687
1.36878
1.36887
1.36897
1.36907
1.36917
1.36924
1.36929
1.3693
1.36927
1.3692
1.36913
1.36907
1.36904
1.36904
1.3691
1.36919
1.36929
1.36937
1.36945
1.36949
1.3695
1.36947
1.36941
1.36931
1.3692
1.36911
1.36907
1.36905
1.3691
1.36918
1.36927
1.36934
1.36937
1.36937
1.36932
1.36924
1.36915
1.36905
1.36897
1.36893
1.36891
1.36892
1.36894
1.36897
1.36902
1.36909
1.36922
1.36943
1.36971
1.37005
1.37033
1.37042
1.37018
1.36961
1.36888
1.36829
1.36801
1.36805
1.36827
1.36856
1.36886
1.36914
1.36937
1.36959
1.36977
1.36993
1.37004
1.37009
1.37008
1.36998
1.3698
1.36958
1.36936
1.36916
1.36899
1.36886
1.3688
1.36879
1.36881
1.36885
1.36892
1.36898
1.36905
1.3691
1.36917
1.36921
1.36925
1.36929
1.36932
1.36935
1.36938
1.36939
1.3694
1.36941
1.36942
1.36942
1.36942
1.36942
1.36942
1.36941
1.3694
1.3694
1.36938
1.36936
1.36933
1.36931
1.36928
1.36925
1.36923
1.36921
1.3692
1.36918
1.36917
1.36916
1.36915
1.36914
1.36914
1.36913
1.36913
1.36913
1.36914
1.36915
1.36916
1.36919
1.36923
1.36926
1.36929
1.36929
1.36928
1.36924
1.36917
1.36909
1.369
1.36891
1.36885
1.36882
1.36881
1.36884
1.36889
1.36896
1.36904
1.36914
1.36924
1.36935
1.36946
1.36957
1.36964
1.36968
1.36967
1.36962
1.36953
1.36942
1.36931
1.3692
1.36911
1.36907
1.36906
1.36905
1.36903
1.36898
1.36893
1.36885
1.3688
1.36878
1.3688
1.36885
1.36892
1.36902
1.36911
1.36919
1.36929
1.36935
1.3694
1.36943
1.36943
1.36943
1.3694
1.36936
1.36931
1.36925
1.36919
1.36913
1.36908
1.36903
1.369
1.36899
1.36899
1.36901
1.36904
1.36908
1.36912
1.36916
1.36921
1.36925
1.36929
1.36933
1.36937
1.36939
1.36942
1.36944
1.36945
1.36946
1.36946
1.36946
1.36945
1.36943
1.3694
1.36938
1.36933
1.3693
1.36926
1.36923
1.3692
1.36919
1.36917
1.36916
1.36916
1.36916
1.36917
1.36918
1.36917
1.36917
1.36918
1.36918
1.36919
1.36922
1.36925
1.36929
1.36935
1.3694
1.36946
1.36951
1.36953
1.36955
1.36954
1.3695
1.36946
1.36942
1.36937
1.36933
1.36932
1.36936
1.36941
1.36951
1.36963
1.36977
1.36991
1.37
1.36999
1.36987
1.36964
1.3694
1.36921
1.36911
1.36908
1.36909
1.36908
1.369
1.36888
1.36875
1.36865
1.36861
1.36862
1.36868
1.36878
1.36889
1.36899
1.36909
1.36918
1.36925
1.36931
1.36936
1.36939
1.36941
1.36942
1.36944
1.36945
1.36946
1.36946
1.36948
1.36949
1.3695
1.36952
1.36954
1.36958
1.36962
1.36967
1.36972
1.36976
1.36979
1.36981
1.3698
1.36976
1.3697
1.36963
1.36956
1.36949
1.36944
1.3694
1.36939
1.36937
1.36936
1.36935
1.36934
1.36932
1.36928
1.36922
1.36916
1.36908
1.36901
1.36894
1.36889
1.36888
1.36891
1.36896
1.36905
1.36915
1.36925
1.36934
1.36942
1.36945
1.36943
1.36937
1.36926
1.36913
1.36902
1.36893
1.36888
1.36889
1.36891
1.36895
1.36902
1.36909
1.36918
1.36926
1.36934
1.36941
1.36949
1.36956
1.36963
1.36968
1.36972
1.36974
1.36975
1.36971
1.36963
1.36951
1.36938
1.36924
1.36913
1.36906
1.36906
1.36909
1.36915
1.36922
1.36927
1.36928
1.36926
1.3692
1.36913
1.36907
1.36903
1.36901
1.36902
1.36907
1.36913
1.36921
1.36928
1.36936
1.36943
1.36949
1.3695
1.36947
1.36942
1.36933
1.36924
1.36918
1.36915
1.36917
1.36921
1.36926
1.36932
1.36936
1.36939
1.36938
1.36935
1.36929
1.36923
1.36916
1.36911
1.36908
1.36909
1.36911
1.36916
1.36922
1.3693
1.36937
1.36943
1.36947
1.3695
1.3695
1.36946
1.3694
1.36932
1.36923
1.36915
1.36909
1.36905
1.36904
1.36904
1.36907
1.3691
1.36913
1.36916
1.36919
1.3692
1.3692
1.36921
1.3692
1.3692
1.36919
1.3692
1.36921
1.36924
1.36929
1.36934
1.3694
1.36947
1.36955
1.36962
1.36969
1.36975
1.36979
1.36978
1.3697
1.36957
1.36938
1.36917
1.36893
1.36873
1.36856
1.36846
1.36843
1.36846
1.36851
1.36858
1.36866
1.36873
1.36881
1.36888
1.36894
1.36899
1.36903
1.36905
1.36907
1.3691
1.36911
1.36912
1.36913
1.36914
1.36915
1.36914
1.36912
1.3691
1.36908
1.36906
1.36905
1.36906
1.36909
1.36915
1.36923
1.36934
1.36946
1.36959
1.36972
1.36988
1.37003
1.37019
1.37032
1.37037
1.37028
1.37001
1.36959
1.36911
1.3687
1.36846
1.36838
1.36841
1.3685
1.36857
1.36864
1.36868
1.36869
1.36869
1.36868
1.36867
1.3687
1.36873
1.36878
1.36884
1.36888
1.36891
1.36893
1.36894
1.36895
1.36898
1.36904
1.36911
1.36919
1.36927
1.36935
1.36944
1.36951
1.36956
1.36961
1.36964
1.36965
1.36962
1.36954
1.36942
1.36925
1.36904
1.36885
1.36873
1.36866
1.36864
1.36866
1.36869
1.36872
1.36876
1.36879
1.36884
1.36889
1.36896
1.36903
1.36913
1.36925
1.36941
1.36961
1.36986
1.37015
1.37047
1.37079
1.37096
1.37085
1.37033
1.36949
1.36856
1.36788
1.36758
1.36759
1.36777
1.36803
1.36827
1.36849
1.36868
1.36884
1.36897
1.36907
1.36916
1.36922
1.36928
1.36933
1.36937
1.36939
1.36942
1.36943
1.36942
1.36941
1.3694
1.36938
1.36934
1.3693
1.36926
1.36921
1.36918
1.36916
1.36915
1.36914
1.36915
1.36916
1.36915
1.36914
1.36913
1.36911
1.3691
1.36907
1.36907
1.36907
1.36907
1.36909
1.36911
1.36914
1.36916
1.36919
1.36923
1.36927
1.36932
1.36937
1.36943
1.36949
1.36953
1.36957
1.36959
1.36958
1.36954
1.36946
1.36937
1.36928
1.3692
1.36916
1.36914
1.36916
1.36921
1.36926
1.3693
1.36933
1.36934
1.3693
1.36922
1.36912
1.36902
1.36891
1.36882
1.36875
1.36871
1.3687
1.36871
1.36873
1.36877
1.36882
1.36888
1.36896
1.36903
1.36911
1.3692
1.36929
1.36937
1.36944
1.36951
1.36957
1.36959
1.36959
1.36955
1.3695
1.3694
1.36931
1.36922
1.36913
1.36905
1.36899
1.36896
1.36896
1.36898
1.36904
1.36911
1.36915
1.36916
1.36912
1.36904
1.36891
1.36878
1.36866
1.36855
1.36849
1.36847
1.36849
1.36854
1.36863
1.36873
1.36884
1.36896
1.36907
1.3692
1.36933
1.36944
1.36954
1.36957
1.36953
1.3694
1.3692
1.36897
1.36878
1.36869
1.3687
1.3688
1.36893
1.36907
1.36921
1.36932
1.36941
1.36947
1.36951
1.36956
1.36964
1.36971
1.36979
1.36983
1.36981
1.36968
1.36947
1.36923
1.36907
1.36905
1.36918
1.36938
1.36955
1.36961
1.36947
1.36916
1.36874
1.36835
1.36809
1.36798
1.36803
1.36814
1.36828
1.36846
1.36862
1.36877
1.36889
1.369
1.36911
1.36919
1.36926
1.36932
1.36937
1.36941
1.36944
1.36946
1.36947
1.36947
1.36946
1.36945
1.36944
1.36942
1.3694
1.36937
1.36936
1.36933
1.36931
1.3693
1.36929
1.36929
1.36927
1.36927
1.36927
1.36927
1.36927
1.36928
1.36928
1.36929
1.36928
1.36927
1.36926
1.36925
1.36923
1.3692
1.36918
1.36917
1.36917
1.36921
1.36924
1.36931
1.36939
1.36947
1.36955
1.36959
1.36958
1.3695
1.36935
1.36914
1.36894
1.36878
1.36871
1.3687
1.36875
1.36883
1.36893
1.36903
1.36912
1.36919
1.36926
1.36932
1.36937
1.36942
1.36945
1.36948
1.36948
1.36945
1.36941
1.36936
1.36928
1.36921
1.36913
1.36905
1.36897
1.36892
1.36889
1.36887
1.36887
1.36887
1.36891
1.36895
1.36901
1.36906
1.36911
1.36915
1.36919
1.3692
1.36921
1.36919
1.36917
1.36913
1.3691
1.36908
1.36906
1.36905
1.36903
1.36903
1.36903
1.36902
1.36903
1.36902
1.36902
1.36902
1.36904
1.36907
1.36911
1.36917
1.36923
1.36929
1.36934
1.36933
1.3693
1.36924
1.36915
1.36906
1.36898
1.36894
1.36891
1.36892
1.36894
1.36898
1.36901
1.36906
1.36912
1.36919
1.36929
1.36938
1.36949
1.3696
1.36968
1.36974
1.36976
1.36974
1.36966
1.36955
1.36943
1.36932
1.36919
1.36905
1.36888
1.3687
1.36853
1.36838
1.36832
1.36833
1.36843
1.36856
1.36874
1.36891
1.36904
1.36914
1.3692
1.36923
1.36923
1.36922
1.36923
1.36925
1.36929
1.36933
1.36937
1.36941
1.36945
1.36949
1.36953
1.36958
1.36962
1.36968
1.36972
1.36976
1.36974
1.36967
1.36953
1.36934
1.36911
1.36891
1.36875
1.36866
1.36865
1.3687
1.36879
1.36889
1.36899
1.36907
1.36911
1.36913
1.36911
1.36909
1.36907
1.36903
1.36901
1.369
1.36901
1.36904
1.36909
1.36915
1.36921
1.36928
1.36936
1.36944
1.36954
1.36966
1.3698
1.36994
1.37007
1.37011
1.37003
1.36979
1.36943
1.36905
1.36875
1.36862
1.36862
1.36871
1.36884
1.36894
1.36901
1.36905
1.36906
1.36907
1.36907
1.36908
1.3691
1.36914
1.3692
1.36929
1.36939
1.36951
1.36961
1.3697
1.36975
1.36974
1.36968
1.36958
1.36943
1.3693
1.36919
1.36911
1.36906
1.36902
1.36898
1.36897
1.36896
1.36896
1.36896
1.36898
1.36902
1.36908
1.36917
1.36928
1.36939
1.36949
1.36957
1.36963
1.36967
1.3697
1.36972
1.36975
1.36976
1.36975
1.36969
1.36957
1.3694
1.36916
1.36888
1.3686
1.36839
1.36835
1.36848
1.36876
1.36914
1.36955
1.36989
1.37006
1.37
1.36971
1.36928
1.36888
1.36859
1.36844
1.3684
1.36839
1.36842
1.36847
1.36855
1.36868
1.36884
1.36902
1.36921
1.36941
1.36959
1.36972
1.36978
1.36974
1.36962
1.36948
1.36937
1.36934
1.36942
1.36957
1.36975
1.3699
1.36998
1.36995
1.36983
1.36964
1.36942
1.36919
1.36897
1.36878
1.36864
1.36855
1.3685
1.36852
1.36858
1.36866
1.36875
1.36886
1.36895
1.36903
1.36911
1.36918
1.36923
1.36927
1.36929
1.3693
1.36932
1.36933
1.36932
1.36931
1.36931
1.3693
1.36928
1.36928
1.36927
1.36926
1.36924
1.36923
1.3692
1.36917
1.36915
1.36913
1.3691
1.36908
1.36907
1.36908
1.36909
1.36911
1.36914
1.36917
1.36921
1.36926
1.36933
1.36939
1.36947
1.36954
1.36963
1.36972
1.36979
1.36984
1.36985
1.36981
1.36971
1.36954
1.36934
1.36913
1.36892
1.36877
1.36868
1.36864
1.36866
1.36872
1.36881
1.36891
1.36902
1.36913
1.36922
1.3693
1.36936
1.3694
1.36944
1.36948
1.36952
1.36956
1.36958
1.36956
1.36949
1.36938
1.36924
1.36911
1.36902
1.36899
1.36901
1.36904
1.3691
1.36914
1.36918
1.36921
1.36922
1.36923
1.36922
1.36921
1.36921
1.3692
1.36919
1.36919
1.36918
1.36917
1.36916
1.36915
1.36916
1.36914
1.36912
1.36912
1.3691
1.3691
1.36908
1.36907
1.36906
1.36905
1.36905
1.36904
1.36903
1.36903
1.36904
1.36903
1.36904
1.36905
1.36907
1.3691
1.36914
1.3692
1.36926
1.36935
1.36945
1.36956
1.36969
1.36979
1.36986
1.36983
1.36972
1.36953
1.36932
1.36913
1.36898
1.36889
1.36882
1.36878
1.36874
1.36872
1.36874
1.36879
1.36886
1.3689
1.36894
1.36897
1.36897
1.36896
1.36896
1.36898
1.36899
1.369
1.36901
1.36905
1.3691
1.36916
1.36921
1.36927
1.3693
1.3693
1.36923
1.36914
1.36904
1.36895
1.3689
1.36891
1.36898
1.36909
1.36923
1.36936
1.36948
1.36955
1.36957
1.36955
1.3695
1.36942
1.36934
1.36928
1.36926
1.36926
1.36929
1.36934
1.3694
1.36943
1.36943
1.36938
1.3693
1.3692
1.36912
1.36904
1.369
1.36897
1.36895
1.36894
1.36895
1.36895
1.36896
1.36898
1.36902
1.36906
1.3691
1.36915
1.3692
1.36924
1.36927
1.3693
1.36932
1.36935
1.36937
1.36939
1.3694
1.36941
1.36942
1.36942
1.36943
1.36944
1.36944
1.36944
1.36942
1.36941
1.36939
1.36937
1.36935
1.36931
1.36929
1.36926
1.36923
1.3692
1.36917
1.36915
1.36913
1.36911
1.3691
1.3691
1.3691
1.36911
1.36913
1.36916
1.3692
1.36925
1.36931
1.36938
1.36946
1.36952
1.36957
1.36958
1.36956
1.36947
1.36934
1.36918
1.36902
1.36891
1.36882
1.36878
1.36878
1.36879
1.36881
1.36883
1.36885
1.36886
1.36887
1.36888
1.3689
1.36892
1.36896
1.369
1.36907
1.36915
1.36923
1.3693
1.36936
1.36938
1.36937
1.36932
1.36924
1.36914
1.36906
1.36902
1.369
1.36904
1.36909
1.36915
1.36921
1.36923
1.36924
1.36922
1.36917
1.36912
1.36907
1.36902
1.36897
1.36895
1.36893
1.36893
1.36894
1.36895
1.36896
1.36897
1.369
1.36903
1.36905
1.36907
1.36909
1.3691
1.3691
1.3691
1.36908
1.36908
1.36909
1.36909
1.36911
1.36915
1.3692
1.36925
1.36931
1.36938
1.36945
1.36951
1.36956
1.36958
1.36958
1.36954
1.36946
1.36935
1.36923
1.36908
1.36893
1.36877
1.36864
1.36854
1.36848
1.36849
1.36854
1.36862
1.36871
1.36882
1.36892
1.36901
1.36912
1.36923
1.36935
1.36947
1.3696
1.36976
1.36991
1.37005
1.37019
1.3703
1.37035
1.37032
1.37021
1.37002
1.36979
1.36955
1.36934
1.36918
1.36908
1.36905
1.36909
1.36915
1.36919
1.36913
1.36895
1.36868
1.3684
1.36822
1.36817
1.36825
1.36838
1.36855
1.36871
1.36885
1.36896
1.36905
1.3691
1.36917
1.36922
1.36925
1.36929
1.36932
1.36933
1.36935
1.36938
1.36941
1.36945
1.36947
1.36951
1.36955
1.36959
1.36962
1.36964
1.36966
1.36966
1.36964
1.36958
1.36948
1.36934
1.36915
1.36897
1.3688
1.3687
1.36868
1.36872
1.36879
1.36889
1.36898
1.36908
1.36918
1.36926
1.36932
1.36938
1.36942
1.36944
1.36944
1.36943
1.36939
1.36935
1.36929
1.36923
1.36918
1.36912
1.36907
1.36904
1.369
1.36896
1.36894
1.36893
1.36892
1.36892
1.36893
1.36894
1.36897
1.369
1.36904
1.36908
1.36912
1.36915
1.36918
1.36921
1.36922
1.36922
1.3692
1.36914
1.36905
1.36897
1.36889
1.36884
1.36883
1.36884
1.36888
1.36894
1.36901
1.36907
1.36913
1.36919
1.36924
1.36928
1.36932
1.36937
1.36945
1.36955
1.36969
1.36989
1.37012
1.37036
1.37053
1.37053
1.37026
1.36972
1.3691
1.36862
1.36841
1.36843
1.36859
1.36877
1.36893
1.36902
1.3691
1.36913
1.36915
1.36915
1.36917
1.36919
1.36921
1.36925
1.3693
1.36935
1.36941
1.36948
1.36956
1.36965
1.36971
1.36975
1.36976
1.36974
1.36968
1.36958
1.36945
1.36932
1.36919
1.36908
1.369
1.36894
1.36891
1.3689
1.3689
1.36891
1.36894
1.36897
1.36902
1.36905
1.36909
1.36914
1.36917
1.36921
1.36925
1.36928
1.3693
1.36933
1.36934
1.36937
1.36938
1.36939
1.3694
1.3694
1.36941
1.36941
1.36939
1.36937
1.36935
1.36932
1.3693
1.36928
1.36926
1.36924
1.36921
1.36919
1.36918
1.36917
1.36915
1.36915
1.36915
1.36916
1.36918
1.36922
1.36927
1.36932
1.36939
1.36946
1.36951
1.36955
1.36958
1.3696
1.36961
1.36962
1.36966
1.3697
1.36977
1.36984
1.36988
1.36991
1.36989
1.36983
1.36972
1.36957
1.36938
1.36919
1.36902
1.36887
1.36877
1.36869
1.36866
1.36866
1.36868
1.36873
1.3688
1.3689
1.369
1.3691
1.36919
1.36926
1.36931
1.36934
1.36936
1.36936
1.36935
1.36934
1.36933
1.36933
1.36935
1.36938
1.3694
1.36942
1.36943
1.36942
1.36942
1.36941
1.3694
1.36939
1.36938
1.36941
1.36947
1.36955
1.36964
1.36975
1.36984
1.36989
1.36989
1.3698
1.36963
1.3694
1.36918
1.36903
1.36894
1.36891
1.36894
1.36898
1.36903
1.36907
1.3691
1.36912
1.36915
1.36918
1.36921
1.36924
1.36926
1.36928
1.3693
1.36932
1.36934
1.36935
1.36936
1.36936
1.36934
1.36933
1.36932
1.36932
1.36931
1.36931
1.36932
1.36933
1.36934
1.36935
1.36938
1.36941
1.36945
1.36949
1.36951
1.36955
1.36958
1.36961
1.36963
1.36963
1.36962
1.36961
1.36958
1.36956
1.36953
1.36948
1.36941
1.36933
1.36924
1.36917
1.36911
1.36908
1.36909
1.36913
1.3692
1.36927
1.36935
1.36941
1.36946
1.36949
1.36951
1.36947
1.36937
1.36922
1.36902
1.36884
1.36868
1.36859
1.36857
1.36863
1.36874
1.36886
1.36898
1.36909
1.36919
1.36926
1.36932
1.36937
1.36942
1.36944
1.36947
1.36951
1.36955
1.3696
1.36966
1.36973
1.36978
1.36982
1.36981
1.36976
1.36966
1.36952
1.36935
1.36917
1.36903
1.36893
1.36887
1.36884
1.36888
1.36893
1.36902
1.36912
1.36924
1.36937
1.3695
1.36964
1.36977
1.36986
1.36992
1.36993
1.36988
1.36979
1.36966
1.36952
1.3694
1.3693
1.36923
1.36919
1.36917
1.36919
1.36923
1.3693
1.36938
1.36945
1.36953
1.36961
1.36964
1.36964
1.3696
1.36954
1.36944
1.36935
1.36927
1.36921
1.36918
1.36916
1.36914
1.36914
1.36916
1.36919
1.36923
1.36928
1.36931
1.36932
1.36931
1.36928
1.36923
1.36919
1.36917
1.36918
1.36925
1.36937
1.36955
1.3698
1.37014
1.37056
1.37101
1.37134
1.37123
1.3705
1.36933
1.36828
1.36779
1.36788
1.36829
1.36874
1.36911
1.36936
1.3695
1.36955
1.36952
1.36943
1.36932
1.36922
1.36913
1.36905
1.36901
1.369
1.36902
1.36907
1.36915
1.36924
1.36932
1.36937
1.36935
1.36928
1.36917
1.36905
1.36898
1.36894
1.36897
1.36902
1.36912
1.36921
1.3693
1.36938
1.36943
1.36949
1.36953
1.36956
1.36958
1.36961
1.36963
1.36965
1.36966
1.36968
1.36969
1.3697
1.36972
1.36973
1.36976
1.36978
1.3698
1.36983
1.36983
1.36983
1.36979
1.36971
1.3696
1.36944
1.36926
1.36905
1.36884
1.36866
1.36854
1.3685
1.36852
1.36861
1.36873
1.36888
1.36902
1.36914
1.36923
1.36932
1.36938
1.36942
1.36944
1.36947
1.3695
1.36952
1.36954
1.36957
1.36961
1.36966
1.3697
1.36973
1.36975
1.36977
1.36977
1.36975
1.36972
1.36968
1.36963
1.36955
1.36946
1.36939
1.36932
1.36926
1.36921
1.36916
1.36912
1.36908
1.36906
1.36905
1.36905
1.36906
1.36908
1.3691
1.36915
1.36919
1.36923
1.36929
1.36935
1.36942
1.36946
1.36951
1.36955
1.36956
1.36956
1.36954
1.36951
1.36947
1.36943
1.36939
1.36935
1.36933
1.36932
1.36934
1.36937
1.36941
1.36945
1.36946
1.36945
1.36939
1.3693
1.3692
1.36914
1.3691
1.36913
1.3692
1.36929
1.36942
1.36954
1.36966
1.36977
1.36985
1.36989
1.36992
1.36992
1.3699
1.36987
1.36982
1.36979
1.36977
1.36979
1.36983
1.36987
1.36989
1.36986
1.36971
1.36945
1.36909
1.36874
1.3685
1.36842
1.3685
1.36869
1.36892
1.3692
1.36946
1.36972
1.36997
1.37022
1.37043
1.3705
1.37038
1.37003
1.36952
1.36901
1.36866
1.36853
1.36859
1.36876
1.369
1.36926
1.36947
1.36965
1.36976
1.36982
1.36982
1.36978
1.36974
1.36971
1.36971
1.36975
1.36979
1.36985
1.36993
1.37004
1.37018
1.37034
1.37048
1.37052
1.3704
1.37006
1.36959
1.36912
1.36881
1.36868
1.36868
1.36875
1.36884
1.36895
1.36905
1.36915
1.36924
1.36932
1.36938
1.36943
1.36945
1.36946
1.36946
1.36945
1.36944
1.36944
1.36943
1.36943
1.36943
1.36943
1.36942
1.36942
1.36941
1.36941
1.36941
1.36941
1.36941
1.36941
1.36942
1.36944
1.36945
1.36947
1.36949
1.36952
1.36955
1.36958
1.3696
1.3696
1.3696
1.36957
1.36952
1.36945
1.36937
1.36928
1.3692
1.36914
1.3691
1.36909
1.36912
1.36917
1.36925
1.36936
1.36948
1.36959
1.36968
1.36973
1.36974
1.3697
1.36961
1.36947
1.36931
1.36917
1.36903
1.36895
1.36895
1.36899
1.36908
1.36918
1.36927
1.36932
1.36934
1.36934
1.36933
1.36931
1.36932
1.36933
1.36935
1.36937
1.36939
1.3694
1.3694
1.36939
1.36936
1.36931
1.36926
1.3692
1.36916
1.36914
1.36913
1.36914
1.36915
1.36918
1.36921
1.36925
1.36927
1.3693
1.36934
1.36937
1.36942
1.36945
1.3695
1.36953
1.36957
1.36959
1.3696
1.3696
1.36957
1.36951
1.36944
1.36935
1.36927
1.36919
1.36913
1.3691
1.36909
1.3691
1.36913
1.36914
1.36917
1.36919
1.36922
1.36924
1.36925
1.36928
1.36929
1.36932
1.36935
1.36938
1.36944
1.36949
1.36954
1.36962
1.36969
1.36975
1.36978
1.36976
1.36968
1.36956
1.36942
1.36926
1.36914
1.36906
1.36902
1.36901
1.36901
1.36903
1.36908
1.36913
1.36917
1.36923
1.36929
1.36935
1.36942
1.36948
1.36953
1.36957
1.36958
1.36956
1.36952
1.36946
1.36938
1.3693
1.36923
1.36919
1.36917
1.36918
1.36919
1.36923
1.36926
1.36929
1.36931
1.36932
1.36935
1.36938
1.36944
1.36949
1.36955
1.36962
1.36965
1.36967
1.36967
1.36964
1.36963
1.36964
1.36966
1.36971
1.36973
1.36971
1.36961
1.36944
1.36924
1.36903
1.36887
1.36876
1.36873
1.36874
1.36879
1.36886
1.36892
1.369
1.36908
1.36916
1.36925
1.36933
1.36942
1.36949
1.36955
1.36959
1.36963
1.36964
1.36963
1.3696
1.36958
1.36954
1.3695
1.36947
1.36945
1.36943
1.36941
1.36937
1.36934
1.36929
1.36926
1.36924
1.36924
1.36926
1.36928
1.36931
1.36932
1.36932
1.36931
1.36928
1.36925
1.36923
1.36924
1.36927
1.36932
1.36939
1.36946
1.36954
1.3696
1.36963
1.36964
1.36963
1.36959
1.36953
1.36945
1.36935
1.36927
1.3692
1.36916
1.36912
1.36912
1.36914
1.36917
1.36923
1.36929
1.36936
1.36941
1.36944
1.36944
1.3694
1.36933
1.36924
1.36915
1.36907
1.36902
1.36902
1.36903
1.36906
1.3691
1.36916
1.3692
1.36925
1.36928
1.36931
1.36933
1.36934
1.36935
1.36937
1.36938
1.36938
1.36939
1.36938
1.36936
1.36936
1.36935
1.36933
1.36932
1.3693
1.36928
1.36927
1.36927
1.36927
1.36929
1.3693
1.36932
1.36934
1.36938
1.36941
1.36943
1.36943
1.36942
1.36939
1.36934
1.36927
1.36922
1.36919
1.36917
1.36914
1.36914
1.36914
1.36915
1.36915
1.36917
1.36918
1.36921
1.36925
1.36928
1.36931
1.36934
1.36937
1.36937
1.36937
1.36934
1.36928
1.36923
1.36917
1.36911
1.36907
1.36906
1.36907
1.3691
1.36915
1.3692
1.36925
1.3693
1.36934
1.36938
1.3694
1.36943
1.36945
1.36945
1.36945
1.36945
1.36945
1.36944
1.36943
1.36943
1.36943
1.36941
1.36939
1.36937
1.36934
1.36933
1.36932
1.36932
1.36934
1.36936
1.3694
1.36946
1.36954
1.36964
1.36974
1.36985
1.36995
1.37
1.36995
1.36978
1.3695
1.36917
1.36886
1.36867
1.36861
1.36864
1.36873
1.36885
1.36896
1.36906
1.36912
1.36915
1.36915
1.36914
1.36912
1.36911
1.36912
1.36914
1.36919
1.36927
1.36934
1.36942
1.36947
1.36951
1.36949
1.36946
1.36938
1.36927
1.36915
1.36903
1.36895
1.36888
1.36887
1.36891
1.36898
1.36907
1.36918
1.36931
1.36942
1.36953
1.36963
1.36968
1.36972
1.36973
1.36971
1.36967
1.36961
1.36956
1.36954
1.36958
1.36965
1.36973
1.36977
1.36974
1.36958
1.36932
1.36902
1.36875
1.36859
1.36853
1.36854
1.3686
1.36866
1.36871
1.36877
1.36882
1.36889
1.36897
1.36906
1.36916
1.36927
1.36937
1.36946
1.36955
1.36962
1.36967
1.3697
1.3697
1.36967
1.36962
1.36955
1.36948
1.3694
1.36936
1.36931
1.36928
1.36927
1.36927
1.36928
1.3693
1.36934
1.36938
1.3694
1.36942
1.36944
1.36943
1.36941
1.3694
1.3694
1.3694
1.36941
1.36943
1.36947
1.36953
1.36959
1.36967
1.36974
1.36981
1.36984
1.36984
1.36978
1.36969
1.36956
1.36943
1.36931
1.36923
1.36916
1.36911
1.36906
1.36903
1.369
1.36896
1.36894
1.36893
1.36893
1.36894
1.36895
1.36898
1.36901
1.36903
1.36906
1.36909
1.36911
1.36914
1.36917
1.3692
1.36924
1.36928
1.36933
1.36939
1.36946
1.36955
1.36963
1.36972
1.36981
1.36989
1.36997
1.37001
1.37003
1.37002
1.36996
1.36986
1.36974
1.36957
1.36939
1.36918
1.36899
1.36881
1.36867
1.36858
1.36857
1.36862
1.36876
1.36896
1.36921
1.3695
1.36983
1.37018
1.37051
1.37081
1.37102
1.37108
1.37093
1.37051
1.36984
1.36898
1.36808
1.3674
1.36708
1.36712
1.3674
1.36778
1.36817
1.36852
1.36881
1.36906
1.36925
1.3694
1.36949
1.36953
1.36953
1.36948
1.3694
1.3693
1.3692
1.36912
1.36907
1.36906
1.36906
1.36909
1.36914
1.36918
1.36921
1.36925
1.36928
1.3693
1.36933
1.36935
1.36938
1.36941
1.36944
1.36949
1.36955
1.36963
1.3697
1.36979
1.36985
1.36988
1.36987
1.36977
1.3696
1.36935
1.36905
1.36875
1.36848
1.36832
1.36826
1.36829
1.36839
1.36853
1.36868
1.36882
1.36897
1.3691
1.3692
1.36928
1.36934
1.36937
1.36938
1.36936
1.36933
1.3693
1.36929
1.36932
1.36938
1.36948
1.36961
1.36976
1.36991
1.37003
1.37009
1.37007
1.36992
1.36968
1.3694
1.36913
1.36894
1.36884
1.3688
1.36881
1.36883
1.36883
1.36882
1.36879
1.36877
1.36874
1.36874
1.36876
1.36878
1.36881
1.36886
1.3689
1.36894
1.36898
1.36904
1.36908
1.36911
1.36916
1.3692
1.36926
1.3693
1.36934
1.36937
1.36938
1.36938
1.36938
1.36938
1.36938
1.36938
1.36939
1.3694
1.36942
1.36944
1.36947
1.36951
1.36956
1.3696
1.36963
1.36964
1.36962
1.36957
1.36948
1.36937
1.36925
1.36916
1.36911
1.36913
1.36923
1.36932
1.36937
1.36929
1.36905
1.36872
1.36842
1.36828
1.36831
1.36848
1.36871
1.36894
1.36913
1.36925
1.36932
1.36933
1.36928
1.36923
1.36917
1.36911
1.36909
1.3691
1.36913
1.36919
1.36926
1.36932
1.36937
1.36939
1.36939
1.36936
1.36929
1.36921
1.36912
1.36904
1.36897
1.36894
1.36894
1.36896
1.36899
1.36905
1.36911
1.36916
1.3692
1.36924
1.36926
1.36927
1.36927
1.36925
1.36923
1.36919
1.36916
1.36913
1.36911
1.3691
1.36911
1.36913
1.36915
1.36917
1.36921
1.36924
1.36926
1.36925
1.36922
1.36916
1.36907
1.369
1.36895
1.36893
1.36894
1.36896
1.36897
1.36898
1.369
1.36907
1.36922
1.36947
1.36982
1.37024
1.37065
1.37088
1.37071
1.37007
1.36911
1.36819
1.36766
1.36757
1.36779
1.36816
1.36854
1.36888
1.36914
1.3693
1.36939
1.3694
1.36935
1.36925
1.36914
1.36903
1.36894
1.3689
1.36887
1.36887
1.36889
1.36892
1.36895
1.369
1.36905
1.36913
1.36921
1.36931
1.36941
1.3695
1.36959
1.36965
1.36967
1.36963
1.36955
1.36942
1.36927
1.36913
1.36904
1.36899
1.369
1.36903
1.36906
1.3691
1.36912
1.36912
1.36911
1.36909
1.36908
1.36908
1.36908
1.36909
1.36912
1.36916
1.36918
1.3692
1.36922
1.36924
1.36925
1.36925
1.36925
1.36924
1.36922
1.36919
1.36912
1.36905
1.36899
1.36892
1.36887
1.36884
1.36884
1.36886
1.36891
1.36897
1.36905
1.36913
1.36922
1.36931
1.36939
1.36948
1.36954
1.36958
1.36958
1.36956
1.36949
1.36938
1.36926
1.36912
1.36901
1.36894
1.36889
1.36888
1.36891
1.36898
1.36906
1.36916
1.36927
1.36938
1.36947
1.36955
1.3696
1.3696
1.36958
1.36952
1.36943
1.3693
1.36918
1.36907
1.36899
1.36894
1.36893
1.36894
1.36896
1.36901
1.36907
1.36914
1.36921
1.36928
1.36934
1.36938
1.36942
1.36945
1.36947
1.36947
1.36946
1.36944
1.36941
1.36937
1.36933
1.36929
1.36925
1.36921
1.36919
1.36917
1.36915
1.36914
1.36914
1.36914
1.36915
1.36916
1.36917
1.36918
1.36919
1.36919
1.36917
1.36914
1.36911
1.36909
1.36907
1.36905
1.36904
1.36903
1.36903
1.36906
1.3691
1.36915
1.36923
1.3693
1.36939
1.36949
1.36959
1.3697
1.36982
1.36995
1.37005
1.3701
1.37005
1.36986
1.36952
1.36907
1.36863
1.36831
1.36814
1.36814
1.36824
1.3684
1.36857
1.36872
1.36885
1.36895
1.36903
1.3691
1.36918
1.36926
1.36934
1.36942
1.3695
1.36959
1.36966
1.3697
1.36969
1.36961
1.36948
1.36928
1.36906
1.36885
1.36867
1.36857
1.36853
1.36856
1.3686
1.36867
1.36874
1.36881
1.36888
1.36894
1.36899
1.36904
1.36908
1.36913
1.36917
1.36923
1.36928
1.36933
1.36937
1.36941
1.36942
1.36941
1.36937
1.36929
1.36918
1.36907
1.36897
1.3689
1.3689
1.36893
1.36904
1.36919
1.36935
1.36948
1.36951
1.36938
1.36916
1.36891
1.36874
1.36868
1.36872
1.36882
1.36889
1.36892
1.36892
1.36887
1.36881
1.36876
1.36872
1.36871
1.36873
1.36877
1.36883
1.3689
1.36898
1.36907
1.36915
1.36925
1.36934
1.36942
1.36951
1.3696
1.36968
1.36975
1.3698
1.3698
1.36975
1.36963
1.36943
1.36918
1.36893
1.3687
1.36853
1.36845
1.36845
1.36851
1.36862
1.36874
1.36888
1.36903
1.36917
1.3693
1.36939
1.36947
1.36952
1.36951
1.36948
1.36942
1.36936
1.36931
1.36926
1.36924
1.36922
1.36922
1.36923
1.36924
1.36924
1.36925
1.36925
1.36924
1.36924
1.36925
1.36926
1.36928
1.36928
1.36928
1.36928
1.36927
1.36926
1.36926
1.36927
1.36928
1.36929
1.36929
1.36927
1.36923
1.3692
1.36914
1.36908
1.36903
1.369
1.36899
1.36903
1.36907
1.36912
1.36917
1.36923
1.36927
1.36928
1.36928
1.36925
1.3692
1.36916
1.36913
1.36911
1.36909
1.36909
1.36911
1.36913
1.36915
1.36918
1.3692
1.36923
1.36926
1.3693
1.36934
1.36938
1.36943
1.36946
1.36948
1.36947
1.36943
1.36935
1.36924
1.36912
1.369
1.36889
1.3688
1.36874
1.36871
1.36872
1.36875
1.36879
1.36885
1.36891
1.36898
1.36905
1.36915
1.36925
1.36936
1.36946
1.36955
1.36961
1.36965
1.36961
1.36953
1.36942
1.3693
1.36921
1.36915
1.3691
1.36906
1.36903
1.369
1.36896
1.36892
1.36888
1.36883
1.36881
1.36882
1.36885
1.36891
1.36898
1.36905
1.36912
1.36916
1.36921
1.36923
1.36925
1.36926
1.36925
1.36924
1.36922
1.36918
1.36913
1.36905
1.36895
1.36885
1.36876
1.36869
1.36865
1.36862
1.36862
1.36864
1.36869
1.36876
1.36884
1.36893
1.36903
1.36916
1.3693
1.36947
1.36964
1.36983
1.36999
1.37011
1.37015
1.37009
1.36991
1.36967
1.36941
1.36919
1.36902
1.36891
1.36884
1.36879
1.36877
1.36876
1.36878
1.36881
1.36887
1.36894
1.36903
1.36914
1.36924
1.3693
1.36931
1.36925
1.36915
1.36908
1.36906
1.36911
1.36919
1.36928
1.36934
1.36932
1.36923
1.36911
1.36896
1.36884
1.36875
1.36868
1.36864
1.36864
1.36867
1.36871
1.36877
1.36884
1.36893
1.36904
1.36914
1.36925
1.36934
1.36943
1.36948
1.36949
1.36945
1.36939
1.36929
1.36918
1.3691
1.36904
1.36902
1.36902
1.36903
1.36907
1.3691
1.36914
1.36917
1.36922
1.36927
1.36932
1.36939
1.36945
1.36953
1.36958
1.36962
1.36964
1.3696
1.36953
1.36943
1.3693
1.3692
1.36911
1.36905
1.36902
1.36902
1.36903
1.36904
1.36904
1.36904
1.36902
1.369
1.36898
1.36895
1.36891
1.36891
1.36889
1.3689
1.36893
1.36897
1.36903
1.3691
1.36919
1.36929
1.3694
1.36953
1.36966
1.3698
1.3699
1.36996
1.36993
1.36983
1.36964
1.36942
1.36919
1.36896
1.36877
1.36861
1.3685
1.36848
1.36853
1.36865
1.36881
1.36899
1.36915
1.36929
1.36939
1.36945
1.36949
1.36952
1.36955
1.36957
1.36955
1.36951
1.3694
1.36924
1.36907
1.36889
1.36876
1.36868
1.36864
1.36865
1.36869
1.36873
1.36878
1.36884
1.36889
1.36895
1.369
1.36905
1.3691
1.36915
1.36919
1.36923
1.36927
1.3693
1.36932
1.36935
1.36937
1.36937
1.36936
1.36934
1.36931
1.36928
1.36927
1.36924
1.36922
1.36922
1.36921
1.36918
1.36915
1.36912
1.36907
1.369
1.36891
1.36883
1.36875
1.36868
1.36862
1.36858
1.36858
1.36859
1.36861
1.36865
1.3687
1.36877
1.36885
1.36894
1.36904
1.36917
1.36931
1.36948
1.36968
1.3699
1.37016
1.37043
1.3707
1.37093
1.37103
1.37092
1.37048
1.36972
1.36879
1.36798
1.36751
1.36743
1.36763
1.36796
1.36832
1.36864
1.36892
1.36914
1.36932
1.36947
1.36959
1.36967
1.36972
1.36974
1.36971
1.36962
1.36949
1.36933
1.36917
1.36903
1.36893
1.36886
1.36883
1.36881
1.36881
1.36882
1.36886
1.36891
1.36901
1.36912
1.36923
1.3693
1.36932
1.36926
1.36912
1.36895
1.3688
1.36869
1.36868
1.36875
1.36888
1.36903
1.36919
1.36936
1.36951
1.36963
1.36974
1.36981
1.36982
1.36977
1.36965
1.36951
1.36935
1.3692
1.36909
1.369
1.36896
1.36892
1.36894
1.36897
1.36904
1.36914
1.36927
1.36942
1.36957
1.36974
1.36988
1.37003
1.37014
1.37019
1.37015
1.36997
1.36967
1.36929
1.36893
1.36869
1.36861
1.36865
1.36876
1.36889
1.36901
1.36911
1.36916
1.36922
1.36925
1.36927
1.36928
1.36929
1.36931
1.36931
1.36933
1.36933
1.36934
1.36934
1.36934
1.36935
1.36935
1.36935
1.36935
1.36935
1.36935
1.36934
1.36935
1.36936
1.36936
1.36939
1.36943
1.36948
1.36956
1.36963
1.3697
1.36972
1.36968
1.36955
1.36937
1.36916
1.36898
1.36886
1.36883
1.36887
1.36897
1.36909
1.36921
1.36933
1.3694
1.36944
1.36946
1.36944
1.36938
1.36932
1.36924
1.36917
1.36912
1.36911
1.36913
1.36915
1.3692
1.36922
1.36924
1.36925
1.36925
1.36923
1.36919
1.36913
1.36907
1.36901
1.36898
1.36896
1.36895
1.36896
1.36897
1.369
1.36902
1.36905
1.36907
1.36909
1.36911
1.36911
1.36913
1.36913
1.36912
1.36911
1.36909
1.36907
1.36905
1.36904
1.36903
1.36902
1.36902
1.36902
1.36902
1.36905
1.36909
1.36913
1.36918
1.36925
1.36934
1.36942
1.36951
1.36956
1.36957
1.36957
1.36953
1.36947
1.3694
1.36933
1.36922
1.3691
1.36897
1.36885
1.36875
1.36869
1.36868
1.36874
1.36885
1.369
1.36918
1.36936
1.36953
1.36968
1.3698
1.36985
1.36983
1.36974
1.36957
1.36935
1.36913
1.36894
1.3688
1.36875
1.36875
1.36879
1.36888
1.36897
1.36905
1.36912
1.36917
1.36919
1.36922
1.36923
1.36924
1.36925
1.36924
1.36921
1.36917
1.36912
1.36906
1.36899
1.36895
1.36892
1.36891
1.3689
1.36891
1.36893
1.36897
1.36901
1.36909
1.36916
1.36925
1.36934
1.36943
1.36949
1.36956
1.3696
1.36961
1.3696
1.36957
1.3695
1.36944
1.36935
1.36928
1.3692
1.36912
1.36906
1.36903
1.36902
1.36902
1.36904
1.36906
1.36909
1.36913
1.36915
1.36918
1.36921
1.36922
1.36925
1.36927
1.36928
1.36931
1.36934
1.36938
1.36941
1.36942
1.36941
1.36935
1.36927
1.36918
1.36909
1.36901
1.36895
1.36892
1.36893
1.36893
1.36895
1.36897
1.36898
1.36899
1.36901
1.36906
1.36914
1.36923
1.36934
1.36945
1.36955
1.3696
1.3696
1.36955
1.36946
1.36937
1.36929
1.36924
1.36925
1.3693
1.36939
1.3695
1.36961
1.36967
1.36967
1.3696
1.36947
1.36935
1.36925
1.36921
1.36923
1.36927
1.36931
1.36933
1.36933
1.3693
1.36928
1.36926
1.36926
1.36927
1.36926
1.36926
1.36924
1.36921
1.3692
1.36921
1.36923
1.36928
1.36934
1.36942
1.36951
1.3696
1.36967
1.36971
1.36971
1.36968
1.36962
1.36953
1.36942
1.36929
1.36915
1.36904
1.36893
1.36887
1.36883
1.36883
1.36886
1.36891
1.36898
1.36905
1.36912
1.3692
1.36928
1.36937
1.36944
1.36952
1.36961
1.36971
1.36983
1.36996
1.37012
1.37031
1.37048
1.37056
1.37042
1.36999
1.36938
1.36876
1.36836
1.36825
1.36837
1.36858
1.36878
1.36896
1.36908
1.36918
1.36925
1.36932
1.3694
1.3695
1.36962
1.36978
1.36998
1.37019
1.37039
1.37047
1.37029
1.36979
1.36906
1.36837
1.36797
1.36792
1.3681
1.36838
1.36868
1.36894
1.36916
1.36935
1.36951
1.36964
1.36972
1.36976
1.36974
1.36964
1.36948
1.36929
1.36912
1.369
1.36896
1.36897
1.36902
1.36909
1.36917
1.36925
1.36931
1.36936
1.36938
1.36941
1.36942
1.36944
1.36943
1.36942
1.3694
1.36937
1.36934
1.36931
1.36928
1.36925
1.36923
1.36922
1.3692
1.36919
1.36916
1.36915
1.36913
1.36913
1.36914
1.36916
1.36917
1.3692
1.36922
1.36924
1.36927
1.36929
1.36931
1.36933
1.36934
1.36936
1.36935
1.36936
1.36937
1.36937
1.36939
1.36939
1.36941
1.36941
1.36941
1.36942
1.3694
1.36938
1.36935
1.36931
1.36927
1.36921
1.36915
1.36911
1.36908
1.36905
1.36905
1.36907
1.36909
1.36913
1.36919
1.36923
1.36928
1.36932
1.36935
1.36937
1.36938
1.36938
1.36937
1.36934
1.36932
1.3693
1.36927
1.36924
1.36921
1.36918
1.36915
1.36914
1.36913
1.36913
1.36914
1.36916
1.36918
1.3692
1.36922
1.36925
1.36927
1.36927
1.36926
1.36922
1.36919
1.36912
1.36906
1.36901
1.36898
1.36896
1.36896
1.36899
1.369
1.36903
1.36904
1.36906
1.36908
1.36909
1.36911
1.36914
1.36919
1.36926
1.36936
1.3695
1.36966
1.36986
1.37007
1.37026
1.37038
1.3704
1.37031
1.37017
1.37006
1.37009
1.3702
1.37032
1.37022
1.36967
1.36874
1.36779
1.36725
1.36719
1.36746
1.36781
1.36813
1.36838
1.36857
1.3687
1.36883
1.36893
1.36902
1.3691
1.36919
1.36927
1.36934
1.36939
1.36945
1.36948
1.36951
1.36952
1.36949
1.36945
1.36939
1.36931
1.36924
1.36918
1.36913
1.36914
1.36918
1.36927
1.3694
1.36956
1.36974
1.36993
1.37007
1.37013
1.37006
1.36985
1.36952
1.36913
1.36877
1.36852
1.36841
1.36844
1.36854
1.3687
1.36886
1.36903
1.36917
1.36928
1.36939
1.36946
1.36952
1.36958
1.36962
1.36966
1.36968
1.36966
1.36961
1.3695
1.36936
1.36918
1.36902
1.36888
1.36881
1.36879
1.36884
1.36893
1.36906
1.36919
1.36936
1.36954
1.36971
1.36987
1.36996
1.36996
1.3698
1.36954
1.36924
1.369
1.36887
1.36886
1.36895
1.3691
1.36925
1.36939
1.3695
1.36958
1.36962
1.36962
1.36959
1.36954
1.36948
1.36942
1.36936
1.36931
1.36927
1.36925
1.36925
1.36926
1.36928
1.36931
1.36934
1.36937
1.36942
1.36947
1.36952
1.36955
1.36957
1.36955
1.36945
1.36928
1.36905
1.36883
1.36869
1.36868
1.3688
1.36901
1.36924
1.36945
1.36957
1.3696
1.36954
1.36942
1.36931
1.36921
1.36919
1.36919
1.3692
1.36919
1.36916
1.36909
1.36901
1.36893
1.3689
1.3689
1.36895
1.36901
1.36909
1.36915
1.36921
1.36927
1.36929
1.3693
1.36927
1.36922
1.36914
1.36906
1.36898
1.36892
1.3689
1.36893
1.36898
1.36907
1.36918
1.3693
1.36941
1.3695
1.36954
1.36955
1.36951
1.36942
1.36931
1.3692
1.3691
1.36904
1.36901
1.36902
1.36905
1.36909
1.36913
1.36919
1.36922
1.36924
1.36923
1.36921
1.36919
1.36916
1.36913
1.36913
1.36914
1.36914
1.36916
1.36917
1.36919
1.3692
1.36921
1.36921
1.36922
1.36923
1.36925
1.36928
1.36931
1.36934
1.36937
1.36939
1.36941
1.36942
1.36942
1.36943
1.36943
1.36939
1.36932
1.36923
1.36912
1.36901
1.36892
1.36888
1.36887
1.36892
1.36898
1.36905
1.36911
1.36916
1.3692
1.36924
1.36928
1.36931
1.36935
1.36938
1.36941
1.36944
1.36945
1.36945
1.36944
1.36941
1.36939
1.36937
1.36936
1.36936
1.36936
1.36937
1.36936
1.36934
1.36929
1.36921
1.36912
1.36901
1.36892
1.36885
1.36882
1.36884
1.36889
1.36897
1.36905
1.36915
1.36925
1.36933
1.3694
1.36944
1.36945
1.36943
1.36937
1.36928
1.36918
1.36909
1.36903
1.369
1.36899
1.369
1.36903
1.36907
1.36911
1.36914
1.36916
1.36918
1.36919
1.3692
1.36919
1.3692
1.36919
1.3692
1.3692
1.36921
1.36921
1.36922
1.36921
1.36923
1.36925
1.36927
1.36929
1.36931
1.36934
1.36938
1.36942
1.36946
1.36952
1.3696
1.36972
1.36991
1.37019
1.37059
1.37103
1.37137
1.37135
1.37075
1.36965
1.36854
1.36789
1.36778
1.36801
1.36835
1.36866
1.36886
1.36896
1.36896
1.3689
1.36883
1.36881
1.36885
1.36894
1.36905
1.36915
1.36923
1.36926
1.36926
1.36923
1.36918
1.36913
1.36909
1.36906
1.36906
1.36908
1.3691
1.36913
1.36917
1.36921
1.36924
1.36929
1.36933
1.36938
1.36941
1.36945
1.36948
1.36951
1.36954
1.36955
1.36956
1.36956
1.36955
1.36954
1.36953
1.36953
1.36953
1.36955
1.3696
1.36967
1.36977
1.36989
1.37003
1.37016
1.37026
1.37029
1.37021
1.36994
1.3695
1.36898
1.36851
1.36822
1.36815
1.36824
1.36844
1.36866
1.36888
1.36904
1.36917
1.36927
1.36934
1.36938
1.36941
1.36942
1.36943
1.36945
1.36946
1.36948
1.36952
1.36957
1.36965
1.36975
1.36987
1.36999
1.37013
1.37023
1.37027
1.37023
1.37009
1.36985
1.36958
1.36928
1.36903
1.36884
1.36872
1.36867
1.36866
1.36869
1.36874
1.36881
1.36888
1.36896
1.36903
1.36909
1.36914
1.36918
1.36921
1.36925
1.36929
1.36934
1.36939
1.36942
1.36946
1.3695
1.36951
1.36949
1.36943
1.36936
1.36928
1.36921
1.36917
1.3692
1.36928
1.36943
1.36963
1.36985
1.37008
1.37028
1.37038
1.37032
1.37007
1.36963
1.36911
1.36863
1.36831
1.36816
1.36817
1.36831
1.36851
1.36874
1.36897
1.36918
1.36936
1.36951
1.36963
1.36973
1.36978
1.3698
1.36978
1.36973
1.36964
1.36953
1.3694
1.36928
1.36916
1.36905
1.36895
1.36888
1.36883
1.3688
1.36878
1.36879
1.36881
1.36884
1.36888
1.36892
1.36898
1.36903
1.36909
1.36915
1.36922
1.3693
1.36938
1.36947
1.36958
1.36968
1.36977
1.36983
1.36983
1.36977
1.36965
1.36949
1.36933
1.3692
1.36914
1.36916
1.36923
1.36932
1.3694
1.36947
1.36952
1.36955
1.36953
1.36949
1.36945
1.36941
1.36939
1.36939
1.3694
1.36943
1.36945
1.36946
1.36942
1.36936
1.36927
1.36917
1.36907
1.36899
1.36893
1.36889
1.36889
1.36891
1.36895
1.36902
1.36908
1.36914
1.36919
1.36925
1.3693
1.36935
1.3694
1.36944
1.36951
1.36958
1.36966
1.36974
1.36979
1.3698
1.36972
1.36959
1.36939
1.36919
1.36905
1.36898
1.369
1.36908
1.3692
1.36935
1.3695
1.36965
1.3698
1.36994
1.37005
1.3701
1.37006
1.36992
1.36967
1.36939
1.36917
1.36905
1.36906
1.36916
1.36931
1.36945
1.36958
1.36966
1.36969
1.36965
1.36956
1.36942
1.36925
1.36908
1.36894
1.36884
1.36879
1.3688
1.36885
1.36894
1.36902
1.36912
1.36922
1.36933
1.36943
1.36951
1.36958
1.36962
1.36963
1.36959
1.36955
1.36948
1.36942
1.3694
1.3694
1.36944
1.3695
1.36957
1.36963
1.36968
1.36972
1.36972
1.36968
1.36961
1.36952
1.36941
1.36931
1.36921
1.36916
1.36912
1.36912
1.36914
1.36916
1.36919
1.36921
1.36922
1.36921
1.36919
1.36916
1.36913
1.36911
1.36911
1.36912
1.36915
1.36919
1.36925
1.3693
1.36936
1.36943
1.36948
1.36952
1.36955
1.36958
1.36958
1.36958
1.36956
1.36954
1.36952
1.3695
1.36949
1.36948
1.36948
1.36948
1.36945
1.3694
1.36933
1.36926
1.36918
1.36913
1.3691
1.36912
1.36917
1.36928
1.36942
1.36957
1.36973
1.36987
1.36996
1.36996
1.36983
1.36957
1.36925
1.36893
1.36871
1.3686
1.36856
1.36859
1.36864
1.3687
1.36875
1.36882
1.36889
1.36896
1.36903
1.36909
1.36915
1.36921
1.36925
1.36929
1.3693
1.36932
1.36933
1.36935
1.36937
1.3694
1.36944
1.3695
1.36957
1.36964
1.36968
1.36966
1.36958
1.36945
1.36929
1.36915
1.36907
1.36906
1.36909
1.36917
1.36925
1.36933
1.36939
1.36944
1.36947
1.36947
1.36948
1.36947
1.36945
1.36943
1.36938
1.36933
1.36927
1.36922
1.36917
1.36913
1.36911
1.36909
1.36908
1.36906
1.36904
1.36903
1.36902
1.36903
1.36905
1.36909
1.36913
1.36919
1.36925
1.36933
1.36944
1.36955
1.36968
1.36986
1.37004
1.37019
1.37028
1.37025
1.37005
1.36973
1.36939
1.36915
1.36906
1.36912
1.36924
1.36935
1.36943
1.36942
1.36935
1.36925
1.36915
1.36906
1.36901
1.36899
1.36899
1.36902
1.36906
1.36911
1.36916
1.36921
1.36926
1.36931
1.36935
1.36939
1.36944
1.36947
1.36951
1.36954
1.36956
1.36957
1.36959
1.36958
1.36956
1.36955
1.36952
1.3695
1.3695
1.36949
1.36946
1.36943
1.36939
1.36934
1.36927
1.36921
1.36915
1.36911
1.36909
1.3691
1.36914
1.36921
1.36932
1.36944
1.36956
1.36968
1.36976
1.3698
1.3698
1.36974
1.36966
1.36957
1.36949
1.36945
1.36944
1.36945
1.36946
1.36946
1.36944
1.36939
1.36934
1.36929
1.36926
1.36927
1.36929
1.36934
1.3694
1.36945
1.36949
1.36951
1.36953
1.36952
1.36952
1.36952
1.36953
1.36954
1.36957
1.3696
1.36963
1.36966
1.36969
1.36973
1.36977
1.36981
1.36984
1.36988
1.3699
1.36991
1.36989
1.36986
1.36981
1.36973
1.36965
1.36956
1.36947
1.36938
1.36928
1.36919
1.3691
1.36901
1.36893
1.36888
1.36885
1.36886
1.36889
1.36895
1.36901
1.36909
1.36918
1.36925
1.36932
1.36939
1.36945
1.3695
1.36955
1.3696
1.36963
1.36966
1.36968
1.36969
1.36968
1.36967
1.36965
1.36964
1.36964
1.36964
1.36968
1.36975
1.3699
1.37012
1.37037
1.37055
1.37051
1.3701
1.36935
1.36855
1.36801
1.36789
1.36807
1.36839
1.36869
1.36892
1.36907
1.36914
1.36915
1.36912
1.36908
1.36905
1.36905
1.36908
1.36915
1.36924
1.36934
1.36945
1.36956
1.36966
1.36974
1.3698
1.36982
1.36982
1.36979
1.36974
1.36969
1.36966
1.36965
1.36966
1.36968
1.36969
1.36964
1.36952
1.36933
1.3691
1.36887
1.36869
1.36857
1.36855
1.3686
1.3687
1.36883
1.36896
1.36911
1.36923
1.36933
1.36941
1.36945
1.36945
1.36944
1.3694
1.36936
1.36933
1.36931
1.3693
1.36929
1.3693
1.3693
1.36929
1.36929
1.36928
1.36929
1.36929
1.36933
1.36938
1.36944
1.36952
1.3696
1.36968
1.36976
1.3698
1.3698
1.36975
1.36966
1.36954
1.36941
1.36928
1.3692
1.36915
1.36915
1.36917
1.36922
1.36927
1.36933
1.36937
1.3694
1.36942
1.36942
1.3694
1.36937
1.36933
1.36928
1.36923
1.36918
1.36915
1.36913
1.36914
1.36917
1.36921
1.36927
1.36933
1.36941
1.36947
1.36952
1.36956
1.36959
1.3696
1.36957
1.36951
1.36944
1.36935
1.36928
1.36925
1.3693
1.36941
1.3696
1.36985
1.37009
1.37029
1.37036
1.37024
1.36993
1.36949
1.36905
1.36869
1.36849
1.36842
1.36849
1.36864
1.36885
1.36906
1.36927
1.36948
1.36966
1.36982
1.36995
1.37006
1.37011
1.37009
1.37001
1.36985
1.36962
1.36937
1.36916
1.36901
1.36894
1.36893
1.36898
1.36906
1.36914
1.36921
1.36928
1.36932
1.36936
1.36937
1.36938
1.36939
1.36941
1.36941
1.36941
1.36942
1.36943
1.36944
1.36946
1.36948
1.36949
1.36951
1.36952
1.36954
1.36955
1.36958
1.36961
1.36963
1.36967
1.36971
1.36975
1.36981
1.36986
1.36989
1.36991
1.3699
1.36983
1.36972
1.36958
1.36941
1.36924
1.36913
1.3691
1.36915
1.36929
1.3695
1.36976
1.37001
1.37013
1.37003
1.3697
1.36923
1.36886
1.36868
1.36872
1.36888
1.36907
1.36921
1.3693
1.36932
1.36933
1.36932
1.36931
1.36934
1.36937
1.36939
1.36944
1.36946
1.36948
1.3695
1.3695
1.3695
1.36948
1.36945
1.36943
1.36941
1.36939
1.36938
1.36938
1.3694
1.36942
1.36946
1.36951
1.36957
1.36963
1.36971
1.36976
1.3698
1.36979
1.36973
1.36964
1.36951
1.36935
1.36919
1.36907
1.36898
1.36892
1.3689
1.36891
1.36896
1.36903
1.3691
1.36918
1.36927
1.36936
1.36944
1.36951
1.36956
1.36959
1.36959
1.36956
1.36952
1.36946
1.36942
1.36939
1.36937
1.36937
1.36936
1.36935
1.36934
1.36933
1.36933
1.36936
1.36944
1.36954
1.36967
1.36982
1.36998
1.3701
1.37016
1.37012
1.36995
1.36967
1.36934
1.36905
1.36887
1.36879
1.36881
1.36889
1.369
1.36911
1.3692
1.36929
1.36937
1.36943
1.36947
1.36951
1.36953
1.36953
1.36953
1.36951
1.36949
1.36948
1.36945
1.36943
1.3694
1.36939
1.36938
1.36937
1.36936
1.36936
1.36936
1.36938
1.36939
1.36942
1.36945
1.36947
1.36949
1.36952
1.36955
1.36957
1.36957
1.36959
1.36959
1.36957
1.36954
1.3695
1.36947
1.36944
1.36942
1.36941
1.36944
1.36947
1.36952
1.3696
1.36968
1.36976
1.36984
1.36989
1.3699
1.36984
1.36973
1.36957
1.36943
1.3693
1.36923
1.36917
1.36915
1.36914
1.36914
1.36915
1.36919
1.36924
1.3693
1.36936
1.36945
1.36958
1.36975
1.36996
1.37017
1.3703
1.37026
1.36996
1.36944
1.36888
1.36848
1.36835
1.36844
1.36864
1.36886
1.36906
1.36921
1.36932
1.36939
1.36943
1.36945
1.36949
1.36952
1.36955
1.36957
1.3696
1.36964
1.36967
1.3697
1.36973
1.36974
1.36975
1.36975
1.36974
1.36972
1.36968
1.36963
1.36957
1.3695
1.36943
1.36936
1.36929
1.36923
1.3692
1.36922
1.36926
1.36933
1.36942
1.36951
1.36959
1.36966
1.36969
1.36971
1.36968
1.36962
1.36953
1.36942
1.36932
1.36923
1.36916
1.36911
1.3691
1.3691
1.36913
1.36917
1.36923
1.36928
1.36933
1.36939
1.36941
1.36944
1.36945
1.36946
1.36947
1.36948
1.36949
1.3695
1.36952
1.36952
1.36952
1.36954
1.36954
1.36954
1.36954
1.36952
1.3695
1.36944
1.36938
1.36931
1.36927
1.36926
1.36933
1.36948
1.36969
1.36993
1.37014
1.3703
1.37036
1.37033
1.37022
1.3701
1.37
1.3699
1.36974
1.3695
1.36919
1.36892
1.36877
1.36875
1.36881
1.36888
1.36893
1.36895
1.36895
1.36894
1.36895
1.36901
1.3691
1.36922
1.36936
1.36951
1.36963
1.3697
1.36972
1.36966
1.36955
1.36943
1.36932
1.36927
1.36929
1.36938
1.36952
1.36968
1.36986
1.37001
1.37011
1.37014
1.37007
1.3699
1.36967
