0.048309
0.0480963
0.0477953
0.0474281
0.0470386
0.0466903
0.0464549
0.0464035
0.0465915
0.047046
0.0477512
0.0486364
0.049578
0.0504254
0.051046
0.0513777
0.0514493
0.0513677
0.0512669
0.05126
0.0514113
0.0517313
0.0521827
0.0527002
0.0532013
0.0536023
0.053825
0.0538074
0.0535118
0.0529326
0.052092
0.0510445
0.0498584
0.0486102
0.0473729
0.0462036
0.0451473
0.0442293
0.0434634
0.0428528
0.0423947
0.0420805
0.0419053
0.041867
0.0419587
0.0421795
0.0425234
0.0429828
0.0435411
0.0441737
0.0448375
0.04548
0.0460379
0.0464492
0.0466643
0.0466637
0.0464584
0.0460927
0.045639
0.0451784
0.0447909
0.044536
0.0444522
0.0445457
0.0447937
0.0451462
0.0455355
0.045892
0.0461603
0.0463085
0.0463404
0.0462863
0.0461896
0.0460998
0.0460558
0.0460864
0.0462031
0.0464066
0.0466852
0.04702
0.0473858
0.0477582
0.0481167
0.0484458
0.0487423
0.0490163
0.0492784
0.049554
0.049875
0.0502783
0.0508066
0.0514951
0.0523698
0.0534232
0.0545935
0.0557447
0.0566641
0.0570924
0.0568081
0.0557163
0.0539007
0.0515909
0.0490678
0.0465815
0.0443005
0.042317
0.0406607
0.0393273
0.0382991
0.0375448
0.0370379
0.0367451
0.03664
0.0366955
0.0368834
0.0371781
0.0375588
0.0380068
0.0385101
0.0390607
0.0396525
0.0402811
0.0409369
0.041606
0.0422696
0.0429044
0.0434856
0.0439938
0.0444215
0.0447713
0.0450555
0.0452943
0.0455111
0.0457268
0.0459574
0.0462155
0.0465127
0.0468618
0.0472769
0.0477752
0.0483766
0.0490997
0.0499606
0.0509656
0.05211
0.0533776
0.0547358
0.0561375
0.0575232
0.0588224
0.059963
0.0608685
0.061472
0.0617198
0.0615876
0.0610825
0.060247
0.0591536
0.0578863
0.0565372
0.0551877
0.0539035
0.052735
0.0517149
0.0508643
0.0501956
0.0497102
0.0494044
0.0492603
0.0492494
0.0493235
0.0494136
0.0494371
0.0493055
0.0489478
0.0483311
0.0474669
0.0464118
0.0452487
0.0440656
0.042938
0.0419213
0.0410458
0.0403278
0.0397658
0.0393542
0.0390819
0.0389347
0.0388988
0.0389578
0.0390953
0.0392948
0.0395388
0.039808
0.0400828
0.040342
0.0405669
0.0407395
0.0408457
0.0408748
0.0408229
0.0406917
0.040487
0.0402197
0.0399018
0.0395491
0.039174
0.0387886
0.0384043
0.0380295
0.0376718
0.0373344
0.0370213
0.0367352
0.0364765
0.0362468
0.0360445
0.0358685
0.0357202
0.0355976
0.035499
0.0354238
0.0353694
0.0353345
0.0353165
0.0353118
0.0353196
0.0353372
0.0353628
0.0353952
0.0354348
0.0354825
0.0355401
0.035612
0.0357009
0.0358132
0.0359551
0.0361302
0.0363442
0.0366016
0.036906
0.0372634
0.0376777
0.0381563
0.0387079
0.039346
0.0400885
0.0409589
0.0419817
0.0431847
0.0445845
0.0461801
0.0479321
0.0497463
0.0514765
0.0529399
0.0539739
0.0544941
0.0545318
0.0542201
0.0537314
0.0532204
0.0527876
0.0524725
0.0522631
0.0521159
0.0519722
0.0517734
0.0514726
0.0510433
0.0504794
0.0497978
0.0490278
0.0482044
0.0473626
0.0465301
0.0457256
0.0449621
0.0442426
0.0435696
0.0429407
0.0423557
0.0418134
0.0413171
0.0408661
0.0404636
0.0401143
0.0398185
0.0395763
0.0393886
0.0392567
0.0391828
0.0391719
0.0392318
0.0393738
0.0396154
0.0399786
0.0404914
0.0411843
0.0420908
0.0432387
0.0446424
0.0462896
0.0481149
0.0499938
0.0517346
0.0531089
0.0539168
0.0540418
0.0534884
0.0523635
0.0508292
0.0490604
0.0472135
0.0454136
0.0437483
0.0422718
0.041013
0.0399805
0.0391709
0.0385773
0.0381887
0.0379968
0.0379931
0.0381707
0.0385172
0.0390125
0.0396287
0.0403187
0.041025
0.0416791
0.0422219
0.0426101
0.0428323
0.0429102
0.0428902
0.0428295
0.042777
0.042765
0.0428079
0.0428996
0.0430201
0.0431403
0.0432289
0.0432568
0.0431981
0.0430374
0.042767
0.04239
0.04192
0.041377
0.0407878
0.0401776
0.0395721
0.0389942
0.0384584
0.0379738
0.0375481
0.0371842
0.036882
0.0366427
0.0364679
0.0363627
0.0363389
0.0364089
0.0365877
0.0368959
0.0373521
0.0379713
0.0387638
0.0397265
0.0408401
0.0420657
0.0433469
0.044612
0.0457927
0.0468332
0.0477058
0.0484068
0.0489465
0.0493376
0.0495901
0.0497159
0.0497355
0.0496957
0.0496658
0.049736
0.0500048
0.0505668
0.0514932
0.0528224
0.0545384
0.0565506
0.058679
0.0606592
0.0621825
0.0629743
0.0628836
0.0619323
0.0603025
0.0582468
0.0560104
0.053779
0.0516677
0.0497337
0.0480057
0.0464997
0.0452304
0.0442146
0.0434625
0.0429727
0.0427179
0.0426428
0.0426599
0.0426669
0.0425656
0.0422928
0.04184
0.0412515
0.0406107
0.0400094
0.039521
0.0391934
0.039041
0.0390501
0.0391879
0.0394095
0.0396692
0.0399293
0.0401608
0.0403549
0.0405189
0.0406744
0.040849
0.0410711
0.0413668
0.0417537
0.0422446
0.0428449
0.0435564
0.0443745
0.0452891
0.0462835
0.0473367
0.0484151
0.0494803
0.0504852
0.0513816
0.0521223
0.0526717
0.0530141
0.0531504
0.0531007
0.0528981
0.0525788
0.0521785
0.05173
0.0512584
0.0507833
0.0503227
0.0498959
0.0495238
0.0492276
0.0490295
0.0489476
0.0489933
0.0491655
0.0494509
0.0498189
0.0502256
0.0506209
0.0509636
0.051221
0.0513805
0.0514473
0.051443
0.0514
0.0513617
0.0513806
0.0515103
0.0517986
0.0522747
0.0529335
0.0537303
0.0545844
0.0553831
0.0560023
0.0563384
0.0563237
0.0559456
0.0552452
0.0543026
0.0532158
0.0520833
0.0509892
0.0500013
0.0491717
0.0485322
0.0481092
0.047921
0.0479816
0.0483012
0.0488847
0.0497255
0.0507981
0.0520488
0.0533909
0.0547073
0.05586
0.0567162
0.0571781
0.0572066
0.0568285
0.0561307
0.0552391
0.0542934
0.0534237
0.0527345
0.052292
0.0521249
0.0522258
0.0525515
0.0530344
0.0535898
0.0541256
0.0545537
0.0548047
0.0548295
0.0546097
0.054153
0.0534864
0.0526528
0.0517035
0.0506944
0.0496775
0.048696
0.0477857
0.046969
0.0462517
0.0456332
0.045103
0.0446449
0.0442394
0.0438683
0.0435136
0.0431604
0.0428006
0.0424283
0.0420418
0.0416409
0.0412276
0.0408051
0.0403768
0.0399477
0.0395195
0.0390955
0.0386769
0.038263
0.0378522
0.0374413
0.0370256
0.036606
0.0361779
0.0357412
0.0352963
0.0348464
0.0343974
0.0339559
0.0335285
0.0331252
0.032755
0.032428
0.0321494
0.0319267
0.0317644
0.0316673
0.0316366
0.0316762
0.031785
0.0319651
0.0322142
0.0325318
0.0329162
0.0333645
0.0338712
0.034433
0.0350446
0.035696
0.0363778
0.0370785
0.0377836
0.038477
0.0391381
0.0397468
0.0402836
0.0407292
0.0410704
0.0413
0.041419
0.0414356
0.0413669
0.0412354
0.0410667
0.0408896
0.04073
0.0406152
0.0405652
0.0405961
0.0407213
0.0409506
0.0412891
0.0417372
0.0422927
0.0429469
0.0436866
0.0444958
0.0453525
0.0462287
0.0470933
0.0479117
0.0486466
0.0492621
0.0497241
0.0500065
0.050095
0.0499903
0.0497106
0.049291
0.0487766
0.0482194
0.0476652
0.0471567
0.0467222
0.0463801
0.0461366
0.0459891
0.0459309
0.0459483
0.046027
0.0461498
0.0463008
0.0464635
0.0466241
0.0467742
0.0469082
0.0470235
0.0471234
0.0472112
0.0472884
0.0473559
0.0474128
0.0474557
0.047476
0.0474711
0.0474366
0.047373
0.0472817
0.0471714
0.0470498
0.0469269
0.046811
0.0467057
0.0466153
0.0465469
0.0465054
0.0465037
0.0465516
0.0466629
0.0468485
0.0471086
0.0474292
0.0477744
0.0480882
0.0483077
0.0483712
0.0482388
0.0479063
0.0474077
0.0468042
0.0461693
0.0455751
0.0450816
0.0447363
0.0445715
0.0446084
0.0448599
0.0453305
0.0460066
0.0468504
0.0477926
0.0487201
0.049485
0.0499283
0.0499269
0.0494362
0.0485052
0.0472594
0.0458526
0.0444266
0.043083
0.0418843
0.0408592
0.0400147
0.0393487
0.0388515
0.0385144
0.0383283
0.0382853
0.0383758
0.0385878
0.0389069
0.0393124
0.0397793
0.0402833
0.0407975
0.0413015
0.041785
0.0422458
0.0426977
0.04316
0.043666
0.0442491
0.0449468
0.0458042
0.0468717
0.0482068
0.0498731
0.0519288
0.054398
0.0572226
0.0602133
0.063023
0.0652121
0.0664239
0.066563
0.0658299
0.0645847
0.0631682
0.0618035
0.0605911
0.0595432
0.0586212
0.0577669
0.0569111
0.0559939
0.0549696
0.0538212
0.052562
0.0512397
0.0499204
0.048678
0.0475728
0.0466472
0.0459176
0.045384
0.0450292
0.0448298
0.044754
0.0447697
0.0448455
0.0449533
0.0450651
0.0451582
0.0452138
0.045215
0.0451504
0.0450103
0.0447898
0.0444881
0.0441067
0.0436491
0.0431229
0.042538
0.0419077
0.0412452
0.0405655
0.0398873
0.039225
0.0385942
0.0380105
0.0374858
0.0370328
0.0366635
0.0363871
0.0362126
0.0361471
0.0361905
0.0363399
0.0365822
0.0368934
0.0372337
0.037558
0.037808
0.0379372
0.0379133
0.0377293
0.0374095
0.037
0.0365596
0.0361491
0.0358245
0.0356273
0.0355926
0.0357466
0.0361095
0.0367074
0.0375659
0.0387186
0.0402077
0.0420847
0.0443998
0.0472009
0.0505001
0.0542427
0.0582501
0.0621645
0.0654507
0.067519
0.0679851
0.0668985
0.0647234
0.0620858
0.0595045
0.0572728
0.0554806
0.0540898
0.0530002
0.0520957
0.0512727
0.0504505
0.0495832
0.0486585
0.0476991
0.0467487
0.0458627
0.0450982
0.0444995
0.0440968
0.0438995
0.0438954
0.0440552
0.0443317
0.0446762
0.0450407
0.0453947
0.0457193
0.0460163
0.046298
0.0465823
0.0468873
0.0472248
0.0476012
0.0480186
0.0484721
0.0489509
0.0494408
0.0499254
0.0503854
0.050809
0.0511873
0.051519
0.051805
0.0520516
0.0522692
0.05247
0.0526706
0.0528922
0.053158
0.0534923
0.0539173
0.054445
0.0550711
0.0557744
0.0565176
0.0572507
0.0579276
0.0585196
0.0590245
0.0594608
0.0598544
0.0602071
0.0604746
0.060557
0.0603301
0.0597109
0.0587089
0.0574466
0.0561181
0.0549286
0.0540425
0.0535538
0.0534874
0.0537913
0.0543378
0.0549207
0.0552888
0.0552271
0.0546551
0.0536704
0.0525106
0.0514488
0.0507019
0.050384
0.0505121
0.0510307
0.0518382
0.0528099
0.0538191
0.054751
0.0555281
0.0561126
0.0565169
0.0567798
0.0569459
0.0570414
0.0570559
0.0569545
0.0566862
0.0562196
0.0555649
0.0547819
0.0539782
0.0532888
0.0528518
0.0527866
0.0531595
0.0539565
0.0550517
0.0562036
0.0571083
0.0575003
0.0572778
0.056535
0.0554997
0.0544315
0.0535377
0.052961
0.0527975
0.0531044
0.0539147
0.0552283
0.0570067
0.0591639
0.0615634
0.0640296
0.0663639
0.0683731
0.0698976
0.0708282
0.0711213
0.070798
0.0699435
0.0686832
0.0671593
0.065496
0.0637816
0.0620658
0.0603719
0.0587095
0.0570914
0.0555402
0.0540862
0.0527616
0.051596
0.0506089
0.0498074
0.0491793
0.0486974
0.0483275
0.0480208
0.0477286
0.047406
0.0470181
0.0465399
0.0459615
0.045286
0.0445241
0.0436959
0.0428235
0.0419336
0.0410493
0.040194
0.0393882
0.0386501
0.037994
0.0374306
0.0369668
0.0366081
0.0363556
0.0362108
0.0361718
0.0362366
0.0364021
0.036667
0.037026
0.0374779
0.0380175
0.0386406
0.0393378
0.0401
0.0409112
0.0417486
0.0425832
0.0433849
0.0441212
0.0447653
0.0452968
0.0457101
0.0460102
0.0462184
0.0463593
0.0464652
0.0465677
0.0466969
0.0468781
0.0471337
0.0474797
0.0479274
0.0484836
0.0491518
0.049929
0.0508099
0.051786
0.0528471
0.0539794
0.0551678
0.0563958
0.0576434
0.0588848
0.0600853
0.061205
0.0621919
0.0629841
0.0635209
0.0637464
0.0636215
0.0631323
0.0622938
0.0611481
0.0597581
0.0581983
0.0565492
0.0548873
0.0532813
0.0517894
0.0504551
0.0493135
0.0483848
0.0476799
0.0471989
0.0469314
0.046855
0.0469365
0.0471276
0.0473682
0.0475948
0.0477469
0.0477787
0.0476682
0.0474247
0.0470791
0.0466803
0.046279
0.0459186
0.0456222
0.0453988
0.0452361
0.0451104
0.0449886
0.0448379
0.0446311
0.0443527
0.0439967
0.0435729
0.043101
0.0426072
0.0421195
0.041664
0.0412632
0.0409301
0.0406715
0.0404873
0.0403714
0.0403105
0.0402899
0.0402921
0.0402988
0.0402913
0.0402535
0.0401711
0.040035
0.0398424
0.0395918
0.0392879
0.0389377
0.0385477
0.0381274
0.0376882
0.0372412
0.0367998
0.0363808
0.0359982
0.0356647
0.0353923
0.0351884
0.0350583
0.0350042
0.0350252
0.0351189
0.0352814
0.0355075
0.0357904
0.036125
0.0365025
0.0369145
0.0373553
0.0378132
0.0382805
0.0387467
0.0391977
0.0396229
0.040008
0.0403391
0.0406038
0.0407894
0.0408866
0.0408892
0.0407927
0.0406023
0.0403246
0.039974
0.03957
0.0391328
0.0386882
0.0382625
0.0378814
0.0375737
0.0373607
0.0372677
0.0373148
0.0375246
0.037918
0.0385137
0.0393343
0.0403966
0.0417136
0.0432938
0.0451374
0.0472352
0.0495675
0.0521015
0.0547916
0.0575791
0.0603843
0.0631049
0.065614
0.0677686
0.0694274
0.0704759
0.07085
0.0705641
0.0697123
0.0684515
0.066955
0.0653782
0.0638301
0.0623665
0.0610064
0.0597502
0.0585982
0.0575609
0.056647
0.0558421
0.0550877
0.0542669
0.0532393
0.0518939
0.0502134
0.0482928
0.0463017
0.0444269
0.0428138
0.0415505
0.0406737
0.0401824
0.0400558
0.0402619
0.0407649
0.0415244
0.0424944
0.0436244
0.0448546
0.0461201
0.0473482
0.0484689
0.0494144
0.0501309
0.050579
0.0507466
0.0506461
0.0503192
0.0498294
0.0492537
0.0486725
0.0481543
0.0477542
0.0475059
0.0474265
0.0475141
0.047757
0.048128
0.0485928
0.0491085
0.049633
0.0501242
0.0505478
0.0508789
0.051104
0.0512178
0.0512262
0.0511396
0.050972
0.0507392
0.0504587
0.050149
0.0498251
0.0495035
0.049195
0.0489096
0.0486576
0.0484472
0.0482844
0.0481754
0.0481178
0.0481108
0.0481489
0.048225
0.0483345
0.0484714
0.0486358
0.0488325
0.049069
0.0493538
0.0496898
0.0500776
0.0505065
0.0509548
0.0513922
0.0517842
0.0520951
0.0522902
0.0523422
0.0522341
0.051961
0.0515321
0.0509719
0.0503226
0.0496323
0.04896
0.0483612
0.0478837
0.0475634
0.0474215
0.0474642
0.0476928
0.0480934
0.048652
0.0493511
0.0501756
0.0511091
0.0521371
0.0532418
0.0544039
0.0555995
0.0568025
0.0579823
0.0591138
0.0601722
0.0611318
0.0619594
0.0626045
0.0630036
0.0630827
0.0627777
0.0620535
0.0609212
0.0594322
0.0576686
0.0557247
0.053684
0.051618
0.0495821
0.0476236
0.045782
0.0440913
0.0425844
0.0412826
0.0402051
0.0393623
0.0387635
0.0384138
0.0383247
0.0385124
0.039003
0.0398362
0.0410587
0.0427171
0.0448223
0.0472961
0.0498985
0.0521889
0.053623
0.0537904
0.0526651
0.0506166
0.0481818
0.045813
0.0437689
0.0421425
0.040933
0.0400978
0.0395943
0.0393822
0.0394339
0.0397326
0.040273
0.041056
0.0420828
0.0433503
0.0448304
0.046456
0.0481
0.049576
0.0506744
0.0512269
0.0511824
0.0506296
0.049765
0.0488075
0.0479361
0.0472637
0.0468382
0.0466638
0.0467177
0.0469662
0.0473642
0.0478647
0.0484195
0.0489817
0.04951
0.0499776
0.050376
0.0507182
0.0510377
0.0513744
0.0517736
0.0522731
0.0528964
0.0536467
0.0545106
0.0554535
0.0564187
0.0573339
0.0581133
0.0586673
0.0589232
0.0588371
0.0584065
0.0576735
0.0567106
0.0556046
0.0544374
0.0532726
0.0521494
0.0510863
0.0500862
0.0491443
0.0482558
0.0474224
0.0466483
0.045942
0.0453092
0.0447521
0.0442598
0.043812
0.043376
0.0429156
0.0423994
0.0418074
0.0411434
0.0404282
0.0397022
0.0390103
0.0383956
0.0378964
0.0375382
0.0373362
0.0372941
0.0374033
0.0376483
0.0380054
0.0384413
0.0389202
0.0394039
0.0398565
0.0402481
0.0405622
0.0407929
0.0409454
0.0410366
0.0410861
0.041118
0.0411558
0.0412186
0.0413241
0.0414847
0.0417066
0.041995
0.0423443
0.0427468
0.0431869
0.0436506
0.0441182
0.0445759
0.0450155
0.0454421
0.0458683
0.0463239
0.0468441
0.0474711
0.0482382
0.0491586
0.0502061
0.0512983
0.0522927
0.0530089
0.0532895
0.0530575
0.0523593
0.0513373
0.0501752
0.0490382
0.048034
0.0472208
0.0466181
0.0462242
0.0460292
0.0460252
0.0462041
0.0465601
0.0470873
0.0477699
0.048582
0.0494743
0.0503815
0.0512219
0.0519029
0.0523443
0.0524875
0.052313
0.0518445
0.0511427
0.0502964
0.0494074
0.0485708
0.0478605
0.0473256
0.04698
0.04681
0.0467701
0.0467965
0.0468121
0.0467415
0.0465272
0.0461368
0.0455787
0.0448917
0.0441473
0.0434198
0.0427826
0.0422945
0.0419955
0.0419046
0.0420201
0.0423276
0.0427967
0.0433888
0.0440565
0.0447519
0.0454264
0.0460341
0.0465334
0.0468938
0.0470961
0.047141
0.0470486
0.0468585
0.04662
0.0463816
0.0461783
0.0460314
0.0459513
0.0459346
0.0459723
0.0460535
0.0461602
0.0462743
0.0463679
0.0464151
0.0463915
0.0462747
0.0460515
0.0457213
0.0452922
0.0447865
0.0442321
0.0436604
0.0431075
0.0426056
0.0421842
0.0418681
0.041677
0.0416239
0.0417185
0.0419626
0.0423545
0.0428828
0.0435325
0.0442774
0.0450831
0.0459073
0.0467014
0.0474087
0.0479782
0.0483639
0.048533
0.0484798
0.0482225
0.0478029
0.0472833
0.0467307
0.0462135
0.0457855
0.0454899
0.0453474
0.0453662
0.0455328
0.0458196
0.0461909
0.0466055
0.0470192
0.047395
0.0477062
0.047937
0.0480833
0.0481501
0.0481461
0.0480779
0.0479459
0.0477444
0.0474603
0.0470768
0.0465772
0.0459539
0.0452104
0.0443652
0.0434487
0.0424971
0.041549
0.0406402
0.0397964
0.0390415
0.0383872
0.037843
0.0374153
0.0371079
0.0369233
0.0368629
0.0369249
0.0371056
0.037397
0.0377829
0.038238
0.0387306
0.0392216
0.039672
0.0400483
0.0403274
0.0405047
0.0405899
0.0406066
0.0405838
0.0405543
0.0405435
0.0405742
0.0406603
0.0408112
0.0410365
0.0413394
0.0417249
0.0421963
0.0427505
0.0433771
0.0440495
0.0447279
0.045355
0.0458681
0.046209
0.0463479
0.0462858
0.0460641
0.0457462
0.0454053
0.045105
0.0448934
0.0447978
0.0448231
0.04496
0.0451867
0.0454727
0.045792
0.0461241
0.0464667
0.0468287
0.0472447
0.0477644
0.0484505
0.0493742
0.0506128
0.0522398
0.0543146
0.0568715
0.0598884
0.0632581
0.0667592
0.0700626
0.0727862
0.074608
0.0753762
0.0751416
0.074098
0.0724734
0.0704593
0.0681836
0.0657273
0.0631484
0.0604959
0.057823
0.0551851
0.0526356
0.0502273
0.0480017
0.0459928
0.044227
0.0427228
0.0414959
0.0405621
0.0399359
0.0396355
0.0396776
0.0400763
0.0408302
0.0419095
0.0432343
0.0446577
0.0459789
0.0469828
0.0475101
0.0475266
0.0471374
0.0465343
0.0459221
0.0454728
0.0453014
0.0454843
0.0460726
0.0471088
0.0486248
0.0506284
0.0530703
0.0557955
0.0585119
0.0608007
0.0622198
0.0624773
0.0615716
0.0597867
0.0575572
0.0552925
0.0532802
0.0516752
0.0505223
0.0498049
0.049468
0.0494378
0.0496309
0.0499573
0.0503303
0.0506718
0.0509196
0.0510308
0.0509877
0.0507916
0.050459
0.0500147
0.0494845
0.0488961
0.0482726
0.0476358
0.0470022
0.0463887
0.0458101
0.0452789
0.0448051
0.0443981
0.044065
0.0438146
0.0436517
0.0435788
0.0435996
0.0437107
0.0439068
0.044179
0.0445105
0.0448835
0.0452758
0.0456639
0.04603
0.0463617
0.0466507
0.0468974
0.0471033
0.0472746
0.0474173
0.0475424
0.0476679
0.0478112
0.0479917
0.0482216
0.0484928
0.0487806
0.0490361
0.0492001
0.0492202
0.0490634
0.0487301
0.0482516
0.047678
0.04706
0.0464391
0.0458405
0.0452724
0.0447365
0.044229
0.0437472
0.043296
0.0428833
0.0425215
0.0422271
0.0420192
0.0419181
0.0419468
0.0421299
0.0424907
0.0430564
0.043853
0.0449059
0.0462317
0.0478343
0.0496794
0.0516747
0.0536452
0.0553274
0.0564217
0.0566795
0.055995
0.0544459
0.0522486
0.0496802
0.0470095
0.0444523
0.0421542
0.0401927
0.0385908
0.0373337
0.0363864
0.0357062
0.0352488
0.0349741
0.0348481
0.0348429
0.0349352
0.0351111
0.0353614
0.0356796
0.0360664
0.0365248
0.0370615
0.0376837
0.0383995
0.0392133
0.040123
0.0411199
0.0421852
0.0432868
0.0443863
0.0454425
0.0464196
0.0472945
0.0480623
0.0487253
0.0492899
0.0497558
0.0501116
0.0503389
0.0504224
0.0503584
0.0501663
0.0498859
0.0495711
0.0492808
0.0490708
0.048991
0.0490805
0.049366
0.0498612
0.0505607
0.0514382
0.0524354
0.0534643
0.0544109
0.0551473
0.0555661
0.0556034
0.0552523
0.0545641
0.0536267
0.0525411
0.0513975
0.0502708
0.0492172
0.0482712
0.0474535
0.0467675
0.0462092
0.0457632
0.0454084
0.0451185
0.0448673
0.0446304
0.0443888
0.0441264
0.0438359
0.0435149
0.0431675
0.0428002
0.0424226
0.0420455
0.0416791
0.0413296
0.0410023
0.0406998
0.0404189
0.040155
0.0398999
0.0396469
0.0393895
0.0391281
0.0388646
0.0386095
0.038382
0.0382084
0.0381202
0.0381541
0.038343
0.0387194
0.0393072
0.0401181
0.0411449
0.0423636
0.0437331
0.0451945
0.046683
0.0481406
0.0495212
0.0507967
0.0519595
0.0530082
0.0539463
0.0547697
0.0554673
0.0560186
0.0564029
0.0565938
0.0565724
0.0563324
0.0558781
0.05523
0.0544228
0.0535025
0.0525185
0.051521
0.0505515
0.0496465
0.0488282
0.0481122
0.0475033
0.047004
0.0466208
0.0463611
0.0462386
0.0462759
0.0464943
0.0469167
0.0475611
0.0484291
0.0495043
0.0507458
0.0520861
0.053442
0.0547227
0.055844
0.0567326
0.0573248
0.0575636
0.0574092
0.0568518
0.0559296
0.0547283
0.0533642
0.0519609
0.0506238
0.0494273
0.0484166
0.0476087
0.0470012
0.0465786
0.0463173
0.0461897
0.0461644
0.0462077
0.0462832
0.0463536
0.0463799
0.0463313
0.046184
0.0459282
0.0455672
0.0451205
0.0446149
0.044088
0.0435684
0.0430834
0.0426476
0.042264
0.0419271
0.041622
0.0413294
0.0410351
0.0407289
0.0404147
0.0401061
0.0398311
0.0396212
0.0395138
0.0395462
0.0397504
0.0401521
0.0407741
0.0416292
0.0427272
0.0440718
0.0456613
0.0474908
0.0495485
0.0518161
0.0542638
0.0568492
0.059508
0.0621545
0.0646868
0.0669845
0.0689265
0.0704128
0.0713792
0.0718134
0.071745
0.0712324
0.0703449
0.0691515
0.0677168
0.066103
0.0643773
0.0626084
0.0608647
0.0592084
0.0576926
0.0563596
0.0552414
0.0543597
0.053729
0.0533502
0.0532161
0.0533063
0.0535833
0.0539955
0.0544782
0.0549586
0.0553661
0.0556438
0.0557582
0.055705
0.055513
0.0552363
0.054947
0.0547316
0.0546814
0.0548786
0.0553894
0.0562394
0.05739
0.0587191
0.0600083
0.060986
0.0614185
0.0612126
0.0604615
0.0593959
0.0582652
0.0572537
0.0564449
0.0558277
0.0553337
0.0548735
0.0543607
0.0537288
0.0529468
0.0520115
0.0509437
0.0497823
0.0485684
0.0473474
0.0461625
0.0450484
0.0440441
0.0431784
0.0424815
0.0419716
0.0416545
0.0415155
0.0415118
0.0415776
0.0416299
0.0415907
0.0414073
0.0410677
0.0406075
0.0400936
0.0396034
0.0392067
0.038948
0.0388482
0.0389049
0.0390985
0.0393951
0.0397576
0.0401484
0.0405326
0.0408847
0.0411928
0.0414603
0.0417032
0.0419507
0.0422432
0.0426271
0.0431495
0.0438566
0.0447838
0.0459458
0.0473252
0.0488549
0.050405
0.0517832
0.0527694
0.0531821
0.0529468
0.052133
0.0509213
0.0495325
0.0481625
0.0469458
0.0459501
0.0451927
0.044655
0.0442995
0.0440829
0.0439613
0.043899
0.0438707
0.0438641
0.043881
0.0439341
0.0440414
0.0442261
0.0445132
0.0449279
0.0454911
0.0462188
0.0471203
0.0481951
0.0494273
0.0507809
0.0522007
0.0536186
0.0549646
0.0561797
0.0572284
0.0580942
0.0587712
0.0592466
0.0594853
0.0594389
0.0590624
0.0583403
0.0573065
0.0560466
0.0546732
0.0533037
0.0520389
0.0509522
0.0500888
0.0494668
0.0490911
0.048941
0.048987
0.0491778
0.0494481
0.0497184
0.0499032
0.0499275
0.0497507
0.0493727
0.0488355
0.048211
0.0475826
0.0470325
0.0466271
0.0464168
0.0464351
0.0467029
0.0472291
0.0480107
0.0490313
0.0502555
0.051627
0.05307
0.0544981
0.0558216
0.0569636
0.0578683
0.0585061
0.0588691
0.058964
0.0588143
0.058453
0.0579306
0.0573105
0.0566652
0.0560575
0.0555193
0.0550358
0.0545335
0.053897
0.0529984
0.0517533
0.0501508
0.0482611
0.0462039
0.0441183
0.0421209
0.0402968
0.0386975
0.0373509
0.0362664
0.0354422
0.0348749
0.034556
0.0344817
0.0346502
0.0350588
0.0357045
0.0365718
0.0376262
0.0388042
0.0400093
0.041118
0.0420068
0.042587
0.0428374
0.0428142
0.0426285
0.0424084
0.0422627
0.0422589
0.0424171
0.0427145
0.0430999
0.0434967
0.0438228
0.0440035
0.043983
0.0437366
0.0432707
0.042616
0.0418215
0.0409391
0.0400204
0.0391064
0.0382272
0.0374085
0.0366635
0.0360006
0.0354262
0.0349422
0.0345527
0.0342642
0.0340847
0.0340263
0.0341046
0.0343407
0.0347548
0.0353674
0.036191
0.037225
0.0384405
0.039776
0.041129
0.0423733
0.0433837
0.0440734
0.0444259
0.0444917
0.0443658
0.0441498
0.0439231
0.0437351
0.0436061
0.043539
0.0435353
0.0436006
0.0437496
0.044005
0.0443956
0.0449537
0.045707
0.046677
0.0478758
0.0493047
0.0509518
0.052792
0.054779
0.0568307
0.0588066
0.0604781
0.0615333
0.0616587
0.0606891
0.0587325
0.0561541
0.0534193
0.0509295
0.048931
0.0475274
0.0467294
0.0465004
0.0467892
0.0475432
0.0487162
0.0502686
0.0521574
0.0543361
0.0567403
0.0592818
0.0618392
0.0642527
0.0663346
0.0678887
0.0687555
0.0688582
0.0682389
0.0670481
0.0655049
0.0638304
0.062194
0.0606944
0.0593512
0.0581272
0.0569547
0.0557647
0.0545105
0.0531741
0.0517737
0.0503499
0.0489582
0.0476518
0.0464785
0.0454736
0.0446628
0.0440628
0.0436823
0.0435268
0.0435965
0.0438842
0.0443753
0.045046
0.0458587
0.0467609
0.0476884
0.0485714
0.0493458
0.0499689
0.0504258
0.0507312
0.0509167
0.051009
0.0510114
0.0508907
0.0505828
0.0500213
0.0491655
0.0480269
0.0466779
0.0452241
0.0437795
0.0424342
0.0412514
0.0402636
0.0394817
0.0389011
0.0385125
0.0383063
0.0382732
0.0384095
0.0387143
0.0391916
0.0398478
0.0406919
0.0417274
0.0429551
0.0443618
0.045921
0.047581
0.0492692
0.050895
0.0523594
0.053575
0.0544844
0.055064
0.0553275
0.0553121
0.0550672
0.0546393
0.0540686
0.0533898
0.0526284
0.0518073
0.0509504
0.0500813
0.0492243
0.0484055
0.0476538
0.0469919
0.0464448
0.0460369
0.0457916
0.0457279
0.0458576
0.0461781
0.0466692
0.0472779
0.0479259
0.0485163
0.0489571
0.0491848
0.0491885
0.0490111
0.048728
0.0484258
0.0481713
0.0480083
0.0479594
0.0480376
0.0482554
0.0486277
0.0491612
0.0498368
0.050593
0.0513183
0.0518699
0.0521051
0.0519273
0.0513153
0.0503239
0.0490574
0.0476341
0.046161
0.0447209
0.043374
0.0421644
0.0411248
0.0402768
0.039631
0.0391867
0.0389358
0.0388632
0.0389477
0.0391671
0.039498
0.039919
0.0404116
0.0409631
0.0415614
0.0422026
0.0428847
0.0436097
0.0443752
0.0451779
0.0460034
0.0468264
0.0476013
0.0482692
0.0487619
0.0490193
0.0490156
0.0487754
0.048377
0.0479299
0.0475523
0.0473404
0.0473591
0.0476339
0.0481596
0.048905
0.0498182
0.0508372
0.0518945
0.0529243
0.0538757
0.0547205
0.0554652
0.0561506
0.0568465
0.0576378
0.058599
0.0597637
0.0610909
0.0624432
0.0635823
0.0642194
0.0641129
0.0631642
0.0614546
0.0592094
0.0567079
0.0542063
0.0518916
0.0498795
0.0482208
0.0469233
0.0459667
0.0453166
0.0449313
0.0447665
0.0447783
0.0449187
0.0451439
0.0454072
0.0456611
0.0458635
0.0459738
0.0459627
0.045812
0.045515
0.0450816
0.0445324
0.043896
0.0432049
0.0424886
0.0417749
0.0410838
0.0404277
0.0398154
0.03925
0.0387291
0.0382499
0.0378086
0.0373992
0.0370182
0.0366616
0.0363268
0.036011
0.0357132
0.0354339
0.0351732
0.0349316
0.0347121
0.034517
0.0343466
0.034204
0.0340918
0.034011
0.033965
0.0339591
0.0339992
0.0340912
0.034244
0.0344701
0.0347827
0.0351998
0.0357387
0.0364233
0.0372716
0.0382964
0.0394977
0.0408548
0.042315
0.0437931
0.0451763
0.0463488
0.0472167
0.0477427
0.0479554
0.0479428
0.0478272
0.0477436
0.0478212
0.0481814
0.0489161
0.0500817
0.0516674
0.053549
0.0554657
0.05705
0.0579474
0.0579872
0.0572703
0.0561027
0.0548315
0.0537125
0.052873
0.0523356
0.0520529
0.0519466
0.0519209
0.0518827
0.0517537
0.0514811
0.0510467
0.05047
0.0497971
0.0490843
0.048386
0.0477453
0.0471893
0.0467286
0.0463611
0.0460782
0.0458619
0.045693
0.0455509
0.0454108
0.0452484
0.0450398
0.0447627
0.0444012
0.0439463
0.0434043
0.0427914
0.0421343
0.0414691
0.0408349
0.0402659
0.0397941
0.0394394
0.0392166
0.0391327
0.0391856
0.0393705
0.0396785
0.0400915
0.0405933
0.0411623
0.0417796
0.0424219
0.0430692
0.0437021
0.0443008
0.0448442
0.0453107
0.0456782
0.0459296
0.0460573
0.0460641
0.0459681
0.0458004
0.0456004
0.0454106
0.0452668
0.0451976
0.0452203
0.0453421
0.0455614
0.0458696
0.046252
0.0466948
0.0471817
0.0476998
0.0482371
0.0487842
0.0493382
0.0498903
0.0504393
0.0509795
0.0515077
0.0520177
0.052511
0.0529885
0.0534602
0.0539405
0.0544444
0.0549781
0.0555278
0.0560484
0.0564596
0.0566673
0.056583
0.0561587
0.055401
0.0543628
0.053112
0.0517115
0.0502087
0.0486423
0.0470541
0.0454944
0.044018
0.0426786
0.0415187
0.0405691
0.0398466
0.0393555
0.0390967
0.0390647
0.0392485
0.0396365
0.0402115
0.0409536
0.0418348
0.0428196
0.0438671
0.044927
0.0459495
0.0468768
0.0476532
0.0482251
0.0485524
0.048616
0.048428
0.0480324
0.0474991
0.0469148
0.0463618
0.0459061
0.0455895
0.0454294
0.0454172
0.0455317
0.0457396
0.0460132
0.0463366
0.046706
0.0471326
0.0476257
0.0481734
0.0487214
0.0491748
0.0494177
0.0493716
0.0490454
0.0485578
0.0481103
0.0479299
0.0482037
0.0490281
0.0503565
0.0519662
0.053458
0.0543712
0.0543903
0.0535055
0.0519938
0.0502394
0.0485536
0.0471052
0.045945
0.0450672
0.0444468
0.0440663
0.0439227
0.0440184
0.0443554
0.0449192
0.0456678
0.0465269
0.0473878
0.0481299
0.0486583
0.0489478
0.0490694
0.0491734
0.0494419
0.0500303
0.051012
0.052341
0.0538337
0.0551865
0.0560341
0.056054
0.0550931
0.0532391
0.0507849
0.0481002
0.0455076
0.0432158
0.0413167
0.0398207
0.0386916
0.0378793
0.0373304
0.0369971
0.0368403
0.0368291
0.0369376
0.037144
0.0374322
0.0377866
0.0381937
0.0386414
0.0391193
0.0396187
0.0401328
0.0406575
0.0411914
0.0417314
0.042282
0.0428444
0.0434254
0.0440313
0.0446678
0.0453424
0.046058
0.0468142
0.0476031
0.0484101
0.0492101
0.0499727
0.0506681
0.0512787
0.0518064
0.0522777
0.0527433
0.053266
0.0539119
0.0547338
0.0557594
0.0569801
0.0583462
0.0597603
0.0610967
0.062218
0.0630123
0.0634206
0.0634431
0.0631214
0.0625104
0.0616641
0.0606231
0.0594222
0.0580974
0.0566962
0.0552711
0.0538677
0.0525134
0.0512106
0.0499401
0.0486692
0.0473754
0.0460576
0.0447408
0.0434706
0.0422985
0.0412754
0.0404364
0.0398057
0.0393931
0.0391988
0.0392205
0.0394509
0.0398859
0.0405195
0.0413484
0.0423691
0.0435722
0.0449468
0.0464723
0.048121
0.0498482
0.0515993
0.0533081
0.0548991
0.0562959
0.0574285
0.0582407
0.0586996
0.0587972
0.0585571
0.0580286
0.0572848
0.0564191
0.0555321
0.0547287
0.0541117
0.0537673
0.0537551
0.0540914
0.0547252
0.0555209
0.0562658
0.0567139
0.0566688
0.0560437
0.0548895
0.0533495
0.0515961
0.0497813
0.0480231
0.0464122
0.0450161
0.0438833
0.0430511
0.04254
0.0423585
0.0425015
0.0429475
0.0436601
0.0445801
0.0456274
0.0466987
0.047676
0.0484414
0.0489015
0.048998
0.0487305
0.0481454
0.0473283
0.0463815
0.0454086
0.0444991
0.0437223
0.0431333
0.0427726
0.0426738
0.0428609
0.0433505
0.0441407
0.0452023
0.0464596
0.0477872
0.0490147
0.049975
0.0505593
0.050763
0.050684
0.0504803
0.0503071
0.0502732
0.0504247
0.0507555
0.051225
0.0517716
0.052331
0.0528472
0.0532765
0.0535907
0.0537739
0.0538214
0.0537357
0.0535154
0.0531617
0.052669
0.0520304
0.0512469
0.0503243
0.049281
0.0481479
0.0469659
0.0457799
0.0446306
0.0435535
0.0425769
0.0417202
0.0409955
0.0404089
0.0399635
0.0396598
0.0394977
0.0394751
0.0395922
0.0398477
0.0402422
0.0407763
0.0414513
0.0422669
0.0432207
0.0443083
0.0455189
0.0468344
0.0482254
0.0496464
0.0510363
0.0523219
0.0534262
0.0542868
0.0548648
0.0551678
0.0552544
0.0552308
0.0552356
0.0554159
0.0558903
0.0567168
0.0578637
0.0592004
0.0605217
0.0616056
0.0622995
0.0625629
0.0624619
0.0621087
0.0615949
0.0609451
0.0601044
0.0589663
0.0574347
0.0554954
0.0532372
0.0508214
0.0484304
0.0462087
0.0442485
0.0425855
0.0412211
0.0401357
0.0393052
0.0386972
0.0382909
0.0380664
0.0380122
0.0381212
0.0383953
0.038837
0.0394592
0.04028
0.0413207
0.0426012
0.0441353
0.0459169
0.0479037
0.0500032
0.052069
0.0539198
0.0553872
0.0563611
0.0568227
0.0568314
0.0564832
0.055875
0.0550864
0.054177
0.053203
0.052218
0.0512727
0.0504149
0.0496828
0.0491018
0.0486843
0.0484372
0.048355
0.0484251
0.0486327
0.0489595
0.04938
0.0498634
0.0503661
0.0508318
0.0511954
0.0513916
0.051373
0.051125
0.0506759
0.0500944
0.0494721
0.0489053
0.0484805
0.0482584
0.0482739
0.0485378
0.0490394
0.0497513
0.0506341
0.0516314
0.0526671
0.0536423
0.054432
0.0549119
0.0550015
0.0547032
0.0541185
0.0534125
0.0527618
0.0523091
0.0521375
0.0522757
0.052716
0.0534435
0.0544628
0.0558157
0.0575605
0.0597144
0.062143
0.0644486
0.0659884
0.0661443
0.0647167
0.0620781
0.0589051
0.0557934
0.0530775
0.0508592
0.0491114
0.0477623
0.0467373
0.0459743
0.0454289
0.0450679
0.0448651
0.0447964
0.0448388
0.0449633
0.0451371
0.0453237
0.0454889
0.0456035
0.0456555
0.0456498
0.0456078
0.0455724
0.0455915
0.0457185
0.0460047
0.0464941
0.0472263
0.0482315
0.0495372
0.0511614
0.0531163
0.0554042
0.0580135
0.0609083
0.0640256
0.0672616
0.0704691
0.073456
0.0760024
0.0778858
0.0789163
0.0789788
0.0780478
0.0761998
0.0735995
0.0704744
0.0670746
0.0636266
0.0603027
0.0572105
0.0543999
0.0518802
0.0496393
0.0476639
0.0459386
0.0444616
0.0432373
0.0422781
0.0416069
0.0412512
0.0412483
0.0416348
0.0424421
0.0436702
0.0452596
0.0470552
0.0488006
0.0501926
0.0509987
0.0511709
0.0508496
0.0502515
0.0495216
0.0486761
0.0476344
0.0463151
0.0447183
0.0429381
0.0411266
0.0394292
0.0379497
0.0367411
0.0358187
0.0351744
0.0347915
0.0346538
0.0347519
0.0350742
0.0356176
0.0363695
0.0373051
0.0383726
0.0394889
0.0405406
0.0413969
0.0419487
0.0421373
0.0419763
0.041544
0.0409556
0.0403243
0.0397347
0.0392398
0.038861
0.0385994
0.0384438
0.0383831
0.0384071
0.0385128
0.0387034
0.0389878
0.0393825
0.0399096
0.0405905
0.0414501
0.0425079
0.0437753
0.0452534
0.0469262
0.0487581
0.0506883
0.0526289
0.0544557
0.0560196
0.0571625
0.0577547
0.0577414
0.057167
0.0561585
0.0548776
0.0534797
0.0520728
0.0507154
0.049424
0.0481946
0.0470148
0.0458797
0.044796
0.0437782
0.0428483
0.0420231
0.0413231
0.0407573
0.0403289
0.0400389
0.0398835
0.0398558
0.0399485
0.0401545
0.0404683
0.0408842
0.0413954
0.041997
0.0426807
0.0434392
0.0442595
0.0451254
0.0460145
0.0469012
0.0477543
0.0485413
0.0492326
0.0497985
0.0502183
0.0504789
0.050578
0.0505246
0.0503336
0.0500342
0.0496609
0.0492569
0.0488699
0.0485498
0.0483416
0.0482863
0.0484074
0.0487044
0.0491404
0.0496436
0.0501084
0.0504217
0.0504961
0.0503044
0.049888
0.0493418
0.0487808
0.0483031
0.0479759
0.0478279
0.047857
0.0480405
0.0483411
0.0487165
0.0491212
0.0495072
0.0498271
0.05004
0.0501107
0.0500164
0.0497568
0.0493459
0.0488141
0.0482061
0.0475685
0.0469463
0.0463807
0.0459019
0.0455325
0.0452821
0.0451545
0.0451457
0.0452478
0.0454484
0.0457361
0.0460994
0.046524
0.0470039
0.0475259
0.0480765
0.0486325
0.0491576
0.0496059
0.0499187
0.0500364
0.0499106
0.0495145
0.0488492
0.0479474
0.0468693
0.0456859
0.0444704
0.0432846
0.0421738
0.0411678
0.0402807
0.0395145
0.038863
0.0383162
0.0378626
0.0374883
0.0371827
0.0369341
0.0367315
0.0365662
0.0364318
0.0363211
0.0362278
0.0361485
0.0360795
0.0360196
0.0359695
0.0359328
0.0359179
0.0359363
0.0360069
0.0361532
0.0364068
0.0368085
0.0374066
0.0382581
0.0394288
0.0409882
0.0430009
0.0455104
0.0485084
0.0519044
0.0554952
0.0589546
0.0618849
0.0639101
0.0648032
0.0645648
0.0634091
0.0616624
0.0596434
0.057586
0.0556348
0.0538621
0.0523022
0.0509692
0.0498657
0.0489854
0.0483168
0.0478415
0.0475379
0.0473776
0.0473302
0.0473604
0.0474335
0.0475111
0.0475574
0.0475418
0.0474356
0.0472216
0.0468909
0.04645
0.0459185
0.0453273
0.0447193
0.0441343
0.0436108
0.0431804
0.0428661
0.0426801
0.0426251
0.0426998
0.0428983
0.0432159
0.0436486
0.0441954
0.044858
0.0456276
0.0464887
0.0474033
0.048312
0.0491369
0.0497967
0.0502257
0.0503923
0.0503022
0.0499868
0.0494883
0.0488447
0.0480809
0.0472093
0.0462437
0.0451991
0.0441025
0.0429868
0.0418909
0.04085
0.0398945
0.0390455
0.0383174
0.0377177
0.037249
0.0369095
0.0366946
0.0366021
0.0366257
0.036763
0.0370095
0.0373617
0.0378143
0.0383639
0.0390023
0.0397186
0.0405001
0.0413295
0.0421845
0.0430439
0.0438888
0.0447064
0.0454912
0.0462528
0.0470089
0.0477835
0.0485981
0.0494655
0.0503776
0.0513037
0.0521908
0.0529715
0.0535759
0.0539581
0.0541067
0.0540462
0.0538294
0.0535192
0.0531766
0.0528488
0.0525629
0.0523334
0.0521644
0.0520575
0.0520124
0.0520304
0.0521188
0.0522802
0.0525173
0.0528238
0.0531826
0.0535567
0.0538974
0.0541406
0.0542258
0.0541078
0.05378
0.0532735
0.0526562
0.0520233
0.0514726
0.0511022
0.0509898
0.0511993
0.05177
0.0527202
0.0540349
0.0556689
0.0575309
0.0594951
0.0614122
0.0631278
0.0644944
0.0653815
0.0656784
0.0653016
0.0642282
0.06252
0.0603286
0.0578665
0.0553552
0.0529809
0.0508649
0.0490721
0.0476171
0.0464826
0.0456367
0.0450392
0.0446508
0.0444408
0.0443788
0.0444399
0.0445974
0.0448243
0.0450881
0.0453469
0.0455614
0.0456867
0.0456929
0.0455636
0.0453015
0.044929
0.0444828
0.0440011
0.0435178
0.0430607
0.0426444
0.0422775
0.0419597
0.0416874
0.0414535
0.0412523
0.0410784
0.0409241
0.0407839
0.0406526
0.0405275
0.040407
0.0402924
0.0401894
0.0401031
0.040046
0.0400292
0.0400653
0.0401679
0.0403498
0.0406216
0.040992
0.0414681
0.0420531
0.0427434
0.0435333
0.0444095
0.0453537
0.0463428
0.0473508
0.0483467
0.0493055
0.0502079
0.0510485
0.0518265
0.0525516
0.0532391
0.0539061
0.0545668
0.0552316
0.0559069
0.0565963
0.0572994
0.0580126
0.0587332
0.0594558
0.0601738
0.0608805
0.0615699
0.0622286
0.0628374
0.0633686
0.0637852
0.0640444
0.0641058
0.0639404
0.0635386
0.0629161
0.0621132
0.0611835
0.060189
0.0591773
0.0581843
0.0572258
0.056302
0.0554001
0.0545006
0.0535878
0.0526521
0.0517005
0.0507576
0.0498657
0.0490762
0.0484356
0.0479682
0.0476628
0.0474722
0.0473213
0.0471229
0.0468063
0.0463415
0.0457459
0.0450743
0.0444013
0.0437953
0.0433074
0.042966
0.0427828
0.0427508
0.0428598
0.0430963
0.0434476
0.0439074
0.044472
0.0451392
0.0459045
0.0467544
0.0476609
0.0485795
0.0494482
0.0501967
0.0507642
0.0511101
0.0512292
0.0511452
0.0508969
0.050528
0.0500695
0.0495399
0.0489469
0.0482976
0.0476053
0.0468937
0.046194
0.0455411
0.0449675
0.0444989
0.0441538
0.0439417
0.0438641
0.0439193
0.0440997
0.0443979
0.0448086
0.0453252
0.0459454
0.0466677
0.04749
0.048399
0.0493694
0.0503619
0.0513206
0.052189
0.0529198
0.0534883
0.0538995
0.0541821
0.0543665
0.054479
0.0545251
0.0544932
0.0543636
0.054122
0.0537633
0.0532986
0.0527485
0.0521381
0.0514932
0.0508349
0.0501782
0.0495395
0.0489313
0.0483695
0.0478702
0.0474529
0.0471365
0.0469348
0.0468565
0.0468995
0.0470493
0.0472831
0.0475704
0.047875
0.0481682
0.0484273
0.0486485
0.0488334
0.0490008
0.0491716
0.0493695
0.049612
0.0499081
0.0502557
0.0506382
0.0510276
0.0513791
0.0516433
0.0517586
0.0516659
0.0513152
0.050682
0.0497773
0.0486508
0.0473874
0.0460888
0.0448598
0.0437941
0.0429627
0.0424143
0.0421712
0.0422336
0.0425801
0.0431665
0.0439299
0.0447978
0.0456887
0.0465249
0.047239
0.047784
0.0481348
0.0482874
0.0482566
0.048074
0.0477791
0.0474188
0.0470389
0.0466817
0.0463887
0.0461949
0.0461379
0.0462532
0.0465754
0.0471315
0.0479339
0.0489707
0.0501898
0.051495
0.0527545
0.053836
0.0546542
0.0552058
0.0555769
0.0559061
0.0563304
0.0569374
0.0577493
0.0587271
0.0597855
0.0608231
0.0617471
0.0624917
0.0630252
0.0633464
0.0634646
0.0633888
0.0631161
0.0626384
0.0619468
0.0610488
0.0599756
0.0587796
0.0575252
0.056281
0.0551066
0.0540509
0.0531529
0.0524423
0.0519423
0.0516706
0.0516404
0.0518553
0.0523033
0.0529501
0.0537326
0.054563
0.0553483
0.0560117
0.0565162
0.0568668
0.0570768
0.0571327
0.0569718
0.0565077
0.0556893
0.0545523
0.0532293
0.0519086
0.0507734
0.0499688
0.0495919
0.0497003
0.0503156
0.0514235
0.0529618
0.0548072
0.0567759
0.0586599
0.0602853
0.0615592
0.0624894
0.0631368
0.0635702
0.0638335
0.0639515
0.0639386
0.0638094
0.0635587
0.0631603
0.0625676
0.0617386
0.0606693
0.0594023
0.0580237
0.0566353
0.0553154
0.0541075
0.0530108
0.0519882
0.050987
0.049956
0.0488614
0.0476942
0.046465
0.0452063
0.0439521
0.0427366
0.0415911
0.0405393
0.0396005
0.0387904
0.0381223
0.0376081
0.0372542
0.0370597
0.0370148
0.0371001
0.0372864
0.037537
0.0378153
0.0380903
0.0383487
0.0385891
0.0388302
0.0390924
0.0393994
0.0397628
0.0401823
0.0406509
0.0411566
0.0416944
0.0422722
0.0429051
0.0436231
0.0444579
0.0454465
0.0466269
0.0480383
0.0497171
0.0516885
0.053948
0.0564292
0.0589802
0.0613436
0.0632094
0.0643343
0.0646422
0.064212
0.0631882
0.0617301
0.0600221
0.0582696
0.0566604
0.0553253
0.0543321
0.0537108
0.0534665
0.053595
0.0540808
0.0548918
0.0559794
0.0572812
0.0587221
0.0602163
0.0616737
0.0629923
0.0640734
0.0648247
0.0651826
0.0651184
0.0646501
0.0638358
0.0627621
0.0615187
0.060196
0.0588601
0.0575604
0.0563292
0.0551868
0.0541531
0.0532477
0.0525043
0.0519672
0.0516979
0.051766
0.0522457
0.0531975
0.0546408
0.0565264
0.0587095
0.0609624
0.0630467
0.0648081
0.0662196
0.0672984
0.0679652
0.0679831
0.0670854
0.0652041
0.0625801
0.0596345
0.0567597
0.054196
0.0520284
0.0502473
0.0487965
0.0476181
0.0466544
0.0458577
0.0451877
0.0446111
0.0441047
0.0436518
0.04325
0.0429074
0.0426426
0.0424803
0.0424464
0.0425652
0.0428501
0.0432938
0.0438703
0.0445283
0.0451929
0.0457813
0.0462202
0.0464644
0.0465148
0.0464132
0.046233
0.0460538
0.0459525
0.0459865
0.0461924
0.0465775
0.0471254
0.0477884
0.0484964
0.0491613
0.0497019
0.0500565
0.0502053
0.0501711
0.0500043
0.0497652
0.0495027
0.0492402
0.0489753
0.0486807
0.0483221
0.0478624
0.0472785
0.0465687
0.0457478
0.0448478
0.0439129
0.0429893
0.0421218
0.0413431
0.0406807
0.0401504
0.0397566
0.0394983
0.0393691
0.0393613
0.0394659
0.0396788
0.0400056
0.0404579
0.0410593
0.0418459
0.0428651
0.0441725
0.0458271
0.0478765
0.0503516
0.0532386
0.0564551
0.0598305
0.0630975
0.0659044
0.0678801
0.0687378
0.0683796
0.0669643
0.0648449
0.0624485
0.0601401
0.0581524
0.0565848
0.0554379
0.054651
0.0541291
0.0537742
0.0534918
0.0532019
0.0528451
0.0523906
0.0518288
0.0511783
0.0504741
0.0497597
0.0490834
0.0484825
0.0479889
0.0476217
0.047391
0.0472979
0.0473388
0.0475047
0.0477773
0.0481241
0.0484929
0.0488223
0.0490441
0.049104
0.0489805
0.0486884
0.0482765
0.0478176
0.047381
0.0470219
0.046772
0.0466359
0.0465998
0.0466304
0.0466849
0.0467233
0.0467151
0.0466443
0.046517
0.0463596
0.0462164
0.0461415
0.0461924
0.0464251
0.0468893
0.0476153
0.0486048
0.0498136
0.0511265
0.0523612
0.0532945
0.0537356
0.0536104
0.0529948
0.0520832
0.0511031
0.0502436
0.0496251
0.0493013
0.0492758
0.0495207
0.0499818
0.0505836
0.0512306
0.0518224
0.052272
0.0525295
0.0525964
0.0525205
0.0523761
0.0522383
0.0521622
0.0521714
0.052256
0.0523685
0.0524428
0.0524034
0.0521911
0.0517809
0.051191
0.0504763
0.0497152
0.0489759
0.0483141
0.0477537
0.0473023
0.046943
0.0466499
0.0463912
0.0461335
0.0458499
0.0455156
0.0451201
0.0446579
0.0441315
0.0435503
0.0429278
0.0422789
0.0416211
0.0409726
0.0403529
0.039782
0.0392818
0.0388727
0.0385783
0.038416
0.0384021
0.0385444
0.0388372
0.0392666
0.039797
0.0403793
0.0409484
0.041436
0.0417766
0.0419194
0.0418423
0.0415516
0.0410857
0.0405042
0.0398791
0.0392785
0.0387588
0.0383587
0.0380971
0.0379713
0.0379635
0.0380488
0.038192
0.0383616
0.0385255
0.0386642
0.038765
0.0388323
0.0388769
0.0389196
0.038986
0.0391035
0.0392988
0.0395944
0.0400071
0.0405459
0.041211
0.0419913
0.0428637
0.0437927
0.0447369
0.0456481
0.0464865
0.0472205
0.0478417
0.0483592
0.0488037
0.0492199
0.0496605
0.0501733
0.050802
0.0515775
0.052522
0.0536525
0.0549822
0.0565257
0.0582987
0.0603107
0.0625554
0.0649997
0.0675738
0.0701744
0.0726798
0.0749551
0.0768523
0.078209
0.0788773
0.0787955
0.0780226
0.0767038
0.074996
0.0730382
0.070958
0.0688685
0.066855
0.0649661
0.0632252
0.0616301
0.0601514
0.0587328
0.0573075
0.0558201
0.0542504
0.0526232
0.0509999
0.0494584
0.0480744
0.0469052
0.0459883
0.0453365
0.044949
0.0448107
0.0448985
0.0451817
0.0456265
0.0461947
0.0468482
0.0475428
0.0482391
0.0489009
0.0494945
0.0499966
0.0503925
0.0506785
0.0508566
0.0509355
0.050929
0.0508523
0.0507236
0.0505596
0.0503784
0.050201
0.0500418
0.0499166
0.0498365
0.0498088
0.04984
0.0499386
0.0501135
0.0503773
0.0507394
0.0512064
0.0517686
0.0523923
0.0530161
0.0535557
0.0539138
0.0540048
0.0537689
0.053192
0.0523053
0.0511778
0.0498993
0.0485703
0.0472906
0.0461515
0.0452337
0.0446029
0.0443076
0.0443778
0.0448304
0.0456697
0.0468897
0.0484743
0.0503978
0.0526144
0.0550453
0.0575536
0.0599169
0.0618111
0.0628625
0.062776
0.0614905
0.0592386
0.0564395
0.0535196
0.0507859
0.0484001
0.0464123
0.0448105
0.0435583
0.0426138
0.0419337
0.0414846
0.0412349
0.0411594
0.0412372
0.0414524
0.0417976
0.0422721
0.0428816
0.0436334
0.0445359
0.0455827
0.0467393
0.0479342
0.0490441
0.0499115
0.0503783
0.0503482
0.0498344
0.0489677
0.0479544
0.0470117
0.0463166
0.0459821
0.0460585
0.0465376
0.047367
0.0484507
0.0496673
0.0508941
0.0520276
0.0530155
0.05386
0.0545811
0.0551723
0.0555634
0.0556327
0.0552647
0.0544383
0.0532654
0.0519492
0.0507143
0.0497357
0.0491168
0.0488949
0.0490628
0.0495858
0.0504171
0.0514938
0.0527419
0.0540683
0.0553636
0.0565078
0.0573775
0.0578689
0.0579084
0.0574668
0.056572
0.0552947
0.0537464
0.052056
0.0503553
0.0487568
0.047349
0.0461902
0.0453145
0.0447365
0.0444541
0.0444578
0.0447225
0.0452156
0.0458869
0.0466695
0.0474838
0.0482406
0.0488599
0.0492933
0.0495392
0.0496398
0.0496727
0.0497243
0.0498627
0.0501237
0.0505051
0.050975
0.0514846
0.0519814
0.0524152
0.0527451
0.0529388
0.0529769
0.0528543
0.0525707
0.05213
0.0515354
0.0508069
0.0499907
0.0491658
0.0484351
0.0479065
0.0476701
0.0477841
0.0482668
0.0490984
0.0502215
0.0515477
0.0529698
0.0543781
0.0556767
0.0567943
0.0576923
0.0583567
0.0587958
0.0590169
0.0590222
0.0587982
0.0583246
0.0575881
0.0565932
0.055371
0.053973
0.0524638
0.0509134
0.0493931
0.047969
0.0467011
0.0456441
0.0448474
0.0443476
0.0441759
0.0443561
0.0448957
0.0457866
0.0469934
0.0484469
0.0500353
0.0516063
0.0529916
0.0540406
0.0546545
0.0548215
0.0546027
0.0541102
0.053469
0.0527956
0.0521857
0.0517116
0.0514172
0.051314
0.0513821
0.0515751
0.0518222
0.0520536
0.052209
0.0522607
0.0522168
0.0521233
0.0520438
0.0520429
0.0521587
0.052392
0.0526954
0.0529919
0.0531988
0.0532547
0.0531439
0.0528951
0.0525681
0.0522198
0.0518748
0.0515191
0.0511143
0.0506296
0.0500696
0.0494893
0.0489704
0.048602
0.0484527
0.0485699
0.0489714
0.0496586
0.0506203
0.0518353
0.053272
0.0548833
0.0565965
0.0582999
0.0598372
0.0610195
0.0616566
0.0616285
0.0609477
0.0597747
0.0583691
0.0570054
0.0559031
0.055203
0.0549612
0.0551748
0.0557898
0.0567195
0.0578487
0.059044
0.0601596
0.0610598
0.061638
0.061828
0.0616191
0.0610466
0.0601762
0.0590901
0.0578609
0.0565447
0.0551762
0.0537708
0.0523335
0.0508677
0.0493847
0.0479033
0.0464562
0.0450837
0.0438293
0.042736
0.0418418
0.0411745
0.0407502
0.0405685
0.0406145
0.0408523
0.0412343
0.0417017
0.0421975
0.0426771
0.0431184
0.0435245
0.0439183
0.0443314
0.0447856
0.045284
0.0458017
0.0462921
0.0466989
0.0469796
0.0471251
0.0471551
0.0471081
0.0470127
0.0468746
0.0466739
0.0463789
0.0459714
0.0454581
0.0448823
0.0443103
0.0438129
0.0434496
0.0432582
0.0432485
0.0434057
0.0436897
0.0440434
0.0443986
0.0446909
0.0448641
0.0448889
0.0447625
0.0445093
0.0441757
0.0438167
0.0434881
0.0432359
0.0430965
0.04309
0.0432197
0.0434717
0.0438105
0.0441861
0.0445396
0.0448148
0.0449745
0.0450049
0.0449215
0.0447625
0.0445791
0.0444238
0.0443423
0.0443735
0.0445519
0.0449098
0.0454901
0.0463501
0.0475715
0.0492594
0.0515479
0.0545562
0.0582962
0.0624946
0.0664314
0.0690983
0.0698194
0.0688157
0.066926
0.0647814
0.0623862
0.0594171
0.0557628
0.0517321
0.0478364
0.0444881
0.0418698
0.0399783
0.0387193
0.0379688
0.0376168
0.0375748
0.0377804
0.038196
0.038801
0.0395852
0.040546
0.0416809
0.0429894
0.0444648
0.0460978
0.0478829
0.0498167
0.0518968
0.0541235
0.0564857
0.0589575
0.0614842
0.063983
0.0663426
0.0684317
0.0701146
0.0712731
0.0718201
0.0717155
0.070973
0.0696609
0.0678922
0.0658063
0.0635517
0.0612668
0.0590614
0.0570163
0.0551793
0.0535679
0.0521799
0.0509937
0.049979
0.0490984
0.0483165
0.0476051
0.046943
0.0463156
0.04572
0.0451585
0.0446377
0.044165
0.0437489
0.0433963
0.0431084
0.0428858
0.0427239
0.0426175
0.0425562
0.0425258
0.0425156
0.0425133
0.0425137
0.0425136
0.0425124
0.0425072
0.0424845
0.0424241
0.0422934
0.0420541
0.0416773
0.0411505
0.0404904
0.0397374
0.0389489
0.0381841
0.0374985
0.0369314
0.0365085
0.0362415
0.0361331
0.0361769
0.0363647
0.0366843
0.0371211
0.0376588
0.0382775
0.0389576
0.039675
0.0404071
0.0411324
0.0418321
0.0424971
0.0431262
0.0437249
0.0443042
0.0448748
0.0454429
0.0460055
0.0465494
0.0470525
0.0474864
0.0478281
0.0480595
0.0481685
0.0481496
0.0479918
0.0476777
0.047183
0.0464896
0.0456004
0.0445455
0.0433852
0.0421931
0.0410435
0.0399941
0.0390831
0.0383274
0.03773
0.0372804
0.0369659
0.0367705
0.0366809
0.0366843
0.0367694
0.0369272
0.0371504
0.037434
0.0377739
0.0381691
0.0386209
0.039135
0.0397216
0.0403927
0.0411636
0.0420535
0.0430789
0.044258
0.0456055
0.0471285
0.048824
0.0506742
0.0526429
0.0546714
0.0566786
0.0585569
0.0601906
0.0614633
0.0622774
0.0625749
0.0623511
0.0616495
0.0605567
0.0591783
0.0576285
0.0560045
0.054391
0.0528507
0.051434
0.0501798
0.0491211
0.0482827
0.0476773
0.0473044
0.0471384
0.0471315
0.0472103
0.0472881
0.0472894
0.0471714
0.0469405
0.04665
0.0463832
0.046231
0.0462634
0.0465215
0.0470122
0.0477132
0.0485708
0.0495077
0.0504329
0.0512587
0.0519156
0.0523758
0.0526602
0.0528312
0.0529746
0.0531805
0.0535127
0.0540013
0.0546333
0.0553593
0.0560998
0.0567666
0.057279
0.0575863
0.0576729
0.0575636
0.0573094
0.0569686
0.0565963
0.056234
0.0559142
0.0556722
0.0555641
0.055684
0.056159
0.0571284
0.0586905
0.0608069
0.0632039
0.065331
0.0665058
0.0662559
0.0646217
0.0621018
0.0593281
0.0567849
0.0547292
0.053247
0.0523325
0.0519423
0.0520257
0.0525218
0.05336
0.0544496
0.0556706
0.0568766
0.0579033
0.0585942
0.0588314
0.058553
0.0577641
0.0565277
0.0549439
0.0531316
0.0511995
0.0492414
0.0473279
0.0455084
0.0438124
0.0422572
0.0408489
0.0395897
0.0384733
0.0374962
0.0366487
0.0359236
0.0353104
0.034802
0.0343874
0.0340598
0.033811
0.0336342
0.0335212
0.0334666
0.0334633
0.0335033
0.0335774
0.0336787
0.033796
0.0339186
0.0340349
0.0341355
0.0342127
0.0342593
0.0342738
0.0342571
0.0342124
0.0341465
0.0340648
0.0339755
0.033884
0.0337965
0.0337151
0.0336462
0.0335915
0.0335585
0.0335538
0.0335881
0.0336738
0.033823
0.0340495
0.0343602
0.0347545
0.0352222
0.0357362
0.0362573
0.0367344
0.0371122
0.0373465
0.0374158
0.037327
0.0371176
0.036845
0.0365745
0.036371
0.0362874
0.0363708
0.0366527
0.0371612
0.0379145
0.0389228
0.0401821
0.0416713
0.0433433
0.045131
0.0469462
0.0486924
0.0502807
0.0516392
0.0527258
0.0535349
0.0540991
0.0544802
0.0547387
0.0549092
0.0549867
0.0549355
0.0547149
0.0543095
0.0537467
0.053088
0.0524097
0.0517852
0.0512707
0.0509017
0.0506944
0.0506471
0.0507491
0.050973
0.0512876
0.0516547
0.0520303
0.0523729
0.052637
0.0527881
0.0527953
0.0526397
0.0523138
0.051822
0.0511803
0.0504128
0.0495526
0.0486361
0.0476981
0.0467764
0.0459011
0.0450962
0.0443813
0.0437679
0.0432655
0.0428723
0.0425892
0.042412
0.0423338
0.0423455
0.0424401
0.0426043
0.0428254
0.0430898
0.0433799
0.0436804
0.0439709
0.0442352
0.0444579
0.0446278
0.0447362
0.0447817
0.0447656
0.044694
0.044576
0.0444224
0.0442423
0.0440475
0.0438483
0.0436508
0.0434635
0.0432916
0.0431405
0.0430178
0.0429321
0.0428919
0.0429088
0.0429972
0.0431696
0.0434423
0.0438273
0.0443315
0.0449552
0.0456862
0.046499
0.0473582
0.0482145
0.0490196
0.0497343
0.0503373
0.050829
0.0512371
0.051608
0.0520017
0.0524817
0.053115
0.0539601
0.0550528
0.0563866
0.0578844
0.0593835
0.060656
0.0614768
0.0617194
0.0614116
0.0607027
0.0597666
0.0587066
0.0575253
0.0561489
0.0544968
0.0525335
0.0502982
0.0478876
0.0454333
0.0430614
0.040871
0.0389221
0.0372419
0.0358313
0.0346744
0.0337459
0.0330202
0.0324687
0.0320691
0.0318002
0.0316456
0.0315955
0.0316382
0.0317699
0.0319874
0.0322934
0.03269
0.0331844
0.0337851
0.0345009
0.0353425
0.0363169
0.0374278
0.0386713
0.0400341
0.0414904
0.0430015
0.0445144
0.0459738
0.0473269
0.0485339
0.0495719
0.0504412
0.0511599
0.0517548
0.0522551
0.0526817
0.0530479
0.0533514
0.053582
0.0537171
0.0537296
0.0535932
0.0532823
0.0527806
0.052086
0.0512183
0.0502198
0.049155
0.0480982
0.0471236
0.0462969
0.0456632
0.0452449
0.0450369
0.0450045
0.0450822
0.0451802
0.0452006
0.0450548
0.0446908
0.0441026
0.0433338
0.0424596
0.0415674
0.0407349
0.0400251
0.0394847
0.0391396
0.0390049
0.0390856
0.0393818
0.0398888
0.0405994
0.0415004
0.0425758
0.0438022
0.0451493
0.0465726
0.0480139
0.0493944
0.050627
0.0516247
0.0523196
0.0526864
0.0527536
0.0525967
0.0523198
0.052021
0.0517734
0.0516056
0.0515009
0.0514078
0.0512601
0.0509961
0.0505812
0.0500133
0.0493253
0.0485706
0.0478118
0.0471113
0.0465209
0.0460809
0.0458171
0.0457402
0.045841
0.0460827
0.0464048
0.0467293
0.0469766
0.0470803
0.0470206
0.0468207
0.046543
0.0462645
0.0460541
0.045953
0.045973
0.0460954
0.0462788
0.04647
0.046618
0.0466789
0.0466285
0.0464629
0.0461994
0.0458759
0.0455391
0.0452403
0.0450288
0.0449429
0.0450122
0.0452426
0.0456266
0.0461356
0.046724
0.0473276
0.0478783
0.0483116
0.0485775
0.0486505
0.0485354
0.0482578
0.0478622
0.0473972
0.0469101
0.0464417
0.0460195
0.0456618
0.0453745
0.0451535
0.0449876
0.0448598
0.044756
0.0446624
0.0445764
0.0445011
0.0444535
0.044452
0.0445232
0.0446925
0.0449827
0.0454147
0.046005
0.0467639
0.047692
0.0487782
0.0499932
0.0512795
0.052551
0.0536952
0.0545833
0.0550897
0.055118
0.0546234
0.0536286
0.0522137
0.0505004
0.0486252
0.0467141
0.0448672
0.0431551
0.041621
0.0402829
0.0391456
0.0382013
0.0374379
0.0368421
0.036398
0.0360915
0.0359141
0.0358557
0.0359063
0.0360594
0.0363064
0.0366374
0.0370391
0.0374954
0.0379906
0.0385104
0.0390463
0.0395989
0.0401863
0.0408366
0.0415896
0.0424919
0.04359
0.0449244
0.0465278
0.0484226
0.0506234
0.0531393
0.0559654
0.0590818
0.0624261
0.0658622
0.0691446
0.0719292
0.0738589
0.0747092
0.0745093
0.0735123
0.0720573
0.0704229
0.0687708
0.0671571
0.0655811
0.0640133
0.0624199
0.0607792
0.059089
0.0573723
0.0556722
0.0540385
0.0525174
0.0511376
0.0498992
0.0487861
0.0477763
0.0468588
0.0460428
0.0453594
0.0448475
0.0445436
0.0444726
0.0446426
0.0450461
0.0456666
0.0464784
0.0474531
0.0485617
0.0497666
0.0510167
0.0522419
0.0533459
0.0542136
0.0547322
0.0548275
0.054502
0.0538318
0.0529379
0.0519456
0.0509509
0.0500113
0.0491537
0.0483917
0.047736
0.0472053
0.046821
0.0466163
0.0466255
0.0468917
0.0474629
0.0483973
0.0497628
0.0516373
0.0540967
0.0571908
0.06089
0.0649887
0.0690185
0.0722487
0.0739226
0.0736458
0.0716376
0.0685492
0.065081
0.0617253
0.0587297
0.0561707
0.0540442
0.0523127
0.0509324
0.0498608
0.0490579
0.0484889
0.0481193
0.0479174
0.0478522
0.0478939
0.0480154
0.0481923
0.048399
0.0486141
0.0488153
0.0489828
0.0490919
0.0491225
0.0490597
0.0488959
0.0486344
0.0482873
0.0478737
0.0474142
0.0469267
0.0464258
0.045914
0.0453883
0.044843
0.0442704
0.0436642
0.0430235
0.0423536
0.0416685
0.0409845
0.040321
0.0396997
0.039139
0.0386563
0.0382655
0.0379807
0.0378123
0.0377704
0.0378649
0.0381028
0.0384887
0.0390238
0.0396984
0.0404917
0.041365
0.0422609
0.0431094
0.0438407
0.0444053
0.0447846
0.044996
0.0450916
0.0451373
0.0452015
0.0453359
0.0455676
0.0458974
0.0462967
0.0467106
0.0470665
0.0472913
0.0473247
0.0471319
0.0467099
0.0460877
0.0453139
0.0444459
0.043542
0.0426545
0.0418296
0.0411064
0.0405176
0.0400905
0.0398475
0.0398049
0.0399776
0.0403736
0.0409979
0.0418439
0.0429014
0.0441451
0.0455349
0.0470155
0.0485191
0.0499699
0.0512965
0.0524369
0.0533538
0.0540276
0.0544594
0.0546654
0.0546797
0.0545529
0.0543496
0.054137
0.0539741
0.0538858
0.0538568
0.0538343
0.0537365
0.0534774
0.0529841
0.0522171
0.051176
0.0498951
0.0484486
0.0469276
0.0454312
0.0440493
0.0428585
0.0419128
0.0412522
0.0409025
0.0408822
0.0412037
0.0418699
0.0428641
0.0441405
0.045604
0.0471106
0.0484797
0.0495475
0.0502293
0.0505572
0.0506729
0.0507661
0.0510089
0.0515166
0.0523373
0.0534656
0.0548587
0.0564586
0.0582048
0.0600545
0.0619835
0.0639894
0.0660766
0.0682383
0.0704196
0.0724967
0.0742776
0.0755691
0.0762699
0.0764511
0.0763401
0.0762161
0.0762794
0.0765637
0.0769099
0.0770046
0.0764909
0.0751087
0.072814
0.0697898
0.0663449
0.0627916
0.059357
0.0561773
0.0533175
0.0507927
0.0485978
0.0467175
0.0451329
0.043822
0.04276
0.0419217
0.0412821
0.0408158
0.040497
0.0403022
0.0402046
0.0401828
0.0402145
0.0402784
0.0403583
0.0404385
0.0405063
0.0405532
0.0405739
0.040567
0.0405321
0.0404715
0.0403894
0.0402902
0.0401784
0.040058
0.0399372
0.0398196
0.0397111
0.0396135
0.0395296
0.0394586
0.0393999
0.0393465
0.0392933
0.0392339
0.0391633
0.0390758
0.0389695
0.0388524
0.0387375
0.0386459
0.0386104
0.0386651
0.0388512
0.0391988
0.0397275
0.0404275
0.0412491
0.0420997
0.0428444
0.0433385
0.0434703
0.0432049
0.0425982
0.0417773
0.0408896
0.0400694
0.0394086
0.0389587
0.038738
0.038746
0.0389705
0.0393953
0.040002
0.04077
0.0416749
0.0426883
0.0437739
0.0448883
0.0459835
0.0470113
0.0479233
0.0486787
0.0492506
0.0496222
0.0497957
0.0497856
0.0496194
0.0493312
0.0489597
0.048548
0.0481358
0.0477624
0.0474572
0.0472432
0.0471305
0.0471231
0.0472095
0.0473715
0.0475808
0.0478084
0.0480215
0.0481961
0.0483128
0.0483654
0.0483569
0.0482937
0.048189
0.0480529
0.0478953
0.0477204
0.0475297
0.0473284
0.0471164
0.0469068
0.0467157
0.0465662
0.0464845
0.0464965
0.0466279
0.0468884
0.0472722
0.0477497
0.0482649
0.0487488
0.0491279
0.049344
0.0493738
0.0492339
0.0489735
0.0486521
0.0483289
0.0480491
0.0478438
0.0477344
0.0477403
0.0478833
0.0481899
0.0486884
0.0494013
0.0503457
0.0515152
0.0528789
0.0543781
0.0559275
0.057426
0.0587749
0.0598971
0.0607451
0.0612933
0.0615228
0.0614085
0.0609138
0.0600065
0.0586837
0.0570013
0.0550827
0.0530953
0.0512182
0.0495979
0.0483286
0.047438
0.046899
0.0466493
0.0466085
0.0467032
0.0468772
0.0471047
0.0473858
0.0477361
0.0481748
0.0487192
0.0493783
0.0501541
0.0510424
0.0520384
0.0531369
0.0543344
0.0556281
0.0570117
0.0584628
0.0599419
0.0613682
0.0626329
0.0635993
0.0641408
0.0641716
0.0636874
0.0627607
0.0615271
0.0601447
0.0587549
0.0574611
0.0563217
0.0553519
0.0545338
0.0538284
0.0531863
0.0525575
0.0519046
0.0512056
0.0504579
0.0496808
0.0489069
0.0481751
0.047524
0.0469878
0.0465939
0.0463627
0.0463111
0.0464538
0.0468083
0.0473951
0.048238
0.0493589
0.0507646
0.0524171
0.0542014
0.0559013
0.0572219
0.057881
0.0577387
0.0568733
0.0555409
0.0540406
0.0526024
0.0513468
0.0502955
0.0494161
0.0486544
0.047961
0.047304
0.0466744
0.0460846
0.0455636
0.0451524
0.0448962
0.0448412
0.045023
0.0454655
0.046166
0.0470968
0.0481927
0.0493534
0.0504617
0.0514024
0.0520964
0.0525199
0.0526978
0.0526824
0.0525294
0.0522806
0.0519616
0.0515919
0.0511889
0.0507769
0.050387
0.0500591
0.0498375
0.049769
0.0498987
0.0502619
0.0508769
0.0517372
0.0528108
0.0540479
0.0553964
0.0568175
0.0582929
0.0598093
0.061334
0.0628043
0.0641267
0.0651909
0.0658804
0.0660722
0.0656606
0.0646135
0.0630317
0.0611708
0.0593762
0.0579933
0.0572782
0.0573463
0.0581393
0.0594068
0.0607318
0.0616329
0.0617478
0.0609768
0.0594725
0.0575008
0.0552965
0.0530136
0.0507492
0.0485821
0.0465956
0.0448787
0.043511
0.0425588
0.0420634
0.0420387
0.0424588
0.0432485
0.0442757
0.045363
0.0463307
0.0470656
0.0475656
0.0479496
0.0483992
0.0490777
0.0500705
0.0513584
0.0528245
0.0542868
0.0555478
0.0564405
0.056859
0.0567595
0.0561506
0.0550785
0.0536184
0.0518719
0.0499608
0.048011
0.0461315
0.0444061
0.042889
0.0416077
0.0405652
0.0397528
0.0391516
0.038739
0.0384886
0.0383748
0.0383728
0.0384603
0.0386168
0.0388219
0.0390566
0.0393091
0.039567
0.0398225
0.0400684
0.0403031
0.0405225
0.0407249
0.0409039
0.041058
0.0411776
0.0412584
0.0412955
0.041288
0.04124
0.0411619
0.0410705
0.0409858
0.0409295
0.0409245
0.0409911
0.0411486
0.041416
0.0418087
0.0423416
0.0430273
0.0438787
0.0449026
0.0461057
0.04748
0.0490016
0.0506245
0.0522724
0.0538392
0.0551936
0.0562013
0.0567556
0.0567989
0.0563444
0.0554676
0.0542835
0.052926
0.0515218
0.0501797
0.0489817
0.0479814
0.047207
0.0466624
0.04633
0.0461793
0.0461744
0.0462816
0.0464794
0.0467554
0.0471091
0.0475328
0.0479963
0.0484364
0.048759
0.0488626
0.0486774
0.0481943
0.0474741
0.046616
0.0457228
0.0448721
0.0441067
0.0434341
0.0428415
0.0423052
0.0418034
0.0413161
0.0408306
0.0403425
0.0398497
0.0393537
0.038858
0.0383658
0.0378801
0.0374031
0.036937
0.0364831
0.0360431
0.0356155
0.0352044
0.0348125
0.0344405
0.034095
0.0337768
0.0334924
0.0332464
0.0330427
0.032887
0.0327837
0.0327378
0.0327568
0.0328461
0.0330114
0.033262
0.0336074
0.0340588
0.0346318
0.0353425
0.0362131
0.0372683
0.0385384
0.0400512
0.0418296
0.0438776
0.0461637
0.0486072
0.0510663
0.0533618
0.0553155
0.0568147
0.057845
0.0584741
0.0588014
0.0589051
0.05883
0.0586077
0.0582835
0.0579228
0.057594
0.0573401
0.0571695
0.0570645
0.0569948
0.0569336
0.0568731
0.056815
0.0567646
0.0567261
0.0567053
0.0567112
0.0567602
0.0568695
0.0570568
0.057328
0.0576719
0.0580507
0.0584051
0.058659
0.0587457
0.0586221
0.0582892
0.057804
0.0572622
0.0567801
0.0564598
0.0563722
0.056538
0.0569333
0.0574913
0.0581211
0.0587239
0.0592112
0.0595222
0.059635
0.0595674
0.0593715
0.0591124
0.0588575
0.0586487
0.0584937
0.0583614
0.0581889
0.0578993
0.0574265
0.0567296
0.0558044
0.054672
0.0533765
0.0519642
0.0504755
0.0489445
0.0473991
0.0458596
0.0443507
0.0428971
0.0415234
0.0402496
0.0390933
0.038067
0.0371744
0.0364153
0.0357854
0.0352792
0.0348878
0.034604
0.0344197
0.0343276
0.0343203
0.0343923
0.0345371
0.0347482
0.0350206
0.0353444
0.03571
0.036108
0.0365269
0.0369561
0.0373836
0.0377983
0.0381899
0.0385513
0.0388786
0.0391671
0.0394163
0.0396287
0.0398068
0.0399567
0.0400842
0.0401973
0.040307
0.0404238
0.0405612
0.0407346
0.0409616
0.0412601
0.0416505
0.0421519
0.0427834
0.0435573
0.0444774
0.0455266
0.0466695
0.0478348
0.0489303
0.0498441
0.050475
0.0507562
0.0506741
0.0502682
0.0496125
0.0487973
0.047902
0.0469878
0.0460939
0.0452379
0.0444266
0.0436588
0.042936
0.0422629
0.04165
0.0411167
0.0406881
0.0403903
0.0402508
0.0402899
0.0405176
0.0409249
0.0414843
0.0421419
0.0428257
0.0434504
0.0439434
0.0442644
0.0444158
0.0444455
0.0444241
0.0444318
0.0445267
0.0447398
0.0450724
0.0454926
0.0459517
0.0463928
0.0467624
0.0470252
0.0471669
0.0471925
0.0471241
0.0469915
0.046822
0.0466391
0.0464602
0.0462978
0.0461639
0.0460674
0.0460161
0.0460112
0.0460483
0.0461195
0.0462123
0.046312
0.0464057
0.0464846
0.046545
0.0465925
0.0466359
0.0466899
0.0467762
0.0469178
0.0471387
0.0474599
0.0479028
0.0484777
0.0491853
0.0500103
0.0509207
0.0518644
0.0527764
0.0535825
0.0542123
0.0546049
0.0547142
0.0545014
0.0539426
0.0530307
0.0517955
0.0503013
0.0486503
0.0469617
0.0453465
0.0438956
0.0426713
0.0417126
0.0410395
0.0406626
0.0405912
0.0408336
0.0413996
0.0423043
0.0435644
0.0451933
0.0471963
0.0495629
0.0522587
0.0552111
0.0583031
0.0613793
0.0642555
0.0667508
0.0687261
0.0701078
0.0709033
0.0711822
0.0710569
0.0706602
0.0701145
0.069506
0.0688388
0.0680035
0.0667988
0.065026
0.0626129
0.0596747
0.0564621
0.0532481
0.0502356
0.047537
0.0451846
0.0431686
0.0414572
0.040016
0.0388112
0.037818
0.0370099
0.0363678
0.0358776
0.0355273
0.0353104
0.0352244
0.0352696
0.0354474
0.0357605
0.0362094
0.0367956
0.0375121
0.03835
0.0392938
0.0403227
0.0414121
0.0425292
0.0436252
0.0446341
0.0454631
0.046009
0.0461791
0.0459363
0.045314
0.0444202
0.0433996
0.0423931
0.0415114
0.0408259
0.0403707
0.0401554
0.0401707
0.0403982
0.0408138
0.0413906
0.042094
0.0428843
0.0437181
0.0445464
0.0453239
0.0460104
0.0465773
0.0470087
0.0473034
0.0474655
0.0475055
0.0474352
0.0472624
0.046996
0.0466481
0.0462338
0.0457706
0.0452833
0.0447977
0.0443382
0.0439268
0.0435795
0.0433078
0.0431172
0.043011
0.042986
0.0430363
0.0431474
0.0432947
0.0434434
0.0435445
0.0435438
0.0433979
0.0430848
0.042612
0.042022
0.0413788
0.0407521
0.040208
0.0397934
0.0395369
0.0394488
0.0395272
0.039763
0.0401431
0.0406602
0.0413138
0.0421168
0.0430965
0.0442988
0.0457882
0.0476414
0.0499255
0.0526627
0.0557568
0.0589249
0.0616792
0.0634737
0.0639808
0.0632942
0.0618503
0.0601537
0.0585618
0.0572238
0.0561476
0.055273
0.0545304
0.0538597
0.0532272
0.0526165
0.0520291
0.0514747
0.0509693
0.0505331
0.0501889
0.0499583
0.0498647
0.0499282
0.0501605
0.0505618
0.0511133
0.0517757
0.0524868
0.0531627
0.0537128
0.0540508
0.0541144
0.0538761
0.0533399
0.0525392
0.0515222
0.0503447
0.049062
0.0477227
0.0463719
0.0450487
0.0437846
0.0426047
0.0415285
0.0405659
0.039727
0.0390139
0.0384241
0.0379573
0.0376079
0.0373688
0.0372335
0.0371957
0.0372473
0.0373814
0.0375884
0.0378587
0.0381823
0.0385473
0.0389422
0.039354
0.0397679
0.0401733
0.04056
0.0409206
0.0412512
0.0415498
0.041817
0.0420556
0.0422694
0.0424628
0.0426408
0.0428095
0.0429761
0.0431526
0.0433529
0.0435958
0.0439044
0.0443028
0.0448159
0.0454629
0.0462593
0.0472056
0.048292
0.0494963
0.0507881
0.0521368
0.0535227
0.0549418
0.0564104
0.0579507
0.0595853
0.0613199
0.0631311
0.0649688
0.0667502
0.0683727
0.069728
0.0707173
0.0712675
0.0713478
0.0709702
0.0701853
0.0690662
0.0676912
0.0661398
0.0644885
0.0628136
0.061194
0.0596987
0.0583782
0.0572586
0.0563428
0.0556164
0.0550508
0.0546134
0.0542692
0.0539828
0.053724
0.0534705
0.0532098
0.0529402
0.0526712
0.0524173
0.0521914
0.0520011
0.0518456
0.051713
0.0515852
0.0514439
0.0512732
0.0510707
0.0508477
0.0506303
0.0504591
0.0503788
0.0504312
0.0506536
0.0510646
0.0516493
0.052347
0.0530443
0.0535799
0.0537836
0.0535291
0.0527856
0.0516245
0.0501813
0.0486064
0.0470168
0.0454813
0.0440286
0.0426618
0.0413765
0.0401677
0.0390377
0.0379903
0.0370314
0.0361673
0.0354013
0.0347354
0.0341667
0.0336916
0.0333038
0.0329969
0.0327638
0.0325983
0.0324942
0.0324485
0.0324589
0.0325238
0.0326422
0.0328184
0.0330558
0.0333589
0.0337363
0.0341958
0.0347471
0.035398
0.0361559
0.0370244
0.0380005
0.0390823
0.0402536
0.0414968
0.0427857
0.0440944
0.0453973
0.0466753
0.0479092
0.0490825
0.0501734
0.0511517
0.0519793
0.0526209
0.0530542
0.0532842
0.0533453
0.0532978
0.0532151
0.0531645
0.0531975
0.0533441
0.0536138
0.0540015
0.0544873
0.0550397
0.0556049
0.0561013
0.0564214
0.0564449
0.0560732
0.0552738
0.0540926
0.0526568
0.0511266
0.0496578
0.0483649
0.0473163
0.0465373
0.0460232
0.0457473
0.0456741
0.0457656
0.0459888
0.0463172
0.0467329
0.0472347
0.0478233
0.0485096
0.0493043
0.0502172
0.0512475
0.0523782
0.0535704
0.0547566
0.0558427
0.0567212
0.0572891
0.0574699
0.0572371
0.0566158
0.0556746
0.0545082
0.0532239
0.0519263
0.0507035
0.0496306
0.0487674
0.048159
0.0478386
0.0478247
0.0481228
0.0487137
0.0495533
0.0505687
0.0516614
0.0527143
0.053618
0.0542851
0.054672
0.0547748
0.0546263
0.0542801
0.0537986
0.0532519
0.0527077
0.0522284
0.0518663
0.0516618
0.0516337
0.0517834
0.0520826
0.0524761
0.0528932
0.0532517
0.0534827
0.0535357
0.0533975
0.0530813
0.0526207
0.0520534
0.0514147
0.050737
0.0500545
0.0494026
0.0488159
0.0483261
0.0479502
0.0476845
0.0475039
0.0473655
0.0472231
0.0470439
0.0468293
0.0466123
0.0464628
0.0464762
0.0467603
0.0474356
0.048636
0.0505084
0.0531973
0.056772
0.0610716
0.0654915
0.0689631
0.070421
0.069598
0.067259
0.0645634
0.0623501
0.0609372
0.0602951
0.0602382
0.0605483
0.0610204
0.0614843
0.0618127
0.0619273
0.0617979
0.0614326
0.0608655
0.0601487
0.0593433
0.0585192
0.0577507
0.0571027
0.0566172
0.0562948
0.0560823
0.0558826
0.0555814
0.0550872
0.0543694
0.0534682
0.0524721
0.0514901
0.0506152
0.0499121
0.0494086
0.0491122
0.0490109
0.0490843
0.0493109
0.0496685
0.0501376
0.0507038
0.0513557
0.0520842
0.0528804
0.0537349
0.0546369
0.0555731
0.0565338
0.0575125
0.058506
0.0595146
0.0605345
0.0615596
0.0625718
0.0635389
0.0644178
0.0651481
0.0656596
0.0658691
0.065692
0.0650525
0.0638968
0.0622165
0.0600579
0.0575305
0.0547874
0.0519979
0.0493171
0.0468604
0.0446951
0.0428444
0.0412986
0.0400301
0.0390055
0.0381905
0.0375568
0.0370862
0.0367683
0.036597
0.0365711
0.0366928
0.0369634
0.037383
0.037948
0.0386467
0.0394685
0.0403941
0.0413981
0.0424485
0.0435091
0.0445395
0.0454992
0.0463526
0.0470682
0.0476285
0.0480268
0.0482635
0.0483483
0.0482946
0.0481194
0.047841
0.0474796
0.047059
0.0466035
0.0461375
0.0456882
0.045283
0.0449446
0.0446973
0.0445584
0.0445421
0.0446617
0.0449223
0.045326
0.0458647
0.0465285
0.0472939
0.04813
0.049001
0.049868
0.0506979
0.0514627
0.0521488
0.0527524
0.0532806
0.0537522
0.0541944
0.0546422
0.0551296
0.0556788
0.0562876
0.0569204
0.0575117
0.0579816
0.0582638
0.0583328
0.0582139
0.0579769
0.0577217
0.0575498
0.0575452
0.0577652
0.0582329
0.0589429
0.0598667
0.0609589
0.0621666
0.0634376
0.0647114
0.0659356
0.067065
0.0680688
0.0689437
0.0697093
0.0704092
0.0710902
0.0717833
0.0724711
0.0730652
0.073391
0.0732239
0.072369
0.0707721
0.0685728
0.0660618
0.0635667
0.0613597
0.0596082
0.0583954
0.0577428
0.0576538
0.0581182
0.059109
0.0605354
0.0621966
0.0637475
0.0647458
0.0648087
0.0638035
0.0619157
0.0595327
0.0570661
0.0548269
0.0529974
0.051651
0.0507828
0.0503375
0.0502167
0.050303
0.0504759
0.0506466
0.0507724
0.0508585
0.0509456
0.0510871
0.0513276
0.0517045
0.0522521
0.053005
0.0540063
0.0552903
0.0568381
0.0585186
0.0600462
0.061023
0.0611082
0.0601985
0.058481
0.0562956
0.053955
0.0516601
0.0495112
0.0475575
0.045825
0.0443301
0.0430737
0.0420392
0.0411945
0.0405018
0.0399202
0.0394183
0.0389717
0.0385684
0.0382032
0.0378768
0.0375929
0.0373542
0.0371636
0.0370209
0.0369252
0.0368772
0.0368741
0.0369155
0.0370019
0.0371331
0.0373141
0.0375477
0.0378392
0.0381949
0.0386197
0.0391222
0.0397063
0.040376
0.0411298
0.0419605
0.0428545
0.0437876
0.0447285
0.0456331
0.0464546
0.0471488
0.0476775
0.0480198
0.0481787
0.0481785
0.0480661
0.0479005
0.047749
0.0476758
0.0477405
0.0479894
0.048449
0.0491202
0.0499739
0.0509452
0.0519425
0.0528577
0.0535832
0.0540261
0.0541258
0.0538639
0.0532735
0.0524479
0.0515163
0.0506102
0.0498321
0.0492303
0.0488008
0.0484995
0.0482698
0.0480604
0.0478416
0.0476079
0.0473737
0.0471585
0.0469814
0.0468518
0.0467701
0.0467202
0.0466793
0.0466168
0.0464997
0.0463002
0.0460018
0.0456039
0.0451197
0.0445767
0.0440062
0.0434423
0.0429151
0.0424505
0.042066
0.0417754
0.0415857
0.041505
0.0415374
0.0416841
0.0419469
0.0423237
0.042814
0.0434091
0.0440979
0.0448586
0.0456615
0.0464639
0.0472141
0.0478574
0.0483461
0.0486452
0.0487438
0.0486574
0.0484211
0.0480848
0.0476996
0.0473121
0.0469574
0.0466571
0.046425
0.0462625
0.0461699
0.0461424
0.0461778
0.0462767
0.0464401
0.0466751
0.0469903
0.0473948
0.0479035
0.0485266
0.0492783
0.0501683
0.051191
0.0523198
0.0534984
0.0546356
0.0556148
0.0563227
0.0566746
0.0566426
0.0562624
0.0556058
0.0547619
0.0538092
0.0528093
0.0518093
0.0508455
0.0499465
0.0491376
0.0484438
0.0478841
0.0474742
0.0472215
0.0471231
0.0471645
0.047317
0.047537
0.0477696
0.047956
0.0480417
0.0479883
0.0477846
0.0474483
0.047019
0.0465502
0.0460941
0.0456883
0.0453564
0.0451015
0.0449187
0.0447984
0.0447376
0.0447453
0.0448423
0.045059
0.0454193
0.0459412
0.0466189
0.0474197
0.0482936
0.049185
0.0500498
0.0508771
0.0516855
0.0525118
0.0533817
0.0542768
0.0551231
0.0557949
0.0561503
0.0560798
0.0555496
0.0546124
0.0533841
0.052005
0.0505946
0.0492476
0.0480209
0.0469499
0.0460573
0.0453587
0.044867
0.0445933
0.0445415
0.0447117
0.0450918
0.0456602
0.046381
0.04721
0.0480949
0.0489872
0.0498441
0.0506414
0.051365
0.0520144
0.0525941
0.0531055
0.0535431
0.0538947
0.0541439
0.0542785
0.0542932
0.0542005
0.0540237
0.0537962
0.0535537
0.053323
0.0531166
0.0529259
0.0527271
0.0524877
0.0521792
0.0517956
0.051354
0.0508946
0.0504697
0.0501306
0.0499194
0.0498571
0.0499457
0.0501656
0.05048
0.0508411
0.0511917
0.0514723
0.0516284
0.0516178
0.0514171
0.051026
0.0504631
0.0497665
0.0489811
0.0481616
0.0473591
0.0466179
0.0459768
0.0454567
0.045065
0.0447877
0.0445901
0.0444153
0.0441974
0.0438707
0.0433897
0.0427424
0.0419505
0.041067
0.0401564
0.0392795
0.0384878
0.0378143
0.0372752
0.0368736
0.0366048
0.0364585
0.0364225
0.0364822
0.0366259
0.0368402
0.0371132
0.0374324
0.0377869
0.0381672
0.0385627
0.0389652
0.0393704
0.0397712
0.0401637
0.0405476
0.0409217
0.0412888
0.0416551
0.0420253
0.0424092
0.0428195
0.0432694
0.0437752
0.0443499
0.0450008
0.0457255
0.0465082
0.0473185
0.0481163
0.0488554
0.0494938
0.0500028
0.0503773
0.0506281
0.0507781
0.0508576
0.0508948
0.0509093
0.0509146
0.0509173
0.0509254
0.0509452
0.0509872
0.0510606
0.0511691
0.0513159
0.0514941
0.051686
0.0518632
0.0519899
0.0520256
0.0519312
0.0516827
0.0512685
0.0506976
0.0499997
0.0492194
0.0484051
0.0476025
0.0468542
0.0461864
0.0456153
0.0451491
0.0447805
0.0445013
0.0442962
0.0441499
0.044044
0.043964
0.0438974
0.0438374
0.0437763
0.0437082
0.0436326
0.0435481
0.0434506
0.0433366
0.043204
0.0430519
0.042879
0.0426939
0.0425041
0.0423279
0.0421857
0.0421053
0.0421191
0.0422614
0.0425718
0.0430862
0.0438332
0.0448271
0.0460413
0.0473916
0.0487158
0.0497882
0.0503697
0.0503002
0.049572
0.0483362
0.046832
0.0452937
0.0438943
0.0427257
0.0418126
0.0411344
0.0406429
0.0402816
0.0399947
0.039744
0.0395085
0.0392949
0.0391313
0.0390606
0.0391298
0.0393809
0.0398369
0.0405004
0.0413484
0.0423316
0.0433757
0.0443989
0.0453139
0.0460533
0.0465796
0.0468904
0.0470173
0.0470192
0.0469757
0.0469736
0.0470952
0.047411
0.0479734
0.0488082
0.04991
0.0512542
0.0527985
0.0544905
0.0562782
0.0581052
0.0599082
0.0616276
0.0632185
0.064674
0.0660288
0.0673508
0.0687079
0.0701331
0.071585
0.0729291
0.0739487
0.0744125
0.0741715
0.0732325
0.0717519
0.0699483
0.0680176
0.0660812
0.0641904
0.0623644
0.0606106
0.0589435
0.0573925
0.0559887
0.0547658
0.0537499
0.0529619
0.0524046
0.0520748
0.0519559
0.0520181
0.0522218
0.0525169
0.0528459
0.0531502
0.0533747
0.0534774
0.053434
0.0532378
0.0529054
0.0524594
0.0519365
0.0513729
0.0508036
0.0502591
0.0497616
0.0493303
0.0489677
0.0486739
0.0484421
0.0482582
0.0481046
0.0479667
0.0478352
0.0477067
0.0475873
0.0474968
0.0474617
0.047514
0.047686
0.0480039
0.0484849
0.049129
0.0499118
0.0507801
0.0516556
0.0524358
0.0530216
0.053338
0.0533534
0.0530822
0.0525695
0.0518678
0.0510192
0.0500494
0.0489731
0.0478005
0.0465479
0.0452399
0.0439084
0.0425852
0.0412998
0.0400792
0.0389425
0.0379027
0.0369682
0.0361473
0.0354438
0.0348616
0.0344089
0.0340912
0.0339167
0.0338975
0.0340455
0.0343755
0.034903
0.0356448
0.0366161
0.0378262
0.0392818
0.0409783
0.0428971
0.0450044
0.0472449
0.0495502
0.0518357
0.0540112
0.0559878
0.0576832
0.0590249
0.0599566
0.0604406
0.0604678
0.0600644
0.0592984
0.0582777
0.0571464
0.0560651
0.0551995
0.0546987
0.0546926
0.0552835
0.056545
0.0585119
0.0611721
0.0644438
0.068155
0.0720197
0.0756341
0.0784933
0.0800541
0.0798525
0.0776941
0.0738046
0.0687913
0.0634029
0.0582654
0.0537484
0.0499967
0.0470063
0.0447055
0.0430028
0.041802
0.0410121
0.0405369
0.0402787
0.0401321
0.0399949
0.039779
0.0394297
0.0389325
0.0383132
0.0376266
0.0369374
0.0363025
0.0357672
0.0353589
0.0350869
0.0349547
0.0349571
0.0350861
0.0353325
0.0356908
0.0361574
0.0367322
0.0374198
0.03823
0.0391774
0.0402761
0.0415391
0.0429711
0.0445658
0.0462904
0.0480825
0.0498408
0.0514231
0.0526629
0.0533912
0.0534811
0.0528891
0.0516756
0.0499989
0.0480677
0.0460913
0.0442427
0.0426409
0.0413511
0.0404003
0.0397892
0.0394986
0.0395004
0.0397558
0.0402172
0.0408285
0.0415297
0.0422637
0.0429916
0.0436983
0.0444032
0.0451546
0.0460203
0.0470738
0.0483788
0.0499753
0.0518661
0.0540055
0.0562864
0.0585389
0.0605438
0.0620879
0.0630213
0.0633147
0.0630623
0.0624285
0.0615809
0.0606382
0.0596545
0.0586286
0.057537
0.0563566
0.0550831
0.053732
0.0523403
0.0509499
0.0496017
0.0483296
0.0471582
0.0461004
0.0451647
0.0443553
0.043676
0.0431272
0.0427125
0.0424358
0.0422966
0.0422955
0.0424233
0.0426728
0.0430276
0.0434699
0.043983
0.0445499
0.0451575
0.0457971
0.0464695
0.0471778
0.0479302
0.0487349
0.0496023
0.0505391
0.051551
0.0526387
0.0537933
0.0549948
0.0562037
0.0573613
0.058392
0.059218
0.0597738
0.0600317
0.0600168
0.0598128
0.0595413
0.0593268
0.05923
0.0591963
0.0590279
0.0584386
0.0571964
0.0552766
0.0528938
0.050395
0.048105
0.0462261
0.0448263
0.0438708
0.043266
0.0428944
0.0426378
0.0423978
0.0421103
0.0417489
0.0413251
0.0408811
0.0404714
0.0401509
0.039965
0.0399357
0.0400664
0.0403346
0.0406987
0.0411014
0.0414761
0.041759
0.0419026
0.0418826
0.0417049
0.0414021
0.0410258
0.0406341
0.04028
0.0400069
0.0398482
0.039817
0.0399165
0.0401395
0.0404682
0.0408781
0.0413388
0.0418182
0.042286
0.0427182
0.0430989
0.0434236
0.0436987
0.0439367
0.0441578
0.0443851
0.0446392
0.0449406
0.0453047
0.0457414
0.0462442
0.0467915
0.0473456
0.0478526
0.0482574
0.04852
0.0486364
0.0486355
0.0485728
0.0485063
0.0484765
0.0484967
0.0485711
0.0487195
0.0490066
0.0495531
0.0505329
0.052142
0.0545408
0.0577547
0.0615387
0.0652726
0.0680508
0.0690699
0.0681128
0.0656675
0.0625736
0.0595784
0.0571308
0.0553928
0.0543421
0.0538592
0.0537866
0.0539619
0.054231
0.0544592
0.0545428
0.0544188
0.0540699
0.053518
0.0528151
0.0520195
0.0511908
0.0503756
0.0496102
0.0489216
0.0483362
0.0478773
0.0475717
0.0474433
0.0475144
0.0477975
0.048296
0.0489938
0.0498467
0.0507808
0.0516884
0.0524519
0.0529644
0.0531639
0.0530545
0.0527013
0.0522018
0.0516571
0.0511385
0.0506854
0.0503035
0.0499739
0.0496702
0.0493668
0.0490473
0.0487078
0.0483578
0.0480161
0.047707
0.0474562
0.0472833
0.0471947
0.0471884
0.0472513
0.0473628
0.0475022
0.0476496
0.0477907
0.0479103
0.0479894
0.0480029
0.0479163
0.0477056
0.0473528
0.0468593
0.0462521
0.0455741
0.0448817
0.0442304
0.0436719
0.0432503
0.042998
0.0429378
0.0430846
0.0434435
0.0440084
0.0447629
0.0456697
0.0466757
0.0477108
0.0486898
0.0495224
0.0501282
0.050452
0.0504707
0.0502015
0.0496949
0.0490228
0.0482716
0.047527
0.0468651
0.0463431
0.0460045
0.0458708
0.0459479
0.0462216
0.0466619
0.0472196
0.0478264
0.0484066
0.0488765
0.0491626
0.049212
0.0490081
0.048564
0.0479241
0.0471486
0.0463064
0.045459
0.0446608
0.0439568
0.0433782
0.0429463
0.0426714
0.0425572
0.0425975
0.0427796
0.0430848
0.043487
0.043955
0.0444547
0.0449544
0.0454251
0.0458421
0.0461889
0.046457
0.046643
0.0467487
0.0467782
0.0467415
0.0466472
0.0465087
0.0463405
0.0461609
0.0459844
0.0458257
0.0456943
0.0455944
0.0455246
0.0454776
0.0454398
0.0453931
0.0453214
0.0452109
0.0450529
0.0448468
0.0446028
0.044341
0.0440885
0.043878
0.0437459
0.0437238
0.0438413
0.0441251
0.044594
0.0452671
0.0461596
0.0472844
0.0486524
0.0502681
0.052121
0.0541677
0.0563129
0.0583832
0.0601223
0.0612287
0.0614523
0.0607083
0.0591349
0.0570279
0.0547276
0.052505
0.0505239
0.0488536
0.0474999
0.0464423
0.045648
0.0450889
0.0447474
0.0446141
0.0446853
0.044964
0.0454535
0.0461512
0.0470463
0.0481046
0.0492681
0.0504446
0.0515113
0.0523294
0.0527663
0.0527376
0.0522294
0.051306
0.0500903
0.0487224
0.0473344
0.0460204
0.0448459
0.0438393
0.0430105
0.0423559
0.041866
0.0415298
0.0413394
0.0412896
0.0413794
0.0416089
0.0419834
0.0425038
0.043169
0.0439705
0.0448864
0.0458784
0.0468907
0.0478544
0.0486938
0.0493478
0.0497796
0.0499946
0.0500405
0.0500084
0.050013
0.0501831
0.0506207
0.051378
0.0524091
0.0535521
0.0545556
0.0551761
0.05529
0.0549605
0.054383
0.0537694
0.0532505
0.0528515
0.0525252
0.052197
0.0517942
0.0512789
0.050644
0.0499133
0.0491358
0.0483695
0.0476773
0.0471141
0.046722
0.0465301
0.0465536
0.0467984
0.047265
0.047946
0.0488357
0.0499259
0.0512059
0.0526556
0.0542436
0.0559144
0.0575814
0.0591256
0.0603992
0.061247
0.0615445
0.0612353
0.0603492
0.0589961
0.0573363
0.0555421
0.053768
0.0521375
0.0507368
0.0496228
0.0488225
0.0483367
0.0481448
0.0482057
0.048461
0.048837
0.0492555
0.0496468
0.0499554
0.0501524
0.0502321
0.0502109
0.0501178
0.0499868
0.0498457
0.0497126
0.0495941
0.0494872
0.0493852
0.0492838
0.0491837
0.0490916
0.0490182
0.0489676
0.0489411
0.048928
0.0489141
0.0488858
0.0488354
0.0487673
0.0486928
0.0486288
0.0485817
0.0485495
0.048512
0.0484391
0.048295
0.0480495
0.0476815
0.0471903
0.0465943
0.045931
0.0452468
0.0445952
0.0440221
0.0435632
0.0432387
0.0430471
0.0429664
0.0429626
0.0429935
0.0430162
0.0430034
0.0429417
0.0428351
0.0426998
0.0425577
0.0424354
0.0423526
0.0423233
0.0423574
0.0424597
0.0426366
0.0428943
0.0432416
0.0436865
0.0442369
0.0448977
0.0456627
0.0465122
0.0474084
0.0482977
0.049111
0.0497759
0.0502286
0.0504256
0.0503519
0.0500227
0.0494799
0.0487849
0.0480047
0.0472067
0.0464492
0.0457811
0.0452406
0.0448581
0.0446586
0.0446638
0.0448948
0.0453706
0.0461023
0.0470898
0.0483088
0.0497058
0.0511931
0.0526563
0.0539847
0.0550931
0.0559454
0.0565485
0.0569352
0.0571441
0.0572053
0.0571408
0.056959
0.0566557
0.0562219
0.0556526
0.0549606
0.0541854
0.0533879
0.0526346
0.0519864
0.0514807
0.0511325
0.0509359
0.0508695
0.0509087
0.0510246
0.0511967
0.0514053
0.05163
0.0518465
0.052023
0.0521177
0.0520865
0.0518843
0.0514805
0.0508626
0.0500434
0.0490572
0.0479549
0.0467964
0.045644
0.0445547
0.0435827
0.0427737
0.0421689
0.0418076
0.0417279
0.0419689
0.0425665
0.0435533
0.0449511
0.0467644
0.0489608
0.0514575
0.0541117
0.056722
0.0590674
0.0609588
0.062295
0.0630819
0.0634064
0.06338
0.063102
0.0626414
0.0620532
0.0613825
0.0606785
0.0599835
0.0593472
0.058818
0.0584468
0.0582688
0.0582833
0.0584382
0.058634
0.0587481
0.0586955
0.0584696
0.0581448
0.0578344
0.057633
0.0575697
0.0575967
0.0576046
0.0574645
0.0570684
0.0563554
0.0553279
0.0540335
0.0525456
0.050941
0.0492905
0.0476515
0.0460755
0.0446094
0.0432971
0.0421772
0.0412832
0.0406368
0.0402488
0.0401114
0.0401988
0.0404546
0.0408035
0.0411528
0.0414133
0.0415151
0.0414283
0.0411665
0.040777
0.0403214
0.0398609
0.0394433
0.0391019
0.0388549
0.0387151
0.0386925
0.0387972
0.0390406
0.0394354
0.0399922
0.0407163
0.0416049
0.0426368
0.0437729
0.0449515
0.046091
0.0471038
0.0479112
0.0484618
0.0487479
0.0487972
0.0486654
0.0484178
0.0481127
0.0477879
0.0474643
0.0471429
0.0468135
0.0464565
0.0460549
0.0455957
0.045077
0.04451
0.0439206
0.0433383
0.0428059
0.0423616
0.042045
0.041893
0.041939
0.0422153
0.0427496
0.0435691
0.0446963
0.0461363
0.0478762
0.0498619
0.0519954
0.0541244
0.0560734
0.0576695
0.0587907
0.059376
0.0594223
0.058968
0.0580844
0.0568836
0.0555182
0.0541565
0.0529539
0.0520264
0.0514358
0.0511862
0.0512343
0.0515079
0.0519268
0.0524258
0.0529659
0.0535271
0.0540883
0.0546043
0.0549998
0.0551657
0.055002
0.0544439
0.0534871
0.0521904
0.0506515
0.0489799
0.0472758
0.0456143
0.0440487
0.042613
0.0413284
0.0402061
0.039254
0.0384714
0.0378588
0.0374138
0.0371332
0.0370131
0.0370493
0.0372359
0.0375641
0.0380213
0.0385919
0.039251
0.039971
0.0407211
0.0414702
0.0421915
0.042867
0.0434883
0.0440538
0.0445725
0.0450538
0.0454995
0.0459026
0.0462495
0.0465135
0.0466625
0.0466652
0.0464964
0.0461469
0.0456211
0.0449404
0.0441423
0.0432766
0.0423975
0.0415585
0.0408117
0.0402063
0.0397814
0.0395765
0.0396255
0.0399597
0.0406126
0.0416186
0.0430129
0.0448348
0.0471241
0.0499193
0.0532568
0.0571515
0.0615799
0.0664395
0.071504
0.0763741
0.0804688
0.0831354
0.0838936
0.0827271
0.0801378
0.0768903
0.0736649
0.0708803
0.068707
0.067158
0.0661766
0.0656799
0.0655859
0.0658183
0.066308
0.0669906
0.0677983
0.0686523
0.0694545
0.0700921
0.070455
0.0704623
0.0700884
0.0693621
0.0683512
0.0671346
0.065779
0.0643345
0.0628418
0.0613424
0.0598866
0.0585305
0.057336
0.0563482
0.055586
0.0550201
0.0545623
0.0540734
0.0533976
0.0524219
0.051129
0.049607
0.0480185
0.0465366
0.045299
0.0443922
0.0438573
0.0437008
0.0439086
0.0444475
0.0452676
0.0462894
0.0474047
0.0484819
0.0493878
0.0500173
0.0503141
0.0502823
0.0499699
0.0494407
0.0487616
0.0479936
0.0472036
0.0464585
0.0458339
0.0454041
0.045235
0.0453754
0.045856
0.0466857
0.0478481
0.0493121
0.0510169
0.0528604
0.0546836
0.0562515
0.0572962
0.0576093
0.0571452
0.0560555
0.0546149
0.0530976
0.0516986
0.0505104
0.0495452
0.0487702
0.0481355
0.0475975
0.047117
0.0466706
0.0462446
0.0458339
0.0454374
0.0450537
0.0446842
0.0443275
0.0439851
0.0436564
0.043341
0.0430411
0.0427559
0.0424833
0.0422237
0.0419725
0.0417308
0.0414972
0.0412778
0.0410819
0.0409253
0.0408338
0.0408358
0.0409623
0.0412396
0.041677
0.0422567
0.0429126
0.0435328
0.04397
0.0440817
0.0437827
0.0430847
0.0420947
0.0409752
0.0398895
0.038967
0.0382831
0.0378645
0.0377024
0.0377574
0.0379731
0.038278
0.0385949
0.0388514
0.0389961
0.0390045
0.0388863
0.0386778
0.0384299
0.0381948
0.0380137
0.0379136
0.0378991
0.0379616
0.0380754
0.0382053
0.0383087
0.0383459
0.0382886
0.0381234
0.0378528
0.0374992
0.0370935
0.0366704
0.0362656
0.0359059
0.0356111
0.0353907
0.0352495
0.0351855
0.0351933
0.0352643
0.0353897
0.0355627
0.0357719
0.0360115
0.0362749
0.0365556
0.0368489
0.0371515
0.0374615
0.0377776
0.0381022
0.0384402
0.0388008
0.0391991
0.0396571
0.0401955
0.040842
0.0416262
0.0425753
0.0437102
0.045035
0.0465384
0.0481782
0.0498903
0.0515965
0.0532153
0.0546809
0.0559518
0.0570062
0.0578195
0.058365
0.058612
0.0585467
0.0581975
0.0576373
0.0569801
0.0563541
0.0558773
0.0556464
0.0557244
0.0561426
0.0569004
0.0579639
0.0592621
0.0606848
0.0620893
0.0633134
0.0642
0.0646328
0.0645607
0.0640094
0.0630731
0.0618881
0.0605969
0.059324
0.0581576
0.0571391
0.0562743
0.0555458
0.0549211
0.0543672
0.0538624
0.0533879
0.0529332
0.0524863
0.0520289
0.051534
0.050973
0.050318
0.0495531
0.0486812
0.0477217
0.0467036
0.0456595
0.0446196
0.0436186
0.0426901
0.0418736
0.0412076
0.0407304
0.0404696
0.0404445
0.0406594
0.0411063
0.0417623
0.0425959
0.0435625
0.0446092
0.0456795
0.0467155
0.0476613
0.0484747
0.0491188
0.0495784
0.0498482
0.0499434
0.0498897
0.0497227
0.0494811
0.0492032
0.0489244
0.0486737
0.0484735
0.0483375
0.0482699
0.0482711
0.0483325
0.0484446
0.0486025
0.0488029
0.0490497
0.049355
0.0497288
0.0501771
0.0506884
0.0512318
0.0517566
0.0521946
0.0524781
0.0525578
0.0524122
0.0520618
0.0515563
0.0509627
0.0503429
0.0497373
0.0491678
0.048634
0.0481338
0.0476724
0.047275
0.0469835
0.0468513
0.0469245
0.0472358
0.0477877
0.0485521
0.0494627
0.050431
0.051355
0.0521472
0.0527551
0.0531775
0.0534619
0.0536949
0.053971
0.054379
0.0549719
0.0557556
0.0566746
0.0576183
0.0584443
0.0590266
0.0593107
0.059326
0.0591712
0.0589548
0.058751
0.0585797
0.0584179
0.0582244
0.0579632
0.0576243
0.0572168
0.0567634
0.0562873
0.0557967
0.0552901
0.0547554
0.0541845
0.0535826
0.0529719
0.0523897
0.0518837
0.0515017
0.0512829
0.0512494
0.0514001
0.051711
0.0521338
0.0526024
0.0530365
0.0533574
0.0534938
0.053393
0.0530223
0.0523699
0.0514502
0.0502957
0.0489673
0.0475385
0.0460939
0.0447109
0.043455
0.0423753
0.0415026
0.0408559
0.0404455
0.0402768
0.0403506
0.0406681
0.041232
0.0420481
0.0431253
0.0444803
0.0461408
0.0481426
0.0505151
0.053232
0.0561451
0.0589142
0.0610294
0.0620119
0.0616858
0.060315
0.0584264
0.0565196
0.0548958
0.053659
0.0527924
0.0522307
0.0519096
0.0517856
0.0518423
0.0520853
0.0525414
0.0532516
0.0542696
0.0556542
0.057447
0.0596231
0.0620038
0.0641839
0.0655626
0.0655932
0.0641273
0.061537
0.0584736
0.0555189
0.0530137
0.0510809
0.0497109
0.0488486
0.0484301
0.0483938
0.0486784
0.0492109
0.0498943
0.0505971
0.0511687
0.0514696
0.0514074
0.0509768
0.0502509
0.0493556
0.0484199
0.0475489
0.0468077
0.0462223
0.0457913
0.0454984
0.0453206
0.0452331
0.0452143
0.0452403
0.0452907
0.0453415
0.0453709
0.0453611
0.0452968
0.0451699
0.0449809
0.0447322
0.0444314
0.0440833
0.0436898
0.0432494
0.0427645
0.0422349
0.0416739
0.0410925
0.0405151
0.0399628
0.0394567
0.0390146
0.0386509
0.0383732
0.0381845
0.0380837
0.0380657
0.0381267
0.0382582
0.0384551
0.0387105
0.0390188
0.0393788
0.039787
0.0402415
0.0407413
0.0412823
0.0418629
0.0424754
0.0431103
0.0437554
0.0443907
0.0449953
0.0455445
0.0460121
0.0463768
0.0466227
0.0467471
0.0467591
0.0466795
0.0465404
0.0463823
0.0462422
0.0461557
0.0461508
0.0462438
0.0464375
0.0467304
0.0471078
0.0475481
0.048029
0.048524
0.0490085
0.0494581
0.0498513
0.0501736
0.0504111
0.0505548
0.0506028
0.0505572
0.050427
0.0502251
0.0499679
0.0496718
0.0493581
0.0490451
0.048754
0.0485025
0.0483069
0.0481783
0.0481194
0.0481195
0.0481593
0.0482089
0.048231
0.0481948
0.0480724
0.0478598
0.0475666
0.0472202
0.0468546
0.0465063
0.0462065
0.0459752
0.0458262
0.0457634
0.0457879
0.045898
0.0460945
0.0463862
0.0467913
0.0473396
0.0480713
0.0490403
0.0503071
0.0519359
0.0539812
0.0564681
0.0593704
0.0625795
0.0659076
0.0691245
0.0720496
0.0746452
0.0770395
0.0794209
0.0818592
0.0840805
0.0853995
0.0850084
0.0825578
0.0785011
0.0737687
0.0691751
0.0651295
0.0617055
0.0588202
0.0563625
0.0542488
0.0524313
0.0508839
0.0495943
0.048554
0.047758
0.0471946
0.0468538
0.0467184
0.0467685
0.0469746
0.0473035
0.0477118
0.0481519
0.0485752
0.0489362
0.0492003
0.0493534
0.0494058
0.0493944
0.0493846
0.0494544
0.0496909
0.0501805
0.0509911
0.0521699
0.0537164
0.0555662
0.0575733
0.059504
0.0610676
0.0619885
0.0620909
0.0613647
0.0599655
0.0581516
0.0561946
0.0543147
0.0526581
0.0512941
0.0502395
0.0494737
0.0489618
0.0486659
0.048546
0.0485723
0.0487204
0.0489664
0.0492862
0.0496423
0.0499819
0.0502309
0.0503004
0.0501047
0.049584
0.0487287
0.0475856
0.0462564
0.0448653
0.0435428
0.0424
0.0415275
0.0409928
0.0408477
0.0411231
0.0418224
0.0429093
0.0442791
0.0457486
0.0470667
0.0479913
0.0483772
0.0482443
0.0477664
0.0471864
0.046723
0.0465185
0.0466286
0.0470481
0.0477314
0.0486104
0.0496091
0.0506514
0.05167
0.0526095
0.0534303
0.0541122
0.0546508
0.0550591
0.0553613
0.0555901
0.0557816
0.0559696
0.0561823
0.0564394
0.0567517
0.057126
0.0575682
0.0580817
0.0586732
0.05934
0.0600568
0.0607529
0.0613039
0.061553
0.0613687
0.0607241
0.059734
0.0586267
0.0576633
0.0570546
0.056908
0.0572164
0.0578706
0.0586938
0.0594945
0.0601213
0.0605113
0.0606842
0.0607191
0.0606892
0.0606347
0.0605421
0.060362
0.0600314
0.0595121
0.0588097
0.0579813
0.0571052
0.0562653
0.0555223
0.0549106
0.0544407
0.0541063
0.0538863
0.053743
0.0536315
0.0534939
0.0532707
0.052912
0.0523926
0.0517166
0.0509232
0.0500801
0.049268
0.0485688
0.0480566
0.0477824
0.0477747
0.0480309
0.0485154
0.0491621
0.049882
0.0505674
0.0511216
0.0514749
0.0515963
0.0514989
0.0512345
0.0508704
0.0504795
0.0501226
0.0498426
0.0496631
0.0495862
0.0495911
0.049647
0.0497173
0.0497675
0.0497735
0.0497263
0.0496319
0.0495121
0.0493918
0.0492937
0.0492377
0.0492306
0.0492725
0.0493579
0.0494806
0.0496357
0.0498279
0.0500622
0.0503468
0.0506895
0.0510941
0.0515602
0.052082
0.0526501
0.0532504
0.0538697
0.0544916
0.0550984
0.0556622
0.05614
0.0564792
0.0566188
0.0565115
0.0561445
0.055551
0.0548051
0.0539981
0.0532193
0.0525284
0.0519597
0.0515197
0.0511974
0.0509789
0.05085
0.0508039
0.0508347
0.050943
0.0511251
0.0513729
0.0516713
0.0519955
0.0523189
0.0526147
0.0528599
0.0530441
0.0531659
0.0532342
0.0532623
0.0532605
0.0532329
0.0531651
0.0530315
0.0527881
0.0523826
0.0517716
0.050929
0.0498669
0.048632
0.047303
0.045972
0.0447228
0.0436264
0.0427303
0.0420599
0.0416209
0.0413968
0.0413566
0.0414503
0.0416121
0.041768
0.0418438
0.041781
0.041551
0.0411578
0.0406375
0.040043
0.0394323
0.0388573
0.0383551
0.03795
0.0376484
0.0374503
0.0373488
0.0373352
0.0373982
0.037529
0.0377183
0.0379636
0.03826
0.0386109
0.0390166
0.0394848
0.0400203
0.0406306
0.0413228
0.0421061
0.0429851
0.0439643
0.0450486
0.0462419
0.0475491
0.0489735
0.0505189
0.052192
0.0540078
0.0559956
0.0582117
0.0607555
0.063764
0.0673959
0.0717529
0.0767338
0.0818228
0.0860292
0.0882638
0.0880738
0.0859857
0.0830274
0.0800516
0.0774676
0.0753472
0.0735835
0.0720045
0.0704288
0.0687212
0.0668332
0.0648145
0.0627783
0.0608475
0.0591062
0.057577
0.0562303
0.0549982
0.0538074
0.0525945
0.0513215
0.0499776
0.0485756
0.0471443
0.0457185
0.0443335
0.043022
0.0418128
0.0407267
0.0397812
0.0389862
0.0383489
0.037871
0.0375517
0.0373864
0.03737
0.0374931
0.0377455
0.038112
0.0385759
0.0391185
0.0397193
0.0403607
0.0410288
0.0417173
0.0424305
0.043184
0.0440054
0.0449332
0.0460105
0.0472813
0.0487817
0.0505313
0.0525202
0.0546916
0.0569162
0.0589723
0.060543
0.061286
0.0609604
0.0595638
0.0573543
0.0547418
0.0521196
0.0497629
0.0478029
0.0462714
0.0451327
0.0443336
0.0438104
0.0435071
0.0433756
0.0433775
0.0434846
0.0436801
0.0439544
0.0443062
0.0447454
0.0452898
0.0459629
0.0467972
0.0478252
0.0490781
0.0505755
0.0523139
0.0542465
0.0562747
0.0582397
0.0599402
0.0611731
0.0617923
0.0617451
0.0610826
0.059921
0.0583991
0.0566528
0.0547998
0.0529397
0.0511523
0.0494924
0.0479928
0.0466666
0.0455091
0.0445107
0.04366
0.0429462
0.0423637
0.0419137
0.0415994
0.0414249
0.0413939
0.0415028
0.0417416
0.0420858
0.0424929
0.0429089
0.0432732
0.0435334
0.0436626
0.043671
0.0436127
0.0435812
0.0436893
0.0440578
0.0447898
0.0459637
0.0476059
0.0496688
0.0519962
0.0543082
0.0562283
0.0573725
0.0574896
0.0565587
0.0547875
0.0525153
0.0501011
0.0478432
0.0459413
0.044505
0.0435725
0.0431335
0.0431476
0.0435598
0.0443058
0.0453113
0.046495
0.0477688
0.0490396
0.0502161
0.0512143
0.0519725
0.0524475
0.0526202
0.0524917
0.052077
0.051402
0.0505067
0.0494339
0.0482324
0.0469546
0.0456502
0.0443623
0.0431298
0.0419821
0.0409435
0.0400342
0.0392697
0.0386669
0.0382401
0.0380069
0.037984
0.0381881
0.0386371
0.0393403
0.0402936
0.0414715
0.0428154
0.0442276
0.0455821
0.0467454
0.0476156
0.0481595
0.0484248
0.048518
0.0485685
0.0486865
0.0489429
0.049364
0.0499354
0.0506143
0.0513391
0.0520433
0.0526729
0.0531961
0.0536067
0.0539263
0.0541898
0.054434
0.0546803
0.0549255
0.055138
0.0552627
0.0552358
0.054996
0.0545054
0.053754
0.0527641
0.0515861
0.0502854
0.0489333
0.0475935
0.0463194
0.0451527
0.0441167
0.0432259
0.0424849
0.0418924
0.0414416
0.0411291
0.0409536
0.0409227
0.0410518
0.0413572
0.0418538
0.0425371
0.0433724
0.0442761
0.0451194
0.0457542
0.046053
0.0459679
0.0455536
0.0449436
0.0443076
0.0437987
0.0435282
0.0435633
0.0439351
0.044655
0.0457154
0.0470928
0.0487328
0.0505314
0.052322
0.0538885
0.0550173
0.0555814
0.0556044
0.0552474
0.0547433
0.0543062
0.0540741
0.0540981
0.0543553
0.0547724
0.0552468
0.0556607
0.0558952
0.0558464
0.0554385
0.0546462
0.0534971
0.0520692
0.0504764
0.0488395
0.047267
0.0458428
0.0446221
0.043641
0.0429156
0.0424501
0.0422342
0.0422462
0.042452
0.0427974
0.0432178
0.0436386
0.0440008
0.0442647
0.0444297
0.0445335
0.0446305
0.0447836
0.0450426
0.0454348
0.0459617
0.0466011
0.0473124
0.0480342
0.0486969
0.0492306
0.0495717
0.049679
0.0495397
0.049173
0.0486272
0.0479616
0.0472408
0.0465184
0.0458289
0.0451897
0.0445975
0.0440342
0.0434731
0.0428908
0.0422714
0.0416152
0.0409381
0.0402701
0.03965
0.0391142
0.0386982
0.0384293
0.0383219
0.0383856
0.0386209
0.0390177
0.0395622
0.0402333
0.0410061
0.0418506
0.0427371
0.0436382
0.0445346
0.0454119
0.0462677
0.0471061
0.0479344
0.0487543
0.0495569
0.0503188
0.0510046
0.0515736
0.0519953
0.0522588
0.0523884
0.0524371
0.0524816
0.0526058
0.0528908
0.0534022
0.054186
0.055262
0.056609
0.0581442
0.0597076
0.061067
0.06197
0.0622297
0.0617992
0.0607853
0.0593824
0.0577856
0.0561431
0.0545421
0.0530279
0.0516252
0.0503559
0.049236
0.0482782
0.0474911
0.0468739
0.046421
0.0461188
0.0459495
0.0458929
0.0459262
0.0460314
0.0461942
0.0464086
0.0466777
0.047016
0.0474485
0.0480006
0.0486904
0.0495133
0.0504276
0.0513473
0.052152
0.0527197
0.0529703
0.052903
0.0525971
0.0521751
0.0517623
0.0514477
0.0512719
0.0512379
0.0513239
0.0515031
0.0517438
0.052019
0.0523048
0.0525699
0.0527842
0.052915
0.0529276
0.0527959
0.0525004
0.0520387
0.0514213
0.0506718
0.0498196
0.0488909
0.0479072
0.0468805
0.0458234
0.0447494
0.0436799
0.0426417
0.0416671
0.0407888
0.0400383
0.0394459
0.0390367
0.0388409
0.0388902
0.0392215
0.0398785
0.0409048
0.0423219
0.0441078
0.0461551
0.0482416
0.0500564
0.0513005
0.0518308
0.0517425
0.0513056
0.0508216
0.0504883
0.050361
0.0503787
0.0504183
0.0503597
0.0501214
0.0496735
0.0490358
0.0482596
0.0474079
0.0465457
0.0457291
0.0449995
0.044385
0.0439018
0.0435549
0.0433432
0.0432601
0.043298
0.0434502
0.0437101
0.04407
0.0445231
0.0450569
0.0456567
0.0463021
0.0469702
0.04763
0.0482575
0.048834
0.0493463
0.0497931
0.0501777
0.0505007
0.0507559
0.0509276
0.0509887
0.0509081
0.0506594
0.0502322
0.0496349
0.0488984
0.0480745
0.0472272
0.0464284
0.0457463
0.0452415
0.0449545
0.0449059
0.0450898
0.0454673
0.0459695
0.0465035
0.0469667
0.047276
0.0473864
0.0473034
0.047076
0.0467683
0.0464358
0.0461059
0.0457707
0.0453979
0.0449472
0.0443956
0.0437488
0.0430461
0.0423445
0.041704
0.0411724
0.0407747
0.0405147
0.0403799
0.040348
0.0403949
0.0405001
0.040653
0.040851
0.0410994
0.0414095
0.0417951
0.0422696
0.0428416
0.0435171
0.0442982
0.0451802
0.046157
0.0472189
0.0483546
0.0495497
0.0507789
0.0520097
0.0531975
0.0542898
0.0552309
0.0559709
0.0564762
0.056725
0.0567114
0.0564311
0.0558838
0.0550681
0.0539858
0.0526508
0.0510927
0.0493644
0.0475312
0.0456659
0.0438424
0.0421243
0.0405593
0.0391861
0.0380242
0.0370812
0.0363582
0.0358489
0.0355434
0.0354301
0.0354945
0.0357235
0.0361006
0.0366098
0.037233
0.0379504
0.0387407
0.0395845
0.0404627
0.0413628
0.0422843
0.0432427
0.0442818
0.0454743
0.0469242
0.0487468
0.0510155
0.053668
0.0563806
0.0585278
0.0593969
0.0586281
0.0564918
0.0537035
0.0509666
0.048701
0.0470272
0.0458869
0.0451429
0.0446453
0.0442627
0.043904
0.0435286
0.0431416
0.0427852
0.042522
0.042417
0.0425264
0.0428884
0.0435233
0.0444304
0.0455898
0.0469626
0.0484917
0.0501101
0.0517444
0.0533265
0.0548058
0.0561576
0.0573861
0.0585154
0.0595784
0.0605932
0.0615392
0.0623424
0.0628801
0.0630111
0.0626261
0.0616947
0.0602819
0.058531
0.0566197
0.0547108
0.0529366
0.0513842
0.0501025
0.0491092
0.048394
0.0479254
0.0476561
0.0475255
0.0474668
0.0474209
0.0473392
0.0471974
0.0469947
0.0467495
0.0464866
0.0462292
0.0459918
0.0457769
0.0455789
0.0453934
0.045219
0.0450674
0.0449558
0.0449173
0.0449861
0.0451967
0.0455766
0.0461405
0.0468865
0.0477904
0.0488002
0.0498387
0.0508124
0.0516198
0.0521748
0.0524313
0.0523899
0.0521022
0.0516485
0.0511185
0.0505903
0.0501194
0.0497355
0.0494481
0.0492458
0.0491072
0.0490044
0.0489045
0.0487744
0.0485851
0.0483103
0.0479332
0.0474504
0.0468689
0.0462144
0.0455213
0.0448359
0.0442057
0.0436754
0.043283
0.043056
0.043009
0.0431419
0.0434431
0.0438898
0.044448
0.0450739
0.0457116
0.0463055
0.0468027
0.0471734
0.0474314
0.0476408
0.0479135
0.0483881
0.0492022
0.0504588
0.0521906
0.0543271
0.0566587
0.0588482
0.0605039
0.0613051
0.0611253
0.0600539
0.0583406
0.0562955
0.0542133
0.0523213
0.0507657
0.0496203
0.0489089
0.0486214
0.0487305
0.0491998
0.0499794
0.0509988
0.0521607
0.0533347
0.0543668
0.0550945
0.0553822
0.055155
0.0544253
0.0532815
0.0518653
0.0503276
0.0487979
0.0473622
0.0460662
0.0449217
0.0439172
0.0430318
0.0422425
0.0415258
0.0408685
0.0402627
0.0397046
0.0391941
0.0387368
0.0383393
0.0380082
0.0377481
0.0375651
0.0374621
0.0374405
0.0375019
0.0376457
0.0378731
0.038184
0.03858
0.0390633
0.0396393
0.0403167
0.0411059
0.0420181
0.04306
0.0442296
0.0455075
0.0468557
0.0482078
0.0494729
0.0505503
0.0513477
0.0518022
0.0519083
0.0517273
0.0513808
0.0510353
0.0508755
0.0510726
0.0517411
0.0528832
0.0543259
0.0557048
0.0565553
0.0565321
0.0556201
0.0541261
0.0524828
0.0510216
0.0498858
0.0490634
0.0484633
0.0479805
0.0475432
0.0471201
0.046714
0.0463517
0.0460565
0.0458477
0.0457331
0.0457045
0.0457485
0.0458457
0.0459738
0.0461124
0.0462434
0.0463556
0.0464438
0.0465082
0.0465559
0.0466007
0.04666
0.0467551
0.0469075
0.0471405
0.0474753
0.0479296
0.0485137
0.0492273
0.0500472
0.0509307
0.0518021
0.0525687
0.053128
0.0533882
0.0532934
0.0528328
0.0520424
0.0509889
0.0497556
0.048429
0.0470881
0.0458024
0.0446248
0.0435965
0.0427475
0.0420977
0.0416554
0.0414158
0.0413605
0.0414563
0.0416557
0.0419004
0.0421357
0.0423192
0.0424285
0.0424698
0.0424666
0.0424463
0.0424308
0.0424243
0.0424229
0.0424188
0.0424151
0.0424335
0.0425207
0.0427389
0.0431558
0.043835
0.0448225
0.0461294
0.0477159
0.049472
0.0512074
0.0526736
0.0536252
0.0539093
0.0535262
0.052621
0.0514131
0.0501186
0.0488948
0.047836
0.0469807
0.0463348
0.0458851
0.0456104
0.0454827
0.0454732
0.0455516
0.0456845
0.0458422
0.0459975
0.0461238
0.0462044
0.0462288
0.0461898
0.04609
0.0459326
0.0457253
0.045477
0.0451957
0.0448937
0.044585
0.0442818
0.0439998
0.0437518
0.0435512
0.0434075
0.0433271
0.0433149
0.0433732
0.0434968
0.0436789
0.043907
0.0441662
0.0444331
0.0446852
0.0449034
0.0450747
0.0451963
0.045277
0.0453373
0.0454053
0.0455164
0.0457044
0.0460068
0.0464591
0.0470865
0.0479026
0.0488954
0.0500149
0.0511733
0.0522455
0.0531088
0.0536742
0.0539154
0.0538649
0.0535909
0.053162
0.0526333
0.0520446
0.051428
0.05082
0.0502577
0.0497746
0.0494038
0.0491776
0.049141
0.0493479
0.0498678
0.0507643
0.0520548
0.0536431
0.0552553
0.0564392
0.0567201
0.055859
0.0540165
0.0516438
0.0492286
0.0471
0.0453963
0.0441184
0.0432015
0.0425675
0.0421442
0.0418805
0.0417451
0.0417232
0.0418072
0.0419986
0.0422984
0.042708
0.0432252
0.0438418
0.0445468
0.0453263
0.0461594
0.0470268
0.0479062
0.0487728
0.0496026
0.050372
0.0510544
0.0516249
0.0520562
0.052331
0.0524358
0.0523782
0.0521848
0.051903
0.0515965
0.0513297
0.0511646
0.051148
0.0513055
0.0516381
0.0521207
0.0527026
0.0533196
0.0538919
0.0543454
0.0546176
0.0546673
0.0544794
0.054067
0.0534613
0.0527146
0.0518838
0.0510272
0.0502
0.0494446
0.0487933
0.0482632
0.0478598
0.047577
0.0473971
0.0473018
0.0472701
0.047285
0.0473357
0.0474181
0.0475341
0.0476887
0.0478832
0.0481141
0.0483751
0.0486563
0.0489461
0.0492371
0.0495223
0.0497904
0.0500217
0.050183
0.0502424
0.0501836
0.0500316
0.049864
0.0498108
0.0500188
0.0506208
0.0517007
0.0532577
0.0552055
0.0573731
0.0595531
0.061563
0.0633079
0.0647758
0.065971
0.0668321
0.0672041
0.0669338
0.06601
0.0646059
0.0629825
0.0613537
0.0598157
0.0583636
0.0569474
0.0555258
0.0540923
0.0526843
0.0513672
0.0502201
0.04932
0.0487219
0.0484512
0.0484847
0.048754
0.0491475
0.0495258
0.049767
0.0498012
0.0496355
0.0493524
0.0490834
0.0489624
0.0491018
0.0495751
0.0504092
0.0515751
0.0529867
0.0544977
0.0559171
0.0570448
0.0577306
