2.85265
2.83392
2.80182
2.77281
2.76421
2.78503
2.83091
2.88895
2.94212
2.97528
2.98577
2.98408
2.98482
2.99943
3.03438
3.0903
3.15974
3.22962
3.28817
3.32912
3.35047
3.35234
3.33635
3.30588
3.2653
3.21866
3.16898
3.11897
3.07177
3.03097
3.0006
2.98518
2.98804
3.00791
3.03843
3.07144
3.1002
3.12092
3.13314
3.13929
3.14276
3.14557
3.14749
3.14752
3.1461
3.14501
3.14442
3.14078
3.12868
3.10508
3.07169
3.03352
2.99469
2.95664
2.9203
2.88598
2.85159
2.81884
2.80039
2.81168
2.85569
2.92075
2.99106
3.05422
3.10128
3.12609
3.12617
3.1041
3.06781
3.02832
2.99446
2.96726
2.93947
2.90279
2.85686
2.81231
2.78373
2.77923
2.79799
2.83446
2.8807
2.92682
2.96245
2.97905
2.97248
2.9445
2.90228
2.85538
2.81178
2.77529
2.74654
2.72576
2.71361
2.70989
2.7139
2.72751
2.75465
2.79524
2.84288
2.89063
2.9359
2.97922
3.02042
3.05677
3.08433
3.09986
3.10131
3.08712
3.05613
3.00917
2.95044
2.88658
2.82388
2.76778
2.726
2.70999
2.72784
2.77614
2.84198
2.90992
2.96657
3.00255
3.01428
3.00476
2.98119
2.9505
2.91759
2.88823
2.87231
2.88135
2.92111
2.98721
3.0668
3.14368
3.20321
3.23631
3.24144
3.22368
3.1916
3.15395
3.11716
3.08373
3.05255
3.0215
2.99039
2.96086
2.93421
2.91183
2.89822
2.89853
2.91015
2.92134
2.92264
2.91716
2.91771
2.93444
2.96577
3.00113
3.03177
3.05805
3.08308
3.10377
3.11353
3.10925
3.09226
3.06571
3.03255
2.9948
2.95323
2.90765
2.85904
2.815
2.79222
2.80651
2.85588
2.91904
2.97177
3.00013
3.00179
2.98157
2.94689
2.90612
2.86873
2.844
2.8371
2.8459
2.86291
2.88065
2.8958
2.90887
2.92064
2.92857
2.92676
2.90995
2.87983
2.85016
2.84256
2.8705
2.9312
3.01587
3.11388
3.20876
3.28318
3.32681
3.336
3.3102
3.25246
3.1737
3.09423
3.03527
3.00723
3.00759
3.02837
3.06158
3.09955
3.13397
3.15614
3.15922
3.1405
3.10146
3.04563
2.97694
2.90148
2.83037
2.77929
2.76107
2.77695
2.81735
2.87087
2.93108
2.99579
3.06196
3.12239
3.16732
3.18862
3.18361
3.15661
3.1149
3.06147
2.99669
2.92841
2.87249
2.84065
2.834
2.8475
2.87291
2.89867
2.91222
2.90467
2.87479
2.82932
2.77922
2.73502
2.70508
2.69676
2.71505
2.75611
2.80696
2.85704
2.90595
2.95735
3.00906
3.05241
3.07937
3.08772
3.08112
3.06627
3.04891
3.03069
3.00912
2.9806
2.94485
2.90882
2.88698
2.89523
2.93895
3.00458
3.06578
3.10022
3.1014
3.07923
3.05227
3.03468
3.02814
3.02731
3.02923
3.03508
3.04608
3.06045
3.07471
3.08726
3.10039
3.1186
3.14489
3.17774
3.21106
3.23684
3.24798
3.23979
3.21107
3.16488
3.10865
3.05247
3.00622
2.97755
2.97084
2.98576
3.01636
3.05332
3.08767
3.11301
3.12588
3.12558
3.11388
3.09363
3.06771
3.03874
3.00978
2.98464
2.96767
2.96282
2.97202
2.99342
3.02123
3.04719
3.06285
3.06197
3.04259
3.00782
2.96476
2.92312
2.89467
2.8914
2.9206
2.98114
3.06237
3.14686
3.21809
3.26722
3.29361
3.30188
3.2987
3.2906
3.2827
3.27852
3.28039
3.28907
3.30312
3.3188
3.33106
3.33458
3.32461
3.29769
3.2526
3.19123
3.11861
3.04249
2.97416
2.92728
2.911
2.92388
2.95651
2.99702
3.03439
3.06036
3.07155
3.07055
3.06325
3.0543
3.04713
3.04446
3.0444
3.03921
3.0197
2.98034
2.92349
2.86198
2.81597
2.80444
2.8362
2.90409
2.98566
3.05544
3.09769
3.10835
3.09182
3.05854
3.02372
3.00425
3.01123
3.04245
3.08369
3.11846
3.13538
3.12959
3.10403
3.07109
3.0483
3.0467
3.0642
3.08852
3.10402
3.10132
3.08389
3.06316
3.04553
3.02626
2.99787
2.96154
2.92829
2.91025
2.91159
2.9274
2.95045
2.97736
3.0085
3.04327
3.07757
3.10737
3.13442
3.16725
3.21312
3.26867
3.321
3.35744
3.37159
3.36226
3.3307
3.2799
3.21557
3.14668
3.08352
3.03506
3.00835
3.00661
3.02314
3.04124
3.04395
3.02343
2.98252
2.93056
2.87855
2.83581
2.80685
2.78949
2.77712
2.76387
2.74941
2.74114
2.7506
2.78465
2.8396
2.90423
2.96771
3.02412
3.07239
3.1131
3.14518
3.16446
3.16448
3.13887
3.08578
3.01524
2.94892
2.89981
2.86047
2.82012
2.77848
2.74581
2.7366
2.75916
2.8096
2.8715
2.92207
2.94546
2.94523
2.94783
2.98239
3.048
3.11978
3.1783
3.21645
3.23372
3.23179
3.21181
3.17418
3.12438
3.07555
3.0352
2.99691
2.95442
2.91196
2.87829
2.85896
2.85368
2.85706
2.86139
2.86094
2.855
2.84789
2.84567
2.85092
2.85974
2.86461
2.85995
2.84396
2.81609
2.77537
2.72287
2.66609
2.61981
2.59965
2.61154
2.64763
2.69349
2.73657
2.76835
2.7839
2.78261
2.76965
2.755
2.74889
2.75743
2.78236
2.82355
2.87955
2.94541
3.01064
3.06244
3.09306
3.10464
3.10579
3.10238
3.09408
3.08207
3.07846
3.09865
3.14049
3.18612
3.22154
3.24358
3.25447
3.25628
3.24897
3.23055
3.19851
3.15202
3.09325
3.02709
2.95937
2.89507
2.83767
2.7895
2.7517
2.72465
2.71003
2.71225
2.73663
2.78617
2.85845
2.94414
3.02902
3.0993
3.1457
3.16424
3.15534
3.12296
3.07398
3.01672
2.95913
2.9069
2.86267
2.82838
2.80771
2.80418
2.81734
2.84274
2.8757
2.91362
2.95411
2.99301
3.02712
3.05783
3.08966
3.1248
3.16013
3.19018
3.21301
3.23209
3.25173
3.27179
3.28843
3.29881
3.30212
3.29611
3.2767
3.2427
3.19775
3.14875
3.10464
3.0752
3.06721
3.07996
3.10572
3.13525
3.16156
3.17884
3.18118
3.16461
3.13126
3.09241
3.06562
3.06325
3.08107
3.10215
3.11026
3.09784
3.0665
3.02461
2.9831
2.95011
2.92806
2.91593
2.9132
2.92027
2.93486
2.94934
2.95441
2.94579
2.92884
2.91648
2.92011
2.94031
2.96721
2.98907
2.99943
2.99879
2.99263
2.98873
2.99461
3.01461
3.04712
3.08456
3.11721
3.13754
3.14166
3.12889
3.10166
3.06594
3.03075
3.00465
2.99109
2.98657
2.98354
2.97516
2.95888
2.93874
2.92586
2.93347
2.96666
3.01622
3.06483
3.0987
3.11265
3.10781
3.08877
3.06305
3.0395
3.02555
3.02619
3.04369
3.07598
3.11603
3.15456
3.18333
3.19638
3.18941
3.1601
3.10931
3.04172
2.96684
2.90073
2.86259
2.86159
2.88894
2.92723
2.96353
2.99212
3.01057
3.0171
3.01228
3.00227
2.99703
3.00141
3.01053
3.01663
3.01641
3.01203
3.00895
3.01365
3.03028
3.05751
3.08838
3.11446
3.13099
3.13942
3.14494
3.15053
3.15328
3.14776
3.13201
3.10982
3.08769
3.06966
3.05348
3.03145
2.99512
2.94081
2.87292
2.80373
2.74969
2.72526
2.73676
2.78025
2.84408
2.91353
2.97628
3.0266
3.06431
3.08964
3.10049
3.09447
3.07197
3.03744
2.99879
2.96566
2.94638
2.9447
2.95831
2.9806
3.00374
3.02107
3.02949
3.0305
3.02765
3.02319
3.01683
3.00656
2.99079
2.97081
2.95249
2.94387
2.94958
2.96715
2.98891
3.00623
3.0127
3.00568
2.98643
2.95943
2.93025
2.9033
2.88057
2.86121
2.84282
2.82437
2.80911
2.80314
2.80963
2.82518
2.84358
2.86378
2.89381
2.94477
3.01965
3.1087
3.19452
3.26033
3.29549
3.297
3.26813
3.21511
3.14353
3.05767
2.96491
2.88105
2.82739
2.81871
2.85462
2.92351
3.00829
3.08751
3.13905
3.15001
3.12644
3.08995
3.05471
3.01476
2.96313
2.90713
2.86267
2.84393
2.85312
2.87726
2.90038
2.91607
2.9278
2.94371
2.97127
3.01242
3.06106
3.10553
3.13413
3.14162
3.13326
3.12139
3.11455
3.11081
3.1024
3.08357
3.05479
3.02202
2.99343
2.97555
2.97171
2.9835
3.01064
3.04632
3.07777
3.09604
3.10295
3.10874
3.12425
3.15316
3.1901
3.22595
3.25445
3.27419
3.28655
3.29276
3.29185
3.281
3.25778
3.22337
3.18496
3.15452
3.14243
3.14795
3.15654
3.14911
3.11407
3.0524
2.97589
2.90194
2.84693
2.81991
2.81986
2.83809
2.86418
2.89088
2.91476
2.93517
2.9538
2.9738
2.9961
3.01557
3.0221
3.00665
2.96783
2.91544
2.86767
2.84276
2.84844
2.87761
2.91884
2.96715
3.01938
3.06677
3.09839
3.10856
3.09977
3.07883
3.05088
3.0193
2.99182
2.98181
3.00038
3.04724
3.1112
3.17754
3.23348
3.26909
3.27734
3.25482
3.2022
3.12395
3.02836
2.92931
2.84688
2.80148
2.80112
2.83488
2.88277
2.93035
2.97274
3.01023
3.04276
3.06751
3.07999
3.07606
3.05323
3.0112
2.9523
2.88255
2.81179
2.75103
2.70709
2.67962
2.66378
2.65607
2.65773
2.67459
2.71427
2.7818
2.8741
2.97756
3.07308
3.14298
3.17379
3.15796
3.0971
3.00419
2.90107
2.81165
2.75443
2.73731
2.75644
2.80099
2.85914
2.91981
2.97297
3.01076
3.02862
3.02552
3.00416
2.97036
2.93199
2.89833
2.8796
2.88402
2.91235
2.9555
2.99838
3.02641
3.03167
3.01827
3.00077
2.98909
2.97869
2.96232
2.94156
2.92307
2.91051
2.90228
2.89449
2.88459
2.87163
2.85376
2.82712
2.79246
2.77039
2.79768
2.88104
2.98472
3.07775
3.15198
3.20908
3.2509
3.27641
3.28192
3.26425
3.22521
3.17423
3.12559
3.09
3.06874
3.0561
3.04589
3.03433
3.01918
2.99933
2.97697
2.95671
2.93979
2.92113
2.89278
2.85536
2.83467
2.86399
2.93179
2.996
3.03433
3.04864
3.04831
3.0395
3.02252
2.99531
2.95781
2.91291
2.86473
2.81796
2.77658
2.74134
2.70928
2.67753
2.64799
2.62741
2.62284
2.63575
2.65859
2.67902
2.69202
2.70837
2.74156
2.78744
2.82922
2.85358
2.85554
2.8373
2.80891
2.78681
2.78389
2.80082
2.82697
2.84761
2.85253
2.84128
2.82229
2.80726
2.80537
2.82131
2.85582
2.90633
2.96739
3.03172
3.09206
3.14246
3.17919
3.20029
3.20402
3.18835
3.15261
3.09954
3.03573
2.97046
2.91475
2.88113
2.88028
2.91348
2.96861
3.02638
3.07126
3.0983
3.11156
3.11715
3.11735
3.11086
3.09688
3.07751
3.05697
3.03914
3.02565
3.01518
3.00421
2.9893
2.97046
2.95309
2.94589
2.95625
2.98687
3.03511
3.09405
3.15473
3.20924
3.25238
3.28083
3.29203
3.2849
3.2612
3.22552
3.1845
3.14678
3.12275
3.12139
3.14486
3.18703
3.23804
3.28862
3.33083
3.35691
3.35922
3.33287
3.27885
3.20594
3.13048
3.07187
3.0443
3.05045
3.08215
3.12392
3.15757
3.16874
3.15251
3.11461
3.06726
3.02103
2.97779
2.93303
2.88489
2.83914
2.80557
2.79111
2.79583
2.81368
2.83528
2.85054
2.851
2.83253
2.79895
2.76418
2.74597
2.75173
2.77224
2.79419
2.81388
2.83602
2.86523
2.90102
2.93893
2.97486
3.00812
3.04078
3.07423
3.10504
3.12379
3.11958
3.08933
3.04525
3.00714
2.98381
2.97179
2.96793
2.97141
2.97986
2.98981
2.99821
3.00145
2.99551
2.97972
2.96038
2.95024
2.96192
2.99787
3.04848
3.10201
3.15068
3.18664
3.20049
3.18626
3.14576
3.09004
3.03665
3.00206
2.99344
3.0075
3.03627
3.0725
3.11018
3.14287
3.16327
3.16457
3.14388
3.10535
3.06046
3.02347
3.00579
3.01296
3.0436
3.08983
3.14104
3.18711
3.21893
3.22954
3.21705
3.18568
3.14235
3.09302
3.04349
3.00219
2.97851
2.97571
2.98514
2.98876
2.96924
2.92201
2.86115
2.81069
2.78579
2.78711
2.81016
2.84942
2.89587
2.93935
2.97344
2.99587
3.0055
3.00062
2.98011
2.94716
2.9117
2.88516
2.87023
2.86151
2.85704
2.86357
2.88936
2.93406
2.98831
3.04147
3.08598
3.11769
3.13526
3.13932
3.13131
3.11346
3.08846
3.05996
3.03434
3.0195
3.01987
3.03354
3.05381
3.07252
3.08242
3.07849
3.05842
3.02313
2.97848
2.93767
2.91813
2.9293
2.96387
3.00615
3.04347
3.06877
3.07923
3.076
3.06436
3.05257
3.04824
3.05414
3.06771
3.08591
3.10804
3.13073
3.14547
3.14524
3.12971
3.10363
3.0737
3.04702
3.03001
3.02677
3.0373
3.05764
3.08271
3.10922
3.13617
3.16232
3.18346
3.19312
3.18703
3.16702
3.1407
3.11749
3.10303
3.09582
3.08941
3.07808
3.06038
3.03812
3.01426
2.99225
2.97593
2.96842
2.97066
2.9806
2.99453
3.0089
3.02112
3.02991
3.03477
3.03374
3.02327
3.00153
2.97228
2.94547
2.93121
2.93265
2.94843
2.97934
3.02254
3.06349
3.08489
3.08097
3.06103
3.03954
3.02224
3.00392
2.97833
2.94522
2.90982
2.87904
2.85937
2.8577
2.88108
2.93141
2.99881
3.06265
3.10061
3.09853
3.05634
2.99021
2.92848
2.89763
2.90674
2.94624
2.99878
3.0489
3.08657
3.10648
3.10636
3.0866
3.05176
3.01196
2.98102
2.96985
2.9812
3.01097
3.05127
3.09152
3.12076
3.13242
3.12701
3.11095
3.09305
3.08001
3.07253
3.06587
3.05583
3.04368
3.03382
3.02656
3.01681
2.99994
2.97626
2.95041
2.92929
2.92021
2.92847
2.95336
2.98654
3.01566
3.0288
3.01725
2.97809
2.91585
2.84305
2.77886
2.74278
2.74372
2.77459
2.81943
2.86379
2.89879
2.92059
2.93123
2.94015
2.95969
2.99444
3.03791
3.08118
3.11946
3.15097
3.17409
3.18622
3.18428
3.16577
3.13049
3.0826
3.0318
2.98921
2.96085
2.94623
2.94204
2.94457
2.94899
2.94879
2.93871
2.92021
2.90282
2.89817
2.91131
2.93768
2.96762
2.99361
3.01387
3.03061
3.04627
3.06183
3.07696
3.09043
3.10038
3.10461
3.10113
3.08832
3.06659
3.04107
3.02095
3.01278
3.01551
3.0245
3.0376
3.05508
3.07597
3.09663
3.11196
3.11628
3.10339
3.06697
3.00407
2.92433
2.85916
2.84762
2.89689
2.97388
3.04193
3.08302
3.09136
3.06748
3.01995
2.96516
2.92005
2.89377
2.88534
2.88694
2.88945
2.88783
2.88585
2.89752
2.93708
3.00026
3.06304
3.10228
3.1097
3.08994
3.05393
3.01403
2.98037
2.95818
2.9481
2.94947
2.9629
2.98947
3.02772
3.07189
3.11347
3.14493
3.16237
3.16494
3.15296
3.1267
3.08512
3.02546
2.94884
2.87021
2.8168
2.80733
2.83559
2.87959
2.92012
2.94965
2.96976
2.98356
2.99071
2.98922
2.98009
2.96782
2.95658
2.94581
2.93006
2.90408
2.86949
2.83803
2.82766
2.85122
2.90604
2.97473
3.03667
3.0786
3.09725
3.09664
3.08456
3.06989
3.0597
3.05651
3.05925
3.06721
3.07985
3.09185
3.09385
3.08064
3.05561
3.02727
3.0027
2.98402
2.97059
2.96263
2.96078
2.96478
2.97439
2.98989
3.00997
3.03034
3.04486
3.04834
3.03869
3.01703
2.98708
2.95627
2.93724
2.94544
2.9899
3.06337
3.14452
3.21223
3.25598
3.27499
3.27341
3.25722
3.23288
3.20604
3.17936
3.15192
3.12102
3.08465
3.04295
2.99917
2.95905
2.92595
2.89571
2.85955
2.81363
2.76493
2.72727
2.71241
2.72525
2.76424
2.82209
2.88679
2.94524
2.9883
3.01322
3.02275
3.02406
3.02776
3.04174
3.06416
3.08518
3.0956
3.09402
3.08861
3.09089
3.10431
3.12054
3.12832
3.12142
3.09842
3.06002
3.0087
2.95013
2.89389
2.85098
2.8293
2.82927
2.84351
2.86114
2.87375
2.87826
2.87668
2.87457
2.87934
2.8976
2.93269
2.98327
3.04387
3.10664
3.16333
3.20683
3.23202
3.23642
3.22148
3.19349
3.16246
3.13822
3.12674
3.12882
3.14132
3.15972
3.18005
3.19841
3.21006
3.21072
3.19921
3.17809
3.1512
3.12057
3.08607
3.0466
3.00019
2.94735
2.89528
2.85285
2.81965
2.78927
2.76246
2.74803
2.75326
2.77909
2.82325
2.88054
2.93707
2.97316
2.97709
2.95403
2.92146
2.89606
2.88335
2.87949
2.87996
2.88411
2.89385
2.90973
2.92854
2.94512
2.9558
2.96019
2.96142
2.96407
2.9705
2.97959
2.98913
2.99761
3.00298
3.00234
2.9943
2.98088
2.96601
2.95207
2.93887
2.92633
2.91868
2.92394
2.94682
2.98173
3.01555
3.03767
3.04643
3.04809
3.05052
3.05624
3.06037
3.0549
3.03473
2.99968
2.95299
2.90015
2.85005
2.81512
2.80534
2.81901
2.84276
2.86198
2.87051
2.87287
2.87889
2.89458
2.91701
2.93773
2.94987
2.9525
2.95044
2.95047
2.95676
2.9682
2.97957
2.98585
2.98583
2.98256
2.98123
2.9861
2.99751
3.0106
3.01764
3.01284
2.99507
2.96722
2.93409
2.89925
2.8623
2.82216
2.78421
2.76161
2.76684
2.80098
2.85362
2.91231
2.96926
3.02177
3.06949
3.11165
3.14618
3.16999
3.17966
3.17215
3.14558
3.10043
3.04083
2.9755
2.91604
2.87367
2.85531
2.86018
2.87846
2.89573
2.9008
2.8915
2.87414
2.85904
2.85577
2.86912
2.89568
2.92501
2.94727
2.96135
2.97617
3.00363
3.04893
3.10623
3.16331
3.20906
3.23703
3.24471
3.23227
3.20224
3.15953
3.11092
3.064
3.02498
2.9959
2.97378
2.95484
2.9399
2.93602
2.95167
2.98824
3.0355
3.07816
3.10674
3.12017
3.12154
3.1145
3.10149
3.08391
3.06435
3.04626
3.02974
3.00983
2.98055
2.94081
2.89728
2.86271
2.85034
2.8676
2.91347
2.98123
3.06124
3.14085
3.20784
3.25589
3.285
3.29825
3.3001
3.29573
3.28931
3.28243
3.27459
3.26469
3.25116
3.23101
3.20037
3.15786
3.10812
3.0615
3.02852
3.0135
3.01308
3.02096
3.03355
3.05097
3.07337
3.09779
3.11866
3.13108
3.13341
3.12734
3.11636
3.10381
3.09151
3.08025
3.07112
3.06699
3.07335
3.09458
3.12804
3.16604
3.20206
3.22961
3.23857
3.21802
3.16223
3.07519
2.97113
2.86863
2.78394
2.73555
2.74321
2.80171
2.88018
2.95568
3.02195
3.07777
3.12092
3.1491
3.16185
3.16271
3.16093
3.17141
3.20752
3.26613
3.32386
3.35402
3.34317
3.29576
3.23248
3.17966
3.15032
3.13874
3.13296
3.12423
3.10749
3.08127
3.04989
3.02333
3.01093
3.0131
3.02153
3.02742
3.02826
3.02825
3.03283
3.0422
3.05097
3.05451
3.05421
3.05636
3.06745
3.08975
3.11892
3.14546
3.15984
3.15748
3.1404
3.11565
3.09212
3.07676
3.07172
3.07395
3.07794
3.07903
3.07436
3.06129
3.03562
2.99116
2.92271
2.83212
2.73494
2.65929
2.62886
2.64644
2.69907
2.77099
2.84762
2.91582
2.96518
2.99036
2.99222
2.97672
2.95291
2.93108
2.91975
2.92112
2.9301
2.93985
2.94727
2.95326
2.95955
2.9668
2.97513
2.98528
2.99889
3.01682
3.03667
3.05169
3.05344
3.03692
3.0034
2.95987
2.91806
2.89169
2.88672
2.89497
2.90318
2.90443
2.89909
2.89115
2.88517
2.88411
2.88733
2.89043
2.88759
2.87637
2.86342
2.86489
2.89103
2.93265
2.97332
3.00464
3.02501
3.03419
3.03192
3.01823
2.99368
2.95974
2.91993
2.88091
2.85142
2.83842
2.84355
2.86336
2.89193
2.9233
2.95344
2.98299
3.01745
3.05981
3.10265
3.13195
3.13855
3.12475
3.10167
3.07939
3.05967
3.03856
3.0131
2.98418
2.95547
2.93083
2.91334
2.9062
2.91304
2.93613
2.97282
3.01442
3.05096
3.07745
3.09557
3.10951
3.12049
3.12503
3.11757
3.0955
3.06376
3.03482
3.01965
3.01781
3.02036
3.02025
3.01611
3.0087
2.998
2.98569
2.97981
2.99069
3.01857
3.05295
3.0844
3.1105
3.13255
3.15129
3.16651
3.17873
3.18776
3.18864
3.17169
3.12935
3.06338
2.98627
2.9155
2.86456
2.83758
2.83195
2.84502
2.87701
2.92893
2.99837
3.07698
3.15289
3.21569
3.25882
3.27862
3.27294
3.24076
3.18371
3.10802
3.02533
2.95097
2.89855
2.87134
2.85923
2.84815
2.83136
2.81131
2.7952
2.79187
2.81085
2.85724
2.92518
3.00012
3.06674
3.11292
3.13117
3.11993
3.0836
3.03027
2.97004
2.91418
2.87222
2.84777
2.83803
2.83689
2.83861
2.84028
2.84273
2.84861
2.85868
2.87008
2.87864
2.88299
2.88658
2.89609
2.91725
2.95042
2.9885
3.01919
3.03147
3.02303
3.00433
2.99415
3.00523
3.03196
3.05676
3.06944
3.07538
3.08431
3.09565
3.10051
3.09448
3.08213
3.07044
3.06052
3.0476
3.02803
3.00351
2.9794
2.96176
2.95662
2.96882
2.99732
3.03253
3.06094
3.07334
3.0695
3.05614
3.04073
3.0263
3.01127
2.99524
2.98462
2.9913
3.02385
3.08036
3.14967
3.21753
3.27181
3.30486
3.31378
3.2995
3.26551
3.21697
3.15978
3.0994
3.03985
2.98459
2.93833
2.90653
2.8916
2.89008
2.89421
2.89722
2.89745
2.89848
2.90624
2.92496
2.9538
2.9865
3.01415
3.02935
3.02878
3.01349
2.98805
2.95985
2.93798
2.92981
2.93721
2.95602
2.97868
2.99816
3.01005
3.01234
3.00464
2.98844
2.96767
2.94802
2.93558
2.93593
2.95361
2.98978
3.03913
3.09
3.12846
3.14339
3.1308
3.09608
3.05146
3.00964
2.97879
2.96135
2.9556
2.95751
2.96265
2.96798
2.97335
2.98059
2.99006
2.99887
3.00341
3.0039
3.00543
3.01268
3.02357
3.03027
3.02619
3.01004
2.98409
2.95203
2.92077
2.90196
2.90308
2.91559
2.92228
2.91514
2.89883
2.88155
2.86705
2.85356
2.83654
2.81101
2.77325
2.72339
2.66903
2.62713
2.61965
2.66126
2.74706
2.85308
2.9508
3.02185
3.06189
3.07615
3.07314
3.0602
3.04281
3.02549
3.01039
2.9969
2.98575
2.98098
2.98477
2.99148
2.98984
2.97124
2.93601
2.89408
2.86015
2.84601
2.85465
2.8814
2.91982
2.96471
3.01149
3.05544
3.09219
3.11877
3.13464
3.14135
3.14056
3.13243
3.11645
3.09485
3.07396
3.06069
3.05819
3.06561
3.08044
3.09983
3.12079
3.13992
3.15307
3.15527
3.1415
3.10872
3.05846
2.99816
2.94002
2.89785
2.88232
2.89601
2.93376
2.98834
3.05241
3.11619
3.16862
3.20253
3.21795
3.22132
3.22109
3.22205
3.22347
3.22183
3.21324
3.19522
3.1693
3.14164
3.12026
3.11134
3.1156
3.12678
3.13432
3.12848
3.10472
3.06638
3.02499
2.99567
2.98614
2.98918
2.98884
2.97347
2.94304
2.90887
2.88634
2.88471
2.9018
2.92792
2.95373
2.97552
2.99503
3.0153
3.03613
3.05306
3.05977
3.05068
3.02408
2.98841
2.96596
2.97786
3.0195
3.06593
3.09625
3.10284
3.08961
3.06832
3.05213
3.0469
3.04686
3.04017
3.01858
2.98306
2.94366
2.91556
2.91109
2.93079
2.96117
2.98411
2.98993
2.98142
2.96608
2.94939
2.93666
2.93319
2.93755
2.94134
2.93686
2.92264
2.90377
2.88877
2.88405
2.88967
2.90016
2.90855
2.91045
2.90674
2.90329
2.90583
2.91466
2.9252
2.93281
2.93621
2.93767
2.94136
2.9515
2.97106
3.00133
3.0421
3.09153
3.14532
3.19635
3.23628
3.25769
3.25557
3.22777
3.17543
3.10374
3.02191
2.94121
2.87059
2.81355
2.76928
2.73678
2.71846
2.72002
2.74279
2.77758
2.81185
2.83919
2.85743
2.86231
2.85082
2.83151
2.82416
2.84409
2.88982
2.94578
2.99127
3.00844
2.98781
2.92989
2.84439
2.74971
2.67052
2.62867
2.63079
2.66651
2.71961
2.77689
2.82929
2.87319
2.91171
2.9492
2.98344
3.0068
3.01453
3.01043
3.00605
3.01252
3.02906
3.04253
3.04072
3.02291
2.99881
2.98063
2.9752
2.98048
2.98811
2.98893
2.9784
2.95871
2.93596
2.9151
2.89528
2.86929
2.82864
2.77066
2.70231
2.64021
2.60662
2.61756
2.67056
2.74733
2.82709
2.8952
2.94297
2.96572
2.96335
2.94196
2.91372
2.89418
2.8979
2.93164
2.98929
3.0565
3.12066
3.17548
3.21936
3.25233
3.2747
3.287
3.28954
3.28165
3.26172
3.22773
3.17742
3.11051
3.03367
2.96266
2.9156
2.90199
2.91761
2.94884
2.98115
3.00552
3.01983
3.0257
3.02491
3.01859
3.00955
3.00402
3.00976
3.03145
3.06796
3.11319
3.15877
3.19685
3.22306
3.23763
3.24357
3.24334
3.23705
3.22362
3.20422
3.18614
3.1816
3.19767
3.22669
3.25113
3.25546
3.23198
3.18169
3.11401
3.04418
2.98635
2.94597
2.9193
2.89948
2.88245
2.86839
2.86064
2.86339
2.878
2.89934
2.91729
2.92307
2.91481
2.89896
2.88868
2.89925
2.93898
3.00091
3.06561
3.11304
3.13055
3.11439
3.06911
3.00666
2.94294
2.89092
2.85544
2.83527
2.82764
2.82828
2.83077
2.83198
2.8358
2.84715
2.86478
2.88309
2.9011
2.92723
2.96733
3.009
3.03051
3.02081
2.98512
2.93986
2.90485
2.89431
2.91034
2.94355
2.97947
3.00699
3.02282
3.03049
3.03612
3.04205
3.04264
3.02936
3.00003
2.96089
2.92153
2.88904
2.86575
2.85066
2.84177
2.83672
2.8334
2.83165
2.83458
2.8478
2.87574
2.91833
2.96958
3.01858
3.05276
3.06215
3.04379
3.00374
2.95578
2.9167
2.89817
2.90048
2.91562
2.93423
2.94829
2.95187
2.94263
2.92474
2.91129
2.91831
2.94853
2.98665
3.01529
3.02794
3.02839
3.02444
3.02202
3.02226
3.02285
3.02206
3.02144
3.0235
3.02703
3.026
3.01442
2.99229
2.96662
2.94541
2.93106
2.92004
2.9074
2.89099
2.87388
2.86344
2.866
2.88156
2.90354
2.92362
2.93858
2.95433
2.98084
3.01949
3.05669
3.07234
3.0534
3.00247
2.939
2.88949
2.86784
2.86655
2.87093
2.87628
2.8895
2.92051
2.97228
3.03586
3.09572
3.13963
3.16302
3.16681
3.15395
3.12799
3.09322
3.05523
3.0195
2.98933
2.96939
2.96879
2.98794
3.00774
3.00617
2.97828
2.93897
2.91088
2.90415
2.90804
2.90714
2.90126
2.90542
2.93413
2.98687
3.04806
3.09818
3.12395
3.12149
3.09431
3.04946
2.99447
2.93645
2.88247
2.83972
2.81444
2.81025
2.82749
2.86391
2.91378
2.96542
3.00502
3.02603
3.03354
3.03821
3.04817
3.0674
3.09652
3.13277
3.17092
3.20527
3.23135
3.24728
3.25489
3.25987
3.26972
3.28905
3.31491
3.33816
3.34984
3.34597
3.32809
3.30151
3.2725
3.24561
3.22281
3.20418
3.18821
3.17111
3.14749
3.11285
3.06596
3.00937
2.94857
2.89174
2.85125
2.84064
2.86168
2.89995
2.94011
2.97639
3.00885
3.03808
3.06507
3.09139
3.11657
3.13737
3.15075
3.15737
3.16174
3.16846
3.17732
3.18218
3.17456
3.14776
3.0993
3.03255
2.95844
2.89511
2.86128
2.86445
2.8963
2.94171
2.99003
3.03765
3.08437
3.12914
3.16837
3.19694
3.21073
3.20986
3.20065
3.19245
3.18966
3.18948
3.18722
3.17985
3.16692
3.15195
3.14107
3.13711
3.13695
3.13482
3.12492
3.10183
3.06305
3.013
2.96377
2.93002
2.92181
2.94104
2.98234
3.03472
3.08425
3.11914
3.13469
3.13583
3.13648
3.15212
3.18536
3.22039
3.23662
3.22454
3.18974
3.1473
3.11151
3.08712
3.06929
3.05095
3.02789
2.99946
2.96923
2.94547
2.93838
2.95439
2.99159
3.04151
3.09451
3.14247
3.1786
3.19704
3.19352
3.16618
3.11636
3.04937
2.97513
2.9078
2.86317
2.85172
2.8715
2.90842
2.94452
2.96569
2.96556
2.94612
2.91689
2.89317
2.89059
2.91515
2.95763
2.99974
3.02523
3.02629
3.00313
2.96123
2.91247
2.88031
2.88749
2.92773
2.97112
2.99621
3.00039
2.99157
2.97965
2.97101
2.96598
2.95946
2.94512
2.9199
2.8862
2.85127
2.8234
2.80698
2.80183
2.80676
2.82086
2.8402
2.85673
2.86199
2.85378
2.84511
2.86046
2.90008
2.93176
2.93581
2.9201
2.89958
2.88315
2.87444
2.87298
2.8735
2.87012
2.86241
2.85522
2.85239
2.85136
2.84458
2.82583
2.79762
2.77458
2.77204
2.78849
2.81187
2.8379
2.87078
2.91283
2.95906
2.99933
3.02316
3.02529
3.00962
2.98795
2.97297
2.97124
2.982
3.00098
3.02406
3.04865
3.07388
3.10029
3.12866
3.15821
3.18584
3.20748
3.22054
3.2251
3.22254
3.21382
3.19828
3.17406
3.14024
3.09986
3.06174
3.0381
3.03788
3.06036
3.09563
3.13167
3.1603
3.17811
3.18443
3.17955
3.1645
3.14093
3.11032
3.07305
3.02995
2.98898
2.97236
3.00358
3.07505
3.15188
3.20642
3.22954
3.22325
3.19452
3.15302
3.10905
3.06981
3.03623
3.00498
2.97566
2.9548
2.95141
2.96944
3.00471
3.04657
3.08235
3.10244
3.10425
3.09252
3.07534
3.06088
3.05636
3.06446
3.08043
3.09632
3.10784
3.11519
3.11916
3.11826
3.1097
3.09351
3.07628
3.07038
3.08564
3.119
3.15394
3.17206
3.16519
3.13972
3.1116
3.09462
3.09155
3.09688
3.10496
3.11386
3.12495
3.1408
3.16226
3.18609
3.20542
3.21291
3.20547
3.18658
3.16253
3.1357
3.10577
3.07558
3.04921
3.02705
3.00846
2.99678
2.99781
3.01404
3.0417
3.07444
3.10942
3.14747
3.18834
3.22823
3.2624
3.28828
3.30584
3.31643
3.32216
3.32393
3.3193
3.30418
3.27703
3.24064
3.19995
3.15884
3.11943
3.08306
3.04987
3.01719
2.97985
2.93318
2.87721
2.8211
2.78321
2.78004
2.81229
2.86637
2.92742
2.98639
3.03877
3.08223
3.11571
3.13962
3.15566
3.16606
3.17251
3.17577
3.17616
3.17396
3.16956
3.16503
3.16688
3.1834
3.21484
3.24977
3.27596
3.29161
3.30298
3.31386
3.32056
3.31605
3.29618
3.26169
3.21694
3.16782
3.12026
3.07863
3.0432
3.00913
2.96966
2.92151
2.86847
2.82105
2.79257
2.7921
2.81929
2.86488
2.91517
2.95737
2.98366
2.99141
2.98169
2.9592
2.93221
2.90966
2.89657
2.89239
2.89412
2.89915
2.9058
2.91298
2.92073
2.92998
2.94083
2.95153
2.96136
2.9755
3.00248
3.0405
3.0751
3.09578
3.10395
3.10407
3.09654
3.08038
3.05779
3.03617
3.02658
3.03815
3.07037
3.1102
3.13909
3.14466
3.12739
3.09732
3.06607
3.04044
3.02163
3.00745
2.99434
2.97921
2.96142
2.94311
2.92796
2.92011
2.92372
2.94048
2.96554
2.98859
3.00069
2.99921
2.98749
2.97216
2.95997
2.95473
2.95692
2.96698
2.98693
3.01781
3.05729
3.10139
3.14698
3.19173
3.23181
3.26133
3.27486
3.27019
3.24831
3.21157
3.16252
3.10456
3.04314
2.98576
2.94021
2.91318
2.90892
2.92704
2.96202
3.0056
3.05081
3.0954
3.14024
3.18416
3.22248
3.25097
3.26906
3.27941
3.28581
3.29081
3.29384
3.29166
3.28135
3.26312
3.24051
3.21896
3.20338
3.19573
3.19425
3.19562
3.19828
3.20316
3.21061
3.21767
3.21925
3.21157
3.19385
3.16798
3.13766
3.1066
3.07641
3.04659
3.01737
2.99189
2.97457
2.96635
2.96303
2.96228
2.97281
3.00928
3.0729
3.14441
3.20032
3.22858
3.22904
3.2073
3.17
3.12193
3.06541
3.00278
2.94011
2.88885
2.86183
2.86332
2.88361
2.90791
2.92741
2.94053
2.94697
2.94417
2.92918
2.90193
2.86578
2.82629
2.79089
2.76693
2.75586
2.75185
2.7488
2.74591
2.74745
2.76056
2.78958
2.82867
2.86199
2.87162
2.84746
2.79789
2.75413
2.749
2.78364
2.83219
2.8743
2.90743
2.93552
2.95666
2.96327
2.95226
2.93076
2.91097
2.90208
2.90826
2.92859
2.9553
2.97557
2.97908
2.96588
2.9467
2.93251
2.92597
2.92545
2.93184
2.95044
2.98892
3.04901
3.11544
3.1629
3.17768
3.16593
3.14463
3.12677
3.11321
3.09762
3.07511
3.04525
3.0102
2.97337
2.93839
2.90777
2.88131
2.85598
2.82879
2.80214
2.78662
2.79491
2.83033
2.88282
2.93406
2.96592
2.968
2.94123
2.89679
2.85149
2.82016
2.80705
2.80315
2.79543
2.78064
2.7694
2.77575
2.80279
2.84151
2.88278
2.92432
2.9664
3.00547
3.03373
3.04339
3.03099
2.9991
2.9553
2.90916
2.86924
2.84128
2.82811
2.83007
2.84499
2.86831
2.89349
2.91338
2.92192
2.91572
2.89542
2.86657
2.83957
2.82606
2.83111
2.84677
2.85622
2.84833
2.83292
2.83792
2.876
2.92476
2.95526
2.95709
2.93671
2.90884
2.88854
2.88405
2.89419
2.91227
2.93124
2.94523
2.9487
2.93652
2.90619
2.8597
2.80315
2.74501
2.6961
2.66776
2.66392
2.67694
2.69446
2.70862
2.72126
2.74476
2.79488
2.87673
2.97877
3.08172
3.16888
3.22911
3.25701
3.25363
3.22669
3.18799
3.14791
3.11124
3.07725
3.04256
3.00488
2.96634
2.93281
2.90888
2.89434
2.88543
2.87827
2.8715
2.86676
2.86776
2.87799
2.89846
2.92704
2.95926
2.98873
3.00745
3.00756
2.98349
2.93587
2.88063
2.85318
2.88118
2.95403
3.04387
3.13344
3.21566
3.28611
3.34093
3.37747
3.39441
3.39115
3.36718
3.32227
3.25736
3.17627
3.08683
3.00021
2.92777
2.87701
2.84876
2.83725
2.83326
2.82918
2.82406
2.82587
2.84323
2.87151
2.89535
2.90455
2.90179
2.89863
2.9066
2.92923
2.96019
2.98879
3.00687
3.01197
3.00702
2.99709
2.98584
2.9737
2.95845
2.938
2.91391
2.89156
2.87542
2.86345
2.84876
2.82703
2.80026
2.77529
2.76116
2.76653
2.79726
2.85491
2.93545
3.02815
3.11824
3.19259
3.24368
3.26998
3.27441
3.26179
3.2361
3.19948
3.15346
3.10078
3.04667
2.99916
2.96751
2.95889
2.97494
3.01086
3.05581
3.09483
3.11522
3.11292
3.09313
3.0657
3.03854
3.01291
2.98628
2.96012
2.94234
2.94106
2.95638
2.97939
2.99922
3.01037
3.01415
3.01562
3.01924
3.02608
3.03446
3.04298
3.05272
3.06644
3.08566
3.10795
3.12661
3.13326
3.12236
3.09524
3.05958
3.0256
3.00267
2.99764
3.01342
3.04731
3.09091
3.13216
3.15862
3.16102
3.1359
3.08672
3.0226
2.95534
2.89609
2.8533
2.83107
2.8283
2.84035
2.86269
2.89384
2.93504
2.98524
3.03691
3.07999
3.10842
3.12214
3.12516
3.12298
3.12016
3.11841
3.11605
3.10932
3.09511
3.07403
3.05151
3.03517
3.02938
3.03127
3.03473
3.04048
3.05482
3.07379
3.08214
3.07176
3.05038
3.03278
3.02635
3.02467
3.01571
2.99489
2.96939
2.95017
2.93961
2.92886
2.90799
2.87694
2.84695
2.83412
2.84973
2.8933
2.95325
3.01424
3.06545
3.10416
3.13331
3.15512
3.16714
3.16465
3.14676
3.11841
3.08575
3.05104
3.01304
2.97448
2.94645
2.93679
2.9356
2.92681
2.91291
2.91601
2.9514
3.01169
3.08064
3.14556
3.19606
3.22144
3.21426
3.1785
3.13354
3.10064
3.08287
3.06941
3.05118
3.02508
2.99336
2.96198
2.93654
2.91943
2.91136
2.91417
2.92916
2.95292
2.97591
2.98508
2.96906
2.92594
2.87076
2.83309
2.83758
2.88404
2.95201
3.0196
3.07524
3.11917
3.1573
3.19339
3.22525
3.24548
3.24527
3.21897
3.16628
3.09165
3.00344
2.91816
2.86505
2.86739
2.91479
2.97249
3.0124
3.02783
3.02808
3.02623
3.02936
3.03468
3.03112
3.00621
2.95844
2.90849
2.88888
2.9098
2.95101
2.99157
3.02572
3.0552
3.08095
3.10124
3.1126
3.112
3.09935
3.07757
3.05086
3.02304
2.99734
2.97718
2.9654
2.96143
2.96035
2.95633
2.94734
2.93664
2.93041
2.93435
2.95048
2.97651
3.00897
3.04575
3.0854
3.12523
3.16164
3.19182
3.21527
3.2341
3.25223
3.27276
3.29424
3.31048
3.31486
3.30346
3.27405
3.22538
3.15845
3.07906
2.99895
2.9335
2.89622
2.89276
2.91811
2.95918
3.0006
3.02923
3.03565
3.01472
2.96767
2.90484
2.84549
2.81148
2.81638
2.85723
2.91698
2.97676
3.02651
3.06635
3.10107
3.13427
3.16617
3.19565
3.22333
3.24945
3.26712
3.26272
3.22574
3.15661
3.06771
2.97966
2.9142
2.88592
2.89623
2.93387
2.98452
3.03958
3.09252
3.13379
3.15609
3.15935
3.148
3.12632
3.09645
3.05943
3.01709
2.97346
2.93571
2.91341
2.91261
2.93007
2.95721
2.98833
3.02238
3.05909
3.09625
3.12961
3.15386
3.1639
3.15641
3.13146
3.09258
3.04463
2.99143
2.93554
2.88034
2.83194
2.79726
2.77825
2.76964
2.76496
2.76285
2.76515
2.77111
2.77571
2.77335
2.76511
2.76331
2.78108
2.81547
2.85253
2.88297
2.90226
2.90625
2.89397
2.87117
2.84777
2.83185
2.82688
2.83315
2.84987
2.87571
2.90866
2.94504
2.97917
3.00486
3.0185
3.02091
3.01488
3.00105
2.97807
2.94651
2.91176
2.88303
2.86794
2.86617
2.86964
2.86947
2.86158
2.84737
2.83242
2.82476
2.83153
2.85526
2.8929
2.93858
2.98701
3.03442
3.07736
3.11142
3.13118
3.13142
3.10859
3.06244
2.99893
2.93143
2.87507
2.83795
2.81771
2.80602
2.79905
2.80475
2.83153
2.87311
2.91695
2.95624
2.98759
3.00832
3.01987
3.02836
3.03875
3.04994
3.05735
3.05841
3.05382
3.04457
3.03093
3.01395
2.99564
2.97756
2.96006
2.9414
2.91678
2.88035
2.83194
2.78785
2.77942
2.81942
2.88142
2.92924
2.94524
2.93689
2.92918
2.93785
2.95378
2.96516
2.97732
3.00339
3.04793
3.10196
3.14941
3.17705
3.18077
3.16644
3.14658
3.13437
3.13651
3.14852
3.15763
3.15345
3.13577
3.10975
3.07704
3.03693
2.99258
2.9517
2.92125
2.90079
2.88284
2.86093
2.83496
2.80924
2.78774
2.77158
2.7605
2.75559
2.75908
2.77242
2.79612
2.82956
2.86844
2.90442
2.92988
2.94279
2.94585
2.94278
2.93749
2.93474
2.93912
2.95448
2.98372
3.02642
3.07605
3.12047
3.14797
3.1558
3.15278
3.1483
3.14009
3.12032
3.08742
3.04593
3.0003
2.95195
2.90101
2.85014
2.8063
2.77756
2.76728
2.77365
2.79453
2.82981
2.87875
2.93781
3.00169
3.06538
3.12417
3.17216
3.20248
3.21021
3.19604
3.16835
3.13998
3.12025
3.11088
3.11076
3.12014
3.13748
3.15652
3.17058
3.17781
3.18012
3.17823
3.16967
3.15088
3.12069
3.08265
3.04533
3.02017
3.01733
3.0414
3.08852
3.14607
3.19607
3.22157
3.21375
3.17662
3.1264
3.08341
3.06264
3.07114
3.10905
3.16766
3.2297
3.27756
3.30106
3.29785
3.26957
3.2197
3.15379
3.07992
3.0082
2.95121
2.92427
2.93597
2.97547
3.01984
3.05406
3.07692
3.09209
3.09917
3.09357
3.07144
3.03451
2.99595
2.97717
2.98334
2.99372
2.98921
2.96906
2.94294
2.92068
2.90887
2.911
2.92723
2.95459
2.9876
3.01913
3.04467
3.06618
3.08989
3.11928
3.15055
3.17531
3.18798
3.18924
3.1793
3.15136
3.09819
3.02203
2.9354
2.85497
2.79648
2.77263
2.78918
2.83943
2.90562
2.969
3.01903
3.05486
3.08123
3.10351
3.12431
3.14262
3.15471
3.15685
3.14828
3.13173
3.11103
3.08836
3.06423
3.03896
3.0134
2.98856
2.96586
2.94919
2.94575
2.96246
2.99987
3.05064
3.10336
3.14683
3.17153
3.17035
3.13958
3.07976
2.998
2.9119
2.8472
2.82067
2.82573
2.84166
2.85272
2.85728
2.86511
2.88833
2.93141
2.98735
3.04292
3.08674
3.1123
3.11596
3.09497
3.04779
2.97552
2.8857
2.79988
2.75145
2.75962
2.8115
2.88116
2.95042
3.00992
3.05449
3.08171
3.09437
3.10203
3.11668
3.14289
3.17304
3.19405
3.19767
3.18469
3.16231
3.13796
3.11426
3.09039
3.06772
3.05092
3.04189
3.03321
3.01037
2.96351
2.89863
2.8376
2.80427
2.80731
2.83723
2.87779
2.91725
2.95189
2.98379
3.01607
3.04997
3.08481
3.11929
3.15227
3.18178
3.20361
3.21157
3.2009
3.17262
3.13526
3.1016
3.08221
3.08077
3.09459
3.11748
3.14252
3.16375
3.17711
3.18045
3.17367
3.15856
3.13683
3.10875
3.07538
3.04156
3.01421
2.99684
2.98609
2.97514
2.96007
2.94248
2.92702
2.91697
2.91168
2.90707
2.89806
2.8811
2.85647
2.831
2.81879
2.83446
2.87936
2.93764
2.98874
3.01912
3.02424
3.00674
2.97611
2.94711
2.93397
2.94288
2.9697
3.00249
3.02688
3.03275
3.01799
2.98572
2.94028
2.88749
2.837
2.80046
2.78413
2.78289
2.78344
2.77462
2.75517
2.73363
2.72277
2.73305
2.77014
2.83409
2.91589
2.9983
3.06643
3.11593
3.14968
3.17014
3.17665
3.16847
3.14725
3.11648
3.08117
3.0496
3.03197
3.03358
3.05101
3.07528
3.09586
3.10294
3.08936
3.0533
3.0007
2.94491
2.90187
2.88211
2.88494
2.90044
2.91663
2.92483
2.92028
2.90229
2.87519
2.84766
2.82979
2.82966
2.85028
2.88902
2.94203
3.00604
3.07236
3.1269
3.15912
3.16578
3.14947
3.11851
3.08572
3.06007
3.03939
3.01788
2.99914
2.98918
2.98002
2.95789
2.92096
2.88038
2.85118
2.84359
2.85934
2.89351
2.93865
2.98638
3.02766
3.05457
3.06364
3.05764
3.04446
3.03285
3.02749
3.02661
3.02417
3.01493
2.9989
2.98185
2.97086
2.96754
2.96648
2.96058
2.94699
2.92826
2.9102
2.89868
2.89642
2.90103
2.90652
2.90748
2.90234
2.89444
2.89127
2.90103
2.92568
2.95766
2.9883
3.01735
3.05151
3.09488
3.14339
3.18717
3.21557
3.22071
3.19991
3.15703
3.10168
3.04587
2.99917
2.9652
2.94372
2.93537
2.94095
2.95639
2.97224
2.97975
2.97713
2.97006
2.96693
2.97466
2.99835
3.03929
3.08944
3.13289
3.15748
3.16523
3.16978
3.17992
3.18757
3.17798
3.14657
3.10365
3.06715
3.04954
3.05094
3.06486
3.08486
3.105
3.11983
3.12646
3.12355
3.10777
3.07409
3.02019
2.94865
2.86659
2.78643
2.72453
2.69352
2.69588
2.72512
2.7718
2.82705
2.88164
2.92599
2.95241
2.95665
2.93977
2.91197
2.89458
2.91122
2.9686
3.04764
3.11912
3.16352
3.17492
3.15546
3.11173
3.05437
2.99767
2.95671
2.94251
2.9557
2.98368
3.0096
3.02488
3.03201
3.03822
3.04784
3.05971
3.07007
3.07585
3.07539
3.06848
3.05759
3.04784
3.0446
3.04964
3.059
3.06444
3.05784
3.03585
3.0027
2.96992
2.95133
2.95353
2.9695
2.98352
2.98257
2.9632
2.93124
2.89753
2.8732
2.86555
2.87653
2.90435
2.9461
2.99855
3.05706
3.11473
3.16402
3.19967
3.21966
3.22422
3.21481
3.19431
3.16656
3.13609
3.10768
3.08538
3.07072
3.06179
3.0539
3.0416
3.02148
2.99374
2.96054
2.92308
2.88104
2.83515
2.78961
2.75309
2.73737
2.75146
2.79282
2.84605
2.89294
2.92253
2.93312
2.92954
2.91999
2.91308
2.91525
2.92909
2.95306
2.98258
3.01165
3.03454
3.04741
3.04864
3.03832
3.01696
2.98437
2.93938
2.88165
2.81508
2.75153
2.71094
2.7119
2.75688
2.82872
2.90429
2.96902
3.01895
3.05378
3.07222
3.07361
3.06069
3.03992
3.01906
3.00431
2.99884
3.00249
3.01162
3.0191
3.01699
3.00073
2.97192
2.93786
2.90897
2.8944
2.8978
2.91619
2.94255
2.96957
2.99209
3.00713
3.01281
3.00813
2.99377
2.97226
2.94643
2.91887
2.89331
2.87551
2.87151
2.88526
2.9169
2.96326
3.02016
3.0823
3.14064
3.18485
3.20948
3.21602
3.20919
3.19193
3.16368
3.12335
3.07433
3.02741
2.99729
2.99221
3.00715
3.02939
3.04756
3.05504
3.05026
3.03664
3.02123
3.01171
3.01351
3.02881
3.05596
3.08822
3.11418
3.12193
3.10441
3.06267
3.00581
2.94704
2.89831
2.86847
2.86366
2.88586
2.93032
2.987
3.0453
3.09758
3.14013
3.17268
3.19735
3.21726
3.23511
3.25237
3.26887
3.28272
3.29053
3.28796
3.27046
3.23414
3.17834
3.10924
3.0412
2.99131
2.97005
2.97626
2.99929
3.02474
3.04181
3.04794
3.04761
3.04721
3.05079
3.05844
3.06781
3.07725
3.08755
3.10082
3.11908
3.14381
3.17507
3.21014
3.24317
3.26628
3.27183
3.25476
3.21454
3.15619
3.08968
3.02734
2.98032
2.95455
2.94805
2.95133
2.95141
2.9372
2.90363
2.85322
2.79491
2.7409
2.70387
2.6953
2.72056
2.77214
2.83396
2.89354
2.94712
2.99617
3.04277
3.08823
3.13301
3.17561
3.21186
3.23726
3.24971
3.24886
3.2337
3.20253
3.15566
3.09858
3.04348
3.0068
2.99851
3.01215
3.03161
3.04763
3.06188
3.07837
3.09692
3.11452
3.13086
3.14948
3.17094
3.18833
3.19274
3.18053
3.15468
3.12171
3.08869
3.06241
3.04908
3.05304
3.07476
3.11031
3.15227
3.19185
3.22049
3.23138
3.2234
3.2039
3.18333
3.16318
3.13368
3.086
3.024
2.96603
2.93458
2.94032
2.97624
3.02744
3.08059
3.12532
3.15347
3.1602
3.14609
3.1168
3.07951
3.03843
2.99496
2.95215
2.9176
2.90018
2.90326
2.92159
2.94562
2.96744
2.98339
2.99267
2.99394
2.98275
2.95234
2.89891
2.83203
2.78047
2.77048
2.79418
2.82326
2.84043
2.84412
2.8414
2.84359
2.86164
2.89929
2.94864
2.99371
3.01893
3.01506
2.97957
2.91472
2.82953
2.74707
2.70156
2.71127
2.76365
2.8365
2.91368
2.98335
3.0359
3.06538
3.07124
3.05903
3.03957
3.0251
3.02308
3.03312
3.04872
3.06126
3.06388
3.05346
3.03115
3.00297
2.9796
2.97226
2.98534
3.01248
3.04012
3.05545
3.05528
3.05013
3.05459
3.07121
3.08978
3.09779
3.08573
3.04893
2.99124
2.92611
2.87131
2.83941
2.8317
2.84003
2.8532
2.86218
2.86309
2.85771
2.85172
2.85036
2.8533
2.85377
2.84394
2.8247
2.81175
2.82692
2.87798
2.9517
3.02647
3.08523
3.11922
3.12707
3.11251
3.08222
3.04398
3.00545
2.97429
2.95719
2.95547
2.96178
2.96464
2.95828
2.94731
2.9423
2.95167
2.97771
3.01791
3.06737
3.11959
3.16625
3.19967
3.21621
3.21671
3.2035
3.17756
3.1388
3.08779
3.02689
2.96143
2.90236
2.86349
2.85016
2.85601
2.87419
2.90163
2.93283
2.95943
2.97503
2.97742
2.96755
2.94715
2.91764
2.88219
2.84739
2.82164
2.81018
2.81276
2.82717
2.85436
2.89539
2.94294
2.98374
3.00894
3.01754
3.01339
3.00214
2.9898
2.98094
2.97644
2.97288
2.96474
2.94817
2.92448
2.90134
2.88936
2.89565
2.92119
2.96311
3.01493
3.06567
3.10281
3.1169
3.1038
3.06424
3.00349
2.93154
2.86176
2.8067
2.77419
2.76672
2.78276
2.81564
2.85271
2.88002
2.89016
2.88638
2.88015
2.88308
2.89976
2.92754
2.96052
2.99171
3.01433
3.02363
3.0188
3.00383
2.98533
2.96647
2.94301
2.90671
2.8512
2.77492
2.6835
2.59388
2.53234
2.51997
2.55826
2.63268
2.72611
2.82478
2.91659
2.99164
3.04669
3.08746
3.12321
3.15743
3.18507
3.19854
3.19446
3.17661
3.15402
3.13422
3.1173
3.09742
3.06957
3.03387
2.9948
2.95798
2.92706
2.90261
2.88319
2.86802
2.85942
2.86228
2.88138
2.91906
2.97247
3.03205
3.08491
3.12029
3.13242
3.12021
3.08672
3.03967
2.98951
2.94266
2.89775
2.85127
2.80379
2.76065
2.73127
2.73064
2.77441
2.8615
2.96735
3.06334
3.13479
3.17857
3.19352
3.17811
3.13503
3.07499
3.01557
2.97517
2.96468
2.98179
3.0123
3.03761
3.04404
3.02932
3.0017
2.9716
2.94352
2.91645
2.88918
2.8624
2.83708
2.81407
2.79665
2.79003
2.7957
2.80858
2.82367
2.84141
2.86446
2.89325
2.9251
2.9547
2.97586
2.98433
2.9799
2.96687
2.95338
2.94914
2.9613
2.99055
3.03144
3.07661
3.11981
3.15478
3.17416
3.1728
3.15163
3.11681
3.07387
3.02239
2.95786
2.87957
2.7978
2.73328
2.7069
2.72424
2.77084
2.82467
2.8709
2.90691
2.93897
2.97615
3.0242
3.08119
3.13819
3.18384
3.20768
3.20035
3.15419
3.06727
2.95315
2.84794
2.78993
2.78102
2.791
2.79363
2.78127
2.76166
2.75126
2.76111
2.78277
2.79577
2.78841
2.76438
2.73272
2.6967
2.65556
2.61661
2.60055
2.62866
2.70302
2.802
2.89694
2.96821
3.00707
3.01124
2.98198
2.92387
2.84674
2.76793
2.7106
2.69373
2.72025
2.77668
2.84363
2.90678
2.96208
3.0144
3.07143
3.13631
3.20352
3.26079
3.29528
3.29936
3.27274
3.22202
3.15952
3.10105
3.06172
3.05008
3.06433
3.09437
3.12791
3.15497
3.16899
3.16588
3.14394
3.10463
3.05357
2.99984
2.95269
2.91786
2.89668
2.88865
2.89418
2.9144
2.94865
2.99366
3.04512
3.09901
3.15072
3.19322
3.2177
3.21701
3.18972
3.14287
3.09205
3.05495
3.03946
3.03832
3.0368
3.0225
2.991
2.94914
2.91342
2.89936
2.90878
2.92987
2.94865
2.95702
2.95335
2.94174
2.93083
2.9291
2.93872
2.95422
2.96725
2.97157
2.96505
2.94944
2.92906
2.90998
2.89914
2.90193
2.91928
2.94741
2.98054
3.01363
3.04329
3.06722
3.08257
3.08582
3.07608
3.06012
3.05273
3.06612
3.09651
3.12581
3.13721
3.12577
3.09735
3.06246
3.03037
3.00607
2.99037
2.98254
2.98347
2.99647
3.02506
3.06918
3.12323
3.17803
3.22434
3.25506
3.26597
3.25624
3.22865
3.18932
3.14555
3.10324
3.06644
3.03891
3.02406
3.02294
3.03254
3.04622
3.05583
3.05456
3.03914
3.01055
2.97376
2.93694
2.90964
2.89924
2.9071
2.92815
2.95391
2.97583
2.98739
2.98634
2.97633
2.96527
2.96099
2.96814
2.9876
3.0168
3.05055
3.08288
3.10944
3.12935
3.1453
3.16162
3.18092
3.20219
3.22205
3.23736
3.24616
3.247
3.23809
3.21784
3.18609
3.14434
3.09486
3.04036
2.98539
2.93672
2.90079
2.88185
2.88318
2.90476
2.93729
2.96475
2.97714
2.97826
2.97994
2.98874
2.99896
2.99915
2.98118
2.94414
2.89644
2.85683
2.84877
2.88483
2.95451
3.03308
3.0996
3.14409
3.16523
3.16679
3.15635
3.14351
3.13333
3.11979
3.0919
3.04565
2.98773
2.93157
2.89092
2.87321
2.87634
2.89156
2.90998
2.92857
2.95194
2.98822
3.04084
3.10347
3.16218
3.20221
3.21399
3.19575
3.15275
3.09489
3.0339
2.98127
2.94591
2.9315
2.93491
2.94879
2.96673
2.98614
3.00712
3.02875
3.04712
3.05653
3.05252
3.03444
3.00679
2.97753
2.95406
2.94188
2.94504
2.9631
2.98883
3.01307
3.03283
3.05426
3.08693
3.13296
3.18339
3.22536
3.2497
3.25418
3.24396
3.22935
3.22012
3.21865
3.21796
3.208
3.18532
3.1564
3.12911
3.10331
3.07378
3.03781
2.99516
2.94472
2.88622
2.82403
2.76725
2.72505
2.70418
2.71107
2.74943
2.81067
2.87463
2.92439
2.95604
2.97627
2.99657
3.02894
3.07889
3.13756
3.18675
3.21358
3.21756
3.20649
3.18924
3.17039
3.15117
3.13574
3.13219
3.14326
3.16159
3.17732
3.18489
3.18334
3.17477
3.16206
3.1469
3.13005
3.11376
3.10255
3.10021
3.10688
3.1193
3.13269
3.14165
3.14052
3.12398
3.08771
3.03085
2.96088
2.89371
2.84332
2.8132
2.80119
2.80603
2.82605
2.85701
2.89333
2.93054
2.9658
2.99717
3.02266
3.04033
3.04936
3.05136
3.04978
3.04708
3.04224
3.03135
3.01133
2.98377
2.95604
2.93772
2.93404
2.94128
2.9488
2.94619
2.92891
2.89914
2.86337
2.83023
2.80986
2.81243
2.84201
2.89065
2.94358
2.98904
3.02074
3.0358
3.03506
3.02499
3.01688
3.02228
3.04603
3.08202
3.11605
3.13394
3.12874
3.10312
3.06682
3.03007
2.99627
2.96098
2.91947
2.87454
2.83547
2.81038
2.80075
2.80276
2.81128
2.82213
2.83195
2.83812
2.84011
2.84036
2.84379
2.85524
2.87663
2.90469
2.93022
2.94098
2.92966
2.90268
2.88203
2.89336
2.94342
3.0119
3.07143
3.10692
3.11689
3.10678
3.08367
3.05405
3.02444
3.00193
2.99202
2.99549
3.00782
3.0219
3.03198
3.03744
3.04431
3.06144
3.09022
3.11885
3.1304
3.11457
3.07159
3.01171
2.95231
2.90957
2.89038
2.89559
2.92516
2.97187
3.0208
3.06169
3.09349
3.11659
3.12691
3.11831
3.08775
3.03757
2.97495
2.90981
2.85129
2.80393
2.76873
2.74799
2.74607
2.76397
2.79718
2.83948
2.88622
2.93438
2.98103
3.02217
3.05291
3.07061
3.07815
3.08327
3.0925
3.10531
3.11444
3.1116
3.09272
3.05917
3.0165
2.97262
2.93585
2.91078
2.8952
2.88308
2.87082
2.85953
2.85092
2.84273
2.83151
2.81959
2.81518
2.82388
2.84498
2.87511
2.91057
2.94752
2.98406
3.02146
3.061
3.10042
3.13544
3.16376
3.18534
3.20033
3.20761
3.20554
3.19299
3.17031
3.13968
3.10449
3.06804
3.03267
3.00033
2.97318
2.95273
2.93876
2.93067
2.92932
2.93644
2.95293
2.97754
3.0067
3.03536
3.05825
3.07106
3.07094
3.05771
3.03567
3.0142
3.00398
3.01104
3.03373
3.06442
3.09378
3.11687
3.13673
3.15825
3.17791
3.18439
3.16776
3.12505
3.05945
2.97811
2.89283
2.82089
2.78132
2.78705
2.83741
2.91684
3.0018
3.07121
3.11285
3.12399
3.10907
3.07607
3.03307
2.98598
2.939
2.89688
2.86579
2.85057
2.85101
2.86356
2.88577
2.9172
2.95701
3.00263
3.04888
3.08668
3.10507
3.09616
3.05979
3.00538
2.94966
2.90954
2.89276
2.89296
2.89463
2.88693
2.87455
2.87252
2.88944
2.91964
2.95169
2.97873
2.99847
3.00793
3.00195
2.97798
2.94174
2.9052
2.87495
2.84748
2.82024
2.79875
2.79079
2.7992
2.82204
2.85658
2.90061
2.95057
3.00024
3.04215
3.07081
3.08521
3.0885
3.08518
3.07819
3.068
3.0539
3.03511
3.01104
2.98135
2.94731
2.91313
2.8851
2.86908
2.86879
2.88575
2.91975
2.96759
3.02163
3.07061
3.10326
3.11171
3.09274
3.04793
2.98367
2.9104
2.83931
2.77795
2.73121
2.70837
2.72439
2.78515
2.87298
2.95681
3.01257
3.03375
3.03434
3.03802
3.05059
3.05513
3.035
2.98555
2.91162
2.82624
2.74886
2.6965
2.67386
2.67502
2.69252
2.72251
2.76282
2.8076
2.84595
2.86743
2.8706
2.8661
2.86766
2.87865
2.89161
2.89709
2.8891
2.86728
2.83899
2.81828
2.8167
2.83313
2.85739
2.88398
2.91635
2.95763
3.00293
3.04288
3.07132
3.08818
3.09714
3.10235
3.10801
3.11958
3.14175
3.17385
3.20934
3.2404
3.26089
3.26702
3.25779
3.23551
3.20552
3.17432
3.14539
3.1155
3.0765
3.02099
2.94514
2.84921
2.74188
2.65237
2.62475
2.67156
2.76212
2.86293
2.95269
3.01646
3.0434
3.02997
2.98313
2.91795
2.85231
2.80351
2.78464
2.79975
2.84242
2.89997
2.95977
3.01345
3.05771
3.09323
3.12275
3.14846
3.17059
3.18769
3.19771
3.1984
3.18644
3.15663
3.10318
3.02446
2.92944
2.8397
2.78048
2.7647
2.78702
2.83334
2.89273
2.95963
3.02914
3.09423
3.14709
3.18181
3.19585
3.19069
3.1718
3.14653
3.12029
3.09366
3.06448
3.0329
3.00254
2.9753
2.94735
2.91408
2.87741
2.8447
2.82194
2.80984
2.80467
2.80072
2.79328
2.78103
2.76623
2.75296
2.74499
2.74511
2.75529
2.77666
2.80819
2.84544
2.88118
2.90896
2.92814
2.94572
2.97194
3.01225
3.06293
3.11346
3.15175
3.16866
3.16045
3.12982
3.08515
3.0384
3.00283
2.99017
3.00603
3.04516
3.09377
3.13818
3.17018
3.18555
3.18107
3.15627
3.1188
3.08405
3.06388
3.05586
3.0484
3.035
3.02021
3.01395
3.02079
3.03465
3.04302
3.03482
3.00601
2.9639
2.92651
2.90732
2.90001
2.88859
2.86524
2.83194
2.79526
2.76442
2.75091
2.76487
2.8089
2.87655
2.95658
3.03908
3.11909
3.19521
3.26502
3.32287
3.36214
3.37896
3.37361
3.34923
3.30968
3.25878
3.20116
3.14286
3.0902
3.04703
3.01207
2.97972
2.94548
2.9131
2.89858
2.92081
2.97896
3.04911
3.10702
3.14137
3.14975
3.13314
3.09647
3.05247
3.01739
2.99684
2.98273
2.96779
2.95532
2.95555
2.97569
3.01446
3.06561
3.12099
3.17192
3.21163
3.23538
3.23955
3.22467
3.19897
3.17424
3.15608
3.14137
3.12516
3.10686
3.09032
3.08193
3.08818
3.11266
3.15255
3.19824
3.23687
3.25687
3.25145
3.22134
3.17523
3.1261
3.08485
3.05578
3.03711
3.02481
3.01529
3.00607
2.9956
2.98384
2.97349
2.96919
2.97291
2.98177
2.99234
3.00529
3.02329
3.04556
3.06694
3.08315
3.09511
3.10838
3.12815
3.15411
3.1796
3.19489
3.19119
3.16345
3.11208
3.04444
2.97549
2.92456
2.90733
2.92801
2.97969
3.05042
3.12524
3.18776
3.2261
3.23773
3.22854
3.20788
3.18234
3.15175
3.11097
3.05621
2.98984
2.92033
2.85812
2.81127
2.78237
2.7685
2.7657
2.7744
2.79883
2.84036
2.89312
2.94709
2.99464
3.03224
3.05622
3.06122
3.04661
3.02173
3.00094
2.99115
2.98734
2.98382
2.98537
3.00048
3.02509
3.04179
3.03487
2.99945
2.93991
2.86546
2.78763
2.71841
2.66625
2.63311
2.61761
2.6209
2.64652
2.69452
2.75628
2.81605
2.85852
2.87723
2.8777
2.8727
2.87423
2.88889
2.91824
2.95939
3.00459
3.04339
3.06695
3.07133
3.05823
3.0333
3.00386
2.97761
2.9612
2.95837
2.96829
2.98641
3.00708
3.02608
3.04112
3.0509
3.05519
3.05778
3.06904
3.09934
3.14511
3.18799
3.20995
3.20325
3.16859
3.11008
3.03273
2.94303
2.85178
2.77641
2.73709
2.74521
2.79497
2.86862
2.94876
3.02442
3.08823
3.13346
3.15572
3.15518
3.13539
3.10098
3.05812
3.01669
2.99008
2.98847
3.01115
3.04705
3.08266
3.10888
3.12257
3.12455
3.1165
3.09911
3.07286
3.04036
3.00651
2.97553
2.94861
2.92626
2.91149
2.90844
2.91768
2.93443
2.95062
2.95985
2.96238
2.96572
2.97583
2.98728
2.98886
2.98199
2.98894
3.02956
3.09382
3.1568
3.20224
3.22345
3.21787
3.18564
3.13054
3.06121
2.99089
2.93278
2.89411
2.8763
2.88016
2.90443
2.93863
2.96634
2.97749
2.97424
2.96739
2.96823
2.98097
3.00071
3.01711
3.01931
2.99965
2.95743
2.90274
2.85519
2.83256
2.83976
2.86943
2.90891
2.94608
2.97312
2.98705
2.98787
2.97673
2.95517
2.92671
2.898
2.87573
2.86136
2.85274
2.85116
2.86368
2.89771
2.95301
3.01901
3.0804
3.12529
3.14952
3.15538
3.14765
3.13024
3.10539
3.07533
3.04368
3.01392
2.98816
2.96931
2.96286
2.97327
2.99955
3.03546
3.07322
3.10659
3.13191
3.14768
3.15374
3.15063
3.13937
3.12135
3.099
3.07726
3.06342
3.06233
3.07013
3.07635
3.0739
3.06614
3.06406
3.07693
3.10604
3.14575
3.18799
3.22564
3.25312
3.26545
3.25832
3.22968
3.18142
3.12014
3.05619
3.00107
2.96387
2.94755
2.94767
2.95597
2.9658
2.97451
2.98165
2.98623
2.98545
2.9763
2.95831
2.93463
2.91188
2.90134
2.91635
2.95929
3.01502
3.06356
3.0928
3.10121
3.10036
3.11411
3.15673
3.21275
3.25675
3.27738
3.27629
3.26018
3.23851
3.22408
3.22915
3.25673
3.29669
3.3327
3.35166
3.34844
3.32569
3.2913
3.25533
3.22557
3.20215
3.17652
3.13844
3.08456
3.0209
2.95972
2.91399
2.89207
2.89347
2.90912
2.92927
2.9515
2.97895
3.01181
3.04293
3.06145
3.05875
3.03294
2.99076
2.94554
2.91128
2.89591
2.89848
2.91132
2.92554
2.93579
2.94122
2.94402
2.94932
2.96396
2.9921
3.0307
3.06896
3.09312
3.09473
3.07473
3.03952
2.99411
2.94106
2.88541
2.83786
2.81187
2.816
2.84646
2.88752
2.92061
2.93342
2.92324
2.89609
2.86429
2.84343
2.84641
2.87614
2.92313
2.97177
3.00879
3.02662
3.02202
2.99435
2.94511
2.87831
2.80213
2.73176
2.68787
2.68542
2.72208
2.78061
2.84149
2.89138
2.92425
2.9397
2.94159
2.93672
2.93269
2.93501
2.94469
2.95863
2.97282
2.98574
2.99893
3.01387
3.02844
3.03685
3.03439
3.02297
3.01166
3.01022
3.02179
3.04215
3.06402
3.08094
3.09068
3.09658
3.10195
3.10281
3.09121
3.06435
3.02676
2.98677
2.9534
2.93453
2.93469
2.95337
2.98508
3.02107
3.0526
3.07506
3.09067
3.10626
3.12692
3.15079
3.16904
3.17134
3.15214
3.11316
3.06115
3.00328
2.94395
2.88602
2.83457
2.79657
2.77506
2.76645
2.7654
2.77124
2.7886
2.82183
2.86817
2.91718
2.95624
2.97599
2.97251
2.94689
2.90448
2.85419
2.80707
2.77377
2.76107
2.769
2.79098
2.81727
2.8397
2.85478
2.8645
2.87427
2.88672
2.89837
2.90593
2.91267
2.92409
2.93984
2.95406
2.96262
2.96778
2.97656
2.99456
3.02084
3.04804
3.06724
3.0726
3.06309
3.04151
3.01212
2.97842
2.94213
2.90399
2.86501
2.82718
2.79377
2.77012
2.76393
2.78153
2.82081
2.86898
2.91013
2.93465
2.94267
2.94108
2.93921
2.94613
2.96886
3.00827
3.05543
3.09416
3.10903
3.09106
3.03917
2.96038
2.86987
2.78821
2.73498
2.72294
2.75496
2.82314
2.9102
2.99568
3.06407
3.10907
3.132
3.13667
3.12482
3.09572
3.05086
2.99898
2.9549
2.93082
2.92899
2.94388
2.96916
3.00051
3.03495
3.07078
3.10883
3.15049
3.19287
3.22674
3.24071
3.22713
3.18563
3.12434
3.05734
2.99676
2.9451
2.89751
2.852
2.81412
2.79061
2.78301
2.78799
2.79903
2.80873
2.81231
2.80737
2.79236
2.76942
2.74694
2.73653
2.74647
2.77681
2.82052
2.86975
2.92062
2.97268
3.02516
3.07497
3.11654
3.14258
3.14609
3.12412
3.08099
3.02711
2.97409
2.93011
2.89697
2.87075
2.84619
2.82072
2.79575
2.77625
2.76855
2.77507
2.79009
2.80253
2.80535
2.80358
2.81218
2.84081
2.88176
2.91897
2.94257
2.95155
2.94903
2.9386
2.92267
2.90152
2.87383
2.84034
2.80726
2.78474
2.78032
2.79402
2.81922
2.8475
2.8728
2.89218
2.9039
2.9069
2.90303
2.89741
2.89302
2.88706
2.87753
2.87042
2.87366
2.88425
2.88988
2.8829
2.86624
2.84877
2.83978
2.84559
2.86625
2.89576
2.92683
2.95538
2.98111
3.00571
3.02989
3.05129
3.0653
3.0686
3.06175
3.04847
3.03333
3.01995
3.01087
3.00773
3.01084
3.01963
3.03285
3.04751
3.05803
3.05817
3.04451
3.01877
2.98676
2.95527
2.92871
2.90756
2.88925
2.86996
2.8469
2.81945
2.789
2.75811
2.72951
2.70606
2.69215
2.69285
2.70983
2.73903
2.77381
2.80856
2.83939
2.86438
2.88486
2.90633
2.93574
2.97539
3.01995
3.06037
3.09035
3.10912
3.11941
3.12292
3.11752
3.09914
3.06539
3.0175
2.96077
2.90463
2.86132
2.84214
2.85249
2.88848
2.93732
2.9812
3.00294
2.99168
2.94736
2.88352
2.82573
2.79984
2.81509
2.86047
2.91684
2.96882
3.00905
3.03724
3.05724
3.07354
3.08902
3.10439
3.11901
3.13202
3.14337
3.15353
3.16277
3.1707
3.17644
3.17887
3.17606
3.16364
3.13396
3.07958
3.00143
2.91577
2.85093
2.83051
2.85573
2.9061
2.95766
2.99762
3.02441
3.04021
3.04579
3.03993
3.02193
2.99607
2.97419
2.96988
2.98576
3.00861
3.02021
3.01228
2.99041
2.9653
2.94262
2.92256
2.90656
2.89902
2.90266
2.91459
2.92765
2.93522
2.93493
2.92825
2.91797
2.90625
2.89707
2.8988
2.91928
2.95539
2.9917
3.01085
3.00302
2.96848
2.91765
2.8683
2.83671
2.82903
2.84022
2.85722
2.86562
2.85851
2.8408
2.82458
2.8199
2.82904
2.84746
2.86985
2.89463
2.92166
2.94832
2.96999
2.98427
2.99411
3.00656
3.0271
3.05539
3.0872
3.11842
3.14537
3.16361
3.16907
3.16
3.13818
3.10907
3.08162
3.06629
3.0695
3.08813
3.11099
3.12596
3.12464
3.10237
3.0586
2.99837
2.93202
2.87247
2.83171
2.81643
2.82372
2.84225
2.85996
2.87084
2.8761
2.87998
2.88522
2.89291
2.9048
2.92281
2.94536
2.96702
2.98308
2.99404
3.0044
3.0172
3.03083
3.04054
3.04217
3.03436
3.01941
3.00333
2.99413
2.9969
3.00963
3.02287
3.02423
3.00457
2.96218
2.90375
2.84371
2.80278
2.80121
2.84679
2.92945
3.02887
3.12479
3.20293
3.25744
3.29011
3.3064
3.3111
3.30656
3.29378
3.27348
3.24492
3.2051
3.15313
3.0979
3.05539
3.0343
3.03446
3.05586
3.097
3.14915
3.19821
3.23079
3.23962
3.22647
3.2014
3.17807
3.16652
3.16805
3.17588
3.18131
3.17911
3.16837
3.14973
3.12286
3.08686
3.04175
2.98887
2.93235
2.88254
2.85607
2.86615
2.91172
2.97876
3.04807
3.10077
3.12529
3.12284
3.10285
3.07451
3.04648
3.02513
3.01004
2.99991
2.99889
3.01272
3.04165
3.0786
3.1133
3.13806
3.15048
3.15286
3.14986
3.14487
3.13697
3.12144
3.09357
3.05227
3.00132
2.9489
2.90606
2.8835
2.88638
2.911
2.94762
2.98638
3.0206
3.04712
3.0663
3.07998
3.0875
3.08541
3.07085
3.04466
3.01066
2.97214
2.93016
2.88616
2.84564
2.81835
2.81373
2.8346
2.87433
2.91959
2.95673
2.97689
2.9773
2.96003
2.92981
2.89351
2.86243
2.85392
2.88372
2.95112
3.03764
3.12179
3.18828
3.22685
3.23174
3.20391
3.15178
3.08849
3.02656
2.97325
2.92991
2.89612
2.87383
2.86532
2.86822
2.87745
2.88994
2.90453
2.91951
2.93187
2.93677
2.92774
2.90063
2.85943
2.81405
2.77014
2.72631
2.68409
2.65583
2.65737
2.69204
2.7463
2.80079
2.84122
2.86166
2.86363
2.85344
2.83852
2.82364
2.80943
2.79439
2.77873
2.76654
2.76315
2.76987
2.78368
2.80357
2.83398
2.87815
2.93052
2.97967
3.01706
3.04045
3.05107
3.05059
3.04135
3.02825
3.01786
3.01377
3.01231
3.0038
2.9796
2.93928
2.89244
2.85413
2.83608
2.83993
2.85699
2.87401
2.88013
2.87102
2.84967
2.82475
2.80691
2.80433
2.81928
2.84832
2.88576
2.92718
2.96964
3.00997
3.04457
3.07083
3.08788
3.09622
3.09718
3.09267
3.08526
3.07824
3.07459
3.07494
3.07746
3.07907
3.07626
3.06518
3.04299
3.01115
2.97755
2.95463
2.95327
2.97545
3.0112
3.0459
3.07197
3.09161
3.11077
3.13126
3.1472
3.14995
3.13635
3.11062
3.07983
3.04978
3.02471
3.00923
3.00927
3.02762
3.05797
3.08568
3.09531
3.07712
3.02981
2.96098
2.887
2.82919
2.80465
2.82028
2.87517
2.96051
3.05843
3.14962
3.21887
3.25549
3.25569
3.22325
3.16715
3.09908
3.032
2.97824
2.94688
2.94137
2.95907
2.99167
3.02592
3.04716
3.04454
3.01431
2.95993
2.89135
2.82473
2.77836
2.7632
2.77689
2.80907
2.84989
2.8929
2.93357
2.96828
2.99452
3.01102
3.01734
3.01364
3.00096
2.98177
2.95947
2.93761
2.91854
2.90261
2.88856
2.87545
2.86476
2.86106
2.87001
2.89451
2.93201
2.97497
3.01387
3.04061
3.05057
3.04315
3.02117
2.9909
2.96277
2.94891
2.9555
2.97882
3.01
3.04122
3.06776
3.08694
3.09651
3.09413
3.07829
3.05093
3.01939
2.99479
2.9868
2.99885
3.02721
3.06432
3.10336
3.14009
3.17179
3.19608
3.21065
3.21313
3.20086
3.17256
3.13294
3.09405
3.06574
3.0457
3.02493
2.99776
2.96377
2.92548
2.88722
2.85433
2.8308
2.81809
2.81978
2.84428
2.89457
2.9584
3.01584
3.05148
3.05799
3.03585
2.99298
2.94088
2.88809
2.84014
2.80639
2.80087
2.83203
2.89155
2.95942
3.0194
3.06524
3.09664
3.11451
3.12027
3.11704
3.1097
3.1017
3.09119
3.07206
3.03948
2.99372
2.93975
2.885
2.83679
2.80031
2.77859
2.7746
2.79004
2.82007
2.85273
2.87651
2.88692
2.88557
2.8741
2.84922
2.80844
2.76697
2.76096
2.81109
2.89792
2.98851
3.0601
3.10084
3.10695
3.08205
3.03659
2.98453
2.93977
2.9151
2.9195
2.95064
2.99569
3.04147
3.07935
3.10335
3.111
3.10697
3.10174
3.10262
3.10647
3.10404
3.08868
3.05935
3.01997
2.97759
2.93856
2.90326
2.86649
2.82477
2.78233
2.74908
2.73376
2.73906
2.7617
2.79502
2.83307
2.87514
2.92594
2.98875
3.05872
3.12416
3.17428
3.20442
3.21435
3.20421
3.17439
3.12954
3.07942
3.03444
3.00189
2.98665
2.99102
3.01158
3.03891
3.06329
3.08043
3.09195
3.09998
3.10092
3.08592
3.04998
3.00078
2.956
2.92802
2.91675
2.91961
2.93801
2.97201
3.01608
3.06118
3.09807
3.11887
3.11899
3.10088
3.07544
3.05454
3.04024
3.02412
2.99755
2.9598
2.91811
2.88188
2.85739
2.8473
2.85252
2.87355
2.90983
2.9585
3.01539
3.07695
3.13696
3.1827
3.2017
3.19181
3.16223
3.12772
3.10043
3.08371
3.07238
3.059
3.03958
3.01492
2.98904
2.96725
2.95412
2.95173
2.95983
2.97714
3.00182
3.03081
3.05949
3.08132
3.08747
3.06891
3.0223
2.95643
2.89208
2.8511
2.84412
2.87051
2.92419
2.99515
3.07073
3.13886
3.19007
3.21794
3.21885
3.1923
3.14276
3.08261
3.03078
3.00354
3.00571
3.03307
3.07776
3.1293
3.17747
3.2171
3.24545
3.25643
3.24402
3.2112
3.1713
3.14014
3.1278
3.13671
3.16426
3.2062
3.25698
3.30697
3.34442
3.36118
3.35532
3.32967
3.28876
3.23588
3.17249
3.10032
3.02488
2.95637
2.90641
2.88267
2.88724
2.92055
2.98215
3.06033
3.12806
3.15901
3.14444
3.09814
3.05014
3.02279
3.01111
2.99636
2.96724
2.92383
2.87444
2.83351
2.81788
2.8387
2.89282
2.96453
3.03615
3.09607
3.1389
3.16267
3.16783
3.15875
3.14424
3.13449
3.1348
3.14156
3.14435
3.13315
3.1047
3.06084
3.00188
2.92941
2.85708
2.8077
2.79716
2.82726
2.88816
2.9634
3.03824
3.10579
3.16542
3.21725
3.25884
3.28558
3.29284
3.27794
3.24241
3.19285
3.13986
3.09433
3.06296
3.04555
3.03655
3.02953
3.01958
3.00345
2.98035
2.95317
2.92788
2.91172
2.91028
2.92448
2.95148
2.98933
3.03857
3.09739
3.15691
3.20424
3.22948
3.22886
3.2036
3.15856
3.10207
3.0442
2.99113
2.94022
2.88408
2.82222
2.76671
2.73339
2.72664
2.73643
2.74922
2.75773
2.7638
2.77742
2.81047
2.86525
2.92956
2.9836
3.00942
2.99764
2.95231
2.89219
2.84524
2.83352
2.85878
2.90519
2.95449
2.99628
3.02833
3.05272
3.07123
3.08273
3.0844
3.07528
3.05884
3.04316
3.03828
3.05115
3.08025
3.11471
3.13947
3.14264
3.12107
3.0812
3.03479
2.99267
2.96211
2.94745
2.94942
2.96443
2.98685
3.01138
3.03391
3.05196
3.06403
3.06755
3.05704
3.02616
2.97321
2.90456
2.83
2.7597
2.71009
2.69922
2.72589
2.76811
2.80505
2.82858
2.83954
2.84313
2.84809
2.86419
2.89524
2.93338
2.96356
2.97558
2.97125
2.96094
2.95493
2.95725
2.96493
2.97245
2.97692
2.9805
2.98965
3.01125
3.04485
3.08082
3.10984
3.12986
3.14425
3.15901
3.1814
3.21795
3.26911
3.32705
3.3817
3.42551
3.45182
3.45498
3.43357
3.39137
3.33661
3.27912
3.22613
3.17971
3.13869
3.10289
3.07447
3.05522
3.04392
3.03704
3.03104
3.02444
3.01893
3.01821
3.02434
3.03524
3.0467
3.05614
3.06346
3.06828
3.06731
3.05654
3.03555
3.00901
2.98332
2.96219
2.94532
2.93059
2.91657
2.90346
2.89141
2.87772
2.85678
2.82472
2.78448
2.74696
2.72552
2.72619
2.74451
2.77327
2.8106
2.8606
2.92554
2.99675
3.05624
3.08713
3.08222
3.04714
2.99768
2.95138
2.91787
2.89666
2.88321
2.87513
2.87301
2.87782
2.89009
2.91146
2.94199
2.97598
3.00453
3.02104
3.02309
3.01234
2.9942
2.97513
2.95853
2.94477
2.93356
2.92475
2.91861
2.91896
2.9373
2.98565
3.05748
3.12511
3.16327
3.16443
3.134
3.08059
3.01213
2.93743
2.86851
2.81716
2.78749
2.77416
2.76962
2.77007
2.77385
2.77804
2.77816
2.76918
2.74775
2.71608
2.6854
2.67176
2.68199
2.70856
2.7427
2.78318
2.83162
2.88795
2.94911
3.00811
3.05625
3.08934
3.11055
3.12455
3.13181
3.13168
3.12782
3.12808
3.14
3.16505
3.1954
3.21744
3.22095
3.20471
3.17377
3.13443
3.09203
3.05106
3.01549
2.98925
2.97667
2.98149
3.00346
3.03476
3.06201
3.07277
3.06029
3.0246
2.97288
2.91756
2.86992
2.83303
2.80289
2.77731
2.76159
2.76262
2.77853
2.79925
2.81792
2.83644
2.861
2.89542
2.93851
2.9847
3.02616
3.0559
3.07011
3.06865
3.05508
3.0359
3.01867
3.00881
3.00773
3.01397
3.02501
3.03793
3.05038
3.06216
3.07405
3.08316
3.08102
3.06015
3.02658
3.00182
3.00111
3.01715
3.03468
3.04571
3.05011
3.0529
3.06119
3.07879
3.10286
3.1269
3.14537
3.15447
3.15033
3.12902
3.08911
3.0349
2.97619
2.92168
2.87238
2.82469
2.78094
2.75287
2.75353
2.78677
2.84529
2.91656
2.98825
3.05046
3.09619
3.12147
3.12612
3.11416
3.09269
3.06888
3.04759
3.03224
3.0269
3.03499
3.05381
3.07321
3.08158
3.07392
3.05635
3.04278
3.04331
3.05413
3.06156
3.05485
3.03304
3.00162
2.96674
2.93318
2.90731
2.8996
2.91997
2.96847
3.03474
3.10597
3.17179
3.22518
3.26265
3.28381
3.28936
3.27964
3.2551
3.21739
3.16925
3.11312
3.05022
2.98224
2.91527
2.86243
2.83996
2.85609
2.90281
2.96198
3.01769
3.06155
3.09083
3.10495
3.10491
3.09544
3.0849
3.07919
3.07608
3.06717
3.04413
3.00196
2.93886
2.85734
2.77213
2.71805
2.73235
2.81444
2.92468
3.02311
3.09267
3.13593
3.162
3.17694
3.18098
3.17101
3.14545
3.10868
3.07228
3.0515
3.05762
3.09135
3.14244
3.19493
3.23439
3.25323
3.2523
3.23835
3.21919
3.1986
3.17416
3.14171
3.10291
3.0667
3.04283
3.03398
3.03285
3.02483
2.99532
2.93836
2.86318
2.79158
2.74321
2.72257
2.72156
2.73081
2.74709
2.77035
2.79742
2.82308
2.84794
2.88182
2.93512
3.00674
3.08421
3.15405
3.2084
3.24471
3.26345
3.26711
3.25938
3.24313
3.21869
3.18522
3.14407
3.10096
3.06482
3.04306
3.03716
3.04241
3.05203
3.06144
3.06922
3.07548
3.07932
3.07715
3.06279
3.03082
2.98234
2.92856
2.88756
2.87435
2.89153
2.92755
2.96237
2.97714
2.96204
2.91967
2.86406
2.81492
2.78944
2.79653
2.83579
2.89839
2.96935
3.03352
3.08113
3.10932
3.12034
3.11895
3.11014
3.0974
3.08259
3.06708
3.05179
3.03523
3.01294
2.98145
2.94373
2.91056
2.89515
2.90352
2.92906
2.9587
2.98433
3.00537
3.02025
3.02237
3.0075
2.98108
2.95589
2.94363
2.94823
2.96669
2.99477
3.02989
3.06944
3.10835
3.13999
3.15877
3.16176
3.14864
3.12077
3.08043
3.03093
2.97686
2.92244
2.8704
2.82407
2.79099
2.78187
2.80249
2.84702
2.90234
2.95795
3.0103
3.05963
3.10491
3.14163
3.16376
3.16716
3.1523
3.12436
3.09042
3.05495
3.01728
2.97446
2.92816
2.89056
2.87889
2.90008
2.94473
2.99636
3.04075
3.06864
3.0759
3.06295
3.03341
2.99155
2.94015
2.8817
2.82091
2.7643
2.71803
2.68686
2.6729
2.67551
2.69372
2.72752
2.77429
2.82577
2.87234
2.90823
2.9299
2.93405
2.92048
2.89578
2.87187
2.86032
2.86596
2.88474
2.90801
2.92942
2.94836
2.96826
2.99217
3.01919
3.04358
3.05639
3.04911
3.0174
2.96275
2.89158
2.81395
2.74217
2.68897
2.66455
2.67319
2.71118
2.76826
2.83223
2.89349
2.94596
2.98469
3.00515
3.00645
2.99591
2.98846
2.99777
3.02602
3.0633
3.09612
3.1153
3.11842
3.10829
3.08981
3.06706
3.04228
3.01645
2.99031
2.96513
2.94422
2.93453
2.94634
2.98786
3.05433
3.12383
3.16956
3.17591
3.14408
3.08879
3.03034
2.98446
2.95601
2.93957
2.92454
2.90112
2.86403
2.8144
2.76273
2.73002
2.73624
2.78286
2.85279
2.92493
2.98415
3.02426
3.04609
3.05284
3.04658
3.02889
3.00257
2.9717
2.94156
2.91918
2.91034
2.91433
2.92451
2.93349
2.93486
2.9227
2.89271
2.84521
2.78716
2.73135
2.69139
2.67516
2.68238
2.70892
2.75266
2.81512
2.89563
2.98366
3.06164
3.11646
3.14569
3.1547
3.15042
3.13712
3.11528
3.08287
3.03721
2.97759
2.90885
2.84409
2.80281
2.8019
2.84453
2.91614
2.99213
3.05066
3.08106
3.08432
3.06871
3.04421
3.0182
2.99459
2.97606
2.96621
2.96842
2.98304
3.00595
3.03036
3.05093
3.06587
3.07587
3.08132
3.08091
3.0725
3.05566
3.03258
3.00675
2.98155
2.96032
2.94499
2.9331
2.91821
2.89709
2.87756
2.87337
2.88757
2.90998
2.93171
2.95289
2.97916
3.01435
3.05452
3.08877
3.10622
3.10058
3.07055
3.02074
2.96323
2.91517
2.89198
2.89973
2.93234
2.97722
3.02399
3.0695
3.11745
3.17255
3.23423
3.29558
3.34765
3.38364
3.39978
3.39393
3.36408
3.30814
3.22615
3.12441
3.01826
2.92614
2.85684
2.80701
2.77214
2.7528
2.75135
2.76807
2.80055
2.84584
2.90294
2.97097
3.04509
3.11605
3.17438
3.21481
3.23799
3.24953
3.25642
3.26192
3.26384
3.25775
3.24107
3.21461
3.1843
3.16327
3.16661
3.19342
3.21829
3.21265
3.17331
3.13142
3.12168
3.13923
3.15535
3.15285
3.12812
3.08356
3.02534
2.96232
2.90339
2.85546
2.82371
2.81261
2.82369
2.8513
2.88307
2.90656
2.91585
2.91408
2.91058
2.91279
2.91863
2.91916
2.91068
2.90482
2.92337
2.97863
3.06208
3.15336
3.23381
3.29288
3.32864
3.3456
3.3511
3.35106
3.34684
3.33586
3.31444
3.27962
3.2293
3.16258
3.08167
2.99372
2.91015
2.84226
2.7963
2.7731
2.77085
2.78719
2.81834
2.85786
2.89794
2.9323
2.95845
2.97814
2.99598
3.01681
3.04236
3.06929
3.09018
3.09665
3.08368
3.05474
3.0233
3.00471
3.00301
3.00909
3.01049
2.99761
2.96306
2.90254
2.82351
2.75295
2.72251
2.7367
2.77125
2.80139
2.81692
2.81804
2.80753
2.78929
2.77046
2.75686
2.74615
2.73356
2.72307
2.72792
2.76165
2.82886
2.921
3.02097
3.11186
3.18161
3.22256
3.23091
3.20768
3.16065
3.10408
3.05476
3.02502
3.01711
3.02282
3.02789
3.01948
2.9962
2.97194
2.96118
2.96169
2.96282
2.96081
2.95932
2.96324
2.97232
2.97804
2.96886
2.9407
2.90195
2.86646
2.8408
2.82178
2.80382
2.78301
2.75796
2.73229
2.71561
2.71867
2.74548
2.79035
2.84214
2.89146
2.93358
2.96466
2.97962
2.97722
2.96406
2.95033
2.94273
2.94276
2.94922
2.95954
2.96888
2.96983
2.95578
2.92654
2.8909
2.86375
2.85884
2.88222
2.93127
2.99745
3.06872
3.13311
3.18276
3.21522
3.23175
3.23481
3.22591
3.20513
3.17223
3.12911
3.08275
3.04584
3.03239
3.04962
3.09338
3.15311
3.22004
3.28779
3.34682
3.3851
3.39534
3.37825
3.33985
3.28735
3.22656
3.16138
3.09474
3.03134
2.97991
2.95202
2.95479
2.9832
3.02143
3.05243
3.06677
3.06639
3.06247
3.06559
3.07522
3.08112
3.07439
3.05468
3.02994
3.0104
2.9998
2.99303
2.98462
2.97607
2.97281
2.97575
2.97829
2.97133
2.95029
2.91859
2.88585
2.86325
2.85746
2.86732
2.88594
2.90671
2.92714
2.94788
2.96921
2.98838
3.00011
2.99885
2.98156
2.95021
2.913
2.88164
2.8645
2.86193
2.86846
2.8786
2.89059
2.90647
2.92965
2.96153
2.99813
3.031
3.05276
3.06084
3.0569
3.04384
3.0245
3.00166
2.97848
2.95779
2.94062
2.92569
2.91094
2.89664
2.8873
2.88777
2.8949
2.89812
2.89118
2.88019
2.87777
2.88851
2.90517
2.92002
2.93306
2.95044
2.97981
3.02534
3.08275
3.13924
3.18078
3.19855
3.18974
3.15689
3.10799
3.05541
3.01135
2.98311
2.97231
2.97737
2.99493
3.01936
3.0429
3.05807
3.06075
3.05105
3.03208
3.00806
2.98371
2.96438
2.9552
2.95804
2.96843
2.97672
2.97431
2.95951
2.93822
2.91897
2.90706
2.90289
2.90446
2.91016
2.91845
2.92556
2.92766
2.92568
2.92001
2.90571
2.8864
2.87982
2.90041
2.94485
2.99639
3.03738
3.05778
3.05767
3.04635
3.03828
3.04222
3.05086
3.04878
3.03079
3.00557
2.98516
2.97737
2.98587
3.00979
3.04318
3.07781
3.10591
3.12111
3.11944
3.10104
3.07134
3.03972
3.01614
3.0075
3.0152
3.03342
3.05041
3.05295
3.0309
2.97992
2.9046
2.82334
2.7643
2.74277
2.7472
2.75846
2.76857
2.77996
2.79959
2.83414
2.88396
2.9399
2.98813
3.01784
3.02436
3.00893
2.97841
2.94357
2.91527
2.89983
2.8962
2.89661
2.89112
2.87496
2.85317
2.8361
2.82891
2.82946
2.83658
2.85434
2.88658
2.93133
2.98217
3.03241
3.07697
3.11248
3.1373
3.15127
3.15394
3.14344
3.11747
3.07537
3.01989
2.95925
2.90911
2.88755
2.90158
2.93952
2.98031
3.00716
3.01296
3.00018
2.97742
2.95187
2.92383
2.89105
2.85764
2.83286
2.81935
2.80909
2.79265
2.76875
2.7455
2.73489
2.74528
2.77741
2.82493
2.87688
2.92114
2.94796
2.95329
2.94178
2.92735
2.92598
2.94219
2.96567
2.9825
2.98489
2.97205
2.94607
2.90885
2.865
2.82728
2.81229
2.8257
2.85772
2.89519
2.93108
2.96552
3.00478
3.05715
3.12269
3.18758
3.23362
3.2497
3.23326
3.18676
3.11571
3.0291
2.94061
2.86823
2.8292
2.83174
2.87097
2.93145
2.99489
3.04842
3.08694
3.10894
3.11423
3.10651
3.09196
3.07274
3.04377
2.99748
2.93249
2.86021
2.8029
2.77877
2.78705
2.81167
2.83603
2.85053
2.852
2.84233
2.82799
2.8178
2.81811
2.82874
2.84402
2.85781
2.86702
2.87228
2.87692
2.88503
2.89944
2.91983
2.94222
2.95979
2.96484
2.95155
2.91924
2.87331
2.82208
2.77511
2.74584
2.74887
2.78901
2.85546
2.92872
2.99136
3.03402
3.0555
3.05959
3.05099
3.03286
3.00698
2.97471
2.93697
2.8935
2.84257
2.78367
2.72244
2.67326
2.65371
2.67148
2.7156
2.76475
2.80562
2.84339
2.89407
2.96432
3.04066
3.10022
3.12769
3.12162
3.09105
3.04971
3.01039
2.98017
2.95982
2.94804
2.94568
2.9558
2.98011
3.01446
3.04874
3.07236
3.0803
3.07516
3.06503
3.05857
3.05963
3.06538
3.07037
3.07166
3.06951
3.06466
3.05574
3.03939
3.01332
2.97927
2.94345
2.91438
2.89888
2.89774
2.90426
2.90766
2.89974
2.87913
2.85088
2.82235
2.79891
2.78164
2.76812
2.75483
2.7401
2.72558
2.71584
2.71916
2.74999
2.82227
2.93129
3.05083
3.15299
3.22269
3.25746
3.26265
3.2478
3.22351
3.19813
3.17509
3.1534
3.13089
3.10653
3.08002
3.0512
3.02234
3.00026
2.99371
3.00643
3.03341
3.06523
3.09387
3.11396
3.12034
3.10696
3.07012
3.01412
2.95272
2.90244
2.87301
2.86469
2.8718
2.88621
2.89987
2.90694
2.90495
2.89529
2.88359
2.87805
2.88472
2.90321
2.92794
2.95266
2.97248
2.98459
2.99096
2.99855
3.0117
3.02575
3.03456
3.03991
3.0479
3.0608
3.07651
3.09378
3.11386
3.13773
3.16424
3.19063
3.21336
3.22873
3.23304
3.22397
3.20185
3.16983
3.13232
3.09236
3.04971
3.00313
2.9559
2.91768
2.89946
2.90628
2.9338
2.96965
2.99952
3.01427
3.01334
3.00377
2.99582
2.99762
3.01099
3.03088
3.04895
3.05782
3.05362
3.03788
3.01653
2.9939
2.96972
2.94733
2.93844
2.9492
2.96836
2.97843
2.97144
2.95184
2.93109
2.92081
2.92666
2.9468
2.97551
3.00687
3.03653
3.06245
3.08447
3.10303
3.11888
3.13329
3.1464
3.15482
3.15196
3.13227
3.09488
3.04433
2.98861
2.93619
2.89396
2.86678
2.85686
2.86356
2.88338
2.90962
2.93293
2.94575
2.9484
2.94996
2.96098
2.98485
3.01561
3.04287
3.05937
3.06425
3.05931
3.04466
3.02037
2.9909
2.96407
2.94481
2.93081
2.91481
2.89016
2.85452
2.81026
2.76403
2.72645
2.70995
2.72373
2.7683
2.83369
2.90298
2.95907
2.99188
3.00264
3.00258
3.00632
3.02357
3.05422
3.08838
3.11125
3.11075
3.08373
3.03704
2.98512
2.94542
2.93159
2.94617
2.97973
3.01902
3.05479
3.08242
3.0986
3.09933
3.0807
3.04132
2.98442
2.91867
2.8571
2.81479
2.80322
2.8231
2.86417
2.91341
2.96116
3.00167
3.03171
3.04991
3.0564
3.0527
3.04171
3.02769
3.01605
3.0123
3.02009
3.03978
3.06865
3.10114
3.12822
3.13797
3.12051
3.07655
3.02303
2.98437
2.96993
2.97028
2.97596
2.98628
3.0044
3.03185
3.06592
3.09903
3.12111
3.12419
3.10573
3.06904
3.02199
2.97508
2.93939
2.92382
2.93149
2.95668
2.98674
3.00955
3.01954
3.01866
3.01444
3.01616
3.02997
3.05446
3.08038
3.09573
3.09265
3.07096
3.03755
3.00359
2.98025
2.97259
2.97737
2.98967
3.00922
3.03837
3.07504
3.10898
3.12749
3.12498
3.10536
3.07689
3.04639
3.01625
2.98469
2.94968
2.91598
2.9011
2.92723
2.99714
3.08791
3.17291
3.2382
3.28103
3.30285
3.30512
3.28854
3.2537
3.20195
3.13676
3.06563
3.00104
2.9561
2.93568
2.93424
2.94312
2.95582
2.96732
2.97306
2.97122
2.96701
2.97225
2.99751
3.04162
3.08977
3.1238
3.13298
3.11728
3.08615
3.0546
3.03482
3.02753
3.02353
3.01341
2.99412
2.96888
2.94422
2.92533
2.91264
2.90401
2.89813
2.8935
2.88853
2.8844
2.88414
2.88826
2.89441
2.90111
2.90896
2.91808
2.92548
2.92538
2.91246
2.88582
2.85041
2.81536
2.78987
2.7803
2.78933
2.81594
2.85651
2.90758
2.96565
3.0232
3.06933
3.09611
3.10222
3.0905
3.06451
3.02739
2.98225
2.9322
2.88038
2.83065
2.78766
2.75521
2.73548
2.7298
2.73827
2.75708
2.77795
2.79202
2.79658
2.79973
2.81687
2.85638
2.90864
2.95618
2.98999
3.01202
3.02983
3.05158
3.08192
3.11911
3.1559
3.18379
3.19685
3.19363
3.17788
3.1576
3.14132
3.1325
3.12709
3.11804
3.10229
3.08359
3.06879
3.06201
3.063
3.06941
3.07857
3.08757
3.09422
3.09887
3.10448
3.11309
3.12274
3.12954
3.13205
3.1329
3.13669
3.14615
3.15865
3.16716
3.16395
3.14402
3.1083
3.06376
3.0197
2.98321
2.95746
2.94278
2.93747
2.93784
2.93954
2.9404
2.94292
2.95246
2.97215
2.99874
3.024
3.03988
3.04168
3.02842
3.0029
2.97116
2.93989
2.91431
2.89848
2.89558
2.906
2.926
2.94959
2.97236
2.99348
3.01471
3.03857
3.06734
3.10148
3.13675
3.16448
3.17746
3.17566
3.16577
3.156
3.15142
3.15187
3.15323
3.15108
3.14336
3.12931
3.10695
3.07478
3.03826
3.01066
2.99951
2.99472
2.98063
2.95497
2.93188
2.93042
2.9599
3.01369
3.07509
3.12777
3.16242
3.17822
3.18003
3.17341
3.16185
3.14902
3.14189
3.14535
3.1519
3.14457
3.11152
3.05637
3.00008
2.97039
2.98116
3.02309
3.07563
3.1215
3.15068
3.15888
3.14594
3.11415
3.0666
3.007
2.94163
2.8817
2.84105
2.83002
2.85059
2.89477
2.9466
2.98928
3.01361
3.02151
3.02245
3.02518
3.03228
3.04192
3.05157
3.05826
3.05791
3.04731
3.02806
3.00797
2.99684
2.99857
3.00701
3.00992
2.99732
2.96726
2.92557
2.88092
2.84245
2.82032
2.82166
2.84474
2.88221
2.92822
2.97958
3.03367
3.08709
3.13572
3.1749
3.19954
3.20495
3.18906
3.15441
3.10678
3.04998
2.98087
2.89461
2.80708
2.76785
2.80392
2.87704
2.94571
2.99902
3.0383
3.06341
3.07205
3.06392
3.0442
3.02212
3.00535
2.99574
2.98978
2.98254
2.97144
2.95766
2.94593
2.9428
2.95357
2.9795
3.01698
3.05904
3.0993
3.1348
3.16495
3.18765
3.19811
3.19264
3.17209
3.14249
3.11319
3.09322
3.08503
3.08087
3.06766
3.03644
2.98848
2.93439
2.88603
2.84699
2.81161
2.77289
2.72975
2.68991
2.66983
2.685
2.73595
2.80857
2.88538
2.95284
3.00362
3.03691
3.05796
3.07607
3.10088
3.13756
3.18391
3.23129
3.26841
3.28555
3.27713
3.24274
3.18747
3.1221
3.06231
3.02249
3.00578
3.00204
2.99806
2.98837
2.9774
2.97239
2.97578
2.98423
2.9922
2.99472
2.98776
2.96765
2.93384
2.89432
2.86597
2.8639
2.88892
2.92853
2.96731
2.99365
3.00234
2.99781
2.99564
3.01326
3.05476
3.10889
3.16108
3.20215
3.22919
3.2433
3.24744
3.2456
3.24104
3.2335
3.21925
3.19552
3.16419
3.13113
3.10297
3.08427
3.07573
3.07407
3.07339
3.06735
3.05138
3.02424
2.98939
2.95626
2.93976
2.95474
3.00564
3.08066
3.1575
3.21473
3.24143
3.2435
3.24154
3.2519
3.26657
3.26312
3.22897
3.16877
3.09715
3.02776
2.96528
2.90708
2.85404
2.81763
2.81417
2.85013
2.91481
2.98948
3.06148
3.12838
3.1913
3.24764
3.2909
3.3143
3.3127
3.28234
3.22152
3.13315
3.02815
2.9268
2.85385
2.8272
2.84871
2.90428
2.97176
3.0296
3.06121
3.05578
3.00919
2.92806
2.83389
2.75681
2.71558
2.70875
2.72882
2.77277
2.83707
2.91156
2.9821
3.03785
3.07493
3.09466
3.09928
3.08896
3.06237
3.02149
2.97573
2.93996
2.92879
2.94775
2.98409
3.01561
3.0318
3.04077
3.05905
3.09221
3.12611
3.14137
3.13038
3.09964
3.06351
3.03411
3.01131
2.9845
2.9465
2.90395
2.87444
2.87267
2.89763
2.93204
2.95522
2.95744
2.94167
2.91445
2.8785
2.83423
2.78632
2.7465
2.72831
2.73815
2.77089
2.81286
2.84911
2.8695
2.87109
2.85757
2.83745
2.82181
2.82072
2.8394
2.87583
2.92159
2.96488
2.99407
3.00191
2.98995
2.97043
2.9599
2.96796
2.9926
3.02318
3.04405
3.03978
3.00439
2.95103
2.90761
2.88986
2.88821
2.88613
2.87334
2.84817
2.81825
2.79723
2.79696
2.82173
2.86811
2.92772
2.99106
3.05063
3.10198
3.14253
3.16988
3.18112
3.17356
3.14675
3.1049
3.05694
3.01403
2.98478
2.97141
2.97004
2.97379
2.97572
2.97135
2.96023
2.94461
2.92545
2.89786
2.85047
2.77435
2.67981
2.60452
2.58822
2.63642
2.71976
2.80214
2.86673
2.91855
2.96579
3.00697
3.03909
3.06537
3.08894
3.10767
3.11836
3.12289
3.12815
3.14038
3.15964
3.17893
3.18723
3.17413
3.1342
3.07031
2.9936
2.91899
2.85773
2.81468
2.79225
2.79235
2.81339
2.8497
2.894
2.93902
2.97893
3.01043
3.03284
3.04609
3.04795
3.03325
2.99838
2.94877
2.89933
2.86369
2.84667
2.85056
2.87908
2.92906
2.98825
3.04419
3.0895
3.12078
3.13676
3.13804
3.1276
3.11112
3.09526
3.08351
3.07257
3.0544
3.02356
2.98298
2.94258
2.91236
2.89653
2.89418
2.90307
2.92149
2.94704
2.97552
3.00145
3.01998
3.02807
3.02477
3.01113
2.99014
2.96593
2.94216
2.9213
2.90515
2.89529
2.89222
2.8943
2.89787
2.89887
2.8953
2.88847
2.88159
2.87702
2.87624
2.88283
2.90275
2.93899
2.98722
3.03792
3.08047
3.10617
3.11
3.09142
3.05386
3.00315
2.9467
2.89446
2.85862
2.848
2.86093
2.88617
2.91119
2.92756
2.9308
2.92042
2.90087
2.88106
2.87175
2.88136
2.9117
2.9565
3.00459
3.0456
3.07341
3.08551
3.08085
3.05841
3.01779
2.96143
2.89661
2.83394
2.7825
2.74653
2.72714
2.72583
2.74456
2.7816
2.82928
2.87857
2.92536
2.97057
3.01392
3.04905
3.06918
3.07654
3.08243
3.09604
3.11479
3.12761
3.12468
3.10217
3.06225
3.01276
2.96646
2.93622
2.92744
2.93479
2.94777
2.95828
2.96345
2.96399
2.96138
2.95589
2.94773
2.93891
2.93195
2.92727
2.9233
2.91906
2.91458
2.90923
2.90008
2.8834
2.85859
2.83132
2.81128
2.804
2.80657
2.81328
2.82242
2.8361
2.85658
2.88247
2.90712
2.9211
2.91769
2.89736
2.86979
2.85088
2.85281
2.87536
2.9093
2.94572
2.98048
3.01352
3.04583
3.07592
3.09812
3.10496
3.09247
3.06373
3.02818
2.99657
2.97435
2.95842
2.94078
2.9153
2.88242
2.85032
2.83162
2.83666
2.86817
2.92078
2.98479
3.05016
3.10877
3.15496
3.18537
3.19795
3.19177
3.16866
3.13461
3.09875
3.06986
3.05256
3.04514
3.04242
3.04296
3.05191
3.07367
3.10249
3.12339
3.12151
3.09072
3.03699
2.97521
2.921
2.88354
2.86475
2.86404
2.88159
2.91533
2.95576
2.98714
2.99602
2.98038
2.95322
2.93705
2.94779
2.98142
3.01992
3.04729
3.05903
3.06397
3.07886
3.11316
3.15945
3.20193
3.22875
3.23508
3.22192
3.19446
3.16002
3.12606
3.09813
3.07776
3.06099
3.04213
3.01989
2.99946
2.98945
2.99599
3.01843
3.04935
3.07766
3.09222
3.08543
3.05734
3.01715
2.97652
2.93886
2.89902
2.8532
2.80561
2.76709
2.74729
2.7467
2.75777
2.77133
2.78006
2.78118
2.77872
2.78107
2.79569
2.82634
2.87218
2.92566
2.97299
3.00238
3.01101
3.00435
2.99165
2.9823
2.98318
2.9962
3.01782
3.04092
3.05801
3.06335
3.05366
3.02781
2.98714
2.93727
2.88865
2.85225
2.83311
2.82865
2.83233
2.837
2.83606
2.82509
2.80405
2.77868
2.75906
2.75523
2.77175
2.8056
2.84842
2.89103
2.92676
2.95234
2.96719
2.97246
2.97101
2.96763
2.96824
2.97731
2.99527
3.0186
3.04287
3.06569
3.08706
3.10686
3.12242
3.12816
3.11738
3.08425
3.02603
2.94755
2.86558
2.80418
2.77985
2.79462
2.84144
2.90829
2.98038
3.04383
3.0883
3.10813
3.10333
3.08082
3.05285
3.03073
3.01793
3.0094
2.99701
2.97518
2.94251
2.90077
2.85341
2.80537
2.7643
2.74017
2.73917
2.75607
2.77633
2.78677
2.78243
2.76573
2.74225
2.71722
2.69451
2.67825
2.67478
2.69226
2.73625
2.80413
2.88474
2.96485
3.03558
3.09354
3.13931
3.17592
3.20615
3.22867
3.23676
3.22178
3.1772
3.1005
2.9951
2.87461
2.76882
2.72094
2.75802
2.85897
2.97395
3.06535
3.12007
3.1419
3.14127
3.12765
3.10618
3.08021
3.05622
3.04315
3.04454
3.05492
3.06559
3.07145
3.07227
3.07012
3.06598
3.05832
3.04424
3.02238
2.99565
2.97141
2.95593
2.94869
2.94533
2.94527
2.95207
2.96767
2.9881
3.00528
3.01186
3.00468
2.98538
2.95984
2.9376
2.92919
2.93966
2.96359
2.9879
2.99912
2.98934
2.95993
2.92182
2.88964
2.87282
2.87172
2.88073
2.89368
2.90797
2.92468
2.94454
2.96446
2.97866
2.98214
2.97299
2.95282
2.9271
2.90527
2.89888
2.91659
2.95973
3.02299
3.09797
3.17433
3.24102
3.28887
3.31255
3.31039
3.28365
3.23646
3.17522
3.10668
3.03604
2.96802
2.90997
2.87201
2.86178
2.87797
2.91034
2.94641
2.97661
2.99485
2.99822
2.98747
2.96643
2.93924
2.9075
2.87076
2.82991
2.78916
2.75425
2.73029
2.71998
2.72229
2.73446
2.75458
2.78114
2.81168
2.84325
2.87331
2.90032
2.92402
2.94449
2.96018
2.96727
2.96322
2.95118
2.94075
2.9434
2.96571
3.00496
3.05151
3.0953
3.12947
3.14965
3.15387
3.14322
3.12095
3.09072
3.05548
3.01793
2.98146
2.95047
2.92916
2.91994
2.9232
2.93801
2.96077
2.98326
2.99507
2.98933
2.96531
2.92608
2.87616
2.82243
2.77544
2.74707
2.74458
2.76575
2.80028
2.83659
2.86652
2.88553
2.89153
2.88601
2.87581
2.87137
2.88083
2.90379
2.93091
2.94933
2.94936
2.92973
2.90076
2.88168
2.88745
2.91539
2.94786
2.96671
2.96339
2.93966
2.90412
2.86869
2.8453
2.84132
2.85639
2.88385
2.91431
2.93855
2.95016
2.94839
2.93835
2.92747
2.92132
2.92215
2.92986
2.94308
2.96042
2.98166
3.0077
3.03895
3.07286
3.10318
3.12304
3.1294
3.12454
3.11388
3.10265
3.0941
3.08987
3.09015
3.09313
3.0948
3.09112
3.08134
3.06946
3.06191
3.0632
3.07274
3.08495
3.09166
3.08546
3.06367
3.03118
2.99805
2.97123
2.9503
2.93361
2.92336
2.92279
2.93276
2.95219
2.97935
3.01258
3.0492
3.08392
3.1095
3.11967
3.11185
3.088
3.05351
3.01505
2.97846
2.9468
2.91953
2.89342
2.86629
2.8409
2.8254
2.82814
2.85098
2.88813
2.93
2.96694
2.99005
2.99132
2.96533
2.91373
2.8493
2.79226
2.76135
2.77053
2.82362
2.9044
2.98303
3.03521
3.05099
3.03177
2.98519
2.92089
2.84762
2.77382
2.71257
2.68278
2.69488
2.73642
2.78253
2.81343
2.8188
2.79789
2.76235
2.73627
2.74196
2.77885
2.82647
2.86662
2.89275
2.90654
2.91376
2.92166
2.93537
2.95451
2.97353
2.98588
2.98826
2.98186
2.97045
2.95844
2.95086
2.95199
2.95982
2.96553
2.96458
2.9671
2.98801
3.02727
3.06942
3.09781
3.10474
3.09553
3.08476
3.08613
3.10349
3.12619
3.13643
3.12204
3.08166
3.02378
2.96384
2.91891
2.90091
2.91164
2.94434
2.98962
3.03998
3.09002
3.13491
3.16951
3.18873
3.18869
3.1684
3.13202
3.09
3.05495
3.03414
3.02696
3.02929
3.03905
3.0598
3.09578
3.1414
