1.5804
1.58963
1.58772
1.57714
1.56435
1.55706
1.56012
1.57354
1.59378
1.61634
1.63773
1.656
1.67055
1.68124
1.68789
1.69025
1.68816
1.68162
1.67102
1.65792
1.64597
1.64027
1.64434
1.65729
1.67422
1.68877
1.69618
1.69449
1.68449
1.66918
1.65341
1.64328
1.64364
1.65453
1.66985
1.68064
1.68132
1.6736
1.6634
1.653
1.63929
1.61926
1.5931
1.56446
1.54027
1.52879
1.5353
1.558
1.58847
1.61594
1.63222
1.63426
1.62382
1.60494
1.58183
1.55774
1.53555
1.51814
1.50773
1.50455
1.50688
1.5127
1.52092
1.53029
1.53886
1.54525
1.54987
1.55419
1.55929
1.56508
1.57065
1.57501
1.57728
1.577
1.57466
1.57271
1.57482
1.58285
1.59429
1.60359
1.60611
1.6005
1.58802
1.57027
1.54853
1.52562
1.50678
1.49637
1.49469
1.49928
1.50778
1.51913
1.53373
1.55272
1.57639
1.60322
1.63068
1.65584
1.67522
1.68545
1.68443
1.67203
1.65016
1.62238
1.59311
1.5659
1.54152
1.51903
1.50235
1.50298
1.52334
1.54802
1.56395
1.57128
1.57628
1.58402
1.59561
1.60863
1.61916
1.62369
1.62035
1.60931
1.59315
1.57557
1.5589
1.543
1.52728
1.51275
1.50112
1.49213
1.48308
1.47246
1.46454
1.46722
1.48176
1.50038
1.51565
1.52633
1.53523
1.5451
1.55562
1.56442
1.57062
1.57589
1.58253
1.59212
1.60503
1.62007
1.63429
1.64405
1.64686
1.64242
1.63276
1.62261
1.61783
1.62083
1.62715
1.62955
1.62434
1.61334
1.60238
1.59692
1.59657
1.5946
1.58374
1.56067
1.52806
1.49768
1.48732
1.50312
1.53333
1.56557
1.59659
1.62765
1.65878
1.68664
1.70599
1.71271
1.70524
1.68443
1.65281
1.61448
1.57576
1.54495
1.52988
1.53373
1.55301
1.58032
1.60859
1.63336
1.65246
1.66461
1.66875
1.66427
1.65131
1.63061
1.60247
1.56646
1.52312
1.47712
1.43785
1.41519
1.41369
1.42787
1.44496
1.45496
1.45668
1.45588
1.45925
1.46973
1.48663
1.508
1.53095
1.5521
1.56892
1.58059
1.5875
1.59132
1.59497
1.60227
1.61593
1.63475
1.6536
1.66608
1.6684
1.66086
1.647
1.63114
1.61677
1.60624
1.60081
1.59966
1.59947
1.5965
1.59048
1.5862
1.59004
1.60452
1.62657
1.65041
1.67123
1.68662
1.69664
1.70237
1.70436
1.70214
1.69461
1.68084
1.66043
1.63377
1.60238
1.56923
1.53862
1.51487
1.50018
1.49503
1.4994
1.51248
1.53152
1.55293
1.57388
1.593
1.60984
1.62369
1.63274
1.63464
1.62814
1.6138
1.59373
1.57092
1.54843
1.52897
1.51522
1.50987
1.51479
1.52913
1.54846
1.56637
1.57757
1.57971
1.57379
1.56238
1.54702
1.52641
1.49834
1.46534
1.43603
1.41761
1.41021
1.41278
1.42605
1.44862
1.47545
1.50116
1.52258
1.53883
1.54958
1.55401
1.55109
1.54156
1.5305
1.52588
1.53185
1.54431
1.55479
1.55819
1.55626
1.55392
1.55356
1.5539
1.55266
1.54958
1.54677
1.54721
1.55238
1.56107
1.56997
1.57617
1.5787
1.57828
1.57573
1.57099
1.56323
1.55114
1.53341
1.51015
1.48448
1.46284
1.45137
1.45199
1.46304
1.48194
1.50562
1.5308
1.55474
1.57605
1.59475
1.61222
1.62963
1.646
1.65825
1.66399
1.66352
1.65931
1.65385
1.64797
1.64085
1.63151
1.62015
1.608
1.59728
1.59121
1.5922
1.59928
1.60804
1.61384
1.61454
1.61031
1.60269
1.59447
1.58859
1.58593
1.58438
1.58119
1.5755
1.56833
1.56103
1.55466
1.55083
1.55151
1.55749
1.56717
1.578
1.58857
1.59899
1.60972
1.62069
1.63121
1.64039
1.64718
1.65122
1.65298
1.65311
1.65182
1.64876
1.64367
1.63686
1.62934
1.62232
1.61703
1.61427
1.61411
1.61616
1.62019
1.6267
1.6368
1.65141
1.67043
1.69276
1.71633
1.73776
1.75276
1.75795
1.75235
1.7373
1.71487
1.68679
1.65456
1.62055
1.58889
1.56593
1.55799
1.5655
1.58161
1.59884
1.6149
1.63154
1.64985
1.66732
1.67928
1.68158
1.67221
1.65139
1.62132
1.58576
1.54923
1.516
1.48936
1.47132
1.46228
1.46073
1.46362
1.46821
1.47361
1.48092
1.49198
1.50747
1.52584
1.54461
1.56205
1.57763
1.59082
1.60047
1.60528
1.60475
1.59961
1.59208
1.58552
1.58353
1.58789
1.59661
1.60474
1.60782
1.60458
1.59633
1.58525
1.57344
1.56293
1.55517
1.55112
1.55224
1.56008
1.57424
1.59151
1.60737
1.61847
1.62404
1.62602
1.62787
1.63298
1.64219
1.65304
1.66131
1.66429
1.66161
1.65367
1.64054
1.6229
1.60285
1.58321
1.56602
1.55214
1.54223
1.53683
1.53542
1.53663
1.5399
1.54593
1.55591
1.56985
1.58588
1.60091
1.61234
1.61892
1.62052
1.61805
1.61479
1.61646
1.62694
1.64401
1.66201
1.6764
1.68467
1.68639
1.68324
1.67804
1.67309
1.66938
1.6666
1.6636
1.65888
1.65128
1.64047
1.62719
1.61336
1.60127
1.59277
1.58852
1.58803
1.59001
1.59284
1.59509
1.59605
1.59569
1.59441
1.59253
1.59038
1.58894
1.58967
1.59286
1.59702
1.59996
1.60028
1.59758
1.59243
1.58705
1.58548
1.592
1.60874
1.63407
1.66307
1.68922
1.70674
1.71308
1.71016
1.70377
1.70038
1.70181
1.70333
1.69753
1.67944
1.64906
1.61113
1.57351
1.5441
1.52754
1.52349
1.52829
1.53856
1.55329
1.57335
1.60003
1.63368
1.67189
1.70916
1.73895
1.75671
1.76173
1.75654
1.74529
1.7316
1.71688
1.70034
1.67987
1.65368
1.62185
1.58774
1.55805
1.53943
1.53349
1.53666
1.54387
1.55134
1.55627
1.55576
1.54713
1.52973
1.50841
1.4943
1.49616
1.50981
1.52351
1.53044
1.53329
1.54013
1.55527
1.5752
1.593
1.60273
1.60051
1.58549
1.56071
1.53297
1.51109
1.50331
1.51454
1.54409
1.58449
1.62447
1.65466
1.67125
1.67605
1.67444
1.67237
1.674
1.68012
1.68835
1.69427
1.69345
1.68305
1.66263
1.63406
1.60114
1.56929
1.54494
1.53317
1.53452
1.54474
1.55833
1.57166
1.58358
1.59423
1.60428
1.61414
1.62318
1.62954
1.63075
1.62565
1.61555
1.60265
1.58775
1.57225
1.56161
1.56172
1.5712
1.58337
1.59414
1.60324
1.61159
1.61981
1.62829
1.63699
1.64508
1.65069
1.65225
1.65013
1.64738
1.64766
1.65231
1.65968
1.66687
1.67114
1.67064
1.66492
1.65535
1.64471
1.63578
1.62971
1.62571
1.62239
1.61889
1.61463
1.60917
1.60278
1.59667
1.59218
1.58988
1.58934
1.58946
1.58865
1.58418
1.57292
1.55417
1.53198
1.51339
1.50401
1.50569
1.51733
1.53612
1.55786
1.57775
1.59205
1.5996
1.60222
1.60364
1.60704
1.61344
1.62204
1.63163
1.6414
1.6505
1.65732
1.6601
1.65814
1.65233
1.64403
1.6343
1.62414
1.61519
1.60866
1.60341
1.59576
1.58194
1.56209
1.54304
1.53599
1.54838
1.57768
1.61485
1.65139
1.68237
1.70549
1.71981
1.72536
1.72272
1.71241
1.69412
1.66707
1.63176
1.59308
1.56245
1.55323
1.56954
1.60249
1.63906
1.6701
1.69092
1.69892
1.69304
1.67473
1.64927
1.62534
1.61014
1.60338
1.59907
1.59278
1.58405
1.57431
1.56534
1.55898
1.55601
1.55419
1.54895
1.53685
1.5184
1.4986
1.48461
1.48256
1.49472
1.5187
1.54907
1.57974
1.60586
1.62455
1.63538
1.63946
1.63778
1.63024
1.61753
1.60323
1.59325
1.5928
1.60386
1.62451
1.64991
1.6744
1.6935
1.70465
1.70675
1.70002
1.68532
1.66403
1.63815
1.6105
1.58492
1.56512
1.55331
1.5497
1.55305
1.56146
1.57244
1.58263
1.58835
1.58691
1.57818
1.56519
1.55425
1.55293
1.56353
1.57776
1.58349
1.57515
1.55568
1.53246
1.51316
1.50308
1.50436
1.51675
1.53855
1.56677
1.59696
1.62438
1.64584
1.66066
1.67027
1.67693
1.68285
1.68945
1.69654
1.70176
1.70134
1.69169
1.67046
1.6379
1.59774
1.55762
1.52788
1.51777
1.52993
1.55854
1.59213
1.61885
1.63071
1.62562
1.60779
1.5856
1.56771
1.56111
1.57033
1.59306
1.61907
1.6379
1.64393
1.63514
1.61175
1.57742
1.53901
1.50397
1.47728
1.46111
1.45639
1.46377
1.48263
1.5088
1.53637
1.56129
1.5801
1.5885
1.58415
1.56882
1.54795
1.52893
1.51829
1.51859
1.5286
1.54586
1.56771
1.59072
1.61115
1.62598
1.63355
1.63362
1.62726
1.61677
1.60595
1.5994
1.60058
1.60904
1.62032
1.62857
1.6294
1.62078
1.60304
1.57873
1.5525
1.53036
1.51779
1.51746
1.52767
1.54279
1.5565
1.56571
1.57193
1.57901
1.59024
1.60659
1.62572
1.64239
1.65108
1.64948
1.63986
1.6276
1.61799
1.61394
1.61608
1.62363
1.63578
1.65098
1.66564
1.6758
1.67903
1.67412
1.66018
1.63667
1.60434
1.56625
1.52768
1.49364
1.46585
1.44231
1.42093
1.40334
1.39506
1.40012
1.41626
1.43744
1.45881
1.47823
1.49512
1.50999
1.52407
1.53852
1.55291
1.56476
1.57107
1.57042
1.56389
1.55394
1.54243
1.53041
1.52015
1.51531
1.51839
1.52982
1.54798
1.56773
1.58166
1.58521
1.5806
1.57521
1.57509
1.57954
1.58365
1.5834
1.57711
1.56446
1.54592
1.52388
1.50344
1.49194
1.49527
1.51334
1.53956
1.56516
1.58393
1.59371
1.59476
1.58689
1.5693
1.54305
1.51245
1.48361
1.46143
1.44732
1.43863
1.43007
1.41735
1.40197
1.39281
1.39935
1.42189
1.45232
1.48296
1.51115
1.53782
1.56468
1.5923
1.61833
1.63786
1.64646
1.64299
1.63025
1.61401
1.6006
1.59364
1.59302
1.59682
1.60351
1.61229
1.62215
1.63124
1.63787
1.64118
1.64142
1.63882
1.63264
1.62107
1.60237
1.57654
1.54707
1.52142
1.50799
1.50961
1.52084
1.53325
1.54125
1.54487
1.55024
1.56582
1.59218
1.61789
1.62875
1.6186
1.59185
1.56023
1.53548
1.52216
1.51731
1.51592
1.5156
1.51855
1.53055
1.55694
1.59772
1.64673
1.69527
1.73625
1.76584
1.78299
1.78823
1.78281
1.76823
1.74578
1.71649
1.68138
1.64231
1.60237
1.56554
1.53624
1.51843
1.51376
1.52002
1.53169
1.54277
1.54939
1.55106
1.54918
1.54433
1.53504
1.52023
1.50217
1.48511
1.47206
1.46591
1.47167
1.4928
1.52592
1.56253
1.59558
1.62169
1.63941
1.64757
1.64519
1.63205
1.60879
1.57618
1.53507
1.48804
1.4416
1.40588
1.38931
1.39325
1.41242
1.43882
1.46571
1.4906
1.51516
1.54114
1.56683
1.58754
1.59875
1.59829
1.58691
1.5679
1.54663
1.52888
1.51841
1.51588
1.52025
1.5301
1.54407
1.5612
1.58061
1.59997
1.61456
1.61943
1.61267
1.59718
1.57952
1.56671
1.56382
1.5729
1.59233
1.61714
1.64149
1.66145
1.67584
1.68527
1.69051
1.69164
1.68804
1.67853
1.66233
1.6404
1.61545
1.5908
1.56963
1.55508
1.54994
1.556
1.57285
1.59658
1.62154
1.64336
1.65982
1.66974
1.67176
1.6643
1.64657
1.61964
1.58658
1.5513
1.51768
1.48986
1.47242
1.46938
1.48152
1.50458
1.53063
1.5519
1.56396
1.56579
1.5583
1.54294
1.52129
1.49582
1.47083
1.45189
1.44307
1.44391
1.45003
1.45795
1.46821
1.48337
1.50411
1.52777
1.54978
1.56625
1.57542
1.57801
1.57673
1.57526
1.57618
1.57927
1.58183
1.58079
1.57486
1.56585
1.55812
1.55575
1.55889
1.56347
1.56552
1.56561
1.56759
1.57304
1.57967
1.58539
1.58993
1.59264
1.59209
1.58862
1.58582
1.58817
1.5968
1.6077
1.61441
1.61165
1.59789
1.57643
1.55437
1.53947
1.53657
1.54603
1.56471
1.58828
1.61263
1.63446
1.65121
1.66184
1.66731
1.66942
1.67061
1.67302
1.67624
1.67719
1.67359
1.66609
1.65717
1.64912
1.64283
1.63731
1.62976
1.61668
1.59613
1.56993
1.54408
1.52673
1.52385
1.5362
1.55956
1.58765
1.61424
1.63391
1.6427
1.63955
1.62807
1.61615
1.61155
1.61588
1.62362
1.6269
1.62092
1.60698
1.59071
1.57561
1.56049
1.54509
1.53439
1.53551
1.55164
1.5799
1.61365
1.64611
1.6725
1.69074
1.70107
1.70645
1.71257
1.72259
1.73121
1.72957
1.71426
1.6886
1.65874
1.63042
1.60746
1.59151
1.58225
1.57763
1.57488
1.57225
1.57048
1.57238
1.57997
1.5923
1.60602
1.618
1.62611
1.62924
1.6271
1.62031
1.61041
1.59899
1.58691
1.57422
1.56084
1.54771
1.53761
1.53381
1.53722
1.54526
1.55396
1.56073
1.56452
1.56584
1.56706
1.57224
1.5845
1.60194
1.61807
1.62663
1.62569
1.61769
1.60695
1.59711
1.59016
1.58766
1.59137
1.6017
1.61624
1.63079
1.64141
1.6453
1.64062
1.62678
1.60447
1.57577
1.54559
1.52263
1.51384
1.51578
1.51957
1.52249
1.52864
1.54159
1.56024
1.58076
1.59973
1.61509
1.62554
1.63025
1.62914
1.62363
1.61619
1.60856
1.59974
1.58614
1.56425
1.5338
1.49944
1.46873
1.44717
1.43571
1.43189
1.43236
1.4345
1.4383
1.44639
1.46154
1.48398
1.51064
1.53622
1.55558
1.56579
1.56718
1.56301
1.55806
1.5568
1.56107
1.56938
1.57806
1.58351
1.58306
1.57443
1.55518
1.52473
1.48891
1.46208
1.45842
1.4801
1.51835
1.56201
1.60263
1.63534
1.65815
1.67098
1.67505
1.67263
1.66604
1.65669
1.64451
1.62898
1.61075
1.5924
1.57807
1.57178
1.57504
1.58548
1.59836
1.61037
1.62224
1.63649
1.65381
1.67208
1.68754
1.69596
1.69406
1.68092
1.65867
1.63169
1.60414
1.57858
1.55726
1.54381
1.54184
1.55028
1.56225
1.56914
1.56556
1.55146
1.53227
1.51701
1.5135
1.52229
1.53623
1.54637
1.54708
1.53818
1.52567
1.51996
1.52817
1.54791
1.57081
1.59059
1.60658
1.62093
1.63421
1.64421
1.64779
1.64324
1.63122
1.61384
1.5936
1.57394
1.56009
1.55781
1.56957
1.59259
1.62086
1.64831
1.67052
1.68501
1.69107
1.6895
1.68248
1.67266
1.66239
1.65368
1.64891
1.65069
1.66002
1.67471
1.69036
1.70291
1.71044
1.71305
1.7119
1.70797
1.70132
1.69116
1.67703
1.6605
1.64471
1.62984
1.6111
1.58396
1.55059
1.52043
1.50434
1.50686
1.52394
1.54791
1.57272
1.59474
1.61139
1.62064
1.62186
1.61641
1.60751
1.59861
1.59182
1.58791
1.58773
1.59301
1.60468
1.62118
1.63836
1.65127
1.65589
1.65091
1.63892
1.62595
1.61783
1.61661
1.62065
1.62619
1.62796
1.62065
1.60186
1.57374
1.54194
1.51419
1.49945
1.50491
1.53146
1.57287
1.61951
1.663
1.6978
1.72102
1.73163
1.7297
1.71634
1.69401
1.66677
1.63917
1.61462
1.59379
1.57535
1.55869
1.54607
1.54198
1.54992
1.56981
1.5979
1.62843
1.6556
1.67469
1.68306
1.68032
1.66862
1.65258
1.63871
1.63318
1.63912
1.65489
1.67525
1.69481
1.71065
1.72199
1.72874
1.73097
1.72868
1.72121
1.7074
1.68663
1.66018
1.63209
1.60805
1.59298
1.58856
1.59263
1.60072
1.60809
1.61138
1.60895
1.60063
1.58739
1.571
1.55401
1.53938
1.52973
1.5269
1.53136
1.54241
1.55855
1.57771
1.59745
1.61524
1.62872
1.63613
1.63704
1.6333
1.62837
1.62494
1.62355
1.62341
1.62451
1.62811
1.63553
1.64645
1.65825
1.6671
1.6705
1.66812
1.66029
1.64691
1.62873
1.60895
1.59092
1.57452
1.55812
1.54269
1.53173
1.52766
1.52927
1.53282
1.53473
1.53326
1.5282
1.51979
1.50864
1.49668
1.48761
1.48555
1.49185
1.50338
1.5145
1.5208
1.52167
1.52044
1.5229
1.53419
1.55539
1.58236
1.6077
1.62409
1.62709
1.61584
1.59215
1.55957
1.52301
1.48821
1.4611
1.44566
1.44204
1.44812
1.46355
1.48918
1.52161
1.55271
1.57479
1.58416
1.58143
1.57209
1.56603
1.57136
1.58684
1.60256
1.60813
1.6007
1.58828
1.58268
1.58632
1.59244
1.59567
1.59579
1.59468
1.59381
1.59365
1.59421
1.59578
1.59861
1.60191
1.60288
1.59785
1.58422
1.56239
1.53602
1.51154
1.49515
1.48983
1.49501
1.50864
1.52838
1.55139
1.57463
1.59531
1.611
1.61978
1.62094
1.61547
1.6061
1.59645
1.58967
1.58661
1.5848
1.58054
1.57306
1.56714
1.56994
1.58498
1.60891
1.63393
1.65355
1.6654
1.66924
1.66532
1.65405
1.63628
1.61413
1.59156
1.57351
1.56389
1.56386
1.57321
1.59185
1.61871
1.64943
1.67761
1.69847
1.71006
1.71183
1.70362
1.68587
1.66059
1.63223
1.60707
1.59108
1.58696
1.5926
1.6027
1.61184
1.61657
1.61571
1.61009
1.6025
1.59704
1.59672
1.60176
1.61071
1.62203
1.63312
1.64004
1.64018
1.634
1.62456
1.61586
1.61093
1.61092
1.61477
1.62003
1.62397
1.62442
1.62033
1.61192
1.60047
1.58745
1.57372
1.55984
1.54727
1.53969
1.54121
1.55236
1.5683
1.58223
1.59043
1.59395
1.5962
1.59888
1.60052
1.59794
1.58888
1.57369
1.5562
1.54288
1.53956
1.54709
1.56037
1.57236
1.579
1.57981
1.57513
1.56439
1.54777
1.52994
1.5211
1.52939
1.55098
1.57506
1.59483
1.60862
1.6164
1.61877
1.61805
1.6185
1.625
1.64025
1.66265
1.68686
1.70712
1.71963
1.72287
1.7171
1.70361
1.68389
1.65957
1.63312
1.60904
1.59404
1.59358
1.60698
1.62649
1.64209
1.64691
1.63925
1.62265
1.60484
1.59369
1.59163
1.59491
1.59798
1.59696
1.58994
1.57674
1.5603
1.54756
1.54632
1.55929
1.58112
1.6031
1.61942
1.62971
1.63641
1.64076
1.64102
1.63491
1.62257
1.60746
1.59443
1.58701
1.58624
1.59071
1.59684
1.59933
1.59281
1.57439
1.54633
1.51715
1.49789
1.49441
1.504
1.51982
1.53656
1.55217
1.56642
1.57801
1.58434
1.5851
1.5845
1.58635
1.58771
1.58356
1.57488
1.56723
1.56491
1.5684
1.57498
1.58159
1.58657
1.5897
1.59107
1.59035
1.58735
1.58364
1.58271
1.58726
1.59568
1.60189
1.5989
1.58212
1.55157
1.51365
1.47979
1.45943
1.45372
1.45757
1.46646
1.47913
1.4963
1.51823
1.54344
1.56854
1.58899
1.60013
1.59846
1.5838
1.56156
1.54167
1.5308
1.5274
1.52696
1.52772
1.53141
1.54098
1.55779
1.58012
1.60309
1.62074
1.63013
1.63362
1.63687
1.64475
1.65848
1.67496
1.68929
1.69756
1.69846
1.69279
1.68224
1.66889
1.65533
1.64366
1.63349
1.6212
1.6019
1.57346
1.54015
1.5124
1.49928
1.50054
1.50862
1.51647
1.52184
1.52714
1.53691
1.55364
1.57519
1.59624
1.61141
1.61757
1.61419
1.60234
1.58387
1.56199
1.54223
1.53153
1.53342
1.54482
1.55982
1.57456
1.58748
1.59776
1.60485
1.60852
1.60854
1.6048
1.59737
1.58665
1.57262
1.55416
1.52983
1.50005
1.46842
1.44128
1.42524
1.42434
1.4382
1.46222
1.48945
1.51348
1.53071
1.54115
1.54762
1.55312
1.55864
1.56257
1.56316
1.56289
1.56754
1.57818
1.59004
1.5992
1.60461
1.60653
1.60681
1.60891
1.61608
1.62873
1.64415
1.65892
1.67094
1.67935
1.68386
1.6837
1.67716
1.66195
1.6369
1.60509
1.57512
1.55607
1.55058
1.55472
1.56305
1.5714
1.57706
1.5786
1.5755
1.56717
1.55246
1.53066
1.50333
1.47579
1.45688
1.45596
1.47696
1.51467
1.55827
1.59747
1.62594
1.64246
1.65084
1.65866
1.67333
1.69828
1.7323
1.77082
1.80633
1.83018
1.83615
1.82225
1.7907
1.74818
1.7044
1.6671
1.63892
1.6203
1.61183
1.61302
1.62112
1.63199
1.64188
1.64839
1.65048
1.64754
1.63838
1.62142
1.59727
1.57102
1.55032
1.53981
1.53779
1.53963
1.54183
1.54348
1.54495
1.54663
1.54771
1.54655
1.54213
1.53548
1.52971
1.52824
1.53241
1.54081
1.55052
1.559
1.56502
1.56876
1.57144
1.57463
1.57942
1.58563
1.59189
1.59641
1.598
1.59726
1.59711
1.6015
1.61162
1.62361
1.63111
1.62988
1.61976
1.60426
1.5882
1.57543
1.56839
1.56869
1.57649
1.5892
1.60123
1.60719
1.60725
1.60908
1.62091
1.64219
1.66489
1.68147
1.68912
1.68986
1.68813
1.68749
1.68881
1.69108
1.69315
1.69469
1.69568
1.69615
1.69565
1.69312
1.68702
1.67585
1.6591
1.63771
1.61251
1.58308
1.54987
1.51762
1.49434
1.48646
1.49554
1.517
1.54237
1.56358
1.57563
1.57707
1.57119
1.56494
1.56408
1.56804
1.57243
1.57426
1.57322
1.57028
1.56618
1.56094
1.55452
1.54786
1.54333
1.54413
1.55281
1.56929
1.58984
1.60853
1.62003
1.62142
1.61321
1.59993
1.58822
1.58036
1.57083
1.55324
1.52805
1.5026
1.48379
1.47275
1.46784
1.47006
1.48257
1.50589
1.53508
1.56215
1.58036
1.58721
1.58422
1.57487
1.5625
1.54957
1.53856
1.53265
1.53506
1.54709
1.56626
1.58769
1.60715
1.62234
1.63243
1.63735
1.63745
1.63343
1.62642
1.61832
1.61206
1.61082
1.61558
1.62281
1.62579
1.61863
1.59975
1.5723
1.54308
1.51955
1.50592
1.50152
1.50302
1.50681
1.5101
1.5118
1.5127
1.51377
1.51484
1.51498
1.51292
1.50767
1.50048
1.49611
1.49936
1.51078
1.52677
1.54312
1.55707
1.56725
1.57264
1.57217
1.56493
1.55158
1.53544
1.52184
1.51496
1.51597
1.52432
1.54029
1.56433
1.5931
1.6202
1.64104
1.65423
1.6607
1.66291
1.66343
1.66305
1.66093
1.65566
1.64638
1.63317
1.61711
1.60006
1.58433
1.5722
1.56575
1.56615
1.57288
1.58349
1.59483
1.60466
1.61223
1.61772
1.62149
1.62358
1.62401
1.62396
1.62593
1.63267
1.64477
1.65931
1.6714
1.67677
1.67367
1.66291
1.6478
1.63464
1.63153
1.64314
1.66467
1.68521
1.69715
1.69953
1.69558
1.68953
1.68413
1.6793
1.67279
1.66246
1.64809
1.63137
1.61417
1.59671
1.57752
1.55537
1.53116
1.50841
1.49221
1.48664
1.49125
1.50073
1.50849
1.5103
1.5057
1.49771
1.49176
1.49385
1.50684
1.52708
1.54554
1.55406
1.54986
1.53468
1.51114
1.47999
1.44135
1.3982
1.36007
1.3415
1.3524
1.3891
1.43991
1.49491
1.54869
1.59848
1.6415
1.67378
1.69162
1.69352
1.68116
1.65845
1.63018
1.60122
1.57653
1.56024
1.55341
1.55267
1.5527
1.54977
1.5431
1.53409
1.52452
1.51563
1.51001
1.51389
1.53099
1.55441
1.57485
1.59037
1.60397
1.61755
1.62958
1.6367
1.63628
1.62756
1.61152
1.5903
1.56729
1.54653
1.53016
1.51785
1.50934
1.50532
1.50576
1.50921
1.51376
1.51829
1.52265
1.52761
1.53538
1.54928
1.57185
1.60243
1.63632
1.66672
1.68677
1.69199
1.68243
1.66249
1.63843
1.61593
1.59879
1.58874
1.58543
1.5867
1.58973
1.59255
1.5944
1.5949
1.59321
1.58799
1.57796
1.56272
1.54358
1.52392
1.50854
1.50135
1.50333
1.51202
1.52303
1.53206
1.53613
1.53429
1.52792
1.52043
1.51577
1.51593
1.51921
1.52084
1.51549
1.50042
1.4782
1.45751
1.44675
1.44586
1.44928
1.45361
1.45835
1.4637
1.46978
1.47692
1.48576
1.4967
1.50966
1.52455
1.5419
1.56261
1.587
1.61377
1.64039
1.66413
1.68286
1.69504
1.69967
1.69654
1.68652
1.67158
1.65434
1.63753
1.62326
1.6121
1.60349
1.59713
1.59383
1.59452
1.59828
1.60194
1.60191
1.59688
1.58963
1.58601
1.5919
1.61057
1.64097
1.67811
1.71554
1.74801
1.77244
1.78712
1.79104
1.78417
1.76799
1.74587
1.72227
1.70134
1.68522
1.67378
1.66534
1.65756
1.64881
1.6388
1.62843
1.61888
1.61112
1.60551
1.60194
1.59966
1.59736
1.59298
1.58458
1.57113
1.55303
1.53173
1.5103
1.49445
1.49014
1.49792
1.51301
1.5304
1.54717
1.5619
1.57369
1.58193
1.58616
1.58593
1.58054
1.56956
1.55409
1.53758
1.52558
1.52241
1.52717
1.53408
1.53748
1.53558
1.53052
1.52623
1.52624
1.53237
1.5452
1.56428
1.58657
1.60634
1.61794
1.61891
1.61107
1.5999
1.59186
1.59031
1.59354
1.59674
1.59573
1.58886
1.57744
1.56538
1.55691
1.55371
1.5546
1.55749
1.56038
1.561
1.55727
1.54852
1.53586
1.52164
1.5084
1.49827
1.4922
1.48999
1.49108
1.49512
1.50193
1.51071
1.51938
1.52553
1.52819
1.5292
1.53233
1.54056
1.55363
1.56829
1.58054
1.58755
1.58808
1.58237
1.5726
1.56287
1.55801
1.56116
1.57221
1.58808
1.60438
1.61712
1.62375
1.62383
1.6187
1.60985
1.59714
1.58074
1.56323
1.54889
1.54207
1.54669
1.56331
1.58555
1.60319
1.60978
1.60567
1.59589
1.58652
1.58173
1.5829
1.58892
1.59752
1.60626
1.61295
1.61545
1.61154
1.59922
1.57809
1.55065
1.5228
1.5024
1.49615
1.50558
1.52567
1.5471
1.56182
1.56698
1.56444
1.55662
1.54463
1.53266
1.53258
1.55596
1.59882
1.64467
1.68001
1.70066
1.70843
1.70554
1.69168
1.6662
1.63203
1.59621
1.56643
1.54551
1.52996
1.51429
1.4967
1.4798
1.46726
1.46085
1.46061
1.46642
1.4782
1.49447
1.51176
1.52608
1.53505
1.53877
1.53948
1.54022
1.54331
1.54923
1.55695
1.56511
1.57363
1.58409
1.59828
1.61609
1.63444
1.64877
1.65563
1.65429
1.64695
1.63812
1.63285
1.63378
1.63943
1.646
1.65068
1.6524
1.65105
1.64717
1.64238
1.63927
1.63968
1.6442
1.65196
1.66025
1.66479
1.66163
1.64904
1.62825
1.60305
1.57805
1.55622
1.53781
1.52195
1.50837
1.49721
1.48817
1.48049
1.47483
1.47558
1.48989
1.51962
1.55515
1.58329
1.59793
1.60062
1.59677
1.59253
1.5928
1.60038
1.61569
1.63698
1.66081
1.68308
1.70085
1.71323
1.72046
1.72185
1.71523
1.69832
1.67153
1.6392
1.60906
1.58969
1.58668
1.59951
1.62159
1.644
1.65989
1.66633
1.66412
1.65704
1.65101
1.65205
1.66342
1.68339
1.70643
1.72653
1.73984
1.7453
1.74388
1.73684
1.72473
1.70667
1.6812
1.64823
1.61179
1.58138
1.56783
1.57626
1.60283
1.63764
1.67001
1.69238
1.70229
1.70109
1.6917
1.67748
1.66294
1.65352
1.65285
1.6604
1.67112
1.67835
1.67697
1.66547
1.64629
1.62472
1.60654
1.59528
1.59122
1.59286
1.59955
1.61127
1.62611
1.64015
1.64975
1.65308
1.65009
1.64185
1.63043
1.61848
1.60764
1.59616
1.57883
1.55142
1.5154
1.47778
1.44616
1.42475
1.4152
1.418
1.43099
1.44961
1.47085
1.49474
1.5218
1.55081
1.57818
1.59878
1.60817
1.60496
1.59139
1.57169
1.54937
1.52621
1.50427
1.48865
1.48462
1.49092
1.50007
1.50573
1.50524
1.49774
1.48325
1.46384
1.44539
1.43726
1.44748
1.476
1.5142
1.55208
1.58395
1.60814
1.62406
1.63079
1.62765
1.61501
1.5945
1.56854
1.53952
1.5099
1.48276
1.46262
1.45505
1.46455
1.49163
1.53128
1.57421
1.61093
1.63583
1.64841
1.65148
1.64816
1.64027
1.62841
1.61303
1.59574
1.57953
1.56803
1.56293
1.56172
1.55831
1.54738
1.52968
1.51347
1.50733
1.51158
1.5207
1.53038
1.53959
1.54937
1.56137
1.57607
1.59221
1.60767
1.62033
1.6283
1.63028
1.6275
1.62484
1.62823
1.63961
1.65577
1.6718
1.68379
1.689
1.68513
1.66985
1.64174
1.60332
1.56279
1.52996
1.51066
1.50716
1.51973
1.54555
1.57823
1.60969
1.6324
1.6413
1.63564
1.61892
1.59696
1.57542
1.558
1.54674
1.54191
1.54174
1.54309
1.54291
1.53944
1.53247
1.52303
1.51336
1.50692
1.50752
1.51779
1.53774
1.56434
1.5931
1.62072
1.64626
1.66901
1.68591
1.69171
1.6824
1.65856
1.6261
1.59448
1.57272
1.56513
1.57015
1.5835
1.60089
1.6189
1.63485
1.64664
1.65276
1.65225
1.64444
1.62854
1.60456
1.57598
1.55262
1.54388
1.54677
1.54969
1.54504
1.53203
1.51445
1.49948
1.49452
1.49957
1.50657
1.5105
1.51635
1.53317
1.56288
1.59768
1.62759
1.64647
1.65246
1.6465
1.63123
1.61057
1.58944
1.5724
1.56159
1.55541
1.55009
1.54247
1.53145
1.51835
1.50637
1.49989
1.50344
1.51882
1.54181
1.56474
1.582
1.5914
1.59204
1.58348
1.56681
1.54666
1.5313
1.52911
1.54267
1.56713
1.59451
1.61798
1.63296
1.63668
1.62829
1.60913
1.58259
1.55306
1.52415
1.49815
1.47808
1.46932
1.47725
1.50175
1.53453
1.56489
1.58779
1.60466
1.61866
1.63061
1.639
1.64257
1.6424
1.64106
1.64017
1.63915
1.63709
1.63506
1.63646
1.64505
1.66212
1.6849
1.70765
1.72422
1.73028
1.72373
1.70458
1.67474
1.63831
1.60206
1.57434
1.56167
1.56491
1.57835
1.59296
1.60047
1.59572
1.5774
1.5483
1.51526
1.48727
1.47238
1.47523
1.49517
1.52615
1.55983
1.58972
1.6124
1.62666
1.63247
1.63066
1.62316
1.61304
1.6036
1.5971
1.59412
1.59417
1.59638
1.59948
1.60122
1.59898
1.59208
1.5829
1.57527
1.57174
1.57302
1.57868
1.5877
1.59888
1.6107
1.62108
1.62677
1.6234
1.60729
1.57891
1.54565
1.51991
1.51102
1.5194
1.5396
1.56519
1.58998
1.6084
1.61748
1.61859
1.61657
1.61655
1.62084
1.62791
1.6337
1.63371
1.62437
1.60377
1.57278
1.53618
1.50267
1.48169
1.47856
1.49207
1.51649
1.54516
1.57285
1.59632
1.61401
1.62575
1.63214
1.63409
1.6327
1.62958
1.6256
1.61898
1.60611
1.5853
1.56042
1.54031
1.53319
1.53921
1.55013
1.55696
1.55625
1.55033
1.54411
1.5419
1.54556
1.55444
1.56607
1.57764
1.58622
1.58946
1.58741
1.5843
1.58631
1.59618
1.61032
1.62189
1.6257
1.61994
1.60454
1.58048
1.55043
1.51928
1.49313
1.47724
1.47364
1.48002
1.49147
1.50356
1.51531
1.52957
1.54993
1.57612
1.60339
1.62552
1.63782
1.63823
1.62754
1.60881
1.58616
1.56349
1.54467
1.53436
1.53513
1.54227
1.54672
1.54333
1.53371
1.52364
1.51938
1.52517
1.54251
1.57003
1.60367
1.63745
1.66519
1.68222
1.68636
1.67827
1.66163
1.64257
1.62679
1.61549
1.60482
1.59064
1.57263
1.55425
1.54059
1.53612
1.54235
1.55726
1.57668
1.59648
1.61322
1.62444
1.62855
1.62478
1.61315
1.59435
1.56986
1.54215
1.51495
1.49332
1.48207
1.48279
1.49249
1.50528
1.51513
1.51828
1.51614
1.51588
1.52545
1.54779
1.58039
1.61779
1.65413
1.68556
1.7109
1.73027
1.74349
1.74897
1.74395
1.72594
1.69518
1.6568
1.61975
1.59138
1.57293
1.56135
1.5534
1.548
1.54555
1.5454
1.54495
1.54257
1.5393
1.53712
1.53759
1.54112
1.54692
1.55341
1.55868
1.56077
1.55754
1.5466
1.52609
1.49694
1.4645
1.43861
1.43029
1.44551
1.48018
1.52266
1.56133
1.58899
1.60335
1.6062
1.60202
1.59585
1.59045
1.58544
1.579
1.57018
1.55957
1.54875
1.53951
1.53278
1.5279
1.52256
1.51419
1.50217
1.48945
1.48247
1.48718
1.50434
1.52901
1.5544
1.57586
1.59251
1.60478
1.61188
1.61218
1.60596
1.59701
1.59097
1.59097
1.596
1.60322
1.61033
1.61615
1.62041
1.62353
1.62612
1.62861
1.63112
1.63346
1.63514
1.63542
1.63336
1.62788
1.61838
1.60542
1.5911
1.57815
1.56846
1.56243
1.55999
1.56113
1.56504
1.56992
1.5737
1.57471
1.57139
1.56302
1.55102
1.53913
1.53085
1.52646
1.52358
1.51974
1.51402
1.50685
1.50002
1.49625
1.49806
1.50622
1.51932
1.53477
1.54986
1.56232
1.57048
1.57294
1.56864
1.55743
1.54085
1.52245
1.50689
1.49813
1.49786
1.5055
1.51957
1.53789
1.5571
1.57293
1.58177
1.58243
1.57788
1.575
1.57946
1.59097
1.60461
1.61509
1.61854
1.61275
1.59836
1.5802
1.56569
1.55958
1.56144
1.56989
1.58724
1.6158
1.65177
1.6879
1.71841
1.73851
1.74437
1.73467
1.71156
1.67993
1.64567
1.61385
1.58887
1.57458
1.57246
1.57969
1.59032
1.59807
1.59863
1.59067
1.5759
1.55857
1.54386
1.53597
1.53622
1.54293
1.55335
1.56552
1.57881
1.59278
1.60588
1.61453
1.61411
1.60129
1.5774
1.55019
1.53096
1.52682
1.53514
1.54732
1.5568
1.56269
1.56747
1.57359
1.58169
1.59074
1.59863
1.60293
1.60157
1.59298
1.57631
1.55188
1.52235
1.49327
1.47199
1.4641
1.4702
1.48635
1.50665
1.52565
1.53966
1.54697
1.54699
1.5398
1.52625
1.50766
1.48496
1.45941
1.43472
1.417
1.41232
1.4233
1.44676
1.47595
1.50506
1.53066
1.5507
1.56433
1.57202
1.57482
1.57327
1.56738
1.55809
1.54879
1.54452
1.54807
1.55651
1.56374
1.56532
1.56028
1.54965
1.53468
1.51608
1.49386
1.46821
1.44078
1.41603
1.40065
1.40019
1.41504
1.44035
1.46916
1.49597
1.51774
1.53401
1.54613
1.55619
1.56572
1.57565
1.58698
1.60093
1.61752
1.63443
1.64849
1.65842
1.66598
1.67429
1.68535
1.69888
1.71318
1.7261
1.73517
1.73784
1.73211
1.71801
1.69887
1.68082
1.66874
1.6617
1.65413
1.64104
1.62116
1.59622
1.56891
1.54192
1.51886
1.50439
1.5023
1.51213
1.52862
1.54634
1.56397
1.5829
1.60327
1.62261
1.63809
1.64853
1.65424
1.65594
1.65389
1.64809
1.63872
1.6267
1.61393
1.60307
1.59633
1.59396
1.59483
1.59914
1.61022
1.6312
1.65943
1.68734
1.70841
1.71993
1.72207
1.7161
1.70349
1.68542
1.66308
1.63846
1.61485
1.59554
1.58199
1.57358
1.56975
1.57181
1.58189
1.60043
1.62461
1.64896
1.66737
1.67545
1.67201
1.65924
1.64155
1.62376
1.60945
1.60018
1.59545
1.59329
1.59098
1.58616
1.57842
1.56944
1.56129
1.55447
1.54853
1.54406
1.54352
1.54922
1.56141
1.57796
1.59584
1.61262
1.6265
1.63614
1.64041
1.63908
1.63312
1.62484
1.61622
1.60746
1.59692
1.58306
1.56664
1.5522
1.54693
1.55639
1.57934
1.60733
1.62943
1.63727
1.62723
1.60043
1.56196
1.5205
1.48655
1.46822
1.46719
1.47968
1.5006
1.52626
1.55358
1.57905
1.59906
1.6116
1.61745
1.61959
1.62159
1.62552
1.63126
1.63763
1.64325
1.64682
1.64657
1.64089
1.63019
1.61779
1.60761
1.60093
1.59629
1.59224
1.58808
1.58426
1.58311
1.5869
1.59436
1.60044
1.60035
1.59318
1.58229
1.57301
1.5692
1.57094
1.5753
1.57852
1.57752
1.57034
1.55602
1.53532
1.51138
1.48981
1.4765
1.47493
1.48456
1.50172
1.52148
1.53929
1.55165
1.55664
1.55453
1.54808
1.54174
1.53944
1.54172
1.54478
1.54417
1.5402
1.53798
1.54109
1.54786
1.5541
1.55737
1.55846
1.5601
1.56509
1.57446
1.58704
1.60018
1.61146
1.61975
1.62539
1.62962
1.63453
1.64243
1.65433
1.66793
1.67887
1.68385
1.68193
1.67405
1.66196
1.64817
1.63569
1.62665
1.6211
1.61766
1.61525
1.61409
1.61465
1.61607
1.61604
1.61232
1.60447
1.59484
1.58817
1.58942
1.60041
1.61811
1.63698
1.65232
1.66071
1.65919
1.64658
1.62552
1.602
1.58204
1.56896
1.56353
1.56441
1.56818
1.5709
1.57105
1.57065
1.57265
1.57717
1.58069
1.58034
1.58028
1.58776
1.59929
1.60622
1.60882
1.61244
1.61873
1.62465
1.62517
1.6167
1.59875
1.57426
1.54837
1.52432
1.50198
1.48241
1.47011
1.4696
1.48081
1.49969
1.5228
1.54906
1.57769
1.6061
1.63001
1.64514
1.64898
1.64181
1.62726
1.61219
1.60313
1.60071
1.60023
1.5976
1.59225
1.5853
1.57689
1.56622
1.55383
1.54312
1.53832
1.54144
1.55162
1.56598
1.58061
1.59093
1.59236
1.582
1.56078
1.534
1.50984
1.49595
1.49593
1.50889
1.532
1.56143
1.59298
1.62353
1.65062
1.67114
1.68184
1.68157
1.67235
1.659
1.64772
1.64391
1.64995
1.66339
1.67813
1.68849
1.69278
1.69329
1.6925
1.68935
1.68052
1.66522
1.64739
1.63278
1.62463
1.62277
1.62518
1.62928
1.63256
1.63342
1.63168
1.62674
1.61623
1.59827
1.57468
1.55091
1.53331
1.52647
1.53152
1.54559
1.56367
1.58116
1.59545
1.60561
1.61113
1.61117
1.60443
1.58941
1.56592
1.53695
1.50964
1.49307
1.49207
1.5026
1.5146
1.51913
1.51352
1.50142
1.48811
1.4757
1.46399
1.4562
1.46028
1.48227
1.51902
1.55874
1.58816
1.60021
1.59925
1.59887
1.60737
1.61991
1.62838
1.62879
1.62064
1.60481
1.58207
1.55377
1.52419
1.50214
1.49766
1.51475
1.54749
1.58439
1.61628
1.64003
1.65686
1.66844
1.67471
1.67397
1.66501
1.6488
1.62898
1.61028
1.59634
1.58899
1.58815
1.59252
1.60046
1.61042
1.62077
1.62941
1.63428
1.63425
1.62973
1.62306
1.61777
1.61656
1.61902
1.62182
1.62166
1.61837
1.61429
1.61129
1.60919
1.60693
1.60384
1.60006
1.59702
1.59736
1.60289
1.61264
1.62217
1.62563
1.61763
1.59579
1.56626
1.54886
1.56303
1.60285
1.64612
1.67724
1.68991
1.68354
1.66157
1.63022
1.59629
1.56515
1.54006
1.52311
1.51615
1.52058
1.53549
1.55658
1.5772
1.59146
1.59654
1.59295
1.58358
1.57279
1.56522
1.56423
1.57057
1.58224
1.59609
1.60932
1.62061
1.62995
1.6377
1.64358
1.64629
1.644
1.63613
1.62473
1.61419
1.60869
1.60985
1.61696
1.62869
1.64355
1.65961
1.67407
1.68372
1.68594
1.68001
1.66737
1.65126
1.63515
1.62085
1.6079
1.5954
1.58406
1.57608
1.57336
1.57636
1.58386
1.59369
1.60382
1.6128
1.61925
1.62122
1.61653
1.60393
1.58446
1.56218
1.54407
1.5378
1.54818
1.5741
1.60863
1.64211
1.66628
1.67735
1.67671
1.66921
1.66057
1.65561
1.65732
1.66607
1.67896
1.69102
1.69791
1.69797
1.69225
1.68344
1.67461
1.66787
1.66345
1.66026
1.65739
1.65519
1.65556
1.65994
1.66756
1.67615
1.6848
1.69471
1.70777
1.7246
1.74376
1.76226
1.77654
1.783
1.77835
1.76033
1.72879
1.68646
1.6383
1.58967
1.54422
1.50402
1.47194
1.45319
1.45192
1.46644
1.48937
1.51234
1.52983
1.54013
1.54437
1.54489
1.54307
1.53826
1.52897
1.51651
1.50659
1.50609
1.51792
1.53817
1.55897
1.5741
1.58252
1.5882
1.59626
1.60823
1.62046
1.62802
1.62885
1.62449
1.61865
1.61586
1.61979
1.63066
1.64426
1.65519
1.66092
1.66261
1.66267
1.66105
1.65443
1.63877
1.61314
1.58188
1.55424
1.53999
1.54198
1.5541
1.56791
1.57857
1.58523
1.58917
1.59173
1.59284
1.59127
1.58577
1.57559
1.55987
1.53778
1.51006
1.48028
1.45417
1.43767
1.43625
1.45378
1.48873
1.53336
1.57862
1.61862
1.65094
1.67498
1.6905
1.69736
1.69607
1.68856
1.67806
1.66732
1.65661
1.64367
1.62614
1.60452
1.58332
1.56801
1.56043
1.55794
1.55718
1.55723
1.55875
1.56223
1.56728
1.57267
1.57643
1.57649
1.5711
1.55905
1.54034
1.5169
1.49303
1.47485
1.4686
1.47764
1.49953
1.52735
1.55339
1.57225
1.58243
1.5859
1.58673
1.58868
1.59316
1.5987
1.6024
1.60176
1.59588
1.58537
1.572
1.55797
1.5452
1.53577
1.53235
1.53705
1.54866
1.56203
1.57102
1.57218
1.56629
1.55788
1.55334
1.5571
1.56847
1.58194
1.59076
1.59056
1.58176
1.56985
1.56313
1.56698
1.57964
1.5945
1.60643
1.6149
1.62296
1.63356
1.64658
1.6588
1.66589
1.66443
1.65267
1.63062
1.5995
1.56148
1.52126
1.48639
1.46393
1.45689
1.46429
1.48326
1.50962
1.53792
1.56258
1.57987
1.5888
1.59095
1.58952
1.58858
1.5923
1.60265
1.6177
1.63278
1.64339
1.64725
1.64366
1.63209
1.6113
1.57991
1.53814
1.48921
1.43975
1.39857
1.37456
1.37317
1.39259
1.42418
1.45801
1.48736
1.50953
1.52437
1.53234
1.53386
1.53085
1.52741
1.52709
1.52976
1.53358
1.53877
1.54712
1.55882
1.57173
1.58367
1.59404
1.60361
1.61274
1.62062
1.62634
1.63031
1.63397
1.63814
1.64192
1.64253
1.63657
1.62236
1.60167
1.57934
1.56001
1.54526
1.53527
1.53243
1.53727
1.54266
1.54074
1.53147
1.52106
1.51547
1.51689
1.52431
1.53701
1.55724
1.58712
1.62277
1.65599
1.68113
1.69789
1.70978
1.72186
1.73811
1.75862
1.77858
1.79153
1.79313
1.78259
1.76143
1.73244
1.69896
1.66461
1.63286
1.60657
1.58922
1.58405
1.58827
1.5917
1.58559
1.56892
1.54648
1.52543
1.51383
1.51773
1.53703
1.56539
1.59456
1.61832
1.63334
1.6386
1.63452
1.62272
1.60553
1.58544
1.56446
1.54421
1.52714
1.51692
1.51746
1.53001
1.55142
1.57568
1.59657
1.60909
1.61007
1.59898
1.57893
1.55654
1.53998
1.53553
1.5438
1.55908
1.57271
1.57822
1.57467
1.566
1.55685
1.54886
1.54095
1.53339
1.53023
1.53743
1.55717
1.58519
1.61394
1.63776
1.65473
1.66545
1.67135
1.6738
1.67418
1.67374
1.67348
1.67379
1.67437
1.67486
1.67505
1.67451
1.67248
1.66832
1.66222
1.65501
1.64662
1.63516
1.61875
1.59828
1.57784
1.56169
1.55114
1.54522
1.54315
1.5459
1.55509
1.56998
1.58737
1.60449
1.62083
1.63727
1.65457
1.67221
1.68842
1.70065
1.70625
1.70312
1.69001
1.66793
1.6413
1.61685
1.60086
1.59686
1.60486
1.62162
1.64129
1.65742
1.66468
1.65977
1.64226
1.61586
1.58808
1.56682
1.55687
1.55868
1.56851
1.58018
1.58781
1.58774
1.57916
1.56387
1.54543
1.52818
1.51636
1.51338
1.52081
1.53711
1.55791
1.5777
1.59181
1.59775
1.59607
1.59005
1.58361
1.57854
1.57373
1.56722
1.55855
1.54953
1.54317
1.54184
1.54608
1.55467
1.56545
1.57628
1.5848
1.5883
1.5839
1.56998
1.54783
1.52209
1.49906
1.48334
1.47532
1.47128
1.46644
1.45829
1.44825
1.4411
1.44254
1.45691
1.48542
1.52561
1.57174
1.61657
1.65393
1.67994
1.69343
1.69574
1.68967
1.67813
1.66273
1.64381
1.62097
1.59392
1.56387
1.53445
1.51047
1.49555
1.49092
1.49647
1.51183
1.53549
1.56311
1.58808
1.60405
1.60757
1.59943
1.58488
1.57172
1.56581
1.56783
1.5744
1.58179
1.58849
1.59591
1.607
1.62363
1.64417
1.66347
1.67552
1.67638
1.66544
1.64504
1.61949
1.59343
1.57041
1.55296
1.54363
1.5446
1.55631
1.57602
1.59738
1.6133
1.61982
1.617
1.60696
1.59198
1.57332
1.55128
1.52696
1.50538
1.49688
1.5095
1.53972
1.57606
1.6084
1.63094
1.64191
1.6424
1.63555
1.62546
1.61581
1.60855
1.60319
1.59742
1.58927
1.57885
1.56851
1.56097
1.55654
1.55251
1.54652
1.54041
1.53972
1.54879
1.56723
1.59066
1.61352
1.63078
1.63997
1.64238
1.64152
1.63898
1.63364
1.62487
1.61421
1.60359
1.59347
1.58296
1.57166
1.56046
1.55083
1.54414
1.54257
1.54997
1.56942
1.59754
1.62525
1.6452
1.65493
1.65502
1.64745
1.63507
1.62105
1.60847
1.60005
1.59653
1.59542
1.5926
1.58608
1.57763
1.57143
1.57109
1.57751
1.58864
1.60063
1.60921
1.61069
1.60284
1.58587
1.56344
1.5423
1.53003
1.53145
1.54664
1.57128
1.59812
1.61947
1.63029
1.63004
1.6216
1.60886
1.59469
1.5803
1.56587
1.55108
1.53581
1.52121
1.51041
1.50727
1.51321
1.52559
1.53942
1.55001
1.55441
1.55153
1.54235
1.53051
1.52191
1.52224
1.53417
1.55619
1.5837
1.61115
1.63372
1.64812
1.65297
1.6489
1.63743
1.61906
1.59297
1.55898
1.52033
1.48338
1.45415
1.43563
1.42822
1.43142
1.44458
1.46684
1.49595
1.52768
1.55723
1.58084
1.59599
1.60158
1.59943
1.59566
1.59787
1.60884
1.62492
1.64055
1.65127
1.65381
1.64569
1.62531
1.59307
1.5524
1.50935
1.47133
1.4461
1.43915
1.44902
1.46803
1.48837
1.50579
1.5191
1.52873
1.5357
1.54082
1.54456
1.54744
1.55121
1.55817
1.56893
1.58151
1.59374
1.60535
1.6167
1.62632
1.63175
1.63275
1.63321
1.63888
1.65241
1.67067
1.68701
1.69475
1.68937
1.6695
1.63841
1.60477
1.57903
1.56631
1.56283
1.5613
1.55911
1.55968
1.56647
1.57822
1.59078
1.60129
1.60982
1.61852
1.62955
1.6426
1.65425
1.65962
1.65486
1.63892
1.61403
1.58568
1.56126
1.54765
1.54802
1.55958
1.57589
1.59052
1.59909
1.59904
1.58944
1.57128
1.54769
1.52309
1.50212
1.48885
1.48639
1.49631
1.51797
1.54864
1.58423
1.6204
1.65321
1.67964
1.69755
1.70583
1.70476
1.69632
1.6837
1.67017
1.6577
1.64636
1.63485
1.62129
1.60447
1.58471
1.56443
1.54777
1.53856
1.53815
1.54508
1.55648
1.56856
1.57757
1.58136
1.58044
1.57756
1.5755
1.57492
1.5742
1.57125
1.56507
1.55604
1.54503
1.53244
1.51809
1.5021
1.48541
1.4699
1.45869
1.45662
1.46879
1.49637
1.53423
1.57398
1.60757
1.62891
1.63475
1.62529
1.60339
1.57402
1.54367
1.51955
1.50728
1.5087
1.5212
1.53954
1.55839
1.57464
1.58833
1.60114
1.61383
1.62566
1.63532
1.64128
1.6423
1.63841
1.63112
1.62243
1.61422
1.60877
1.60879
1.61634
1.63078
1.64841
1.66408
1.67301
1.67189
1.65919
1.63554
1.6036
1.56757
1.53256
1.50349
1.48391
1.47529
1.47711
1.48752
1.50391
1.52277
1.5399
1.55125
1.55476
1.55226
1.55038
1.55752
1.57515
1.59523
1.60952
1.6154
1.6139
1.60739
1.5996
1.59581
1.60063
1.61488
1.6343
1.6516
1.6603
1.65821
1.64874
1.63798
1.62881
1.61973
1.61023
1.60334
1.60243
1.60783
1.61655
1.62372
1.62314
1.60944
1.58205
1.54824
1.52039
1.50769
1.51074
1.52544
1.54824
1.57636
1.6065
1.63499
1.65902
1.67709
1.68869
1.69362
1.69174
1.68275
1.66682
1.64504
1.61995
1.5951
1.5742
1.55985
1.55303
1.5539
1.56223
1.57722
1.5971
1.61917
1.64067
1.65933
1.6733
1.68124
1.68203
1.67496
1.66005
1.63832
1.61183
1.5834
1.55655
1.53452
1.51822
1.50639
1.49874
1.49736
1.5045
1.52047
1.54249
1.56503
1.58134
1.5857
1.57622
1.55808
1.5432
1.54175
1.55268
1.56671
1.57635
1.57912
1.57633
1.57126
1.56772
1.56983
1.58157
1.6054
1.63913
1.67537
1.70583
1.7261
1.73648
1.73938
1.73679
1.72907
1.71544
1.69515
1.66853
1.63762
1.60622
1.57945
1.56217
1.55666
1.56121
1.57054
1.57846
1.58026
1.57459
1.56383
1.55242
1.54389
1.53888
1.53704
1.53887
1.54619
1.56017
1.57887
1.59722
1.60978
1.6134
1.60798
1.59568
1.57991
1.56445
1.55361
1.55109
1.55708
1.56841
1.58187
1.59522
1.60576
1.61032
1.6074
1.59923
1.59121
1.58821
1.59132
1.59828
1.60563
1.60984
1.60801
1.599
1.58463
1.56944
1.55851
1.55509
1.55946
1.56873
1.5783
1.58363
1.58168
1.57166
1.55466
1.53252
1.50729
1.48154
1.45987
1.44938
1.45638
1.48041
1.51328
1.54618
1.57529
1.60171
1.62795
1.65476
1.68017
1.70075
1.71338
1.71603
1.70824
1.6911
1.66651
1.63646
1.60345
1.57093
1.542
1.51684
1.49149
1.46049
1.42229
1.38315
1.35468
1.34459
1.35161
1.37025
1.39649
1.42855
1.46526
1.50473
1.54384
1.57867
1.60603
1.62447
1.63452
1.63794
1.63636
1.63041
1.62092
1.61188
1.61095
1.62317
1.64424
1.66466
1.67748
1.68064
1.67552
1.66559
1.65515
1.64804
1.64606
1.64899
1.6556
1.66492
1.67607
1.68723
1.69556
1.69802
1.69235
1.67794
1.65615
1.63024
1.60499
1.58516
1.57389
1.5715
1.5761
1.58521
1.59691
1.61015
1.62456
1.6397
1.65405
1.6647
1.66857
1.66434
1.65349
1.64
1.62842
1.62141
1.61838
1.61597
1.61037
1.59938
1.58326
1.56479
1.54749
1.53363
1.52426
1.51996
1.52056
1.52473
1.53065
1.53639
1.54062
1.54351
1.54728
1.55548
1.57084
1.59255
1.6158
1.63434
1.64333
1.64053
1.62698
1.6084
1.59324
1.58638
1.58619
1.58934
1.59432
1.60063
1.60687
1.6109
1.61068
1.60478
1.59256
1.57471
1.55374
1.53449
1.52255
1.52135
1.53051
1.54833
1.57341
1.60276
1.63122
1.65405
1.66856
1.67397
1.67055
1.65923
1.64176
1.62059
1.59881
1.57975
1.56615
1.55941
1.55903
1.56288
1.5676
1.57042
1.5724
1.57956
1.59567
1.61463
1.62608
1.62474
1.6116
1.59072
1.56651
1.54222
1.51985
1.5013
1.48966
1.48865
1.50033
1.52239
1.54746
1.56732
1.58091
1.59788
1.62676
1.66209
1.69173
1.70793
1.70817
1.69328
1.66736
1.63856
1.61705
1.60965
1.61533
1.6271
1.63719
1.64083
1.63744
1.62959
1.62017
1.61039
1.60017
1.58962
1.58018
1.57431
1.57403
1.57926
1.5877
1.59648
1.60411
1.61073
1.61738
1.62508
1.63464
1.64602
1.65788
1.6688
1.67905
1.68963
1.69877
1.7018
1.69482
1.67725
1.65183
1.62343
1.59798
1.58033
1.57145
1.56702
1.56102
1.55013
1.53465
1.51754
1.50355
1.49659
1.4957
1.49465
1.48634
1.46657
1.43512
1.39563
1.35563
1.32497
1.31178
1.31912
1.34527
1.38567
1.4337
1.48222
1.52581
1.56245
1.59318
1.61983
1.64297
1.66159
1.67451
1.68107
1.68081
1.67278
1.65562
1.6288
1.59394
1.55562
1.52149
1.49996
1.49435
1.50013
1.50993
1.51965
1.52996
1.54333
1.5598
1.57559
1.58607
1.58898
1.58572
1.58055
1.57868
1.58339
1.59381
1.60513
1.61107
1.60757
1.59637
1.58593
1.58626
1.60053
1.62353
1.64787
1.66855
1.6835
1.6922
1.69477
1.69163
1.68297
1.66883
1.64987
1.62829
1.60771
1.59113
1.579
1.56897
1.55749
1.54197
1.52184
1.49863
1.47596
1.45922
1.45423
1.46437
1.48796
1.51893
1.55001
1.5753
1.59178
1.59904
1.59889
1.59449
1.58946
1.58685
1.58863
1.59543
1.60635
1.61874
1.62869
1.63255
1.6276
1.61135
1.58167
1.53937
1.49291
1.45942
1.45303
1.47013
1.49588
1.52061
1.5421
1.55948
1.57081
1.57434
1.57054
1.56238
1.55393
1.54764
1.54244
1.53469
1.52215
1.50806
1.50036
1.50575
1.52536
1.55509
1.5888
1.62135
1.65049
1.67624
1.69892
1.71786
1.7313
1.73708
1.7333
1.71885
1.69439
1.66328
1.63111
1.60185
1.57546
1.5522
1.5358
1.52867
1.52732
1.52501
1.5182
1.51057
1.5093
1.51554
1.5227
1.52615
1.52992
1.54199
1.56298
1.58501
1.60113
1.60945
1.61159
1.61243
1.61894
1.63522
1.65768
1.67697
1.6849
1.6785
1.65885
1.62845
1.59119
1.55363
1.52439
1.5097
1.50971
1.52045
1.53943
1.5679
1.60516
1.64281
1.66989
1.68106
1.67727
1.66165
1.63747
1.60988
1.58684
1.57395
1.56783
1.55948
1.54291
1.51838
1.49049
1.46498
1.44829
1.44759
1.46654
1.50175
1.54534
1.5897
1.62953
1.66146
1.68381
1.69612
1.69881
1.69324
1.68191
1.66834
1.65635
1.64873
1.64661
1.64963
1.65657
1.665
1.67133
1.67212
1.66554
1.6526
1.63686
1.62263
1.61289
1.60914
1.61238
1.62337
1.64103
1.6617
1.6802
1.69233
1.69699
1.69648
1.69506
1.69678
1.70277
1.71028
1.71428
1.70989
1.69366
1.66419
1.62332
1.57709
1.53421
1.50204
1.48239
1.47245
1.47057
1.47942
1.50088
1.53028
1.56006
1.5846
1.60135
1.61048
1.61465
1.61753
1.62131
1.62526
1.6271
1.6253
1.6204
1.61466
1.61081
1.61012
1.61253
1.61801
1.62684
1.63765
1.64691
1.65155
1.6515
1.64908
1.64662
1.64436
1.64018
1.63074
1.61321
1.58761
1.55831
1.53329
1.51949
1.51847
1.52674
1.53981
1.55476
1.57025
1.58524
1.59843
1.60913
1.61826
1.62827
1.641
1.65526
1.66727
1.67254
1.66752
1.65089
1.62426
1.59178
1.55866
1.53023
1.51247
1.51131
1.52776
1.55552
1.58632
1.61463
1.63712
1.65208
1.65941
1.6603
1.6555
1.64396
1.6233
1.59248
1.55575
1.52471
1.51246
1.52132
1.54199
1.56474
1.58542
1.60373
1.62032
1.63489
1.64573
1.65067
1.64833
1.63933
1.62668
1.61476
1.60702
1.60442
1.60579
1.60897
1.61088
1.608
1.59862
1.58475
1.57142
1.56383
1.56424
1.57129
1.58244
1.59607
1.61163
1.62805
1.6433
1.65592
1.66579
1.67341
1.67807
1.6785
1.67411
1.66569
1.65436
1.64043
1.62326
1.60305
1.58228
1.56556
1.55723
1.55888
1.56885
1.58451
1.60432
1.6276
1.65241
1.67448
1.68919
1.69474
1.69298
1.68815
1.68424
1.68265
1.68202
1.67949
1.67189
1.6567
1.63292
1.60186
1.56685
1.53222
1.50198
1.47869
1.46287
1.45398
1.45167
1.45587
1.46702
1.4857
1.51123
1.53999
1.56622
1.58486
1.59383
1.59546
1.59589
1.60143
1.61266
1.62397
1.62924
1.62574
1.61365
1.5946
1.57069
1.54433
1.51834
1.49577
1.47798
1.46369
1.45044
1.43783
1.42907
1.429
1.43941
1.45669
1.4749
1.4896
1.4989
1.50289
1.50308
1.50228
1.50363
1.5091
1.51868
1.53107
1.54435
1.55581
1.56205
1.55978
1.54742
1.52645
1.50213
1.48324
1.47956
1.49608
1.52866
1.56676
1.60043
1.62435
1.63722
1.64028
1.63634
1.62911
1.62185
1.61587
1.61016
1.60273
1.59302
1.58266
1.57237
1.55977
1.54267
1.52382
1.51146
1.51429
1.53345
1.56019
1.58384
1.59944
1.60709
1.60834
1.60499
1.59999
1.59705
1.59843
1.60384
1.61177
1.62059
1.62833
1.63336
1.63469
1.63235
1.62708
1.62008
1.61281
1.60628
1.60062
1.59495
1.58803
1.57893
1.56784
1.5567
1.54901
1.5477
1.55195
1.55689
1.55724
1.55214
1.54776
1.55347
1.57316
1.6009
1.62626
1.64096
1.64091
1.62466
1.59255
1.54816
1.50065
1.46458
1.45362
1.47083
1.50726
1.55034
1.59033
1.62142
1.64114
1.6499
1.64936
1.6408
1.62497
1.60357
1.58053
1.56121
1.55076
1.55259
1.56596
1.58442
1.59856
1.60231
1.59571
1.58327
1.57074
1.56236
1.55932
1.55957
1.55929
1.5546
1.54345
1.52659
1.50775
1.49247
1.48627
1.49281
1.51268
1.54331
1.57951
1.61519
1.64511
1.66604
1.67693
1.67883
1.67389
1.66441
1.65169
1.63592
1.61714
1.59799
1.5842
1.57938
1.58028
1.58186
1.5828
1.58393
1.58513
1.58508
1.58324
1.58077
1.57826
1.57357
1.56347
1.54769
1.52947
1.51352
1.50576
1.51319
1.53854
1.57551
1.61307
1.64297
1.66174
1.66927
1.66671
1.65587
1.63918
1.62014
1.6036
1.59427
1.59336
1.59749
1.60151
1.6017
1.59639
1.58503
1.56776
1.54643
1.52484
1.50763
1.49791
1.49573
1.4986
1.50316
1.50707
1.50997
1.51268
1.51619
1.52072
1.52581
1.53076
1.53531
1.54063
1.54937
1.56328
1.58038
1.59535
1.60308
1.6016
1.59253
1.57901
1.56331
1.546
1.52768
1.51049
1.4974
1.49061
1.49062
1.49605
1.50392
1.51118
1.51624
1.51873
1.51842
1.51613
1.51559
1.52195
1.53645
1.55493
1.57232
1.58593
1.59533
1.60148
1.606
1.60997
1.61299
1.61325
1.60868
1.59875
1.5854
1.5725
1.56377
1.56089
1.56328
1.56969
1.57921
1.59071
1.6024
1.61256
1.62051
1.62687
1.63324
1.64111
1.64988
1.65672
1.65863
1.65454
1.64543
1.63393
1.6237
1.61844
1.61948
1.62439
1.62958
1.63499
1.64462
1.6606
1.67798
1.68794
1.68543
1.67216
1.65424
1.63836
1.62933
1.62785
1.62999
1.62917
1.6206
1.60399
1.58331
1.56454
1.55219
1.54689
1.54611
1.54721
1.54969
1.55477
1.56269
1.57119
1.57722
1.57958
1.57958
1.5799
1.58275
1.58883
1.597
1.60448
1.60753
1.60316
1.59154
1.57682
1.56405
1.5553
1.54993
1.54746
1.54823
1.55236
1.55905
1.5666
1.57295
1.57649
1.57682
1.57485
1.5721
1.56943
1.56594
1.55961
1.5487
1.53321
1.51589
1.50224
1.49754
1.50309
1.51631
1.53371
1.55274
1.57108
1.58609
1.59545
1.5981
1.59435
1.58553
1.57319
1.55857
1.5425
1.52579
1.50941
1.49413
1.48085
1.47151
1.46865
1.47345
1.48439
1.49809
1.51184
1.52513
1.53868
1.55231
1.56343
1.56807
1.56391
1.55204
1.5368
1.52351
1.51591
1.5143
1.51589
1.5178
1.51954
1.52288
1.52965
1.53958
1.54951
1.55465
1.55096
1.53788
1.51993
1.50546
1.50104
1.50694
1.51867
1.53222
1.54651
1.56201
1.57816
1.59221
1.60131
1.60572
1.60919
1.61514
1.62313
1.62971
1.63192
1.6289
1.62102
1.608
1.58892
1.56491
1.54186
1.52837
1.52911
1.54192
1.56116
1.58067
1.5949
1.60053
1.59774
1.58997
1.58215
1.57827
1.5793
1.58306
1.58583
1.58449
1.57816
1.5687
1.55976
1.55509
1.55634
1.56231
1.56977
1.57556
1.57847
1.57958
1.58049
1.58154
1.5807
1.57493
1.56243
1.54402
1.52319
1.50438
1.49056
1.48244
1.47965
1.48169
1.48718
1.49368
1.49945
1.50488
1.51161
1.52029
1.52987
1.53856
1.54486
1.54756
1.5457
1.5388
1.52692
1.51112
1.49518
1.48589
1.48862
1.5026
1.52247
1.54327
1.5622
1.57732
1.58651
1.58844
1.58463
1.58075
1.58415
1.59922
1.62462
1.65421
1.68024
1.69624
1.69856
1.68669
1.66261
1.62949
1.59131
1.55352
1.52305
1.50572
1.50283
1.51055
1.52351
1.53873
1.55534
1.57146
1.58327
1.58703
1.58135
1.56769
1.54972
1.53238
1.52077
1.51869
1.527
1.54329
1.56377
1.58543
1.60659
1.62614
1.64292
1.65556
1.66281
1.664
1.65942
1.65016
1.6379
1.62435
1.61117
1.60017
1.59322
1.59159
1.59525
1.6029
1.61219
1.62033
1.62482
1.62412
1.61786
1.60725
1.59503
1.58446
1.57747
1.57381
1.57204
1.5713
1.57179
1.57426
1.57911
1.58582
1.59266
1.59693
1.59639
1.59035
1.5802
1.56937
1.56232
1.5628
1.57231
1.58986
1.61287
1.63797
1.66153
1.6803
1.69213
1.69636
1.69329
1.68299
1.66656
1.65152
1.64967
1.6589
1.66252
1.64938
1.61936
1.579
1.53836
1.507
1.48915
1.48388
1.48857
1.49988
1.51379
1.52663
1.53616
1.54192
1.54468
1.54588
1.54701
1.54971
1.55596
1.56791
1.58642
1.60995
1.63481
1.65672
1.67249
1.68086
1.68199
1.6767
1.66614
1.65183
1.63581
1.62027
1.60683
1.59618
1.58801
1.58094
1.57283
1.5619
1.54838
1.53498
1.52502
1.51938
1.51636
1.51361
1.50952
1.50367
1.49789
1.49659
1.50465
1.52396
1.55168
1.58122
1.60522
1.61839
1.61922
1.60994
1.59482
1.57808
1.56261
1.55004
1.54151
1.53808
1.53958
1.54364
1.54667
1.54604
1.54151
1.53492
1.52819
1.52145
1.51246
1.49859
1.4799
1.46064
1.44764
1.44743
1.46336
1.49363
1.53154
1.56885
1.59931
1.61999
1.63112
1.63519
1.63559
1.63521
1.63544
1.63596
1.63539
1.63266
1.62788
1.62232
1.61768
1.61472
1.61252
1.60891
1.60192
1.59101
1.57742
1.56373
1.55305
1.54804
1.54993
1.55825
1.57161
1.5888
1.60895
1.63067
1.65119
1.66733
1.67715
1.68055
1.67855
1.67247
1.66364
1.65376
1.64472
1.63759
1.6319
1.62595
1.61849
1.60922
1.59876
1.58772
1.57622
1.56391
1.55031
1.53512
1.51876
1.50258
1.48848
1.47842
1.47394
1.47523
1.47979
1.48319
1.48238
1.47852
1.47576
1.47729
1.48297
1.48998
1.49526
1.49784
1.49952
1.50319
1.51067
1.52129
1.53226
1.53984
1.54051
1.53168
1.51248
1.4854
1.45877
1.44539
1.45276
1.47517
1.50056
1.52067
1.53297
1.5384
1.53948
1.53921
1.53936
1.54024
1.54257
1.54798
1.55602
1.56334
1.567
1.567
1.56634
1.56986
1.58188
1.60381
1.63338
1.66583
1.69586
1.71922
1.73375
1.73952
1.73826
1.73263
1.72506
1.71675
1.70722
1.69576
1.68341
1.67361
1.66934
1.6701
1.67263
1.6738
1.67162
1.66507
1.65447
1.6421
1.63204
1.62839
1.63257
1.64226
1.65242
1.65761
1.65436
1.64202
1.62258
1.59992
1.57889
1.56356
1.55545
1.55275
1.55178
1.54949
1.54556
1.54274
1.5456
1.55787
1.57984
1.60675
1.62991
1.64031
1.63348
1.61211
1.58398
1.55456
1.52305
1.48768
1.45269
1.431
1.43729
1.47015
1.51146
1.54596
1.5686
1.57953
1.58031
1.57308
1.56084
1.54728
1.53649
1.53219
1.53663
1.54916
1.5664
1.58403
1.59877
1.60946
1.61713
1.62385
1.63135
1.63979
1.64752
1.65142
1.64818
1.63629
1.61693
1.59313
1.56751
1.54042
1.51142
1.48331
1.46344
1.45978
1.47502
1.50501
1.54152
1.57549
1.59993
1.61183
1.61208
1.60363
1.58961
1.57391
1.56418
1.57071
1.59586
1.62808
1.65259
1.66346
1.6648
1.66451
1.66722
1.67187
1.67443
1.67144
1.6617
1.64622
1.62763
1.60925
1.59479
1.58796
1.59101
1.60297
1.61983
1.6369
1.65103
1.66103
1.66683
1.6686
1.66645
1.66063
1.65197
1.64112
1.62801
1.6126
1.59652
1.58238
1.57122
1.56162
1.55238
1.54461
1.5408
1.54204
1.54649
1.55032
1.54975
1.54272
1.52913
1.51165
1.49618
1.48999
1.49782
1.5196
1.55153
1.58834
1.62464
1.65584
1.67884
1.69242
1.69714
1.69437
1.68536
1.67125
1.65404
1.6368
1.62283
1.61426
1.61084
1.61025
1.61015
1.61053
1.61355
1.62139
1.63416
1.64996
1.66557
1.67758
1.68291
1.67995
1.66986
1.65688
1.64645
1.6416
1.64023
1.63606
1.623
1.60012
1.574
1.55249
1.53678
1.52309
1.50897
1.49471
1.48145
1.47005
1.46109
1.4549
1.45103
1.44816
1.44452
1.43906
1.43203
1.42503
1.42007
1.41911
1.42433
1.43867
1.46453
1.50038
1.53897
1.57066
1.58836
1.58973
1.57654
1.55306
1.52512
1.49953
1.48328
1.48192
1.49714
1.52519
1.55868
1.59005
1.61397
1.62872
1.63675
1.64361
1.65412
1.66853
1.68241
1.69011
1.68842
1.67893
1.66663
1.6548
1.64253
1.62836
1.61396
1.60301
1.59822
1.59954
1.60514
1.61236
1.61787
1.61808
1.61103
1.59797
1.58244
1.56848
1.55983
1.55954
1.569
1.58606
1.60497
1.61908
1.62449
1.62187
1.6153
1.60912
1.60533
1.60342
1.60158
1.59747
1.58852
1.57237
1.54788
1.51621
1.48108
1.44748
1.42072
1.40614
1.40805
1.42624
1.454
1.4818
1.50215
1.51135
1.50972
1.50171
1.49371
1.48993
1.49046
1.49304
1.49516
1.49523
1.49302
1.48999
1.4887
1.49178
1.50065
1.51482
1.53239
1.55085
1.56794
1.58255
1.59513
1.60729
1.62047
1.6346
1.64747
1.65562
1.65618
1.64866
1.63532
1.6205
1.60912
1.60426
1.60519
1.60816
1.60925
1.60598
1.59754
1.58459
1.56909
1.55239
1.53339
1.50976
1.48181
1.45434
1.43543
1.43244
1.44771
1.47536
1.50455
1.52703
1.53991
1.54396
1.54181
1.5372
1.53426
1.53688
1.54778
1.56772
1.5948
1.62462
1.65171
1.67154
1.68163
1.68157
1.67288
1.6586
1.64214
1.62594
1.61131
1.60019
1.59628
1.6029
1.61991
1.64307
1.66623
1.68364
1.69114
1.68697
1.6726
1.65287
1.63425
1.62201
1.61751
1.61715
1.6144
1.60496
1.59013
1.57746
1.57699
1.59359
1.62344
1.65831
1.6902
1.71263
1.72125
1.71468
1.69635
1.67466
1.65785
1.6483
1.64335
1.63961
1.63492
1.62785
1.61766
1.6042
1.58765
1.56846
1.54824
1.52947
1.51412
1.5033
1.49773
1.49795
1.50393
1.51484
1.52883
1.54264
1.55224
1.55453
1.54961
1.54149
1.5361
1.53724
1.54372
1.55043
1.5526
1.54942
1.54441
1.54279
1.54706
1.55531
1.56375
1.57126
1.58007
1.59206
1.60477
1.61209
1.60798
1.58967
1.55928
1.52489
1.49978
1.49338
1.50091
1.50972
1.51258
1.51009
1.50672
1.50719
1.51446
1.52934
1.5505
1.57459
1.59692
1.6129
1.61912
1.61342
1.59533
1.56699
1.53431
1.50587
1.48978
1.49058
1.50761
1.53473
1.56308
1.58735
1.6088
1.63022
1.64863
1.65759
1.65335
1.63644
1.60973
1.57658
1.54
1.50334
1.47247
1.4552
1.45534
1.46856
1.48618
1.50048
1.50793
1.51023
1.51288
1.52158
1.53825
1.55927
1.57769
1.58751
1.58665
1.57761
1.56608
1.55804
1.55644
1.56075
1.5696
1.58253
1.5997
1.62089
1.64502
1.66994
1.69268
1.71027
1.72061
1.72306
1.71837
1.70762
1.69122
1.66837
1.63852
1.60389
1.57079
1.54619
1.53216
1.52561
1.52311
1.5232
1.52492
1.52676
1.52836
1.53302
1.54493
1.56341
1.58293
1.59752
1.60368
1.60127
1.59301
1.58385
1.57848
1.57763
1.57743
1.57329
1.56387
1.55213
1.54366
1.54302
1.55011
1.56101
1.5737
1.59067
1.61319
1.63565
1.65042
1.65416
1.64783
1.63362
1.61389
1.59225
1.57446
1.56673
1.57157
1.58631
1.60529
1.62364
1.63847
1.649
1.65607
1.66183
1.66882
1.67824
1.68885
1.69824
1.70508
1.71018
1.71513
1.72047
1.72501
1.72716
1.7259
1.72081
1.71155
1.69778
1.67974
1.65927
1.63949
1.62284
1.6096
1.59929
1.59322
1.59436
1.60364
1.61768
1.62999
1.63585
1.63539
1.63107
1.62356
1.61135
1.59269
1.56636
1.53198
1.49142
1.45193
1.42582
1.42257
1.44105
1.47253
1.50762
1.53929
1.56379
1.58079
1.59219
1.60079
1.60979
1.62207
1.63867
1.65702
1.67133
1.67601
1.67185
1.66845
1.67286
1.67902
1.67819
1.66922
1.65605
1.6429
1.63265
1.62576
1.62015
1.61371
1.6058
1.59543
1.58059
1.56106
1.53995
1.52328
1.5168
1.52268
1.53944
1.56422
1.59401
1.62515
1.65348
1.67517
1.68718
1.68782
1.67724
1.65828
1.63661
1.61929
1.61194
1.61585
1.62666
1.63639
1.63822
1.63013
1.6141
1.59275
1.56663
1.53527
1.50122
1.4727
1.45779
1.45676
1.4663
1.48657
1.51675
1.55121
1.58379
1.61131
1.63313
1.64943
1.66051
1.66607
1.66494
1.65548
1.63681
1.61055
1.58228
1.56123
1.55601
1.56828
1.59115
1.61417
1.62924
1.63351
1.62861
1.61834
1.60647
1.59583
1.58882
1.58707
1.59031
1.59573
1.59894
1.59722
1.59237
1.5896
1.59191
1.59736
1.60189
1.60136
1.59149
1.57214
1.55649
1.56202
1.5807
1.59036
1.58375
1.56481
1.53787
1.50876
1.48816
1.48551
1.50005
1.52302
1.54581
1.56466
1.58046
1.59422
1.6029
1.6017
1.58897
1.56778
1.54375
1.52221
1.50699
1.5005
1.5029
1.51085
1.51966
1.52725
1.53505
1.54525
1.55785
1.57012
1.57865
1.58162
1.58
1.57681
1.57475
1.57476
1.57708
1.58259
1.59201
1.6045
1.61763
1.62858
1.63549
1.63736
1.6346
1.62927
1.6244
1.62164
1.61966
1.61513
1.60499
1.58774
1.56391
1.53713
1.51437
1.50259
1.50313
1.51149
1.52273
1.53478
1.54739
1.56016
1.57216
1.58224
1.58911
1.59118
1.58686
1.57548
1.55763
1.53529
1.51205
1.4933
1.48358
1.4836
1.49033
1.49981
1.51013
1.52208
1.5369
1.55448
1.57445
1.59866
1.6296
1.66484
1.69626
1.71601
1.72088
1.71222
1.69385
1.6704
1.64581
1.62215
1.59953
1.57754
1.55834
1.5477
1.55025
1.56379
1.58128
1.59525
1.59985
1.59225
1.57353
1.54798
1.52148
1.5
1.48742
1.48376
1.48592
1.48959
1.49092
1.48768
1.48026
1.47176
1.46652
1.46755
1.47527
1.48793
1.50345
1.52118
1.54219
1.56798
1.59834
1.63018
1.65841
1.67823
1.68714
1.68595
1.67835
1.66938
1.66344
1.66189
1.66278
1.66286
1.66033
1.65581
1.65061
1.64468
1.63641
1.62389
1.60727
1.5902
1.57962
1.58144
1.59516
1.61492
1.63531
1.65416
1.67096
1.68463
1.69281
1.69267
1.68197
1.65989
1.62746
1.58852
1.54986
1.51951
1.50266
1.49922
1.50496
1.51369
1.51948
1.51906
1.51358
1.50738
1.50431
1.50465
1.50646
1.50914
1.5149
1.52738
1.54852
1.57584
1.60333
1.62494
1.63744
1.64076
1.63723
1.6305
1.62313
1.61475
1.60306
1.58756
1.57137
1.55886
1.55159
1.54772
1.54403
1.53874
1.5327
1.52791
1.5254
1.52431
1.52323
1.52203
1.52203
1.52489
1.53127
1.5408
1.55268
1.56519
1.57506
1.57795
1.57072
1.55353
1.53136
1.5121
1.5017
1.50102
1.50792
1.5206
1.53765
1.55646
1.57325
1.58502
1.59091
1.59181
1.58906
1.58392
1.57811
1.57457
1.57628
1.58264
1.58866
1.58898
1.58254
1.57302
1.56591
1.56465
1.56848
1.57406
1.57839
1.58113
1.58423
1.58968
1.59682
1.60279
1.60482
1.60202
1.59514
1.58627
1.57844
1.5755
1.58056
1.59337
1.60906
1.62125
1.62541
1.62049
1.6082
1.59109
1.57071
1.54745
1.5218
1.49531
1.47115
1.45376
1.44725
1.45334
1.47053
1.49442
1.51843
1.5354
1.54074
1.53419
1.51883
1.49885
1.47965
1.46902
1.47363
1.49298
1.51872
1.54066
1.55302
1.55662
1.55686
1.55914
1.56513
1.57265
1.57794
1.57795
1.5716
1.55976
1.54449
1.52802
1.51221
1.49836
1.48737
1.4802
1.47825
1.48351
1.49771
1.52107
1.55164
1.58551
1.61702
1.64028
1.65182
1.65172
1.64194
1.62452
1.60161
1.57726
1.55875
1.55278
1.55753
1.56419
1.56681
1.56567
1.56372
1.56318
1.56403
1.56426
1.56127
1.55398
1.54435
1.53623
1.53289
1.53491
1.54114
1.5504
1.56199
1.57514
1.58854
1.60054
1.60909
1.61276
1.61262
1.61295
1.61787
1.6269
1.63474
1.63487
1.6222
1.5944
1.5537
1.5089
1.47448
1.46405
1.48096
1.51558
1.55274
1.58162
1.5985
1.60405
1.60029
1.5895
1.57372
1.55456
1.53351
1.51276
1.49528
1.48357
1.47831
1.47846
1.48321
1.4933
1.50956
1.5304
1.55109
1.56653
1.5744
1.57587
1.57411
1.57183
1.56946
1.56511
1.55636
1.54235
1.52479
1.50725
1.49369
1.48668
1.4864
1.49109
1.49892
1.50991
1.52502
1.54294
1.5594
1.57103
1.57858
1.58632
1.59901
1.61854
1.64248
1.66553
1.68242
1.69063
1.69121
1.6879
1.68402
1.67986
1.67352
1.66335
1.6495
1.63368
1.61812
1.60442
1.59355
1.58662
1.58571
1.59277
1.60748
1.62635
1.6449
1.66051
1.67324
1.68377
1.69102
1.69225
1.68519
1.66948
1.64603
1.61585
1.58015
1.54174
1.50618
1.47987
1.46567
1.46114
1.46129
1.46201
1.46253
1.46608
1.47697
1.49535
1.51638
1.53461
1.54752
1.55542
1.55986
1.56264
1.56552
1.56992
1.57704
1.58807
1.60376
1.6238
1.64621
1.66725
1.68228
1.68735
1.68039
1.66283
1.63973
1.61749
1.60105
1.59318
1.59466
1.60333
1.61428
1.62248
1.62542
1.62374
1.62025
1.61802
1.61772
1.61756
1.61558
1.6112
1.6044
1.5937
1.57637
1.55052
1.51816
1.4859
1.46212
1.45236
1.45692
1.47071
1.48587
1.49595
1.49877
1.49629
1.49217
1.48882
1.48626
1.48329
1.47902
1.47335
1.46672
1.46049
1.4575
1.46135
1.47422
1.49619
1.52629
1.56203
1.59854
1.62989
1.65198
1.66381
1.66688
1.66428
1.66018
1.65913
1.66488
1.67826
1.69649
1.71496
1.72998
1.73935
1.74133
1.73422
1.71675
1.68907
1.65358
1.61547
1.58178
1.55838
1.54631
1.54132
1.53811
1.5347
1.53353
1.53952
1.55595
1.58102
1.60875
1.6326
1.64772
1.65149
1.64339
1.62517
1.60042
1.57411
1.55149
1.53665
1.53145
1.53502
1.54454
1.55643
1.56748
1.5758
1.58073
1.58259
1.58269
1.58277
1.58417
1.58668
1.58818
1.58587
1.57749
1.56242
1.54215
1.51967
1.49815
1.47994
1.46771
1.46438
1.47013
1.48056
1.49011
1.4966
1.50188
1.50904
1.51945
1.53222
1.54586
1.55981
1.57402
1.58758
1.59805
1.6021
1.59695
1.58159
1.55782
1.53077
1.50829
1.49832
1.50447
1.52371
1.54814
1.56932
1.5818
1.58437
1.57856
1.56594
1.54713
1.52381
1.50041
1.48254
1.47397
1.47534
1.4848
1.49911
1.51472
1.52841
1.53808
1.54288
1.54305
1.53884
1.52986
1.51447
1.49129
1.4612
1.4289
1.40176
1.38692
1.38842
1.40593
1.43594
1.474
1.51476
1.54924
1.56748
1.5689
1.56674
1.57397
1.58975
1.60812
1.62719
1.64635
1.66245
1.67059
1.66675
1.64975
1.62192
1.58787
1.5514
1.51398
1.47748
1.44775
1.43398
1.44262
1.47088
1.50712
1.53775
1.55358
1.55254
1.54
1.52689
1.52422
1.53623
1.5587
1.58307
1.60206
1.61214
1.61376
1.6099
1.60392
1.59865
1.59653
1.59927
1.60692
1.61778
1.62902
1.63714
1.63915
1.63409
1.62374
1.6122
1.60454
1.60481
1.61369
1.62793
1.64284
1.6558
1.66714
1.6778
1.68626
1.68818
1.67963
1.66108
1.63924
1.62259
1.61381
1.61028
1.61065
1.61697
1.631
1.65099
1.67217
1.68929
1.6988
1.69947
1.69183
1.67782
1.66045
1.64394
1.63228
1.62662
1.62402
1.61948
1.60967
1.59456
1.57746
1.56353
1.55784
1.56321
1.57902
1.60165
1.62586
1.64638
1.65917
1.66201
1.65498
1.63998
1.6197
1.59613
1.56979
1.54068
1.51102
1.48649
1.47415
1.47847
1.49806
1.52604
1.55338
1.57272
1.58034
1.57619
1.56291
1.54494
1.52754
1.51578
1.51349
1.52205
1.54016
1.56444
1.59069
1.61489
1.63385
1.64521
1.64731
1.63966
1.62331
1.60056
1.57465
1.55048
1.53447
1.53101
1.5393
1.55561
1.57624
1.5981
1.61902
1.63785
1.65375
1.66549
1.67225
1.67446
1.67351
1.67018
1.66318
1.65032
1.63062
1.60603
1.58206
1.56597
1.56144
1.56424
1.56572
1.56071
1.55191
1.54643
1.54743
1.55111
1.55225
1.5492
1.54413
1.53944
1.53485
1.52906
1.52223
1.516
1.51265
1.51385
1.5183
1.52289
1.52688
1.53252
1.54193
1.55427
1.56687
1.57744
1.58502
1.58978
1.59345
1.59889
1.60778
1.61795
1.62385
1.62131
1.61125
1.59841
1.58689
1.57859
1.57411
1.57229
1.57084
1.56894
1.56811
1.57084
1.57823
1.58927
1.60153
1.61204
1.61725
1.61292
1.59537
1.56358
1.5211
1.47583
1.4379
1.41567
1.41276
1.4275
1.4539
1.4839
1.51074
1.53119
1.54562
1.55665
1.56703
1.57806
1.58895
1.598
1.60421
1.60862
1.6143
1.62492
1.642
1.66355
1.68474
1.70027
1.70708
1.70626
1.70247
1.70063
1.70194
1.70325
1.6998
1.68838
1.66925
1.64681
1.62777
1.61739
1.61667
1.62351
1.63499
1.64842
1.66155
1.67268
1.68021
1.6826
1.67866
1.66801
1.652
1.63452
1.62192
1.62067
1.63311
1.65533
1.67979
1.69996
1.71256
1.71679
1.71334
1.70464
1.69506
1.68968
1.69111
1.69714
1.70179
1.6979
1.67973
1.64501
1.59766
1.54843
1.51013
1.48991
1.48747
1.49869
1.51856
1.54194
1.56455
1.58401
1.59963
1.6115
1.61948
1.62312
1.62175
1.61439
1.59991
1.57767
1.54825
1.51491
1.48352
1.46021
1.44727
1.44228
1.44099
1.44118
1.44392
1.45191
1.46633
1.48505
1.50445
1.52206
1.53689
1.5479
1.5533
1.55204
1.54647
1.54232
1.54512
1.55621
1.57238
1.58918
1.60385
1.61576
1.62497
1.63107
1.63277
1.62883
1.61954
1.60759
1.59706
1.59077
1.5885
1.58803
1.58799
1.58936
1.59345
1.59959
1.60549
1.60915
1.6096
1.60652
1.60028
1.59228
1.58471
1.57893
1.57359
1.565
1.54929
1.52574
1.50183
1.49382
1.50988
1.53681
1.5587
1.57281
1.58386
1.59518
1.60839
1.6252
1.64427
1.65956
1.66538
1.66151
1.65254
1.64446
1.64134
1.64339
1.64762
1.65043
1.65
1.64627
1.64002
1.63241
1.62531
1.62083
1.6196
1.61927
1.61587
1.60675
1.59234
1.57602
1.56296
1.55776
1.56202
1.57308
1.58453
1.58775
1.5745
1.54404
1.51539
1.51934
1.55703
1.59906
1.62492
1.63269
1.62847
1.61854
1.60661
1.59475
1.58467
1.57758
1.57334
1.5711
1.56997
1.56859
1.56539
1.56022
1.55459
1.54991
1.54545
1.53942
1.53164
1.52493
1.52409
1.53286
1.55104
1.57478
1.59944
1.6216
1.639
1.65004
1.65428
1.6524
1.64609
1.63721
1.62773
1.62
1.61666
1.61905
1.62583
1.63469
1.64484
1.65576
1.66461
1.66704
1.65986
1.64221
1.61542
1.58268
1.54965
1.52416
1.51315
1.51759
1.53135
1.54538
1.55328
1.55401
1.5513
1.54979
1.55096
1.55271
1.55215
1.54793
1.53961
1.5274
1.5128
1.49982
1.49424
1.49962
1.5134
1.52851
1.53947
1.54649
1.55402
1.56581
1.58053
1.59249
1.59694
1.59541
1.5957
1.60372
1.61638
1.62633
1.62928
1.62462
1.61333
1.59664
1.57681
1.55788
1.54442
1.53822
1.537
1.53765
1.54007
1.54655
1.55842
1.57527
1.59595
1.6183
1.63927
1.6558
1.66525
1.66606
1.65916
1.64888
1.64141
1.63977
1.64122
1.64054
1.63482
1.62436
1.61071
1.59546
1.58065
1.56915
1.56294
1.56132
1.56237
1.56534
1.57061
1.57827
1.58725
1.59557
1.60132
1.6037
1.60358
1.60316
1.60515
1.61166
1.6231
1.63786
1.65249
1.66319
1.66776
1.66749
1.6668
1.66949
1.67531
1.68075
1.68237
1.67882
1.6711
1.66107
1.64993
1.63771
1.624
1.60988
1.59844
1.59373
1.59838
1.61182
1.63008
1.64737
1.65916
1.66414
1.66386
1.66107
1.65846
1.6579
1.65963
1.66105
1.65731
1.64423
1.62077
1.58892
1.55243
1.51572
1.48391
1.46292
1.45831
1.47169
1.49798
1.5277
1.55209
1.56706
1.57293
1.57228
1.56724
1.55854
1.54659
1.53324
1.52243
1.51795
1.51993
1.52534
1.53155
1.53811
1.54577
1.55542
1.56719
1.57932
1.58829
1.59093
1.58676
1.5787
1.57123
1.56669
1.56314
1.55671
1.54725
1.54123
1.54708
1.56668
1.59464
1.62463
1.65246
1.67542
1.69076
1.6958
1.68943
1.67347
1.65231
1.63059
1.61134
1.59534
1.58111
1.5662
1.54991
1.5352
1.52673
1.52719
1.53623
1.55422
1.58379
1.62338
1.66368
1.69521
1.71465
1.72357
1.72538
1.72323
1.71878
1.71155
1.69935
1.68044
1.65544
1.62797
1.60213
1.57897
1.55529
1.52714
1.49472
1.4651
1.44895
1.45185
1.47049
1.49768
1.52725
1.5549
1.5773
1.59211
1.59823
1.59638
1.58864
1.57709
1.56364
1.55157
1.54621
1.55148
1.56665
1.58786
1.61105
1.63259
1.64933
1.65931
1.66218
1.65863
1.64965
1.63562
1.61639
1.59178
1.56253
1.5308
1.50052
1.4764
1.46226
1.45915
1.46556
1.48068
1.5067
1.54521
1.59187
1.63758
1.67547
1.7049
1.72833
1.74632
1.75659
1.7566
1.74569
1.72543
1.69848
1.66741
1.63457
1.60293
1.57692
1.56071
1.55476
1.55512
1.55688
1.55675
1.55264
1.54207
1.52241
1.49409
1.46489
1.44959
1.45942
1.49094
1.53042
1.56712
1.59795
1.62355
1.64429
1.65946
1.66831
1.67141
1.67113
1.67106
1.67443
1.68261
1.69479
1.70864
1.72124
1.72988
1.73265
1.72905
1.72033
1.70882
1.69703
1.68654
1.67788
1.67042
1.66308
1.65542
1.64812
1.64307
1.64225
1.64642
1.65394
1.66073
1.66215
1.65542
1.64092
1.62192
1.60256
1.58545
1.57112
1.55995
1.55388
1.55583
1.56808
1.59147
1.62469
1.66377
1.70195
1.73232
1.75032
1.75475
1.74743
1.73274
1.71575
1.69868
1.68098
1.66469
1.65715
1.66442
1.68325
1.70368
1.71696
1.71898
1.7095
1.69059
1.66531
1.63732
1.61034
1.58709
1.56787
1.55075
1.53345
1.51557
1.49886
1.4859
1.47817
1.47573
1.47823
1.48536
1.49607
1.50861
1.52161
1.5348
1.54841
1.56167
1.57286
1.5817
1.59024
1.6003
1.61119
1.62095
1.62807
1.63145
1.63081
1.6273
1.62285
1.61879
1.61529
1.61197
1.60785
1.60063
1.58675
1.56326
1.53105
1.49775
1.47609
1.47597
1.49829
1.53666
1.58227
1.62755
1.66877
1.70539
1.73699
1.76165
1.77643
1.77887
1.7673
1.74092
1.70012
1.64711
1.58691
1.5273
1.47584
1.43641
1.40944
1.39543
1.39615
1.4119
1.43885
1.47032
1.49957
1.52184
1.53485
1.53838
1.53366
1.5226
1.50747
1.49074
1.47535
1.46434
1.45978
1.46167
1.46785
1.47601
1.48501
1.49449
1.50365
1.51141
1.51775
1.52444
1.53363
1.54598
1.5595
1.57072
1.57757
1.58191
1.58861
1.60198
1.6223
1.64575
1.66649
1.67906
1.67993
1.66825
1.64625
1.61831
1.58945
1.56535
1.55297
1.55636
1.57116
1.58844
1.60225
1.61139
1.617
1.62048
1.62264
1.62322
1.62201
1.62025
1.62044
1.62468
1.63339
1.64541
1.65897
1.67182
1.68128
1.68409
1.67773
1.66206
1.63951
1.61275
1.58325
1.55412
1.53158
1.52064
1.51997
1.52249
1.52128
1.51628
1.51661
1.52823
1.54218
1.54651
1.5404
1.53416
1.54145
1.56721
1.60165
1.62984
1.64236
1.63842
1.62489
1.6117
1.60324
1.59692
1.58931
1.58013
1.57136
1.56537
1.56371
1.56636
1.57133
1.57569
1.57725
1.57532
1.57032
1.56363
1.55765
1.55566
1.5602
1.57061
1.58246
1.59034
1.59142
1.58705
1.58136
1.57828
1.57897
1.58181
1.58475
1.58754
1.59199
1.59978
1.61045
1.62118
1.62874
1.6316
1.62976
1.62384
1.61512
1.60606
1.59928
1.59654
1.59878
1.60641
1.61948
1.63736
1.65854
1.68085
1.70199
1.72008
1.73332
1.73967
1.73686
1.7235
1.70027
1.67063
1.63939
1.61022
1.58504
1.56687
1.56016
1.56629
1.58104
1.59911
1.6182
1.63784
1.65669
1.67231
1.68259
1.68683
1.68547
1.67946
1.6699
1.65874
1.64951
1.6463
1.65138
1.66278
1.6742
1.67691
1.66445
1.63943
1.61497
1.59962
1.5847
1.55785
1.51655
1.46833
1.42651
1.40402
1.40488
1.4226
1.44675
1.46893
1.48444
1.49178
1.49161
1.48588
1.47783
1.47389
1.48361
1.51266
1.5551
1.59783
1.6302
1.64694
1.64686
1.63109
1.60241
1.56493
1.52449
1.48844
1.46336
1.45079
1.44659
1.44424
1.43829
1.42751
1.4176
1.4187
1.43625
1.46671
1.50269
1.53769
1.56691
1.58768
1.59969
1.60444
1.60461
1.60352
1.60469
1.61065
1.62165
1.63519
1.6474
1.65509
1.65701
1.65366
1.64587
1.63399
1.61837
1.60036
1.58214
1.56572
1.55202
1.54093
1.53178
1.52401
1.5178
1.51422
1.51454
1.51873
1.52426
1.52699
1.52433
1.51761
1.51109
1.5084
1.50911
1.50925
1.50538
1.49826
1.49287
1.49392
1.50141
1.51154
1.52144
1.53223
1.54849
1.57365
1.60487
1.63356
1.65173
1.65641
1.64952
1.63588
1.6209
1.60874
1.60155
1.59984
1.60296
1.60959
1.61812
1.62682
1.63434
1.64008
1.64389
1.64503
1.64191
1.63314
1.61841
1.59931
1.57967
1.56535
1.56175
1.5694
1.58166
1.58899
1.58624
1.57572
1.56424
1.55774
1.55805
1.56403
1.57402
1.58657
1.59979
1.61189
1.62152
1.62733
1.62822
1.62432
1.61729
1.60928
1.6014
1.59238
1.58007
1.56405
1.54664
1.53055
1.51679
1.50505
1.495
1.48708
1.48378
1.49034
1.5116
1.54609
1.58765
1.63023
1.6685
1.69793
1.71624
1.72378
1.72223
1.71341
1.69927
1.68281
1.66831
1.65954
1.65659
1.65574
1.6529
1.64649
1.63816
1.63148
1.62987
1.63424
1.64251
1.65123
1.65735
1.65933
1.65697
1.651
1.64251
1.63253
1.62167
1.60963
1.59487
1.57615
1.55542
1.53975
1.53797
1.5542
1.58403
1.61724
1.64338
1.65622
1.65523
1.6436
1.62495
1.60051
1.56959
1.5333
1.49748
1.47004
1.45621
1.45758
1.47351
1.50046
1.53154
1.55946
1.57983
1.59245
1.59879
1.5991
1.5929
1.5807
1.56437
1.54638
1.52868
1.51249
1.49872
1.48893
1.48587
1.49221
1.50773
1.52905
1.55205
1.57379
1.59257
1.60738
1.61797
1.62466
1.62764
1.62585
1.61707
1.59941
1.57366
1.54408
1.51734
1.50073
1.49963
1.5152
1.54372
1.57824
1.6113
1.63645
1.64954
1.64931
1.63779
1.62051
1.60549
1.60014
1.60758
1.62567
1.64922
1.67244
1.68975
1.69673
1.69145
1.67579
1.65488
1.63449
1.61794
1.60516
1.59392
1.58189
1.56892
1.55761
1.55174
1.55398
1.5642
1.57946
1.5957
1.60954
1.6192
1.62461
1.62648
1.62528
1.62048
1.61102
1.59665
1.57968
1.56615
1.5639
1.57748
1.60444
1.6379
1.67156
1.70089
1.72228
1.73305
1.73176
1.71846
1.69478
1.66465
1.6335
1.60637
1.586
1.57248
1.56461
1.56171
1.56422
1.57207
1.58304
1.5928
1.59714
1.59429
1.58545
1.57323
1.55992
1.54733
1.53745
1.53218
1.53232
1.5365
1.54166
1.54463
1.54376
1.53918
1.53214
1.5241
1.51654
1.51135
1.51066
1.51499
1.52192
1.52742
1.52872
1.52675
1.52532
1.52781
1.53394
1.54076
1.54607
1.54974
1.55209
1.55267
1.55112
1.54907
1.5503
1.55775
1.57019
1.58285
1.59044
1.58902
1.57658
1.55441
1.52899
1.51083
1.50741
1.51696
1.53148
1.54499
1.55579
1.56244
1.56188
1.55178
1.53335
1.51106
1.49081
1.47794
1.4753
1.4827
1.49812
1.51933
1.54385
1.56828
1.58926
1.60536
1.61785
1.62881
1.63891
1.6469
1.65066
1.6484
1.63951
1.62484
1.60692
1.58953
1.57652
1.5705
1.57279
1.58435
1.6054
1.63393
1.66523
1.69335
1.7131
1.72197
1.72053
1.71143
1.69784
1.68277
1.67007
1.66394
1.66484
1.6677
1.66642
1.65912
1.64932
1.64324
1.64429
1.65058
1.6591
1.66893
1.67949
1.68905
1.69615
1.70052
1.70218
1.70068
1.69565
1.68755
1.67761
1.66742
1.65787
1.64836
1.63701
1.62217
1.60467
1.58881
1.58071
1.58462
1.60013
1.62282
1.64669
1.66587
1.67563
1.67413
1.66389
1.65128
1.64232
1.63803
1.63462
1.62789
1.61671
1.60306
1.5904
1.58184
1.57873
1.58025
1.58444
1.58966
1.59474
1.59824
1.59872
1.59601
1.59248
1.59158
1.59539
1.60324
1.61217
1.61895
1.62122
1.61697
1.60434
1.58361
1.55871
1.53623
1.52241
1.52046
1.52973
1.54657
1.56613
1.58396
1.59727
1.60534
1.60911
1.61078
1.61279
1.61682
1.62285
1.62852
1.63004
1.62398
1.6089
1.58572
1.55725
1.5274
1.50035
1.47977
1.46832
1.46745
1.47684
1.49347
1.51236
1.52829
1.53817
1.54146
1.53922
1.53247
1.52155
1.50654
1.48796
1.46716
1.44598
1.42613
1.40882
1.3955
1.38913
1.39342
1.40977
1.43579
1.46668
1.49798
1.52719
1.55406
1.57943
1.6037
1.62614
1.64493
1.65817
1.66478
1.66459
1.65821
1.64708
1.63406
1.62205
1.61149
1.59988
1.58498
1.56777
1.55285
1.54477
1.54372
1.5456
1.5467
1.54689
1.54965
1.55899
1.57515
1.59418
1.61239
1.6309
1.65457
1.68489
1.71597
1.7398
1.7523
1.75419
1.74876
1.73938
1.72718
1.71109
1.68952
1.66179
1.62816
1.58983
1.55059
1.51813
1.50143
1.50352
1.51771
1.53341
1.54419
1.55017
1.55529
1.5629
1.57337
1.58551
1.59866
1.61168
1.62195
1.62636
1.62282
1.61014
1.58851
1.56116
1.53552
1.52067
1.52238
1.53953
1.56499
1.58968
1.60607
1.60963
1.59938
1.5782
1.55214
1.52788
1.50931
1.49611
1.48623
1.47871
1.47412
1.47314
1.47517
1.47793
1.47918
1.47834
1.47772
1.48168
1.49395
1.51546
1.54426
1.57669
1.60849
1.63582
1.65625
1.66904
1.67476
1.67462
1.66987
1.66156
1.65083
1.63951
1.62996
1.62383
1.62042
1.61694
1.61065
1.60085
1.58923
1.57811
1.56866
1.56029
1.55194
1.54343
1.53535
1.52816
1.52189
1.51714
1.51557
1.51892
1.52719
1.53806
1.54861
1.55713
1.56272
1.56446
1.56163
1.55578
1.55155
1.55405
1.56501
1.58181
1.59945
1.61332
1.62058
1.62015
1.61183
1.59559
1.57155
1.54067
1.5059
1.47219
1.44543
1.4308
1.43062
1.44365
1.46644
1.49526
1.52591
1.553
1.5707
1.57549
1.56768
1.55107
1.53087
1.51243
1.50023
1.49749
1.50515
1.52154
1.54342
1.56783
1.59264
1.61608
1.63627
1.65155
1.66103
1.66467
1.66352
1.65982
1.65616
1.6544
1.65468
1.65557
1.6551
1.65196
1.64575
1.63604
1.62151
1.60107
1.57823
1.56209
1.55674
1.55444
1.5468
1.53607
1.53176
1.53897
1.55291
1.56539
1.57243
1.57435
1.57188
1.56521
1.55662
1.55296
1.56265
1.58593
1.61166
1.6271
1.62695
1.61372
1.5932
1.57014
1.54641
1.52212
1.49837
1.47937
1.47224
1.48275
1.5089
1.54031
1.56606
1.58129
1.58817
1.59237
1.59763
1.60386
1.60924
1.61296
1.61588
1.61929
1.62294
1.6258
1.62754
1.62897
1.63075
1.63278
1.63379
1.63168
1.62479
1.61346
1.6
1.58626
1.57156
1.55477
1.53928
1.53246
1.53676
1.54728
1.55938
1.57143
1.58277
1.59306
1.60292
1.61337
1.62471
1.63627
1.64724
1.65723
1.66581
1.67201
1.67447
1.67157
1.66225
1.64689
1.628
1.60998
1.59765
1.59431
1.60011
1.61255
1.62798
1.64246
1.65321
1.65961
1.66206
1.66061
1.6557
1.64916
1.64311
1.63808
1.6325
1.624
1.61144
1.59632
1.58205
1.57221
1.56851
1.57001
1.57415
1.57821
1.58039
1.57989
1.577
1.57315
1.56995
1.56733
1.56277
1.55298
1.53584
1.51234
1.48745
1.46981
1.46762
1.483
1.51128
1.54497
1.57743
1.60461
1.62473
1.63745
1.6431
1.64294
1.6389
1.63275
1.62508
1.61536
1.60328
1.59028
1.58004
1.57709
1.58377
1.5977
1.61364
1.62669
1.63424
1.63575
1.63249
1.62672
1.62075
1.61595
1.61278
1.61126
1.61159
1.61444
1.62017
1.62808
1.6361
1.64189
1.64396
1.64229
1.63801
1.63246
1.62616
1.61891
1.61075
1.60312
1.59856
1.59888
1.60382
1.61128
1.61816
1.62143
1.6195
1.61189
1.59871
1.5817
1.56551
1.55687
1.56003
1.57368
1.59272
1.61202
1.62854
1.64161
1.65269
1.66368
1.67485
1.68504
1.69279
1.69715
1.69769
1.69442
1.68788
1.67891
1.66883
1.6595
1.65334
1.65272
1.65804
1.66657
1.67357
1.67489
1.6687
1.65593
1.63967
1.62394
1.61207
1.60471
1.59942
1.59298
1.58473
1.57763
1.57543
1.57924
1.58696
1.59498
1.59961
1.59778
1.58759
1.56902
1.54507
1.52284
1.51125
1.51461
1.52828
1.54193
1.54664
1.54041
1.53142
1.53411
1.55535
1.5867
1.61504
1.63424
1.64546
1.65188
1.65471
1.65286
1.64509
1.6314
1.61287
1.59103
1.56777
1.54593
1.52906
1.52002
1.51967
1.52702
1.54044
1.55817
1.57814
1.59741
1.61226
1.61957
1.61871
1.61265
1.60738
1.60918
1.62055
1.63857
1.65703
1.66974
1.67264
1.66485
1.64895
1.62991
1.61185
1.59487
1.57545
1.55049
1.52117
1.49371
1.47541
1.46919
1.47283
1.48315
1.49898
1.52044
1.54628
1.57224
1.59341
1.60826
1.61922
1.62863
1.63594
1.63917
1.63769
1.63259
1.62487
1.61381
1.59769
1.57685
1.55561
1.53999
1.5345
1.54165
1.56076
1.58677
1.61218
1.6309
1.63901
1.63398
1.61486
1.58413
1.54993
1.52392
1.51384
1.51909
1.53423
1.55363
1.57258
1.58758
1.59722
1.60262
1.60651
1.61193
1.62124
1.63528
1.6526
1.66957
1.68213
1.6883
1.68909
1.68652
1.6811
1.67164
1.65665
1.63607
1.61226
1.5898
1.57326
1.56452
1.56236
1.56388
1.56614
1.56675
1.56435
1.55859
1.54999
1.53972
1.52927
1.51977
1.51152
1.5044
1.49914
1.49714
1.49893
1.5028
1.50533
1.50362
1.49785
1.49192
1.49162
1.50128
1.52133
1.5482
1.57613
1.59939
1.61424
1.62002
1.61878
1.61382
1.60728
1.59869
1.5864
1.571
1.55596
1.54491
1.5396
1.53978
1.54369
1.5485
1.55197
1.55379
1.55574
1.56005
1.56764
1.57698
1.58436
1.58546
1.57721
1.56019
1.53943
1.52338
1.51924
1.52904
1.54923
1.57355
1.59601
1.61343
1.62642
1.63721
1.64578
1.64913
1.64491
1.63461
1.62249
1.61331
1.61091
1.6169
1.62748
1.63389
1.62945
1.61579
1.6001
1.58678
1.57494
1.56252
1.54939
1.53658
1.52565
1.51857
1.51751
1.52329
1.53347
1.54274
1.54565
1.53905
1.52373
1.50573
1.49523
1.50011
1.51884
1.54137
1.55798
1.56509
1.56427
1.55874
1.55138
1.54432
1.53916
1.53649
1.53574
1.53568
1.53535
1.53466
1.53435
1.53576
1.54067
1.55047
1.56476
1.58032
1.59171
1.59339
1.582
1.55825
1.5272
1.49694
1.47556
1.46746
1.47216
1.48521
1.50062
1.51332
1.52077
1.52326
1.52291
1.52275
1.52584
1.5339
1.54617
1.55967
1.57071
1.57676
1.57746
1.57488
1.57251
1.57349
1.5786
1.58597
1.59221
1.59391
1.58862
1.57511
1.55378
1.52712
1.49944
1.4756
1.45908
1.45037
1.44662
1.44386
1.44043
1.43934
1.44729
1.46996
1.50733
1.5527
1.59651
1.63104
1.65265
1.66155
1.66075
1.65434
1.6466
1.64209
1.64514
1.65785
1.6778
1.69915
1.71583
1.72379
1.72134
1.70885
1.68882
1.6657
1.64496
1.63106
1.62538
1.62618
1.63039
1.63538
1.63973
1.64283
1.64412
1.64298
1.6389
1.63209
1.62352
1.6148
1.60797
1.60503
1.60703
1.61373
1.6236
1.63434
1.6437
1.65
1.65236
1.64994
1.64159
1.6268
1.60708
1.58595
1.56733
1.5538
1.54639
1.54541
1.55053
1.56012
1.5716
1.58324
1.59589
1.6116
1.63063
1.65064
1.66838
1.68111
1.68689
1.68468
1.67464
1.65854
1.63963
1.62183
1.60847
1.601
1.59862
1.5992
1.60056
1.60141
1.60126
1.6001
1.59763
1.59302
1.58534
1.57472
1.56279
1.55284
1.54881
1.55393
1.5687
1.58977
1.61101
1.62631
1.63166
1.62575
1.60952
1.58629
1.56245
1.54526
1.53631
1.53006
1.52121
1.51005
1.50044
1.49552
1.49553
1.49851
1.50204
1.50464
1.50621
1.5074
1.50865
1.50992
1.51154
1.51452
1.51916
1.52309
1.52251
1.51627
1.50936
1.51154
1.53003
1.56338
1.60396
1.64361
1.67615
1.69741
1.70508
1.69878
1.67946
1.649
1.61059
1.56992
1.5355
1.51624
1.51621
1.53149
1.553
1.5719
1.5824
1.58217
1.57204
1.55566
1.53769
1.52127
1.50714
1.49544
1.48821
1.48884
1.49938
1.51936
1.54623
1.57692
1.6087
1.6399
1.6697
1.69681
1.71925
1.73529
1.74422
1.74619
1.74167
1.73166
1.71847
1.70514
1.69386
1.68454
1.67533
1.66404
1.64881
1.6283
1.60379
1.58219
1.57136
1.57134
1.57727
1.58707
1.60035
1.61617
1.63318
1.64946
1.66231
1.66866
1.6656
1.65113
1.62542
1.59225
1.55897
1.53392
1.52172
1.52149
1.53052
1.54765
1.57023
1.59111
1.60243
1.60087
1.58921
1.57553
1.5688
1.57207
1.5809
1.58903
1.59321
1.5941
1.59445
1.59675
1.60176
1.60877
1.61699
1.62592
1.63495
1.64294
1.64849
1.65051
1.6484
1.64181
1.63037
1.61405
1.59348
1.57023
1.54628
1.52382
1.50631
1.4992
1.50748
1.53013
1.55949
1.58656
1.60518
1.61222
1.60703
1.59128
1.56841
1.5421
1.51548
1.49193
1.4764
1.47386
1.48612
1.51047
1.54152
1.57375
1.60266
1.62474
1.63739
1.63872
1.62815
1.60736
1.58162
1.55893
1.54649
1.54557
1.55079
1.555
1.5551
1.55385
1.5566
1.56639
1.58216
1.60056
1.61841
1.63397
1.64692
1.65736
1.66494
1.66839
1.66621
1.65765
1.64353
1.62616
1.60837
1.59231
1.57876
1.56737
1.55753
1.54951
1.54476
1.54491
1.55014
1.5585
1.56697
1.57363
1.57917
1.58569
1.59329
1.59838
1.5958
1.58232
1.55838
1.52838
1.50011
1.48272
1.48248
1.4989
1.52479
1.5505
1.56875
1.577
1.57718
1.57351
1.57009
1.56928
1.57172
1.57673
1.58252
1.58694
1.58857
1.58743
1.58481
1.58236
1.58135
1.58239
1.58551
1.59047
1.59699
1.60504
1.61438
1.62377
1.63094
1.63335
1.62912
1.61807
1.60286
1.58896
1.58164
1.58236
1.58877
1.59696
1.60285
1.6028
1.59543
1.58317
1.5718
1.56753
1.5736
1.58874
1.60863
1.62832
1.64345
1.65073
1.64912
1.64107
1.63178
1.62613
1.62629
1.63155
1.63958
1.6479
1.65489
1.65957
1.661
1.65815
1.65127
1.64221
1.63285
1.62231
1.60816
1.59128
1.57869
1.57916
1.59395
1.61536
1.63421
1.64563
1.64986
1.65073
1.65198
1.6534
1.65135
1.64351
1.63202
1.62181
1.61701
1.61864
1.62452
1.63104
1.63542
1.63679
1.63593
1.63407
1.63217
1.63097
1.63115
1.63323
1.63711
1.64198
1.64594
1.64668
1.64247
1.63344
1.62173
1.61037
1.60162
1.59573
1.59176
1.59021
1.59455
1.60709
1.62278
1.63204
1.62915
1.61518
1.59533
1.57519
1.55836
1.54593
1.53773
1.53428
1.5378
1.55132
1.57605
1.60881
1.64209
1.66733
1.67891
1.67519
1.65714
1.62885
1.59953
1.57869
1.5705
