-0.368103 0
-0.371956 0.00385302
-0.355345 0.0167587
-0.428348 0.0739586
-0.433658 0.0575337
-0.237839 0.201375
-0.287899 0.177402
-0.260387 0.156078
-0.150777 0.175959
-0.00332245 0.215666
-0.0235133 0.19612
-0.195397 0.248186
-0.0783315 0.256563
-0.14205 0.245929
-0.211976 0.239388
-0.186065 0.225421
-0.159122 0.213453
-0.181784 0.202517
-0.234963 0.198807
-0.237817 0.188626
-0.209331 0.181666
-0.234383 0.175014
-0.211878 0.16874
-0.161737 0.169158
-0.192488 0.165139
-0.141987 0.166503
-0.0719181 0.17487
-0.0219372 0.175765
-0.0721662 0.176878
-0.0707723 0.170886
-0.0638465 0.165426
-0.116712 0.168672
-0.0379694 0.181457
-0.0489173 0.176379
-0.0266998 0.1727
-0.0282089 0.167841
0.00718131 0.167034
-0.0187549 0.164635
-0.00312368 0.161118
0.0513999 0.166235
0.0455616 0.162234
0.0808514 0.16221
0.0952819 0.159049
0.132457 0.159777
0.137842 0.156279
0.127861 0.153169
0.126851 0.149878
0.0954986 0.150035
0.116742 0.148469
0.112974 0.145518
0.115102 0.142652
0.10008 0.140686
0.117794 0.139138
0.16281 0.143766
0.161665 0.141133
0.149762 0.1391
0.175706 0.139079
0.180876 0.136758
0.172084 0.134707
0.158557 0.133132
0.179786 0.132641
0.162501 0.131624
0.166185 0.12957
0.130822 0.132342
0.13158 0.130292
0.118469 0.128971
0.113213 0.12714
0.108019 0.125364
0.102559 0.123654
0.110248 0.122117
0.108521 0.120398
0.0831458 0.121395
0.0617457 0.121618
0.0630218 0.119971
0.0588252 0.118434
0.0610308 0.116887
0.054968 0.115518
0.051784 0.114072
0.0545764 0.112653
0.0519975 0.111266
0.0439515 0.110178
0.0385135 0.108962
0.0481795 0.108074
0.0506425 0.106808
0.0583599 0.105826
0.0820589 0.107239
0.101266 0.107726
0.0928161 0.106829
0.0940701 0.10563
0.106967 0.105243
0.104363 0.104112
0.0886208 0.104171
0.0875719 0.10305
0.0911369 0.10201
0.0936339 0.100961
0.100077 0.100112
0.0976874 0.099103
0.107023 0.0985298
0.102585 0.0976303
0.104075 0.0966606
