-5.94512
-5.9453
-5.95007
-5.95142
-5.93342
-5.89268
-5.83826
-5.77992
-5.73277
-5.70761
-5.70636
-5.72934
-5.76581
-5.81267
-5.85904
-5.89688
-5.92749
-5.94602
-5.95023
-5.93892
-5.91498
-5.88258
-5.84578
-5.80383
-5.76804
-5.7474
-5.74348
-5.76319
-5.80244
-5.85488
-5.91448
-5.96752
-6.00969
-6.02914
-6.02783
-6.01194
-5.99356
-5.97893
-5.97625
-5.98316
-5.99624
-6.00685
-6.00306
-5.98798
-5.96711
-5.94249
-5.92026
-5.90505
-5.89509
-5.8942
-5.90659
-5.92675
-5.95658
-5.98288
-6.00225
-6.01021
-6.00831
-5.99648
-5.98008
-5.95689
-5.93322
-5.9076
-5.89008
-5.88506
-5.88847
-5.90051
-5.91639
-5.93258
-5.94489
-5.9542
-5.95045
-5.93749
-5.91272
-5.88654
-5.86088
-5.83781
-5.81764
-5.79847
-5.78847
-5.79471
-5.82244
-5.87197
-5.93108
-5.98419
-6.02345
-6.04426
-6.04371
-6.02379
-5.98893
-5.94338
-5.89474
-5.85263
-5.81651
-5.78968
-5.76712
-5.75246
-5.74606
-5.74835
-5.7656
-5.79802
-5.84481
-5.90212
-5.95596
-6.00639
-6.03681
-6.04496
-6.02901
-6.00023
-5.9555
-5.9124
-5.88497
-5.87515
-5.88584
-5.90998
-5.94346
-5.98729
-6.03256
-6.07339
-6.10716
-6.12818
-6.13461
-6.1197
-6.08819
-6.04562
-5.99447
-5.94156
-5.89348
-5.8467
-5.80561
-5.77134
-5.75025
-5.7459
-5.75329
-5.77028
-5.79005
-5.80936
-5.82765
-5.84237
-5.85523
-5.87117
-5.8958
-5.92307
-5.95431
-5.98525
-6.00603
-6.02069
-6.02486
-6.02532
-6.01891
-6.01071
-6.00002
-5.98574
-5.97224
-5.96193
-5.95173
-5.93857
-5.92926
-5.91987
-5.91415
-5.91059
-5.91272
-5.91647
-5.92445
-5.92818
-5.92824
-5.92145
-5.90359
-5.88208
-5.86271
-5.85457
-5.86403
-5.89282
-5.93422
-5.97529
-6.00476
-6.01795
-6.01553
-6.00456
-5.98928
-5.975
-5.96746
-5.96491
-5.96603
-5.97098
-5.97415
-5.97923
-5.98076
-5.98003
-5.9731
-5.96172
-5.94131
-5.91248
-5.87961
-5.84801
-5.82339
-5.81841
-5.83088
-5.84922
-5.86971
-5.88213
-5.87749
-5.85949
-5.82316
-5.77707
-5.73625
-5.711
-5.71327
-5.74472
-5.80266
-5.86657
-5.92336
-5.97152
-6.00175
-6.02275
-6.03084
-6.03425
-6.03415
-6.04058
-6.06049
-6.09591
-6.13383
-6.1576
-6.16461
-6.1578
-6.14682
-6.13312
-6.12279
-6.11619
-6.10546
-6.08439
-6.05228
-6.01925
-5.99012
-5.97201
-5.96414
-5.96227
-5.95382
-5.93099
-5.89989
-5.85883
-5.82399
-5.79492
-5.77918
-5.76922
-5.7677
-5.77493
-5.78552
-5.80313
-5.82463
-5.85061
-5.87585
-5.9028
-5.93391
-5.95864
-5.97848
-5.99124
-6.00035
-6.0016
-5.99286
-5.97671
-5.95624
-5.93417
-5.91454
-5.89978
-5.88435
-5.8678
-5.85481
-5.84279
-5.83122
-5.82475
-5.82895
-5.83918
-5.8566
-5.87892
-5.90104
-5.92736
-5.95299
-5.96983
-5.97875
-5.98633
-5.99256
-6.00579
-6.02829
-6.0603
-6.09059
-6.11475
-6.12742
-6.12089
-6.09606
-6.05238
-6.00187
-5.94541
-5.89424
-5.85345
-5.83074
-5.82425
-5.83413
-5.85534
-5.87873
-5.89605
-5.90777
-5.91198
-5.91078
-5.90932
-5.91104
-5.91426
-5.91414
-5.90514
-5.89581
-5.8837
-5.86674
-5.85265
-5.83664
-5.82325
-5.81512
-5.81118
-5.81203
-5.81779
-5.82485
-5.8324
-5.84132
-5.85449
-5.86879
-5.88541
-5.90162
-5.91299
-5.91769
-5.92244
-5.92564
-5.9282
-5.93087
-5.9295
-5.92767
-5.92547
-5.92739
-5.9415
-5.96682
-5.99857
-6.02865
-6.05033
-6.06149
-6.05974
-6.04398
-6.01282
-5.96581
-5.91222
-5.85944
-5.81949
-5.80292
-5.81386
-5.84452
-5.88649
-5.9292
-5.96776
-5.99904
-6.02101
-6.0321
-6.02617
-6.00879
-5.9906
-5.97386
-5.96715
-5.97263
-5.98652
-5.99978
-6.00933
-6.01717
-6.02126
-6.01833
-6.01664
-6.01378
-6.01372
-6.0136
-6.00696
-5.99568
-5.97577
-5.95005
-5.92464
-5.89761
-5.87138
-5.84221
-5.81475
-5.7851
-5.76083
-5.74519
-5.74073
-5.74726
-5.76961
-5.80345
-5.84223
-5.88401
-5.91745
-5.94233
-5.95767
-5.96919
-5.98009
-5.99412
-6.01018
-6.02321
-6.02685
-6.01555
-5.98481
-5.94481
-5.90205
-5.85941
-5.82045
-5.78755
-5.76164
-5.73908
-5.72378
-5.71896
-5.7206
-5.73891
-5.76942
-5.81015
-5.85606
-5.90598
-5.95284
-5.98591
-5.99782
-5.98649
-5.94967
-5.89289
-5.83011
-5.78031
-5.76182
-5.77486
-5.81926
-5.87573
-5.93485
-5.98809
-6.02186
-6.04428
-6.04795
-6.03611
-6.01355
-5.98481
-5.9523
-5.92318
-5.89799
-5.88583
-5.88634
-5.89333
-5.90218
-5.91592
-5.93159
-5.94546
-5.96175
-5.98141
-6.01045
-6.04148
-6.08207
-6.11754
-6.15043
-6.17237
-6.18185
-6.1789
-6.16548
-6.14065
-6.10965
-6.06821
-6.02034
-5.96332
-5.90326
-5.84435
-5.79534
-5.75498
-5.7202
-5.69044
-5.66918
-5.66089
-5.67739
-5.71078
-5.75569
-5.79868
-5.83887
-5.86261
-5.87567
-5.87781
-5.87495
-5.86909
-5.8624
-5.85896
-5.86304
-5.87201
-5.88324
-5.89429
-5.90164
-5.90519
-5.90427
-5.90314
-5.89379
-5.87962
-5.8548
-5.82495
-5.80832
-5.80248
-5.81463
-5.83496
-5.85752
-5.8714
-5.8695
-5.86021
-5.85132
-5.84865
-5.86273
-5.88766
-5.91966
-5.95451
-5.98133
-6.00013
-6.01107
-6.01574
-6.01315
-6.00042
-5.97615
-5.94192
-5.89565
-5.84947
-5.79899
-5.75468
-5.71814
-5.70325
-5.7139
-5.74076
-5.77829
-5.81536
-5.85181
-5.89283
-5.93239
-5.97636
-6.02027
-6.05998
-6.09492
-6.11856
-6.13146
-6.13131
-6.11103
-6.07293
-6.02743
-5.97744
-5.93512
-5.90559
-5.88901
-5.87773
-5.87487
-5.87416
-5.87837
-5.89395
-5.92404
-5.96272
-5.99361
-6.01576
-6.02197
-6.01867
-6.00246
-5.97758
-5.94959
-5.92095
-5.89272
-5.86957
-5.84947
-5.83423
-5.82719
-5.83051
-5.84261
-5.86472
-5.89265
-5.92358
-5.95537
-5.98113
-6.00357
-6.0152
-6.02139
-6.01768
-6.01263
-6.01003
-6.01105
-6.01198
-6.00946
-6.00177
-5.98856
-5.97471
-5.96324
-5.95601
-5.95468
-5.95685
-5.95651
-5.95444
-5.95063
-5.94297
-5.93534
-5.92745
-5.91693
-5.89958
-5.87629
-5.84735
-5.81541
-5.78186
-5.75835
-5.75013
-5.76003
-5.78543
-5.82349
-5.86438
-5.90303
-5.93603
-5.95955
-5.96691
-5.95558
-5.9265
-5.88957
-5.85728
-5.8385
-5.83708
-5.85537
-5.88594
-5.92688
-5.96698
-6.00242
-6.02761
-6.04324
-6.04899
-6.04677
-6.0419
-6.034
-6.02692
-6.0171
-6.00142
-5.96782
-5.92055
-5.86172
-5.79806
-5.74638
-5.71152
-5.69726
-5.69958
-5.71955
-5.75793
-5.81385
-5.8783
-5.94529
-6.00635
-6.05797
-6.09312
-6.10915
-6.09521
-6.05657
-5.99254
-5.92165
-5.85636
-5.81179
-5.79351
-5.80106
-5.82255
-5.84594
-5.86393
-5.87193
-5.86615
-5.85245
-5.83599
-5.81622
-5.80236
-5.79667
-5.80056
-5.81811
-5.84891
-5.88851
-5.93069
-5.96955
-6.00197
-6.02807
-6.04395
-6.04703
-6.03799
-6.02335
-5.99781
-5.96463
-5.9254
-5.88172
-5.84751
-5.83454
-5.84329
-5.8583
-5.87183
-5.87944
-5.89026
-5.91025
-5.93562
-5.96835
-6.00748
-6.0453
-6.07762
-6.10484
-6.12825
-6.14997
-6.17131
-6.19039
-6.19434
-6.17563
-6.13495
-6.06748
-5.98037
-5.88478
-5.79901
-5.74185
-5.71665
-5.72029
-5.73949
-5.76078
-5.77383
-5.77361
-5.76526
-5.75677
-5.75872
-5.76963
-5.78813
-5.80937
-5.83226
-5.85796
-5.88515
-5.91209
-5.94029
-5.96196
-5.97696
-5.97887
-5.96612
-5.94135
-5.91254
-5.88348
-5.86223
-5.8474
-5.8414
-5.83981
-5.84734
-5.86012
-5.87804
-5.90205
-5.93472
-5.97684
-6.01439
-6.04219
-6.04625
-6.02182
-5.97209
-5.90953
-5.84866
-5.80504
-5.7938
-5.81849
-5.8725
-5.93789
-6.00091
-6.04424
-6.0567
-6.04004
-6.0003
-5.95263
-5.91208
-5.88394
-5.86573
-5.8595
-5.86597
-5.88109
-5.90191
-5.93059
-5.95211
-5.97132
-5.99239
-6.01334
-6.03513
-6.04835
-6.04357
-6.01376
-5.96961
-5.92535
-5.88588
-5.86107
-5.84696
-5.83666
-5.83222
-5.83492
-5.84978
-5.87361
-5.90662
-5.94128
-5.9743
-5.99785
-6.01702
-6.03608
-6.04789
-6.04641
-6.0378
-6.01479
-5.98636
-5.94531
-5.89405
-5.83315
-5.77977
-5.7417
-5.7268
-5.73132
-5.74804
-5.76949
-5.7947
-5.82565
-5.86371
-5.90841
-5.95172
-5.98951
-6.01871
-6.0418
-6.0592
-6.07612
-6.09067
-6.09965
-6.10639
-6.10654
-6.09982
-6.08214
-6.04636
-5.98872
-5.91439
-5.83739
-5.77282
-5.74407
-5.75617
-5.80732
-5.88642
-5.97205
-6.05217
-6.11895
-6.1668
-6.19399
-6.19222
-6.16255
-6.10973
-6.03605
-5.95865
-5.89263
-5.84398
-5.81307
-5.8011
-5.79884
-5.79906
-5.79851
-5.80194
-5.81367
-5.83575
-5.86478
-5.90182
-5.93476
-5.9624
-5.97742
-5.97551
-5.96582
-5.94011
-5.90507
-5.862
-5.81238
-5.75847
-5.71021
-5.67482
-5.66316
-5.67674
-5.71468
-5.76985
-5.82589
-5.87474
-5.90786
-5.92262
-5.92767
-5.93066
-5.93651
-5.94193
-5.95067
-5.95902
-5.96659
-5.97199
-5.97657
-5.97344
-5.96695
-5.95611
-5.94597
-5.94723
-5.96573
-6.00157
-6.0509
-6.10528
-6.15215
-6.18352
-6.19383
-6.18048
-6.14727
-6.09679
-6.03548
-5.96905
-5.90618
-5.85505
-5.82145
-5.80808
-5.81756
-5.84345
-5.8848
-5.92529
-5.95512
-5.97472
-5.98536
-5.99204
-5.9883
-5.97018
-5.92581
-5.85677
-5.77036
-5.68453
-5.61935
-5.59472
-5.62464
-5.70228
-5.81281
-5.9346
-6.04526
-6.13133
-6.1845
-6.20499
-6.19453
-6.16765
-6.13636
-6.11284
-6.09148
-6.07355
-6.04856
-6.01855
-5.98129
-5.94032
-5.89614
-5.85325
-5.82529
-5.81847
-5.83145
-5.85347
-5.87158
-5.87214
-5.85261
-5.82141
-5.78848
-5.76085
-5.74224
-5.73779
-5.74205
-5.75233
-5.77233
-5.79438
-5.82789
-5.86557
-5.90344
-5.9345
-5.9615
-5.97382
-5.9731
-5.96002
-5.93706
-5.91231
-5.88683
-5.86863
-5.85981
-5.86425
-5.88635
-5.92204
-5.9591
-5.99161
-6.01583
-6.01874
-6.00187
-5.96758
-5.9203
-5.86651
-5.81165
-5.76472
-5.73996
-5.74457
-5.77473
-5.82236
-5.87766
-5.92612
-5.96497
-5.98593
-5.98896
-5.9769
-5.96185
-5.95415
-5.9564
-5.97008
-5.98588
-5.99526
-5.99689
-5.98702
-5.96628
-5.94059
-5.91413
-5.88367
-5.86031
-5.83795
-5.81842
-5.80645
-5.80801
-5.82477
-5.85472
-5.8934
-5.93545
-5.97829
-6.01487
-6.04213
-6.05882
-6.06314
-6.05745
-6.04425
-6.02126
-5.99046
-5.95531
-5.91978
-5.89404
-5.88398
-5.89063
-5.90531
-5.91859
-5.91822
-5.90948
-5.8954
-5.88184
-5.87836
-5.87932
-5.8827
-5.87848
-5.86111
-5.83673
-5.80085
-5.76656
-5.74271
-5.73429
-5.73341
-5.74631
-5.76982
-5.80131
-5.8408
-5.88201
-5.92691
-5.97137
-6.00806
-6.03221
-6.04525
-6.03959
-6.01945
-5.98952
-5.95981
-5.93756
-5.92935
-5.93212
-5.94108
-5.95499
-5.96819
-5.97664
-5.97763
-5.96954
-5.95085
-5.92621
-5.90185
-5.89017
-5.89345
-5.91087
-5.93525
-5.95503
-5.95358
-5.93461
-5.90434
-5.87327
-5.85245
-5.85009
-5.85885
-5.88281
-5.90737
-5.92804
-5.9475
-5.96389
-5.98136
-6.00158
-6.02102
-6.03577
-6.03815
-6.02363
-5.99037
-5.94345
-5.89243
-5.84676
-5.81612
-5.80013
-5.79864
-5.80713
-5.82034
-5.84494
-5.87304
-5.90956
-5.9467
-5.97754
-5.99949
-6.0123
-6.00792
-5.99108
-5.96925
-5.94692
-5.93801
-5.94435
-5.96013
-5.97933
-5.99973
-6.01583
-6.02837
-6.04089
-6.05525
-6.07576
-6.11038
-6.14751
-6.18491
-6.20785
-6.21114
-6.19185
-6.14799
-6.08377
-6.00356
-5.91367
-5.83149
-5.7668
-5.72567
-5.71238
-5.71962
-5.74392
-5.77774
-5.8104
-5.83928
-5.86026
-5.85976
-5.84538
-5.82455
-5.8135
-5.81676
-5.83309
-5.8562
-5.88294
-5.90614
-5.9169
-5.91759
-5.90761
-5.89035
-5.87697
-5.87335
-5.88407
-5.89935
-5.91555
-5.92572
-5.92669
-5.91656
-5.90696
-5.89992
-5.89585
-5.89879
-5.90708
-5.91775
-5.93172
-5.94408
-5.95551
-5.96937
-5.98983
-6.02346
-6.06121
-6.09003
-6.10274
-6.09551
-6.06911
-6.02679
-5.98051
-5.94374
-5.9077
-5.87098
-5.83412
-5.79735
-5.76693
-5.74637
-5.73853
-5.7502
-5.77687
-5.814
-5.85457
-5.88992
-5.91205
-5.92056
-5.92548
-5.92548
-5.92638
-5.92953
-5.93396
-5.93637
-5.94273
-5.95145
-5.96695
-5.99039
-6.01988
-6.04881
-6.07274
-6.09168
-6.09727
-6.09231
-6.0758
-6.05234
-6.02755
-6.00083
-5.97589
-5.96244
-5.9514
-5.94299
-5.93188
-5.91978
-5.9062
-5.89156
-5.87759
-5.86608
-5.85657
-5.84783
-5.83662
-5.82481
-5.81145
-5.79797
-5.78686
-5.77517
-5.76616
-5.75979
-5.75995
-5.76517
-5.78038
-5.80133
-5.81969
-5.83429
-5.848
-5.86293
-5.88009
-5.89756
-5.9122
-5.91276
-5.90185
-5.8935
-5.89084
-5.89844
-5.91243
-5.92692
-5.94145
-5.95132
-5.95269
-5.93834
-5.9097
-5.87885
-5.85546
-5.84985
-5.86332
-5.89937
-5.94707
-6.00072
-6.05205
-6.09102
-6.11325
-6.12039
-6.11531
-6.10385
-6.09051
-6.08057
-6.07799
-6.07505
-6.0736
-6.07016
-6.07069
-6.08613
-6.10934
-6.13751
-6.15693
-6.15592
-6.13093
-6.08296
-6.01652
-5.93817
-5.85991
-5.79813
-5.76126
-5.75242
-5.75225
-5.75636
-5.75909
-5.76642
-5.78313
-5.80814
-5.83618
-5.86316
-5.88393
-5.89208
-5.88718
-5.87372
-5.85557
-5.83866
-5.83601
-5.84912
-5.87473
-5.90433
-5.93189
-5.95183
-5.96078
-5.96169
-5.95411
-5.95245
-5.95469
-5.96034
-5.9685
-5.97404
-5.97642
-5.9666
-5.94709
-5.92421
-5.90148
-5.88927
-5.88452
-5.88506
-5.88697
-5.88412
-5.87865
-5.86817
-5.8571
-5.84605
-5.83992
-5.83706
-5.83569
-5.83117
-5.8209
-5.81288
-5.80831
-5.8156
-5.83678
-5.87037
-5.90857
-5.94754
-5.98678
-6.02088
-6.05431
-6.08615
-6.11096
-6.11967
-6.11009
-6.08385
-6.05044
-6.01829
-5.99507
-5.98577
-5.98299
-5.98324
-5.97718
-5.96214
-5.93613
-5.90473
-5.87126
-5.84532
-5.83222
-5.83503
-5.84251
-5.84791
-5.8465
-5.83583
-5.82207
-5.80659
-5.79147
-5.77543
-5.76527
-5.76409
-5.77878
-5.80496
-5.8427
-5.8853
-5.91919
-5.93312
-5.92658
-5.91148
-5.89661
-5.89298
-5.89666
-5.91068
-5.92863
-5.95777
-5.98578
-6.00624
-6.01934
-6.03095
-6.04104
-6.05157
-6.06222
-6.07273
-6.07903
-6.07692
-6.07114
-6.06626
-6.06116
-6.05612
-6.05418
-6.04787
-6.03199
-6.00715
-5.97902
-5.95206
-5.92842
-5.90987
-5.89225
-5.87876
-5.86239
-5.84198
-5.81283
-5.7792
-5.74671
-5.71694
-5.7005
-5.69963
-5.71499
-5.73868
-5.7674
-5.79116
-5.81386
-5.83142
-5.85223
-5.87533
-5.90382
-5.93754
-5.97071
-6.00263
-6.0218
-6.02696
-6.01847
-6.00005
-5.97508
-5.94485
-5.91597
-5.88687
-5.85576
-5.81756
-5.77679
-5.74231
-5.7197
-5.71522
-5.72432
-5.751
-5.79997
-5.87077
-5.95084
-6.02523
-6.08657
-6.12794
-6.15674
-6.17305
-6.18028
-6.18178
-6.16978
-6.13594
-6.0777
-6.00254
-5.92322
-5.85942
-5.82165
-5.81948
-5.84869
-5.89023
-5.92866
-5.95444
-5.9655
-5.95452
-5.93061
-5.89156
-5.8404
-5.78982
-5.74975
-5.7291
-5.7337
-5.75961
-5.79772
-5.83128
-5.85823
-5.86949
-5.86719
-5.85838
-5.85076
-5.85561
-5.87326
-5.89341
-5.90228
-5.89589
-5.87879
-5.85793
-5.83947
-5.83198
-5.8327
-5.85181
-5.88226
-5.92481
-5.97035
-6.01177
-6.04153
-6.05849
-6.0599
-6.05074
-6.03796
-6.02589
-6.01943
-6.02143
-6.03195
-6.04459
-6.05281
-6.04622
-6.02777
-5.99809
-5.96283
-5.93268
-5.91805
-5.91845
-5.92495
-5.92824
-5.91845
-5.89127
-5.85752
-5.82242
-5.79635
-5.78642
-5.80142
-5.83306
-5.87954
-5.91961
-5.94303
-5.95113
-5.95794
-5.96942
-5.99423
-6.02642
-6.06282
-6.09395
-6.10862
-6.10907
-6.09198
-6.05843
-6.02361
-5.99363
-5.98059
-5.98622
-6.00203
-6.02316
-6.03777
-6.04181
-6.03411
-6.00916
-5.97391
-5.93095
-5.88242
-5.83703
-5.80165
-5.77722
-5.76042
-5.74944
-5.73527
-5.72477
-5.72474
-5.74064
-5.77337
-5.82204
-5.87093
-5.91411
-5.94223
-5.95563
-5.95628
-5.94302
-5.92343
-5.89648
-5.87087
-5.84929
-5.83597
-5.83866
-5.866
-5.911
-5.96685
-6.02075
-6.0698
-6.1032
-6.12896
-6.13959
-6.14311
-6.13264
-6.10559
-6.06488
-6.01323
-5.95937
-5.91361
-5.88762
-5.88098
-5.88987
-5.90726
-5.92069
-5.91138
-5.87637
-5.81864
-5.75391
-5.69545
-5.66168
-5.65493
-5.67248
-5.70591
-5.74665
-5.7933
-5.83447
-5.86738
-5.89097
-5.89537
-5.88778
-5.86913
-5.84963
-5.83842
-5.8443
-5.87462
-5.93039
-6.00194
-6.07678
-6.13984
-6.18449
-6.20925
-6.21035
-6.19064
-6.15836
-6.1178
-6.07366
-6.03029
-5.98936
-5.95243
-5.92215
-5.89397
-5.87403
-5.85093
-5.82678
-5.80846
-5.79101
-5.78268
-5.78896
-5.80738
-5.83468
-5.86384
-5.88557
-5.89344
-5.89027
-5.88144
-5.87612
-5.87811
-5.88674
-5.89798
-5.91534
-5.93576
-5.96263
-5.99884
-6.0396
-6.07637
-6.10202
-6.11242
-6.10903
-6.09511
-6.07347
-6.05155
-6.03134
-6.01801
-6.00089
-5.9901
-5.98887
-5.99765
-6.01187
-6.02279
-6.03125
-6.02709
-6.0106
-5.97566
-5.9305
-5.88879
-5.856
-5.83115
-5.81431
-5.80028
-5.79744
-5.80003
-5.81622
-5.83849
-5.86102
-5.87864
-5.88501
-5.87604
-5.86129
-5.84084
-5.81362
-5.78027
-5.74528
-5.71128
-5.68425
-5.6735
-5.67842
-5.69468
-5.71789
-5.74853
-5.78441
-5.82346
-5.86802
-5.91341
-5.95456
-5.99112
-6.01783
-6.03875
-6.05549
-6.066
-6.07044
-6.07226
-6.07216
-6.07865
-6.09154
-6.10897
-6.12061
-6.12734
-6.12212
-6.1088
-6.0868
-6.05615
-6.02166
-5.98089
-5.93438
-5.88649
-5.84466
-5.81623
-5.80113
-5.80149
-5.81036
-5.82865
-5.85294
-5.87835
-5.90196
-5.92022
-5.93446
-5.94482
-5.94229
-5.93378
-5.91199
-5.87653
-5.83518
-5.79001
-5.75192
-5.72994
-5.73881
-5.76917
-5.8074
-5.84557
-5.87176
-5.88571
-5.89275
-5.89245
-5.89347
-5.89677
-5.90565
-5.9127
-5.92415
-5.93011
-5.93466
-5.93918
-5.94505
-5.95117
-5.96037
-5.97817
-6.00338
-6.02855
-6.04858
-6.06278
-6.06429
-6.06361
-6.06904
-6.08825
-6.12551
-6.16316
-6.18986
-6.1945
-6.17465
-6.13372
-6.07538
-6.00624
-5.93405
-5.87118
-5.82096
-5.79056
-5.77005
-5.76271
-5.765
-5.77274
-5.78607
-5.80607
-5.83021
-5.86084
-5.89607
-5.93079
-5.96158
-5.98754
-6.00272
-6.0022
-5.98841
-5.96755
-5.94404
-5.924
-5.91152
-5.90155
-5.89753
-5.90554
-5.92196
-5.94765
-5.97011
-5.99111
-6.00111
-5.99935
-5.98445
-5.95757
-5.91953
-5.87257
-5.82037
-5.76982
-5.72939
-5.70965
-5.709
-5.72659
-5.75845
-5.7957
-5.83614
-5.8727
-5.90238
-5.92717
-5.94939
-5.96791
-5.98475
-5.99929
-6.01252
-6.02551
-6.03909
-6.05756
-6.08228
-6.10196
-6.10311
-6.07586
-6.01617
-5.93961
-5.86476
-5.8086
-5.78535
-5.79801
-5.83728
-5.88067
-5.91633
-5.9426
-5.95684
-5.96486
-5.96896
-5.97677
-5.99073
-6.00867
-6.03556
-6.06553
-6.09307
-6.11502
-6.12807
-6.12553
-6.10317
-6.06787
-6.01874
-5.9652
-5.90376
-5.84052
-5.77883
-5.72737
-5.69535
-5.68191
-5.68909
-5.71389
-5.7483
-5.78782
-5.82684
-5.86521
-5.9001
-5.92912
-5.95672
-5.98101
-6.00251
-6.01991
-6.02261
-6.00369
-5.95878
-5.88933
-5.8044
-5.72065
-5.65512
-5.6238
-5.63186
-5.67781
-5.74962
-5.83132
-5.90987
-5.98479
-6.04494
-6.08884
-6.11077
-6.11797
-6.1113
-6.09992
-6.09026
-6.08347
-6.07833
-6.07431
-6.06929
-6.06124
-6.05227
-6.03962
-6.02405
-6.00086
-5.9795
-5.96325
-5.95027
-5.94491
-5.94419
-5.94495
-5.94762
-5.94711
-5.94023
-5.92425
-5.89978
-5.86287
-5.8169
-5.76449
-5.70575
-5.65554
-5.62223
-5.61159
-5.62273
-5.64679
-5.67823
-5.72279
-5.77774
-5.8471
-5.92181
-5.99431
-6.04955
-6.07942
-6.08237
-6.06452
-6.033
-5.99256
-5.95362
-5.92204
-5.90142
-5.89474
-5.90578
-5.92738
-5.95463
-5.9858
-6.01682
-6.04878
-6.07743
-6.105
-6.12596
-6.13941
-6.14176
-6.13404
-6.11746
-6.0859
-6.03948
-5.98337
-5.92794
-5.88431
-5.86251
-5.86724
-5.89359
-5.92453
-5.94845
-5.95573
-5.95316
-5.9434
-5.9359
-5.93394
-5.93512
-5.94225
-5.94908
-5.94859
-5.94911
-5.94775
-5.94142
-5.93458
-5.92134
-5.90079
-5.87047
-5.83116
-5.79753
-5.77917
-5.78233
-5.80084
-5.82176
-5.8345
-5.8422
-5.84906
-5.86387
-5.89131
-5.92899
-5.9662
-5.99749
-6.01999
-6.02497
-6.01747
-5.99409
-5.9589
-5.91726
-5.8732
-5.83989
-5.81426
-5.8036
-5.80545
-5.81764
-5.83874
-5.87222
-5.90876
-5.94879
-5.98216
-6.00367
-6.00752
-5.98486
-5.93711
-5.86886
-5.79447
-5.72709
-5.68649
-5.6772
-5.69858
-5.73731
-5.78172
-5.81769
-5.84233
-5.85763
-5.86998
-5.88925
-5.92114
-5.96711
-6.0179
-6.06108
-6.08508
-6.08337
-6.06167
-6.01937
-5.96095
-5.90234
-5.8443
-5.8009
-5.77912
-5.78503
-5.81401
-5.85142
-5.88506
-5.91777
-5.94884
-5.9774
-6.00002
-6.01359
-6.01691
-6.0163
-6.01396
-6.0134
-6.01674
-6.01162
-5.99778
-5.97474
-5.94265
-5.91034
-5.88361
-5.86798
-5.86572
-5.8739
-5.89076
-5.90226
-5.90203
-5.89394
-5.87198
-5.84559
-5.81211
-5.78051
-5.74952
-5.72445
-5.71011
-5.7057
-5.71331
-5.72789
-5.75086
-5.77477
-5.80752
-5.8517
-5.90723
-5.97254
-6.03202
-6.08217
-6.11202
-6.11673
-6.10514
-6.08112
-6.05483
-6.03404
-6.0272
-6.03587
-6.05263
-6.07615
-6.1
-6.11871
-6.12444
-6.11578
-6.0914
-6.05232
-6.00849
-5.9581
-5.90991
-5.86323
-5.81894
-5.78829
-5.77382
-5.77117
-5.78074
-5.79535
-5.80929
-5.82702
-5.85128
-5.88668
-5.92847
-5.97552
-6.01154
-6.03878
-6.05408
-6.05883
-6.05799
-6.05196
-6.04482
-6.03318
-6.01985
-6.00686
-5.98817
-5.973
-5.96035
-5.95425
-5.95848
-5.97025
-5.99048
-6.0115
-6.03198
-6.04122
-6.03763
-6.02216
-5.99471
-5.95903
-5.9256
-5.90219
-5.89018
-5.89014
-5.88888
-5.87935
-5.85509
-5.81906
-5.77276
-5.73272
-5.70529
-5.68814
-5.67915
-5.67596
-5.6747
-5.68057
-5.69634
-5.72268
-5.74986
-5.776
-5.79812
-5.81965
-5.8411
-5.85993
-5.87867
-5.8999
-5.91568
-5.92947
-5.93574
-5.9372
-5.93528
-5.928
-5.91739
-5.90525
-5.89296
-5.8851
-5.88428
-5.88611
-5.8925
-5.90023
-5.90947
-5.91477
-5.91759
-5.92257
-5.93402
-5.95295
-5.97451
-6.00166
-6.02687
-6.04492
-6.0505
-6.04649
-6.03565
-6.02018
-6.00384
-5.99156
-5.97893
-5.9683
-5.96557
-5.96667
-5.97047
-5.96627
-5.95516
-5.9348
-5.91158
-5.89428
-5.88891
-5.89578
-5.90784
-5.92074
-5.92788
-5.92719
-5.92107
-5.90937
-5.8997
-5.8936
-5.88798
-5.88153
-5.87398
-5.85936
-5.84231
-5.82683
-5.81179
-5.80194
-5.80312
-5.81303
-5.83803
-5.87358
-5.91416
-5.95171
-5.97292
-5.96811
-5.93639
-5.88449
-5.82573
-5.77769
-5.74683
-5.72781
-5.72243
-5.72621
-5.7378
-5.76196
-5.7997
-5.85454
-5.92206
-5.98496
-6.03184
-6.05752
-6.05994
-6.04824
-6.02795
-6.00488
-5.99009
-5.99013
-6.00662
-6.03158
-6.05955
-6.08114
-6.10182
-6.11624
-6.13217
-6.13999
-6.13956
-6.12227
-6.08739
-6.0389
-5.98249
-5.92708
-5.87568
-5.83538
-5.80963
-5.8039
-5.81744
-5.85004
-5.88778
-5.91553
-5.92504
-5.91705
-5.8927
-5.8646
-5.83536
-5.8161
-5.81532
-5.82476
-5.84122
-5.8579
-5.87024
-5.87912
-5.8886
-5.8926
-5.8911
-5.88124
-5.86381
-5.84621
-5.8337
-5.8314
-5.83628
-5.84213
-5.84728
-5.85144
-5.86057
-5.87844
-5.90395
-5.93017
-5.95325
-5.96514
-5.97247
-5.9736
-5.97432
-5.9744
-5.9743
-5.97666
-5.97944
-5.9798
-5.97914
-5.97608
-5.96829
-5.96095
-5.95257
-5.94639
-5.94812
-5.95572
-5.97274
-5.99104
-6.00599
-6.01109
-6.00128
-5.97758
-5.95473
-5.93326
-5.9213
-5.91487
-5.91584
-5.91291
-5.91257
-5.90787
-5.90519
-5.90774
-5.90388
-5.90018
-5.89713
-5.89987
-5.91046
-5.92719
-5.93811
-5.94252
-5.92899
-5.90465
-5.87235
-5.84508
-5.82572
-5.82367
-5.83131
-5.84934
-5.86745
-5.88421
-5.90051
-5.91593
-5.92717
-5.9252
-5.91309
-5.88646
-5.85276
-5.81747
-5.79201
-5.78406
-5.79902
-5.83193
-5.88225
-5.94205
-6.00453
-6.06328
-6.10618
-6.12379
-6.12067
-6.09031
-6.04523
-5.99052
-5.936
-5.89687
-5.87835
-5.87901
-5.89767
-5.92664
-5.95755
-5.985
-6.00403
-6.01295
-6.01883
-6.0209
-6.01929
-6.0191
-6.01203
-6.00342
-5.9852
-5.9649
-5.94246
-5.92044
-5.90177
-5.89448
-5.89998
-5.91338
-5.93344
-5.95001
-5.9608
-5.96335
-5.96131
-5.95275
-5.93836
-5.91235
-5.8835
-5.85488
-5.8244
-5.80596
-5.79254
-5.7844
-5.7789
-5.77211
-5.75954
-5.74133
-5.71196
-5.68243
-5.64979
-5.62735
-5.62147
-5.63937
-5.68659
-5.75303
-5.83377
-5.91375
-5.98696
-6.04828
-6.09674
-6.11964
-6.12115
-6.09801
-6.05886
-6.01128
-5.96703
-5.93045
-5.90752
-5.89436
-5.89403
-5.9019
-5.92011
-5.94106
-5.95812
-5.97412
-5.98253
-5.9876
-5.98745
-5.98136
-5.97113
-5.95718
-5.93731
-5.9142
-5.88665
-5.85895
-5.83375
-5.81456
-5.80099
-5.79335
-5.79239
-5.79892
-5.81214
-5.82786
-5.8492
-5.88003
-5.92493
-5.9795
-6.03334
-6.07526
-6.09744
-6.10298
-6.0977
-6.08858
-6.08226
-6.08227
-6.08326
-6.08173
-6.07777
-6.0659
-6.04724
-6.02391
-6.00053
-5.97529
-5.94524
-5.91001
-5.87102
-5.84506
-5.83561
-5.84174
-5.85191
-5.8565
-5.84805
-5.83262
-5.81246
-5.80136
-5.80388
-5.82709
-5.86593
-5.91257
-5.9616
-6.00558
-6.04022
-6.06188
-6.06871
-6.06399
-6.04751
-6.02127
-5.98559
-5.94629
-5.90512
-5.8735
-5.86239
-5.87984
-5.91454
-5.95865
-5.99415
-6.0174
-6.02112
-6.00282
-5.97272
-5.93375
-5.89062
-5.8613
-5.84818
-5.84582
-5.84584
-5.84362
-5.83619
-5.81924
-5.79558
-5.76772
-5.7383
-5.71517
-5.70598
-5.71762
-5.75618
-5.82372
-5.90701
-6.00301
-6.0922
-6.15972
-6.19828
-6.20788
-6.18892
-6.14893
-6.10317
-6.06278
-6.03843
-6.02986
-6.03677
-6.04822
-6.05766
-6.06355
-6.06253
-6.04948
-6.02638
-5.98976
-5.94835
-5.91552
-5.90067
-5.90866
-5.92695
-5.94187
-5.94965
-5.94816
-5.9481
-5.95247
-5.96781
-5.99078
-6.01347
-6.02944
-6.03349
-6.02143
-5.98954
-5.94149
-5.88628
-5.83151
-5.77844
-5.72861
-5.68903
-5.66529
-5.65619
-5.66727
-5.692
-5.72771
-5.77295
-5.82186
-5.86663
-5.9034
-5.93185
-5.94575
-5.95143
-5.94862
-5.9415
-5.93264
-5.92264
-5.91451
-5.90491
-5.89619
-5.88624
-5.87777
-5.86948
-5.85927
-5.85313
-5.85295
-5.86202
-5.88377
-5.91415
-5.95473
-6.00579
-6.06489
-6.11927
-6.15593
-6.16816
-6.15599
-6.11551
-6.05063
-5.97689
-5.9025
-5.84058
-5.80543
-5.80643
-5.83183
-5.87367
-5.91773
-5.95306
-5.97523
-5.98224
-5.97978
-5.97107
-5.95639
-5.94004
-5.91814
-5.89167
-5.86528
-5.84308
-5.8371
-5.84771
-5.86723
-5.88433
-5.88971
-5.88449
-5.87219
-5.85834
-5.84778
-5.8484
-5.86057
-5.88137
-5.91284
-5.95014
-5.98645
-6.02066
-6.04912
-6.0711
-6.08369
-6.08676
-6.0797
-6.06039
-6.0297
-5.9893
-5.94542
-5.90365
-5.87771
-5.87184
-5.8775
-5.88687
-5.88731
-5.87984
-5.86126
-5.84378
-5.82716
-5.8163
-5.81526
-5.8258
-5.84728
-5.87066
-5.88934
-5.90098
-5.90752
-5.90819
-5.89978
-5.88932
-5.88124
-5.87969
-5.88647
-5.90447
-5.93692
-5.9808
-6.02099
-6.06047
-6.09058
-6.10514
-6.10509
-6.08535
-6.05244
-6.00517
-5.95922
-5.91593
-5.88189
-5.8636
-5.85268
-5.8553
-5.86406
-5.88065
-5.90476
-5.92913
-5.95572
-5.98436
-6.00537
-6.02177
-6.02693
-6.01946
-5.99938
-5.97318
-5.94892
-5.92588
-5.90513
-5.88729
-5.86991
-5.8571
-5.8438
-5.82905
-5.81574
-5.80694
-5.80525
-5.81447
-5.82867
-5.85041
-5.87222
-5.89275
-5.90666
-5.91004
-5.9075
-5.90391
-5.90495
-5.91367
-5.93352
-5.95997
-5.98906
-6.01356
-6.03489
-6.05316
-6.06716
-6.06868
-6.05786
-6.03099
-5.99478
-5.94658
-5.89737
-5.8509
-5.81349
-5.78832
-5.77479
-5.76861
-5.76916
-5.77117
-5.76647
-5.75975
-5.74539
-5.72955
-5.71195
-5.69616
-5.68597
-5.68399
-5.69009
-5.70802
-5.74226
-5.7944
-5.86019
-5.92452
-5.96868
-5.98607
-5.97476
-5.93814
-5.89365
-5.84622
-5.81221
-5.79629
-5.8027
-5.82848
-5.86497
-5.90718
-5.94675
-5.98574
-6.01623
-6.04158
-6.06149
-6.07634
-6.08825
-6.10317
-6.11546
-6.12468
-6.12981
-6.12807
-6.11367
-6.08804
-6.049
-5.99687
-5.93559
-5.86973
-5.80971
-5.76629
-5.74899
-5.75092
-5.7687
-5.79862
-5.83161
-5.86836
-5.90089
-5.92901
-5.95114
-5.96264
-5.96315
-5.95433
-5.94106
-5.92445
-5.9041
-5.87917
-5.8557
-5.82459
-5.79164
-5.75962
-5.73169
-5.71917
-5.72226
-5.74303
-5.77588
-5.8145
-5.85862
-5.8967
-5.93319
-5.9661
-5.99834
-6.02932
-6.0555
-6.07638
-6.0921
-6.09871
-6.09085
-6.06676
-6.02247
-5.95952
-5.88771
-5.81932
-5.763
-5.7263
-5.70777
-5.70266
-5.7137
-5.73689
-5.77369
-5.81804
-5.86499
-5.90121
-5.92169
-5.91799
-5.89904
-5.87995
-5.86654
-5.86946
-5.88614
-5.92289
-5.97554
-6.03342
-6.08835
-6.1293
-6.15305
-6.1591
-6.14403
-6.11083
-6.07195
-6.02532
-5.97727
-5.94134
-5.91601
-5.90371
-5.90453
-5.90989
-5.91623
-5.91693
-5.91622
-5.90774
-5.89464
-5.87652
-5.85206
-5.83336
-5.81616
-5.80855
-5.81992
-5.85121
-5.89342
-5.93438
-5.9651
-5.97824
-5.97499
-5.96101
-5.9432
-5.9249
-5.91271
-5.91349
-5.92003
-5.92806
-5.93351
-5.93197
-5.92658
-5.91565
-5.903
-5.885
-5.86928
-5.85338
-5.83932
-5.82975
-5.83172
-5.8424
-5.85882
-5.88449
-5.91833
-5.94844
-5.96795
-5.97247
-5.96253
-5.93814
-5.91206
-5.89358
-5.88877
-5.89781
-5.92553
-5.95598
-5.9841
-5.98831
-5.97542
-5.94527
-5.90973
-5.87614
-5.85553
-5.84662
-5.84597
-5.84817
-5.85477
-5.85859
-5.8592
-5.85799
-5.85023
-5.84162
-5.8317
-5.82574
-5.82567
-5.83575
-5.86044
-5.90305
-5.96191
-6.03594
-6.12196
-6.20914
-6.2842
-6.34295
-6.3706
-6.36783
-6.33477
-6.2693
-6.18776
-6.09702
-6.00332
-5.91899
-5.85182
-5.80291
-5.77477
-5.76275
-5.75421
-5.74704
-5.73871
-5.73749
-5.75717
-5.79527
-5.83387
-5.8569
-5.86421
-5.85695
-5.84868
-5.84049
-5.83532
-5.82571
-5.81447
-5.79865
-5.77987
-5.77297
-5.77867
-5.80392
-5.83718
-5.86795
-5.89356
-5.91291
-5.92909
-5.94312
-5.95874
-5.97347
-5.9827
-5.98687
-5.9891
-5.98554
-5.98751
-5.99607
-6.01259
-6.02916
-6.03815
-6.04146
-6.03676
-6.03735
-6.0443
-6.06196
-6.08334
-6.09441
-6.09212
-6.07072
-6.03057
-5.97447
-5.91411
-5.85973
-5.82588
-5.82026
-5.83655
-5.86471
-5.8989
-5.92801
-5.9495
-5.96142
-5.96474
-5.96375
-5.96279
-5.96726
-5.97502
-5.9762
-5.96751
-5.94511
-5.91601
-5.88571
-5.84987
-5.81502
-5.77651
-5.73909
-5.70286
-5.67862
-5.67567
-5.69789
-5.73681
-5.77917
-5.81647
-5.84568
-5.86347
-5.87433
-5.87935
-5.8839
-5.88733
-5.89171
-5.89279
-5.8884
-5.87631
-5.86054
-5.84561
-5.83729
-5.84155
-5.85436
-5.87845
-5.90821
-5.93823
-5.96105
-5.97069
-5.97064
-5.96724
-5.96742
-5.97292
-5.97879
-5.98245
-5.98712
-5.99507
-6.00894
-6.02798
-6.05311
-6.07296
-6.08796
-6.09703
-6.09828
-6.0948
-6.08013
-6.05348
-6.01556
-5.97118
-5.92079
-5.87021
-5.82296
-5.78763
-5.76347
-5.75356
-5.74941
-5.75406
-5.76097
-5.76992
-5.77887
-5.7865
-5.79107
-5.80011
-5.81091
-5.82578
-5.85132
-5.88843
-5.94355
-5.99963
-6.05074
-6.08368
-6.09585
-6.09114
-6.06873
-6.04156
-6.01909
-6.01531
-6.02814
-6.05251
-6.07546
-6.08978
-6.09474
-6.09126
-6.08715
-6.07835
-6.07557
-6.06878
-6.05587
-6.03434
-6.00254
-5.96028
-5.90942
-5.85154
-5.78844
-5.72608
-5.67407
-5.63923
-5.62457
-5.63248
-5.65997
-5.70027
-5.74392
-5.78702
-5.81879
-5.83651
-5.84921
-5.85979
-5.87055
-5.88795
-5.90875
-5.92872
-5.94101
-5.94287
-5.93596
-5.91814
-5.89326
-5.86629
-5.83559
-5.80492
-5.78224
-5.7714
-5.78013
-5.80902
-5.85609
-5.91458
-5.97492
-6.02419
-6.06123
-6.0793
-6.08183
-6.07095
-6.05869
-6.05098
-6.04998
-6.05379
-6.06512
-6.06524
-6.05556
-6.03454
-6.00371
-5.97165
-5.94898
-5.93813
-5.94267
-5.95805
-5.97834
-5.99193
-5.99486
-5.98286
-5.95303
-5.91551
-5.88277
-5.86203
-5.85197
-5.85505
-5.86432
-5.88559
-5.91633
-5.95407
-5.99828
-6.03889
-6.07208
-6.09096
-6.09401
-6.07641
-6.03897
-5.98021
-5.9051
-5.8223
-5.74356
-5.67683
-5.62556
-5.59376
-5.58296
-5.59622
-5.62828
-5.67802
-5.73763
-5.79775
-5.85564
-5.90826
-5.95394
-5.99786
-6.02664
-6.04683
-6.05246
-6.04428
-6.02421
-5.99421
-5.95486
-5.91559
-5.88538
-5.86836
-5.87123
-5.89448
-5.93321
-5.97354
-6.00789
-6.0296
-6.03507
-6.02718
-6.00772
-5.98395
-5.96065
-5.94272
-5.93041
-5.92319
-5.93302
-5.95158
-5.97797
-6.0097
-6.03893
-6.05693
-6.05802
-6.03624
-5.99697
-5.94418
-5.89108
-5.84338
-5.80829
-5.78952
-5.78765
-5.7965
-5.81125
-5.82836
-5.84811
-5.87157
-5.8913
-5.91077
-5.91325
-5.903
-5.88181
-5.85147
-5.82544
-5.80615
-5.79817
-5.80625
-5.82489
-5.85394
-5.89137
-5.93791
-5.99402
-6.05504
-6.1054
-6.13768
-6.1428
-6.12516
-6.08767
-6.03819
-5.99486
-5.94746
-5.91276
-5.89771
-5.90093
-5.92337
-5.95657
-5.9852
-5.99982
-5.99566
-5.96746
-5.92214
-5.86438
-5.8151
-5.785
-5.7879
-5.82072
-5.877
-5.94049
-5.99362
-6.02678
-6.0334
-6.0205
-5.99483
-5.97364
-5.96439
-5.97145
-5.98879
-6.00263
-6.00466
-5.99762
-5.99194
-5.98733
-5.98637
-5.98987
-5.99871
-6.01052
-6.01065
-6.00446
-5.98049
-5.94082
-5.89655
-5.85922
-5.84362
-5.85372
-5.88999
-5.93414
-5.97566
-6.00605
-6.02188
-6.02388
-6.01173
-5.98501
-5.94815
-5.90359
-5.85734
-5.81528
-5.77943
-5.75572
-5.74147
-5.73924
-5.751
-5.78122
-5.82348
-5.87945
-5.94035
-5.994
-6.03585
-6.06224
-6.07184
-6.07139
-6.06475
-6.05795
-6.05408
-6.04828
-6.0489
-6.04787
-6.04669
-6.04286
-6.03265
-6.01723
-5.99142
-5.95707
-5.91636
-5.87556
-5.83963
-5.81531
-5.80749
-5.80671
-5.81183
-5.82386
-5.83461
-5.84825
-5.85822
-5.86138
-5.85575
-5.84501
-5.83481
-5.83392
-5.83875
-5.84562
-5.8484
-5.84682
-5.84158
-5.838
-5.84164
-5.8556
-5.87963
-5.91442
-5.95399
-5.99988
-6.04581
-6.08413
-6.11393
-6.12958
-6.12477
-6.10632
-6.07065
-6.02738
-5.98474
-5.95183
-5.92702
-5.91178
-5.90686
-5.90039
-5.88689
-5.86885
-5.85479
-5.85655
-5.87742
-5.90686
-5.9266
-5.93035
-5.91726
-5.88922
-5.85494
-5.82302
-5.79785
-5.7866
-5.79929
-5.83108
-5.88059
-5.93604
-5.99402
-6.04918
-6.09574
-6.12852
-6.14679
-6.14308
-6.11995
-6.08404
-6.04624
-6.02256
-6.0151
-6.02167
-6.04292
-6.06768
-6.0952
-6.11574
-6.12158
-6.11557
-6.08299
-6.0259
-5.95206
-5.86991
-5.79501
-5.74271
-5.71853
-5.71847
-5.73347
-5.75789
-5.78336
-5.81739
-5.85561
-5.89794
-5.93648
-5.97001
-5.99279
-6.00036
-5.99863
-5.99221
-5.98662
-5.98433
-5.97708
-5.96141
-5.9318
-5.89219
-5.84727
-5.80934
-5.78221
-5.77196
-5.77077
-5.78473
-5.80456
-5.82854
-5.84806
-5.86198
-5.86549
-5.85973
-5.84921
-5.8494
-5.87227
-5.91731
-5.96655
-5.99835
-6.00404
-5.97326
-5.91035
-5.83839
-5.77333
-5.72891
-5.72187
-5.75231
-5.80333
-5.8609
-5.91055
-5.93895
-5.94748
-5.93676
-5.91189
-5.87986
-5.84408
-5.80772
-5.77355
-5.74778
-5.74072
-5.76195
-5.80662
-5.87214
-5.94146
-6.00483
-6.04875
-6.08092
-6.10011
-6.10565
-6.09965
-6.07967
-6.05891
-6.03307
-6.00696
-5.98141
-5.95424
-5.92472
-5.89552
-5.86591
-5.83523
-5.80812
-5.78876
-5.78031
-5.78739
-5.81007
-5.84909
-5.90894
-5.97602
-6.03621
-6.06399
-6.06324
-6.03824
-6.00989
-5.9973
-6.00082
-6.0168
-6.0381
-6.05086
-6.05102
-6.03017
-5.98872
-5.93663
-5.87143
-5.80617
-5.75402
-5.71892
-5.70672
-5.71198
-5.73298
-5.75847
-5.78769
-5.8189
-5.85383
-5.89186
-5.93215
-5.96959
-6.00197
-6.023
-6.03274
-6.02529
-6.00491
-5.97543
-5.94523
-5.92468
-5.92423
-5.94335
-5.97741
-6.01358
-6.03984
-6.04716
-6.03274
-5.99899
-5.95326
-5.9
-5.84808
-5.80745
-5.77694
-5.7611
-5.76557
-5.78566
-5.81624
-5.85335
-5.89255
-5.93475
-5.96844
-5.98931
-5.9924
-5.9756
-5.9468
-5.90879
-5.87331
-5.84257
-5.82697
-5.8243
-5.83371
-5.85036
-5.87234
-5.88859
-5.89644
-5.89354
-5.88378
-5.87474
-5.87271
-5.876
-5.89192
-5.91573
-5.94692
-5.97292
-5.9928
-5.99821
-5.98949
-5.96724
-5.9368
-5.91185
-5.90107
-5.90156
-5.90853
-5.91206
-5.90876
-5.90599
-5.90773
-5.91113
-5.91276
-5.90792
-5.89438
-5.86882
-5.84225
-5.8268
-5.82902
-5.84204
-5.86218
-5.88412
-5.90346
-5.91743
-5.92798
-5.93426
-5.93983
-5.94614
-5.95384
-5.96765
-5.97948
-5.98957
-6.00263
-6.01443
-6.02483
-6.0274
-6.02242
-6.01038
-5.99279
-5.97868
-5.9712
-5.96938
-5.96928
-5.96
-5.94063
-5.9131
-5.87379
-5.82546
-5.77365
-5.72259
-5.67599
-5.65381
-5.664
-5.71015
-5.78416
-5.86729
-5.93979
-5.99334
-6.02019
-6.03092
-6.03029
-6.02206
-6.01634
-6.01783
-6.02129
-6.02507
-6.03006
-6.03131
-6.0304
-6.02436
-6.01415
-6.00354
-5.99393
-5.99276
-5.99597
-5.99838
-6.00085
-6.00046
-5.99523
-5.98749
-5.9744
-5.96148
-5.95287
-5.95056
-5.94925
-5.94387
-5.93195
-5.90875
-5.87768
-5.83633
-5.79704
-5.76644
-5.74988
-5.75091
-5.76027
-5.77681
-5.79455
-5.81472
-5.8383
-5.86585
-5.90078
-5.93957
-5.97859
-6.01262
-6.04362
-6.06512
-6.07623
-6.07685
-6.0654
-6.04493
-6.01393
-5.98216
-5.95393
-5.93663
-5.92637
-5.92031
-5.91918
-5.92012
-5.91889
-5.91719
-5.91286
-5.90126
-5.881
-5.8581
-5.83424
-5.81752
-5.81676
-5.83466
-5.86486
-5.90035
-5.93205
-5.96046
-5.98252
-5.99909
-6.01155
-6.02383
-6.03357
-6.04569
-6.05481
-6.05314
-6.04063
-6.01616
-5.98837
-5.95601
-5.92439
-5.89591
-5.86543
-5.83247
-5.80611
-5.78144
-5.76541
-5.7569
-5.76026
-5.77927
-5.81475
-5.8652
-5.91767
-5.96449
-6.00001
-6.02053
-6.0325
-6.04539
-6.05852
-6.07149
-6.08113
-6.07877
-6.07138
-6.05288
-6.02469
-5.98348
-5.93572
-5.88252
-5.82696
-5.77863
-5.74168
-5.72059
-5.72062
-5.7389
-5.77439
-5.81212
-5.84553
-5.86915
-5.89011
-5.90601
-5.92301
-5.93757
-5.95041
-5.96516
-5.97945
-5.99583
-6.01048
-6.02109
-6.02734
-6.023
-6.01754
-6.00503
-5.99494
-5.98087
-5.96064
-5.93652
-5.9169
-5.90262
-5.90111
-5.90925
-5.92066
-5.93758
-5.95358
-5.96424
-5.97424
-5.97943
-5.97946
-5.97994
-5.98019
-5.98851
-6.0073
-6.03069
-6.05584
-6.07847
-6.09278
-6.09432
-6.08125
-6.05506
-6.01938
-5.97708
-5.92331
-5.86387
-5.80893
-5.76034
-5.71773
-5.67689
-5.64376
-5.61665
-5.60471
-5.6128
-5.63699
-5.67072
-5.70847
-5.74648
-5.77772
-5.80247
-5.82304
-5.83801
-5.85758
-5.89062
-5.93157
-5.97494
-6.00847
-6.02583
-6.03098
-6.02929
-6.03099
-6.04719
-6.06645
-6.08279
-6.08483
-6.07582
-6.05381
-6.01979
-5.97692
-5.93678
-5.90041
-5.87443
-5.86472
-5.86259
-5.86641
-5.86815
-5.86553
-5.86381
-5.86597
-5.87266
-5.88554
-5.89899
-5.91193
-5.91604
-5.90968
-5.89356
-5.87788
-5.8663
-5.86314
-5.86558
-5.86968
-5.8681
-5.86495
-5.86321
-5.8705
-5.89231
-5.92793
-5.97391
-6.01037
-6.03651
-6.04415
-6.03288
-6.00124
-5.9578
-5.90997
-5.86301
-5.82793
-5.81304
-5.81961
-5.84734
-5.88654
-5.92751
-5.95924
-5.9743
-5.973
-5.95734
-5.92848
-5.89279
-5.85486
-5.8269
-5.8115
-5.81822
-5.84013
-5.88068
-5.93389
-5.99172
-6.04715
-6.09512
-6.12896
-6.14465
-6.14207
-6.12749
-6.10286
-6.07551
-6.05069
-6.03409
-6.01652
-5.98707
-5.94215
-5.88406
-5.81588
-5.75166
-5.70081
-5.68115
-5.69112
-5.72737
-5.76966
-5.80809
-5.83341
-5.85101
-5.87348
-5.90629
-5.95562
-6.01314
-6.07124
-6.11437
-6.1323
-6.12102
-6.08037
-6.01794
-5.93673
-5.85177
-5.77436
-5.71391
-5.6817
-5.68011
-5.71157
-5.76179
-5.8159
-5.86619
-5.90482
-5.92824
-5.94479
-5.95035
-5.95112
-5.94905
-5.95204
-5.95741
-5.96514
-5.97943
-6.00414
-6.04314
-6.09241
-6.14256
-6.17617
-6.18827
-6.1677
-6.11818
-6.05457
-5.99712
-5.96296
-5.94949
-5.94967
-5.94593
-5.92749
-5.88994
-5.83971
-5.78739
-5.76177
-5.76729
-5.80588
-5.84819
-5.88108
-5.89311
-5.88952
-5.872
-5.857
-5.85531
-5.86929
-5.89594
-5.9332
-5.98692
-6.04555
-6.10112
-6.14711
-6.17882
-6.18919
-6.1735
-6.13677
-6.08109
-6.00911
-5.92871
-5.852
-5.78465
-5.73987
-5.71867
-5.71311
-5.71449
-5.72276
-5.73645
-5.75233
-5.77635
-5.80365
-5.83243
-5.85971
-5.88179
-5.90583
-5.92951
-5.95049
-5.95164
-5.93444
-5.91087
-5.8924
-5.88576
-5.89281
-5.91342
-5.94271
-5.97745
-6.01458
-6.05126
-6.08441
-6.11721
-6.14658
-6.16652
-6.17203
-6.15944
-6.13001
-6.08715
-6.04234
-5.99601
-5.95759
-5.92558
-5.89885
-5.87813
-5.86457
-5.86235
-5.869
-5.88478
-5.89999
-5.91056
-5.9115
-5.90733
-5.89827
-5.88379
-5.86698
-5.84629
-5.82256
-5.80291
-5.78354
-5.77432
-5.77368
-5.78072
-5.79328
-5.80633
-5.82095
-5.83457
-5.85075
-5.87331
-5.89927
-5.92671
-5.94781
-5.95724
-5.95638
-5.94995
-5.93952
-5.93296
-5.92781
-5.93333
-5.94091
-5.94794
-5.94452
-5.93501
-5.9247
-5.91072
-5.90229
-5.9044
-5.92264
-5.95476
-5.99633
-6.04042
-6.07371
-6.08856
-6.07863
-6.04957
-6.00455
-5.95161
-5.89762
-5.85043
-5.80788
-5.76851
-5.73621
-5.71616
-5.71973
-5.74655
-5.79901
-5.87239
-5.95223
-6.02276
-6.07493
-6.10277
-6.10372
-6.0839
-6.04827
-6.01173
-5.98029
-5.96202
-5.95036
-5.93597
-5.91348
-5.88541
-5.85285
-5.8188
-5.79489
-5.78821
-5.79841
-5.82279
-5.85493
-5.89056
-5.92743
-5.95603
-5.97788
-5.99287
-5.99783
-6.00011
-5.99422
-5.97916
-5.95703
-5.92974
-5.90248
-5.87526
-5.85976
-5.85751
-5.87265
-5.90146
-5.93596
-5.96921
-5.99618
-6.01728
-6.03538
-6.0516
-6.0694
-6.0843
-6.09046
-6.08411
-6.06411
-6.03103
-5.9911
-5.9565
-5.94302
-5.94754
-5.96753
-5.98857
-6.00415
-6.00698
-6
-5.98052
-5.9597
-5.94196
-5.9245
-5.90928
-5.90413
-5.90937
-5.92363
-5.94135
-5.95701
-5.96485
-5.96131
-5.94386
-5.91556
-5.8871
-5.85836
-5.83216
-5.80879
-5.79134
-5.78749
-5.78968
-5.7964
-5.80218
-5.79864
-5.79228
-5.78263
-5.77454
-5.77115
-5.77341
-5.78701
-5.81252
-5.85542
-5.90389
-5.95542
-6.00132
-6.03368
-6.05
-6.04711
-6.02711
-5.9942
-5.95534
-5.91848
-5.88694
-5.86565
-5.86526
-5.88825
-5.93176
-5.97981
-6.01985
-6.04436
-6.04878
-6.02995
-5.99847
-5.96836
-5.94358
-5.93293
-5.92777
-5.92208
-5.90972
-5.89246
-5.8718
-5.85232
-5.84431
-5.85082
-5.87105
-5.90733
-5.9415
-5.97073
-5.98914
-5.99749
-6.003
-6.00472
-6.0044
-6.00684
-6.01759
-6.03451
-6.05817
-6.0846
-6.10919
-6.13309
-6.15385
-6.17077
-6.17825
-6.16917
-6.14006
-6.08651
-6.00857
-5.91464
-5.81829
-5.74547
-5.70531
-5.69657
-5.70639
-5.71988
-5.72974
-5.73362
-5.73871
-5.74917
-5.77302
-5.80677
-5.84328
-5.87845
-5.90763
-5.93014
-5.94653
-5.95638
-5.9636
-5.96802
-5.96912
-5.96841
-5.95832
-5.93998
-5.91896
-5.89974
-5.87589
-5.84632
-5.81565
-5.78579
-5.75932
-5.74529
-5.74469
-5.75812
-5.78531
-5.81877
-5.85518
-5.89282
-5.92346
-5.94269
-5.94899
-5.94699
-5.9439
-5.95506
-5.97829
-6.01008
-6.038
-6.06025
-6.06936
-6.0611
-6.03954
-6.00648
-5.97697
-5.96009
-5.96535
-5.99864
-6.04799
-6.09993
-6.14203
-6.1677
-6.16576
-6.13141
-6.07291
-5.99699
-5.92402
-5.87211
-5.84728
-5.83637
-5.83473
-5.83083
-5.82477
-5.81626
-5.80716
-5.79248
-5.77555
-5.76535
-5.75833
-5.75453
-5.75489
-5.74903
-5.73473
-5.71031
-5.68353
-5.65929
-5.64469
-5.6501
-5.67673
-5.7254
-5.77937
-5.83295
-5.8767
-5.90971
-5.93424
-5.94839
-5.95945
-5.97446
-5.99402
-6.02539
-6.06224
-6.09626
-6.12285
-6.13768
-6.14504
-6.14539
-6.13696
-6.12937
-6.11458
-6.10413
-6.08829
-6.07314
-6.04993
-6.02142
-5.98994
-5.95487
-5.92336
-5.90118
-5.88574
-5.87449
-5.87358
-5.88401
-5.89785
-5.91571
-5.93247
-5.94298
-5.94657
-5.94082
-5.92759
-5.91039
-5.8971
-5.89504
-5.89743
-5.90752
-5.9163
-5.91982
-5.91481
-5.89931
-5.87245
-5.83604
-5.79806
-5.77156
-5.75649
-5.75742
-5.77287
-5.79485
-5.8185
-5.84108
-5.8612
-5.88331
-5.90931
-5.93538
-5.96284
-5.982
-5.99969
-6.00678
-6.00475
-5.9944
-5.97581
-5.94823
-5.91659
-5.89216
-5.88248
-5.89117
-5.90809
-5.9239
-5.94016
-5.95675
-5.98358
-6.02476
-6.0682
-6.10518
-6.12494
-6.12904
-6.12147
-6.1003
-6.06887
-6.02704
-5.98172
-5.94258
-5.91559
-5.91047
-5.92064
-5.94032
-5.95599
-5.9622
-5.95456
-5.93134
-5.89712
-5.85855
-5.82584
-5.80495
-5.80223
-5.81223
-5.83434
-5.85751
-5.87764
-5.88514
-5.87341
-5.83973
-5.79053
-5.74088
-5.70855
-5.69843
-5.71932
-5.7639
-5.8136
-5.85434
-5.87818
-5.88932
-5.88949
-5.88658
-5.88212
-5.87492
-5.86394
-5.84974
-5.83839
-5.84758
-5.87661
-5.93071
-5.99361
-6.04683
-6.0805
-6.08867
-6.07818
-6.05449
-6.02419
-5.99944
-5.99065
-5.99937
-6.02426
-6.05846
-6.08841
-6.10323
-6.0982
-6.07666
-6.04373
-6.00578
-5.97016
-5.93893
-5.91318
-5.89428
-5.87507
-5.85726
-5.83539
-5.81013
-5.7843
-5.76963
-5.76667
-5.78641
-5.82421
-5.87565
-5.93411
-5.99001
-6.03038
-6.04713
-6.04518
-6.0243
-5.98658
-5.94061
-5.89058
-5.83714
-5.79139
-5.75653
-5.73349
-5.72663
-5.72304
-5.72213
-5.72667
-5.74192
-5.78313
-5.84811
-5.92709
-6.00457
-6.06922
-6.11564
-6.14063
-6.14456
-6.13429
-6.10544
-6.06626
-6.01796
-5.9549
-5.8935
-5.83906
-5.79637
-5.77844
-5.7894
-5.81716
-5.85957
-5.90307
-5.9507
-5.99528
-6.03186
-6.05608
-6.06535
-6.06051
-6.04941
-6.02875
-6.00748
-5.99837
-5.99929
-6.0145
-6.03356
-6.04767
-6.04968
-6.04089
-6.03414
-6.03044
-6.03153
-6.03337
-6.02759
-6.00568
-5.97059
-5.92388
-5.8744
-5.82695
-5.78763
-5.76134
-5.74893
-5.75078
-5.76636
-5.79555
-5.83256
-5.86936
-5.89771
-5.9134
-5.90166
-5.86649
-5.80555
-5.7295
-5.65353
-5.59623
-5.57803
-5.60404
-5.66539
-5.74392
-5.81802
-5.88048
-5.92848
-5.96677
-5.99515
-6.01525
-6.02596
-6.02593
-6.02213
-6.01772
-6.02142
-6.03058
-6.04695
-6.06349
-6.07302
-6.06727
-6.0468
-6.01547
-5.98539
-5.95568
-5.93159
-5.91212
-5.8954
-5.88327
-5.87664
-5.87551
-5.88474
-5.90199
-5.92841
-5.96165
-6.00352
-6.03969
-6.06823
-6.08215
-6.07192
-6.04962
-6.01591
-5.97683
-5.93412
-5.89179
-5.8492
-5.81887
-5.80071
-5.7969
-5.80617
-5.82207
-5.83924
-5.84681
-5.85109
-5.85345
-5.85682
-5.86407
-5.87635
-5.89037
-5.90591
-5.92428
-5.94177
-5.95349
-5.95852
-5.94996
-5.92697
-5.89645
-5.86009
-5.82657
-5.79431
-5.77143
-5.75832
-5.75596
-5.76471
-5.78192
-5.80532
-5.8354
-5.86994
-5.90316
-5.93651
-5.96453
-5.98998
-6.01316
-6.03294
-6.04829
-6.05506
-6.04918
-6.02962
-6.00099
-5.96549
-5.93024
-5.90286
-5.88668
-5.88357
-5.89702
-5.91624
-5.9374
-5.9613
-5.98901
-6.0186
-6.05795
-6.10154
-6.143
-6.17233
-6.18215
-6.16801
-6.13145
-6.06461
-5.97839
-5.8794
-5.77966
-5.68728
-5.62506
-5.60181
-5.61845
-5.67197
-5.74851
-5.82768
-5.89047
-5.93018
-5.95248
-5.96806
-5.98534
-6.0105
-6.03712
-6.05809
-6.07482
-6.08584
-6.08464
-6.0775
-6.05735
-6.03165
-6.00559
-5.98456
-5.96755
-5.95411
-5.94008
-5.92007
-5.89135
-5.85954
-5.8293
-5.8061
-5.79287
-5.79019
-5.79296
-5.80168
-5.80502
-5.80638
-5.8038
-5.80144
-5.7981
-5.79857
-5.80275
-5.81646
-5.8387
-5.86407
-5.89125
-5.9161
-5.93751
-5.9441
-5.93996
-5.9385
-5.93619
-5.94482
-5.96081
-5.98375
-6.00533
-6.022
-6.03058
-6.02959
-6.02267
-6.01244
-5.99927
-5.98858
-5.98321
-5.9795
-5.97817
-5.97995
-5.9918
-6.01638
-6.04712
-6.08133
-6.10379
-6.10752
-6.08572
-6.0396
-5.97151
-5.89921
-5.84096
-5.80556
-5.78622
-5.77106
-5.7532
-5.73467
-5.71865
-5.71378
-5.72517
-5.74846
-5.78122
-5.81419
-5.84608
-5.87787
-5.91424
-5.95355
-5.99495
-6.02596
-6.04001
-6.0377
-6.02551
-6.01429
-6.00555
-5.99908
-5.98945
-5.98144
-5.97443
-5.96937
-5.96777
-5.96317
-5.95671
-5.94455
-5.92826
-5.90539
-5.87909
-5.85404
-5.83724
-5.83132
-5.83493
-5.85434
-5.88231
-5.9149
-5.94098
-5.9618
-5.96732
-5.96093
-5.9486
-5.93262
-5.92644
-5.93516
-5.95569
-5.98186
-5.99661
-5.99532
-5.97463
-5.93854
-5.89502
-5.84771
-5.80236
-5.76539
-5.73967
-5.73372
-5.7473
-5.78186
-5.82135
-5.86244
-5.89408
-5.91448
-5.92364
-5.92354
-5.91699
-5.90977
-5.90036
-5.89616
-5.90072
-5.91532
-5.93943
-5.96843
-6.00067
-6.02937
-6.05005
-6.0563
-6.04765
-6.026
-5.9975
-5.96377
-5.92873
-5.89444
-5.86668
-5.85317
-5.85926
-5.88005
-5.9151
-5.9531
-5.98399
-6.00634
-6.01301
-6.00263
-5.96989
-5.9223
-5.86118
-5.79758
-5.74585
-5.71323
-5.71074
-5.74232
-5.79454
-5.85133
-5.90295
-5.94549
-5.9748
-5.99734
-6.01181
-6.01496
-6.01177
-6.00103
-5.98165
-5.95982
-5.93698
-5.91665
-5.9033
-5.90138
-5.91106
-5.91963
-5.92899
-5.92659
-5.9132
-5.89369
-5.86743
-5.84026
-5.82061
-5.81121
-5.81513
-5.83465
-5.85808
-5.88364
-5.89446
-5.88844
-5.86314
-5.82535
-5.78407
-5.7536
-5.74423
-5.7557
-5.77938
-5.80638
-5.83083
-5.84625
-5.84998
-5.84666
-5.8373
-5.82823
-5.82449
-5.82773
-5.84387
-5.87381
-5.90725
-5.93971
-5.96726
-5.99083
-6.00897
-6.01906
-6.02297
-6.01768
-5.99952
-5.96661
-5.92725
-5.88394
-5.85209
-5.83478
-5.83075
-5.83859
-5.84299
-5.84615
-5.8435
-5.83362
-5.82328
-5.81092
-5.80279
-5.80118
-5.81394
-5.8381
-5.88001
-5.92339
-5.96687
-6.00534
-6.02573
-6.02882
-6.02112
-6.00205
-5.98362
-5.97098
-5.96224
-5.96604
-5.97192
-5.97658
-5.97608
-5.96307
-5.95015
-5.94015
-5.93449
-5.93009
-5.92789
-5.92213
-5.90903
-5.89069
-5.8688
-5.85183
-5.83335
-5.82254
-5.82399
-5.8429
-5.88161
-5.93527
-5.99883
-6.06423
-6.11989
-6.15485
-6.16601
-6.15368
-6.1205
-6.07436
-6.02488
-5.97906
-5.94362
-5.92395
-5.91869
-5.92529
-5.9413
-5.96753
-5.99577
-6.0146
-6.01689
-6.00145
-5.97008
-5.93196
-5.89324
-5.86033
-5.83083
-5.80675
-5.78522
-5.7712
-5.76326
-5.76305
-5.77026
-5.78376
-5.79683
-5.80696
-5.81972
-5.83378
-5.85572
-5.88379
-5.91347
-5.93665
-5.94893
-5.94792
-5.93953
-5.93711
-5.94338
-5.95548
-5.97056
-5.98109
-5.97778
-5.9652
-5.94521
-5.92976
-5.92101
-5.92368
-5.93105
-5.93789
-5.9399
-5.93625
-5.92944
-5.92299
-5.92413
-5.93593
-5.95748
-5.97888
-5.99626
-6.00268
-5.99971
-5.98507
-5.96517
-5.94369
-5.92536
-5.91559
-5.9131
-5.91506
-5.92232
-5.93264
-5.94796
-5.96953
-6.00459
-6.05569
-6.1067
-6.15152
-6.18272
-6.19402
-6.18507
-6.15122
-6.09892
-6.02793
-5.95442
-5.88831
-5.84101
-5.81615
-5.807
-5.8099
-5.81827
-5.82613
-5.82876
-5.82856
-5.82506
-5.81577
-5.80305
-5.79246
-5.78283
-5.78123
-5.79008
-5.80794
-5.82741
-5.84651
-5.86542
-5.88275
-5.89982
-5.91778
-5.93445
-5.95634
-5.97977
-5.99987
-6.01319
-6.01819
-6.01175
-5.99685
-5.97654
-5.95683
-5.94487
-5.94623
-5.96303
-5.9848
-6.00692
-6.02781
-6.03591
-6.03534
-6.02429
-5.99814
-5.95813
-5.90709
-5.85794
-5.81792
-5.78853
-5.76875
-5.75787
-5.75257
-5.7499
-5.75481
-5.7655
-5.78004
-5.80394
-5.83589
-5.86721
-5.89222
-5.90697
-5.90944
-5.90454
-5.89101
-5.87747
-5.86602
-5.86326
-5.86793
-5.87928
-5.89361
-5.90898
-5.91851
-5.92028
-5.91137
-5.89636
-5.87287
-5.8433
-5.81531
-5.79108
-5.77672
-5.77384
-5.78529
-5.81144
-5.84375
-5.88783
-5.92697
-5.96162
-5.99011
-6.00859
-6.01696
-6.01874
-6.02137
-6.03195
-6.0457
-6.06076
-6.07508
-6.07961
-6.08066
-6.07934
-6.07225
-6.05601
-6.02823
-5.98152
-5.92462
-5.86543
-5.81209
-5.77703
-5.76268
-5.77452
-5.80911
-5.86195
-5.91683
-5.9685
-6.00465
-6.02335
-6.02709
-6.01383
-5.98923
-5.94842
-5.89763
-5.83902
-5.78594
-5.74295
-5.7174
-5.72016
-5.75499
-5.81898
-5.90329
-5.99661
-6.0832
-6.1477
-6.18372
-6.18805
-6.16657
-6.12752
-6.08648
-6.04875
-6.02046
-6.00381
-5.98963
-5.97803
-5.98018
-5.98762
-5.99972
-6.01479
-6.02236
-6.01476
-5.994
-5.96496
-5.93455
-5.90513
-5.88211
-5.86444
-5.85326
-5.85124
-5.8582
-5.86986
-5.88105
-5.88984
-5.88951
-5.88425
-5.87071
-5.85787
-5.84525
-5.8391
-5.83448
-5.83182
-5.82775
-5.82211
-5.8206
-5.83066
-5.85234
-5.88504
-5.91698
-5.94043
-5.94804
-5.93398
-5.90441
-5.86451
-5.83005
-5.81142
-5.81501
-5.84077
-5.88616
-5.92973
-5.97011
-5.99768
-6.01631
-6.02289
-6.01844
-6.00531
-5.98465
-5.96489
-5.94047
-5.90731
-5.868
-5.82839
-5.79553
-5.77502
-5.76772
-5.7801
-5.79965
-5.82871
-5.8627
-5.90236
-5.94277
-5.97844
-6.00507
-6.01955
-6.0159
-5.99348
-5.95441
-5.91145
-5.87203
-5.84815
-5.83402
-5.82901
-5.82311
-5.82315
-5.82282
-5.82523
-5.83196
-5.83932
-5.85596
-5.87929
-5.91656
-5.96141
-6.01097
-6.05653
-6.09344
-6.11452
-6.11609
-6.10348
-6.08331
-6.05548
-6.02624
-5.9956
-5.9582
-5.92034
-5.88332
-5.85064
-5.82792
-5.82243
-5.83723
-5.86835
-5.90284
-5.93645
-5.95264
-5.95904
-5.95865
-5.95458
-5.95379
-5.95286
-5.95763
-5.96347
-5.96947
-5.96969
-5.95907
-5.9308
-5.88117
-5.81642
-5.73834
-5.65722
-5.58589
-5.53294
-5.5144
-5.52475
-5.56633
-5.6244
-5.69242
-5.75919
-5.82501
-5.88465
-5.93134
-5.97006
-6.00569
-6.04087
-6.08477
-6.13363
-6.18869
-6.23681
-6.26789
-6.27285
-6.24516
-6.1837
-6.10044
-6.01686
-5.95468
-5.92845
-5.93323
-5.95011
-5.9663
-5.96844
-5.95095
-5.91484
-5.87013
-5.82917
-5.80035
-5.79303
-5.80722
-5.83792
-5.87951
-5.92834
-5.97054
-6.00605
-6.03355
-6.05259
-6.06099
-6.06002
-6.05985
-6.06009
-6.0641
-6.06908
-6.07126
-6.06848
-6.05465
-6.03583
-6.01148
-5.98107
-5.94645
-5.90284
-5.85084
-5.79744
-5.747
-5.71126
-5.69395
-5.70014
-5.72731
-5.76222
-5.79988
-5.82367
-5.83486
-5.83985
-5.84702
-5.86571
-5.88433
-5.89805
-5.90281
-5.89714
-5.88464
-5.87434
-5.87441
-5.88266
-5.90233
-5.92255
-5.94263
-5.95251
-5.94849
-5.93166
-5.9072
-5.87485
-5.84539
-5.82901
-5.82972
-5.84543
-5.87197
-5.90904
-5.9524
-6.00404
-6.05736
-6.10528
-6.14258
-6.15975
-6.15235
-6.12458
-6.09318
-6.06592
-6.04143
-6.01498
-5.98837
-5.96818
-5.96263
-5.97305
-5.9986
-6.03133
-6.05626
-6.06465
-6.05997
-6.03795
-5.99981
-5.95316
-5.90227
-5.86004
-5.82753
-5.81014
-5.80657
-5.80855
-5.8115
-5.81545
-5.81814
-5.8219
-5.83022
-5.84253
-5.86822
-5.9012
-5.9364
-5.97047
-6.00043
-6.01778
-6.01981
-6.00324
-5.9703
-5.92254
-5.87054
-5.82134
-5.77823
-5.75277
-5.74514
-5.75144
-5.76854
-5.79061
-5.81909
-5.85033
-5.87858
-5.9058
-5.92906
-5.94965
-5.96959
-5.99099
-6.01477
-6.03507
-6.04388
-6.03846
-6.02107
-5.99477
-5.96761
-5.93717
-5.90943
-5.88806
-5.8682
-5.8589
-5.85612
-5.86093
-5.8704
-5.88027
-5.88972
-5.89316
-5.88632
-5.87362
-5.86428
-5.86287
-5.87608
-5.90621
-5.94497
-5.99324
-6.03935
-6.07886
-6.1058
-6.11698
-6.1077
-6.08163
-6.03709
-5.98091
-5.92077
-5.87297
-5.85298
-5.87113
-5.91569
-5.96105
-5.99218
-6.00139
-5.99289
-5.97645
-5.95385
-5.93757
-5.92348
-5.91519
-5.90758
-5.89955
-5.89267
-5.88717
-5.89643
-5.92244
-5.9534
-5.97281
-5.97314
-5.95172
-5.92121
-5.88764
-5.85343
-5.81738
-5.78714
-5.75959
-5.74717
-5.74371
-5.74602
-5.75705
-5.77926
-5.8125
-5.85216
-5.90139
-5.95488
-6.0073
-6.05279
-6.09434
-6.12729
-6.1543
-6.17032
-6.17568
-6.16903
-6.15415
-6.12873
-6.10139
-6.06984
-6.03486
-6.00138
-5.97004
-5.9461
-5.9239
-5.90009
-5.87155
-5.83913
-5.80894
-5.7888
-5.78423
-5.79238
-5.81303
-5.83895
-5.86855
-5.90469
-5.9384
-5.97163
-5.99467
-6.001
-5.98086
-5.94073
-5.882
-5.81824
-5.7648
-5.73775
-5.74025
-5.76808
-5.8116
-5.85393
-5.88118
-5.89209
-5.88564
-5.87375
-5.87064
-5.87598
-5.89256
-5.91534
-5.93222
-5.93532
-5.92584
-5.9095
-5.89676
-5.89299
-5.89575
-5.90287
-5.90644
-5.91093
-5.91706
-5.92323
-5.92457
-5.91825
-5.90847
-5.89582
-5.88692
-5.88765
-5.90122
-5.92321
-5.94635
-5.96251
-5.9699
-5.96138
-5.94302
-5.91228
-5.88305
-5.86071
-5.84917
-5.84423
-5.85287
-5.86424
-5.87315
-5.88436
-5.89825
-5.91534
-5.93496
-5.9493
-5.95115
-5.94032
-5.91896
-5.89055
-5.86391
-5.84439
-5.84804
-5.88192
-5.94639
-6.02743
-6.09963
-6.14964
-6.16431
-6.15197
-6.12176
-6.08801
-6.05957
-6.04569
-6.04748
-6.05756
-6.0675
-6.06493
-6.0552
-6.0329
-5.99603
-5.94737
-5.88586
-5.81716
-5.75487
-5.70783
-5.68699
-5.69734
-5.73034
-5.77322
-5.80809
-5.83092
-5.84128
-5.84501
-5.84692
-5.85862
-5.88601
-5.92151
-5.96542
-6.00448
-6.02921
-6.03382
-6.01585
-5.97569
-5.91909
-5.85833
-5.81552
-5.80372
-5.8222
-5.85842
-5.90256
-5.93694
-5.95774
-5.95562
-5.93592
-5.90147
-5.86298
-5.83324
-5.8185
-5.82628
-5.85681
-5.90839
-5.96581
-6.01952
-6.05465
-6.07048
-6.07102
-6.05898
-6.03994
-6.01679
-5.98868
-5.96479
-5.94456
-5.93525
-5.93474
-5.93381
-5.93317
-5.92587
-5.91289
-5.9061
-5.89996
-5.90612
-5.93086
-5.96614
-6.00821
-6.04875
-6.07493
-6.08124
-6.06376
-6.02211
-5.96572
-5.90237
-5.85369
-5.83076
-5.83965
-5.87075
-5.9189
-5.97035
-6.00985
-6.02704
-6.02017
-5.99129
-5.94947
-5.90835
-5.87288
-5.84353
-5.8229
-5.80509
-5.78676
-5.76759
-5.75241
-5.75133
-5.76659
-5.79885
-5.84031
-5.88238
-5.91791
-5.93765
-5.94114
-5.93454
-5.92654
-5.92137
-5.92163
-5.93266
-5.94998
-5.9697
-5.98692
-5.99867
-6.00077
-5.99318
-5.98708
-5.98187
-5.97992
-5.98291
-5.98736
-5.98508
-5.97042
-5.93712
-5.88332
-5.81454
-5.73878
-5.66879
-5.61569
-5.58648
-5.58645
-5.60977
-5.65704
-5.71387
-5.77031
-5.82138
-5.8666
-5.90118
-5.92913
-5.95399
-5.98107
-6.01259
-6.04565
-6.07762
-6.10783
-6.13661
-6.16237
-6.17987
-6.19414
-6.1977
-6.19019
-6.16835
-6.13682
-6.09203
-6.0483
-6.00783
-5.98159
-5.97113
-5.9709
-5.97633
-5.97615
-5.96489
-5.94
-5.90592
-5.86757
-5.83824
-5.82324
-5.82797
-5.85339
-5.89462
-5.94209
-5.98246
-6.01526
-6.03229
-6.02975
-6.01134
-5.97625
-5.92717
-5.86801
-5.81268
-5.7709
-5.74556
-5.73903
-5.74081
-5.75348
-5.76076
-5.76301
-5.75622
-5.74597
-5.73155
-5.71982
-5.72001
-5.74103
-5.78066
-5.83771
-5.91133
-5.98601
-6.04613
-6.08659
-6.09887
-6.08294
-6.04819
-6.00315
-5.95672
-5.91395
-5.88193
-5.86023
-5.84873
-5.85524
-5.88135
-5.92583
-5.98542
-6.05029
-6.11057
-6.15693
-6.18455
-6.19041
-6.17238
-6.12854
-6.06777
-5.99449
-5.92366
-5.87062
-5.8401
-5.83159
-5.8402
-5.86212
-5.88597
-5.91103
-5.92825
-5.93529
-5.92901
-5.91252
-5.8888
-5.86178
-5.83338
-5.80243
-5.77229
-5.74985
-5.7426
-5.75401
-5.78663
-5.83754
-5.89797
-5.96264
-6.02243
-6.06694
-6.10189
-6.12232
-6.13785
-6.1452
-6.14451
-6.13575
-6.12048
-6.09346
-6.05866
-6.01749
-5.97285
-5.93053
-5.88845
-5.84937
-5.81214
-5.77646
-5.75035
-5.73339
-5.72499
-5.72462
-5.7294
-5.72957
-5.72593
-5.71949
-5.71964
-5.73166
-5.75841
-5.80386
-5.85978
-5.92193
-5.98165
-6.0297
-6.06556
-6.08271
-6.08285
-6.07084
-6.04805
-6.01806
-5.98426
-5.94417
-5.90925
-5.87323
-5.83924
-5.82048
-5.81463
-5.82279
-5.84511
-5.87933
-5.92566
-5.97956
-6.03253
-6.07603
-6.1048
-6.12193
-6.1299
-6.12715
-6.11177
-6.08345
-6.04514
-6.00709
-5.96813
-5.93847
-5.91296
-5.8883
-5.86581
-5.84152
-5.81613
-5.78868
-5.76376
-5.74959
-5.75148
-5.77647
-5.82071
-5.87587
-5.92756
-5.96664
-5.99662
-6.01825
-6.04116
-6.05959
-6.07439
-6.07963
-6.06773
-6.04222
-6.00667
-5.97577
-5.9582
-5.96297
-5.98982
-6.02641
-6.06553
-6.1037
-6.12721
-6.13042
-6.11349
-6.06993
-6.01003
-5.9424
-5.87449
-5.81756
-5.77804
-5.76327
-5.76494
-5.77871
-5.79868
-5.82374
-5.84929
-5.87315
-5.89188
-5.8979
-5.88935
-5.86663
-5.83873
-5.81151
-5.79177
-5.78541
-5.78703
-5.79385
-5.80244
-5.80897
-5.81104
-5.81226
-5.81693
-5.8241
-5.83243
-5.83759
-5.83827
-5.84083
-5.8574
-5.89607
-5.95316
-6.01304
-6.06759
-6.11336
-6.15312
-6.17893
-6.19127
-6.18658
-6.16985
-6.14183
-6.10445
-6.06804
-6.03674
-6.01359
-6.00058
-5.98848
-5.98469
-5.98641
-5.99274
-5.99767
-5.99085
-5.97072
-5.93422
-5.89064
-5.83811
-5.7934
-5.7623
-5.74933
-5.75134
-5.76596
-5.79148
-5.8176
-5.84252
-5.85841
-5.86981
-5.87706
-5.88235
-5.88979
-5.90112
-5.91143
-5.92305
-5.92976
-5.93483
-5.93841
-5.93678
-5.93017
-5.91423
-5.8964
-5.87703
-5.8623
-5.85526
-5.84883
-5.84453
-5.84491
-5.85464
-5.87091
-5.89384
-5.91633
-5.93361
-5.94347
-5.94707
-5.94254
-5.93642
-5.93762
-5.93996
-5.94544
-5.95459
-5.96312
-5.96709
-5.97278
-5.9827
-5.99369
-6.00756
-6.02369
-6.03904
-6.05324
-6.06513
-6.0725
-6.07323
-6.0628
-6.03567
-5.9949
-5.94432
-5.90271
-5.87694
-5.86115
-5.83968
-5.80824
-5.7626
-5.71379
-5.6756
-5.65914
-5.66957
-5.707
-5.76481
-5.83162
-5.89802
-5.94558
-5.96992
-5.96818
-5.94903
-5.93258
-5.9216
-5.91669
-5.91294
-5.8977
-5.87707
-5.8579
-5.84569
-5.85079
-5.87115
-5.90497
-5.93987
-5.96634
-5.97643
-5.9723
-5.95288
-5.93261
-5.92091
-5.92376
-5.93849
-5.95583
-5.97229
-5.97574
-5.96735
-5.94722
-5.92144
-5.89624
-5.87639
-5.87492
-5.90255
-5.94945
-6.00357
-6.0493
-6.07432
-6.07957
-6.06971
-6.04562
-6.0195
-5.99463
-5.97458
-5.95814
-5.94366
-5.93779
-5.94262
-5.95409
-5.96379
-5.96936
-5.97151
-5.97414
-5.97617
-5.97472
-5.97481
-5.9732
-5.96802
-5.95801
-5.9459
-5.93051
-5.91539
-5.89904
-5.87312
-5.84283
-5.80847
-5.77851
-5.75693
-5.7483
-5.75248
-5.76299
-5.77244
-5.78153
-5.78451
-5.78367
-5.79162
-5.81049
-5.8428
-5.8866
-5.93125
-5.97262
-6.01036
-6.04124
-6.06456
-6.0756
-6.07855
-6.07322
-6.05766
-6.03715
-6.01565
-5.99742
-5.98849
-5.99235
-6.00447
-6.01665
-6.02095
-6.01516
-6.00112
-5.97918
-5.95143
-5.92141
-5.88716
-5.84981
-5.81397
-5.78125
-5.75254
-5.73231
-5.71525
-5.70185
-5.69572
-5.70225
-5.72526
-5.76337
-5.81271
-5.866
-5.91516
-5.95861
-5.99096
-6.01118
-6.01543
-6.00785
-5.99089
-5.96236
-5.93143
-5.90034
-5.87381
-5.85607
-5.84744
-5.852
-5.86723
-5.89314
-5.9275
-5.96911
-6.00823
-6.0417
-6.06121
-6.0574
-6.03143
-5.98198
-5.91956
-5.85746
-5.80736
-5.77971
-5.77516
-5.78788
-5.80921
-5.82912
-5.84239
-5.84431
-5.83847
-5.82889
-5.82358
-5.82839
-5.84441
-5.86404
-5.89244
-5.92835
-5.96701
-6.00894
-6.04673
-6.07329
-6.08302
-6.0751
-6.0595
-6.04026
-6.0252
-6.01578
-6.01053
-6.0139
-6.02685
-6.04248
-6.05198
-6.05113
-6.03503
-6.00029
-5.94808
-5.88513
-5.82009
-5.76196
-5.72826
-5.72515
-5.7519
-5.79796
-5.84651
-5.88718
-5.91785
-5.93417
-5.94139
-5.93876
-5.93379
-5.92748
-5.91698
-5.90695
-5.90002
-5.89228
-5.88599
-5.87812
-5.87126
-5.86532
-5.86099
-5.85317
-5.8388
-5.82009
-5.79439
-5.76635
-5.74384
-5.73917
-5.76051
-5.80616
-5.86361
-5.92454
-5.97177
-5.99931
-6.01038
-6.00248
-5.9827
-5.95058
-5.91442
-5.87355
-5.83541
-5.80283
-5.77802
-5.7689
-5.77897
-5.80943
-5.85984
-5.91803
-5.97677
-6.02163
-6.0559
-6.0731
-6.08134
-6.08284
-6.0826
-6.08222
-6.08294
-6.0881
-6.08863
-6.08159
-6.06299
-6.02701
-5.98498
-5.94614
-5.92059
-5.9095
-5.91551
-5.93466
-5.96243
-5.98599
-5.9886
-5.97359
-5.93897
-5.89726
-5.85802
-5.83386
-5.82756
-5.83897
-5.8663
-5.90596
-5.956
-6.00426
-6.03845
-6.05139
-6.04745
-6.02853
-5.99853
-5.96668
-5.93847
-5.91742
-5.90619
-5.9001
-5.89783
-5.89882
-5.90239
-5.90923
-5.92135
-5.93008
-5.92767
-5.91603
-5.89847
-5.87863
-5.86474
-5.85886
-5.85949
-5.87249
-5.89267
-5.91458
-5.92893
-5.92804
-5.91487
-5.89171
-5.86769
-5.84839
-5.83547
-5.8329
-5.83888
-5.85124
-5.86517
-5.87746
-5.88346
-5.88792
-5.89584
-5.91151
-5.93506
-5.96164
-5.98726
-6.00585
-6.01664
-6.01447
-6.00482
-5.9886
-5.96742
-5.93729
-5.90179
-5.8677
-5.83838
-5.81788
-5.81382
-5.82153
-5.83884
-5.85554
-5.86307
-5.85582
-5.83184
-5.80257
-5.7763
-5.7597
-5.7553
-5.76319
-5.78292
-5.81562
-5.85904
-5.90546
-5.95052
-5.98386
-6.00488
-6.00529
-5.98277
-5.94455
-5.89622
-5.8607
-5.84393
-5.85362
-5.88543
-5.93378
-5.9889
-6.04594
-6.10308
-6.14944
-6.17803
-6.18515
-6.16392
-6.11159
-6.03143
-5.93234
-5.82442
-5.72379
-5.6398
-5.59013
-5.57701
-5.60418
-5.66872
-5.76406
-5.87091
-5.97808
-6.07143
-6.14175
-6.18428
-6.19692
-6.18357
-6.14428
-6.07999
-6.00483
-5.92642
-5.86598
-5.83581
-5.84134
-5.87465
-5.91929
-5.97154
-6.01522
-6.05278
-6.07498
-6.07875
-6.0644
-6.03163
-5.98942
-5.93916
-5.88452
-5.83841
-5.81025
-5.80426
-5.8254
-5.85901
-5.88838
-5.90717
-5.91505
-5.91302
-5.90611
-5.89887
-5.89016
-5.88578
-5.88415
-5.88336
-5.88424
-5.88483
-5.88024
-5.86791
-5.84415
-5.80929
-5.76411
-5.71493
-5.675
-5.6519
-5.65497
-5.68534
-5.73712
-5.79666
-5.85173
-5.88673
-5.89906
-5.89531
-5.88168
-5.87614
-5.88777
-5.92549
-5.98317
-6.04726
-6.10737
-6.14444
-6.14791
-6.11399
-6.04953
-5.96633
-5.88411
-5.82395
-5.80416
-5.81829
-5.85347
-5.89648
-5.93749
-5.96635
-5.98433
-5.98267
-5.9666
-5.9431
-5.92205
-5.90986
-5.9099
-5.91704
-5.9313
-5.94311
-5.94763
-5.94669
-5.94032
-5.93108
-5.91687
-5.90145
-5.88531
-5.87418
-5.86379
-5.85647
-5.85239
-5.85359
-5.85559
-5.87143
-5.89401
-5.92448
-5.9545
-5.97611
-5.98022
-5.96922
-5.94463
-5.91053
-5.88365
-5.8691
-5.8705
-5.88142
-5.89676
-5.91775
-5.93583
-5.95401
-5.96581
-5.96669
-5.95771
-5.93464
-5.89222
-5.84617
-5.79631
-5.75703
-5.7427
-5.75428
-5.78844
-5.83443
-5.87349
-5.89767
-5.90141
-5.89857
-5.90617
-5.92644
-5.95916
-5.9928
-6.01933
-6.04099
-6.05722
-6.0676
-6.07322
-6.06661
-6.04697
-6.01273
-5.96953
-5.92175
-5.87555
-5.83375
-5.80798
-5.80214
-5.82079
-5.85601
-5.90153
-5.94757
-5.98205
-6.00229
-6.01611
-6.02383
-6.02748
-6.02542
-6.01841
-6.00337
-5.9768
-5.93689
-5.89052
-5.84478
-5.80005
-5.76705
-5.75271
-5.76589
-5.804
-5.86207
-5.93099
-5.99701
-6.04236
-6.05782
-6.0488
-6.02022
-5.97835
-5.93043
-5.88403
-5.83889
-5.79663
-5.76
-5.7317
-5.71725
-5.72586
-5.75845
-5.81212
-5.87426
-5.93661
-5.99033
-6.0304
-6.05417
-6.06386
-6.06502
-6.05629
-6.04374
-6.02485
-6.00537
-5.98743
-5.98026
-5.98461
-6.00222
-6.02147
-6.04418
-6.06125
-6.0612
-6.05335
-6.03332
-6.01045
-5.98785
-5.9657
-5.9453
-5.92231
-5.89976
-5.87705
-5.8508
-5.82093
-5.78813
-5.75097
-5.71904
-5.69261
-5.67809
-5.67779
-5.68723
-5.7052
-5.73027
-5.75963
-5.79186
-5.83032
-5.86843
-5.898
-5.91726
-5.92026
-5.90274
-5.87332
-5.83803
-5.80576
-5.78474
-5.78696
-5.81577
-5.87377
-5.95539
-6.04604
-6.13372
-6.20616
-6.24617
-6.25721
-6.24639
-6.21489
-6.17508
-6.13358
-6.08461
-6.03431
-5.98906
-5.94615
-5.9076
-5.87017
-5.83601
-5.80853
-5.7922
-5.78699
-5.80045
-5.82839
-5.8601
-5.89194
-5.9164
-5.93483
-5.94873
-5.96017
-5.97063
-5.98161
-5.99457
-6.00561
-6.00993
-6.00549
-5.98732
-5.95904
-5.92527
-5.891
-5.86903
-5.86381
-5.8805
-5.92121
-5.97342
-6.0243
-6.0598
-6.07429
-6.06669
-6.04264
-6.0088
-5.96796
-5.92479
-5.88758
-5.85685
-5.83867
-5.82234
-5.80858
-5.79069
-5.76706
-5.74935
-5.73529
-5.72944
-5.72813
-5.73494
-5.74848
-5.7659
-5.79538
-5.83057
-5.86967
-5.90207
-5.93451
-5.96094
-5.97942
-5.98368
-5.98256
-5.97937
-5.97614
-5.97474
-5.97604
-5.98132
-5.98819
-5.99947
-6.01694
-6.03534
-6.05543
-6.06645
-6.07025
-6.07095
-6.07378
-6.08111
-6.08902
-6.09476
-6.08608
-6.06547
-6.02837
-5.98594
-5.94294
-5.89721
-5.85765
-5.82101
-5.79668
-5.78376
-5.78861
-5.80691
-5.82586
-5.84517
-5.8569
-5.85649
-5.84274
-5.81864
-5.78821
-5.756
-5.72801
-5.7071
-5.70335
-5.70968
-5.72691
-5.74804
-5.77907
-5.81769
-5.85777
-5.89471
-5.92133
-5.93985
-5.95111
-5.95948
-5.96473
-5.9672
-5.95608
-5.93081
-5.89835
-5.869
-5.85207
-5.85286
-5.8754
-5.91053
-5.94819
-5.98457
-6.01
-6.01764
-6.00863
-5.98731
-5.95217
-5.91872
-5.89366
-5.88263
-5.89197
-5.92337
-5.97016
-6.02426
-6.0708
-6.10315
-6.11173
-6.09229
-6.04968
-5.98668
-5.91599
-5.84774
-5.79716
-5.76999
-5.76788
-5.78753
-5.8185
-5.85732
-5.89775
-5.94027
-5.97589
-6.00191
-6.01808
-6.02549
-6.02668
-6.02278
-6.00929
-5.99249
-5.97685
-5.9593
-5.94089
-5.91737
-5.89419
-5.86418
-5.83306
-5.80602
-5.78876
-5.79331
-5.81424
-5.84656
-5.87789
-5.90571
-5.92752
-5.93882
-5.93891
-5.93579
-5.92519
-5.9126
-5.91251
-5.92623
-5.9555
-5.99496
-6.03482
-6.06455
-6.07743
-6.07726
-6.06063
-6.03058
-5.99658
-5.96068
-5.92196
-5.88022
-5.84035
-5.8047
-5.77679
-5.75808
-5.75342
-5.76057
-5.77681
-5.8027
-5.83267
-5.86413
-5.88891
-5.90816
-5.92363
-5.94223
-5.95863
-5.96815
-5.96251
-5.94647
-5.92576
-5.91162
-5.92252
-5.95451
-5.99718
-6.03587
-6.05657
-6.06068
-6.05195
-6.03414
-6.01137
-5.98947
-5.96992
-5.95514
-5.94369
-5.93316
-5.92537
-5.92076
-5.91567
-5.90829
-5.90341
-5.89292
-5.88122
-5.86985
-5.85518
-5.84343
-5.8354
-5.83904
-5.85256
-5.86989
-5.88738
-5.9041
-5.91443
-5.91628
-5.90778
-5.89279
-5.87657
-5.86822
-5.87683
-5.90451
-5.93742
-5.97193
-5.99523
-6.00181
-5.99068
-5.96272
-5.92691
-5.89376
-5.87421
-5.86919
-5.87683
-5.88877
-5.90078
-5.9029
-5.89141
-5.87461
-5.85667
-5.8473
-5.84739
-5.85289
-5.85865
-5.86509
-5.87699
-5.89475
-5.91944
-5.95186
-5.98612
-6.01847
-6.04392
-6.06049
-6.06419
-6.05763
-6.04659
-6.03396
-6.02041
-6.014
-6.01358
-6.02035
-6.03317
-6.04595
-6.0513
-6.04508
-6.02751
-6.00189
-5.97087
-5.94499
-5.92883
-5.91889
-5.91071
-5.89414
-5.86685
-5.82981
-5.79679
-5.77076
-5.75382
-5.75132
-5.76407
-5.79278
-5.83672
-5.8901
-5.94223
-5.98414
-6.00215
-5.99549
-5.96442
-5.91174
-5.84098
-5.76596
-5.69441
-5.64829
-5.63634
-5.66533
-5.72211
-5.79661
-5.88161
-5.95765
-6.01324
-6.04108
-6.04077
-6.01796
-5.98478
-5.95216
-5.93275
-5.92684
-5.93619
-5.95579
-5.98022
-6.00182
-6.02491
-6.04891
-6.07059
-6.09151
-6.10217
-6.09955
-6.08958
-6.06829
-6.03626
-5.99403
-5.94855
-5.90522
-5.87052
-5.85341
-5.84766
-5.85141
-5.85828
-5.86329
-5.86227
-5.85212
-5.84361
-5.83894
-5.85144
-5.87748
-5.91906
-5.96375
-6.0088
-6.04342
-6.06399
-6.06463
-6.04903
-6.01649
-5.97583
-5.93095
-5.89383
-5.86271
-5.8427
-5.83391
-5.83803
-5.8494
-5.86977
-5.89445
-5.92127
-5.94438
-5.96325
-5.97485
-5.98225
-5.98921
-5.99931
-6.00944
-6.01069
-5.99829
-5.97122
-5.92978
-5.88379
-5.84404
-5.81645
-5.80502
-5.79709
-5.79217
-5.79161
-5.79518
-5.79872
-5.80522
-5.81141
-5.81318
-5.81246
-5.80261
-5.78692
-5.76871
-5.76517
-5.78868
-5.8414
-5.90781
-5.96664
-6.01083
-6.0272
-6.02155
-5.99709
-5.96683
-5.93781
-5.91444
-5.90074
-5.89849
-5.90973
-5.93234
-5.96437
-6.00653
-6.04869
-6.09272
-6.13422
-6.16952
-6.19707
-6.21868
-6.23331
-6.23516
-6.22703
-6.20345
-6.16651
-6.11727
-6.05766
-5.98754
-5.91872
-5.85531
-5.80697
-5.77637
-5.75832
-5.74713
-5.74223
-5.74245
-5.74476
-5.75384
-5.76848
-5.77698
-5.77386
-5.75946
-5.73786
-5.71492
-5.70048
-5.69509
-5.70096
-5.71762
-5.74273
-5.77096
-5.79417
-5.81205
-5.81844
-5.81957
-5.81778
-5.81638
-5.819
-5.82519
-5.83566
-5.8491
-5.86259
-5.87938
-5.89817
-5.91761
-5.94206
-5.96865
-5.99461
-6.01536
-6.02552
-6.02464
-6.01271
-5.99039
-5.96876
-5.94529
-5.91657
-5.89
-5.86851
-5.8532
-5.85273
-5.86419
-5.88162
-5.90184
-5.91417
-5.92831
-5.93953
-5.94973
-5.9606
-5.97233
-5.98176
-5.9883
-5.98957
-5.98496
-5.98266
-5.98587
-5.99309
-6.00313
-6.00882
-6.00985
-6.00556
-5.99387
-5.97997
-5.96328
-5.94512
-5.92404
-5.89959
-5.88209
-5.87268
-5.86392
-5.85333
-5.83652
-5.81841
-5.82082
-5.8509
-5.9038
-5.96083
-6.01644
-6.06004
-6.08596
-6.09292
-6.08325
-6.05207
-6.00648
-5.95408
-5.91113
-5.88191
-5.87237
-5.87596
-5.89624
-5.91821
-5.93111
-5.9262
-5.90485
-5.86766
-5.82835
-5.7954
-5.78383
-5.79865
-5.84459
-5.90735
-5.98277
-6.04654
-6.09663
-6.12538
-6.1376
-6.13722
-6.13031
-6.1179
-6.10075
-6.0757
-6.04051
-5.99872
-5.95159
-5.9064
-5.87103
-5.84665
-5.84001
-5.85284
-5.88474
-5.93518
-5.99171
-6.04498
-6.0856
-6.10952
-6.11689
-6.11228
-6.09839
-6.0814
-6.0544
-6.01694
-5.97153
-5.92127
-5.86712
-5.82395
-5.80259
-5.79955
-5.81169
-5.83439
-5.85966
-5.88555
-5.90193
-5.91054
-5.91274
-5.91124
-5.90776
-5.90412
-5.8997
-5.89397
-5.88533
-5.87379
-5.86163
-5.84751
-5.82924
-5.80969
-5.7929
-5.78464
-5.78859
-5.80718
-5.84064
-5.87511
-5.90826
-5.92982
-5.94408
-5.95097
-5.95173
-5.94604
-5.93492
-5.92524
-5.92804
-5.94936
-5.97951
-6.00611
-6.02232
-6.02096
-6.00606
-5.97902
-5.94655
-5.91662
-5.88739
-5.86995
-5.86932
-5.88802
-5.9242
-5.96463
-6.00141
-6.02757
-6.03907
-6.0338
-6.01782
-5.98727
-5.94779
-5.91567
-5.89575
-5.88936
-5.89261
-5.89632
-5.90133
-5.90679
-5.91734
-5.93756
-5.96334
-5.9887
-6.0079
-6.01918
-6.02264
-6.0261
-6.04036
-6.05558
-6.06478
-6.0621
-6.04527
-6.01005
-5.96017
-5.89764
-5.83199
-5.77256
-5.73179
-5.72519
-5.74989
-5.79821
-5.8592
-5.91435
-5.9513
-5.96907
-5.96768
-5.95526
-5.93092
-5.89898
-5.86551
-5.83323
-5.80075
-5.78329
-5.77945
-5.7898
-5.81324
-5.84216
-5.87228
-5.90061
-5.92131
-5.92886
-5.92873
-5.91986
-5.90834
-5.88942
-5.8673
-5.84856
-5.83306
-5.82883
-5.83363
-5.84744
-5.87082
-5.89613
-5.92375
-5.95061
-5.975
-5.99471
-6.00661
-6.0186
-6.02784
-6.03585
-6.04442
-6.05338
-6.06082
-6.0609
-6.05083
-6.03334
-6.00907
-5.98761
-5.97411
-5.97073
-5.97936
-5.99531
-6.01436
-6.03479
-6.04835
-6.05436
-6.05342
-6.04641
-6.03668
-6.02288
-6.01052
-5.99178
-5.96931
-5.94585
-5.91651
-5.89085
-5.86807
-5.84809
-5.8342
-5.81972
-5.8057
-5.791
-5.77042
-5.7503
-5.73263
-5.72753
-5.73606
-5.75671
-5.78339
-5.81357
-5.84048
-5.86258
-5.87955
-5.888
-5.88645
-5.87442
-5.86693
-5.86807
-5.89484
-5.94111
-5.99785
-6.05634
-6.09436
-6.10894
-6.09777
-6.06226
-6.01515
-5.96953
-5.93643
-5.91754
-5.90901
-5.90244
-5.893
-5.88567
-5.88475
-5.8938
-5.92162
-5.95404
-5.98717
-6.00562
-6.01065
-5.99942
-5.98026
-5.95352
-5.92166
-5.89581
-5.87431
-5.85861
-5.84602
-5.83912
-5.84287
-5.85948
-5.88708
-5.92522
-5.96024
-5.9894
-6.0041
-6.00656
-6.00188
-5.99406
-5.98909
-5.98773
-5.99504
-6.00854
-6.0257
-6.04099
-6.04956
-6.0479
-6.02967
-5.99312
-5.94084
-5.87609
-5.80814
-5.75251
-5.72509
-5.72708
-5.74937
-5.78425
-5.81879
-5.85183
-5.88089
-5.90718
-5.92727
-5.94626
-5.96446
-5.9851
-6.00812
-6.03523
-6.06052
-6.0773
-6.0854
-6.07493
-6.04834
-6.01096
-5.96664
-5.91886
-5.86959
-5.82063
-5.77677
-5.73655
-5.71338
-5.70896
-5.72177
-5.75529
-5.78939
-5.82302
-5.84329
-5.85409
-5.85726
-5.85269
-5.85253
-5.85411
-5.87145
-5.89995
-5.94025
-5.98118
-6.01746
-6.04348
-6.05899
-6.05995
-6.04813
-6.0267
-6.00263
-5.97364
-5.95333
-5.93966
-5.9272
-5.92287
-5.92974
-5.95048
-5.98588
-6.02666
-6.06364
-6.0908
-6.0984
-6.08655
-6.05277
-5.99995
-5.93182
-5.85413
-5.78475
-5.74022
-5.73275
-5.75362
-5.79449
-5.84344
-5.88742
-5.92792
-5.96294
-5.99643
-6.02437
-6.04725
-6.06067
-6.06364
-6.05787
-6.04871
-6.03873
-6.03481
-6.03143
-6.02643
-6.0222
-6.01751
-6.0161
-6.01054
-5.99876
-5.97824
-5.94676
-5.90276
-5.85664
-5.81338
-5.78414
-5.77315
-5.7767
-5.79266
-5.81394
-5.83782
-5.86136
-5.88029
-5.89903
-5.91802
-5.93021
-5.94126
-5.94489
-5.94483
-5.93988
-5.93598
-5.94112
-5.95869
-5.9868
-6.02397
-6.07004
-6.11396
-6.14519
-6.16318
-6.17101
-6.16678
-6.14942
-6.11022
-6.0472
-5.96056
-5.86115
-5.76197
-5.68158
-5.63127
-5.61419
-5.62217
-5.64713
-5.6831
-5.72276
-5.75852
-5.79299
-5.83822
-5.8945
-5.95383
-6.01141
-6.05298
-6.07191
-6.06695
-6.04145
-6.00477
-5.95795
-5.91466
-5.8821
-5.86414
-5.86311
-5.87185
-5.88534
-5.89648
-5.9043
-5.90965
-5.90825
-5.90153
-5.88706
-5.87289
-5.86069
-5.85489
-5.85707
-5.86504
-5.88219
-5.9052
-5.93031
-5.95459
-5.96776
-5.9729
-5.9677
-5.96112
-5.95827
-5.96766
-5.98563
-6.01262
-6.03323
-6.036
-6.01142
-5.96427
-5.90802
-5.85863
-5.82857
-5.82418
-5.84418
-5.8811
-5.92294
-5.95968
-5.98709
-5.99656
-5.99968
-5.99508
-5.99782
-5.99929
-5.99182
-5.9746
-5.949
-5.91987
-5.90327
-5.90105
-5.91961
-5.94123
-5.95721
-5.95819
-5.94823
-5.92643
-5.89696
-5.87122
-5.85087
-5.84152
-5.83885
-5.83942
-5.8388
-5.84159
-5.85994
-5.89154
-5.93686
-5.98285
-6.01554
-6.02816
-6.02122
-5.99901
-5.97037
-5.93998
-5.9151
-5.89373
-5.87703
-5.86344
-5.8538
-5.84598
-5.84868
-5.86803
-5.90144
-5.938
-5.96536
-5.97773
-5.97565
-5.96526
-5.94516
-5.93069
-5.92016
-5.9149
-5.91912
-5.93195
-5.95489
-5.98563
-6.01472
-6.03146
-6.03875
-6.03533
-6.0247
-6.0054
-5.97196
-5.92199
-5.865
-5.81767
-5.78844
-5.78835
-5.80782
-5.84102
-5.87318
-5.90258
-5.92328
-5.94581
-5.97062
-5.99814
-6.01871
-6.02681
-6.01781
-5.99367
-5.96883
-5.95086
-5.9404
-5.94133
-5.9465
-5.95832
-5.9715
-5.99367
-6.01472
-6.04016
-6.06017
-6.06814
-6.06889
-6.05867
-6.04369
-6.02325
-6.00089
-5.98008
-5.95915
-5.9473
-5.93998
-5.9358
-5.93142
-5.9272
-5.91521
-5.89278
-5.8613
-5.8234
-5.78475
-5.75155
-5.72618
-5.71874
-5.72977
-5.76101
-5.80498
-5.8483
-5.89407
-5.93748
-5.97542
-6.01013
-6.03419
-6.04988
-6.05617
-6.04664
-6.01952
-5.97359
-5.92141
-5.86881
-5.83127
-5.8153
-5.82347
-5.85354
-5.89725
-5.942
-5.98524
-6.01714
-6.03723
-6.04596
-6.04211
-6.03943
-6.0392
-6.04669
-6.0538
-6.05551
-6.04251
-6.00857
-5.96042
-5.91485
-5.88725
-5.88282
-5.90273
-5.93545
-5.97015
-6.00136
-6.02634
-6.0365
-6.03516
-6.01581
-5.98591
-5.94083
-5.88753
-5.83275
-5.78902
-5.76535
-5.77131
-5.79822
-5.8318
-5.86417
-5.89158
-5.91273
-5.93124
-5.94599
-5.9557
-5.95511
-5.94756
-5.93423
-5.91828
-5.89723
-5.87605
-5.85548
-5.83948
-5.82899
-5.82522
-5.83377
-5.85213
-5.87772
-5.90296
-5.92287
-5.93209
-5.92688
-5.90883
-5.88178
-5.85071
-5.82282
-5.80494
-5.80562
-5.82162
-5.85135
-5.88389
-5.90904
-5.92857
-5.9538
-5.99219
-6.0414
-6.09585
-6.14175
-6.16879
-6.17386
-6.14897
-6.10743
-6.05068
-5.98821
-5.92991
-5.88345
-5.84999
-5.83598
-5.83655
-5.8486
-5.86452
-5.88182
-5.88966
-5.88776
-5.88142
-5.8686
-5.85185
-5.83243
-5.81525
-5.80881
-5.81406
-5.83328
-5.86413
-5.90042
-5.93404
-5.96528
-5.99065
-6.01261
-6.02843
-6.0367
-6.03834
-6.03479
-6.0246
-6.0116
-5.99949
-5.98166
-5.96418
-5.94341
-5.92719
-5.91843
-5.91901
-5.92458
-5.93622
-5.94666
-5.9536
-5.95267
-5.94635
-5.93571
-5.93159
-5.93969
-5.96189
-5.99522
-6.02395
-6.04095
-6.04044
-6.02719
-6.00124
-5.96778
-5.93336
-5.89973
-5.86874
-5.84622
-5.83326
-5.83677
-5.8537
-5.88497
-5.92622
-5.96809
-6.00385
-6.02114
-6.01778
-5.99389
-5.94802
-5.89189
-5.82909
-5.77241
-5.72991
-5.70673
-5.70438
-5.72441
-5.75996
-5.80142
-5.84405
-5.88358
-5.91415
-5.93002
-5.93019
-5.91685
-5.88853
-5.8556
-5.8255
-5.80294
-5.79537
-5.7985
-5.81945
-5.8514
-5.88879
-5.9291
-5.96561
-5.99967
-6.02789
-6.05343
-6.07861
-6.10167
-6.12212
-6.13835
-6.14617
-6.14951
-6.1454
-6.13476
-6.11813
-6.1036
-6.09137
-6.08869
-6.09071
-6.09557
-6.08898
-6.06797
-6.03494
-5.99144
-5.94127
-5.88567
-5.82702
-5.77034
-5.72689
-5.70694
-5.71757
-5.74353
-5.77465
-5.81218
-5.8517
-5.89249
-5.93715
-5.97412
-6.00357
-6.02255
-6.02822
-6.02022
-5.99899
-5.96748
-5.92848
-5.89615
-5.87638
-5.86696
-5.85921
-5.84743
-5.82562
-5.80457
-5.78205
-5.7674
-5.76187
-5.77078
-5.79828
-5.83273
-5.86354
-5.87953
-5.88052
-5.86718
-5.8429
-5.82012
-5.80942
-5.8111
-5.82259
-5.84384
-5.86879
-5.89314
-5.91682
-5.93685
-5.95213
-5.95851
-5.95248
-5.9354
-5.90796
-5.87895
-5.85152
-5.833
-5.82608
-5.82992
-5.84022
-5.85751
-5.88636
-5.92317
-5.96402
-6.00975
-6.04832
-6.06852
-6.06984
-6.05634
-6.03124
-6.0039
-5.97829
-5.95919
-5.94486
-5.94061
-5.94642
-5.96225
-5.98804
-6.02161
-6.05812
-6.08899
-6.1122
-6.12903
-6.13392
-6.13313
-6.12345
-6.10339
-6.06888
-6.02085
-5.9609
-5.89315
-5.82516
-5.76539
-5.72278
-5.69569
-5.68523
-5.68449
-5.69531
-5.71646
-5.7427
-5.77264
-5.80182
-5.82411
-5.84162
-5.85472
-5.86776
-5.88019
-5.8934
-5.89461
-5.88968
-5.87876
-5.85962
-5.84388
-5.84142
-5.85537
-5.89009
-5.93807
-5.99159
-6.04156
-6.07364
-6.09225
-6.09077
-6.08189
-6.06187
-6.03755
-6.01416
-5.99149
-5.97017
-5.95036
-5.93106
-5.90556
-5.87615
-5.84647
-5.82008
-5.80799
-5.81325
-5.82932
-5.84653
-5.86059
-5.87062
-5.8851
-5.90745
-5.9345
-5.96391
-5.99248
-6.01488
-6.02828
-6.03312
-6.02982
-6.02529
-6.01364
-6.00061
-5.99171
-5.98462
-5.98193
-5.9854
-5.99145
-6.00037
-6.00486
-5.9979
-5.97248
-5.94198
-5.91188
-5.90056
-5.91519
-5.94899
-5.99446
-6.03647
-6.06606
-6.07417
-6.06058
-6.02486
-5.9735
-5.91426
-5.85364
-5.79971
-5.76468
-5.74866
-5.75174
-5.7638
-5.77518
-5.7827
-5.78763
-5.79215
-5.79281
-5.79149
-5.78379
-5.77208
-5.75287
-5.73598
-5.72731
-5.74261
-5.78514
-5.85064
-5.92661
-6.00042
-6.05819
-6.09591
-6.11101
-6.11128
-6.09727
-6.06793
-6.03159
-5.98601
-5.93825
-5.89555
-5.86773
-5.85957
-5.87345
-5.90251
-5.94543
-5.98736
-6.01793
-6.02185
-5.99644
-5.94527
-5.87615
-5.81417
-5.77351
-5.76569
-5.78243
-5.81919
-5.86425
-5.90756
-5.9472
-5.97842
-5.9952
-5.99461
-5.98748
-5.9771
-5.96617
-5.95443
-5.93487
-5.91347
-5.8923
-5.88399
-5.89439
-5.91829
-5.94568
-5.96599
-5.97034
-5.96754
-5.96096
-5.95547
-5.95624
-5.96402
-5.97148
-5.97358
-5.96853
-5.95357
-5.93083
-5.90666
-5.88354
-5.86409
-5.85879
-5.86339
-5.87828
-5.89532
-5.90815
-5.92112
-5.93986
-5.9719
-6.01924
-6.06586
-6.09729
-6.09792
-6.0639
-6.00041
-5.93333
-5.87649
-5.84844
-5.84675
-5.85729
-5.86565
-5.86522
-5.8509
-5.825
-5.80051
-5.78347
-5.78745
-5.815
-5.86305
-5.91722
-5.96201
-5.98672
-5.98558
-5.96183
-5.92377
-5.88029
-5.83589
-5.80049
-5.77351
-5.76057
-5.76263
-5.77747
-5.80642
-5.84429
-5.88733
-5.92412
-5.95597
-5.9788
-5.98798
-5.9834
-5.97215
-5.96298
-5.95534
-5.95542
-5.96744
-5.98894
-6.01896
-6.05671
-6.09009
-6.11889
-6.13275
-6.13548
-6.12825
-6.11465
-6.09249
-6.07224
-6.0536
-6.03718
-6.02539
-6.01554
-6.01686
-6.01858
-6.00521
-5.98523
-5.9516
-5.91028
-5.86979
-5.82787
-5.79971
-5.78833
-5.7872
-5.78794
-5.78031
-5.76131
-5.73285
-5.70238
-5.68027
-5.67033
-5.67172
-5.68391
-5.70628
-5.73799
-5.78382
-5.83753
-5.89992
-5.96261
-6.01836
-6.05882
-6.08194
-6.08962
-6.08613
-6.07898
-6.06483
-6.0442
-6.01923
-5.98432
-5.94493
-5.90219
-5.8579
-5.82479
-5.80079
-5.78491
-5.77672
-5.77617
-5.78006
-5.78325
-5.78873
-5.80037
-5.82071
-5.84323
-5.87164
-5.90193
-5.93049
-5.9557
-5.98276
-5.99659
-5.99729
-5.98593
-5.96937
-5.95513
-5.95277
-5.97114
-6.00099
-6.03223
-6.05566
-6.06572
-6.06644
-6.05512
-6.03615
-6.01155
-5.9778
-5.94332
-5.91747
-5.91069
-5.92687
-5.95632
-5.99368
-6.02203
-6.02643
-6.00835
-5.97006
-5.91702
-5.86898
-5.83774
-5.83006
-5.83313
-5.84233
-5.85163
-5.85937
-5.86124
-5.86235
-5.86365
-5.86557
-5.87342
-5.88312
-5.89795
-5.91337
-5.92778
-5.94295
-5.95951
-5.97892
-5.99403
-6.0116
-6.02361
-6.02155
-6.00761
-5.97615
-5.93183
-5.87971
-5.83063
-5.79161
-5.76876
-5.76516
-5.77761
-5.79975
-5.83187
-5.86898
-5.90611
-5.94442
-5.97769
-5.99881
-6.0035
-5.9888
-5.95923
-5.92682
-5.90009
-5.88327
-5.88029
-5.88692
-5.90005
-5.91763
-5.94983
-5.98851
-6.03051
-6.06535
-6.08527
-6.08945
-6.07188
-6.03778
-6.00043
-5.96383
-5.9346
-5.90602
-5.87958
-5.85621
-5.8406
-5.83679
-5.8479
-5.86993
-5.89192
-5.91202
-5.92156
-5.92632
-5.93093
-5.9347
-5.94034
-5.94499
-5.93957
-5.92795
-5.91065
-5.88715
-5.86216
-5.83404
-5.80862
-5.79135
-5.78727
-5.79879
-5.82361
-5.8597
-5.89953
-5.9415
-5.98054
-6.00948
-6.02414
-6.02152
-5.99915
-5.96212
-5.91927
-5.87402
-5.84289
-5.83963
-5.86763
-5.92102
-5.98172
-6.0308
-6.06354
-6.06492
-6.04057
-5.99599
-5.94247
-5.88913
-5.83816
-5.78925
-5.74679
-5.71389
-5.70987
-5.73487
-5.78861
-5.86095
-5.93675
-6.01196
-6.0827
-6.14392
-6.19276
-6.22396
-6.22976
-6.21439
-6.17299
-6.10959
-6.02711
-5.93413
-5.84789
-5.77925
-5.73808
-5.72348
-5.73707
-5.76755
-5.80202
-5.83228
-5.85868
-5.87751
-5.89135
-5.90074
-5.90928
-5.91584
-5.92008
-5.92833
-5.93278
-5.93032
-5.92186
-5.91115
-5.90104
-5.88882
-5.88337
-5.87986
-5.87204
-5.86612
-5.86165
-5.86008
-5.86735
-5.87854
-5.88994
-5.89672
-5.89773
-5.89598
-5.90025
-5.90823
-5.91906
-5.92659
-5.92823
-5.91762
-5.89909
-5.86904
-5.83953
-5.81248
-5.80222
-5.80862
-5.83982
-5.88788
-5.94678
-5.99885
-6.03802
-6.05068
-6.04367
-6.0133
-5.98041
-5.94775
-5.92441
-5.91815
-5.92916
-5.95415
-5.98136
-6.00414
-6.01395
-6.01017
-5.99013
-5.95462
-5.90457
-5.84144
-5.77458
-5.71534
-5.67276
-5.65793
-5.67319
-5.71397
-5.76611
-5.82007
-5.87465
-5.92015
-5.95321
-5.97425
-5.98188
-5.97782
-5.96815
-5.95209
-5.93918
-5.92527
-5.91381
-5.90682
-5.90476
-5.9097
-5.91872
-5.92955
-5.9403
-5.94571
-5.94628
-5.93935
-5.92881
-5.91935
-5.91254
-5.92391
-5.94403
-5.97495
-6.00527
-6.03061
-6.0428
-6.04011
-6.01953
-5.98869
-5.95685
-5.92689
-5.90597
-5.89943
-5.90537
-5.91217
-5.90623
-5.89094
-5.86138
-5.82346
-5.79038
-5.76795
-5.76129
-5.76939
-5.79556
-5.83013
-5.86966
-5.90986
-5.94801
-5.97383
-5.98731
-5.98409
-5.965
-5.93645
-5.90654
-5.88378
-5.8811
-5.8968
-5.93041
-5.96921
-6.00516
-6.02474
-6.02602
-6.00844
-5.97781
-5.93927
-5.90176
-5.86704
-5.83855
-5.81974
-5.81173
-5.81555
-5.83452
-5.86652
-5.90318
-5.93874
-5.96552
-5.97505
-5.97308
-5.9552
-5.92735
-5.90036
-5.87394
-5.85654
-5.84925
-5.85003
-5.8616
-5.87833
-5.90135
-5.92457
-5.95389
-5.98331
-6.0082
-6.02873
-6.03429
-6.02758
-6.00709
-5.97841
-5.94099
-5.90154
-5.86171
-5.82849
-5.80929
-5.80544
-5.81745
-5.8415
-5.86918
-5.90133
-5.93437
-5.96309
-5.98998
-6.01094
-6.02904
-6.03201
-6.02229
-5.99662
-5.96717
-5.93807
-5.91835
-5.90354
-5.87977
-5.8494
-5.82128
-5.80956
-5.82623
-5.86515
-5.91895
-5.97473
-6.02274
-6.04568
-6.04499
-6.01618
-5.96507
-5.905
-5.84995
-5.80918
-5.78601
-5.78745
-5.79971
-5.82037
-5.84696
-5.87618
-5.90504
-5.92335
-5.93121
-5.92995
-5.92069
-5.91609
-5.92062
-5.93794
-5.96563
-5.99552
-6.02212
-6.03647
-6.0322
-6.01745
-5.99203
-5.96663
-5.94109
-5.91577
-5.88816
-5.85833
-5.8265
-5.80287
-5.78816
-5.7873
-5.80629
-5.84184
-5.89217
-5.94683
-5.99731
-6.03671
-6.05846
-6.06688
-6.0627
-6.05249
-6.04133
-6.03672
-6.03983
-6.04439
-6.04897
-6.04893
-6.04242
-6.03505
-6.02026
-6.00016
-5.97828
-5.95557
-5.92753
-5.90003
-5.87702
-5.8563
-5.82848
-5.79487
-5.75869
-5.72818
-5.71191
-5.71389
-5.72893
-5.75965
-5.79754
-5.83882
-5.8756
-5.89993
-5.91279
-5.9145
-5.91626
-5.91515
-5.91868
-5.93534
-5.96271
-5.99913
-6.03552
-6.06055
-6.07106
-6.05997
-6.03346
-5.99251
-5.94506
-5.89299
-5.84324
-5.7989
-5.76831
-5.7585
-5.77336
-5.81465
-5.87771
-5.94902
-6.01482
-6.05741
-6.0782
-6.07492
-6.05176
-6.01593
-5.96683
-5.91856
-5.86898
-5.82361
-5.78455
-5.75796
-5.74492
-5.74316
-5.75266
-5.76933
-5.79248
-5.82032
-5.85024
-5.88029
-5.91107
-5.9458
-5.98072
-6.01777
-6.0532
-6.08599
-6.1094
-6.1268
-6.13907
-6.14047
-6.13335
-6.11112
-6.07366
-6.0203
-5.96276
-5.90905
-5.86215
-5.82984
-5.80927
-5.7983
-5.79588
-5.80154
-5.80879
-5.81477
-5.81724
-5.82051
-5.82409
-5.8329
-5.84864
-5.87195
-5.90324
-5.93925
-5.97622
-6.00084
-6.01418
-6.01541
-6.00949
-6.00335
-5.99446
-5.98466
-5.97712
-5.96901
-5.96048
-5.95586
-5.95582
-5.95758
-5.96295
-5.96777
-5.9738
-5.97807
-5.97762
-5.96366
-5.93551
-5.8959
-5.85239
-5.81689
-5.80071
-5.8144
-5.84873
-5.89436
-5.93952
-5.96866
-5.96965
-5.94408
-5.89656
-5.83045
-5.76262
-5.7022
-5.65804
-5.63395
-5.63362
-5.65896
-5.71788
-5.80062
-5.89967
-5.99545
-6.07248
-6.12538
-6.15503
-6.16078
-6.15079
-6.12541
-6.09284
-6.05178
-6.01185
-5.97824
-5.94606
-5.91581
-5.88846
-5.85965
-5.83869
-5.82197
-5.81384
-5.81439
-5.82242
-5.84182
-5.86727
-5.90052
-5.93676
-5.9705
-5.99705
-6.00984
-6.00865
-5.99563
-5.97366
-5.95023
-5.93773
-5.93297
-5.93414
-5.9402
-5.94495
-5.94748
-5.94836
-5.94947
-5.95176
-5.9567
-5.95743
-5.95103
-5.94094
-5.92934
-5.91944
-5.916
-5.92102
-5.92803
-5.93838
-5.95027
-5.96393
-5.97629
-5.98442
-5.98947
-5.98316
-5.96445
-5.93483
-5.903
-5.87342
-5.85021
-5.8363
-5.83307
-5.83235
-5.82593
-5.81041
-5.78433
-5.75196
-5.72109
-5.7025
-5.70004
-5.71846
-5.75661
-5.80798
-5.86422
-5.91738
-5.96488
-6.00514
-6.0431
-6.07441
-6.09451
-6.10261
-6.09704
-6.07723
-6.04623
-6.00766
-5.97149
-5.9412
-5.91896
-5.90515
-5.89678
-5.89041
-5.88733
-5.88877
-5.89361
-5.90415
-5.91996
-5.94819
-5.985
-6.02494
-6.06424
-6.09793
-6.1163
-6.11
-6.07691
-6.01867
-5.94565
-5.86652
-5.79697
-5.74453
-5.71052
-5.69765
-5.70212
-5.72338
-5.75153
-5.78258
-5.81099
-5.83582
-5.85557
-5.87099
-5.88805
-5.90194
-5.91379
-5.91959
-5.9143
-5.89936
-5.88285
-5.86557
-5.85311
-5.84896
-5.85114
-5.86665
-5.89009
-5.92159
-5.95613
-5.98584
-6.0159
-6.04009
-6.06519
-6.08251
-6.09767
-6.10612
-6.10264
-6.08085
-6.04743
-6.01265
-5.98521
-5.96601
-5.96051
-5.96365
-5.97027
-5.96899
-5.95901
-5.93854
-5.91871
-5.89752
-5.88453
-5.8742
-5.86527
-5.85859
-5.84918
-5.83949
-5.83039
-5.82354
-5.8219
-5.82766
-5.8305
-5.82846
-5.81981
-5.80017
-5.77848
-5.76105
-5.75649
-5.76997
-5.80458
-5.84777
-5.90136
-5.95674
-6.00898
-6.04471
-6.05962
-6.04705
-6.01251
-5.9642
-5.9039
-5.83806
-5.776
-5.7195
-5.68575
-5.6784
-5.70339
-5.75476
-5.82082
-5.88763
-5.94598
-5.98703
-6.0083
-6.01386
-6.01357
-6.01034
-6.00688
-6.00322
-6.00453
-6.00929
-6.01732
-6.02333
-6.02045
-6.00478
-5.97477
-5.9335
-5.88995
-5.85629
-5.84059
-5.84886
-5.87371
-5.90961
-5.9478
-5.98222
-6.00637
-6.01834
-6.01844
-6.00486
-5.97922
-5.94149
-5.89589
-5.84501
-5.79183
-5.74277
-5.70973
-5.70119
-5.71541
-5.74759
-5.78079
-5.80774
-5.82713
-5.84299
-5.87206
-5.91267
-5.95755
-6.00165
-6.03673
-6.06036
-6.06824
-6.05797
-6.03138
-5.9876
-5.92956
-5.86527
-5.80788
-5.77023
-5.76351
-5.78238
-5.82347
-5.86956
-5.91346
-5.94669
-5.96849
-5.98116
-5.98652
-5.98644
-5.98033
-5.97618
-5.97084
-5.96416
-5.96489
-5.97505
-6.00016
-6.02853
-6.05291
-6.06752
-6.07453
-6.06902
-6.05529
-6.03648
-6.01176
-5.99191
-5.97498
-5.96642
-5.96947
-5.97823
-5.9919
-5.99939
-5.99853
-5.98806
-5.96387
-5.93016
-5.89098
-5.85571
-5.83245
-5.82749
-5.84225
-5.87084
-5.90077
-5.92353
-5.92615
-5.908
-5.87223
-5.82671
-5.78391
-5.75187
-5.73101
-5.72387
-5.73116
-5.75015
-5.78219
-5.82034
-5.85751
-5.89459
-5.9291
-5.96793
-6.00034
-6.02689
-6.04382
-6.04399
-6.03232
-6.00685
-5.97222
-5.9399
-5.92129
-5.919
-5.92594
-5.94261
-5.9644
-5.98391
-6.00049
-6.01162
-6.01602
-6.01194
-6.01079
-6.00795
-6.00687
-6.00283
-5.99277
-5.97944
-5.96263
-5.9498
-5.93919
-5.93343
-5.92728
-5.92178
-5.91321
-5.90663
-5.89576
-5.88359
-5.8648
-5.8386
-5.80132
-5.75785
-5.71869
-5.69053
-5.68571
-5.70349
-5.72962
-5.76354
-5.79649
-5.82421
-5.84843
-5.8664
-5.88287
-5.89936
-5.91822
-5.9356
-5.94795
-5.95305
-5.94829
-5.92702
-5.89452
-5.85487
-5.81618
-5.79692
-5.79835
-5.82356
-5.86022
-5.90175
-5.94509
-5.9864
-6.02505
-6.06441
-6.09629
-6.11566
-6.12038
-6.10768
-6.07797
-6.0329
-5.98802
-5.9493
-5.92378
-5.91227
-5.9174
-5.93552
-5.96373
-5.99104
-6.0074
-6.01164
-6.00386
-5.98826
-5.9675
-5.94658
-5.92826
-5.91319
-5.90209
-5.8951
-5.89108
-5.89157
-5.89695
-5.8973
-5.88561
-5.86244
-5.83032
-5.80836
-5.80715
-5.83104
-5.86784
-5.90081
-5.92336
-5.92307
-5.90175
-5.86389
-5.81112
-5.74894
-5.68423
-5.63178
-5.60548
-5.61976
-5.67154
-5.75252
-5.8432
-5.92849
-6.00039
-6.05629
-6.09857
-6.13014
-6.15695
-6.18068
-6.20317
-6.22549
-6.23884
-6.25004
-6.25814
-6.25919
-6.24772
-6.22638
-6.19814
-6.1617
-6.11748
-6.07456
-6.03114
-5.98656
-5.95021
-5.9191
-5.8977
-5.88462
-5.87272
-5.8579
-5.84161
-5.8191
-5.79077
-5.75753
-5.72322
-5.69553
-5.68523
-5.6944
-5.71454
-5.74335
-5.77044
-5.79346
-5.81209
-5.82629
-5.84038
-5.85746
-5.87637
-5.90174
-5.9338
-5.97079
-6.00654
-6.03625
-6.06021
-6.07066
-6.07369
-6.06179
-6.05115
-6.04211
-6.04032
-6.03942
-6.02777
-6.00556
-5.97997
-5.95163
-5.92745
-5.90364
-5.87901
-5.85976
-5.84037
-5.82903
-5.82103
-5.81832
-5.81316
-5.80309
-5.78802
-5.76246
-5.73315
-5.7017
-5.67853
-5.66704
-5.67315
-5.70046
-5.74638
-5.80695
-5.87785
-5.94827
-6.00801
-6.05359
-6.07859
-6.08238
-6.06854
-6.04258
-6.01801
-6.00098
-5.99725
-6.00956
-6.03321
-6.06323
-6.0869
-6.10086
-6.10447
-6.09775
-6.08209
-6.05679
-6.02679
-5.99893
-5.97567
-5.96501
-5.95383
-5.93848
-5.91463
-5.88749
-5.86456
-5.85427
-5.85958
-5.87748
-5.90017
-5.91969
-5.93306
-5.93763
-5.94193
-5.9437
-5.94132
-5.93037
-5.91022
-5.88928
-5.87619
-5.87717
-5.89066
-5.91141
-5.93528
-5.95963
-5.9786
-5.98654
-5.98543
-5.97512
-5.9566
-5.93185
-5.90077
-5.86229
-5.82638
-5.79929
-5.79106
-5.80217
-5.82602
-5.85387
-5.87593
-5.88736
-5.88101
-5.86622
-5.85038
-5.8383
-5.83674
-5.84252
-5.85179
-5.87164
-5.89578
-5.92361
-5.95121
-5.98445
-6.023
-6.06261
-6.09428
-6.11175
-6.11277
-6.09084
-6.05081
-6.00282
-5.95671
-5.9226
-5.90535
-5.90164
-5.90798
-5.92163
-5.93515
-5.94571
-5.95098
-5.95067
-5.94276
-5.92559
-5.90139
-5.88011
-5.86132
-5.84607
-5.83565
-5.83328
-5.83961
-5.85524
-5.87933
-5.9078
-5.93685
-5.96165
-5.97857
-5.98954
-5.99418
-5.99091
-5.98498
-5.97837
-5.97295
-5.965
-5.95583
-5.94552
-5.92721
-5.90718
-5.88746
-5.87071
-5.86191
-5.86222
-5.88014
-5.9046
-5.92517
-5.93862
-5.93906
-5.92382
-5.89866
-5.86445
-5.82172
-5.77836
-5.74459
-5.71641
-5.69569
-5.68654
-5.68539
-5.69663
-5.71727
-5.75138
-5.79668
-5.84998
-5.9011
-5.94461
-5.97213
-5.97724
-5.96431
-5.946
-5.94288
-5.95703
-5.98143
-6.00091
-6.00944
-6.01224
-6.00965
-5.99957
-5.98615
-5.9689
-5.94871
-5.93356
-5.9248
-5.9239
-5.92592
-5.92802
-5.92789
-5.92179
-5.90802
-5.8969
-5.89119
-5.89558
-5.90154
-5.91314
-5.92028
-5.92213
-5.91515
-5.90434
-5.88989
-5.87625
-5.86899
-5.87411
-5.88922
-5.91377
-5.94609
-5.97756
-6.00503
-6.01736
-6.01713
-6.00224
-5.97436
-5.94117
-5.90681
-5.87764
-5.85823
-5.84571
-5.83818
-5.83657
-5.84107
-5.85116
-5.86026
-5.86621
-5.86814
-5.86572
-5.86294
-5.86551
-5.87927
-5.8993
-5.92091
-5.9402
-5.95146
-5.94644
-5.93659
-5.92332
-5.91879
-5.92721
-5.94749
-5.96966
-5.99316
-6.01074
-6.02571
-6.03076
-6.02727
-6.00861
-5.98155
-5.95123
-5.92611
-5.91382
-5.9167
-5.92775
-5.93733
-5.93516
-5.91626
-5.87754
-5.82665
-5.77418
-5.73455
-5.71723
-5.72076
-5.74262
-5.77519
-5.80987
-5.84717
-5.88745
-5.93294
-5.9813
-6.0275
-6.06385
-6.08803
-6.09642
-6.09098
-6.07542
-6.05624
-6.03074
-6.00986
-5.98968
-5.96581
-5.94481
-5.91841
-5.89135
-5.868
-5.84691
-5.83073
-5.82225
-5.8221
-5.83407
-5.86221
-5.90111
-5.94498
-5.98251
-6.00722
-6.0145
-6.00807
-5.99506
-5.98275
-5.97571
-5.97158
-5.97435
-5.98218
-5.98871
-5.99002
-5.98149
-5.95716
-5.9166
-5.86548
-5.81452
-5.77809
-5.75911
-5.76007
-5.78
-5.82071
-5.87988
-5.95287
-6.03366
-6.10675
-6.15717
-6.17625
-6.15711
-6.10535
-6.02382
-5.93179
-5.85473
-5.81334
-5.80643
-5.82441
-5.85189
-5.87449
-5.89577
-5.90774
-5.91493
-5.91645
-5.91048
-5.8985
-5.88666
-5.8798
-5.89228
-5.92907
-5.97629
-6.01599
-6.03057
-6.02232
-5.99435
-5.95448
-5.91623
-5.88785
-5.86874
-5.864
-5.87019
-5.88171
-5.89433
-5.91161
-5.93281
-5.95787
-5.98242
-5.99737
-5.99793
-5.97867
-5.94256
-5.89786
-5.85894
-5.83768
-5.84201
-5.8724
-5.92296
-5.9812
-6.03742
-6.08172
-6.11236
-6.12265
-6.11574
-6.10151
-6.08425
-6.06714
-6.05417
-6.03488
-6.01363
-5.9895
-5.96318
-5.93669
-5.9117
-5.87837
-5.83344
-5.78313
-5.73072
-5.68715
-5.65508
-5.63853
-5.64286
-5.66907
-5.71711
-5.78047
-5.85375
-5.93247
-6.01004
-6.07805
-6.13066
-6.15506
-6.15033
-6.12197
-6.07338
-6.01288
-5.95126
-5.8986
-5.85961
-5.8348
-5.82853
-5.83928
-5.86035
-5.88608
-5.91407
-5.94243
-5.96773
-5.98775
-5.99571
-5.98837
-5.97074
-5.94765
-5.93051
-5.91382
