0.131173
0.131169
0.131039
0.13117
0.132057
0.133812
0.136134
0.138579
0.140556
0.141629
0.141686
0.140788
0.139298
0.137435
0.135565
0.133981
0.132776
0.132124
0.132092
0.132677
0.133768
0.135218
0.136861
0.13859
0.14002
0.140809
0.140809
0.139846
0.138064
0.13573
0.13316
0.130838
0.129034
0.128098
0.127991
0.128481
0.129136
0.129632
0.129679
0.129329
0.128766
0.128323
0.128368
0.128871
0.12967
0.130633
0.131551
0.132274
0.13279
0.132974
0.132697
0.132062
0.1311
0.130217
0.129619
0.129463
0.129691
0.13024
0.130952
0.13186
0.132813
0.133763
0.134384
0.134502
0.134213
0.133598
0.132847
0.132105
0.131529
0.131186
0.131359
0.131992
0.133079
0.134292
0.135479
0.136535
0.137442
0.13822
0.138603
0.138273
0.137003
0.134864
0.132355
0.130069
0.128369
0.127466
0.127465
0.128306
0.129821
0.131789
0.133896
0.135808
0.137453
0.138734
0.139733
0.140348
0.140532
0.140236
0.139295
0.137697
0.135517
0.132965
0.130519
0.128392
0.127101
0.126791
0.127496
0.128884
0.130813
0.132664
0.133909
0.134382
0.134023
0.133043
0.131605
0.129779
0.127854
0.126077
0.124631
0.123746
0.123535
0.124162
0.125499
0.127349
0.129545
0.13184
0.134024
0.136117
0.137972
0.139475
0.140405
0.140646
0.14033
0.139594
0.138687
0.137764
0.136887
0.136119
0.135399
0.134571
0.133477
0.132244
0.13091
0.129647
0.128718
0.12807
0.127791
0.127726
0.127916
0.128229
0.128644
0.129153
0.129657
0.13011
0.130581
0.131134
0.131626
0.132117
0.132496
0.132755
0.132802
0.132734
0.132542
0.132458
0.132527
0.132854
0.133523
0.134314
0.134967
0.135131
0.134564
0.133246
0.131468
0.129735
0.128497
0.127953
0.128052
0.12853
0.129173
0.129786
0.130186
0.130373
0.130383
0.130268
0.130205
0.130154
0.130229
0.130415
0.130822
0.131451
0.13241
0.133663
0.135052
0.136357
0.137321
0.137576
0.137167
0.136454
0.135703
0.135301
0.13554
0.13638
0.137864
0.139677
0.141288
0.142218
0.142011
0.140593
0.138175
0.135445
0.132928
0.130819
0.12936
0.128348
0.127796
0.127465
0.127237
0.126767
0.125798
0.124331
0.122834
0.121863
0.121574
0.121866
0.122407
0.123026
0.123527
0.123926
0.124473
0.12538
0.126669
0.128045
0.129272
0.130106
0.130576
0.130887
0.131451
0.132533
0.134003
0.135783
0.137394
0.138723
0.139563
0.140067
0.140208
0.14
0.139563
0.138827
0.137875
0.136726
0.13551
0.134204
0.132812
0.131613
0.130633
0.129947
0.129503
0.129403
0.129708
0.130356
0.131236
0.132215
0.133138
0.13392
0.134678
0.135445
0.136136
0.13678
0.137334
0.137641
0.137558
0.137183
0.136518
0.135636
0.134667
0.133562
0.132485
0.131661
0.131092
0.130599
0.130092
0.129317
0.128195
0.126761
0.125352
0.124223
0.123647
0.123889
0.124945
0.126752
0.128935
0.131327
0.133542
0.135319
0.136385
0.136741
0.136431
0.135662
0.134754
0.134009
0.133504
0.133287
0.133262
0.133264
0.133197
0.133121
0.133189
0.133546
0.134007
0.134579
0.135274
0.135932
0.13664
0.137264
0.137686
0.137878
0.137819
0.13754
0.137174
0.136772
0.13631
0.135705
0.135024
0.134295
0.133645
0.13321
0.133024
0.132914
0.13287
0.132844
0.132815
0.132868
0.132906
0.132862
0.132557
0.131768
0.130545
0.129106
0.127775
0.126812
0.126331
0.126427
0.127169
0.128593
0.130641
0.132962
0.135177
0.136806
0.137462
0.137025
0.135762
0.134029
0.132208
0.130521
0.129126
0.128146
0.127673
0.127839
0.128463
0.129195
0.12983
0.130094
0.129933
0.129496
0.129056
0.128737
0.128526
0.128459
0.128579
0.128683
0.128783
0.128791
0.128807
0.129044
0.129533
0.130371
0.13146
0.132617
0.133843
0.135073
0.136375
0.137626
0.138855
0.139841
0.140452
0.140578
0.140184
0.139178
0.137719
0.136057
0.134345
0.132901
0.131785
0.131029
0.13047
0.129951
0.129325
0.128638
0.128116
0.128038
0.12861
0.129924
0.131695
0.133662
0.135641
0.137465
0.139029
0.140278
0.141261
0.141879
0.14204
0.141796
0.140916
0.139498
0.137636
0.135527
0.133324
0.131323
0.129909
0.129391
0.129909
0.131495
0.133868
0.136436
0.138442
0.139218
0.138663
0.136893
0.134539
0.132051
0.129811
0.128237
0.127242
0.126987
0.12737
0.128227
0.129382
0.130695
0.131912
0.132911
0.133437
0.133494
0.133253
0.132866
0.132325
0.131711
0.131086
0.13033
0.129387
0.128109
0.126651
0.124915
0.123302
0.121884
0.120936
0.120547
0.120725
0.121403
0.122555
0.124048
0.125959
0.128209
0.130812
0.133535
0.136144
0.138359
0.140201
0.141783
0.143122
0.144058
0.144349
0.143652
0.142164
0.140175
0.138196
0.136434
0.135259
0.134577
0.134365
0.13445
0.134709
0.135001
0.135167
0.135086
0.134822
0.134466
0.134119
0.133881
0.133755
0.133742
0.133769
0.134052
0.134582
0.135475
0.136525
0.137206
0.137431
0.137036
0.136335
0.13563
0.135286
0.135491
0.135997
0.136471
0.136606
0.136076
0.135011
0.133604
0.132098
0.130837
0.129881
0.12924
0.128895
0.128906
0.129378
0.130362
0.131802
0.133691
0.135714
0.13786
0.139783
0.141285
0.141939
0.141608
0.14056
0.139073
0.137507
0.135898
0.134113
0.13226
0.130258
0.128278
0.126491
0.124982
0.123938
0.123405
0.123486
0.124359
0.125952
0.127941
0.130071
0.131894
0.13319
0.13395
0.134386
0.134507
0.134473
0.134177
0.1334
0.132086
0.130503
0.129178
0.128277
0.128003
0.128214
0.128933
0.130017
0.131273
0.132559
0.133783
0.134816
0.13568
0.136313
0.136612
0.136497
0.135986
0.135071
0.133883
0.132538
0.131146
0.129923
0.128892
0.128264
0.12794
0.127963
0.128078
0.128145
0.128131
0.128152
0.128332
0.128744
0.129379
0.130075
0.130679
0.131092
0.131281
0.131343
0.131456
0.131632
0.131874
0.132215
0.132576
0.132976
0.133491
0.13424
0.135225
0.136432
0.13775
0.139047
0.139952
0.140214
0.139679
0.138432
0.136698
0.13486
0.133144
0.131695
0.130694
0.130398
0.130917
0.132162
0.133742
0.135159
0.136026
0.136155
0.135491
0.134256
0.132604
0.130898
0.129344
0.128153
0.127362
0.126981
0.126934
0.127054
0.127289
0.127548
0.127963
0.128708
0.13013
0.132161
0.134659
0.137283
0.139451
0.140894
0.141491
0.141345
0.140433
0.138725
0.136304
0.133526
0.130702
0.128138
0.126009
0.124583
0.124054
0.124741
0.126526
0.129274
0.132344
0.135166
0.137163
0.138082
0.137966
0.137235
0.136369
0.135711
0.135452
0.135677
0.136218
0.136904
0.137669
0.138238
0.13846
0.138218
0.137386
0.136007
0.134268
0.132421
0.13069
0.129209
0.12802
0.127252
0.12701
0.127309
0.127994
0.129114
0.130564
0.132286
0.134147
0.135623
0.136248
0.136044
0.135558
0.135113
0.134797
0.134332
0.133509
0.132371
0.130894
0.129159
0.127414
0.12583
0.124439
0.123198
0.122048
0.121007
0.120228
0.120122
0.120975
0.12285
0.125833
0.129644
0.13377
0.137457
0.139992
0.141186
0.141207
0.140573
0.139832
0.1394
0.13945
0.139803
0.140139
0.140091
0.139633
0.138834
0.137865
0.136802
0.135646
0.134426
0.133191
0.131961
0.130981
0.130349
0.130262
0.130765
0.131753
0.13296
0.134177
0.135127
0.135779
0.136075
0.136115
0.135807
0.135223
0.13437
0.133231
0.131758
0.129984
0.128347
0.127192
0.127019
0.128015
0.130043
0.132625
0.135146
0.136942
0.137434
0.136458
0.134292
0.131621
0.129095
0.12737
0.126854
0.127527
0.129121
0.13107
0.132822
0.134122
0.134977
0.135339
0.135193
0.134629
0.133751
0.132596
0.131563
0.130614
0.129654
0.128682
0.127727
0.127156
0.127349
0.128511
0.130312
0.132231
0.133941
0.135127
0.135877
0.136376
0.136609
0.13653
0.135984
0.135
0.133611
0.132089
0.130636
0.129478
0.128506
0.127646
0.127114
0.127112
0.127533
0.128501
0.129826
0.131656
0.133915
0.136462
0.138725
0.140321
0.140983
0.140841
0.140184
0.139278
0.138179
0.136824
0.135178
0.133298
0.131446
0.1298
0.128473
0.127413
0.126574
0.125819
0.125183
0.124754
0.124503
0.124554
0.124961
0.125881
0.127547
0.130069
0.133233
0.136474
0.139092
0.140249
0.13966
0.137435
0.13408
0.130393
0.126936
0.12409
0.122111
0.121127
0.121358
0.122771
0.125178
0.128352
0.131691
0.134614
0.136791
0.138138
0.138699
0.138813
0.138769
0.138685
0.138414
0.137772
0.136678
0.135255
0.133595
0.132065
0.130814
0.130099
0.130067
0.13053
0.131621
0.133165
0.135096
0.137313
0.13965
0.141737
0.143232
0.14374
0.143147
0.141526
0.139221
0.136833
0.134762
0.133313
0.13255
0.132203
0.131986
0.131708
0.131416
0.131061
0.130738
0.130466
0.130285
0.130192
0.13035
0.130666
0.131113
0.131476
0.131375
0.130547
0.128955
0.126792
0.12444
0.122386
0.120984
0.120482
0.120987
0.122397
0.124568
0.127228
0.130093
0.132806
0.135036
0.136532
0.137153
0.136825
0.13575
0.13412
0.132492
0.131244
0.130433
0.130005
0.129842
0.130153
0.131159
0.133204
0.136231
0.139884
0.143428
0.146004
0.146817
0.1454
0.141982
0.137195
0.131934
0.127092
0.123272
0.120825
0.119794
0.120054
0.1211
0.122417
0.123557
0.124604
0.125606
0.126841
0.128283
0.129963
0.131782
0.13368
0.135466
0.1367
0.137109
0.136738
0.136039
0.135573
0.1358
0.136777
0.138202
0.139683
0.140906
0.141688
0.141896
0.141661
0.141073
0.14009
0.1389
0.137346
0.135632
0.13392
0.132456
0.131295
0.130732
0.130753
0.131295
0.132217
0.133248
0.134264
0.135006
0.135335
0.135087
0.134144
0.132654
0.131028
0.129591
0.128601
0.12844
0.129106
0.130508
0.132453
0.134678
0.136913
0.138774
0.139761
0.139596
0.138374
0.136408
0.134119
0.132024
0.130356
0.129383
0.129121
0.129431
0.129895
0.130119
0.129952
0.129404
0.128798
0.128452
0.12849
0.129022
0.130007
0.131257
0.1326
0.134026
0.135266
0.136412
0.137378
0.137976
0.137989
0.137348
0.136141
0.134551
0.132785
0.130999
0.129444
0.128274
0.127562
0.127351
0.127573
0.128154
0.129118
0.130397
0.131863
0.133319
0.134385
0.134792
0.134512
0.133886
0.133325
0.133211
0.133448
0.133881
0.134268
0.134339
0.134227
0.134081
0.134243
0.134918
0.135984
0.137435
0.138844
0.139877
0.140344
0.140387
0.139896
0.138955
0.137641
0.135986
0.134163
0.132209
0.130306
0.128718
0.127643
0.127124
0.127337
0.128162
0.129396
0.130668
0.131639
0.132053
0.131969
0.131569
0.130984
0.130408
0.129992
0.129858
0.13009
0.130717
0.131574
0.132406
0.132816
0.132658
0.131971
0.131065
0.130411
0.130521
0.131344
0.132629
0.133939
0.13483
0.135008
0.134628
0.133718
0.13272
0.131832
0.131036
0.130338
0.129609
0.128804
0.128061
0.127575
0.127624
0.128371
0.12985
0.131861
0.134019
0.135914
0.137188
0.137802
0.137801
0.137347
0.136608
0.135485
0.134172
0.132626
0.131093
0.129815
0.128935
0.128523
0.128768
0.129537
0.130555
0.131538
0.132026
0.131908
0.131342
0.130548
0.129665
0.128868
0.128157
0.12742
0.126539
0.125363
0.123751
0.122053
0.120496
0.119563
0.119501
0.120451
0.122461
0.125379
0.128968
0.132874
0.136468
0.139297
0.141082
0.141721
0.141448
0.140457
0.139034
0.137551
0.136246
0.135367
0.135277
0.135768
0.136501
0.136912
0.136765
0.13609
0.135119
0.134045
0.133133
0.132669
0.132671
0.133139
0.133897
0.134542
0.134798
0.134518
0.133979
0.133401
0.13305
0.133041
0.133383
0.133761
0.134047
0.134173
0.13405
0.133732
0.133298
0.132742
0.132175
0.131589
0.130865
0.129835
0.128359
0.126771
0.12556
0.125044
0.125369
0.126488
0.128222
0.130171
0.131931
0.133632
0.135329
0.137025
0.138669
0.140029
0.140913
0.141171
0.140628
0.139417
0.137757
0.135965
0.134382
0.133266
0.132638
0.132249
0.132047
0.13185
0.131597
0.131314
0.131078
0.130756
0.130333
0.129672
0.128735
0.1276
0.126484
0.125583
0.124997
0.124949
0.125381
0.126258
0.12741
0.128635
0.129857
0.130923
0.1316
0.132093
0.132462
0.132885
0.133365
0.133901
0.134451
0.13495
0.135355
0.135693
0.136019
0.136428
0.136895
0.137437
0.138011
0.13855
0.13909
0.139542
0.139865
0.139919
0.139688
0.139088
0.138282
0.137517
0.13685
0.136214
0.135531
0.134764
0.134004
0.133438
0.133382
0.133738
0.134052
0.134107
0.133779
0.133209
0.132586
0.131987
0.131603
0.131617
0.132231
0.133366
0.134611
0.135544
0.135758
0.135126
0.133602
0.131534
0.129224
0.127044
0.125366
0.12437
0.124026
0.124208
0.124682
0.125223
0.125619
0.125764
0.125861
0.125927
0.126024
0.125934
0.125323
0.124353
0.123271
0.1226
0.122754
0.123897
0.126023
0.128975
0.132446
0.135907
0.138698
0.140433
0.141074
0.141219
0.141157
0.141052
0.14072
0.140007
0.138957
0.13778
0.136683
0.135874
0.135538
0.135684
0.13616
0.13677
0.137234
0.137152
0.136436
0.135211
0.133798
0.132491
0.131531
0.131038
0.130927
0.13112
0.13122
0.131192
0.131036
0.130815
0.130709
0.130802
0.131326
0.132226
0.133284
0.134276
0.134875
0.13514
0.135194
0.135191
0.135305
0.135517
0.135871
0.136248
0.136594
0.13678
0.136847
0.136875
0.137007
0.137301
0.137528
0.137544
0.137073
0.136038
0.134517
0.132772
0.130998
0.129298
0.127821
0.126475
0.125286
0.124429
0.124199
0.124712
0.125885
0.127346
0.128696
0.129622
0.129992
0.130042
0.129986
0.130153
0.130697
0.13169
0.132974
0.134353
0.135448
0.136014
0.136002
0.135789
0.135676
0.135841
0.136325
0.136954
0.13765
0.138331
0.138972
0.139365
0.139355
0.138724
0.137551
0.135925
0.134164
0.13277
0.132139
0.132286
0.132795
0.133264
0.133352
0.133116
0.132496
0.131623
0.13041
0.129215
0.128267
0.127599
0.127065
0.126621
0.126198
0.125804
0.125473
0.125315
0.125426
0.12568
0.125929
0.126148
0.126334
0.126479
0.126806
0.127465
0.128432
0.129536
0.130613
0.131571
0.132356
0.133075
0.133716
0.134489
0.135478
0.136797
0.138314
0.139809
0.141115
0.141886
0.141982
0.141388
0.140379
0.139191
0.138145
0.137187
0.136351
0.135401
0.134314
0.133021
0.131558
0.130117
0.128822
0.128023
0.12782
0.128214
0.129069
0.13022
0.131553
0.132888
0.134265
0.135737
0.137394
0.139074
0.14048
0.141357
0.141485
0.14093
0.139591
0.13733
0.13422
0.130765
0.127558
0.124927
0.123073
0.121831
0.121144
0.120897
0.121036
0.121799
0.123451
0.126066
0.129356
0.132753
0.135473
0.137011
0.137083
0.135904
0.134151
0.132466
0.131286
0.130782
0.131132
0.132127
0.133756
0.135847
0.137953
0.139631
0.140495
0.140355
0.139377
0.137931
0.136562
0.135471
0.134934
0.134913
0.135162
0.135333
0.135031
0.134271
0.13347
0.133121
0.133384
0.134103
0.135
0.135797
0.136197
0.136168
0.135454
0.134194
0.132439
0.130524
0.128775
0.127494
0.126771
0.126649
0.126944
0.127403
0.127824
0.128031
0.127927
0.12753
0.127066
0.12682
0.127129
0.127958
0.129224
0.130679
0.131922
0.132585
0.132659
0.132482
0.132471
0.132978
0.134102
0.135522
0.13697
0.13805
0.138441
0.137862
0.136529
0.134696
0.133067
0.132025
0.131532
0.131134
0.130517
0.129408
0.127969
0.126405
0.125089
0.124406
0.124397
0.125118
0.126432
0.127844
0.129028
0.129589
0.129448
0.128852
0.128061
0.127502
0.127399
0.127848
0.128966
0.130571
0.132532
0.134685
0.136715
0.138364
0.139561
0.140408
0.141012
0.141588
0.141943
0.141822
0.141012
0.139494
0.137409
0.135272
0.133396
0.132106
0.131454
0.13139
0.131879
0.132684
0.13373
0.134745
0.135565
0.135966
0.135661
0.134418
0.132438
0.130027
0.127654
0.125556
0.124059
0.123032
0.122622
0.12266
0.123297
0.124595
0.126464
0.128737
0.131052
0.13299
0.134158
0.134521
0.134244
0.133676
0.133338
0.13385
0.135385
0.137811
0.140554
0.142994
0.144468
0.144819
0.144157
0.142778
0.140991
0.138971
0.137099
0.135569
0.134497
0.134121
0.134274
0.134849
0.135474
0.135747
0.135285
0.133832
0.131408
0.128379
0.125245
0.12256
0.120645
0.119627
0.119588
0.120407
0.121808
0.123584
0.12554
0.127519
0.129438
0.131214
0.132742
0.134096
0.135182
0.13628
0.137365
0.13825
0.138939
0.139169
0.13878
0.137852
0.136565
0.135225
0.134189
0.133695
0.13369
0.133956
0.134162
0.134135
0.133867
0.133449
0.132815
0.131997
0.130885
0.129421
0.127778
0.126258
0.125139
0.124589
0.124591
0.125017
0.12571
0.126431
0.127097
0.127592
0.128115
0.128425
0.128429
0.128138
0.12772
0.127457
0.127439
0.127947
0.129007
0.130697
0.132729
0.134657
0.136232
0.137426
0.138254
0.13883
0.138955
0.138706
0.137923
0.136842
0.13573
0.134845
0.134421
0.134569
0.135072
0.13589
0.137021
0.138423
0.139934
0.141374
0.142479
0.142964
0.142828
0.142214
0.141276
0.140039
0.138552
0.136861
0.134965
0.133039
0.131282
0.129757
0.128571
0.127616
0.126846
0.126314
0.126019
0.125849
0.125713
0.125365
0.124789
0.12408
0.123556
0.123312
0.123552
0.124195
0.12521
0.126562
0.128139
0.129983
0.13203
0.134089
0.13587
0.137099
0.137717
0.137697
0.137249
0.136433
0.135387
0.134267
0.133191
0.132291
0.131599
0.131166
0.131222
0.131669
0.132674
0.134223
0.136077
0.138036
0.139658
0.140544
0.140295
0.139174
0.137667
0.136167
0.135081
0.134472
0.134189
0.134147
0.134082
0.133927
0.133616
0.133325
0.132957
0.132722
0.132533
0.132346
0.132109
0.131801
0.131313
0.130496
0.129394
0.128244
0.127254
0.126517
0.126182
0.125964
0.125526
0.124558
0.123004
0.121464
0.120446
0.12036
0.121323
0.123237
0.125909
0.129025
0.132215
0.135032
0.137274
0.138741
0.139651
0.139992
0.139895
0.139495
0.138823
0.137872
0.136702
0.135282
0.133693
0.132113
0.130709
0.129596
0.128964
0.128952
0.129505
0.13042
0.131462
0.132368
0.133005
0.133472
0.133677
0.133454
0.132872
0.13197
0.131104
0.130357
0.130028
0.130196
0.1309
0.132107
0.133783
0.135845
0.138123
0.140316
0.142062
0.142997
0.143096
0.142411
0.141122
0.13953
0.137802
0.136175
0.134762
0.133531
0.13242
0.131436
0.130532
0.129712
0.12894
0.128174
0.127369
0.126408
0.125303
0.124479
0.124496
0.12574
0.128255
0.131478
0.134653
0.137042
0.138092
0.137723
0.136339
0.134702
0.133295
0.132265
0.131659
0.131278
0.130963
0.130469
0.129707
0.128728
0.127468
0.126097
0.124813
0.123804
0.123267
0.123434
0.124421
0.126051
0.128265
0.130782
0.133577
0.136424
0.139129
0.141366
0.142802
0.143365
0.143024
0.141933
0.140379
0.138576
0.136738
0.134949
0.133323
0.131935
0.1307
0.129642
0.128765
0.128188
0.128279
0.129325
0.131471
0.134612
0.138343
0.141989
0.144821
0.146193
0.145863
0.143951
0.140945
0.137449
0.133969
0.130697
0.127994
0.125985
0.124832
0.124373
0.124498
0.124877
0.125246
0.125531
0.125776
0.126022
0.126322
0.126719
0.127196
0.127841
0.128637
0.129631
0.130558
0.131282
0.131801
0.132025
0.132041
0.131951
0.131798
0.13175
0.13195
0.132533
0.133545
0.135088
0.137068
0.139354
0.141806
0.143926
0.145346
0.145838
0.145438
0.144429
0.143008
0.141072
0.138642
0.135656
0.132445
0.129413
0.127115
0.125871
0.125738
0.126503
0.127866
0.129557
0.131221
0.132611
0.133531
0.133833
0.133441
0.132582
0.131456
0.130172
0.128846
0.127488
0.12623
0.12508
0.124191
0.123619
0.123473
0.123763
0.124494
0.125805
0.127681
0.12993
0.13216
0.133907
0.134762
0.134575
0.133583
0.132389
0.131465
0.13113
0.131238
0.131626
0.131964
0.132091
0.132043
0.131813
0.131586
0.131542
0.131521
0.131578
0.131781
0.132073
0.13262
0.133487
0.134738
0.136278
0.137609
0.138298
0.138126
0.13735
0.136464
0.135848
0.135453
0.135087
0.134431
0.133323
0.131862
0.130405
0.129209
0.128441
0.128329
0.128789
0.129875
0.131442
0.133264
0.135108
0.136569
0.137619
0.138079
0.138001
0.137444
0.136456
0.135011
0.133383
0.131688
0.13027
0.12938
0.129267
0.130204
0.132169
0.134955
0.138024
0.14076
0.142431
0.142778
0.141891
0.140284
0.13846
0.136904
0.135765
0.134983
0.134309
0.133375
0.131953
0.130034
0.127971
0.126255
0.125331
0.125445
0.12648
0.128356
0.130836
0.133419
0.13588
0.137712
0.138594
0.138349
0.137183
0.135597
0.134028
0.132513
0.13109
0.12981
0.128806
0.128196
0.128002
0.128035
0.128171
0.12829
0.12837
0.128724
0.129422
0.130488
0.13186
0.133238
0.134353
0.134978
0.135036
0.134653
0.134007
0.133544
0.133519
0.133907
0.134804
0.135946
0.137312
0.138657
0.139949
0.141006
0.141652
0.141847
0.14155
0.140918
0.139975
0.138872
0.137389
0.135404
0.132923
0.130106
0.127489
0.125361
0.12408
0.123771
0.124181
0.125099
0.126152
0.126999
0.127318
0.12706
0.126469
0.125669
0.124864
0.124266
0.124165
0.124668
0.12578
0.127394
0.129216
0.131224
0.133202
0.135106
0.136829
0.138046
0.138651
0.138747
0.138409
0.137869
0.137274
0.13649
0.135393
0.133866
0.132064
0.130133
0.128532
0.127306
0.126551
0.126225
0.126178
0.12635
0.126641
0.127126
0.127742
0.128424
0.129265
0.130038
0.130696
0.13107
0.131018
0.130593
0.129842
0.129031
0.128308
0.127988
0.128164
0.128827
0.129946
0.131359
0.132714
0.1337
0.134209
0.134302
0.134433
0.134931
0.136013
0.137577
0.139449
0.141114
0.1423
0.143011
0.143346
0.143438
0.143383
0.143024
0.142267
0.141147
0.139973
0.138874
0.137933
0.137053
0.136196
0.135398
0.134608
0.133776
0.133085
0.132502
0.132174
0.132065
0.132141
0.132424
0.132847
0.133344
0.133843
0.134197
0.134309
0.134251
0.134002
0.133668
0.133288
0.132995
0.132741
0.132387
0.131793
0.13091
0.129851
0.128617
0.127462
0.12661
0.12625
0.126339
0.126765
0.127399
0.128093
0.128701
0.129281
0.129748
0.129957
0.130014
0.130019
0.13029
0.130862
0.131756
0.132731
0.133462
0.133726
0.133512
0.133046
0.132546
0.132262
0.132296
0.132582
0.133049
0.133468
0.133778
0.134065
0.134401
0.134828
0.135478
0.136231
0.136951
0.137584
0.137948
0.137857
0.137312
0.136179
0.134601
0.132809
0.131167
0.130178
0.13023
0.131397
0.133401
0.135682
0.137613
0.138944
0.139779
0.140104
0.140027
0.139568
0.138577
0.136957
0.134641
0.131877
0.129282
0.127327
0.126236
0.126051
0.126501
0.127329
0.128231
0.128782
0.128716
0.128017
0.126987
0.125873
0.124934
0.12407
0.123391
0.122772
0.122473
0.122592
0.123386
0.12489
0.126958
0.129345
0.131723
0.133912
0.135671
0.136835
0.137206
0.136768
0.135624
0.13428
0.133296
0.133014
0.133458
0.134514
0.135753
0.136931
0.137686
0.137794
0.137457
0.136829
0.136143
0.135555
0.135075
0.134641
0.13441
0.134429
0.134774
0.135381
0.135989
0.136379
0.136402
0.136161
0.13587
0.135618
0.135387
0.13497
0.134242
0.133264
0.132279
0.131459
0.131006
0.130776
0.130767
0.130828
0.130927
0.131018
0.131032
0.131019
0.131067
0.131166
0.131335
0.13159
0.131788
0.131932
0.131932
0.131643
0.131084
0.130199
0.129245
0.128478
0.128185
0.128529
0.129424
0.130413
0.131325
0.131914
0.132272
0.132426
0.132659
0.132851
0.133106
0.133256
0.13325
0.133374
0.133511
0.133591
0.133428
0.132959
0.132304
0.131852
0.13175
0.132293
0.1333
0.134582
0.135695
0.136429
0.136527
0.136174
0.135448
0.134653
0.13388
0.13315
0.13251
0.132089
0.132144
0.132662
0.133718
0.135065
0.136424
0.137375
0.137607
0.136935
0.13547
0.133311
0.130765
0.128157
0.125824
0.124194
0.123574
0.123913
0.125299
0.127353
0.129765
0.132085
0.133778
0.134589
0.134517
0.133672
0.132372
0.130963
0.129698
0.128758
0.128196
0.127847
0.12768
0.127657
0.127677
0.127948
0.128387
0.129144
0.130021
0.130969
0.131884
0.132631
0.132965
0.132809
0.132289
0.131529
0.130858
0.130413
0.13028
0.130382
0.130766
0.131444
0.132537
0.133809
0.135096
0.136344
0.13722
0.137858
0.13828
0.138595
0.138962
0.139542
0.140374
0.14156
0.142809
0.144056
0.144873
0.144952
0.144003
0.141885
0.138931
0.135467
0.132016
0.128854
0.126207
0.124216
0.123252
0.123289
0.12435
0.126118
0.128231
0.130242
0.131904
0.133016
0.133638
0.133728
0.133413
0.132697
0.131807
0.130966
0.130207
0.129718
0.129432
0.129381
0.129561
0.129924
0.130465
0.131243
0.132207
0.13334
0.134486
0.13552
0.136332
0.136934
0.13734
0.137505
0.137352
0.136909
0.136312
0.135457
0.134146
0.132227
0.129886
0.127547
0.125666
0.124544
0.124138
0.124234
0.124531
0.124757
0.124792
0.124792
0.12492
0.125243
0.125883
0.126778
0.127833
0.12892
0.130081
0.131401
0.132876
0.134387
0.135426
0.135794
0.13555
0.135131
0.134945
0.135254
0.135898
0.136678
0.137117
0.136968
0.136035
0.134475
0.13257
0.130576
0.128771
0.127344
0.126438
0.126128
0.126335
0.127015
0.128093
0.129534
0.131156
0.132768
0.133923
0.134216
0.133443
0.131966
0.130189
0.128731
0.12785
0.127787
0.128595
0.129987
0.131744
0.133558
0.134872
0.135553
0.135768
0.135831
0.135987
0.136383
0.13713
0.138145
0.139318
0.140502
0.141404
0.141708
0.141112
0.139388
0.136508
0.132891
0.128871
0.12516
0.122332
0.12071
0.120343
0.121157
0.122827
0.124782
0.126514
0.127608
0.128026
0.127857
0.127454
0.127075
0.12685
0.126915
0.127422
0.128349
0.12973
0.131277
0.132526
0.133085
0.132803
0.132108
0.131522
0.131247
0.131277
0.131258
0.131015
0.130383
0.129482
0.12858
0.127946
0.127829
0.128423
0.129823
0.131859
0.1342
0.136589
0.138936
0.141114
0.142855
0.143944
0.144336
0.143891
0.142777
0.141142
0.139142
0.137032
0.135084
0.13346
0.13223
0.131554
0.131294
0.131408
0.131745
0.1322
0.132722
0.13323
0.133781
0.134317
0.134853
0.135311
0.135714
0.136101
0.136307
0.136218
0.13571
0.134712
0.133324
0.131516
0.129294
0.126818
0.12456
0.123009
0.122455
0.12297
0.124614
0.127202
0.130225
0.133254
0.13573
0.13712
0.137134
0.136103
0.134423
0.132646
0.131192
0.130255
0.129891
0.129946
0.130289
0.130858
0.131555
0.13247
0.133565
0.134659
0.135531
0.13582
0.135501
0.134853
0.1343
0.134174
0.134478
0.135063
0.13569
0.136127
0.136108
0.135571
0.13458
0.133151
0.131472
0.129784
0.128203
0.126873
0.125853
0.125232
0.125046
0.12533
0.126132
0.127413
0.129087
0.130921
0.132634
0.133775
0.13419
0.134145
0.13398
0.134104
0.134543
0.135316
0.136083
0.136744
0.13711
0.137034
0.136477
0.135515
0.134439
0.133499
0.132832
0.13245
0.132377
0.132647
0.133045
0.133378
0.133454
0.133146
0.132355
0.131038
0.129344
0.127697
0.126158
0.125009
0.12446
0.12455
0.125405
0.126858
0.128819
0.130808
0.132637
0.134067
0.134919
0.135355
0.135265
0.134833
0.134073
0.13305
0.13196
0.130804
0.129632
0.128708
0.128056
0.127883
0.128242
0.129085
0.130178
0.131244
0.132225
0.133077
0.133808
0.134502
0.1351
0.135715
0.136352
0.136918
0.137297
0.137373
0.137034
0.136412
0.135515
0.134576
0.133711
0.133098
0.132847
0.132827
0.132844
0.132679
0.132199
0.131334
0.130234
0.129062
0.128027
0.127144
0.126452
0.126025
0.126086
0.126678
0.127883
0.129527
0.131572
0.13367
0.135617
0.137186
0.138263
0.138859
0.139114
0.13913
0.139113
0.1393
0.13963
0.140211
0.140882
0.141591
0.142199
0.142565
0.142584
0.142213
0.141321
0.139747
0.137448
0.134664
0.132013
0.130197
0.129533
0.130066
0.131593
0.133544
0.135561
0.137071
0.137799
0.137589
0.136554
0.135003
0.133185
0.131387
0.129644
0.128169
0.126933
0.125949
0.125183
0.124552
0.123913
0.1234
0.123071
0.123003
0.123299
0.124109
0.125431
0.127321
0.129747
0.132537
0.135432
0.138013
0.139871
0.140699
0.140638
0.139859
0.138578
0.137101
0.135505
0.13403
0.132756
0.131785
0.131249
0.131153
0.131435
0.131953
0.132649
0.133507
0.13454
0.135637
0.136983
0.138423
0.139808
0.140944
0.14147
0.141297
0.140385
0.138933
0.137202
0.135323
0.133606
0.131988
0.130507
0.129101
0.127786
0.126654
0.125753
0.125135
0.124948
0.125369
0.126502
0.12846
0.131163
0.134239
0.137179
0.13957
0.141153
0.141959
0.142131
0.141643
0.14059
0.138987
0.137062
0.135081
0.133506
0.132597
0.132576
0.133169
0.133864
0.134314
0.134139
0.133317
0.131724
0.129529
0.127113
0.124856
0.123174
0.122252
0.122134
0.122862
0.124301
0.126101
0.128172
0.130229
0.131846
0.132951
0.133487
0.133526
0.133355
0.133146
0.133094
0.133144
0.133436
0.133918
0.134599
0.135475
0.136223
0.13681
0.136947
0.136365
0.135059
0.133333
0.131631
0.13034
0.129748
0.129861
0.130482
0.131311
0.132104
0.132606
0.132651
0.132448
0.132186
0.132034
0.132114
0.132362
0.132803
0.133352
0.134062
0.134745
0.1354
0.135932
0.136237
0.136134
0.135662
0.134893
0.133793
0.132455
0.131234
0.130414
0.130207
0.130634
0.1316
0.132656
0.13342
0.133637
0.133252
0.132219
0.131035
0.130045
0.129881
0.130465
0.131703
0.133158
0.134477
0.135299
0.135627
0.13559
0.135388
0.135059
0.1348
0.134662
0.134654
0.134894
0.135249
0.135663
0.135936
0.135933
0.135485
0.134425
0.132626
0.130097
0.126903
0.123243
0.119542
0.116312
0.113865
0.112663
0.112768
0.114166
0.11682
0.120255
0.124147
0.128153
0.131812
0.13479
0.136963
0.138282
0.138951
0.139387
0.139747
0.140069
0.140039
0.139216
0.137709
0.13619
0.135269
0.135019
0.135317
0.135727
0.136113
0.136396
0.136786
0.137282
0.13793
0.138588
0.138792
0.138394
0.137262
0.135778
0.134343
0.133131
0.132188
0.131409
0.130719
0.130033
0.129449
0.129128
0.129085
0.129201
0.129442
0.129466
0.129194
0.128629
0.12803
0.127649
0.127479
0.127516
0.127388
0.126987
0.126221
0.125358
0.124886
0.125043
0.126019
0.127776
0.130155
0.132744
0.135074
0.136559
0.136902
0.136318
0.1352
0.13383
0.13255
0.131516
0.13085
0.130555
0.130469
0.130382
0.130143
0.129896
0.129983
0.130543
0.131628
0.133019
0.134529
0.136197
0.137872
0.139631
0.141337
0.142885
0.143892
0.14401
0.143121
0.141533
0.139743
0.138127
0.136855
0.136009
0.135451
0.135092
0.134768
0.134476
0.134194
0.134057
0.134153
0.134544
0.135111
0.135672
0.13599
0.135852
0.135313
0.134356
0.133174
0.131993
0.131092
0.130668
0.130623
0.130701
0.13063
0.13033
0.129953
0.12961
0.129228
0.1287
0.12793
0.12696
0.12585
0.124914
0.12421
0.123812
0.123791
0.124107
0.124898
0.126181
0.127926
0.129992
0.132293
0.134605
0.136737
0.138407
0.139572
0.14017
0.140419
0.140321
0.140065
0.139698
0.139293
0.138893
0.138536
0.13806
0.137484
0.136685
0.135435
0.133679
0.131354
0.128978
0.126884
0.12552
0.125023
0.125288
0.126209
0.127336
0.128253
0.128468
0.127954
0.126953
0.125968
0.125326
0.125085
0.125164
0.125314
0.125576
0.125758
0.126124
0.126774
0.127802
0.12927
0.13119
0.133504
0.136121
0.138905
0.141593
0.143818
0.145287
0.145844
0.145433
0.144189
0.142391
0.140415
0.138524
0.137074
0.136167
0.135575
0.135125
0.134653
0.133978
0.133194
0.132468
0.132018
0.131952
0.132248
0.132927
0.133874
0.134947
0.136134
0.137287
0.138137
0.138474
0.138037
0.13678
0.134805
0.1324
0.129953
0.127912
0.126433
0.125704
0.125634
0.126087
0.126676
0.12713
0.127319
0.127304
0.12714
0.12732
0.127876
0.128829
0.130062
0.13126
0.132054
0.132293
0.131914
0.131114
0.130171
0.129476
0.129252
0.129689
0.130828
0.132302
0.133643
0.13455
0.134997
0.134939
0.13453
0.133651
0.132361
0.13076
0.128967
0.127326
0.126046
0.125367
0.125397
0.126295
0.128075
0.130732
0.134047
0.137651
0.141095
0.144035
0.146267
0.147625
0.148031
0.147419
0.145944
0.143737
0.141105
0.138392
0.135774
0.133379
0.131279
0.129405
0.128081
0.127221
0.126978
0.127336
0.128231
0.129568
0.131246
0.132941
0.134289
0.135026
0.134911
0.133959
0.132418
0.130768
0.129348
0.128416
0.128092
0.128307
0.128962
0.129819
0.130681
0.131362
0.131798
0.131957
0.13157
0.130802
0.129719
0.128487
0.127424
0.126859
0.127015
0.12805
0.12981
0.132086
0.134425
0.136512
0.138039
0.138851
0.138959
0.138591
0.137968
0.137242
0.136424
0.135496
0.13466
0.133957
0.133838
0.134255
0.135117
0.136263
0.137273
0.137963
0.138151
0.137717
0.1368
0.135447
0.133735
0.131672
0.129296
0.12682
0.124769
0.123523
0.123396
0.124271
0.125935
0.128036
0.130035
0.131996
0.133446
0.134134
0.13403
0.133166
0.131887
0.130751
0.130178
0.130406
0.131578
0.133462
0.135749
0.137706
0.138803
0.138567
0.137064
0.134622
0.131888
0.129549
0.128033
0.127562
0.127933
0.128815
0.129588
0.129875
0.129554
0.128903
0.128398
0.12831
0.128563
0.128852
0.129084
0.129148
0.129028
0.128751
0.128442
0.128498
0.128913
0.129972
0.131587
0.133357
0.134783
0.135329
0.134824
0.133361
0.131536
0.129816
0.128569
0.127972
0.12804
0.128757
0.130072
0.131813
0.133832
0.135905
0.137802
0.139376
0.140431
0.140989
0.140978
0.140329
0.138934
0.136954
0.134458
0.131787
0.129376
0.127486
0.126282
0.125769
0.125708
0.125899
0.126139
0.126331
0.126569
0.126693
0.126884
0.127126
0.127487
0.128078
0.12893
0.130181
0.131765
0.133559
0.13532
0.136818
0.137817
0.138191
0.138175
0.137872
0.137329
0.136758
0.136128
0.135662
0.135504
0.135708
0.136121
0.136513
0.136619
0.136512
0.136337
0.1363
0.136433
0.136665
0.136778
0.136546
0.135841
0.134666
0.133053
0.131195
0.129145
0.127122
0.12539
0.124091
0.123445
0.123634
0.124497
0.126014
0.127854
0.129692
0.131197
0.132313
0.133006
0.133332
0.133637
0.134119
0.13474
0.135209
0.135087
0.134246
0.1331
0.132306
0.132174
0.13275
0.133918
0.135359
0.136736
0.137798
0.138255
0.137792
0.136483
0.134445
0.132074
0.129598
0.127243
0.125227
0.123765
0.122976
0.123067
0.12395
0.125349
0.126821
0.127821
0.128169
0.127904
0.127102
0.126109
0.125059
0.124282
0.124091
0.124582
0.126148
0.128728
0.13202
0.1356
0.138842
0.141149
0.14227
0.142332
0.141672
0.140555
0.139245
0.137636
0.135843
0.133921
0.13212
0.130581
0.129514
0.129049
0.129019
0.129221
0.129449
0.129649
0.130073
0.13089
0.132244
0.133987
0.135868
0.137449
0.138509
0.138883
0.138765
0.1381
0.137159
0.136079
0.135151
0.134507
0.134311
0.134519
0.1349
0.134897
0.134068
0.132447
0.13069
0.129618
0.129675
0.131131
0.133748
0.136747
0.13941
0.141099
0.14128
0.139988
0.137807
0.135358
0.133255
0.131984
0.131589
0.132007
0.133024
0.134383
0.135917
0.137474
0.138904
0.139942
0.140202
0.139345
0.137461
0.134774
0.131898
0.129273
0.127303
0.125867
0.124989
0.124681
0.124891
0.125621
0.12652
0.127593
0.128709
0.129854
0.131056
0.132301
0.13355
0.134839
0.136147
0.137278
0.138044
0.13833
0.138015
0.137043
0.135338
0.132845
0.130052
0.127597
0.126314
0.126223
0.127051
0.128009
0.128419
0.128216
0.127589
0.126854
0.126467
0.126657
0.127682
0.129534
0.131927
0.13476
0.137571
0.139885
0.141446
0.14205
0.14184
0.140976
0.139819
0.138464
0.136968
0.1353
0.133507
0.131675
0.130001
0.128619
0.127729
0.127386
0.127734
0.128652
0.129945
0.131249
0.132127
0.132186
0.131401
0.130007
0.128525
0.127465
0.127187
0.1278
0.12921
0.13116
0.133415
0.135636
0.137466
0.138797
0.139453
0.139298
0.138479
0.137193
0.135617
0.133928
0.132204
0.130805
0.129949
0.129817
0.130456
0.131638
0.133182
0.134695
0.135969
0.136671
0.136793
0.136388
0.135654
0.134766
0.134072
0.133705
0.133717
0.133979
0.134247
0.134291
0.134057
0.133352
0.132304
0.131022
0.129893
0.12906
0.128785
0.129109
0.12999
0.131184
0.132188
0.132656
0.132669
0.132478
0.132397
0.132505
0.132612
0.132604
0.132551
0.13258
0.132878
0.133557
0.134655
0.135782
0.136464
0.136447
0.135933
0.135144
0.134303
0.133553
0.132972
0.132519
0.132189
0.131868
0.131486
0.131022
0.130397
0.129793
0.129215
0.12858
0.127998
0.127524
0.127357
0.127543
0.128069
0.12883
0.129526
0.13001
0.130317
0.130625
0.131267
0.132321
0.133751
0.135589
0.137719
0.13994
0.14204
0.143762
0.144487
0.143864
0.141775
0.138565
0.134975
0.131787
0.129419
0.1281
0.127541
0.127493
0.127717
0.12789
0.127855
0.127714
0.127532
0.12733
0.127253
0.127301
0.127543
0.127935
0.128352
0.128721
0.128865
0.128866
0.128854
0.12885
0.128954
0.129228
0.129623
0.130164
0.130687
0.131063
0.131241
0.131374
0.131658
0.132243
0.133283
0.134697
0.136434
0.138092
0.13938
0.140087
0.140125
0.139736
0.13904
0.138237
0.137326
0.136255
0.134971
0.13341
0.1317
0.129989
0.128437
0.127056
0.126031
0.125442
0.125341
0.125772
0.12663
0.127853
0.129129
0.130268
0.13106
0.13158
0.131918
0.132097
0.132207
0.13238
0.132636
0.133059
0.133747
0.134707
0.135766
0.136795
0.13749
0.137536
0.136833
0.1356
0.134148
0.132813
0.131657
0.130742
0.130017
0.129416
0.128822
0.128265
0.127672
0.12724
0.127221
0.127663
0.12856
0.129672
0.130959
0.132288
0.13361
0.135018
0.136484
0.137755
0.138862
0.139607
0.139958
0.139758
0.138868
0.137263
0.135067
0.132717
0.130575
0.128914
0.127847
0.127159
0.126544
0.125979
0.125524
0.125315
0.125566
0.126147
0.127177
0.12862
0.130522
0.132702
0.135054
0.137399
0.13942
0.140915
0.141687
0.141563
0.140624
0.139038
0.137318
0.135766
0.134558
0.133529
0.132687
0.13189
0.131214
0.130635
0.13005
0.129474
0.128853
0.1283
0.127917
0.127753
0.127937
0.128249
0.128777
0.129323
0.13003
0.130943
0.131962
0.132807
0.13335
0.133389
0.133026
0.132477
0.131774
0.1311
0.130583
0.130159
0.129923
0.12987
0.129839
0.129769
0.129412
0.128672
0.127693
0.126638
0.125737
0.125226
0.125255
0.125863
0.127002
0.128584
0.130523
0.132862
0.135378
0.137737
0.139812
0.141601
0.14323
0.144571
0.145566
0.145902
0.145429
0.144296
0.14278
0.141126
0.139492
0.138074
0.136904
0.135943
0.135161
0.134218
0.132813
0.131083
0.129326
0.127982
0.127251
0.126992
0.126953
0.126773
0.126152
0.12538
0.124733
0.124592
0.124982
0.125957
0.127451
0.129299
0.131127
0.132764
0.133968
0.13459
0.134855
0.134892
0.134949
0.135107
0.135235
0.135206
0.134957
0.134459
0.133904
0.133431
0.133313
0.133623
0.134292
0.134989
0.135508
0.135689
0.135612
0.135445
0.135423
0.135464
0.135401
0.13493
0.133863
0.13228
0.130416
0.128859
0.127784
0.127472
0.12799
0.129332
0.131199
0.133259
0.135216
0.136668
0.137297
0.137008
0.13586
0.134222
0.13252
0.131183
0.1305
0.130521
0.131188
0.132405
0.133924
0.135504
0.136727
0.137386
0.137186
0.136244
0.134545
0.132315
0.129855
0.127457
0.125369
0.123852
0.123069
0.123052
0.123626
0.124633
0.125765
0.126793
0.1276
0.128488
0.129821
0.131757
0.134231
0.137054
0.139717
0.141751
0.14256
0.142113
0.140634
0.138826
0.137157
0.135935
0.134991
0.133891
0.132351
0.130203
0.127738
0.125359
0.123656
0.12304
0.12368
0.125548
0.128368
0.131894
0.135597
0.138995
0.141636
0.143071
0.143152
0.141896
0.139804
0.137453
0.135252
0.133516
0.132363
0.131582
0.131185
0.130981
0.130881
0.130676
0.130375
0.129938
0.129229
0.128111
0.126472
0.124464
0.122473
0.12112
0.120737
0.121651
0.123698
0.126302
0.128683
0.130212
0.130912
0.131119
0.13145
0.132326
0.13391
0.135967
0.137984
0.139
0.138726
0.137267
0.135582
0.134274
0.133752
0.133897
0.134512
0.135028
0.13504
0.13442
0.13323
0.131536
0.129276
0.126802
0.124442
0.122493
0.12119
0.120775
0.1214
0.122962
0.125361
0.128429
0.13184
0.135139
0.13799
0.139963
0.141001
0.141355
0.141324
0.140984
0.140382
0.139573
0.13845
0.137165
0.135846
0.134636
0.133612
0.132575
0.131599
0.130898
0.13097
0.131758
0.132826
0.133698
0.134055
0.133795
0.132952
0.131701
0.130192
0.128553
0.126893
0.125315
0.123805
0.122498
0.121621
0.121385
0.121929
0.123208
0.125052
0.127078
0.129131
0.130918
0.132426
0.133672
0.134633
0.135256
0.13542
0.135178
0.134601
0.134008
0.133594
0.133515
0.133682
0.134064
0.134649
0.13536
0.136215
0.137168
0.138018
0.13877
0.139154
0.139172
0.138857
0.138305
0.137682
0.137011
0.136345
0.135571
0.134572
0.133433
0.132299
0.131458
0.131101
0.131197
0.131578
0.132111
0.132541
0.13285
0.132828
0.132683
0.132549
0.132704
0.133081
0.133523
0.133981
0.134148
0.133818
0.132822
0.131229
0.129252
0.127236
0.125688
0.124959
0.125275
0.126496
0.128428
0.130733
0.133117
0.135326
0.137357
0.139199
0.140693
0.141593
0.14151
0.140342
0.13806
0.134924
0.131498
0.128395
0.126044
0.124718
0.124504
0.125206
0.126556
0.128033
0.129325
0.130198
0.130841
0.131565
0.132577
0.133847
0.135285
0.136693
0.137672
0.137953
0.137508
0.13645
0.135022
0.133433
0.131842
0.130542
0.129568
0.128945
0.128724
0.12874
0.129106
0.129835
0.13085
0.132043
0.133225
0.1343
0.134923
0.134954
0.134267
0.133005
0.131487
0.130023
0.128812
0.12786
0.127058
0.126331
0.125601
0.125027
0.124832
0.125182
0.126125
0.127577
0.129245
0.130661
0.131315
0.131202
0.130468
0.129613
0.128985
0.128868
0.129218
0.130005
0.130882
0.131667
0.132366
0.132913
0.133117
0.132944
0.132423
0.131737
0.131129
0.130873
0.131148
0.132005
0.133275
0.134617
0.135976
0.137266
0.138418
0.139261
0.139577
0.139554
0.139333
0.139137
0.139196
0.139378
0.139657
0.139868
0.139863
0.139547
0.138754
0.137446
0.135527
0.133313
0.131
0.128942
0.127473
0.126762
0.126903
0.127792
0.129224
0.130932
0.132622
0.134067
0.134985
0.13501
0.13407
0.132351
0.13041
0.128742
0.127693
0.127461
0.128107
0.129293
0.13052
0.131502
0.131977
0.132187
0.132396
0.132836
0.13349
0.134266
0.134967
0.135267
0.135016
0.134209
0.13289
0.131598
0.130546
0.129911
0.129642
0.129523
0.129505
0.129487
0.129302
0.128786
0.127981
0.126928
0.125774
0.124662
0.123598
0.12267
0.121962
0.121697
0.122146
0.12349
0.125881
0.129289
0.133372
0.13751
0.140769
0.14271
0.143381
0.143255
0.142876
0.142553
0.142366
0.142091
0.141521
0.140418
0.138883
0.137177
0.135517
0.134088
0.13294
0.132058
0.131428
0.130943
0.130596
0.130422
0.130438
0.130825
0.131543
0.132433
0.133372
0.134492
0.135816
0.13722
0.138585
0.139742
0.140398
0.140465
0.139931
0.138848
0.137442
0.135867
0.134268
0.132935
0.132059
0.131692
0.131648
0.131603
0.131082
0.130092
0.128808
0.127647
0.126791
0.12648
0.126825
0.127707
0.128971
0.130108
0.130696
0.130376
0.12902
0.127024
0.124907
0.123179
0.122195
0.122337
0.123766
0.126248
0.129401
0.132424
0.134612
0.135756
0.13627
0.13644
0.136624
0.136878
0.13723
0.137653
0.13825
0.138925
0.139438
0.139802
0.14001
0.140109
0.140412
0.141045
0.142045
0.143162
0.144137
0.144655
0.144373
0.143215
0.14125
0.139012
0.136813
0.134964
0.133532
0.132463
0.13174
0.131117
0.130344
0.129322
0.127893
0.126261
0.12473
0.123511
0.122749
0.12235
0.122269
0.122509
0.122852
0.123436
0.124002
0.124745
0.125573
0.126703
0.128091
0.129648
0.131294
0.13278
0.133917
0.134718
0.135207
0.135233
0.134792
0.134113
0.133278
0.132486
0.131934
0.131701
0.131859
0.132327
0.132932
0.133399
0.133502
0.133365
0.132978
0.132621
0.132489
0.13275
0.133499
0.134738
0.136337
0.137981
0.139243
0.139995
0.140091
0.139595
0.138768
0.137822
0.136884
0.135994
0.135028
0.133912
0.132729
0.131523
0.130584
0.129851
0.129534
0.1296
0.130027
0.130816
0.131957
0.133239
0.134237
0.134619
0.134288
0.133586
0.132858
0.132126
0.13132
0.130125
0.12843
0.126616
0.125081
0.124204
0.124
0.124362
0.125282
0.126652
0.128402
0.130261
0.131855
0.132895
0.133117
0.132723
0.132005
0.131439
0.131288
0.131712
0.132737
0.134189
0.135791
0.137156
0.138011
0.138168
0.137783
0.136961
0.136031
0.135212
0.134878
0.135313
0.136596
0.138461
0.14034
0.141578
0.141858
0.140953
0.139163
0.137145
0.135464
0.134439
0.133978
0.13392
0.133977
0.134082
0.134296
0.134666
0.135127
0.135405
0.134953
0.133666
0.131493
0.128991
0.126837
0.125468
0.125102
0.125549
0.126544
0.127747
0.128703
0.129043
0.128668
0.12766
0.126324
0.125165
0.124608
0.124854
0.125803
0.127224
0.128842
0.130404
0.131803
0.13299
0.133943
0.134847
0.135722
0.136716
0.13779
0.138793
0.139343
0.139299
0.138376
0.136695
0.134455
0.131968
0.129654
0.127989
0.127264
0.127402
0.128345
0.129946
0.131924
0.13409
0.136321
0.138271
0.139756
0.140685
0.141006
0.1411
0.141057
0.140752
0.139903
0.138055
0.135265
0.131927
0.128648
0.125922
0.124011
0.12302
0.122908
0.123482
0.12477
0.126556
0.128768
0.131438
0.134095
0.136433
0.138155
0.13886
0.138429
0.137188
0.135343
0.133338
0.131235
0.12927
0.12764
0.12653
0.12604
0.126139
0.126613
0.127422
0.128239
0.128647
0.128581
0.127971
0.127179
0.126586
0.126457
0.126745
0.127064
0.127268
0.127295
0.127329
0.127694
0.128674
0.130222
0.132221
0.134355
0.136384
0.138071
0.139235
0.139812
0.139773
0.139143
0.137988
0.136535
0.135095
0.133997
0.133491
0.13401
0.135545
0.138095
0.14124
0.144332
0.146592
0.147287
0.146213
0.143726
0.140537
0.137423
0.13474
0.132613
0.130925
0.129636
0.128698
0.12814
0.127979
0.128014
0.128073
0.127869
0.127413
0.126729
0.126101
0.125824
0.126158
0.127087
0.12844
0.129839
0.131184
0.132305
0.133209
0.13394
0.134452
0.134692
0.134615
0.1341
0.133204
0.131935
0.130392
0.128616
0.127036
0.125863
0.125373
0.125785
0.126788
0.128263
0.130003
0.131909
0.133818
0.135633
0.136981
0.137777
0.137953
0.137605
0.137001
0.136393
0.136082
0.135942
0.135892
0.13581
0.135597
0.135214
0.134729
0.134158
0.133501
0.132885
0.132491
0.132425
0.132892
0.133913
0.135283
0.136849
0.138304
0.139575
0.140429
0.140825
0.14073
0.140145
0.139153
0.137854
0.1363
0.134608
0.132963
0.131391
0.130042
0.128876
0.127888
0.127098
0.126551
0.126388
0.126752
0.127679
0.129022
0.130627
0.132212
0.133489
0.13428
0.134487
0.134054
0.133267
0.132286
0.131146
0.129825
0.128338
0.126522
0.124563
0.122745
0.121465
0.121048
0.121695
0.123413
0.126323
0.130097
0.134424
0.138809
0.14277
0.145515
0.146613
0.145961
0.143738
0.140531
0.13716
0.13436
0.13243
0.131209
0.130298
0.129357
0.128206
0.127036
0.126084
0.125386
0.124995
0.125062
0.125478
0.126379
0.127554
0.128781
0.129834
0.13068
0.131365
0.132068
0.132975
0.134155
0.135434
0.136613
0.137501
0.138016
0.138164
0.138087
0.137839
0.137734
0.137752
0.137917
0.138095
0.138259
0.138266
0.138059
0.13747
0.136517
0.135366
0.13414
0.133022
0.13212
0.131708
0.131686
0.131698
0.131691
0.131325
0.130656
0.129765
0.128929
0.128307
0.128008
0.128073
0.128399
0.12887
0.129406
0.129841
0.130104
0.13027
0.130306
0.130128
0.129519
0.128394
0.126958
0.12544
0.124375
0.124112
0.12492
0.126785
0.129516
0.132459
0.134911
0.13653
0.137553
0.138426
0.139396
0.140371
0.141149
0.141428
0.141051
0.14014
0.138847
0.137467
0.136089
0.134679
0.133103
0.131406
0.129719
0.128468
0.127923
0.128076
0.128656
0.12926
0.129758
0.130169
0.130647
0.131087
0.131454
0.131691
0.131779
0.131906
0.132125
0.132567
0.133213
0.134086
0.135064
0.135978
0.136598
0.136787
0.136521
0.135683
0.134483
0.133113
0.13194
0.131077
0.130801
0.131031
0.13155
0.132151
0.132389
0.132061
0.131284
0.130367
0.129874
0.130046
0.130988
0.132563
0.134495
0.136572
0.138533
0.140108
0.141111
0.141286
0.140621
0.139168
0.137422
0.135654
0.134251
0.133338
0.132928
0.13294
0.13325
0.13366
0.134109
0.134346
0.134204
0.133594
0.13253
0.131176
0.129691
0.128353
0.127386
0.127004
0.12723
0.127986
0.129092
0.130451
0.131908
0.133314
0.134414
0.134909
0.134612
0.133648
0.132157
0.130542
0.129176
0.128234
0.127969
0.12847
0.129848
0.131891
0.134453
0.137121
0.139342
0.140692
0.140766
0.139511
0.137423
0.135111
0.13298
0.131206
0.129891
0.128912
0.128308
0.128156
0.128348
0.128886
0.12976
0.130802
0.131907
0.132892
0.133552
0.133744
0.133502
0.133203
0.13295
0.133099
0.133664
0.134503
0.135539
0.136545
0.137247
0.137496
0.137182
0.136287
0.13517
0.134059
0.133498
0.133661
0.134612
0.136095
0.137714
0.13895
0.139428
0.139117
0.138293
0.137303
0.136427
0.135895
0.13579
0.135991
0.136414
0.136837
0.137047
0.136911
0.136264
0.135116
0.133762
0.1324
0.131197
0.130179
0.129385
0.128871
0.12863
0.12878
0.129457
0.130713
0.132314
0.134052
0.13542
0.136225
0.136499
0.136395
0.136363
0.136443
0.136745
0.13727
0.137825
0.138371
0.138703
0.138685
0.138087
0.136943
0.13517
0.133215
0.131271
0.129611
0.128632
0.128368
0.128639
0.129335
0.130069
0.130616
0.130938
0.130848
0.130614
0.130412
0.130413
0.130781
0.131198
0.131515
0.131654
0.131705
0.131729
0.131937
0.132461
0.133244
0.134171
0.134991
0.135771
0.136237
0.136166
0.135343
0.133691
0.131371
0.128639
0.125871
0.123529
0.122017
0.121497
0.121975
0.123321
0.125235
0.127331
0.129273
0.130773
0.131647
0.131922
0.131686
0.131036
0.130035
0.128987
0.128311
0.128304
0.129036
0.130395
0.132058
0.133759
0.135275
0.136617
0.137738
0.138684
0.139312
0.139602
0.139505
0.139073
0.138419
0.137766
0.1372
0.136589
0.135912
0.135001
0.133911
0.132802
0.131942
0.131505
0.131544
0.131841
0.131959
0.13171
0.131149
0.13047
0.129998
0.130017
0.130427
0.131101
0.131678
0.132009
0.131958
0.131718
0.131515
0.131537
0.131824
0.132254
0.132628
0.132677
0.132283
0.131504
0.130668
0.129993
0.129724
0.129868
0.130455
0.131291
0.132192
0.132948
0.13337
0.13347
0.133339
0.132993
0.132476
0.131702
0.130571
0.128897
0.126685
0.124427
0.12246
0.121109
0.120613
0.121029
0.122446
0.124676
0.127602
0.130692
0.133477
0.135497
0.136615
0.137048
0.137
0.136722
0.136435
0.13631
0.136336
0.136521
0.1369
0.137403
0.137876
0.138266
0.138335
0.137981
0.137263
0.13642
0.135574
0.134748
0.133966
0.133191
0.132394
0.131604
0.130683
0.129731
0.128917
0.128397
0.128265
0.128595
0.129279
0.130157
0.130969
0.131427
0.131343
0.130704
0.129828
0.128939
0.128184
0.127877
0.127986
0.128584
0.129787
0.131547
0.133704
0.135823
0.137585
0.138876
0.139733
0.140229
0.140475
0.14055
0.140354
0.139914
0.139257
0.138278
0.137057
0.135868
0.134933
0.134402
0.134326
0.134553
0.135026
0.135478
0.135788
0.135768
0.13543
0.13482
0.134088
0.133366
0.132881
0.132734
0.133021
0.133651
0.134632
0.135838
0.137011
0.138001
0.138587
0.138664
0.138148
0.137057
0.135631
0.133857
0.132181
0.130689
0.129485
0.128676
0.128242
0.128024
0.127751
0.127206
0.12651
0.125794
0.125188
0.124904
0.124802
0.124855
0.125183
0.12595
0.127275
0.129296
0.131729
0.134234
0.13644
0.137905
0.138452
0.137927
0.136461
0.134314
0.132045
0.129984
0.128536
0.127804
0.127741
0.128369
0.129564
0.1314
0.133671
0.136188
0.138495
0.140306
0.141287
0.141068
0.139504
0.136714
0.133075
0.129104
0.125437
0.122665
0.121102
0.120861
0.121718
0.123282
0.124973
0.126497
0.127661
0.128426
0.129002
0.129391
0.129352
0.129053
0.128555
0.128011
0.127785
0.12815
0.129082
0.130386
0.131769
0.133072
0.134142
0.134985
0.135544
0.13573
0.135549
0.135151
0.134741
0.134455
0.134488
0.134756
0.135282
0.135811
0.136283
0.136538
0.136697
0.136801
0.136941
0.137078
0.136999
0.136462
0.135446
0.134043
0.132661
0.131653
0.13132
0.131836
0.133015
0.13457
0.135932
0.13664
0.136424
0.135306
0.133507
0.13168
0.130028
0.128845
0.128092
0.127837
0.128034
0.128584
0.12941
0.130325
0.131461
0.13292
0.134618
0.136331
0.137768
0.138678
0.138972
0.138526
0.137649
0.136366
0.134834
0.1331
0.131332
0.129738
0.12852
0.127864
0.12798
0.128894
0.130472
0.132269
0.133929
0.135076
0.13581
0.136206
0.13653
0.136673
0.136761
0.136725
0.136526
0.136208
0.13555
0.13455
0.13303
0.131146
0.129062
0.127116
0.125557
0.124638
0.124467
0.124887
0.125665
0.12671
0.127862
0.129126
0.130618
0.132191
0.13376
0.135148
0.136106
0.136361
0.135812
0.134628
0.133264
0.132014
0.131339
0.13109
0.13112
0.131267
0.131324
0.131323
0.131139
0.130887
0.130656
0.130683
0.131205
0.132458
0.134542
0.137274
0.140493
0.143801
0.146702
0.148765
0.149475
0.1489
0.147106
0.14458
0.141642
0.138675
0.135801
0.13322
0.131109
0.129347
0.127758
0.126181
0.124343
0.1223
0.120105
0.118198
0.117011
0.116941
0.118234
0.120862
0.124336
0.127812
0.130418
0.131614
0.131575
0.130987
0.130444
0.130448
0.131208
0.132685
0.134535
0.136274
0.137486
0.137833
0.137296
0.136058
0.134361
0.132433
0.1307
0.129265
0.128204
0.127536
0.127286
0.127364
0.127472
0.127531
0.12744
0.127292
0.127243
0.127413
0.12796
0.128739
0.12972
0.130906
0.132299
0.13403
0.136063
0.138155
0.140067
0.141398
0.141944
0.14155
0.14034
0.138782
0.137228
0.136192
0.135678
0.135442
0.135159
0.134557
0.133914
0.133451
0.133347
0.133634
0.134138
0.134531
0.134537
0.134172
0.133413
0.13258
0.131818
0.131455
0.131641
0.132349
0.133397
0.134659
0.135761
0.136355
0.13627
0.135544
0.134331
0.132712
0.130818
0.128647
0.126412
0.124401
0.122884
0.122195
0.122477
0.123557
0.124874
0.126071
0.127165
0.12832
0.129461
0.130304
0.130536
0.130087
0.129061
0.127796
0.126792
0.126388
0.12661
0.127566
0.12918
0.131187
0.133346
0.135237
0.136715
0.137617
0.137994
0.138097
0.138122
0.138136
0.138187
0.138162
0.137898
0.137336
0.136267
0.134846
0.133249
0.131646
0.130223
0.129288
0.129009
0.129509
0.130725
0.132541
0.134609
0.13662
0.138339
0.139407
0.139779
0.139566
0.138904
0.13798
0.136824
0.135555
0.134328
0.133139
0.132075
0.131105
0.130154
0.129157
0.128133
0.127311
0.126978
0.127252
0.128062
0.129252
0.13055
0.131912
0.133161
0.134181
0.135035
0.135503
0.135651
0.135476
0.135089
0.134646
0.134241
0.134071
0.134265
0.134687
0.13502
0.135013
0.134408
0.133125
0.131399
0.129353
0.127376
0.125696
0.124537
0.124037
0.124333
0.125369
0.127153
0.129443
0.131856
0.133721
0.134412
0.133636
0.131853
0.129973
0.128655
0.12823
0.128595
0.129407
0.130448
0.131338
0.132108
0.132689
0.133206
0.133684
0.134052
0.134204
0.133749
0.132647
0.131331
0.130435
0.130313
0.131016
0.132142
0.133428
0.134785
0.136239
0.137585
0.138775
0.139477
0.139806
0.139844
0.139522
0.138751
0.137504
0.135879
0.13387
0.131673
0.12949
0.127511
0.125721
0.124249
0.123078
0.122343
0.122051
0.122219
0.12274
0.123614
0.124633
0.125826
0.127154
0.128462
0.129665
0.130636
0.131553
0.132575
0.133803
0.135165
0.136421
0.137281
0.137543
0.137246
0.136445
0.135356
0.134073
0.132591
0.131163
0.129853
0.128993
0.128855
0.129739
0.131528
0.134077
0.136856
0.13922
0.140544
0.14062
0.139598
0.137913
0.136198
0.134973
0.134367
0.134346
0.134512
0.134405
0.133935
0.133068
0.132047
0.131314
0.131174
0.131604
0.132335
0.132949
0.133227
0.133244
0.133123
0.13306
0.132962
0.132815
0.132695
0.132765
0.133119
0.133646
0.134243
0.134651
0.134641
0.134113
0.133227
0.132276
0.131588
0.131308
0.131613
0.13234
0.133454
0.134553
0.135394
0.135795
0.13582
0.135395
0.134843
0.134345
0.133798
0.133133
0.13233
0.131509
0.130982
0.130985
0.13152
0.132484
0.13371
0.134882
0.135682
0.135525
0.134078
0.131382
0.128049
0.125022
0.122913
0.122138
0.122495
0.123615
0.12495
0.126064
0.126613
0.126578
0.126249
0.125969
0.126117
0.126641
0.127677
0.129292
0.131438
0.134085
0.136977
0.139612
0.14156
0.142405
0.142005
0.140674
0.138939
0.137429
0.136389
0.135849
0.135598
0.13539
0.13484
0.133742
0.132275
0.130568
0.12908
0.128183
0.128122
0.129003
0.130782
0.133189
0.135688
0.137474
0.138022
0.137335
0.135875
0.134126
0.132699
0.131852
0.131861
0.1326
0.133896
0.135345
0.136469
0.136946
0.136501
0.135108
0.132904
0.130422
0.128133
0.126569
0.125844
0.125837
0.126371
0.127219
0.128256
0.129454
0.130547
0.131437
0.131893
0.131971
0.131962
0.131983
0.13224
0.132688
0.132994
0.133149
0.132816
0.131815
0.13034
0.128599
0.126958
0.125878
0.125628
0.126361
0.128054
0.130372
0.132901
0.134889
0.135855
0.135565
0.134285
0.132341
0.130304
0.128762
0.128109
0.128435
0.129623
0.13133
0.133088
0.134641
0.135912
0.136874
0.137716
0.138556
0.139392
0.140041
0.140161
0.139607
0.138383
0.136779
0.135153
0.133803
0.133004
0.132774
0.132932
0.133193
0.133351
0.133263
0.132795
0.132073
0.13126
0.130551
0.130081
0.129962
0.130162
0.130373
0.130518
0.130498
0.130298
0.130077
0.130133
0.130724
0.13208
0.134263
0.137072
0.140143
0.142953
0.145052
0.146159
0.14611
0.145036
0.143045
0.140626
0.138183
0.135959
0.134033
0.132509
0.131263
0.130151
0.128994
0.1277
0.126331
0.124983
0.123723
0.122577
0.121596
0.1209
0.120415
0.120337
0.120726
0.121682
0.123091
0.124937
0.126786
0.12844
0.129555
0.130055
0.130107
0.129959
0.130034
0.130575
0.131648
0.133071
0.134587
0.13575
0.136287
0.135988
0.13484
0.133077
0.131109
0.129422
0.128172
0.127601
0.12782
0.128766
0.130422
0.132635
0.135161
0.137517
0.13932
0.140405
0.140726
0.140603
0.14014
0.139816
0.139725
0.13998
0.140425
0.140975
0.141357
0.141245
0.140343
0.138636
0.136177
0.13312
0.130011
0.12744
0.125748
0.125227
0.125851
0.127285
0.129156
0.131098
0.132872
0.13424
0.135135
0.135498
0.13511
0.133898
0.131908
0.129331
0.126562
0.12401
0.122043
0.12089
0.120699
0.121547
0.123441
0.126082
0.129163
0.132097
0.134316
0.135585
0.135921
0.135523
0.134611
0.133561
0.132526
0.131806
0.131529
0.131787
0.132483
0.133488
0.134662
0.135925
0.137258
0.138515
0.139439
0.139743
0.139245
0.137852
0.135686
0.133074
0.130312
0.127758
0.125736
0.124178
0.123177
0.122513
0.122227
0.122309
0.122769
0.123588
0.124871
0.126504
0.128396
0.130414
0.132383
0.134315
0.136138
0.137841
0.139374
0.140521
0.141264
0.141621
0.141645
0.141481
0.141421
0.141489
0.141609
0.141468
0.140829
0.139552
0.137557
0.1351
0.132417
0.12986
0.127772
0.126269
0.125513
0.12545
0.125934
0.126886
0.128175
0.129664
0.131337
0.132913
0.134466
0.135848
0.136692
0.136967
0.136617
0.135638
0.1341
0.132053
0.129707
0.127402
0.125468
0.124092
0.123215
0.122781
0.122854
0.123512
0.124746
0.126406
0.128148
0.129872
0.131307
0.132559
0.133734
0.134845
0.135987
0.137129
0.138253
0.139203
0.139702
0.1395
0.138358
0.136407
0.134027
0.131767
0.12998
0.128629
0.127632
0.126723
0.126008
0.125527
0.125488
0.1261
0.127265
0.128769
0.130086
0.130801
0.130597
0.129526
0.12801
0.1264
0.124945
0.124079
0.124043
0.124904
0.126783
0.129366
0.132288
0.135159
0.137523
0.139088
0.139667
0.139516
0.138871
0.137972
0.136905
0.13581
0.134814
0.1341
0.133918
0.134334
0.135287
0.136473
0.137615
0.138435
0.138749
0.1387
0.138435
0.138113
0.137862
0.137739
0.13764
0.137438
0.137125
0.136741
0.136417
0.13621
0.13591
0.135062
0.133335
0.130888
0.128286
0.12589
0.123857
0.122178
0.12107
0.120574
0.120779
0.121556
0.12281
0.124388
0.125942
0.127278
0.12829
0.12895
0.129458
0.129671
0.12967
0.129538
0.129498
0.129882
0.130817
0.132394
0.134346
0.136534
0.13842
0.139728
0.140297
0.140203
0.139562
0.138514
0.137384
0.136323
0.135558
0.135004
0.134604
0.134248
0.133816
0.133272
0.132746
0.13223
0.131877
0.13163
0.131497
0.131585
0.131933
0.132633
0.133468
0.134327
0.135028
0.135517
0.13594
0.136232
0.136291
0.135991
0.135393
0.134542
0.13367
0.132966
0.13253
0.132339
0.132389
0.132494
0.132424
0.13227
0.131981
0.131576
0.131193
0.130933
0.130622
0.130144
0.129538
0.128806
0.128021
0.127287
0.126633
0.126098
0.125762
0.125732
0.126194
0.127337
0.12907
0.13113
0.132878
0.134038
0.134815
0.13575
0.137108
0.138977
0.140935
0.142417
0.142976
0.142438
0.140844
0.138443
0.135666
0.132975
0.131007
0.130024
0.130102
0.130892
0.131691
0.132251
0.132616
0.133036
0.133825
0.134788
0.135646
0.136137
0.135938
0.135068
0.133661
0.132168
0.131003
0.130483
0.130593
0.131262
0.132017
0.132474
0.132392
0.131844
0.131164
0.130604
0.13053
0.13095
0.131816
0.132905
0.133954
0.134683
0.134623
0.133439
0.131416
0.129075
0.127049
0.12581
0.125418
0.125728
0.126589
0.127607
0.128622
0.12952
0.130298
0.130935
0.13123
0.131125
0.130776
0.130451
0.130238
0.130102
0.129965
0.129871
0.129869
0.129838
0.129872
0.130078
0.130512
0.131094
0.131807
0.132583
0.133499
0.13476
0.136241
0.137846
0.139275
0.14033
0.140849
0.14084
0.140512
0.140131
0.139779
0.139593
0.139449
0.138962
0.137987
0.136465
0.134518
0.132482
0.13055
0.128818
0.127413
0.126393
0.125866
0.125738
0.125989
0.126633
0.127514
0.12846
0.129263
0.1297
0.129673
0.129335
0.128969
0.128854
0.129112
0.129725
0.130659
0.131821
0.133104
0.134536
0.136088
0.137634
0.139066
0.140289
0.141192
0.141915
0.142452
0.142649
0.142282
0.141208
0.139493
0.137332
0.135018
0.132849
0.130965
0.129565
0.128736
0.128589
0.129032
0.129962
0.131335
0.132859
0.134372
0.135661
0.136541
0.136949
0.136789
0.136124
0.134981
0.133451
0.13165
0.129913
0.128481
0.127694
0.127863
0.128999
0.13105
0.133616
0.136169
0.138207
0.139344
0.139534
0.138989
0.138049
0.137099
0.136407
0.136152
0.136235
0.136449
0.136488
0.136163
0.135459
0.134555
0.133349
0.131862
0.130224
0.128516
0.127006
0.125948
0.125522
0.125738
0.126296
0.126978
0.127537
0.127913
0.128104
0.127976
0.127523
0.126979
0.126665
0.126804
0.127592
0.129121
0.131321
0.133939
0.136615
0.138924
0.140268
0.14038
0.139315
0.137492
0.135525
0.133853
0.132636
0.131976
0.131727
0.131844
0.132118
0.132478
0.132938
0.133377
0.133738
0.134112
0.134466
0.134855
0.135212
0.135532
0.13582
0.136221
0.136846
0.137673
0.138722
0.139784
0.140525
0.14051
0.139461
0.137446
0.13492
0.132348
0.130345
0.129172
0.128784
0.129181
0.130151
0.131615
0.133295
0.13509
0.136744
0.1381
0.139017
0.139239
0.138624
0.137138
0.134879
0.132283
0.129732
0.127709
0.126237
0.125431
0.125054
0.124972
0.125014
0.125093
0.125153
0.12513
0.12527
0.125736
0.126683
0.1282
0.129918
0.131469
0.132496
0.132886
0.13257
0.131707
0.130568
0.129646
0.12948
0.130094
0.131466
0.133148
0.134705
0.135695
0.135975
0.135536
0.13443
0.132787
0.130788
0.12889
0.127555
0.127056
0.127318
0.128217
0.129527
0.13091
0.132132
0.133048
0.133583
0.133845
0.133897
0.133778
0.133513
0.133104
0.132566
0.132179
0.132198
0.132613
0.133298
0.134073
0.134674
0.134993
0.135019
0.134619
0.133948
0.13324
0.132836
0.132986
0.13363
0.134631
0.135671
0.136509
0.137019
0.137073
0.136724
0.136089
0.13537
0.134719
0.134259
0.133861
0.133351
0.132583
0.131547
0.130397
0.12932
0.128558
0.128199
0.128348
0.12885
0.129641
0.130674
0.13202
0.133569
0.135087
0.136366
0.13719
0.137338
0.136938
0.136168
0.135424
0.135058
0.135293
0.13616
0.137306
0.138381
0.139096
0.139327
0.139049
0.138268
0.136974
0.135268
0.133408
0.131616
0.130239
0.129412
0.129394
0.130265
0.131794
0.133633
0.135003
0.135528
0.134977
0.133513
0.131386
0.128934
0.126396
0.123961
0.122008
0.120848
0.120705
0.121807
0.124212
0.12777
0.132129
0.136831
0.141233
0.144827
0.146999
0.147546
0.146349
0.143547
0.139487
0.134879
0.130296
0.126312
0.123314
0.121515
0.121007
0.121704
0.123547
0.126387
0.129723
0.133086
0.135677
0.136957
0.136746
0.135362
0.133391
0.13114
0.12911
0.127388
0.126283
0.125954
0.126436
0.127701
0.129469
0.131589
0.133847
0.135808
0.137059
0.137348
0.136614
0.135395
0.134293
0.133592
0.133324
0.133422
0.133707
0.134014
0.134318
0.134474
0.134508
0.134475
0.134396
0.134375
0.134586
0.135153
0.1362
0.137721
0.139627
0.141642
0.143296
0.144228
0.144094
0.142832
0.140683
0.138183
0.135886
0.134338
0.133672
0.133671
0.133991
0.133998
0.13328
0.13157
0.129086
0.126348
0.123887
0.122393
0.12229
0.123715
0.126418
0.129888
0.133331
0.135883
0.136871
0.136446
0.135124
0.133439
0.131787
0.130531
0.129773
0.129756
0.130335
0.131234
0.132072
0.132574
0.132621
0.13236
0.131888
0.131493
0.131332
0.131393
0.131674
0.13211
0.132718
0.133385
0.134057
0.134581
0.135028
0.135359
0.135575
0.135604
0.135467
0.134838
0.133866
0.132613
0.131391
0.130511
0.130271
0.13067
0.131634
0.132921
0.133966
0.134495
0.134416
0.133941
0.133274
0.132461
0.131731
0.131078
0.130702
0.13077
0.131326
0.132475
0.134277
0.136288
0.138319
0.139847
0.140382
0.139817
0.13831
0.136334
0.134581
0.133444
0.133071
0.132993
0.132588
0.131684
0.130367
0.129013
0.12788
0.126965
0.126296
0.125907
0.125822
0.126236
0.127188
0.128688
0.130561
0.13262
0.134608
0.136305
0.137318
0.137458
0.136612
0.135037
0.133041
0.131036
0.129444
0.128409
0.127764
0.12744
0.127339
0.127491
0.127926
0.128759
0.130083
0.131905
0.134002
0.136102
0.138043
0.139446
0.140018
0.139472
0.13784
0.135342
0.132417
0.129663
0.127725
0.126954
0.127264
0.128452
0.130228
0.13229
0.134372
0.136414
0.138334
0.140004
0.141252
0.141818
0.141402
0.139971
0.137697
0.135025
0.132333
0.129971
0.128158
0.126999
0.126444
0.126336
0.126644
0.127194
0.127982
0.128811
0.129515
0.129782
0.129526
0.128742
0.127781
0.126764
0.126018
0.125858
0.126108
0.126802
0.127675
0.128602
0.129549
0.130489
0.131525
0.132611
0.133765
0.13507
0.136543
0.138169
0.139927
0.141512
0.142781
0.143504
0.143607
0.143224
0.142453
0.141381
0.140086
0.138613
0.136947
0.135327
0.134051
0.13327
0.133164
0.133806
0.134937
0.136281
0.137456
0.138084
0.137746
0.136266
0.133597
0.130001
0.126041
0.122288
0.11928
0.117548
0.117057
0.117579
0.118941
0.120746
0.12275
0.124985
0.127254
0.129362
0.13133
0.133126
0.134839
0.136405
0.137683
0.13848
0.138706
0.138175
0.137025
0.135608
0.134174
0.133009
0.13212
0.131432
0.13086
0.130359
0.129894
0.129434
0.129075
0.128974
0.129257
0.130077
0.131322
0.132767
0.134122
0.134947
0.135016
0.134151
0.132347
0.130053
0.12783
0.12623
0.125509
0.125707
0.126642
0.128064
0.129794
0.131614
0.133239
0.13458
0.1355
0.136273
0.136968
0.137775
0.138729
0.139547
0.140199
0.140534
0.140607
0.140353
0.139799
0.138979
0.137729
0.13623
0.134597
0.133115
0.131707
0.130555
0.129758
0.129471
0.129491
0.129678
0.129906
0.130083
0.130164
0.1301
0.129908
0.129498
0.12883
0.128058
0.127252
0.126707
0.126408
0.126224
0.125973
0.125579
0.125188
0.124987
0.125345
0.126255
0.127765
0.129555
0.131428
0.133354
0.13509
0.136629
0.137684
0.138191
0.138007
0.137308
0.136497
0.135732
0.135288
0.135334
0.135926
0.136976
0.138309
0.139705
0.140903
0.141748
0.141997
0.14181
0.141198
0.140305
0.139008
0.137384
0.135658
0.134056
0.132825
0.131942
0.131343
0.130895
0.130616
0.130567
0.13103
0.132004
0.133234
0.134328
0.134908
0.134753
0.133785
0.132304
0.130698
0.12924
0.128284
0.128058
0.128546
0.129584
0.131059
0.132474
0.133513
0.133917
0.133477
0.132171
0.13024
0.128038
0.126099
0.124788
0.124475
0.125327
0.127205
0.129895
0.132894
0.135719
0.137824
0.138943
0.139016
0.138188
0.136814
0.135116
0.133342
0.131571
0.13005
0.128894
0.128141
0.127769
0.127701
0.127882
0.128366
0.128984
0.129613
0.130303
0.131048
0.131958
0.132949
0.13417
0.135459
0.136585
0.137259
0.137121
0.136307
0.135068
0.133819
0.132723
0.131883
0.131414
0.131344
0.1315
0.131908
0.132331
0.13232
0.131732
0.130527
0.128936
0.12735
0.126166
0.125635
0.125718
0.126453
0.127696
0.129148
0.130685
0.132289
0.133942
0.135502
0.136846
0.137833
0.138399
0.138453
0.13806
0.137297
0.136188
0.13493
0.133696
0.13274
0.132037
0.131469
0.130846
0.130329
0.13014
0.130521
0.131335
0.132286
0.132884
0.132529
0.131285
0.129595
0.128071
0.127202
0.127013
0.127381
0.128136
0.129088
0.130022
0.130849
0.131508
0.132043
0.132515
0.132889
0.133159
0.133421
0.133737
0.134028
0.134463
0.134956
0.135473
0.136062
0.136529
0.136766
0.136555
0.135965
0.13521
0.134451
0.133777
0.133358
0.133283
0.133608
0.134205
0.134826
0.135087
0.134667
0.133531
0.132106
0.130665
0.129657
0.129331
0.129764
0.130889
0.132368
0.133768
0.134676
0.135
0.134841
0.134499
0.134187
0.134198
0.134638
0.135287
0.135932
0.136252
0.136198
0.135914
0.135583
0.135212
0.134661
0.133866
0.132788
0.131436
0.129984
0.128585
0.127436
0.126667
0.1264
0.126555
0.126926
0.127354
0.127749
0.127907
0.127833
0.127504
0.126991
0.126517
0.126355
0.126678
0.127512
0.128745
0.130209
0.131533
0.132512
0.13323
0.13389
0.134811
0.136073
0.137595
0.138981
0.140042
0.140637
0.140601
0.139888
0.13849
0.136481
0.134119
0.131839
0.130074
0.129296
0.129601
0.130958
0.133229
0.136213
0.139414
0.142363
0.144279
0.144746
0.143578
0.141173
0.137979
0.13443
0.131214
0.128822
0.127563
0.127471
0.128318
0.129648
0.130988
0.131869
0.132162
0.131825
0.131041
0.13003
0.129023
0.127955
0.126847
0.125806
0.12489
0.124377
0.124371
0.124764
0.125645
0.127008
0.128809
0.130803
0.132724
0.134297
0.135252
0.135706
0.135767
0.135678
0.135657
0.135859
0.136322
0.136713
0.136828
0.136268
0.135073
0.133267
0.131248
0.129252
0.127672
0.126719
0.126584
0.127196
0.128502
0.130205
0.132083
0.133759
0.135167
0.136136
0.136631
0.136615
0.136231
0.135483
0.134509
0.133404
0.132352
0.131442
0.130774
0.130264
0.129776
0.129217
0.128717
0.128571
0.128992
0.130053
0.13169
0.133533
0.13515
0.136281
0.136846
0.137192
0.137409
0.137484
0.137411
0.137286
0.137092
0.136936
0.13693
0.137071
0.137519
0.138175
0.138819
0.138857
0.137838
0.13573
0.133106
0.13075
0.129085
0.128495
0.128822
0.12985
0.131121
0.132325
0.133261
0.13378
0.133803
0.133263
0.132206
0.130707
0.128821
0.126849
0.124854
0.123001
0.121412
0.120149
0.119199
0.118621
0.118577
0.119051
0.120179
0.121915
0.124204
0.12694
0.130019
0.13306
0.13582
0.137958
0.139355
0.140161
0.140605
0.140787
0.140751
0.14054
0.140077
0.139474
0.139102
0.139178
0.139713
0.14054
0.1414
0.141957
0.142114
0.141804
0.141072
0.140046
0.138946
0.13805
0.137438
0.137247
0.137302
0.137467
0.137588
0.137529
0.137276
0.136817
0.136194
0.135487
0.134649
0.133712
0.132707
0.131554
0.130343
0.129196
0.128303
0.12787
0.127947
0.128494
0.129411
0.130406
0.131492
0.132713
0.133862
0.134793
0.135398
0.135461
0.135072
0.13444
0.133724
0.133206
0.132704
0.13229
0.131883
0.131419
0.130912
0.130481
0.130188
0.130081
0.130123
0.130081
0.12985
0.129476
0.129042
0.12877
0.128728
0.128946
0.129436
0.130055
0.130802
0.131651
0.13261
0.133621
0.134393
0.134858
0.13523
0.13568
0.136329
0.136898
0.13664
0.13525
0.132968
0.130467
0.128102
0.126235
0.125073
0.12471
0.125136
0.126425
0.128313
0.130447
0.132267
0.133501
0.133946
0.13377
0.133036
0.132242
0.13181
0.132062
0.133007
0.134538
0.136174
0.137478
0.137899
0.137187
0.135251
0.132538
0.129393
0.126594
0.124413
0.123107
0.122548
0.122542
0.122872
0.12349
0.124398
0.125669
0.127319
0.129214
0.131238
0.133143
0.134653
0.135621
0.135806
0.135138
0.133665
0.131501
0.129065
0.126767
0.125006
0.123981
0.123683
0.123938
0.124607
0.125532
0.126867
0.12864
0.130784
0.133146
0.135539
0.137454
0.138508
0.138732
0.138267
0.13734
0.136253
0.135172
0.134393
0.133916
0.133695
0.133628
0.133643
0.133694
0.133797
0.133975
0.134262
0.134657
0.135112
0.135672
0.136403
0.137208
0.137902
0.138235
0.138034
0.137236
0.135927
0.134535
0.133248
0.132351
0.131767
0.131475
0.131434
0.131652
0.132073
0.132417
0.132266
0.131408
0.130171
0.129048
0.128374
0.12837
0.128934
0.129963
0.13123
0.132477
0.133634
0.134352
0.134408
0.133689
0.132292
0.130664
0.129195
0.128208
0.127871
0.128219
0.129077
0.130451
0.132112
0.13354
0.134456
0.134788
0.134713
0.134526
0.134249
0.133874
0.133256
0.132272
0.131032
0.129764
0.128729
0.128061
0.127724
0.127413
0.126814
0.126202
0.125882
0.126087
0.126922
0.128488
0.130682
0.133368
0.136179
0.138681
0.140352
0.140679
0.139703
0.13776
0.135359
0.133161
0.131618
0.130852
0.130856
0.131396
0.132403
0.133708
0.135115
0.136479
0.137719
0.138426
0.13856
0.1381
0.137118
0.135866
0.134553
0.13336
0.132487
0.132081
0.132027
0.132325
0.13282
0.133566
0.13442
0.13518
0.135779
0.13599
0.135811
0.135222
0.134248
0.133124
0.131925
0.130773
0.129736
0.128882
0.128291
0.127798
0.127429
0.12712
0.126825
0.126569
0.126427
0.126563
0.127068
0.127873
0.128885
0.129773
0.130301
0.13036
0.129933
0.129198
0.128343
0.127495
0.12689
0.126587
0.126583
0.126843
0.127268
0.127861
0.128507
0.129376
0.130424
0.131571
0.132855
0.134015
0.135023
0.135874
0.136513
0.137099
0.137648
0.138236
0.138997
0.139762
0.140373
0.140504
0.140096
0.139238
0.138154
0.136978
0.135903
0.135011
0.134362
0.134062
0.134129
0.134495
0.134698
0.134445
0.13323
0.131189
0.128716
0.126306
0.124685
0.124072
0.124537
0.125965
0.127911
0.129855
0.131341
0.132243
0.13272
0.13309
0.133519
0.133859
0.133908
0.133502
0.13247
0.131218
0.130003
0.129298
0.129164
0.129661
0.130555
0.131746
0.133082
0.134244
0.135205
0.135921
0.136449
0.13671
0.136544
0.135851
0.134671
0.133106
0.131591
0.13034
0.12962
0.129382
0.129439
0.129604
0.129672
0.129564
0.129138
0.128455
0.127644
0.126938
0.126564
0.126702
0.127561
0.129216
0.131582
0.134461
0.13744
0.139908
0.141275
0.141423
0.140675
0.139426
0.138116
0.136842
0.135669
0.134577
0.133632
0.132717
0.131797
0.130772
0.129637
0.128393
0.12725
0.12646
0.126137
0.126542
0.127614
0.129174
0.131048
0.133085
0.135192
0.137288
0.139202
0.140849
0.141828
0.142016
0.141449
0.140174
0.138772
0.137428
0.136513
0.135993
0.13581
0.135891
0.135866
0.135651
0.134867
0.133597
0.131907
0.130161
0.128608
0.127467
0.126799
0.126698
0.127105
0.127895
0.12884
0.129879
0.130653
0.131172
0.131548
0.131614
0.131232
0.130294
0.128828
0.127163
0.125664
0.124617
0.124348
0.124944
0.126487
0.128888
0.131954
0.135343
0.138363
0.140339
0.140831
0.140064
0.138431
0.136422
0.134466
0.132616
0.130945
0.129408
0.128129
0.127152
0.126614
0.12655
0.126881
0.127396
0.127938
0.12831
0.128614
0.128902
0.129128
0.129324
0.12944
0.129676
0.130147
0.130982
0.132271
0.134019
0.1359
0.137635
0.138825
0.139291
0.139117
0.138429
0.137474
0.136388
0.135291
0.134306
0.133371
0.132501
0.131869
0.131395
0.131214
0.131221
0.131371
0.131454
0.131222
0.130532
0.129374
0.127794
0.125911
0.124134
0.122836
0.122094
0.121845
0.122135
0.123052
0.124869
0.127681
0.131434
0.135713
0.139931
0.143357
0.145512
0.146269
0.145897
0.144746
0.143124
0.141324
0.139574
0.137804
0.135694
0.133189
0.13054
0.128076
0.126329
0.125567
0.125817
0.126918
0.128543
0.13051
0.132369
0.133806
0.134615
0.134722
0.134374
0.133851
0.133427
0.13313
0.132941
0.133023
0.133399
0.134056
0.134713
0.135241
0.135485
0.135375
0.134941
0.134136
0.133082
0.131945
0.130887
0.130205
0.129878
0.129937
0.130122
0.130194
0.129842
0.129092
0.128067
0.127337
0.127375
0.12847
0.130438
0.132762
0.134812
0.136075
0.136294
0.135524
0.134074
0.132407
0.130936
0.129884
0.12946
0.129374
0.129539
0.129559
0.129609
0.129938
0.13065
0.131686
0.132778
0.133385
0.133341
0.132567
0.131627
0.130935
0.13084
0.131291
0.132226
0.133431
0.134544
0.135426
0.135907
0.136081
0.136073
0.136012
0.135758
0.134939
0.133508
0.131547
0.129582
0.12817
0.127597
0.12785
0.128738
0.129938
0.131223
0.132355
0.133335
0.134132
0.134793
0.135296
0.135631
0.13552
0.134768
0.133483
0.132068
0.130983
0.130472
0.130543
0.130998
0.131748
0.132369
0.132812
0.132997
0.132803
0.132224
0.131244
0.129993
0.128816
0.128079
0.127783
0.127913
0.128371
0.129252
0.130759
0.132905
0.135287
0.137272
0.138446
0.138492
0.137669
0.136267
0.134792
0.133423
0.132303
0.131146
0.129894
0.128608
0.127655
0.12731
0.127707
0.128698
0.129789
0.130644
0.131166
0.131278
0.131159
0.130781
0.130247
0.129405
0.128495
0.127493
0.126701
0.126334
0.126322
0.126716
0.127344
0.128177
0.129104
0.130003
0.13085
0.131428
0.131833
0.13212
0.132404
0.132749
0.133394
0.134434
0.135812
0.137389
0.138939
0.140231
0.141104
0.141248
0.140594
0.139137
0.13715
0.135066
0.132958
0.131003
0.129312
0.127884
0.126913
0.126389
0.126363
0.127005
0.128373
0.130449
0.132829
0.13515
0.136838
0.137577
0.137269
0.136043
0.134231
0.132279
0.130411
0.128963
0.128022
0.127583
0.127594
0.127653
0.127618
0.127344
0.127067
0.127053
0.127656
0.129059
0.131012
0.132901
0.134092
0.134287
0.133516
0.132221
0.130812
0.12952
0.128488
0.127969
0.127961
0.12862
0.129786
0.131507
0.133572
0.135701
0.137418
0.138318
0.138124
0.137122
0.135817
0.134553
0.133487
0.132642
0.131927
0.131375
0.131047
0.131071
0.13137
0.131894
0.132547
0.133341
0.13414
0.134898
0.135495
0.135857
0.135908
0.13551
0.134744
0.133749
0.132797
0.132103
0.13186
0.132179
0.133015
0.134224
0.135588
0.136808
0.13758
0.137605
0.136927
0.135689
0.134297
0.133098
0.132049
0.130768
0.128953
0.126685
0.12428
0.122264
0.12104
0.12079
0.121705
0.123433
0.125771
0.128336
0.130773
0.13279
0.134252
0.134976
0.135089
0.134745
0.134229
0.133716
0.133503
0.133613
0.133928
0.134473
0.135174
0.135955
0.136618
0.136875
0.136623
0.135814
0.13457
0.13313
0.131753
0.130493
0.129454
0.128606
0.128013
0.127705
0.127654
0.127824
0.128226
0.128757
0.129316
0.130023
0.13075
0.13154
0.132162
0.132481
0.132439
0.132172
0.13174
0.131369
0.131181
0.131313
0.131691
0.132177
0.132383
0.132063
0.131173
0.129901
0.128765
0.128094
0.128104
0.128686
0.129752
0.1311
0.13252
0.133899
0.13511
0.135952
0.136339
0.136097
0.135278
0.133899
0.132148
0.130382
0.128937
0.128236
0.128425
0.12952
0.131479
0.133926
0.1366
0.139033
0.140869
0.141871
0.141956
0.141124
0.139618
0.137784
0.135882
0.134145
0.132812
0.132092
0.132052
0.132633
0.13378
0.135145
0.136422
0.137374
0.137744
0.137569
0.13672
0.135408
0.133848
0.132193
0.130643
0.129198
0.127923
0.126745
0.125619
0.124592
0.123699
0.123002
0.122619
0.122491
0.122682
0.123144
0.123798
0.124379
0.124785
0.124831
0.124682
0.124523
0.124796
0.125652
0.127047
0.128894
0.131055
0.133465
0.136022
0.138487
0.140396
0.14133
0.141125
0.140242
0.139055
0.137611
0.13601
0.134298
0.132506
0.130969
0.129772
0.129025
0.128807
0.129133
0.129991
0.131274
0.132796
0.134074
0.134856
0.135221
0.135497
0.135935
0.136706
0.137547
0.138416
0.139027
0.139252
0.138906
0.137914
0.136648
0.135534
0.134977
0.135061
0.135727
0.136753
0.137687
0.138139
0.138021
0.137407
0.136386
0.135186
0.13398
0.132823
0.13182
0.131053
0.130677
0.130821
0.131468
0.132544
0.133752
0.13489
0.1357
0.13607
0.136003
0.135593
0.134829
0.133624
0.132072
0.13031
0.128439
0.126886
0.126053
0.126026
0.126671
0.127776
0.128995
0.13013
0.131018
0.13165
0.13187
0.131632
0.130908
0.129722
0.128197
0.126551
0.125081
0.123925
0.123107
0.122756
0.122752
0.123175
0.124092
0.125623
0.127759
0.130422
0.133406
0.136382
0.138996
0.140937
0.1422
0.142795
0.142913
0.142546
0.14174
0.140647
0.139381
0.138128
0.137076
0.136191
0.135438
0.134706
0.13402
0.133415
0.133227
0.133384
0.133864
0.134614
0.13524
0.135366
0.134797
0.13342
0.131495
0.129383
0.127487
0.126246
0.125622
0.125717
0.126203
0.127075
0.128121
0.129169
0.130165
0.131068
0.131887
0.132692
0.133672
0.134796
0.135937
0.136888
0.137278
0.137008
0.136331
0.13561
0.135017
0.134533
0.133892
0.132951
0.131776
0.130487
0.129244
0.128234
0.127567
0.127259
0.127295
0.127507
0.127961
0.128476
0.128893
0.129235
0.129429
0.129399
0.129207
0.128915
0.128815
0.12919
0.130211
0.131482
0.132633
0.133031
0.132406
0.130975
0.129103
0.127347
0.126111
0.125735
0.126285
0.127728
0.129819
0.132252
0.134732
0.136917
0.138384
0.139051
0.139
0.138622
0.138273
0.13808
0.138008
0.137992
0.138109
0.138348
0.138822
0.13948
0.140327
0.141024
0.141246
0.140475
0.138564
0.135711
0.132437
0.129292
0.126772
0.125076
0.124294
0.124255
0.124899
0.126182
0.127857
0.129873
0.131956
0.133799
0.135034
0.135434
0.134909
0.133658
0.131875
0.130104
0.12882
0.128559
0.129484
0.131466
0.134096
0.136496
0.138038
0.138332
0.137588
0.136063
0.134188
0.132335
0.130685
0.129441
0.128783
0.128761
0.129083
0.12958
0.13014
0.130775
0.131649
0.132606
0.133474
0.133828
0.133444
0.132486
0.131352
0.130476
0.130153
0.13017
0.130332
0.13042
0.130289
0.129971
0.129706
0.129689
0.130019
0.130768
0.13185
0.133048
0.134196
0.135116
0.135499
0.135406
0.134889
0.134224
0.133622
0.132977
0.132063
0.130612
0.128614
0.126644
0.125355
0.125335
0.126712
0.129203
0.131934
0.134238
0.135501
0.135789
0.135597
0.135461
0.135678
0.136384
0.137449
0.138447
0.139061
0.138846
0.137683
0.135726
0.133518
0.13168
0.130673
0.130705
0.131651
0.133199
0.135
0.136804
0.138274
0.139322
0.139783
0.139619
0.138877
0.137569
0.135894
0.134064
0.132451
0.131143
0.130298
0.130034
0.130317
0.130902
0.131472
0.131904
0.131974
0.131536
0.130602
0.129209
0.127473
0.125811
0.124396
0.123543
0.123205
0.123334
0.123809
0.124605
0.125432
0.126234
0.126971
0.127561
0.128008
0.128126
0.128258
0.128879
0.129887
0.131383
0.133158
0.134945
0.136671
0.137893
0.138469
0.138593
0.138626
0.138972
0.139776
0.140935
0.142145
0.143043
0.143465
0.143418
0.142929
0.142011
0.140663
0.138786
0.136534
0.133964
0.131371
0.129054
0.127312
0.126254
0.125832
0.125893
0.126201
0.126774
0.127607
0.128695
0.13018
0.131926
0.13382
0.1357
0.137196
0.138287
0.138987
0.139334
0.139371
0.139213
0.138998
0.138657
0.138078
0.137182
0.136117
0.134857
0.133523
0.132217
0.131004
0.12985
0.129154
0.128986
0.129311
0.129871
0.130325
0.130296
0.129537
0.128347
0.127158
0.126342
0.126079
0.126268
0.126918
0.127901
0.129132
0.130606
0.132024
0.133028
0.133256
0.132586
0.131329
0.129822
0.128676
0.128418
0.129126
0.130698
0.1328
0.134734
0.136026
0.136476
0.136428
0.13612
0.135794
0.135542
0.135456
0.135404
0.135328
0.135183
0.134839
0.134378
0.133758
0.133099
0.132445
0.131752
0.130992
0.130143
0.129382
0.12864
0.128178
0.128268
0.12894
0.130317
0.132241
0.134473
0.136603
0.138298
0.139298
0.139496
0.138992
0.137988
0.136566
0.134915
0.133213
0.13151
0.13003
0.129055
0.128791
0.129319
0.130432
0.131691
0.132731
0.133354
0.133471
0.133212
0.132668
0.131863
0.130565
0.128977
0.12729
0.1259
0.125134
0.125104
0.125919
0.127358
0.12898
0.130561
0.131913
0.133193
0.134391
0.135437
0.136129
0.136286
0.135838
0.134961
0.134034
0.13323
0.132777
0.132523
0.132302
0.132083
0.131826
0.131649
0.131796
0.132223
0.132921
0.133876
0.134946
0.136096
0.137128
0.137834
0.138015
0.137563
0.136542
0.135074
0.133419
0.131718
0.130179
0.129052
0.12853
0.128749
0.129763
0.131382
0.133264
0.135122
0.136372
0.136506
0.135361
0.133188
0.130678
0.12858
0.127266
0.127171
0.128161
0.129993
0.132248
0.134579
0.136846
0.139
0.140863
0.142193
0.142371
0.141259
0.138928
0.1358
0.132424
0.129052
0.125879
0.123114
0.120936
0.119574
0.119274
0.119987
0.121792
0.124541
0.128056
0.131967
0.135653
0.138606
0.140424
0.141072
0.140608
0.139442
0.138037
0.136726
0.13559
0.134723
0.134059
0.133566
0.133158
0.132839
0.132606
0.132338
0.132228
0.132374
0.132769
0.133308
0.133874
0.13447
0.134893
0.135249
0.135679
0.13604
0.136285
0.136315
0.135997
0.135499
0.134999
0.134659
0.134492
0.134377
0.134081
0.133649
0.133157
0.132821
0.132774
0.133184
0.13395
0.135083
0.136227
0.137188
0.137505
0.13705
0.135636
0.133536
0.131092
0.128922
0.12737
0.126838
0.127183
0.12836
0.129757
0.131115
0.13208
0.132391
0.132029
0.131153
0.130174
0.129408
0.129163
0.129527
0.130574
0.132278
0.134576
0.137343
0.140224
0.142759
0.144514
0.145089
0.144423
0.142744
0.140539
0.138192
0.135872
0.133882
0.13237
0.131377
0.130941
0.130985
0.131309
0.131843
0.132342
0.132863
0.133313
0.133611
0.133703
0.133537
0.133204
0.132813
0.132472
0.132344
0.132449
0.132818
0.133298
0.13368
0.13381
0.133291
0.132315
0.130934
0.129534
0.128371
0.127744
0.127754
0.128452
0.129601
0.130879
0.132064
0.132875
0.13315
0.132993
0.132808
0.133059
0.13379
0.135072
0.136642
0.138055
0.139043
0.139392
0.13907
0.138043
0.136608
0.134949
0.13326
0.131702
0.130596
0.130042
0.130175
0.130941
0.132087
0.13326
0.134091
0.134171
0.133484
0.132115
0.130511
0.129083
0.128321
0.128372
0.129229
0.130667
0.132434
0.1342
0.135812
0.137116
0.137985
0.138345
0.138139
0.137294
0.135907
0.134282
0.132715
0.131521
0.130973
0.130981
0.131594
0.132604
0.133667
0.134657
0.13529
0.135483
0.135275
0.134646
0.133765
0.132665
0.131511
0.130219
0.12896
0.127913
0.12718
0.127059
0.127519
0.128554
0.129981
0.131733
0.133593
0.135421
0.136933
0.137847
0.13807
0.137616
0.136646
0.135433
0.134043
0.132607
0.131263
0.129989
0.128912
0.12805
0.127758
0.128056
0.128981
0.130148
0.131305
0.132208
0.133029
0.134166
0.135556
0.136815
0.137381
0.136838
0.135336
0.133202
0.130954
0.129057
0.128096
0.128192
0.129455
0.131638
0.134216
0.136608
0.138379
0.139347
0.139391
0.138886
0.137977
0.136783
0.135442
0.134125
0.13317
0.132658
0.13255
0.132714
0.132745
0.132429
0.13164
0.130469
0.12921
0.128144
0.127595
0.127751
0.128407
0.129464
0.130599
0.13176
0.132942
0.134214
0.135561
0.136921
0.137992
0.138636
0.138638
0.137827
0.136298
0.134191
0.131883
0.129732
0.128029
0.126981
0.126511
0.126555
0.126876
0.127232
0.127355
0.127188
0.126916
0.126669
0.126615
0.126827
0.127191
0.127826
0.128674
0.129656
0.130738
0.131971
0.133173
0.134226
0.135214
0.136416
0.137831
0.139308
0.140534
0.141202
0.141159
0.140509
0.139259
0.137683
0.135989
0.134477
0.133418
0.13283
0.132654
0.132546
0.132441
0.132094
0.131285
0.130053
0.128492
0.126928
0.125782
0.12528
0.125636
0.126697
0.128352
0.130334
0.132504
0.134616
0.136475
0.137764
0.138197
0.137597
0.135922
0.133387
0.13051
0.127868
0.126064
0.125204
0.125347
0.126333
0.127889
0.129891
0.131956
0.134064
0.136031
0.137703
0.138853
0.139432
0.13952
0.139177
0.138534
0.137643
0.136569
0.135381
0.134128
0.132803
0.131339
0.12982
0.128234
0.126702
0.125304
0.124223
0.123424
0.122908
0.122817
0.123156
0.124125
0.125758
0.128012
0.130502
0.132883
0.134946
0.136464
0.137488
0.138081
0.138292
0.138173
0.137922
0.137673
0.137513
0.137338
0.137103
0.136651
0.135914
0.134866
0.133503
0.131955
0.130449
0.129413
0.128891
0.12885
0.129089
0.129394
0.129787
0.13022
0.13061
0.130986
0.131323
0.131518
0.131559
0.131503
0.13132
0.13111
0.130873
0.13073
0.130827
0.131418
0.132543
0.134087
0.135739
0.137021
0.13748
0.136799
0.135249
0.133266
0.1314
0.130243
0.130223
0.131362
0.133495
0.136369
0.139382
0.142086
0.144095
0.145195
0.145218
0.144051
0.141521
0.137943
0.133734
0.129626
0.126222
0.123813
0.122433
0.122053
0.122426
0.123451
0.124866
0.126589
0.128319
0.129872
0.131318
0.13266
0.133901
0.135114
0.136068
0.136779
0.137127
0.137096
0.136704
0.13587
0.134724
0.133291
0.131765
0.130376
0.129337
0.128871
0.129006
0.129648
0.130613
0.131595
0.132213
0.132471
0.132434
0.132209
0.132009
0.131902
0.131869
0.131829
0.131731
0.131581
0.131598
0.131887
0.132336
0.132793
0.133089
0.133088
0.132771
0.132313
0.131713
0.131014
0.130236
0.129511
0.129003
0.128793
0.129117
0.130001
0.131364
0.132931
0.134482
0.135801
0.136746
0.137307
0.137757
0.138387
0.139341
0.140641
0.142107
0.143428
0.144215
0.144248
0.143367
0.141628
0.139297
0.136718
0.13421
0.131916
0.129907
0.128107
0.126648
0.125683
0.125286
0.125513
0.126349
0.127655
0.129244
0.13079
0.132115
0.133114
0.133765
0.134157
0.134396
0.134473
0.134355
0.134037
0.133435
0.132527
0.131158
0.129443
0.127583
0.125784
0.124304
0.123514
0.123758
0.125151
0.127597
0.130705
0.134051
0.137074
0.139428
0.140976
0.14164
0.141542
0.140772
0.139636
0.138339
0.137109
0.136035
0.13515
0.134399
0.133633
0.132967
0.132451
0.132248
0.132494
0.133121
0.133868
0.134615
0.13517
0.13541
0.135331
0.134761
0.133817
0.132553
0.131148
0.12983
0.128543
0.127442
0.126405
0.125612
0.124976
0.124658
0.124849
0.125706
0.127026
0.128449
0.129622
0.130398
0.130643
0.130554
0.130398
0.130536
0.131027
0.13187
0.132757
0.133648
0.134294
0.134793
0.135198
0.13554
0.135956
0.136394
0.136796
0.137078
0.137155
0.137005
0.136909
0.137001
0.137387
0.138146
0.138984
0.139595
0.139634
0.138907
0.13737
0.135381
0.133028
0.130611
0.128393
0.126849
0.126236
0.126744
0.128211
0.130353
0.132996
0.135863
0.138602
0.140981
0.142439
0.142729
0.141682
0.13953
0.136749
0.133897
0.131397
0.129577
0.128528
0.128111
0.128011
0.128052
0.128096
0.128107
0.127976
0.12775
0.127474
0.127335
0.127573
0.128353
0.129724
0.131534
0.133409
0.134868
0.135559
0.135296
0.1343
0.13285
0.13131
0.129948
0.128991
0.128539
0.128622
0.129292
0.130498
0.132201
0.134256
0.136531
0.138853
0.140927
0.142314
0.142682
0.142046
0.140665
0.139136
0.137802
0.136717
0.135695
0.134278
0.132489
0.13057
0.12876
0.127348
0.126472
0.126279
0.126861
0.128196
0.130264
0.132892
0.135713
0.138188
0.139777
0.14008
0.139235
0.137506
0.135486
0.133518
0.131911
0.130754
0.130022
0.129649
0.129546
0.129669
0.129819
0.130027
0.130238
0.130181
0.12973
0.128777
0.127668
0.126698
0.126094
0.125861
0.126093
0.126668
0.127469
0.128444
0.129293
0.129966
0.130288
0.130189
0.129851
0.129403
0.129185
0.129336
0.129936
0.131068
0.132587
0.134292
0.135828
0.136849
0.1371
0.136542
0.13543
0.134238
0.133377
0.133286
0.134033
0.135474
0.137273
0.138982
0.140291
0.14111
0.141349
0.140974
0.140055
0.138632
0.136963
0.135305
0.133701
0.132204
0.130677
0.129383
0.128388
0.127833
0.127892
0.128462
0.129542
0.13092
0.132172
0.132885
0.132935
0.132522
0.131741
0.13078
0.129873
0.129106
0.128581
0.128338
0.128387
0.128447
0.128558
0.128653
0.128887
0.129379
0.130059
0.130848
0.131514
0.132063
0.132465
0.132861
0.133257
0.133728
0.134158
0.134671
0.135241
0.136041
0.137139
0.138612
0.140275
0.141753
0.142724
0.142824
0.142089
0.140939
0.13954
0.138186
0.137037
0.136081
0.135352
0.134712
0.134097
0.133463
0.132915
0.132575
0.13255
0.132955
0.133954
0.135398
0.137063
0.13856
0.139284
0.139076
0.137893
0.136126
0.134088
0.131988
0.129982
0.128106
0.126318
0.124856
0.123936
0.123697
0.124232
0.125485
0.127294
0.12916
0.130777
0.13187
0.132358
0.132176
0.131447
0.130362
0.129337
0.128743
0.128679
0.129125
0.129918
0.130909
0.131908
0.132792
0.133509
0.134019
0.1343
0.134369
0.134223
0.133939
0.133846
0.134192
0.134982
0.136043
0.136753
0.136678
0.135681
0.134189
0.13284
0.132029
0.132135
0.133122
0.134825
0.137112
0.139754
0.14243
0.144564
0.145552
0.144878
0.14262
0.139194
0.13533
0.131625
0.128429
0.125888
0.123968
0.122546
0.121395
0.120402
0.119516
0.118732
0.118231
0.117873
0.117703
0.11785
0.118473
0.119522
0.120893
0.122555
0.124462
0.126408
0.128388
0.130344
0.131994
0.133331
0.134262
0.134881
0.13542
0.136037
0.136744
0.137672
0.138838
0.140193
0.14153
0.142528
0.142858
0.142472
0.141604
0.140412
0.139236
0.13822
0.137394
0.136714
0.136025
0.135201
0.134226
0.132985
0.131492
0.129836
0.128227
0.126857
0.125807
0.12529
0.125183
0.125572
0.12601
0.126382
0.126562
0.126787
0.12742
0.128489
0.129767
0.131126
0.132361
0.133541
0.134689
0.135651
0.13649
0.137007
0.137311
0.137417
0.137565
0.137891
0.138459
0.139396
0.14052
0.141698
0.142586
0.142975
0.142636
0.141454
0.139517
0.136997
0.134116
0.131262
0.128821
0.127003
0.126012
0.12587
0.126441
0.127474
0.1285
0.129195
0.129311
0.128777
0.127783
0.126583
0.125577
0.124929
0.124697
0.12489
0.125469
0.126412
0.127545
0.128625
0.129514
0.130041
0.130564
0.131283
0.13234
0.133543
0.134558
0.135056
0.134925
0.134293
0.13344
0.132661
0.13211
0.131854
0.131682
0.131626
0.131769
0.13225
0.133044
0.133848
0.13433
0.134268
0.133701
0.132809
0.131784
0.130796
0.130067
0.129782
0.129917
0.13046
0.131358
0.132543
0.133984
0.135635
0.137165
0.138275
0.138621
0.13817
0.137183
0.136049
0.135171
0.134767
0.134995
0.135589
0.136267
0.13679
0.136929
0.136715
0.136234
0.135363
0.134258
0.132959
0.131554
0.12993
0.12813
0.126338
0.12489
0.124074
0.124046
0.124962
0.126639
0.128694
0.130699
0.132248
0.133133
0.133427
0.133281
0.13285
0.132373
0.131977
0.131763
0.131785
0.132109
0.132761
0.13365
0.134503
0.135265
0.135872
0.136267
0.136341
0.136036
0.135324
0.134259
0.13301
0.131764
0.130716
0.12999
0.129553
0.129393
0.129518
0.12979
0.130128
0.130468
0.130892
0.131407
0.132032
0.13289
0.133802
0.134659
0.135336
0.135651
0.135506
0.134717
0.133608
0.132574
0.13187
0.131735
0.13226
0.133306
0.134794
0.136629
0.138546
0.140229
0.141659
0.142732
0.143331
0.143505
0.143131
0.142234
0.140736
0.138748
0.136459
0.134232
0.132343
0.13111
0.130746
0.131107
0.131691
0.131759
0.131162
0.130228
0.129482
0.129125
0.12904
0.129195
0.129623
0.13022
0.130957
0.131755
0.13238
0.132749
0.132821
0.132739
0.13265
0.132687
0.132959
0.133457
0.133875
0.134061
0.133891
0.133581
0.133139
0.13286
0.132826
0.133134
0.133657
0.134311
0.134889
0.135168
0.134958
0.134291
0.133214
0.131833
0.13043
0.12921
0.128549
0.128502
0.129124
0.130287
0.131691
0.133114
0.13433
0.135196
0.135752
0.136043
0.136067
0.135843
0.135425
0.135009
0.134713
0.134601
0.13465
0.134686
0.134488
0.133882
0.132991
0.132019
0.131196
0.130759
0.130918
0.131375
0.131938
0.132175
0.131901
0.13117
0.130291
0.12937
0.128605
0.127974
0.127691
0.127808
0.128503
0.129597
0.130854
0.131929
0.132541
0.132623
0.132423
0.132313
0.132691
0.133781
0.135641
0.137962
0.140258
0.141959
0.142716
0.142566
0.14167
0.140305
0.138736
0.136997
0.135083
0.132962
0.130745
0.128648
0.126947
0.125772
0.125228
0.125261
0.125742
0.126464
0.127398
0.128263
0.129123
0.130096
0.131076
0.132225
0.133401
0.134456
0.13537
0.136058
0.136418
0.13637
0.135774
0.13455
0.1329
0.131105
0.129581
0.128608
0.128334
0.128633
0.129228
0.129817
0.1302
0.130384
0.130308
0.130057
0.129827
0.1298
0.130198
0.131234
0.1329
0.134951
0.136961
0.138428
0.13915
0.139031
0.138099
0.136321
0.133765
0.130627
0.12725
0.12424
0.122188
0.121475
0.122332
0.12461
0.128072
0.131972
0.135288
0.137185
0.137641
0.137103
0.136153
0.135265
0.134465
0.13396
0.133665
0.133596
0.13379
0.134198
0.134591
0.134672
0.133952
0.132312
0.130298
0.128661
0.128015
0.12836
0.129523
0.131146
0.132751
0.134007
0.134834
0.135101
0.134912
0.134452
0.133878
0.133152
0.132279
0.131273
0.130313
0.129747
0.129829
0.130719
0.132263
0.134074
0.135591
0.136334
0.136007
0.134604
0.132375
0.129788
0.127272
0.12523
0.123834
0.123265
0.123417
0.123968
0.124693
0.125447
0.126148
0.127054
0.128096
0.129266
0.130494
0.131719
0.132954
0.134489
0.13644
0.138634
0.14087
0.142767
0.144137
0.144789
0.144545
0.143369
0.141304
0.138566
0.135377
0.131963
0.128623
0.125714
0.123542
0.12251
0.122704
0.12398
0.126141
0.128803
0.131503
0.133831
0.135561
0.136611
0.136871
0.136402
0.135421
0.134159
0.132782
0.131419
0.130218
0.129321
0.128962
0.129253
0.130032
0.131054
0.131954
0.132825
