2.09047
2.0926
2.09976
2.10015
2.08354
2.04607
1.99212
1.93317
1.8837
1.8554
1.85263
1.87241
1.90774
1.95123
1.99645
2.03759
2.06938
2.08804
2.09236
2.08327
2.06264
2.03238
1.9951
1.95533
1.91996
1.89702
1.89294
1.91051
1.94801
1.99978
2.05737
2.11101
2.15163
2.17343
2.17553
2.16266
2.14367
2.12853
2.124
2.13038
2.14179
2.14991
2.14825
2.13517
2.11386
2.08987
2.0679
2.05081
2.0404
2.03854
2.04721
2.06701
2.09477
2.12311
2.14389
2.15274
2.15048
2.14054
2.12557
2.10579
2.08148
2.05626
2.03682
2.02863
2.03202
2.04321
2.05794
2.07351
2.08746
2.09594
2.09464
2.08151
2.05875
2.0317
2.00574
1.98329
1.96358
1.94574
1.93346
1.93603
1.96194
2.00979
2.06801
2.12274
2.16402
2.18654
2.18838
2.17031
2.13583
2.09092
2.04314
1.99911
1.96223
1.93275
1.91015
1.89471
1.8877
1.89108
1.90753
1.93907
1.98493
2.04066
2.09839
2.14848
2.18192
2.19307
2.18095
2.14923
2.10629
2.06433
2.03515
2.02499
2.03337
2.05656
2.09075
2.13242
2.17732
2.22027
2.25544
2.27766
2.28329
2.27082
2.24147
2.19924
2.1498
2.09848
2.04854
2.00142
1.95875
1.92408
1.90187
1.89472
1.90127
1.917
1.93664
1.95611
1.97335
1.98825
2.00261
2.01971
2.04241
2.07087
2.10179
2.13031
2.1525
2.16668
2.1729
2.17206
2.16549
2.15497
2.14273
2.13062
2.1196
2.10955
2.09997
2.09038
2.08074
2.07157
2.06427
2.06059
2.0616
2.06668
2.07337
2.07842
2.0785
2.07094
2.05483
2.03294
2.01228
2.00228
2.01037
2.03779
2.07815
2.11979
2.1508
2.16477
2.16297
2.15161
2.13704
2.12346
2.11378
2.10996
2.11191
2.11706
2.12199
2.12502
2.12609
2.125
2.1199
2.10832
2.08872
2.06151
2.02952
1.99811
1.97485
1.96655
1.97494
1.9946
2.01581
2.0291
2.02804
2.0101
1.9767
1.93367
1.89141
1.86364
1.86252
1.89208
1.94542
2.00881
2.06849
2.11584
2.14819
2.16712
2.17602
2.17855
2.17925
2.18561
2.20529
2.23822
2.27399
2.30019
2.31016
2.30519
2.292
2.27807
2.2674
2.25887
2.24746
2.228
2.19952
2.16682
2.13787
2.11894
2.11058
2.10679
2.09858
2.07928
2.04819
2.01031
1.97336
1.94368
1.92401
1.91412
1.9125
1.91779
1.92937
1.94706
1.96978
1.99582
2.02411
2.05362
2.08237
2.10759
2.1271
2.14017
2.14698
2.14731
2.1403
2.12581
2.10572
2.08364
2.06308
2.04572
2.03108
2.01744
2.00351
1.98975
1.9787
1.97346
1.9759
1.98578
2.0017
2.02232
2.04645
2.07212
2.09617
2.11497
2.12681
2.13368
2.14057
2.15274
2.1731
2.20097
2.23197
2.25864
2.27264
2.26811
2.24385
2.20313
2.15199
2.09715
2.04558
2.00439
1.97923
1.972
1.98026
1.99883
2.02124
2.04077
2.05299
2.05752
2.05752
2.05693
2.05757
2.05834
2.05638
2.04951
2.03824
2.02491
2.01122
1.9969
1.9816
1.96673
1.95518
1.94959
1.95079
1.95715
1.96576
1.97458
1.98428
1.99678
2.01274
2.03006
2.04535
2.05622
2.0626
2.06622
2.06909
2.07199
2.07416
2.07433
2.0723
2.07077
2.07477
2.08874
2.1132
2.14345
2.17241
2.19433
2.20627
2.20619
2.19139
2.15994
2.11351
2.05863
2.00566
1.96635
1.94982
1.95871
1.98783
2.02791
2.07069
2.11072
2.14416
2.16734
2.17726
2.17299
2.15739
2.13725
2.12101
2.11478
2.11934
2.13088
2.14421
2.1554
2.16269
2.16586
2.16577
2.16412
2.16306
2.16353
2.16393
2.16048
2.1497
2.13084
2.10617
2.07894
2.05098
2.02255
1.99316
1.9631
1.93417
1.9093
1.89178
1.8848
1.8912
1.91187
1.94418
1.98266
2.02146
2.05587
2.0826
2.1004
2.11138
2.12082
2.13374
2.15031
2.16494
2.16989
2.15988
2.13415
2.09634
2.05253
2.00867
1.96858
1.9338
1.90502
1.88246
1.86675
1.85909
1.86153
1.87626
1.90419
1.9439
1.99184
2.04277
2.09008
2.12603
2.14254
2.13359
2.09823
2.04281
1.98128
1.9319
1.91013
1.92189
1.9618
2.01773
2.07682
2.12891
2.16749
2.18937
2.19433
2.18445
2.16315
2.13429
2.10217
2.07191
2.04896
2.03695
2.03585
2.04287
2.05439
2.06714
2.07961
2.09238
2.10736
2.12679
2.15254
2.18521
2.22291
2.26121
2.29428
2.31711
2.32697
2.32365
2.30896
2.28525
2.25402
2.21504
2.16712
2.11076
2.0504
1.99336
1.94531
1.90619
1.87207
1.84095
1.81637
1.8062
1.81721
1.84917
1.89377
1.93949
1.97722
2.00286
2.0164
2.01974
2.0158
2.00841
2.00205
2.0003
2.00446
2.0134
2.02458
2.0349
2.04197
2.04551
2.04644
2.04469
2.03796
2.02337
2.00078
1.97501
1.95503
1.94915
1.95954
1.98061
2.00235
2.01578
2.01672
2.00772
1.99687
1.99365
2.00429
2.02873
2.06132
2.09425
2.1215
2.14077
2.15271
2.15805
2.1557
2.14343
2.11994
2.086
2.04368
1.99562
1.9457
1.89964
1.86507
1.84959
1.85676
1.88283
1.91861
1.95607
1.99283
2.03098
2.07246
2.11663
2.16045
2.20039
2.23382
2.25875
2.27288
2.2733
2.25733
2.22464
2.17934
2.13013
2.08709
2.05626
2.03763
2.02795
2.02317
2.02114
2.02477
2.04023
2.06921
2.10515
2.13811
2.16058
2.16946
2.1654
2.15048
2.12696
2.098
2.06767
2.03943
2.0149
1.99466
1.97976
1.97219
1.97388
1.98563
2.0066
2.03435
2.06573
2.09765
2.12678
2.1497
2.1636
2.16805
2.16575
2.1613
2.15873
2.15891
2.15964
2.15757
2.15015
2.13735
2.12219
2.10929
2.10208
2.10062
2.10205
2.1029
2.10112
2.09657
2.09003
2.08221
2.07289
2.06108
2.04519
2.02379
1.99666
1.96558
1.93463
1.9098
1.89825
1.90579
1.93222
1.96999
2.01005
2.04745
2.08011
2.10418
2.11335
2.10331
2.07592
2.03958
2.00607
1.9856
1.98355
1.99985
2.03058
2.06974
2.11067
2.14715
2.17469
2.19113
2.19687
2.19432
2.18739
2.18002
2.17386
2.1664
2.15153
2.12279
2.07743
2.01885
1.95652
1.90245
1.86563
1.84823
1.84824
1.8654
1.90183
1.956
2.02028
2.08562
2.14608
2.19783
2.23572
2.25261
2.24251
2.20423
2.14349
2.07248
2.00651
1.95948
1.9391
1.94418
1.96566
1.99121
2.01054
2.01844
2.01497
2.00291
1.9858
1.96698
1.95038
1.9408
1.943
1.95944
1.98911
2.02752
2.06875
2.10771
2.1414
2.16827
2.18645
2.19336
2.18753
2.17001
2.14389
2.11105
2.07148
2.0283
1.99311
1.97931
1.98688
2.00248
2.01521
2.02425
2.03463
2.05124
2.07611
2.10853
2.14578
2.18349
2.21732
2.24567
2.27055
2.29457
2.3175
2.33489
2.33984
2.32533
2.28657
2.22219
2.13639
2.04085
1.95382
1.8928
1.86528
1.86691
1.88552
1.9069
1.92015
1.92109
1.91292
1.904
1.90264
1.91219
1.93038
1.95299
1.97711
2.00178
2.02753
2.05469
2.08177
2.10505
2.11984
2.12243
2.11162
2.08939
2.06058
2.03152
2.00789
1.99253
1.98517
1.98457
1.99019
2.00202
2.01997
2.04428
2.07587
2.11427
2.15359
2.18246
2.18947
2.16879
2.12278
2.06133
1.99957
1.95439
1.93992
1.96176
2.01382
2.08041
2.14283
2.18579
2.20033
2.18538
2.14817
2.10192
2.05979
2.02908
2.01096
2.00429
2.0084
2.02261
2.04475
2.07102
2.0967
2.11858
2.13776
2.15815
2.17953
2.19375
2.19046
2.1653
2.12324
2.07616
2.03618
2.00908
1.99369
1.98605
1.98341
1.98611
1.99676
2.01789
2.04857
2.08323
2.11488
2.14031
2.16111
2.17864
2.19002
2.19128
2.18145
2.16193
2.1332
2.09365
2.04273
1.98495
1.93083
1.89233
1.87587
1.87912
1.89441
1.91517
1.93962
1.96956
2.00662
2.04907
2.09199
2.13014
2.16078
2.18416
2.20256
2.21837
2.23246
2.24404
2.25159
2.25366
2.2482
2.2313
2.19749
2.14289
2.0702
1.99125
1.92496
1.89031
1.89834
1.94726
2.02418
2.11161
2.19443
2.26298
2.31174
2.33692
2.3359
2.30789
2.25557
2.18599
2.11015
2.04086
1.98883
1.9584
1.9463
1.94445
1.94503
1.94481
1.94673
1.95674
1.97833
2.00958
2.04519
2.07953
2.10715
2.1232
2.125
2.11303
2.08935
2.05559
2.01272
1.96266
1.90967
1.86058
1.82407
1.80892
1.82043
1.85718
1.91042
1.96714
2.01538
2.04823
2.06533
2.0717
2.07467
2.07956
2.08736
2.0964
2.10514
2.11313
2.11971
2.12338
2.12242
2.11583
2.1049
2.09434
2.09201
2.10628
2.14055
2.19044
2.24586
2.29577
2.33095
2.34517
2.3358
2.304
2.25404
2.19224
2.12584
2.06257
2.00973
1.97326
1.95736
1.96369
1.98987
2.02831
2.06797
2.09954
2.12013
2.13266
2.13991
2.139
2.12199
2.0812
2.01481
1.92984
1.84246
1.77446
1.74631
1.76938
1.84145
1.94801
2.06775
2.1798
2.26877
2.32598
2.3494
2.34308
2.3171
2.28536
2.25853
2.23778
2.21783
2.19373
2.16366
2.1279
2.08734
2.0439
2.00235
1.97144
1.96097
1.97279
1.99588
2.01367
2.01486
1.9976
1.96753
1.93381
1.90501
1.88626
1.87877
1.88147
1.8926
1.91094
1.93592
1.96694
2.00265
2.04023
2.0751
2.10187
2.11623
2.11655
2.10451
2.08407
2.0598
2.03599
2.01678
2.0065
2.00943
2.02804
2.06012
2.09839
2.13306
2.15534
2.15957
2.14397
2.11059
2.064
2.00997
1.95536
1.90954
1.88329
1.88409
1.91185
1.95909
2.01455
2.06679
2.10688
2.12969
2.13441
2.12497
2.11018
2.10055
2.10225
2.11423
2.12979
2.14122
2.1433
2.13421
2.11498
2.08879
2.0598
2.03144
2.00524
1.98161
1.96186
1.9498
1.95052
1.96646
1.99563
2.03367
2.07616
2.11862
2.15625
2.1849
2.20212
2.20786
2.20343
2.1901
2.16855
2.13941
2.10463
2.06908
2.04138
2.03008
2.03657
2.05259
2.06602
2.06882
2.06034
2.04582
2.03272
2.0265
2.02729
2.02992
2.02695
2.01279
1.98654
1.95264
1.91913
1.89411
1.88206
1.88318
1.89571
1.91771
1.9478
1.98475
2.02686
2.07139
2.11433
2.15094
2.1767
2.18834
2.18454
2.16632
2.138
2.10736
2.08365
2.07334
2.07659
2.08829
2.10253
2.1151
2.12317
2.12405
2.11563
2.09804
2.07493
2.05293
2.03997
2.04195
2.05883
2.08256
2.10036
2.10181
2.08423
2.05343
2.0206
1.99735
1.99091
2.00146
2.02313
2.04805
2.07044
2.08863
2.10472
2.12222
2.14283
2.16411
2.1801
2.18399
2.17098
2.13976
2.09391
2.04194
1.9949
1.96137
1.94413
1.94109
1.94869
1.96439
1.98732
2.01705
2.05193
2.08823
2.12099
2.14558
2.15842
2.15739
2.143
2.12026
2.09828
2.08611
2.08787
2.10116
2.1204
2.14031
2.15743
2.17092
2.18302
2.19866
2.22272
2.25622
2.29486
2.33047
2.35435
2.35947
2.34163
2.2995
2.235
2.15376
2.06523
1.98184
1.91585
1.87497
1.85994
1.86631
1.88838
1.92054
1.95647
1.98818
2.00752
2.00945
1.99562
1.97509
1.96029
1.95973
1.97357
1.99645
2.02196
2.04445
2.05885
2.06146
2.05216
2.03582
2.02111
2.01651
2.02507
2.04249
2.06038
2.07149
2.07276
2.06583
2.05531
2.04656
2.04316
2.04587
2.05317
2.0633
2.0752
2.0876
2.09965
2.11367
2.13537
2.16748
2.20408
2.23385
2.2475
2.24129
2.2165
2.17864
2.13567
2.0946
2.0576
2.02219
1.98579
1.94917
1.91673
1.89423
1.88665
1.89656
1.92279
1.95992
1.99944
2.03313
2.0561
2.06787
2.07143
2.07125
2.07133
2.07359
2.0776
2.08223
2.08777
2.09634
2.11081
2.13258
2.16034
2.1903
2.21712
2.2355
2.24203
2.23628
2.2203
2.19735
2.17106
2.14537
2.12376
2.10809
2.09765
2.08925
2.07939
2.0663
2.0509
2.03549
2.02193
2.01084
2.00154
1.99254
1.98245
1.97079
1.95784
1.94436
1.93124
1.91911
1.90858
1.90112
1.89955
1.90647
1.92138
1.94027
1.95853
1.97405
1.9878
2.00249
2.0203
2.03954
2.05379
2.05687
2.04954
2.0402
2.03758
2.04407
2.05668
2.07201
2.08737
2.09861
2.09996
2.08736
2.06197
2.03109
2.00587
1.99664
2.00888
2.0418
2.08974
2.14395
2.1948
2.23425
2.25782
2.26544
2.26039
2.24802
2.23477
2.22586
2.22252
2.2218
2.21994
2.21647
2.21653
2.22768
2.25157
2.27968
2.29955
2.30191
2.28215
2.23905
2.17477
2.09626
2.01631
1.95098
1.91193
1.89846
1.89921
1.90272
1.90596
1.91322
1.92928
1.95424
1.9835
2.01068
2.03018
2.03857
2.03511
2.02176
2.00369
1.98863
1.98427
1.99462
2.01793
2.04766
2.07578
2.09606
2.10603
2.107
2.10316
2.09989
2.10097
2.10688
2.11504
2.12131
2.12157
2.11276
2.09439
2.07038
2.0486
2.0357
2.03188
2.03256
2.03335
2.0315
2.02578
2.01654
2.00551
1.99523
1.98779
1.98342
1.97987
1.97408
1.96474
1.95457
1.94946
1.95542
1.97524
2.0072
2.04658
2.08789
2.12685
2.16195
2.19401
2.22359
2.24767
2.25958
2.25354
2.22975
2.19577
2.16294
2.1401
2.12968
2.12799
2.1284
2.12436
2.11134
2.08766
2.05525
2.02026
1.99214
1.97898
1.98095
1.98992
1.99627
1.99503
1.98655
1.97372
1.95899
1.94384
1.92983
1.91971
1.91778
1.92845
1.95358
1.99021
2.03015
2.06221
2.07684
2.07251
2.05776
2.0448
2.04025
2.04442
2.05665
2.07679
2.10269
2.12904
2.15077
2.16636
2.1776
2.18739
2.19753
2.20791
2.21675
2.22189
2.2222
2.21861
2.21399
2.21093
2.20971
2.20745
2.19993
2.18426
2.16071
2.13249
2.10403
2.07895
2.05892
2.04352
2.03033
2.01562
1.99558
1.96813
1.93459
1.89935
1.86874
1.84926
1.84597
1.85981
1.88539
1.91392
1.93886
1.95873
1.97629
1.99547
2.01903
2.04768
2.08046
2.11441
2.14445
2.16486
2.1715
2.16369
2.14425
2.11805
2.08979
2.06158
2.03238
1.99977
1.96289
1.92402
1.8885
1.86323
1.85349
1.86087
1.8865
1.93438
2.00439
2.08522
2.16166
2.2243
2.27024
2.30074
2.31932
2.32929
2.33054
2.31859
2.28701
2.23202
2.15757
2.07719
2.00981
1.97096
1.96644
1.99111
2.03133
2.07119
2.09891
2.1092
2.10156
2.07756
2.03943
1.99118
1.94087
1.89987
1.8788
1.88203
1.9057
1.94039
1.97541
2.00222
2.01587
2.01576
2.00671
1.99896
2.00299
2.02008
2.04004
2.0506
2.04659
2.03068
2.00959
1.99059
1.97947
1.98016
1.99488
2.02426
2.0656
2.11209
2.15469
2.18586
2.20207
2.20408
2.19595
2.18358
2.17273
2.1675
2.16998
2.17991
2.19297
2.20116
2.19729
2.1792
2.14972
2.11515
2.08469
2.06747
2.06591
2.07258
2.07524
2.06501
2.04038
2.00621
1.97046
1.94216
1.93046
1.94177
1.9749
2.01943
2.06055
2.08755
2.0997
2.10554
2.11608
2.13776
2.16984
2.20596
2.2374
2.25597
2.25668
2.23928
2.20858
2.17333
2.14388
2.12823
2.12934
2.14415
2.16488
2.18222
2.18888
2.18136
2.1594
2.12492
2.08132
2.03382
1.9888
1.95206
1.92597
1.90826
1.89422
1.88092
1.87047
1.86942
1.88447
1.9175
1.9637
2.01373
2.05794
2.08949
2.10544
2.10621
2.09434
2.0735
2.04751
2.02018
1.99603
1.98136
1.98335
2.00632
2.04844
2.10235
2.1582
2.20728
2.24486
2.26989
2.28326
2.28536
2.27496
2.25007
2.21039
2.15977
2.10656
2.0614
2.0331
2.02513
2.03434
2.05132
2.06281
2.05615
2.02435
1.96969
1.90415
1.84536
1.80857
1.79946
1.81436
1.84614
1.88815
1.93411
1.97751
2.01221
2.03398
2.04114
2.03447
2.01749
1.99745
1.98487
1.99042
2.02048
2.07421
2.14381
2.21734
2.28246
2.32986
2.35471
2.35667
2.33898
2.30712
2.26737
2.22464
2.18183
2.14064
2.10293
2.07072
2.04487
2.0234
2.00267
1.9803
1.95758
1.93909
1.9302
1.93445
1.95173
1.97786
2.00567
2.0274
2.03752
2.03566
2.02735
2.02056
2.0202
2.02662
2.03809
2.05343
2.07357
2.10091
2.13612
2.1758
2.21321
2.24111
2.25468
2.25302
2.23936
2.21934
2.19802
2.17795
2.15985
2.14489
2.13564
2.13479
2.14252
2.15552
2.16839
2.17517
2.17073
2.15213
2.11997
2.07915
2.03771
2.00275
1.97674
1.95799
1.94498
1.93903
1.9428
1.95735
1.9798
2.00358
2.02146
2.02868
2.02435
2.01042
1.98931
1.96204
1.92916
1.89297
1.85872
1.83338
1.82208
1.82563
1.84094
1.86416
1.89327
1.92821
1.96928
2.01487
2.0611
2.10321
2.13798
2.16533
2.18705
2.20398
2.2154
2.22075
2.22154
2.22187
2.22616
2.23654
2.2512
2.26488
2.27188
2.2687
2.25534
2.23372
2.20563
2.17116
2.13005
2.08357
2.03608
1.99428
1.96443
1.94973
1.94945
1.96005
1.97752
1.99894
2.0223
2.04571
2.0669
2.08365
2.09381
2.09519
2.08562
2.0635
2.02887
1.98462
1.93758
1.89837
1.8785
1.88419
1.91218
1.9516
1.98982
2.01793
2.0331
2.03797
2.03815
2.03891
2.04311
2.05076
2.06004
2.06901
2.07644
2.08213
2.08643
2.0903
2.09579
2.10569
2.12243
2.14557
2.17084
2.19249
2.20601
2.21027
2.20907
2.21184
2.22927
2.26279
2.30112
2.32948
2.33774
2.32194
2.28283
2.225
2.15614
2.08556
2.0222
1.97238
1.93846
1.91922
1.91183
1.91337
1.9215
1.93498
1.95349
1.9774
2.00685
2.04079
2.07624
2.10886
2.13415
2.1486
2.15008
2.13819
2.11607
2.09081
2.06979
2.05568
2.04743
2.04528
2.05139
2.06665
2.08867
2.11254
2.13261
2.14371
2.14287
2.12981
2.10533
2.06998
2.02455
1.97237
1.92063
1.87872
1.85466
1.85161
1.86784
1.89829
1.93671
1.97694
2.01428
2.04617
2.07244
2.09437
2.11317
2.12929
2.14305
2.15539
2.16764
2.18185
2.201
2.22546
2.24717
2.25091
2.22492
2.16879
2.09326
2.01645
1.95843
1.93376
1.94458
1.98002
2.02345
2.06142
2.08765
2.10222
2.10938
2.11495
2.12386
2.13851
2.15886
2.18376
2.2116
2.23968
2.26307
2.27586
2.27337
2.25396
2.21908
2.17195
2.11617
2.05508
1.99213
1.93181
1.88037
1.84481
1.82987
1.83551
1.85738
1.88974
1.92736
1.96613
2.00316
2.03681
2.06654
2.09307
2.11809
2.14208
2.16131
2.16774
2.15263
2.11105
2.0444
1.96136
1.87679
1.80894
1.77403
1.77997
1.82309
1.89151
1.97172
2.05263
2.12633
2.18734
2.23175
2.25751
2.26535
2.25966
2.24782
2.23686
2.22972
2.22483
2.2199
2.21429
2.20797
2.19965
2.18717
2.16978
2.14903
2.12814
2.11046
2.09791
2.09076
2.08804
2.08828
2.08966
2.08976
2.08544
2.07333
2.05066
2.01621
1.97061
1.91653
1.85959
1.80855
1.77324
1.75971
1.76709
1.78965
1.82216
1.86402
1.91824
1.98608
2.06215
2.13475
2.19119
2.22308
2.22854
2.21158
2.17979
2.14125
2.10266
2.06957
2.04756
2.04115
2.05076
2.07215
2.09968
2.12973
2.16098
2.19265
2.22287
2.24932
2.26998
2.28328
2.28759
2.28133
2.2631
2.23162
2.18676
2.13191
2.07566
2.03026
2.00712
2.01065
2.03465
2.06567
2.09069
2.10263
2.10147
2.0927
2.08388
2.08031
2.08264
2.08804
2.0931
2.0958
2.0959
2.09406
2.09053
2.0841
2.07222
2.05199
2.02167
1.98371
1.94754
1.92646
1.92723
1.94413
1.96468
1.97949
1.98733
1.99415
2.00821
2.03413
2.06988
2.10826
2.14112
2.16268
2.17011
2.16251
2.14019
2.10537
2.06313
2.02064
1.98476
1.95986
1.94732
1.94672
1.95747
1.97915
2.0105
2.04827
2.08722
2.12113
2.14349
2.14785
2.12898
2.08522
2.02053
1.94569
1.8773
1.83291
1.82244
1.84293
1.88191
1.92524
1.96251
1.98865
2.00441
2.01602
2.03297
2.06276
2.10604
2.15553
2.1993
2.2261
2.22945
2.2087
2.16778
2.11295
2.05189
1.99367
1.94871
1.92629
1.93002
1.95513
1.99108
2.02817
2.06219
2.09321
2.1212
2.14359
2.15744
2.1625
2.16187
2.1601
2.15973
2.15966
2.15583
2.14392
2.12188
2.09136
2.05796
2.02937
2.01235
2.00967
2.0189
2.03368
2.04616
2.04964
2.04113
2.02171
1.99488
1.96423
1.93231
1.90139
1.8747
1.85639
1.84976
1.85501
1.86924
1.88887
1.91288
1.9443
1.98776
2.0447
2.11
2.17324
2.22327
2.25276
2.26019
2.24916
2.22622
2.1995
2.17829
2.17082
2.17881
2.19686
2.2192
2.24221
2.26107
2.26861
2.25973
2.23479
2.1985
2.15576
2.10952
2.06141
2.01382
1.9713
1.93935
1.92174
1.91848
1.92541
1.93715
1.95116
1.96896
1.99424
2.02906
2.07108
2.11419
2.15172
2.17912
2.19491
2.20024
2.19829
2.19279
2.18551
2.17606
2.16424
2.15073
2.13603
2.12082
2.10745
2.0999
2.10179
2.11392
2.13366
2.15573
2.17427
2.18426
2.18256
2.16831
2.1428
2.10981
2.07601
2.04982
2.03679
2.03478
2.03459
2.02598
2.00348
1.96813
1.92624
1.88649
1.85626
1.838
1.82872
1.82365
1.82161
1.82624
1.84126
1.86535
1.89284
1.91864
1.94135
1.96231
1.9831
2.00389
2.02431
2.04375
2.06111
2.07473
2.08289
2.08495
2.08157
2.07399
2.06359
2.05181
2.04063
2.03235
2.02903
2.03131
2.03802
2.04668
2.05479
2.06093
2.06572
2.0717
2.08195
2.09829
2.12064
2.14666
2.17192
2.19088
2.19925
2.19627
2.18475
2.16914
2.15305
2.13831
2.12601
2.11779
2.11514
2.11723
2.11998
2.11784
2.10672
2.087
2.06401
2.04554
2.03766
2.04155
2.05346
2.0669
2.07572
2.07651
2.06998
2.05999
2.05074
2.04408
2.03906
2.03316
2.02407
2.01083
1.99403
1.97593
1.95983
1.94953
1.94835
1.95867
1.98118
2.01454
2.05396
2.09076
2.11363
2.11254
2.08376
2.03358
1.97685
1.92844
1.89477
1.87513
1.86709
1.86868
1.8793
1.90113
1.93872
1.99365
2.05944
2.12301
2.17181
2.19939
2.20571
2.19477
2.17316
2.14972
2.13458
2.13516
2.15139
2.17598
2.20123
2.22377
2.24368
2.26184
2.2775
2.28772
2.28765
2.27239
2.23983
2.1925
2.13684
2.08019
2.02866
1.98683
1.95909
1.95027
1.96302
1.99341
2.03028
2.06004
2.07281
2.06572
2.04285
2.01296
1.98589
1.96894
1.96494
1.97219
1.98602
2.00145
2.01533
2.02672
2.03553
2.04039
2.0387
2.02868
2.012
1.99414
1.9815
1.97739
1.98018
1.98538
1.98967
1.99422
2.00388
2.02218
2.0473
2.07343
2.09491
2.10915
2.11673
2.11953
2.11945
2.11854
2.11861
2.12047
2.12327
2.12484
2.12326
2.11823
2.1109
2.10289
2.09566
2.09076
2.09029
2.09677
2.11114
2.13028
2.14692
2.15307
2.14468
2.12438
2.10013
2.08019
2.06867
2.0646
2.06387
2.06243
2.05899
2.05516
2.05322
2.05285
2.05118
2.047
2.04328
2.04552
2.05631
2.07227
2.08581
2.08955
2.0794
2.05612
2.02569
1.9971
1.9784
1.97336
1.98064
1.9956
2.01331
2.03081
2.04696
2.06078
2.06978
2.07017
2.05869
2.0348
2.00224
1.96853
1.94277
1.93291
1.94348
1.97477
2.02361
2.08425
2.1485
2.20676
2.24995
2.27184
2.26956
2.24363
2.19876
2.14351
2.08924
2.04708
2.02477
2.02431
2.04216
2.07084
2.10192
2.12874
2.14794
2.15921
2.16428
2.1659
2.16631
2.16538
2.16078
2.15022
2.13378
2.11343
2.09137
2.06979
2.05211
2.0428
2.04487
2.05743
2.07566
2.09324
2.10537
2.11053
2.1094
2.10217
2.08733
2.06376
2.03369
2.00231
1.97452
1.95311
1.9387
1.93011
1.92452
1.91803
1.90676
1.88807
1.86164
1.8301
1.7987
1.77472
1.76705
1.78383
1.82812
1.89481
1.97307
2.0524
2.1261
2.18966
2.23801
2.26552
2.26856
2.24787
2.20938
2.16241
2.1169
2.08017
2.05564
2.04356
2.04254
2.05086
2.06654
2.08661
2.1071
2.12395
2.13465
2.13873
2.13713
2.1311
2.12153
2.10832
2.09029
2.06673
2.03909
2.0109
1.98614
1.9673
1.9542
1.94549
1.94218
1.94747
1.9605
1.97668
1.99612
2.025
2.06789
2.12154
2.17594
2.21975
2.24551
2.25242
2.24577
2.23437
2.22616
2.2243
2.22646
2.22729
2.2224
2.21052
2.19324
2.17301
2.15111
2.12658
2.09712
2.06201
2.02532
1.9964
1.98412
1.98838
1.99923
2.00482
1.9986
1.98164
1.96157
1.94859
1.95093
1.97171
2.0083
2.05439
2.10261
2.14664
2.18174
2.20444
2.21302
2.20794
2.19149
2.16553
2.1304
2.08799
2.04502
2.01266
2.00164
2.01603
2.0506
2.0936
2.13239
2.15736
2.1637
2.1505
2.12048
2.08039
2.04025
2.00989
1.99432
1.99138
1.9936
1.99326
1.98568
1.96985
1.9468
1.91892
1.88998
1.86567
1.85352
1.86176
1.89652
1.95891
2.04316
2.13736
2.22655
2.29715
2.34033
2.35296
2.33717
2.30032
2.25438
2.21318
2.18703
2.17849
2.18315
2.19404
2.20475
2.21066
2.20863
2.19636
2.17276
2.13892
2.09982
2.06551
2.04787
2.05198
2.06971
2.08663
2.09441
2.09463
2.09423
2.09973
2.11363
2.13393
2.15581
2.17295
2.17852
2.16675
2.13597
2.09058
2.0383
1.98424
1.93035
1.88019
1.83911
1.81156
1.80067
1.808
1.83248
1.87036
1.91612
1.96384
2.00849
2.04641
2.07494
2.09253
2.0995
2.09829
2.09216
2.08374
2.07473
2.06564
2.05611
2.04583
2.0355
2.02597
2.01701
2.00834
2.00179
2.00141
2.01071
2.0305
2.05992
2.09941
2.14981
2.20709
2.26087
2.29956
2.31503
2.30364
2.26565
2.20551
2.13158
2.05594
1.99295
1.9557
1.95059
1.97401
2.01429
2.05771
2.09383
2.11735
2.12756
2.12667
2.1182
2.10519
2.08831
2.06633
2.03925
2.01099
1.98902
1.98075
1.98863
2.00701
2.02532
2.03477
2.03256
2.0218
2.00821
1.99798
1.99625
2.00593
2.02726
2.05798
2.09432
2.13172
2.1661
2.1946
2.21574
2.22857
2.23202
2.22478
2.20626
2.17691
2.13852
2.09539
2.05564
2.02897
2.0201
2.02491
2.0332
2.03581
2.02895
2.01419
1.99583
1.97881
1.96778
1.96631
1.97553
1.99316
2.01451
2.03453
2.04942
2.05707
2.05687
2.04997
2.03934
2.02931
2.02498
2.03087
2.04953
2.08027
2.11939
2.16126
2.20005
2.23058
2.24854
2.25055
2.23485
2.20244
2.15821
2.11023
2.06648
2.0323
2.00988
1.99942
2.00003
2.01021
2.02782
2.05028
2.07543
2.10195
2.12844
2.1522
2.16919
2.17528
2.16844
2.15024
2.12537
2.09935
2.07596
2.05618
2.03911
2.0233
2.00759
1.9917
1.9762
1.96259
1.95321
1.95099
1.95796
1.9737
1.99509
2.01796
2.03802
2.05145
2.05631
2.05423
2.05019
2.05021
2.05863
2.07634
2.10073
2.12781
2.15442
2.17866
2.19877
2.21201
2.21506
2.20499
2.18053
2.14287
2.09594
2.04573
1.99864
1.95986
1.93251
1.91719
1.91184
1.91211
1.913
1.9107
1.90324
1.89062
1.87437
1.85704
1.84156
1.83076
1.827
1.8321
1.84867
1.88108
1.9324
1.9975
2.0616
2.10792
2.12634
2.11604
2.08312
2.03764
1.99128
1.95538
1.93828
1.94319
1.96738
2.00402
2.04573
2.08714
2.12528
2.1583
2.18497
2.20514
2.22063
2.23421
2.24782
2.26119
2.27211
2.27761
2.27517
2.26282
2.23877
2.20144
2.15057
2.08907
2.02374
1.96421
1.92012
1.89762
1.8972
1.91424
1.94213
1.97516
2.00964
2.04279
2.07126
2.09174
2.10231
2.10308
2.09561
2.08217
2.06489
2.04508
2.02301
1.99767
1.96797
1.93459
1.9013
1.87402
1.85928
1.86182
1.88225
1.91664
1.95844
2.0014
2.04177
2.07861
2.11243
2.1439
2.17318
2.1997
2.22208
2.23795
2.24439
2.23801
2.21511
2.17282
2.11179
2.0392
1.96797
1.91049
1.87246
1.85291
1.84867
1.85804
1.88087
1.91624
1.96037
2.00604
2.04388
2.06534
2.0668
2.05192
2.03084
2.01536
2.014
2.03074
2.06578
2.11567
2.173
2.22776
2.27062
2.29567
2.30107
2.28802
2.25943
2.21919
2.17252
2.12629
2.08792
2.06276
2.05175
2.05147
2.05631
2.06121
2.06326
2.06134
2.05497
2.0434
2.02614
2.00427
1.98119
1.96283
1.956
1.96589
1.99306
2.03226
2.07389
2.10753
2.1254
2.12515
2.11031
2.08878
2.06951
2.05888
2.05842
2.06489
2.07274
2.07737
2.07697
2.072
2.06307
2.05045
2.03465
2.01706
1.99971
1.98521
1.97625
1.97509
1.98291
1.99976
2.02445
2.05415
2.08367
2.10593
2.11407
2.1051
2.08287
2.0569
2.03733
2.03125
2.04185
2.06744
2.09981
2.1263
2.13581
2.12428
2.09568
2.05964
2.02686
2.00468
1.99467
1.99369
1.99726
2.00193
2.00589
2.00776
2.00602
1.99968
1.9894
1.97807
1.96993
1.96924
1.97938
2.00319
2.0434
2.10146
2.176
2.26169
2.34928
2.4275
2.48581
2.51648
2.51591
2.48449
2.42595
2.3467
2.25507
2.16076
2.0736
2.00195
1.95088
1.92055
1.90552
1.89709
1.88847
1.87953
1.87848
1.8963
1.93288
1.97255
1.99871
2.0064
2.00094
1.99135
1.98407
1.98004
1.97531
1.96537
1.94936
1.93189
1.92181
1.92732
1.94985
1.98235
2.01486
2.04093
2.0596
2.07402
2.08826
2.1038
2.1185
2.12839
2.13129
2.12895
2.1264
2.12894
2.13931
2.15582
2.17272
2.18407
2.18776
2.18649
2.18629
2.19327
2.20951
2.23001
2.2448
2.24437
2.22431
2.18553
2.13217
2.07136
2.01505
1.97799
1.96838
1.98194
2.00807
2.03829
2.06741
2.09127
2.10616
2.111
2.10988
2.11036
2.11634
2.12346
2.12373
2.11264
2.0911
2.06278
2.03136
1.99856
1.96423
1.92758
1.88922
1.85303
1.82721
1.82125
1.83928
1.87567
1.91867
1.95746
1.98617
2.00398
2.01351
2.01875
2.02297
2.02765
2.03216
2.03426
2.03144
2.02254
2.00869
1.99416
1.98499
1.98612
1.9991
2.02205
2.05116
2.08056
2.10339
2.11488
2.11563
2.11191
2.11121
2.11622
2.124
2.13049
2.13547
2.14264
2.15555
2.17416
2.19536
2.21548
2.23165
2.24176
2.24415
2.238
2.22267
2.19764
2.16292
2.1196
2.07055
2.02014
1.9738
1.93669
1.91188
1.89953
1.89716
1.90133
1.909
1.91792
1.92662
1.93435
1.94124
1.94798
1.95618
1.96987
1.99469
2.03422
2.08647
2.1436
2.19489
2.23073
2.24571
2.24023
2.21957
2.19219
2.16899
2.16099
2.17297
2.19831
2.22386
2.23943
2.24286
2.23823
2.23149
2.22609
2.22145
2.21442
2.20188
2.18155
2.15174
2.1115
2.06124
2.00273
1.93951
1.87731
1.82368
1.78623
1.76998
1.77606
1.80185
1.84151
1.88699
1.9298
1.96336
1.98512
1.9975
2.00643
2.01801
2.03491
2.05527
2.07436
2.08718
2.0904
2.0832
2.06682
2.0435
2.01529
1.98438
1.95406
1.92948
1.91736
1.9237
1.95117
1.99734
2.05516
2.11489
2.16698
2.2047
2.22516
2.22916
2.22107
2.20819
2.1985
2.19697
2.2026
2.20936
2.21007
2.20025
2.17927
2.15023
2.1198
2.09633
2.08625
2.09078
2.10578
2.12448
2.13975
2.14471
2.1338
2.1066
2.07064
2.03713
2.01387
2.00295
2.00308
2.01273
2.03174
2.06055
2.09794
2.13976
2.1799
2.21249
2.2331
2.23819
2.22458
2.18965
2.1335
2.06062
1.97941
1.8997
1.82997
1.77622
1.74229
1.7305
1.74153
1.77362
1.82236
1.88105
1.94254
2.00122
2.05444
2.10142
2.1413
2.17209
2.19156
2.19819
2.19163
2.17271
2.14329
2.1064
2.06728
2.03403
2.01575
2.01837
2.04148
2.07811
2.11801
2.15176
2.17326
2.18018
2.17351
2.15646
2.13364
2.11015
2.09037
2.07727
2.07296
2.07908
2.09654
2.12379
2.15576
2.18477
2.20292
2.20429
2.18609
2.14942
2.09948
2.04472
1.99475
1.95772
1.93813
1.93543
1.94473
1.95982
1.97681
1.99537
2.01635
2.0379
2.05437
2.05924
2.04945
2.02726
1.99878
1.97128
1.95156
1.94417
1.95031
1.96851
1.99665
2.03354
2.0792
2.1333
2.19174
2.24463
2.2796
2.28845
2.27117
2.23477
2.18841
2.14006
2.09611
2.06234
2.04446
2.04631
2.06686
2.09858
2.12958
2.14821
2.14663
2.12198
2.07701
2.02092
1.96843
1.93563
1.93358
1.9638
2.01781
2.0804
2.13509
2.16969
2.17941
2.16701
2.1419
2.11815
2.1087
2.11661
2.13342
2.14737
2.15202
2.1479
2.14
2.13399
2.13339
2.13865
2.14763
2.15648
2.16004
2.15262
2.13023
2.09334
2.04944
2.01168
1.9933
2.00083
2.03111
2.07373
2.11648
2.14978
2.1685
2.17112
2.15846
2.13259
2.09654
2.05403
2.00908
1.96623
1.93013
1.90431
1.89016
1.88827
1.90014
1.92778
1.97091
2.02572
2.0853
2.14082
2.18394
2.20984
2.21922
2.21757
2.2114
2.20514
2.20045
2.19742
2.1954
2.19343
2.19074
2.18651
2.17876
2.1642
2.14004
2.10651
2.06681
2.02608
1.9906
1.9657
1.95341
1.95205
1.95794
1.96802
1.98084
1.99457
2.00513
2.00792
2.00176
1.99053
1.9808
1.97783
1.9821
1.98932
1.99389
1.99286
1.98779
1.98377
1.98649
1.99965
2.02392
2.05759
2.09794
2.14201
2.1865
2.2271
2.25846
2.27517
2.27383
2.25474
2.22149
2.17996
2.13736
2.10063
2.07436
2.05885
2.05029
2.04302
2.03201
2.01591
2.00079
1.99902
2.01688
2.04548
2.06875
2.07598
2.06491
2.03927
2.00599
1.97268
1.94673
1.93501
1.94296
1.97239
2.01955
2.07644
2.1352
2.19059
2.23848
2.27406
2.29235
2.29009
2.26832
2.23349
2.19653
2.16912
2.15855
2.16522
2.18455
2.21057
2.23792
2.26116
2.27338
2.267
2.23661
2.18176
2.10801
2.02623
1.95086
1.89566
1.86777
1.86467
1.87816
1.90066
1.92828
1.96024
1.99675
2.03663
2.07614
2.10989
2.13295
2.14308
2.14246
2.13711
2.13287
2.13059
2.1253
2.11053
2.08258
2.04289
1.998
1.95722
1.92833
1.91433
1.91417
1.92522
1.94444
1.96764
1.98954
2.00471
2.00936
2.00345
1.99338
1.99192
2.01169
2.05377
2.10371
2.14016
2.14703
2.11895
2.06156
1.98913
1.92092
1.87596
1.86587
1.89067
1.93978
1.99711
2.04691
2.07842
2.08809
2.07868
2.0558
2.02496
1.99035
1.9549
1.92186
1.8968
1.88823
1.90446
1.94737
2.00942
2.07699
2.13763
2.18494
2.21813
2.23827
2.24572
2.24088
2.22564
2.20398
2.18014
2.15574
2.13002
2.1032
2.07657
2.04948
2.01984
1.98846
1.96037
1.9412
1.93352
1.938
1.95705
1.99472
2.05137
2.11773
2.17591
2.2082
2.2076
2.18302
2.15457
2.14009
2.14424
2.16106
2.18151
2.19658
2.19812
2.18089
2.14391
2.09025
2.02657
1.96184
1.90602
1.86784
1.85179
1.85628
1.87468
1.89979
1.92779
1.95865
1.99348
2.03218
2.07251
2.11069
2.1429
2.16568
2.17614
2.17213
2.15371
2.12487
2.09398
2.07195
2.06837
2.08646
2.1205
2.15805
2.18588
2.19499
2.18266
2.15121
2.10588
2.05329
2.00065
1.95507
1.92265
1.90755
1.91089
1.93027
1.96097
1.99827
2.03864
2.07827
2.11165
2.13245
2.13635
2.1228
2.09485
2.058
2.01964
1.98757
1.96792
1.96343
1.97265
1.99072
2.01091
2.02688
2.03466
2.03382
2.02701
2.01881
2.01421
2.01778
2.032
2.05571
2.08418
2.11101
2.13029
2.13771
2.13078
2.11002
2.08142
2.05643
2.04479
2.04604
2.05145
2.05409
2.05327
2.05198
2.05281
2.05579
2.05806
2.05471
2.04104
2.01689
1.98993
1.97261
1.97274
1.98763
2.00915
2.03065
2.04908
2.06347
2.07376
2.0809
2.08707
2.09449
2.10395
2.11477
2.12594
2.1373
2.14903
2.16061
2.17008
2.17432
2.17054
2.15854
2.14204
2.12741
2.11949
2.11793
2.11718
2.11041
2.09317
2.06447
2.02545
1.97812
1.92562
1.87319
1.82907
1.80432
1.81004
1.85146
1.92208
2.00477
2.08016
2.13515
2.16591
2.17635
2.17424
2.16771
2.16261
2.1617
2.16484
2.17015
2.17529
2.17816
2.17706
2.17143
2.16268
2.15358
2.14658
2.14309
2.14309
2.14511
2.14677
2.14578
2.14066
2.13135
2.11936
2.10754
2.09884
2.0945
2.09282
2.08923
2.07829
2.05628
2.02294
1.98257
1.94277
1.91158
1.89446
1.89247
1.90252
1.91931
1.93828
1.95798
1.98046
2.00864
2.04306
2.08105
2.11895
2.15403
2.18431
2.20762
2.22117
2.22245
2.21063
2.18753
2.15755
2.12655
2.09991
2.08083
2.06954
2.06429
2.06316
2.06459
2.0664
2.06546
2.05915
2.04656
2.02812
2.00547
1.9826
1.96638
1.96452
1.9807
2.01121
2.04728
2.08082
2.1077
2.12777
2.14278
2.15479
2.16577
2.17737
2.189
2.19685
2.19592
2.18386
2.16211
2.13465
2.10527
2.07562
2.0453
2.01392
1.98248
1.95345
1.92946
1.91234
1.90381
1.90678
1.92479
1.95935
2.00723
2.06036
2.10879
2.1448
2.16656
2.17931
2.19075
2.20409
2.21673
2.22445
2.22456
2.21582
2.19764
2.1695
2.13121
2.0839
2.03072
1.97657
1.92713
1.88817
1.86548
1.86363
1.88294
1.91716
1.95568
1.98951
2.01549
2.03557
2.0529
2.06906
2.08378
2.09704
2.11009
2.12453
2.1405
2.15602
2.16782
2.17344
2.17259
2.16685
2.15816
2.14677
2.13126
2.11055
2.08651
2.0644
2.05037
2.04771
2.05506
2.06809
2.08301
2.0978
2.11097
2.12103
2.12698
2.12897
2.12855
2.12913
2.13506
2.14968
2.17274
2.1998
2.22377
2.23829
2.24016
2.2293
2.20653
2.17231
2.12714
2.07309
2.01471
1.95827
1.9086
1.86578
1.82692
1.79135
1.76369
1.75148
1.75921
1.7843
1.8194
1.85746
1.89414
1.92686
1.9536
1.97348
1.9892
2.00796
2.03775
2.07894
2.12186
2.15486
2.17274
2.17786
2.17752
2.18044
2.19189
2.20989
2.22681
2.23462
2.2287
2.2081
2.17481
2.1334
2.09041
2.05312
2.02714
2.01398
2.0108
2.0122
2.01319
2.01147
2.00841
2.00782
2.01346
2.02608
2.04238
2.05624
2.06174
2.05613
2.04158
2.02417
2.01091
2.00592
2.0082
2.01244
2.0133
2.00975
2.00711
2.01429
2.0371
2.07366
2.11602
2.1549
2.18251
2.19306
2.18322
2.15394
2.1108
2.06209
2.01631
1.98165
1.96528
1.97123
1.99759
2.03645
2.07688
2.1089
2.12597
2.12575
2.10928
2.08013
2.04356
2.00625
1.9759
1.95973
1.96249
1.9851
2.02485
2.07654
2.13385
2.19008
2.23879
2.2745
2.2933
2.29381
2.278
2.25173
2.22319
2.19933
2.18111
2.16245
2.13492
2.09286
2.03576
1.96874
1.90213
1.85001
1.8255
1.83368
1.8675
1.91159
1.95105
1.97855
1.99691
2.01636
2.04759
2.09508
2.15425
2.21344
2.25893
2.28
2.2717
2.23468
2.17392
2.09707
2.01351
1.93407
1.87072
1.8344
1.83109
1.85861
1.90712
1.96315
2.01443
2.05321
2.07764
2.09057
2.09632
2.0983
2.09885
2.10006
2.10378
2.11165
2.12579
2.14965
2.18609
2.23334
2.28269
2.32048
2.3339
2.31615
2.2699
2.20814
2.15023
2.11235
2.0976
2.09597
2.0928
2.07613
2.04047
1.98951
1.93805
1.90738
1.91134
1.94468
1.98839
2.02352
2.03959
2.03603
2.02067
2.00563
2.00125
2.01177
2.037
2.07588
2.1264
2.18347
2.23957
2.28684
2.31874
2.33065
2.31987
2.28603
2.23126
2.16023
2.08023
2.00092
1.93315
1.88575
1.86087
1.85335
1.85569
1.86321
1.87511
1.89264
1.9164
1.94473
1.9737
1.99944
2.02224
2.04658
2.07328
2.09361
2.09732
2.08317
2.05985
2.03952
2.03138
2.03857
2.05904
2.08835
2.12217
2.15764
2.19308
2.22764
2.26039
2.28907
2.30948
2.31629
2.30581
2.27823
2.23791
2.19168
2.14628
2.10622
2.07291
2.04562
2.02397
2.00954
2.00495
2.01095
2.02465
2.04004
2.05125
2.05522
2.05201
2.04311
2.02998
2.0132
1.99313
1.97081
1.94869
1.93036
1.91929
1.91741
1.92404
1.93653
1.95145
1.96615
1.98037
1.9965
2.01751
2.04349
2.06995
2.09033
2.10024
2.09964
2.09204
2.08221
2.07459
2.07209
2.07547
2.08258
2.08871
2.08896
2.0812
2.06736
2.0525
2.04288
2.04428
2.06061
2.09231
2.13513
2.18024
2.21659
2.23462
2.22905
2.20071
2.1559
2.10328
2.05034
2.00107
1.95645
1.91654
1.88334
1.86231
1.86122
1.88625
1.93791
2.00957
2.08907
2.16252
2.21823
2.24907
2.25323
2.23408
2.19971
2.16133
2.12923
2.10769
2.0937
2.08028
2.06116
2.03387
2.00064
1.96774
1.94322
1.93383
1.94202
1.96518
1.99796
2.03476
2.07067
2.10156
2.12461
2.13911
2.14606
2.1464
2.13966
2.12506
2.10323
2.07656
2.04858
2.0234
2.00642
2.00349
2.01789
2.04719
2.08373
2.1188
2.1469
2.16762
2.18428
2.20072
2.21817
2.23386
2.24207
2.23724
2.21682
2.18311
2.14353
2.10909
2.09012
2.09111
2.10806
2.13078
2.14805
2.15263
2.1436
2.12534
2.10418
2.08482
2.06921
2.05803
2.05254
2.05466
2.06522
2.08194
2.09896
2.10858
2.10489
2.08732
2.06111
2.03294
2.00544
1.97822
1.95309
1.93499
1.92775
1.9302
1.93686
1.94175
1.94167
1.93641
1.92762
1.91839
1.91279
1.91476
1.9272
1.95205
1.98983
2.03818
2.09099
2.14
2.17688
2.19553
2.19394
2.17477
2.14342
2.10557
2.06629
2.03188
2.01073
2.01059
2.0337
2.0744
2.1215
2.163
2.1894
2.19532
2.1806
2.15105
2.11745
2.09089
2.07649
2.07087
2.06614
2.05609
2.03939
2.01913
2.00102
1.9915
1.99608
2.01675
2.04965
2.08568
2.11555
2.13501
2.14509
2.1491
2.15001
2.15082
2.15499
2.16565
2.18354
2.20655
2.23133
2.2557
2.27879
2.29984
2.31645
2.32415
2.31718
2.29001
2.23867
2.16267
2.06853
1.97223
1.89488
1.85085
1.83941
1.84833
1.86345
1.8752
1.88114
1.88537
1.89522
1.91623
1.94816
1.98549
2.02143
2.05135
2.07364
2.08901
2.09926
2.10638
2.11162
2.11439
2.11235
2.10359
2.08867
2.06987
2.04863
2.02448
1.99631
1.96457
1.93253
1.90556
1.88925
1.88716
1.89955
1.92409
1.95723
1.99503
2.03267
2.06424
2.08446
2.09161
2.09003
2.08919
2.09868
2.12169
2.15312
2.18386
2.20598
2.21464
2.20792
2.18694
2.15663
2.12645
2.10868
2.11307
2.14161
2.18756
2.239
2.2834
2.31003
2.31097
2.28192
2.22454
2.14945
2.07583
2.0223
1.99453
1.98472
1.98188
1.97914
1.974
1.96609
1.95534
1.94187
1.92689
1.91342
1.90484
1.90189
1.90133
1.89742
1.88508
1.86311
1.83552
1.81025
1.79604
1.80029
1.82669
1.87199
1.92633
1.97919
2.02395
2.05806
2.08161
2.097
2.10878
2.12262
2.14358
2.1732
2.20823
2.24209
2.26865
2.28514
2.29234
2.29261
2.28786
2.27929
2.26823
2.25592
2.24252
2.22648
2.20521
2.17706
2.14307
2.10726
2.07457
2.04812
2.029
2.01814
2.01688
2.02516
2.04045
2.05886
2.07626
2.08875
2.09298
2.08751
2.07418
2.05792
2.04469
2.03886
2.04146
2.05018
2.06041
2.06657
2.06365
2.04847
2.02106
1.98544
1.94874
1.91891
1.90229
1.90164
1.91526
1.9377
1.96267
1.98585
2.00647
2.02681
2.04985
2.07632
2.10361
2.12726
2.14353
2.15115
2.15055
2.14201
2.12466
2.09849
2.06753
2.04135
2.03018
2.03644
2.05289
2.07023
2.08502
2.10109
2.12576
2.16263
2.20602
2.24442
2.26875
2.2764
2.26892
2.24834
2.21605
2.17428
2.12858
2.08805
2.06214
2.05572
2.06651
2.08591
2.10327
2.11018
2.10246
2.07994
2.04592
2.00704
1.97243
1.95059
1.94528
1.95441
1.97323
1.99658
2.01801
2.02843
2.01926
1.98793
1.94066
1.89073
1.85402
1.84318
1.86225
1.90429
1.95441
1.99719
2.02319
2.03217
2.03095
2.0271
2.02305
2.0166
2.00543
1.99149
1.98235
1.98851
2.01771
2.06879
2.13051
2.18673
2.22405
2.23664
2.22647
2.20117
2.17107
2.14683
2.13695
2.14545
2.17034
2.20364
2.2339
2.25021
2.24686
2.22521
2.19204
2.15481
2.11887
2.08712
2.06083
2.03957
2.02121
2.00234
1.98021
1.95481
1.93016
1.91332
1.91148
1.92891
1.96557
2.01748
2.07673
2.13261
2.17452
2.19548
2.19404
2.17322
2.13795
2.09304
2.04268
1.99134
1.9442
1.90708
1.88418
1.87437
1.87116
1.86917
1.87093
1.88618
1.92422
1.98645
2.06431
2.14314
2.20954
2.25616
2.28158
2.28762
2.27722
2.25291
2.21593
2.16712
2.10867
2.04625
1.98881
1.9464
1.92662
1.93194
1.95888
1.99973
2.04624
2.09306
2.13685
2.17372
2.19927
2.21092
2.20895
2.19586
2.17589
2.15553
2.14268
2.1434
2.15785
2.17879
2.19546
2.20066
2.19492
2.18519
2.17923
2.17953
2.18135
2.17607
2.15701
2.12267
2.07677
2.02607
1.97772
1.93737
1.90878
1.89425
1.89489
1.91037
1.93823
1.97355
2.00969
2.03913
2.0541
2.04742
2.01461
1.95625
1.88052
1.80358
1.74587
1.725
1.7478
1.80645
1.88298
1.95916
2.02372
2.07347
2.11056
2.13816
2.15776
2.16902
2.17172
2.16827
2.16422
2.16579
2.17634
2.19366
2.21097
2.22035
2.21638
2.19845
2.17067
2.13932
2.10987
2.08498
2.06449
2.04717
2.03274
2.02291
2.02057
2.02783
2.04507
2.0716
2.10609
2.14576
2.18471
2.21433
2.22723
2.22106
2.19909
2.16652
2.1273
2.08391
2.03922
1.99792
1.96574
1.94734
1.94434
1.95395
1.96966
1.98431
1.99376
1.9981
2.00017
2.0033
2.00955
2.01923
2.032
2.04732
2.06431
2.08102
2.094
2.09878
2.09182
2.072
2.04163
2.00582
1.97037
1.94
1.91754
1.90441
1.90135
1.90846
1.92511
1.94976
1.98006
2.01346
2.04741
2.07971
2.10905
2.13485
2.15736
2.17683
2.19209
2.19984
2.19623
2.17928
2.15062
2.11514
2.07925
2.04933
2.03083
2.0266
2.03594
2.05482
2.07832
2.1034
2.13018
2.16115
2.19827
2.24003
2.28047
2.31094
2.32327
2.31197
2.27504
2.21343
2.13093
2.03418
1.9332
1.84163
1.77485
1.74549
1.75862
1.80962
1.88449
1.96337
2.0285
2.07171
2.09603
2.11211
2.13044
2.15478
2.18177
2.20587
2.22364
2.23383
2.23578
2.22834
2.21105
2.18619
2.15904
2.13547
2.1182
2.10495
2.0904
2.06954
2.04114
2.00847
1.9777
1.95425
1.9401
1.93466
1.93651
1.94248
1.94776
1.94892
1.94628
1.9423
1.93911
1.93854
1.94332
1.95614
1.97761
2.00518
2.03439
2.06046
2.0792
2.08839
2.08883
2.08487
2.08324
2.08989
2.10634
2.12869
2.15092
2.16797
2.17709
2.17758
2.17062
2.15931
2.14761
2.13825
2.13167
2.12685
2.12393
2.12566
2.1364
2.15886
2.19091
2.22513
2.25096
2.25828
2.24018
2.19525
2.12956
2.05752
1.9973
1.95908
1.93805
1.9217
1.90227
1.881
1.86473
1.86008
1.87002
1.89291
1.92361
1.95628
1.98795
2.01986
2.0554
2.09568
2.1362
2.16822
2.18409
2.18262
2.1706
2.15777
2.14925
2.14338
2.13654
2.12797
2.12007
2.1153
2.11352
2.11201
2.10704
2.0959
2.07797
2.05483
2.02924
2.00482
1.98592
1.97689
1.98047
1.99678
2.02302
2.05416
2.08343
2.10381
2.11104
2.10515
2.09041
2.07467
2.06721
2.07439
2.09495
2.11973
2.13707
2.13857
2.12161
2.08851
2.04445
1.99565
1.94849
1.90941
1.88428
1.87762
1.89119
1.9221
1.96276
2.00365
2.03698
2.0589
2.06914
2.06984
2.06407
2.05507
2.0461
2.04097
2.0436
2.05676
2.08058
2.11199
2.14565
2.17511
2.19446
2.20019
2.19216
2.17277
2.14524
2.11226
2.07636
2.04136
2.01319
1.99865
2.00222
2.02342
2.05671
2.0941
2.12769
2.15104
2.15911
2.14873
2.11914
2.0724
2.01314
1.94939
1.89321
1.85872
1.85608
1.88526
1.93526
1.9909
2.04113
2.08175
2.11291
2.13563
2.14999
2.15563
2.1529
2.14283
2.12659
2.10548
2.082
2.06108
2.04829
2.04686
2.0552
2.06735
2.07583
2.07487
2.06256
2.04086
2.01417
1.98767
1.96656
1.9556
1.95811
1.9739
1.99792
2.0212
2.03387
2.02882
2.00489
1.9676
1.92754
1.89685
1.88443
1.89243
1.9157
1.94491
1.97101
1.98842
1.99543
1.99322
1.98488
1.97503
1.96927
1.97297
1.98886
2.01566
2.04878
2.08245
2.11189
2.13484
2.15131
2.16198
2.16631
2.16177
2.14525
2.11553
2.07556
2.03292
1.99814
1.9791
1.97603
1.98213
1.98908
1.99153
1.98785
1.97903
1.96722
1.95533
1.94695
1.94629
1.95737
1.98242
2.02005
2.06531
2.11082
2.14854
2.17189
2.17796
2.1689
2.15068
2.13047
2.11426
2.10593
2.10636
2.1126
2.11861
2.11858
2.11078
2.09835
2.08672
2.07957
2.07682
2.07508
2.06989
2.05813
2.04024
2.01997
2.00085
1.98429
1.973
1.97268
1.98907
2.0246
2.07745
2.14137
2.20658
2.26242
2.2999
2.31386
2.30351
2.27212
2.22633
2.17494
2.12731
2.09082
2.06899
2.06172
2.06715
2.08348
2.10815
2.13532
2.15568
2.16075
2.14739
2.11881
2.08206
2.0444
2.01038
1.98109
1.95569
1.93377
1.91684
1.90766
1.90784
1.91605
1.9284
1.94095
1.95214
1.96371
1.97887
1.99988
2.02627
2.05417
2.0775
2.09065
2.092
2.08558
2.07998
2.08321
2.0965
2.11336
2.12453
2.12438
2.11333
2.09618
2.07965
2.06998
2.07008
2.07766
2.08639
2.09008
2.08644
2.07818
2.07124
2.07172
2.0828
2.10248
2.12468
2.1422
2.15005
2.14657
2.13282
2.11207
2.08948
2.07082
2.05988
2.05701
2.05985
2.06589
2.07457
2.0882
2.11119
2.14717
2.1951
2.24781
2.29501
2.32797
2.34139
2.33277
2.30174
2.25003
2.1822
2.10712
2.03802
1.98748
1.95982
1.9508
1.95353
1.96194
1.97094
1.97665
1.977
1.97205
1.96281
1.95034
1.93647
1.92503
1.92114
1.92822
1.94503
1.96658
1.98811
2.00784
2.02622
2.04399
2.06159
2.08004
2.10044
2.12224
2.14241
2.15656
2.16102
2.15464
2.13917
2.11872
2.09975
2.08951
2.09243
2.10759
2.12995
2.15327
2.17222
2.18321
2.18407
2.17301
2.14828
2.10983
2.06164
2.01182
1.96911
1.9382
1.91815
1.90569
1.89861
1.89641
1.89946
1.9088
1.92577
1.95058
1.98091
2.01186
2.03738
2.05294
2.05713
2.05171
2.04047
2.02781
2.01784
2.01373
2.017
2.02714
2.0413
2.05529
2.0651
2.06771
2.06137
2.04563
2.02184
1.99317
1.964
1.93909
1.92299
1.91936
1.93003
1.95431
1.98905
2.0296
2.0706
2.1072
2.13568
2.15392
2.16244
2.16541
2.16925
2.17857
2.19299
2.20795
2.21893
2.22457
2.22653
2.22614
2.22135
2.20702
2.17824
2.13392
2.07811
2.01875
1.96556
1.92787
1.91265
1.92292
1.95677
2.00692
2.06252
2.11265
2.14969
2.17067
2.17591
2.16666
2.1429
2.10446
2.05367
1.99627
1.94031
1.89453
1.86762
1.86738
1.89839
1.95938
2.04246
2.13469
2.22132
2.28897
2.32813
2.33554
2.31535
2.27824
2.237
2.20107
2.17357
2.15339
2.13871
2.12942
2.12692
2.13257
2.14517
2.1595
2.16777
2.16327
2.14416
2.11475
2.0829
2.0546
2.0314
2.0132
2.00127
1.9977
2.0029
2.0142
2.02656
2.03469
2.03548
2.02863
2.01641
2.00255
1.99085
1.98332
1.97888
1.97442
1.96795
1.96113
1.95913
1.96761
1.98903
2.02044
2.054
2.07972
2.08924
2.07879
2.05036
2.01182
1.97545
1.95409
1.95616
1.98155
2.02213
2.06683
2.10671
2.137
2.15583
2.16291
2.15939
2.14787
2.13118
2.11055
2.08481
2.05234
2.01379
1.97364
1.93916
1.91713
1.91112
1.9205
1.94197
1.97168
2.00658
2.04443
2.08299
2.11885
2.14718
2.16258
2.1605
2.13954
2.1035
2.06122
2.02317
1.99641
1.98157
1.97473
1.97153
1.97011
1.97055
1.97307
1.97791
1.98612
2.00009
2.02272
2.05627
2.10026
2.14996
2.1975
2.23483
2.25635
2.26027
2.24892
2.22779
2.20216
2.17442
2.14411
2.11031
2.07333
2.03525
2.00058
1.97612
1.96867
1.98123
2.01019
2.04592
2.07724
2.09671
2.10355
2.10206
2.09771
2.09413
2.09321
2.09568
2.1013
2.10749
2.10888
2.09877
2.07173
2.02559
1.96204
1.88611
1.80583
1.73219
1.67793
1.65376
1.66319
1.70111
1.75812
1.82522
1.89527
1.96231
2.02189
2.07182
2.11289
2.14876
2.18491
2.22618
2.27442
2.32682
2.37556
2.40942
2.41715
2.39162
2.33336
2.2527
2.16912
2.10524
2.07543
2.07742
2.09565
2.11243
2.11595
2.10129
2.06926
2.02609
1.98311
1.95279
1.94323
1.95541
1.9853
2.02676
2.07263
2.11603
2.15239
2.17957
2.19699
2.20524
2.20669
2.20554
2.20611
2.21014
2.21581
2.21884
2.21496
2.20231
2.18214
2.15719
2.12851
2.09428
2.05188
2.00147
1.94742
1.89713
1.85879
1.83959
1.84348
1.8683
1.90497
1.94077
1.96588
1.97842
1.98425
1.99214
2.00691
2.02612
2.04219
2.04844
2.04342
2.0318
2.02159
2.01937
2.02757
2.04462
2.06603
2.0854
2.09611
2.0938
2.0779
2.05159
2.02091
1.99331
1.97619
1.97459
1.98915
2.01658
2.05291
2.09624
2.14575
2.19841
2.24777
2.28539
2.3038
2.2993
2.27523
2.24321
2.215
2.19135
2.16649
2.14006
2.11914
2.11193
2.12171
2.14502
2.17354
2.19776
2.20992
2.20541
2.18314
2.14563
2.09829
2.0485
2.00406
1.97115
1.95264
1.94731
1.95068
1.95687
1.96144
1.96332
1.96523
1.97158
1.98591
2.00914
2.03988
2.07517
2.11076
2.14152
2.16154
2.16569
2.15131
2.1193
2.07386
2.02149
1.97011
1.92795
1.9011
1.89149
1.89684
1.91307
1.93625
1.96347
1.99267
2.02198
2.04949
2.07374
2.09488
2.11508
2.13691
2.1601
2.17982
2.18958
2.18557
2.16863
2.14293
2.11362
2.08462
2.05818
2.0354
2.01756
2.00623
2.00265
2.00649
2.01559
2.02702
2.03715
2.04169
2.03765
2.02667
2.01501
2.01082
2.02077
2.04738
2.08769
2.13502
2.18188
2.22174
2.24974
2.26258
2.25803
2.23482
2.19302
2.13601
2.07364
2.02268
2.00076
2.01492
2.05557
2.10271
2.13769
2.1511
2.14396
2.12435
2.10191
2.08315
2.06987
2.06037
2.05211
2.04319
2.03447
2.03096
2.03997
2.06409
2.09487
2.1169
2.11881
2.10034
2.07012
2.03693
2.00344
1.96878
1.93493
1.9077
1.89152
1.88642
1.8902
1.90201
1.9229
1.95412
1.99546
2.04446
2.09689
2.14831
2.19561
2.23716
2.27183
2.29814
2.31457
2.32008
2.31477
2.30007
2.27816
2.25097
2.21949
2.18472
2.14972
2.11903
2.09485
2.07422
2.05152
2.0235
1.99183
1.96206
1.94076
1.93278
1.93926
1.95763
1.98393
2.0151
2.04913
2.08362
2.11458
2.13631
2.14229
2.12704
2.08878
2.03174
1.96724
1.91138
1.87941
1.87906
1.90692
1.95039
1.99355
2.02354
2.03468
2.03001
2.0191
2.01278
2.01811
2.03565
2.05903
2.07789
2.08353
2.0743
2.05719
2.04302
2.03801
2.04032
2.04483
2.04907
2.05376
2.0598
2.06554
2.06744
2.0628
2.05187
2.03849
2.02887
2.02904
2.04173
2.06436
2.08966
2.10907
2.11653
2.11002
2.0911
2.06382
2.03412
2.00902
1.99431
1.9918
1.99853
2.00885
2.01855
2.02796
2.04124
2.06076
2.08194
2.09666
2.09948
2.0898
2.06994
2.04327
2.0148
1.99328
1.99162
2.02142
2.08299
2.16157
2.23534
2.2866
2.30729
2.29907
2.27084
2.23572
2.20703
2.19341
2.19525
2.20535
2.21424
2.21525
2.20566
2.18456
2.15067
2.10277
2.042
1.97415
1.90956
1.86091
1.83872
1.84628
1.87727
1.91833
1.95547
1.98007
1.99096
1.9932
1.995
2.00459
2.02732
2.06308
2.10552
2.14508
2.17243
2.18053
2.16558
2.12782
2.073
2.01397
1.96881
1.95246
1.96726
2.00312
2.04571
2.08224
2.10359
2.10513
2.08719
2.05472
2.01656
1.98345
1.96546
1.96954
1.99776
2.04617
2.10461
2.1594
2.19876
2.21732
2.21714
2.20467
2.18575
2.16295
2.13728
2.11153
2.09082
2.07979
2.07853
2.08175
2.0826
2.07724
2.06681
2.05615
2.05137
2.05781
2.07851
2.11239
2.15356
2.19261
2.2195
2.22649
2.2095
2.16929
2.11208
2.05
1.99876
1.97221
1.97671
2.00935
2.05946
2.11212
2.1531
2.17271
2.16787
2.142
2.10321
2.06126
2.02435
1.99609
1.97496
1.95675
1.9382
1.91924
1.90397
1.89975
1.91283
1.9433
1.98425
2.02581
2.05953
2.08064
2.08829
2.08539
2.07752
2.07123
2.07163
2.08055
2.09639
2.11512
2.13182
2.1424
2.14496
2.14078
2.13373
2.12847
2.12794
2.13192
2.13662
2.13563
2.12193
2.09
2.03781
1.96869
1.89203
1.82079
1.76653
1.73603
1.7323
1.75509
1.79938
1.8556
1.9136
1.9664
2.01061
2.04598
2.07473
2.10063
2.12744
2.15762
2.1911
2.22542
2.25759
2.28584
2.30948
2.32816
2.34087
2.3454
2.33882
2.31872
2.28515
2.24195
2.1961
2.15566
2.12731
2.11434
2.11501
2.1217
2.12381
2.11336
2.08848
2.05313
2.01491
1.98285
1.96564
1.96942
1.99511
2.03716
2.08528
2.12883
2.16075
2.17776
2.17824
2.16099
2.12623
2.07728
2.02096
1.96654
1.92323
1.89703
1.88858
1.8933
1.90387
1.91292
1.91534
1.90935
1.89664
1.8818
1.87093
1.87068
1.88689
1.92316
1.9791
2.04922
2.12295
2.18702
2.22947
2.24368
2.23051
2.19695
2.15278
2.10679
2.065
2.03107
2.00755
1.99689
2.00197
2.02578
2.06882
2.1267
2.19083
2.2516
2.30079
2.3321
2.34102
2.3249
2.28374
2.22172
2.14824
2.07676
2.02066
1.9877
1.97804
1.98679
2.00727
2.03261
2.05651
2.07366
2.08027
2.07484
2.05889
2.03599
2.00926
1.98008
1.94949
1.92027
1.89749
1.88762
1.8966
1.92711
1.97675
2.03842
2.10297
2.16203
2.21036
2.24621
2.27059
2.28566
2.29306
2.29343
2.28614
2.27017
2.24474
2.21068
2.17058
2.12767
2.08463
2.04246
2.00131
1.96214
1.92747
1.90018
1.88195
1.873
1.87171
1.87415
1.87503
1.87147
1.86562
1.86368
1.87294
1.89857
1.94146
1.99797
2.0612
2.12255
2.17389
2.20984
2.22838
2.23067
2.21924
2.19676
2.16611
2.13067
2.09353
2.05658
2.02152
1.99162
1.97136
1.9641
1.97116
1.99214
2.0261
2.07118
2.12286
2.17347
2.21552
2.24549
2.26427
2.27352
2.27229
2.25798
2.23022
2.19286
2.15247
2.11523
2.08427
2.05899
2.03649
2.0138
1.98938
1.96343
1.93747
1.91431
1.89897
1.8992
1.92154
1.96505
2.01983
2.07264
2.11462
2.14463
2.16705
2.18682
2.20546
2.21998
2.22487
2.21548
2.19127
2.15747
2.12478
2.10589
2.109
2.13315
2.17028
2.21082
2.24662
2.27069
2.27693
2.26103
2.22223
2.16421
2.09488
2.02509
1.96619
1.92674
1.90953
1.91099
1.92398
1.94287
1.96564
1.99133
2.0168
2.03616
2.04359
2.03648
2.01643
1.98887
1.96152
1.94171
1.93324
1.93474
1.94162
1.94906
1.95426
1.95685
1.95837
1.96119
1.96677
1.97467
1.98202
1.98595
1.98908
2.00257
2.03763
2.09213
2.15304
2.2099
2.25882
2.29832
2.32611
2.33937
2.33661
2.31867
2.28868
2.25195
2.21517
2.18437
2.16174
2.14617
2.13641
2.13238
2.13366
2.13796
2.14075
2.13627
2.11894
2.08621
2.04064
1.99001
1.94431
1.91162
1.89593
1.89705
1.91183
1.93548
1.96225
1.9864
2.004
2.01468
2.02117
2.0273
2.03573
2.04686
2.05912
2.07031
2.07893
2.08461
2.08724
2.08553
2.07709
2.06116
2.04086
2.02205
2.00812
1.9982
1.99086
1.98705
1.98901
1.99831
2.0149
2.03656
2.05893
2.07717
2.08813
2.09172
2.09042
2.08752
2.08589
2.0875
2.09324
2.10166
2.10944
2.11461
2.11888
2.12608
2.13822
2.15385
2.17005
2.18493
2.19801
2.20916
2.21728
2.21949
2.21078
2.18605
2.14497
2.09605
2.05318
2.02524
2.00861
1.99088
1.96069
1.91585
1.8655
1.82488
1.80647
1.81488
1.84867
1.90318
1.96977
2.03542
2.08665
2.11397
2.11523
2.09837
2.07936
2.06992
2.06745
2.06186
2.04777
2.02744
2.0075
1.99569
1.99847
2.0182
2.05113
2.08789
2.11725
2.13107
2.12725
2.11032
2.08953
2.07537
2.07509
2.08844
2.10798
2.12368
2.12842
2.12002
2.10018
2.07319
2.04511
2.02429
2.02118
2.0433
2.0882
2.1426
2.19038
2.22012
2.22812
2.2175
2.19569
2.17054
2.14701
2.12636
2.1086
2.09543
2.08997
2.0931
2.10116
2.10854
2.11305
2.11622
2.11865
2.11926
2.11849
2.11818
2.11773
2.11372
2.10422
2.09101
2.07692
2.06228
2.0445
2.02056
1.99015
1.95676
1.92618
1.90415
1.89424
1.8964
1.90675
1.91894
1.92731
1.93009
1.93101
1.93735
1.9555
1.98695
2.02813
2.07334
2.11732
2.15636
2.18779
2.20984
2.22187
2.2244
2.21856
2.20531
2.1862
2.16494
2.14732
2.13861
2.14054
2.14995
2.16074
2.16648
2.16301
2.14929
2.12707
2.09939
2.06863
2.0356
2.00008
1.96325
1.92847
1.89968
1.87789
1.86053
1.84609
1.83802
1.84265
1.86425
1.90194
1.95056
2.00345
2.05466
2.0996
2.13471
2.15727
2.16557
2.15966
2.14148
2.11458
2.08292
2.05096
2.02341
2.00434
1.99619
1.99932
2.01319
2.03715
2.07036
2.11025
2.15155
2.18674
2.20746
2.20698
2.18242
2.1361
2.07577
2.01346
1.96228
1.93168
1.92372
1.93405
1.95454
1.97611
1.99073
1.99383
1.98676
1.97639
1.9709
1.97475
1.98741
2.00704
2.03341
2.06729
2.10746
2.14953
2.18715
2.21409
2.22605
2.22272
2.20876
2.19172
2.17697
2.16585
2.15992
2.16205
2.17269
2.18762
2.19948
2.20069
2.18574
2.15247
2.10239
2.04026
1.97435
1.91661
1.88017
1.87389
1.89742
1.94094
1.99029
2.03334
2.06376
2.08097
2.08746
2.08641
2.08049
2.07206
2.06314
2.05495
2.04764
2.04057
2.03305
2.02517
2.01787
2.01182
2.00626
1.99879
1.98637
1.96678
1.94059
1.91235
1.89058
1.88538
1.90415
1.94736
2.00653
2.06745
2.11667
2.14718
2.15842
2.15301
2.1338
2.10386
2.06688
2.02705
1.98827
1.95434
1.92963
1.91914
1.92747
1.95683
2.00478
2.06317
2.12065
2.16757
2.19947
2.21724
2.22494
2.22711
2.22725
2.22772
2.22987
2.23339
2.23505
2.22883
2.20939
2.17674
2.13718
2.0999
2.07297
2.06149
2.06714
2.08716
2.11357
2.13503
2.1409
2.12574
2.09192
2.04884
2.00898
1.98221
1.97283
1.9812
2.00658
2.04692
2.09625
2.14429
2.18018
2.19682
2.19313
2.17321
2.14404
2.113
2.08581
2.06561
2.05301
2.04673
2.04477
2.0458
2.04997
2.05779
2.06765
2.07498
2.0748
2.06502
2.04822
2.02985
2.01507
2.00708
2.00802
2.01908
2.03838
2.05959
2.07434
2.07648
2.06488
2.04334
2.01833
1.99619
1.98168
1.97741
1.98316
1.99574
2.01009
2.02182
2.02946
2.03517
2.04327
2.05756
2.07914
2.1058
2.13212
2.15195
2.16129
2.15976
2.14983
2.13384
2.11227
2.08441
2.05066
2.01455
1.98249
1.96126
1.95501
1.96313
1.98001
1.99689
2.00502
1.99897
1.97875
1.95044
1.92353
1.90605
1.90132
1.90927
1.92942
1.96106
2.00184
2.04715
2.0908
2.12626
2.14768
2.15018
2.13109
2.09304
2.04636
2.00698
1.98865
1.99619
2.02582
2.071
2.12579
2.18468
2.2417
2.29028
2.32283
2.33197
2.31273
2.26393
2.18813
2.0916
1.98466
1.88096
1.7951
1.73932
1.72151
1.74462
1.80631
1.89804
2.00578
2.11373
2.20861
2.28175
2.32836
2.34648
2.33595
2.29824
2.23723
2.16073
2.08196
2.0184
1.98534
1.98758
2.0178
2.06321
2.11261
2.15855
2.19592
2.22003
2.22667
2.21392
2.18336
2.13958
2.08816
2.03468
1.98652
1.9545
1.94831
1.96745
1.99965
2.03012
2.05014
2.05814
2.05683
2.05023
2.04202
2.03475
2.02978
2.02755
2.02785
2.02938
2.02962
2.02535
2.01303
1.9898
1.95476
1.91025
1.86254
1.82081
1.79525
1.79428
1.82102
1.87075
1.93106
1.98643
2.02425
2.03943
2.0355
2.02295
2.0158
2.02648
2.06115
2.1169
2.18272
2.24325
2.28338
2.292
2.26454
2.20474
2.12432
2.04149
1.97824
1.95155
1.96166
1.99475
2.03651
2.07737
2.11029
2.12927
2.13097
2.11683
2.09371
2.07115
2.05717
2.05508
2.0628
2.07499
2.08617
2.09285
2.09379
2.08894
2.07915
2.06586
2.05082
2.03615
2.02376
2.01438
2.00723
2.00139
1.99797
2.00045
2.01262
2.03524
2.06473
2.0942
2.11598
2.12396
2.115
2.0904
2.05748
2.02828
2.01276
2.0128
2.02389
2.04081
2.06008
2.07954
2.09709
2.10959
2.1132
2.10404
2.07989
2.04161
1.99383
1.9451
1.90647
1.88864
1.89754
1.93045
1.97573
2.01756
2.04337
2.05029
2.04785
2.05185
2.0707
2.10024
2.13208
2.1607
2.18419
2.20228
2.21431
2.2183
2.21159
2.19254
2.16138
2.12
2.07226
2.02382
1.98191
1.95431
1.94721
1.96244
1.99647
2.04116
2.08637
2.12359
2.14863
2.16241
2.16899
2.17195
2.17163
2.1654
2.14983
2.1228
2.08484
2.039
1.99058
1.94634
1.91343
1.89885
1.90844
1.94434
2.00233
2.07127
2.13623
2.18331
2.20415
2.19793
2.1701
2.1291
2.08268
2.03586
1.99053
1.94734
1.90816
1.87766
1.86286
1.87033
1.90195
1.95314
2.0148
2.07694
2.13143
2.17325
2.20043
2.21365
2.21547
2.20875
2.1955
2.17703
2.15595
2.1374
2.12776
2.13109
2.14672
2.16925
2.19115
2.20538
2.20788
2.19849
2.18038
2.15804
2.13505
2.1131
2.09202
2.07101
2.04922
2.02604
2.00071
1.97192
1.93859
1.9019
1.86629
1.83814
1.82253
1.82092
1.83101
1.84902
1.87232
1.90051
1.93415
1.97204
2.00985
2.04109
2.05961
2.06173
2.04708
2.01872
1.98306
1.9491
1.92701
1.92605
1.95286
2.00905
2.08946
2.18227
2.27206
2.3443
2.38952
2.40532
2.39569
2.36787
2.32888
2.28361
2.23514
2.18633
2.14005
2.098
2.05953
2.02293
1.98815
1.95829
1.93842
1.93319
1.94469
1.97081
2.00509
2.03873
2.06478
2.08199
2.09392
2.10442
2.11486
2.12549
2.13648
2.14704
2.15394
2.15197
2.13682
2.10865
2.07293
2.03836
2.01396
2.00701
2.02232
2.0601
2.11227
2.1643
2.20265
2.22002
2.21573
2.19351
2.15897
2.11784
2.07548
2.03699
2.00633
1.98418
1.96755
1.95195
1.93432
1.91439
1.89453
1.87858
1.86968
1.8686
1.87444
1.88693
1.90737
1.93638
1.9718
2.00956
2.04641
2.07995
2.10774
2.12719
2.13665
2.13721
2.13266
2.12738
2.12409
2.1235
2.12585
2.13224
2.14392
2.16095
2.1809
2.19917
2.21127
2.21602
2.21654
2.21805
2.22369
2.23139
2.23471
2.22705
2.20553
2.17199
2.13102
2.08714
2.04353
2.0023
1.96623
1.9397
1.92745
1.93114
1.94725
1.96868
1.98819
2.00025
2.0011
1.98896
1.96491
1.933
1.89959
1.8714
1.85352
1.84763
1.85238
1.86559
1.88657
1.9158
1.95254
1.99263
2.02957
2.05813
2.07745
2.09072
2.10123
2.10889
2.10972
2.09923
2.07634
2.04553
2.01582
1.9973
1.99707
2.01623
2.05
2.08984
2.12638
2.15165
2.1607
2.15238
2.12933
2.09757
2.06503
2.04009
2.02988
2.03882
2.06742
2.11173
2.16367
2.21272
2.24796
2.26045
2.24545
2.20363
2.14148
2.07003
2.00234
1.95006
1.92071
1.91622
1.9331
1.96464
2.00368
2.04478
2.08436
2.1196
2.14776
2.16682
2.17644
2.17744
2.17127
2.15953
2.14425
2.1274
2.10992
2.09136
2.07042
2.04574
2.01649
1.98415
1.95443
1.93646
1.93767
1.95772
1.98882
2.02167
2.05012
2.07141
2.08455
2.08879
2.0842
2.07332
2.06197
2.05839
2.06948
2.09667
2.13459
2.1736
2.20424
2.22037
2.2199
2.204
2.17646
2.14223
2.10521
2.06664
2.02662
1.98658
1.95031
1.92206
1.90449
1.89808
1.90253
1.91772
1.94276
1.97405
2.00524
2.03073
2.04978
2.0668
2.08556
2.10369
2.11404
2.11083
2.0945
2.07271
2.05864
2.06514
2.09517
2.13782
2.17667
2.20072
2.20744
2.1996
2.18213
2.16047
2.1393
2.12132
2.10688
2.09491
2.08457
2.07593
2.06921
2.06374
2.05807
2.05109
2.04241
2.0316
2.01821
2.00296
1.98889
1.98123
1.98381
1.99594
2.01332
2.03156
2.04738
2.05805
2.06082
2.05394
2.03858
2.02106
2.01168
2.01878
2.04307
2.07775
2.11276
2.1387
2.14845
2.13891
2.1123
2.0765
2.04283
2.02167
2.01704
2.02512
2.03799
2.04803
2.04985
2.04131
2.02468
2.00675
1.99516
1.99281
1.99666
2.00238
2.00866
2.0181
2.03412
2.05805
2.08864
2.12304
2.15729
2.18644
2.20553
2.2118
2.20651
2.19424
2.18052
2.16947
2.16317
2.16277
2.16862
2.17921
2.19032
2.19616
2.19206
2.17627
2.15046
2.11983
2.09227
2.07381
2.06368
2.05486
2.03983
2.01538
1.98365
1.95042
1.92227
1.90441
1.90011
1.91125
1.93868
1.98101
2.03319
2.08591
2.1273
2.14745
2.14205
2.11201
2.06031
1.99154
1.91411
1.84208
1.79199
1.77653
1.7993
1.85439
1.93041
2.0141
2.09178
2.15105
2.18371
2.18801
2.16898
2.13678
2.10362
2.08022
2.07263
2.08092
2.10039
2.12465
2.14923
2.1733
2.1976
2.22114
2.24046
2.25145
2.25215
2.24254
2.22265
2.19172
2.15064
2.10403
2.05943
2.02414
2.00264
1.99529
1.99861
2.00637
2.01192
2.01069
2.00264
1.99291
1.98945
1.99912
2.0246
2.06351
2.10954
2.15451
2.1904
2.21111
2.21332
2.19717
2.16586
2.12513
2.08177
2.04206
2.01058
1.99004
1.98137
1.98411
1.99629
2.01544
2.03915
2.06495
2.08966
2.10951
2.12243
2.13013
2.13696
2.14561
2.15409
2.15662
2.147
2.12153
2.08182
2.03586
1.99475
1.9664
1.951
1.94326
1.93847
1.93599
1.9372
1.94209
1.94857
1.95429
1.9574
1.95569
1.94665
1.93047
1.91364
1.90933
1.93056
1.97964
2.04479
2.10743
2.15202
2.17131
2.16645
2.1445
2.11484
2.08575
2.06257
2.0482
2.04448
2.05285
2.07362
2.10561
2.14615
2.19105
2.23566
2.27638
2.31134
2.33986
2.36155
2.37544
2.37966
2.37216
2.35127
2.31636
2.26805
2.20842
2.14134
2.07264
2.00954
1.95929
1.92574
1.90684
1.89673
1.89056
1.88775
1.89039
1.89927
1.91105
1.91902
1.91708
1.90341
1.88162
1.85871
1.84175
1.83547
1.84144
1.85844
1.88305
1.91007
1.93386
1.95033
1.95817
1.95916
1.95712
1.95609
1.95861
1.96537
1.97585
1.98906
2.00404
2.02036
2.03831
2.05875
2.08224
2.10835
2.13452
2.15604
2.16773
2.16679
2.15478
2.13585
2.11348
2.08892
2.06258
2.03645
2.01459
2.00173
2.00071
2.01061
2.02733
2.04568
2.0619
2.07474
2.08513
2.09523
2.10689
2.11962
2.13041
2.13623
2.13664
2.13435
2.13335
2.13642
2.14365
2.15244
2.1589
2.15964
2.1537
2.1427
2.12872
2.1123
2.09284
2.07064
2.04825
2.0301
2.01905
2.0122
2.00199
1.98442
1.96706
1.9666
1.99422
2.04465
2.10295
2.15685
2.19982
2.22832
2.23943
2.23081
2.20272
2.15952
2.11005
2.06539
2.03504
2.02359
2.02987
2.04783
2.06819
2.08075
2.07765
2.05612
2.01967
1.97766
1.94293
1.92815
1.9416
1.98395
2.04807
2.1214
2.1899
2.24233
2.27353
2.28569
2.28553
2.2788
2.26696
2.24834
2.22125
2.18583
2.14417
2.0997
2.05641
2.01916
1.99389
1.98624
1.99898
2.03106
2.07865
2.13483
2.18951
2.2321
2.25661
2.26356
2.25794
2.24494
2.22657
2.20166
2.16778
2.12394
2.07253
2.02023
1.97692
1.95125
1.94597
1.95742
1.97914
2.0044
2.02724
2.04344
2.05153
2.05295
2.05069
2.04726
2.04336
2.03843
2.03191
2.02346
2.01335
2.00198
1.9885
1.97127
1.95116
1.93286
1.92308
1.9274
1.94718
1.97827
2.01312
2.04434
2.06774
2.08277
2.09091
2.09296
2.08828
2.07755
2.06696
2.06748
2.08553
2.1155
2.1442
2.16096
2.16182
2.14817
2.12417
2.0946
2.0639
2.03663
2.0183
2.01491
2.03041
2.06298
2.10443
2.14334
2.17037
2.18124
2.17644
2.15841
2.12972
2.09469
2.06178
2.04069
2.03432
2.03708
2.04209
2.04678
2.0526
2.06285
2.08035
2.10494
2.13206
2.15437
2.16642
2.16971
2.17297
2.18355
2.19878
2.2098
2.20976
2.19516
2.1642
2.11683
2.05599
1.98879
1.92679
1.88401
1.87205
1.89368
1.94083
1.99898
2.05352
2.09389
2.11494
2.11692
2.10352
2.07938
2.04828
2.01339
1.97858
1.94885
1.92947
1.92412
1.93369
1.95607
1.98646
2.01868
2.04673
2.06644
2.07628
2.07669
2.06917
2.05527
2.03699
2.01684
1.99781
1.98302
1.97535
1.97717
1.98962
2.01129
2.03826
2.06628
2.09272
2.11646
2.13658
2.15246
2.16445
2.17414
2.18341
2.19296
2.20177
2.20771
2.20788
2.19969
2.18266
2.15993
2.13799
2.12376
2.12113
2.12949
2.14497
2.16303
2.17957
2.19174
2.19777
2.19742
2.19182
2.18268
2.17133
2.15792
2.14123
2.11989
2.09418
2.06647
2.03992
2.01646
1.99648
1.97942
1.96447
1.95018
1.93417
1.91457
1.89307
1.87585
1.87001
1.87846
1.89856
1.9249
1.95311
1.98054
2.00475
2.02253
2.03103
2.02944
2.02043
2.01112
2.01251
2.03464
2.07959
2.13836
2.19529
2.23614
2.25268
2.24332
2.2119
2.16683
2.12031
2.08441
2.06437
2.05554
2.04911
2.04022
2.03126
2.02897
2.03948
2.06385
2.09657
2.12837
2.15041
2.15766
2.14976
2.12965
2.1018
2.07122
2.0427
2.01931
2.00176
1.98961
1.98357
1.98655
2.00183
2.02992
2.06662
2.104
2.13364
2.15037
2.15424
2.14976
2.1426
2.13696
2.13597
2.14188
2.15508
2.17271
2.18938
2.19954
2.19827
2.18175
2.14736
2.09536
2.03048
1.96246
1.90524
1.87287
1.87131
1.89384
1.9273
1.96172
1.99317
2.02124
2.04622
2.06821
2.08798
2.10739
2.12871
2.15334
2.18036
2.20608
2.22484
2.23118
2.2217
2.19654
2.15915
2.11435
2.06612
2.01658
1.96718
1.92055
1.88177
1.85747
1.85289
1.86842
1.89867
1.93465
1.96765
1.9919
2.00509
2.00815
2.00487
2.00143
2.00489
2.02054
2.04947
2.08787
2.12893
2.16565
2.19281
2.20767
2.20958
2.1995
2.17981
2.15443
2.12845
2.10633
2.08955
2.07758
2.07149
2.07575
2.09464
2.12732
2.16722
2.20548
2.234
2.24639
2.23836
2.20782
2.1554
2.08539
2.00713
1.93577
1.88841
1.87546
1.89466
1.93396
1.98018
2.02514
2.06635
2.10398
2.13817
2.16794
2.19128
2.2057
2.2097
2.20463
2.19499
2.18576
2.17929
2.1751
2.17198
2.16934
2.16691
2.16401
2.15883
2.14841
2.12925
2.09892
2.05804
2.01171
1.96858
1.93745
1.9234
1.92584
1.94026
1.96115
1.98431
2.0073
2.02898
2.0489
2.06654
2.08078
2.09012
2.09367
2.09234
2.08901
2.0876
2.09198
2.10555
2.13109
2.16883
2.21396
2.2573
2.29045
2.31038
2.31834
2.31529
2.2986
2.26288
2.20361
2.12098
2.02245
1.92275
1.83925
1.78501
1.76353
1.76957
1.79387
1.82739
1.86347
1.89896
1.93536
1.97802
2.03157
2.09348
2.15272
2.19638
2.21681
2.21341
2.19022
2.15326
2.10934
2.06589
2.0308
2.01049
2.00723
2.01677
2.03004
2.04027
2.04786
2.05471
2.05698
2.05049
2.03708
2.02214
2.01012
2.00367
2.00443
2.01321
2.02967
2.05194
2.07643
2.09859
2.11421
2.12091
2.11903
2.112
2.10658
2.11107
2.1294
2.1562
2.17811
2.18133
2.15898
2.1142
2.05854
2.00753
1.97508
1.96864
1.98742
2.02381
2.06661
2.10493
2.13145
2.14415
2.1461
2.14352
2.14212
2.14237
2.13861
2.12453
2.0997
2.07186
2.05282
2.05102
2.06574
2.08764
2.10467
2.10847
2.09728
2.07496
2.04788
2.02205
2.00222
1.99074
1.98654
1.98599
1.98598
1.9882
2.00023
2.02937
2.07373
2.12064
2.15547
2.16992
2.16384
2.14272
2.1141
2.08479
2.05911
2.03853
2.02243
2.00927
1.99809
1.99091
1.99328
2.01042
2.04122
2.07696
2.10641
2.12226
2.12316
2.11263
2.09663
2.08091
2.06949
2.06476
2.06838
2.0818
2.10515
2.13496
2.16367
2.18324
2.19038
2.188
2.17934
2.16135
2.12772
2.07775
2.02041
1.97027
1.94021
1.93567
1.95363
1.98511
2.01916
2.04768
2.06977
2.09076
2.11576
2.14337
2.16567
2.17358
2.16364
2.14062
2.11456
2.09467
2.08513
2.08467
2.09032
2.10042
2.11504
2.13478
2.15851
2.18258
2.20172
2.21172
2.2112
2.20173
2.18595
2.16615
2.1442
2.12255
2.10408
2.09072
2.08261
2.07845
2.07601
2.0716
2.06051
2.03946
2.00877
1.97217
1.93463
1.90109
1.87675
1.86724
1.87663
1.90461
1.94602
1.99334
2.04033
2.08385
2.12265
2.15546
2.1804
2.19583
2.20011
2.19081
2.16537
2.12377
2.0715
2.01917
1.97945
1.96165
1.96874
1.99707
2.03893
2.0856
2.12919
2.16356
2.18502
2.19331
2.19203
2.18767
2.18655
2.19155
2.1997
2.20251
2.19041
2.15868
2.11176
2.06314
2.03024
2.02458
2.04416
2.07718
2.11268
2.14449
2.16879
2.18216
2.18166
2.16608
2.13621
2.09414
2.04309
1.98934
1.94404
1.91972
1.92215
1.9462
1.9801
2.01324
2.04091
2.06344
2.08231
2.09694
2.10514
2.10537
2.09787
2.0841
2.0659
2.0453
2.02409
2.00397
1.98688
1.97562
1.9734
1.98214
2.00096
2.02591
2.05115
2.07062
2.07975
2.07617
2.05994
2.03366
2.0024
1.97321
1.95422
1.95204
1.96832
1.9976
2.02975
2.05632
2.07675
2.09978
2.13565
2.18547
2.23984
2.28646
2.31563
2.32129
2.30145
2.25946
2.20357
2.14307
2.08516
2.03589
2.0008
1.98279
1.98096
1.99088
2.00601
2.01983
2.02803
2.02938
2.02458
2.01424
1.99889
1.98053
1.96383
1.95498
1.95911
1.97736
2.00645
2.04088
2.07565
2.10759
2.13509
2.15701
2.17253
2.18145
2.18402
2.18071
2.17226
2.1599
2.14507
2.1284
2.1098
2.09026
2.07349
2.06413
2.06416
2.07175
2.08321
2.09453
2.10177
2.10165
2.09398
2.08351
2.07868
2.08689
2.10949
2.14055
2.17001
2.1882
2.18975
2.17528
2.14952
2.11745
2.08252
2.04771
2.01676
1.9936
1.98136
1.98218
1.99734
2.02638
2.06567
2.10776
2.1431
2.16294
2.16182
2.13845
2.09555
2.03907
1.97726
1.91964
1.87511
1.8501
1.84716
1.865
1.89896
1.94218
1.98725
2.02786
2.05895
2.07665
2.07845
2.0646
2.03851
2.00615
1.97461
1.95065
1.93936
1.9435
1.96275
1.99379
2.03147
2.07057
2.10742
2.14055
2.17036
2.19772
2.22309
2.2464
2.26687
2.28326
2.294
2.29749
2.29288
2.28092
2.2645
2.24834
2.2379
2.23601
2.24034
2.2438
2.23843
2.21949
2.18701
2.14433
2.09474
2.03966
1.98028
1.92197
1.87622
1.85478
1.86016
1.88392
1.91616
1.95263
1.99335
2.03751
2.08149
2.12022
2.14948
2.16708
2.17238
2.16502
2.14473
2.11288
2.07495
2.04102
2.01926
2.00876
2.00178
1.99065
1.97271
1.95024
1.92806
1.9113
1.90509
1.91396
1.93851
1.97229
2.00423
2.02407
2.02654
2.0126
1.98907
1.96604
1.95243
1.9527
1.966
1.98796
2.01346
2.03861
2.06159
2.08137
2.09603
2.10244
2.09764
2.08071
2.05428
2.02398
1.99658
1.97738
1.96875
1.97034
1.98106
2.0004
2.0284
2.06474
2.108
2.15357
2.19298
2.21702
2.221
2.20701
2.18221
2.15449
2.12914
2.10851
2.09384
2.08677
2.08954
2.10386
2.12931
2.1627
2.19862
2.23136
2.25675
2.27291
2.27995
2.27867
2.26894
2.24906
2.21657
2.16995
2.11044
2.04279
1.97496
1.91584
1.87187
1.84479
1.8324
1.83159
1.84078
1.85943
1.88574
1.91561
1.94389
1.96709
1.98475
1.999
2.01238
2.02554
2.03629
2.04088
2.03658
2.02348
2.00545
1.98967
1.98473
1.99763
2.0305
2.07872
2.13233
2.18017
2.21418
2.23153
2.23366
2.22411
2.20664
2.18456
2.16087
2.13801
2.11742
2.09852
2.07882
2.05543
2.0271
1.99638
1.97031
1.9578
1.96249
1.97861
1.9964
2.01024
2.02127
2.03459
2.05457
2.08141
2.11142
2.13975
2.16253
2.17743
2.18376
2.18215
2.17425
2.16248
2.15002
2.13927
2.13094
2.1256
2.12522
2.13132
2.14119
2.1472
2.14111
2.11969
2.08799
2.05875
2.04644
2.0589
2.09328
2.13896
2.18336
2.21535
2.22677
2.21425
2.17952
2.12816
2.0672
2.00437
1.94856
1.90947
1.89284
1.89546
1.90746
1.91976
1.92861
1.93469
1.93934
1.94221
1.94139
1.93469
1.92105
1.90213
1.88373
1.87569
1.88874
1.9289
1.99261
2.06761
2.13977
2.19859
2.23892
2.25952
2.26153
2.24736
2.21985
2.18181
2.13669
2.08945
2.04684
2.01644
2.00458
2.01408
2.04282
2.08377
2.12594
2.15671
2.16466
2.14323
2.09405
2.02852
1.96552
1.92337
1.91121
1.92716
1.96254
2.00745
2.05361
2.09442
2.12464
2.14122
2.14441
2.13795
2.12711
2.11529
2.10162
2.08354
2.06135
2.04083
2.031
2.03832
2.06112
2.08931
2.1108
2.1188
2.11491
2.10639
2.10096
2.10206
2.10825
2.11524
2.11828
2.11378
2.10034
2.07918
2.05388
2.02941
2.0113
2.00411
2.00921
2.02321
2.03971
2.05354
2.06515
2.08131
2.11048
2.15445
2.2026
2.23615
2.2396
2.20848
2.1507
2.08371
2.02832
1.99845
1.99407
2.00369
2.01305
2.01227
1.99852
1.97514
1.94998
1.93316
1.9343
1.95857
2.00315
2.05663
2.10323
2.13004
2.1317
2.11083
2.07452
2.03073
1.98665
1.94844
1.92059
1.90563
1.90464
1.91805
1.94511
1.98257
2.02454
2.06472
2.09783
2.12024
2.13032
2.12899
2.12013
2.10953
2.10259
2.1028
2.11219
2.13226
2.16296
2.20041
2.23721
2.26584
2.282
2.28528
2.2777
2.26213
2.24186
2.22057
2.20102
2.18402
2.17018
2.16218
2.16107
2.16094
2.15266
2.13138
2.09867
2.0588
2.01607
1.9758
1.94502
1.92919
1.92652
1.92754
1.92135
1.90291
1.87499
1.84578
1.8236
1.81307
1.81434
1.82589
1.84724
1.87915
1.92225
1.9757
2.03635
2.09834
2.15414
2.19684
2.22266
2.23212
2.22926
2.21905
2.2049
2.18701
2.16311
2.13101
2.09096
2.04672
2.0042
1.96887
1.94352
1.92802
1.92074
1.9194
1.92174
1.92633
1.93369
1.946
1.96502
1.98999
2.01823
2.04723
2.07586
2.10324
2.12671
2.14165
2.14403
2.13372
2.11612
2.10103
2.09888
2.11515
2.14547
2.17812
2.2024
2.21407
2.21363
2.20293
2.18321
2.15543
2.12201
2.08842
2.06316
2.05499
2.06785
2.09772
2.13388
2.16299
2.17329
2.15844
2.12011
2.06883
2.02033
1.98775
1.97529
1.97823
1.98843
1.99892
2.00609
2.00957
2.01079
2.01198
2.01521
2.02201
2.03267
2.04604
2.06016
2.07396
2.08779
2.10258
2.11893
2.13629
2.15255
2.16371
2.16485
2.15182
2.12316
2.08092
2.03079
1.98115
1.94107
1.91708
1.91109
1.92115
1.94356
1.9744
2.0102
2.04821
2.08605
2.12001
2.14356
2.14989
2.13667
2.10873
2.0759
2.04823
2.0318
2.02712
2.0314
2.04254
2.06148
2.09038
2.12866
2.17075
2.2076
2.23028
2.2333
2.21652
2.18535
2.14843
2.11335
2.08276
2.05473
2.02696
2.00118
1.98313
1.97875
1.98976
2.01175
2.03652
2.0564
2.06804
2.07322
2.07621
2.08016
2.08488
2.08764
2.08543
2.07646
2.06048
2.03847
2.01243
1.98523
1.96032
1.94211
1.93565
1.9443
1.9678
2.00241
2.0429
2.08438
2.12237
2.15239
2.16929
2.16857
2.14896
2.11352
2.06913
2.02546
1.99434
1.98778
2.0124
2.06324
2.12486
2.17882
2.21127
2.21582
2.19353
2.15138
2.09904
2.04463
1.99212
1.94225
1.89708
1.86398
1.85445
1.87653
1.92814
1.99837
2.07501
2.15028
2.22039
2.28232
2.33171
2.36334
2.37282
2.35797
2.31891
2.25756
2.17814
2.0885
2.00095
1.92967
1.88519
1.87064
1.88177
1.90955
1.94357
1.97563
2.00143
2.02054
2.03448
2.04482
2.05259
2.05891
2.06478
2.07022
2.0737
2.07304
2.06731
2.05781
2.04731
2.03841
2.0318
2.02634
2.02026
2.01335
2.00817
2.0085
2.0158
2.0272
2.03735
2.04271
2.04395
2.0449
2.04936
2.05827
2.06915
2.07723
2.07786
2.06832
2.04847
2.02062
1.98947
1.96221
1.94762
1.95334
1.98232
2.03054
2.08793
2.14168
2.18026
2.19659
2.18976
2.16495
2.13112
2.09819
2.07481
2.06684
2.07593
2.09836
2.12591
2.14923
2.16138
2.15883
2.14039
2.10611
2.05708
1.99644
1.93059
1.86983
1.82678
1.81121
1.82506
1.8621
1.91247
1.96705
2.01924
2.06435
2.09895
2.12069
2.12895
2.12555
2.11445
2.10014
2.08555
2.07185
2.05982
2.05135
2.04892
2.05352
2.06374
2.07647
2.08788
2.09456
2.09425
2.08694
2.0753
2.06446
2.06053
2.06833
2.08891
2.11862
2.15045
2.17646
2.19012
2.18808
2.17052
2.14119
2.10655
2.07459
2.05269
2.0445
2.04743
2.05322
2.0517
2.03628
2.00744
1.97225
1.93948
1.91613
1.90718
1.91521
1.93877
1.97291
2.01219
2.05222
2.08872
2.11665
2.13104
2.12887
2.11084
2.08225
2.05197
2.02984
2.02395
2.038
2.06959
2.11008
2.14734
2.17038
2.1734
2.1569
2.12604
2.08786
2.04884
2.01385
1.98585
1.96671
1.95817
1.96226
1.98018
2.01052
2.04788
2.08403
2.11107
2.12409
2.12166
2.1056
2.08003
2.05051
2.02323
2.00356
1.9945
1.99622
2.00701
2.0245
2.04651
2.07171
2.09952
2.12862
2.15562
2.17524
2.1828
2.17649
2.15745
2.1286
2.093
2.05345
2.01394
1.9807
1.96027
1.95636
1.96799
1.99087
2.01982
2.05065
2.0809
2.1095
2.13598
2.15932
2.17638
2.18205
2.17231
2.1481
2.11685
2.08836
2.06735
2.04946
2.02649
1.99622
1.96721
1.9536
1.96503
2.00119
2.05367
2.11037
2.15886
2.18811
2.19062
2.16478
2.11605
2.05602
1.99896
1.95691
1.93553
1.93338
1.94491
1.96492
1.99042
2.01918
2.04685
2.06747
2.07655
2.07455
2.06704
2.0618
2.06552
2.08131
2.10758
2.13814
2.16435
2.17855
2.17741
2.16278
2.14009
2.11504
2.09041
2.06555
2.03855
2.00892
1.97858
1.9517
1.93439
1.9327
1.94979
1.98472
2.03309
2.08736
2.13829
2.17841
2.20395
2.21445
2.212
2.20129
2.18923
2.18228
2.18278
2.18809
2.19326
2.19438
2.19005
2.18055
2.1668
2.14933
2.12815
2.10319
2.07587
2.0494
2.02638
2.00483
1.97928
1.94691
1.91131
1.88023
1.86116
1.85849
1.87289
1.90175
1.94029
1.98198
2.01954
2.04676
2.0609
2.06407
2.06209
2.0615
2.06715
2.08184
2.10662
2.13957
2.17434
2.20158
2.21329
2.20574
2.18045
2.14213
2.09587
2.04591
1.99621
1.95195
1.91976
1.90673
1.9183
1.95613
2.0156
2.08538
2.15076
2.1991
2.22341
2.2228
2.20109
2.16473
2.12034
2.07259
2.02367
1.97628
1.93557
1.90722
1.89342
1.89248
1.90145
1.91783
1.93956
1.96514
1.99352
2.02403
2.05627
2.09019
2.12563
2.16173
2.19647
2.2272
2.25192
2.26971
2.28043
2.28363
2.27731
2.25788
2.22266
2.17331
2.11667
2.06169
2.0156
1.98144
1.95882
1.94627
1.94242
1.94558
1.95265
1.95978
1.96446
1.96715
1.97077
1.97868
1.99304
2.01519
2.04597
2.08327
2.11985
2.14676
2.15983
2.16129
2.1564
2.1491
2.14065
2.13096
2.12052
2.11065
2.10282
2.09789
2.09623
2.09769
2.10213
2.10903
2.11703
2.12302
2.12252
2.11084
2.08537
2.04766
2.00474
1.96821
1.95058
1.9593
1.99234
2.03872
2.08354
2.11317
2.11849
2.09627
2.04925
1.98551
1.91656
1.85427
1.80757
1.78155
1.77959
1.80524
1.8606
1.94191
2.03775
2.13253
2.21226
2.26867
2.29979
2.30822
2.29851
2.27495
2.24151
2.20267
2.16321
2.1269
2.09497
2.06614
2.03869
2.01257
1.98983
1.97305
1.96381
1.96258
1.96973
1.98594
2.01119
2.04359
2.07943
2.11335
2.13966
2.15354
2.15282
2.13921
2.11823
2.09732
2.08295
2.07821
2.08169
2.08894
2.09527
2.09816
2.09821
2.09847
2.10145
2.10584
2.10684
2.10085
2.08886
2.07576
2.06687
2.06443
2.06713
2.07265
2.08017
2.09044
2.10385
2.11854
2.13046
2.13486
2.12842
2.11046
2.08319
2.05092
2.01931
1.99449
1.98044
1.97589
1.97464
1.96899
1.95389
1.92867
1.89722
1.86676
1.84581
1.8417
1.85834
1.89477
1.94518
2.00128
2.05584
2.10521
2.14893
2.18715
2.21863
2.24051
2.24969
2.24431
2.2248
2.19432
2.15796
2.12151
2.08989
2.06615
2.05062
2.04143
2.03608
2.03311
2.03262
2.036
2.0452
2.06237
2.08899
2.12441
2.16536
2.20659
2.24135
2.26164
2.25925
2.22955
2.17446
2.10221
2.02458
1.9532
1.89724
1.86174
1.84721
1.85102
1.86916
1.89667
1.9277
1.95656
1.98003
1.99852
2.01494
2.0319
2.04915
2.0632
2.06936
2.06481
2.05092
2.0323
2.01439
2.00101
1.99446
1.99664
2.00914
2.03169
2.0614
2.09422
2.12669
2.15674
2.18325
2.2061
2.22569
2.24136
2.24983
2.24617
2.22775
2.19716
2.1617
2.13075
2.11175
2.10692
2.11179
2.11779
2.1174
2.10769
2.09035
2.06964
2.04979
2.03374
2.02234
2.0142
2.00663
1.99744
1.98652
1.97622
1.96952
1.9683
1.97179
1.97642
1.97673
1.96812
1.94991
1.92695
1.90825
1.90294
1.9164
1.94812
1.99321
2.04598
2.1014
2.15289
2.19112
2.20753
2.19873
2.16716
2.11831
2.05817
1.99255
1.92774
1.87177
1.83463
1.82545
1.84801
1.89783
1.96369
2.03193
2.09074
2.13271
2.15578
2.16295
2.16035
2.15455
2.15016
2.14905
2.15162
2.15742
2.16479
2.17029
2.16874
2.15485
2.12596
2.08488
2.04011
2.0034
1.98487
1.98897
2.01289
2.04846
2.0865
2.12003
2.14487
2.15868
2.16007
2.14844
2.1243
2.08918
2.04502
1.99429
1.94104
1.89204
1.85676
1.84406
1.85635
1.88617
1.92029
1.94811
1.9683
1.98792
2.0153
2.05307
2.09705
2.14029
2.17665
2.20188
2.21295
2.20737
2.18332
2.14092
2.0837
2.0195
1.96049
1.92059
1.90952
1.9272
1.96441
2.00932
2.05276
2.08888
2.11469
2.12968
2.13549
2.13492
2.13068
2.12441
2.11714
2.1111
2.11094
2.12151
2.14342
2.17131
2.19724
2.21513
2.22227
2.21873
2.20612
2.18684
2.16391
2.1412
2.12324
2.11399
2.11481
2.12336
2.13479
2.14348
2.14457
2.13466
2.11262
2.08007
2.04175
2.00517
1.97939
1.97203
1.98495
2.0126
2.04412
2.06734
2.0727
2.05661
2.02254
1.97931
1.93694
1.90284
1.88069
1.87185
1.87707
1.89635
1.92717
1.96435
2.0026
2.03919
2.07472
2.11004
2.14322
2.16972
2.18532
2.18754
2.17564
2.15066
2.11738
2.0853
2.06481
2.06061
2.07005
2.0875
2.10821
2.12857
2.14535
2.15616
2.16052
2.15972
2.15668
2.15432
2.15324
2.15029
2.14153
2.12698
2.11072
2.09716
2.08779
2.08123
2.07514
2.06786
2.05908
2.04961
2.0398
2.028
2.01063
1.98415
1.94775
1.90515
1.86486
1.83749
1.83049
1.84391
1.87136
1.90475
1.93768
1.96626
1.98938
2.00828
2.02545
2.04284
2.06073
2.07769
2.09119
2.09784
2.09371
2.07582
2.04446
2.00511
1.96811
1.94528
1.94438
1.9654
2.00195
2.04546
2.08932
2.13059
2.16944
2.20617
2.23816
2.25985
2.26573
2.25295
2.22281
2.18076
2.13538
2.09568
2.06809
2.05564
2.05919
2.07736
2.10478
2.13229
2.15113
2.15702
2.15064
2.13537
2.1155
2.09481
2.0759
2.06015
2.0483
2.04111
2.03944
2.0428
2.04768
2.04789
2.03747
2.01471
1.98525
1.96159
1.95703
1.97648
2.01213
2.04849
2.0713
2.07322
2.05387
2.01661
1.96536
1.9042
1.83989
1.78469
1.75498
1.76381
1.8124
1.8892
1.97734
2.06253
2.13616
2.19461
2.23794
2.26972
2.29582
2.32058
2.34425
2.365
2.38196
2.39517
2.40357
2.40427
2.39456
2.3739
2.34444
2.30911
2.26976
2.22715
2.1822
2.13797
2.09892
2.06876
2.04814
2.03402
2.02183
2.00795
1.99047
1.96791
1.93866
1.90351
1.86839
1.84228
1.8316
1.8373
1.85636
1.88344
1.91174
1.93568
1.95356
1.96733
1.98063
1.99666
2.01758
2.0446
2.07745
2.11395
2.15027
2.18198
2.20504
2.2167
2.21659
2.20784
2.19672
2.18966
2.18817
2.18675
2.17747
2.15721
2.12973
2.10123
2.07516
2.05122
2.02813
2.00638
1.98813
1.97525
1.96776
1.9636
1.9593
1.95111
1.93588
1.91268
1.88344
1.85277
1.8271
1.81341
1.81753
1.84214
1.886
1.94503
2.01316
2.08234
2.14364
2.18973
2.21645
2.22286
2.2112
2.18758
2.1614
2.14282
2.13904
2.1515
2.17568
2.2038
2.22846
2.2447
2.25038
2.24507
2.2294
2.20512
2.17596
2.14767
2.12585
2.11197
2.1015
2.0869
2.06386
2.03551
2.01101
1.99917
2.00301
2.01934
2.04153
2.06247
2.07722
2.08523
2.08944
2.0915
2.08886
2.07785
2.05889
2.038
2.02356
2.02126
2.03169
2.05143
2.07576
2.09948
2.11762
2.12686
2.12609
2.116
2.09789
2.07255
2.04046
2.00354
1.96714
1.93993
1.93003
1.93996
1.9645
1.99319
2.01565
2.02556
2.02204
2.00885
1.9926
1.98016
1.97605
1.98099
1.99377
2.01276
2.03622
2.0628
2.0926
2.12668
2.16492
2.20412
2.23773
2.25818
2.25966
2.24036
2.20337
2.15646
2.11033
2.07479
2.05495
2.05025
2.05615
2.06728
2.07927
2.0892
2.0947
2.09382
2.08538
2.0698
2.04945
2.02806
2.00893
1.99387
1.98384
1.98037
1.98571
2.0013
2.02595
2.0558
2.08548
2.1103
2.12768
2.13742
2.14069
2.13882
2.13347
2.12658
2.11982
2.11296
2.10383
2.09042
2.07277
2.05282
2.03324
2.01696
2.00755
2.00918
2.02365
2.04729
2.07155
2.0875
2.08975
2.07722
2.05187
2.0171
1.97694
1.93571
1.89781
1.86714
1.84578
1.83405
1.83192
1.84038
1.86131
1.89545
1.94082
1.99254
2.0438
2.08692
2.11469
2.12221
2.11101
2.09302
2.08667
2.10013
2.12369
2.14393
2.1556
2.15941
2.15678
2.14825
2.13432
2.11666
2.09829
2.08296
2.0738
2.0719
2.07525
2.07919
2.07874
2.07136
2.05883
2.0464
2.03959
2.04093
2.04872
2.05874
2.0666
2.06911
2.06449
2.05324
2.03855
2.02543
2.01891
2.02231
2.03639
2.05982
2.08975
2.12194
2.15047
2.16842
2.17027
2.15499
2.12675
2.09249
2.05876
2.02993
2.00815
1.99392
1.9867
1.9858
1.99045
1.999
2.00852
2.01526
2.01648
2.01303
2.00959
2.01198
2.02377
2.04442
2.06895
2.08996
2.10085
2.09899
2.08717
2.07325
2.06689
2.07367
2.09156
2.11395
2.13544
2.15372
2.16761
2.17481
2.17186
2.15639
2.13012
2.09971
2.07456
2.0621
2.06401
2.07555
2.08703
2.08774
2.06965
2.03087
1.97756
1.92278
1.8812
1.86184
1.86471
1.88401
1.913
1.947
1.9843
2.02542
2.07114
2.11949
2.1653
2.20275
2.22767
2.23843
2.23584
2.22246
2.20211
2.17924
2.15722
2.13664
2.11582
2.09283
2.06727
2.04081
2.01616
1.99529
1.97894
1.96844
1.96713
1.97894
2.00538
2.04345
2.08605
2.12418
2.15007
2.15994
2.15532
2.14239
2.12881
2.12015
2.11828
2.1222
2.12952
2.1372
2.14057
2.13315
2.10959
2.06948
2.01888
1.96826
1.92863
1.9073
1.90627
1.92463
1.96211
2.01907
2.09245
2.17291
2.2468
2.30024
2.32278
2.30925
2.26016
2.18215
2.09058
2.01
1.96332
1.95451
1.97
1.99457
2.0191
2.03903
2.05263
2.0598
2.06067
2.05476
2.04205
2.02648
2.01819
2.02952
2.06491
2.11294
2.1534
2.17182
2.16495
2.13816
2.10103
2.06362
2.03357
2.01515
2.00922
2.01389
2.02528
2.03967
2.05577
2.07493
2.09836
2.12285
2.14032
2.14185
2.12299
2.08658
2.0423
2.00313
1.98125
1.98421
2.0129
2.06163
2.12045
2.1783
2.22567
2.25624
2.26775
2.26253
2.24696
2.22867
2.21229
2.19739
2.18072
2.15989
2.13565
2.11058
2.08631
2.06074
2.02894
1.98728
1.9372
1.88518
1.83903
1.80512
1.78828
1.79178
1.81656
1.86087
1.92125
1.99302
2.07082
2.14819
2.21719
2.26931
2.29766
2.29861
2.27274
2.2252
2.16534
2.10425
2.05108
2.01125
1.98708
1.97921
1.98662
2.00609
2.03268
2.06188
2.09072
2.1168
2.13643
2.14478
2.13885
2.12079
2.09802
2.07812
2.06224
