-3.85466
-3.8527
-3.85032
-3.85127
-3.84988
-3.8466
-3.84614
-3.84674
-3.84907
-3.85221
-3.85373
-3.85693
-3.85807
-3.86144
-3.86258
-3.85928
-3.85811
-3.85798
-3.85787
-3.85565
-3.85234
-3.8502
-3.85068
-3.8485
-3.84808
-3.85037
-3.85054
-3.85269
-3.85443
-3.85511
-3.85711
-3.85651
-3.85806
-3.85571
-3.8523
-3.84929
-3.84989
-3.8504
-3.85225
-3.85278
-3.85445
-3.85694
-3.85481
-3.85281
-3.85325
-3.85262
-3.85236
-3.85424
-3.85468
-3.85565
-3.85937
-3.85974
-3.86181
-3.85977
-3.85836
-3.85747
-3.85782
-3.85594
-3.85451
-3.8511
-3.85174
-3.85134
-3.85326
-3.85643
-3.85645
-3.8573
-3.85846
-3.85908
-3.85743
-3.85826
-3.85581
-3.85597
-3.85397
-3.85484
-3.85514
-3.85452
-3.85406
-3.85272
-3.85501
-3.85869
-3.8605
-3.86218
-3.86308
-3.86145
-3.85943
-3.85772
-3.85533
-3.85348
-3.8531
-3.85246
-3.8516
-3.85352
-3.85429
-3.85693
-3.85697
-3.85775
-3.85835
-3.85726
-3.85807
-3.85895
-3.85987
-3.86145
-3.85758
-3.85791
-3.85489
-3.85188
-3.84806
-3.85101
-3.84922
-3.84807
-3.84981
-3.85016
-3.85248
-3.85342
-3.85271
-3.85487
-3.85525
-3.85312
-3.85171
-3.85051
-3.85132
-3.84888
-3.84672
-3.84638
-3.84467
-3.84309
-3.84494
-3.84528
-3.84686
-3.84726
-3.84838
-3.85118
-3.85201
-3.85328
-3.85342
-3.85325
-3.85429
-3.85412
-3.85262
-3.85146
-3.85338
-3.8522
-3.85251
-3.85494
-3.85353
-3.85401
-3.85196
-3.85326
-3.85342
-3.85573
-3.8573
-3.85511
-3.85264
-3.85239
-3.85176
-3.84818
-3.84852
-3.84831
-3.84988
-3.85
-3.85112
-3.8498
-3.85108
-3.84976
-3.84975
-3.85051
-3.84876
-3.84915
-3.85043
-3.85229
-3.85365
-3.85503
-3.85607
-3.8555
-3.85396
-3.85318
-3.85255
-3.85294
-3.85224
-3.85154
-3.85368
-3.85495
-3.85413
-3.85392
-3.85215
-3.85421
-3.85467
-3.85503
-3.85319
-3.8534
-3.85259
-3.85097
-3.85009
-3.8499
-3.84854
-3.85187
-3.85594
-3.85463
-3.85391
-3.85303
-3.84945
-3.84939
-3.84646
-3.8434
-3.84484
-3.84736
-3.85075
-3.85264
-3.85724
-3.85776
-3.85487
-3.85567
-3.85356
-3.85563
-3.85483
-3.8557
-3.8549
-3.85497
-3.8552
-3.85769
-3.85984
-3.85741
-3.85445
-3.85261
-3.85482
-3.85504
-3.85539
-3.85732
-3.858
-3.8564
-3.85276
-3.85243
-3.85224
-3.85307
-3.85356
-3.85548
-3.85523
-3.85171
-3.8517
-3.84852
-3.85063
-3.85124
-3.85518
-3.85511
-3.8552
-3.85714
-3.85614
-3.85607
-3.85486
-3.85479
-3.85173
-3.84918
-3.85154
-3.85105
-3.85139
-3.85107
-3.85336
-3.85429
-3.85255
-3.85089
-3.85052
-3.85053
-3.85146
-3.85406
-3.85327
-3.85036
-3.85129
-3.85304
-3.85252
-3.85129
-3.85305
-3.8534
-3.85489
-3.8566
-3.8546
-3.85525
-3.85682
-3.85485
-3.85193
-3.85265
-3.85198
-3.85305
-3.85519
-3.85933
-3.85862
-3.85611
-3.85478
-3.85278
-3.85222
-3.84925
-3.84987
-3.84825
-3.84865
-3.84907
-3.8515
-3.85225
-3.85387
-3.85651
-3.85749
-3.85528
-3.85478
-3.85446
-3.85327
-3.85239
-3.85346
-3.85593
-3.85776
-3.85564
-3.85758
-3.85879
-3.85552
-3.85574
-3.85504
-3.85652
-3.85994
-3.86159
-3.86124
-3.86063
-3.85909
-3.85781
-3.85704
-3.85772
-3.85605
-3.85535
-3.85628
-3.85676
-3.85509
-3.85623
-3.85655
-3.85621
-3.85671
-3.85517
-3.85537
-3.8547
-3.85262
-3.85276
-3.85363
-3.85512
-3.85625
-3.856
-3.85522
-3.85356
-3.85258
-3.85287
-3.8523
-3.85359
-3.85378
-3.85313
-3.8531
-3.85515
-3.85668
-3.85857
-3.85851
-3.85704
-3.85489
-3.85368
-3.85484
-3.85318
-3.8514
-3.85334
-3.85285
-3.85237
-3.85329
-3.85564
-3.85557
-3.85393
-3.85448
-3.8554
-3.85256
-3.85252
-3.85072
-3.85019
-3.84967
-3.84648
-3.84597
-3.84493
-3.84388
-3.8457
-3.84664
-3.84883
-3.84905
-3.85165
-3.85094
-3.85152
-3.8534
-3.85593
-3.85606
-3.85773
-3.85927
-3.85957
-3.86255
-3.86159
-3.85973
-3.85727
-3.85781
-3.85927
-3.86038
-3.85987
-3.85827
-3.85696
-3.85566
-3.85066
-3.84847
-3.84952
-3.85074
-3.85187
-3.85374
-3.85662
-3.85661
-3.85703
-3.85988
-3.85907
-3.86265
-3.86523
-3.86624
-3.86422
-3.8632
-3.86276
-3.85988
-3.85528
-3.8529
-3.85144
-3.85009
-3.84883
-3.84841
-3.85169
-3.85297
-3.85745
-3.858
-3.85803
-3.85918
-3.85437
-3.85491
-3.85362
-3.85167
-3.85041
-3.85052
-3.85013
-3.85127
-3.84902
-3.84888
-3.85049
-3.85046
-3.8478
-3.84877
-3.85198
-3.85308
-3.85439
-3.85462
-3.85791
-3.85628
-3.85917
-3.85633
-3.85615
-3.85525
-3.85488
-3.85525
-3.85652
-3.8554
-3.85563
-3.85317
-3.85322
-3.85255
-3.85286
-3.85099
-3.85004
-3.84879
-3.84813
-3.8495
-3.85281
-3.85469
-3.86019
-3.86161
-3.86192
-3.8592
-3.86165
-3.85975
-3.85927
-3.85807
-3.85915
-3.86067
-3.86035
-3.85866
-3.85858
-3.85861
-3.85867
-3.85939
-3.85966
-3.85968
-3.85783
-3.85844
-3.85583
-3.85626
-3.85402
-3.84994
-3.8533
-3.85334
-3.8551
-3.85435
-3.85517
-3.85562
-3.85278
-3.85249
-3.85446
-3.855
-3.85843
-3.85893
-3.85834
-3.86026
-3.85983
-3.85936
-3.85837
-3.85768
-3.85745
-3.85699
-3.85621
-3.85591
-3.85197
-3.85385
-3.85329
-3.85504
-3.85307
-3.85366
-3.85715
-3.85793
-3.85968
-3.85929
-3.85898
-3.86185
-3.85992
-3.85973
-3.85982
-3.85959
-3.8611
-3.85981
-3.85858
-3.85801
-3.8537
-3.84829
-3.84809
-3.8473
-3.84803
-3.84933
-3.85137
-3.84978
-3.85171
-3.85302
-3.8536
-3.85372
-3.85483
-3.85757
-3.8555
-3.85518
-3.85252
-3.85327
-3.85199
-3.85062
-3.85159
-3.85329
-3.85329
-3.85467
-3.85481
-3.85447
-3.855
-3.85664
-3.85698
-3.85812
-3.8583
-3.85785
-3.85773
-3.85435
-3.85387
-3.8516
-3.85334
-3.85193
-3.85132
-3.8513
-3.85214
-3.85234
-3.85189
-3.85163
-3.85121
-3.85252
-3.85395
-3.85393
-3.85406
-3.85479
-3.85362
-3.85332
-3.85406
-3.85293
-3.85313
-3.85456
-3.85585
-3.85438
-3.85249
-3.85069
-3.84983
-3.84723
-3.84855
-3.85188
-3.85424
-3.85322
-3.85349
-3.85434
-3.85557
-3.85591
-3.85537
-3.85356
-3.85227
-3.85058
-3.84999
-3.85121
-3.85291
-3.85352
-3.85552
-3.85536
-3.85714
-3.85631
-3.85527
-3.85291
-3.85211
-3.85211
-3.85245
-3.85451
-3.85397
-3.85306
-3.85069
-3.84989
-3.84503
-3.84312
-3.84288
-3.84154
-3.84392
-3.84589
-3.84903
-3.85134
-3.85414
-3.85609
-3.85785
-3.85802
-3.85968
-3.86027
-3.86014
-3.8574
-3.85655
-3.85271
-3.85235
-3.84906
-3.84917
-3.84985
-3.8523
-3.8544
-3.85688
-3.85689
-3.85472
-3.8534
-3.85348
-3.85118
-3.84954
-3.85019
-3.84924
-3.85198
-3.85587
-3.85756
-3.85867
-3.85979
-3.861
-3.86194
-3.86184
-3.86057
-3.8598
-3.8575
-3.85367
-3.85046
-3.85334
-3.85392
-3.85358
-3.85393
-3.85341
-3.8544
-3.85523
-3.85641
-3.85581
-3.85662
-3.8552
-3.85563
-3.85901
-3.85951
-3.85982
-3.8617
-3.86181
-3.8603
-3.85917
-3.85769
-3.8554
-3.85381
-3.8555
-3.8545
-3.8503
-3.84838
-3.84529
-3.84397
-3.84393
-3.84519
-3.84906
-3.85138
-3.85338
-3.85397
-3.85388
-3.85369
-3.85252
-3.85234
-3.85277
-3.85608
-3.85744
-3.85775
-3.85638
-3.85515
-3.85619
-3.85763
-3.8574
-3.85852
-3.85691
-3.85712
-3.85643
-3.8545
-3.85196
-3.85196
-3.85196
-3.85434
-3.85486
-3.85623
-3.85524
-3.85716
-3.8581
-3.85807
-3.85778
-3.85886
-3.86257
-3.8608
-3.85973
-3.85678
-3.85303
-3.8493
-3.8482
-3.84909
-3.85065
-3.85388
-3.85673
-3.85868
-3.85748
-3.85808
-3.85845
-3.85637
-3.85466
-3.85213
-3.8507
-3.85229
-3.85486
-3.85477
-3.85521
-3.85756
-3.85848
-3.85715
-3.85958
-3.8554
-3.85274
-3.85463
-3.85519
-3.8556
-3.8546
-3.85312
-3.84846
-3.84638
-3.84919
-3.8497
-3.85198
-3.85326
-3.85061
-3.84881
-3.84881
-3.85302
-3.85572
-3.85806
-3.85805
-3.85942
-3.85754
-3.85591
-3.85743
-3.85787
-3.85513
-3.85635
-3.85286
-3.85316
-3.85167
-3.85131
-3.8482
-3.84894
-3.84937
-3.85094
-3.8522
-3.85363
-3.85432
-3.85508
-3.85609
-3.85709
-3.85934
-3.85973
-3.85937
-3.85793
-3.85764
-3.85664
-3.85776
-3.85821
-3.85561
-3.85481
-3.85288
-3.85162
-3.85084
-3.84887
-3.84582
-3.84418
-3.84614
-3.84786
-3.85376
-3.85782
-3.86006
-3.86224
-3.86044
-3.85775
-3.85597
-3.85507
-3.85708
-3.85631
-3.85466
-3.85416
-3.85006
-3.84851
-3.85177
-3.85516
-3.85467
-3.85481
-3.85439
-3.85403
-3.85369
-3.85521
-3.85693
-3.85742
-3.85521
-3.85663
-3.85523
-3.85525
-3.85421
-3.8505
-3.85279
-3.85076
-3.84948
-3.84928
-3.84973
-3.8488
-3.84964
-3.85075
-3.85424
-3.85631
-3.85749
-3.85943
-3.85875
-3.85936
-3.85964
-3.85729
-3.85598
-3.85598
-3.85695
-3.85458
-3.85427
-3.85388
-3.85346
-3.85228
-3.85319
-3.85102
-3.85112
-3.85121
-3.85164
-3.85521
-3.85945
-3.86102
-3.86046
-3.85943
-3.85639
-3.85258
-3.84865
-3.84468
-3.84327
-3.84275
-3.84325
-3.84321
-3.84361
-3.84533
-3.84819
-3.85072
-3.85387
-3.85358
-3.85649
-3.85732
-3.85558
-3.85459
-3.8527
-3.85213
-3.8493
-3.84819
-3.84462
-3.84195
-3.84052
-3.84207
-3.84489
-3.84841
-3.85526
-3.86083
-3.86479
-3.86685
-3.86546
-3.86256
-3.85853
-3.85559
-3.85145
-3.85054
-3.851
-3.85431
-3.8537
-3.85572
-3.85484
-3.85489
-3.85339
-3.85298
-3.85225
-3.8509
-3.85385
-3.8575
-3.85867
-3.85758
-3.8579
-3.85729
-3.85501
-3.85388
-3.85467
-3.85583
-3.85598
-3.85902
-3.86058
-3.85973
-3.86139
-3.85846
-3.86095
-3.86292
-3.8632
-3.8594
-3.85962
-3.85759
-3.85655
-3.85551
-3.85298
-3.85251
-3.85084
-3.85185
-3.85331
-3.85482
-3.8583
-3.86191
-3.86071
-3.85854
-3.86049
-3.85917
-3.8579
-3.85699
-3.85629
-3.85654
-3.85629
-3.85518
-3.85667
-3.86049
-3.86287
-3.86326
-3.86311
-3.85933
-3.85809
-3.85624
-3.85456
-3.85193
-3.85167
-3.85361
-3.85415
-3.85585
-3.85608
-3.85404
-3.8536
-3.85281
-3.8513
-3.8518
-3.85432
-3.85224
-3.85507
-3.85633
-3.85656
-3.85665
-3.85748
-3.85832
-3.85909
-3.85973
-3.85929
-3.85968
-3.85862
-3.85723
-3.8567
-3.85529
-3.85402
-3.85415
-3.85271
-3.85105
-3.85068
-3.8507
-3.85266
-3.8539
-3.85407
-3.85273
-3.85256
-3.8494
-3.84914
-3.84959
-3.84912
-3.85186
-3.85202
-3.85278
-3.85153
-3.84832
-3.85019
-3.84821
-3.84743
-3.8486
-3.85223
-3.85023
-3.8506
-3.85211
-3.8535
-3.85605
-3.85515
-3.85552
-3.85705
-3.85712
-3.85551
-3.8569
-3.85505
-3.85313
-3.85153
-3.85245
-3.85391
-3.85602
-3.85552
-3.85279
-3.85246
-3.8531
-3.85347
-3.85359
-3.85391
-3.85281
-3.85128
-3.84891
-3.8502
-3.85151
-3.85204
-3.85269
-3.85467
-3.85177
-3.85038
-3.85091
-3.85268
-3.8551
-3.85918
-3.85739
-3.85969
-3.85931
-3.8576
-3.85886
-3.85917
-3.85914
-3.85875
-3.85691
-3.85567
-3.85416
-3.85265
-3.85061
-3.84954
-3.85049
-3.85186
-3.85476
-3.856
-3.85755
-3.85845
-3.85595
-3.85763
-3.85599
-3.85763
-3.85847
-3.85656
-3.85391
-3.85388
-3.85052
-3.84808
-3.84899
-3.84863
-3.8519
-3.85648
-3.85897
-3.85893
-3.85942
-3.8584
-3.85745
-3.85788
-3.85659
-3.85304
-3.85416
-3.85265
-3.85444
-3.8535
-3.85167
-3.85022
-3.84849
-3.84876
-3.8498
-3.84843
-3.84965
-3.85095
-3.8507
-3.85244
-3.8533
-3.85554
-3.8572
-3.85393
-3.8511
-3.85274
-3.85031
-3.84976
-3.84946
-3.85321
-3.85703
-3.85952
-3.85975
-3.86098
-3.86169
-3.85805
-3.85614
-3.85546
-3.85453
-3.85586
-3.85684
-3.859
-3.85686
-3.85516
-3.85424
-3.85392
-3.85073
-3.85165
-3.85336
-3.85269
-3.85291
-3.85391
-3.85445
-3.85651
-3.85648
-3.85586
-3.85569
-3.85446
-3.85598
-3.85713
-3.85618
-3.85524
-3.85422
-3.85261
-3.84815
-3.84484
-3.84913
-3.8501
-3.84878
-3.84833
-3.84818
-3.8502
-3.85214
-3.85189
-3.85364
-3.85407
-3.85408
-3.85513
-3.8568
-3.85595
-3.85269
-3.85405
-3.85423
-3.85506
-3.85594
-3.85636
-3.85414
-3.85497
-3.85511
-3.85614
-3.85782
-3.85954
-3.85851
-3.85562
-3.85618
-3.85524
-3.85603
-3.8555
-3.85499
-3.85649
-3.85546
-3.85212
-3.85434
-3.85375
-3.85375
-3.85249
-3.85348
-3.85531
-3.85607
-3.85567
-3.85525
-3.85503
-3.8553
-3.85417
-3.85402
-3.8536
-3.8536
-3.85562
-3.85607
-3.85758
-3.85867
-3.8604
-3.8587
-3.859
-3.86106
-3.86116
-3.86024
-3.8602
-3.86044
-3.85979
-3.85802
-3.85841
-3.85589
-3.85231
-3.8533
-3.85326
-3.85437
-3.85575
-3.85491
-3.85408
-3.85271
-3.85273
-3.85097
-3.84773
-3.84776
-3.84959
-3.85321
-3.85444
-3.85756
-3.85732
-3.85677
-3.85725
-3.85677
-3.85543
-3.85495
-3.85492
-3.85583
-3.85575
-3.85471
-3.85548
-3.85324
-3.85366
-3.85369
-3.85416
-3.85845
-3.85777
-3.85783
-3.85738
-3.85402
-3.84878
-3.84391
-3.84175
-3.8419
-3.8436
-3.84715
-3.84933
-3.85396
-3.85304
-3.85364
-3.85313
-3.8532
-3.85385
-3.8539
-3.85269
-3.85248
-3.85374
-3.85352
-3.85207
-3.85195
-3.85187
-3.85003
-3.85173
-3.8545
-3.8568
-3.85667
-3.85611
-3.85577
-3.85475
-3.85469
-3.85095
-3.85256
-3.85372
-3.85346
-3.85347
-3.85272
-3.85484
-3.85385
-3.8527
-3.85383
-3.85287
-3.85357
-3.85264
-3.8525
-3.85363
-3.85262
-3.85288
-3.85163
-3.85158
-3.85082
-3.85213
-3.85364
-3.85582
-3.85708
-3.85616
-3.85831
-3.85885
-3.86018
-3.86154
-3.86317
-3.86199
-3.85965
-3.85993
-3.85892
-3.8603
-3.86256
-3.86329
-3.86008
-3.85655
-3.8541
-3.85467
-3.85535
-3.85498
-3.8561
-3.85501
-3.85484
-3.85281
-3.85079
-3.84847
-3.84948
-3.851
-3.85318
-3.85324
-3.85408
-3.85259
-3.85164
-3.85148
-3.84928
-3.84835
-3.8476
-3.84763
-3.84561
-3.84556
-3.84631
-3.85033
-3.85139
-3.85249
-3.85514
-3.85699
-3.85628
-3.85407
-3.85372
-3.85181
-3.85272
-3.85224
-3.85402
-3.85184
-3.85507
-3.85674
-3.85548
-3.85298
-3.85335
-3.85365
-3.85404
-3.85431
-3.85598
-3.85714
-3.85472
-3.85253
-3.85227
-3.85022
-3.84641
-3.84672
-3.84794
-3.84773
-3.84644
-3.84653
-3.84803
-3.84947
-3.85096
-3.84873
-3.84844
-3.84677
-3.8464
-3.8447
-3.84461
-3.84736
-3.84819
-3.85124
-3.85366
-3.85518
-3.8533
-3.85348
-3.8523
-3.85514
-3.85513
-3.85676
-3.8563
-3.85614
-3.85708
-3.8563
-3.85818
-3.85694
-3.85547
-3.85477
-3.8558
-3.85703
-3.85505
-3.85439
-3.85449
-3.85599
-3.85467
-3.85277
-3.8538
-3.85647
-3.86173
-3.86345
-3.8645
-3.86559
-3.86638
-3.86562
-3.86357
-3.86227
-3.8577
-3.856
-3.85373
-3.85099
-3.85124
-3.85119
-3.84893
-3.84567
-3.84497
-3.84603
-3.84961
-3.85069
-3.85304
-3.85758
-3.85889
-3.85746
-3.85553
-3.8563
-3.85296
-3.85305
-3.85213
-3.84922
-3.84895
-3.84988
-3.8503
-3.85167
-3.85391
-3.85733
-3.85587
-3.85601
-3.85361
-3.85143
-3.85167
-3.8518
-3.85262
-3.85318
-3.85338
-3.85168
-3.8493
-3.84812
-3.84833
-3.84889
-3.85251
-3.85254
-3.85693
-3.85799
-3.8592
-3.85826
-3.85708
-3.85567
-3.85642
-3.85582
-3.85479
-3.85437
-3.85316
-3.85193
-3.85144
-3.85203
-3.85162
-3.85165
-3.84893
-3.84857
-3.84837
-3.84768
-3.84799
-3.85058
-3.85254
-3.85237
-3.853
-3.85344
-3.85089
-3.85131
-3.85196
-3.85418
-3.85596
-3.85965
-3.85816
-3.86011
-3.85905
-3.85547
-3.85143
-3.8524
-3.85334
-3.85647
-3.85658
-3.85686
-3.85655
-3.85265
-3.85238
-3.8527
-3.84985
-3.85028
-3.84975
-3.85236
-3.85688
-3.85788
-3.85828
-3.85555
-3.85293
-3.85275
-3.84976
-3.84899
-3.84963
-3.84861
-3.84823
-3.84959
-3.85125
-3.85216
-3.85522
-3.85435
-3.8543
-3.85532
-3.85617
-3.85587
-3.85833
-3.85719
-3.85617
-3.85274
-3.85019
-3.85007
-3.84868
-3.84993
-3.84898
-3.85069
-3.85326
-3.85461
-3.8553
-3.85968
-3.86256
-3.8645
-3.86256
-3.86252
-3.85834
-3.85907
-3.85633
-3.85775
-3.85768
-3.85552
-3.85449
-3.85346
-3.85281
-3.85221
-3.85452
-3.85585
-3.85552
-3.85594
-3.85788
-3.85523
-3.85202
-3.84895
-3.84976
-3.85009
-3.85311
-3.85546
-3.85813
-3.85977
-3.8585
-3.85919
-3.85696
-3.85517
-3.85699
-3.85423
-3.85331
-3.85164
-3.85219
-3.85355
-3.85387
-3.85414
-3.85619
-3.85813
-3.85944
-3.85738
-3.85462
-3.85454
-3.85368
-3.85166
-3.85124
-3.85043
-3.84902
-3.84847
-3.84872
-3.8495
-3.85143
-3.84909
-3.85063
-3.84827
-3.84649
-3.85087
-3.85192
-3.85248
-3.85451
-3.85564
-3.85682
-3.85818
-3.85818
-3.85592
-3.85462
-3.85409
-3.85557
-3.85791
-3.86012
-3.85989
-3.8619
-3.8622
-3.86172
-3.86272
-3.8638
-3.86316
-3.86092
-3.85774
-3.85601
-3.85575
-3.85413
-3.85353
-3.85338
-3.85815
-3.856
-3.85446
-3.85408
-3.85513
-3.85635
-3.8544
-3.85608
-3.85636
-3.85847
-3.85569
-3.85135
-3.85108
-3.85325
-3.85441
-3.85631
-3.8553
-3.85841
-3.85723
-3.85887
-3.8587
-3.85744
-3.85718
-3.85633
-3.85169
-3.85088
-3.85153
-3.85158
-3.8511
-3.85231
-3.85256
-3.85087
-3.85143
-3.85279
-3.85374
-3.85373
-3.85526
-3.8562
-3.85418
-3.85315
-3.85231
-3.85135
-3.85315
-3.8525
-3.85169
-3.85151
-3.85059
-3.84969
-3.85072
-3.85029
-3.85248
-3.855
-3.85777
-3.85573
-3.85546
-3.85342
-3.85346
-3.85308
-3.85052
-3.8505
-3.85084
-3.85081
-3.85041
-3.85038
-3.85181
-3.85141
-3.85204
-3.85031
-3.85114
-3.85401
-3.85604
-3.85625
-3.85332
-3.85082
-3.85101
-3.8471
-3.84816
-3.84849
-3.84766
-3.85056
-3.85243
-3.85355
-3.85144
-3.85462
-3.85699
-3.8558
-3.85575
-3.85383
-3.85261
-3.85478
-3.8543
-3.85456
-3.85365
-3.85488
-3.85266
-3.85514
-3.85367
-3.85253
-3.85276
-3.85475
-3.85538
-3.85469
-3.85573
-3.85781
-3.85771
-3.85609
-3.85677
-3.85401
-3.85454
-3.8572
-3.85898
-3.86272
-3.86204
-3.86038
-3.85677
-3.85272
-3.8509
-3.85038
-3.8501
-3.84849
-3.84898
-3.84858
-3.8521
-3.85083
-3.85088
-3.85163
-3.85123
-3.85109
-3.85258
-3.85281
-3.85399
-3.85528
-3.85456
-3.85272
-3.8534
-3.85412
-3.85211
-3.85022
-3.85148
-3.85323
-3.85422
-3.85583
-3.85412
-3.85225
-3.85415
-3.85531
-3.85898
-3.85757
-3.8585
-3.8574
-3.85647
-3.85464
-3.85224
-3.84955
-3.84802
-3.848
-3.84919
-3.85067
-3.85498
-3.85738
-3.85875
-3.86016
-3.85899
-3.85921
-3.85842
-3.85621
-3.85473
-3.85502
-3.85474
-3.85546
-3.85624
-3.85713
-3.85787
-3.85724
-3.85656
-3.85683
-3.85479
-3.8522
-3.85094
-3.84738
-3.84635
-3.84831
-3.85017
-3.85159
-3.85343
-3.85726
-3.85722
-3.85492
-3.85495
-3.85462
-3.85548
-3.85401
-3.8529
-3.85221
-3.84981
-3.85181
-3.85393
-3.85339
-3.85195
-3.85221
-3.85216
-3.84921
-3.84879
-3.8468
-3.84903
-3.84868
-3.84839
-3.84702
-3.847
-3.85054
-3.85204
-3.85358
-3.85652
-3.85856
-3.86046
-3.86072
-3.86205
-3.86328
-3.86258
-3.86364
-3.86292
-3.86043
-3.8586
-3.85487
-3.85106
-3.84773
-3.84492
-3.84304
-3.84386
-3.84618
-3.84977
-3.85189
-3.85472
-3.85811
-3.8596
-3.85725
-3.85846
-3.8576
-3.85709
-3.85326
-3.85262
-3.85164
-3.8521
-3.8534
-3.85375
-3.8535
-3.85441
-3.855
-3.85326
-3.85262
-3.85245
-3.85427
-3.85182
-3.85136
-3.85278
-3.85236
-3.85416
-3.85615
-3.85668
-3.85797
-3.85736
-3.85478
-3.85092
-3.84912
-3.84665
-3.84629
-3.84796
-3.84616
-3.84698
-3.84899
-3.85188
-3.85564
-3.85714
-3.85608
-3.85877
-3.8595
-3.86103
-3.85966
-3.85956
-3.85836
-3.85634
-3.85383
-3.85294
-3.85321
-3.85131
-3.85096
-3.85246
-3.85386
-3.85359
-3.85502
-3.85523
-3.85495
-3.85607
-3.85585
-3.85613
-3.85456
-3.85568
-3.85598
-3.85613
-3.85417
-3.85271
-3.85436
-3.85428
-3.85272
-3.85146
-3.85228
-3.85405
-3.85539
-3.85659
-3.85894
-3.85886
-3.85776
-3.8531
-3.85169
-3.8507
-3.85202
-3.85363
-3.85248
-3.85421
-3.85598
-3.85278
-3.85321
-3.85369
-3.85089
-3.85048
-3.84913
-3.8488
-3.8488
-3.84745
-3.84999
-3.85271
-3.8551
-3.8567
-3.85708
-3.85501
-3.85487
-3.85491
-3.85566
-3.85718
-3.85911
-3.85794
-3.85637
-3.85731
-3.85486
-3.85497
-3.8539
-3.85352
-3.85413
-3.85256
-3.85513
-3.8544
-3.85628
-3.85873
-3.86017
-3.8596
-3.86172
-3.86048
-3.86157
-3.86104
-3.86018
-3.85967
-3.85588
-3.85189
-3.84833
-3.84879
-3.8498
-3.85358
-3.85475
-3.85564
-3.8554
-3.85648
-3.85518
-3.85368
-3.85322
-3.85396
-3.85628
-3.85838
-3.86107
-3.86237
-3.86178
-3.85898
-3.85392
-3.85296
-3.85159
-3.848
-3.85044
-3.85063
-3.85219
-3.85283
-3.855
-3.85888
-3.86034
-3.85689
-3.85558
-3.85564
-3.8562
-3.85642
-3.85615
-3.85442
-3.85443
-3.85386
-3.85368
-3.85707
-3.85579
-3.85385
-3.85286
-3.85129
-3.85237
-3.85424
-3.85563
-3.85605
-3.855
-3.85707
-3.85611
-3.85238
-3.85281
-3.85027
-3.85071
-3.84789
-3.8482
-3.84813
-3.84975
-3.85372
-3.85593
-3.8583
-3.85866
-3.86199
-3.86189
-3.86321
-3.86394
-3.86254
-3.86254
-3.85878
-3.85891
-3.85927
-3.85654
-3.85599
-3.8549
-3.85533
-3.85574
-3.85639
-3.85706
-3.85577
-3.85696
-3.85779
-3.85764
-3.85583
-3.85605
-3.85661
-3.85382
-3.85273
-3.84859
-3.8485
-3.84941
-3.84763
-3.84894
-3.85208
-3.85269
-3.85534
-3.85821
-3.85813
-3.85805
-3.85703
-3.85762
-3.85739
-3.86133
-3.85982
-3.85966
-3.85917
-3.85859
-3.8597
-3.85917
-3.8593
-3.85712
-3.85561
-3.85613
-3.85214
-3.85218
-3.85289
-3.85435
-3.85669
-3.85633
-3.85683
-3.85577
-3.8577
-3.85696
-3.85507
-3.85385
-3.85191
-3.84921
-3.84958
-3.85237
-3.85339
-3.85536
-3.85429
-3.85337
-3.85161
-3.85092
-3.84652
-3.84623
-3.84903
-3.85014
-3.85043
-3.85231
-3.85309
-3.85433
-3.85508
-3.85733
-3.85702
-3.85736
-3.85677
-3.85734
-3.85801
-3.85604
-3.85436
-3.85615
-3.85457
-3.85474
-3.85284
-3.85225
-3.85371
-3.85401
-3.85381
-3.85344
-3.85233
-3.85275
-3.85525
-3.8548
-3.85448
-3.85355
-3.85469
-3.85384
-3.85187
-3.85087
-3.85207
-3.85466
-3.85387
-3.855
-3.85495
-3.85404
-3.85125
-3.85022
-3.8509
-3.85104
-3.85079
-3.85325
-3.85292
-3.85052
-3.85043
-3.84944
-3.85049
-3.84844
-3.84844
-3.8478
-3.84757
-3.84874
-3.85125
-3.85423
-3.85438
-3.85384
-3.85216
-3.85068
-3.85109
-3.84938
-3.84896
-3.84953
-3.84892
-3.84836
-3.84991
-3.84853
-3.84828
-3.8509
-3.85196
-3.85241
-3.85476
-3.85436
-3.85685
-3.85903
-3.8602
-3.86096
-3.85928
-3.85557
-3.85264
-3.8509
-3.84888
-3.84926
-3.85206
-3.85268
-3.85534
-3.85753
-3.85849
-3.86083
-3.86098
-3.86089
-3.86262
-3.86196
-3.86002
-3.85813
-3.85423
-3.85347
-3.85479
-3.85516
-3.85552
-3.85497
-3.85524
-3.8556
-3.85832
-3.85737
-3.85814
-3.85439
-3.85467
-3.85227
-3.85192
-3.84989
-3.84757
-3.8464
-3.84565
-3.84689
-3.84702
-3.84855
-3.85055
-3.85363
-3.85442
-3.85664
-3.8575
-3.8555
-3.85223
-3.85133
-3.84985
-3.85164
-3.84947
-3.84716
-3.85037
-3.85256
-3.8552
-3.85645
-3.85491
-3.8524
-3.85307
-3.85222
-3.8524
-3.85255
-3.85182
-3.85207
-3.8522
-3.85402
-3.85609
-3.85675
-3.8576
-3.85722
-3.8567
-3.85626
-3.85666
-3.85674
-3.85834
-3.85599
-3.85574
-3.85407
-3.85486
-3.85586
-3.8557
-3.85619
-3.85617
-3.85496
-3.85588
-3.85785
-3.85738
-3.85805
-3.85691
-3.85563
-3.85783
-3.85895
-3.8616
-3.86075
-3.85907
-3.85802
-3.8566
-3.85321
-3.85459
-3.85307
-3.85263
-3.85027
-3.85197
-3.85048
-3.85357
-3.8527
-3.85197
-3.85489
-3.8527
-3.85318
-3.85385
-3.85435
-3.85415
-3.85493
-3.8523
-3.85297
-3.84959
-3.84852
-3.84666
-3.84798
-3.84732
-3.85031
-3.85067
-3.85375
-3.85414
-3.85339
-3.85354
-3.85515
-3.85739
-3.85502
-3.8544
-3.85167
-3.85051
-3.84895
-3.84924
-3.85115
-3.85554
-3.85716
-3.85865
-3.8578
-3.85603
-3.85652
-3.85623
-3.85195
-3.85111
-3.84667
-3.84648
-3.847
-3.84676
-3.84978
-3.85359
-3.8547
-3.85551
-3.8558
-3.85563
-3.85626
-3.85608
-3.85374
-3.85456
-3.85501
-3.85298
-3.85372
-3.85126
-3.85321
-3.85142
-3.85147
-3.85109
-3.85065
-3.84966
-3.85168
-3.85511
-3.85595
-3.85779
-3.85677
-3.85543
-3.85282
-3.8519
-3.85058
-3.85102
-3.84858
-3.84981
-3.85257
-3.84988
-3.85285
-3.85384
-3.85429
-3.85439
-3.85408
-3.85278
-3.85326
-3.85032
-3.85233
-3.85109
-3.85262
-3.85442
-3.85553
-3.85847
-3.85822
-3.8607
-3.86135
-3.86086
-3.85862
-3.85872
-3.85412
-3.8526
-3.85014
-3.84948
-3.84887
-3.85013
-3.85028
-3.85188
-3.8508
-3.85149
-3.85103
-3.85357
-3.85446
-3.85102
-3.85017
-3.84787
-3.84887
-3.85032
-3.85026
-3.8496
-3.84886
-3.84702
-3.84747
-3.84756
-3.84805
-3.84761
-3.84726
-3.84678
-3.84786
-3.85021
-3.85145
-3.85164
-3.85118
-3.85309
-3.85502
-3.85704
-3.85796
-3.8574
-3.85551
-3.85193
-3.85057
-3.85193
-3.85421
-3.85609
-3.85798
-3.8568
-3.85445
-3.85537
-3.85537
-3.854
-3.8509
-3.84942
-3.84871
-3.84812
-3.848
-3.8457
-3.84867
-3.8515
-3.85336
-3.85268
-3.85168
-3.84945
-3.85098
-3.8509
-3.85277
-3.85295
-3.85538
-3.85763
-3.85818
-3.85899
-3.85894
-3.85848
-3.85744
-3.85569
-3.85605
-3.85602
-3.85574
-3.85519
-3.8583
-3.8601
-3.86084
-3.86075
-3.8638
-3.86394
-3.86504
-3.86176
-3.86004
-3.85742
-3.85232
-3.85223
-3.85335
-3.85037
-3.85141
-3.85386
-3.85444
-3.85224
-3.85037
-3.85051
-3.84939
-3.84878
-3.8488
-3.84832
-3.8495
-3.85246
-3.85587
-3.85965
-3.86481
-3.86385
-3.86566
-3.86565
-3.86257
-3.85795
-3.85492
-3.85174
-3.84861
-3.84879
-3.8496
-3.85139
-3.85137
-3.85362
-3.85418
-3.85292
-3.85289
-3.8539
-3.85312
-3.85362
-3.85084
-3.84852
-3.85
-3.8528
-3.85668
-3.85724
-3.85524
-3.85524
-3.85353
-3.85387
-3.85273
-3.85418
-3.85685
-3.85765
-3.85649
-3.85498
-3.85468
-3.85357
-3.85091
-3.84798
-3.84728
-3.84808
-3.84842
-3.84992
-3.85373
-3.85552
-3.85927
-3.85952
-3.85734
-3.85683
-3.85802
-3.85815
-3.85699
-3.85692
-3.85322
-3.85193
-3.85032
-3.84934
-3.8489
-3.84792
-3.84887
-3.8488
-3.85036
-3.85074
-3.8518
-3.85247
-3.85093
-3.85134
-3.85154
-3.85131
-3.85327
-3.85423
-3.85532
-3.85598
-3.8578
-3.8584
-3.85637
-3.85313
-3.85235
-3.84985
-3.84512
-3.84532
-3.84656
-3.84763
-3.84974
-3.85583
-3.85782
-3.85938
-3.86001
-3.85923
-3.85787
-3.85468
-3.85311
-3.85287
-3.8512
-3.85173
-3.85181
-3.85242
-3.85429
-3.85407
-3.85635
-3.85907
-3.86022
-3.85901
-3.85494
-3.85193
-3.85039
-3.85013
-3.8498
-3.85215
-3.85465
-3.85411
-3.85486
-3.85582
-3.85472
-3.85456
-3.85452
-3.85535
-3.85511
-3.85475
-3.85492
-3.85413
-3.85279
-3.85077
-3.85003
-3.84801
-3.84874
-3.85173
-3.85259
-3.85367
-3.8515
-3.85089
-3.84707
-3.84795
-3.84835
-3.84852
-3.84895
-3.85027
-3.85412
-3.85615
-3.8548
-3.85156
-3.85045
-3.85132
-3.84981
-3.84998
-3.85193
-3.85471
-3.85559
-3.85495
-3.85665
-3.8614
-3.85973
-3.86042
-3.86
-3.8566
-3.85454
-3.8505
-3.85
-3.84696
-3.84899
-3.84944
-3.84959
-3.85371
-3.85326
-3.85526
-3.85385
-3.85283
-3.85448
-3.8537
-3.85377
-3.85592
-3.85317
-3.85258
-3.85165
-3.85102
-3.84913
-3.84781
-3.84956
-3.84992
-3.84895
-3.84818
-3.84661
-3.84951
-3.8521
-3.85285
-3.85315
-3.85373
-3.85426
-3.8565
-3.85497
-3.85532
-3.85426
-3.85473
-3.85521
-3.85373
-3.85326
-3.85372
-3.85474
-3.85504
-3.85717
-3.85924
-3.86125
-3.85914
-3.85623
-3.85439
-3.85515
-3.85363
-3.85286
-3.85046
-3.8519
-3.85064
-3.85164
-3.85226
-3.85363
-3.85581
-3.8576
-3.85677
-3.85706
-3.85817
-3.85577
-3.85652
-3.85477
-3.85518
-3.85491
-3.8546
-3.85521
-3.85699
-3.85799
-3.85935
-3.86118
-3.862
-3.8627
-3.86292
-3.86076
-3.85973
-3.85872
-3.85501
-3.856
-3.85494
-3.85683
-3.85801
-3.85951
-3.8611
-3.86095
-3.86145
-3.85961
-3.86047
-3.85793
-3.85661
-3.85635
-3.85571
-3.85404
-3.85536
-3.85427
-3.85257
-3.8522
-3.85291
-3.85085
-3.84927
-3.84756
-3.8463
-3.84652
-3.84599
-3.8455
-3.84617
-3.85137
-3.85371
-3.85445
-3.8565
-3.85645
-3.85872
-3.85809
-3.85775
-3.85941
-3.86033
-3.86007
-3.85872
-3.85889
-3.85956
-3.85902
-3.85617
-3.85803
-3.85662
-3.85705
-3.85833
-3.85767
-3.85989
-3.86044
-3.86078
-3.85924
-3.85606
-3.85721
-3.85492
-3.85459
-3.85368
-3.85443
-3.85614
-3.8558
-3.8543
-3.85415
-3.85432
-3.85284
-3.85165
-3.84965
-3.84773
-3.84851
-3.85135
-3.85252
-3.85384
-3.85486
-3.85399
-3.85566
-3.85602
-3.85746
-3.85767
-3.85895
-3.85733
-3.85635
-3.85119
-3.84712
-3.8491
-3.85118
-3.85546
-3.8554
-3.85711
-3.85987
-3.86042
-3.86059
-3.85867
-3.85738
-3.85803
-3.856
-3.8514
-3.85276
-3.85279
-3.85099
-3.85342
-3.85325
-3.85196
-3.85305
-3.85359
-3.85502
-3.85368
-3.85488
-3.85277
-3.85124
-3.85037
-3.84779
-3.85217
-3.85333
-3.85256
-3.85403
-3.85816
-3.86115
-3.86048
-3.85757
-3.85285
-3.84984
-3.85071
-3.85442
-3.85539
-3.85384
-3.85507
-3.85514
-3.85532
-3.85614
-3.855
-3.85458
-3.85258
-3.85255
-3.85035
-3.85222
-3.85367
-3.8541
-3.8535
-3.85663
-3.85949
-3.85906
-3.86004
-3.86419
-3.86477
-3.86202
-3.8584
-3.85743
-3.85527
-3.85516
-3.85625
-3.85752
-3.85596
-3.85809
-3.85616
-3.8578
-3.85251
-3.85114
-3.84958
-3.85009
-3.84929
-3.85085
-3.85195
-3.85228
-3.85091
-3.85284
-3.8527
-3.85143
-3.85197
-3.85054
-3.85222
-3.85363
-3.8558
-3.85643
-3.85637
-3.85724
-3.85965
-3.86045
-3.85993
-3.86028
-3.85987
-3.8567
-3.85714
-3.85412
-3.85192
-3.85028
-3.84335
-3.84106
-3.84196
-3.84256
-3.84539
-3.84987
-3.85203
-3.85422
-3.85723
-3.85712
-3.85857
-3.85919
-3.85901
-3.86087
-3.86239
-3.86132
-3.85819
-3.85781
-3.85602
-3.85733
-3.85642
-3.85528
-3.8504
-3.8491
-3.8493
-3.84797
-3.85117
-3.85134
-3.85406
-3.85482
-3.85309
-3.85263
-3.85331
-3.85507
-3.85487
-3.85494
-3.85496
-3.85431
-3.85558
-3.86015
-3.85914
-3.85857
-3.85675
-3.85677
-3.85644
-3.85408
-3.8537
-3.85027
-3.85106
-3.85103
-3.85245
-3.85334
-3.84961
-3.84775
-3.84641
-3.84505
-3.8423
-3.84276
-3.84467
-3.84789
-3.85189
-3.85461
-3.85663
-3.86061
-3.8606
-3.85823
-3.85526
-3.85373
-3.85387
-3.85243
-3.85092
-3.85155
-3.85247
-3.85487
-3.85401
-3.85323
-3.85435
-3.85131
-3.85078
-3.84893
-3.84987
-3.84983
-3.85141
-3.85442
-3.85861
-3.86114
-3.8605
-3.85902
-3.85951
-3.85949
-3.86082
-3.86059
-3.86093
-3.85968
-3.85955
-3.85852
-3.85696
-3.85377
-3.85185
-3.85145
-3.85231
-3.85543
-3.85526
-3.8564
-3.85705
-3.85768
-3.85767
-3.85581
-3.85501
-3.85533
-3.85622
-3.8567
-3.85478
-3.85196
-3.85165
-3.85243
-3.85339
-3.85382
-3.85775
-3.85747
-3.85631
-3.85527
-3.85413
-3.8568
-3.85747
-3.85584
-3.85263
-3.85158
-3.85025
-3.85007
-3.84916
-3.85095
-3.85159
-3.85403
-3.85225
-3.85273
-3.85197
-3.852
-3.85225
-3.85215
-3.84982
-3.85214
-3.85472
-3.8559
-3.85663
-3.85421
-3.85708
-3.85603
-3.85585
-3.85295
-3.85014
-3.85091
-3.84916
-3.84937
-3.8501
-3.85432
-3.85517
-3.8542
-3.8516
-3.85035
-3.85188
-3.85302
-3.85566
-3.85226
-3.85413
-3.85435
-3.85399
-3.85279
-3.8508
-3.84878
-3.84818
-3.8488
-3.84893
-3.84877
-3.85039
-3.85299
-3.85459
-3.85642
-3.85812
-3.85877
-3.85693
-3.85722
-3.85543
-3.85139
-3.85171
-3.85335
-3.85254
-3.85304
-3.85348
-3.85436
-3.85384
-3.85247
-3.85276
-3.85131
-3.84976
-3.851
-3.85121
-3.85086
-3.85276
-3.85405
-3.85643
-3.85785
-3.85876
-3.85941
-3.86003
-3.85721
-3.85653
-3.85414
-3.85267
-3.84988
-3.8505
-3.85248
-3.85301
-3.85119
-3.85575
-3.85517
-3.85531
-3.85528
-3.85348
-3.85185
-3.85265
-3.85188
-3.8519
-3.85227
-3.85387
-3.85218
-3.85015
-3.84906
-3.84642
-3.84487
-3.84564
-3.84815
-3.84902
-3.85197
-3.85159
-3.85385
-3.85578
-3.85613
-3.85852
-3.85899
-3.85959
-3.85786
-3.85581
-3.85183
-3.84932
-3.84672
-3.84448
-3.84289
-3.84386
-3.84685
-3.84933
-3.85147
-3.85246
-3.85469
-3.85466
-3.85566
-3.85658
-3.85522
-3.85442
-3.85382
-3.85251
-3.85657
-3.85455
-3.85527
-3.85427
-3.85265
-3.8515
-3.85091
-3.84846
-3.84831
-3.85135
-3.85261
-3.85286
-3.853
-3.8551
-3.85552
-3.85613
-3.85634
-3.85488
-3.85367
-3.85125
-3.8503
-3.8505
-3.85235
-3.85314
-3.85023
-3.85394
-3.85504
-3.85418
-3.85393
-3.85416
-3.85401
-3.85373
-3.85015
-3.84755
-3.8447
-3.84636
-3.84862
-3.85056
-3.85139
-3.85222
-3.85178
-3.85143
-3.85155
-3.85274
-3.85522
-3.8534
-3.85639
-3.85401
-3.85356
-3.85455
-3.8527
-3.85416
-3.85459
-3.854
-3.85594
-3.85638
-3.85729
-3.85783
-3.85871
-3.86073
-3.86331
-3.86076
-3.85809
-3.85436
-3.85399
-3.8529
-3.84978
-3.8548
-3.85135
-3.85042
-3.85325
-3.85462
-3.85651
-3.85799
-3.85562
-3.85161
-3.84903
-3.84548
-3.84513
-3.84346
-3.84667
-3.84937
-3.85433
-3.85692
-3.85919
-3.86009
-3.85852
-3.85709
-3.85399
-3.85348
-3.85293
-3.85549
-3.85569
-3.85484
-3.85537
-3.85526
-3.85263
-3.84972
-3.85194
-3.85334
-3.85298
-3.85122
-3.85108
-3.85405
-3.85061
-3.85184
-3.85026
-3.84748
-3.84712
-3.84754
-3.85032
-3.85289
-3.85888
-3.86041
-3.85918
-3.85626
-3.85338
-3.85276
-3.85327
-3.85243
-3.85161
-3.84955
-3.84826
-3.84905
-3.8493
-3.85141
-3.85131
-3.85098
-3.85085
-3.85344
-3.85257
-3.85374
-3.85504
-3.85318
-3.85192
-3.8524
-3.85262
-3.85382
-3.85334
-3.85281
-3.85364
-3.85086
-3.8535
-3.85443
-3.85594
-3.85635
-3.85389
-3.85303
-3.85137
-3.85057
-3.84956
-3.84947
-3.84903
-3.84961
-3.85408
-3.85466
-3.85389
-3.85583
-3.85377
-3.85368
-3.85309
-3.85346
-3.85399
-3.85448
-3.854
-3.8561
-3.85665
-3.8563
-3.85451
-3.85396
-3.85379
-3.85423
-3.85515
-3.85596
-3.85571
-3.85683
-3.85605
-3.85787
-3.85931
-3.85703
-3.85547
-3.85441
-3.85094
-3.85158
-3.84916
-3.84742
-3.84738
-3.8512
-3.85266
-3.85293
-3.85657
-3.85737
-3.85488
-3.85294
-3.854
-3.85753
-3.86054
-3.86138
-3.85784
-3.85438
-3.85235
-3.84995
-3.84895
-3.85033
-3.85113
-3.85159
-3.85633
-3.85869
-3.86104
-3.8596
-3.85882
-3.85858
-3.85726
-3.85445
-3.85444
-3.853
-3.85163
-3.85055
-3.84971
-3.85343
-3.85655
-3.85645
-3.85836
-3.85711
-3.85729
-3.85458
-3.8482
-3.84858
-3.84638
-3.84414
-3.84405
-3.84368
-3.84416
-3.84704
-3.85076
-3.85379
-3.85531
-3.85723
-3.85507
-3.85714
-3.85887
-3.86131
-3.86034
-3.86012
-3.85983
-3.85729
-3.85618
-3.8551
-3.85375
-3.85374
-3.85177
-3.85088
-3.84922
-3.8493
-3.84928
-3.85212
-3.85388
-3.85762
-3.8566
-3.85951
-3.86012
-3.8609
-3.85852
-3.85727
-3.85613
-3.85627
-3.85583
-3.85748
-3.86058
-3.86354
-3.86284
-3.85819
-3.85702
-3.85431
-3.84879
-3.84927
-3.85241
-3.85295
-3.85599
-3.86164
-3.86355
-3.86379
-3.86364
-3.86053
-3.85939
-3.85809
-3.85609
-3.8549
-3.85373
-3.85282
-3.8517
-3.85098
-3.85249
-3.85749
-3.85925
-3.86273
-3.86447
-3.8672
-3.86381
-3.86279
-3.86184
-3.85993
-3.85877
-3.85403
-3.85494
-3.85293
-3.85122
-3.85139
-3.85104
-3.84815
-3.84604
-3.84607
-3.84677
-3.84776
-3.84756
-3.8468
-3.84939
-3.85301
-3.85437
-3.85757
-3.8583
-3.8603
-3.85579
-3.85564
-3.85522
-3.85532
-3.85721
-3.85658
-3.85575
-3.85659
-3.85428
-3.8529
-3.84928
-3.84482
-3.84638
-3.84487
-3.84433
-3.84801
-3.85108
-3.85493
-3.85571
-3.85829
-3.85868
-3.8599
-3.86025
-3.86035
-3.85968
-3.85965
-3.85889
-3.85907
-3.85732
-3.8566
-3.85315
-3.85121
-3.85056
-3.85125
-3.85273
-3.85586
-3.85689
-3.8569
-3.85552
-3.85396
-3.85216
-3.85008
-3.84778
-3.84738
-3.84672
-3.84743
-3.85238
-3.85429
-3.85355
-3.85467
-3.85539
-3.85528
-3.85508
-3.85391
-3.85648
-3.85679
-3.85686
-3.85605
-3.8528
-3.85195
-3.85079
-3.85367
-3.85499
-3.85905
-3.86087
-3.86106
-3.85965
-3.86143
-3.86171
-3.86177
-3.85972
-3.85677
-3.85593
-3.8585
-3.85821
-3.85992
-3.86001
-3.86273
-3.86191
-3.86251
-3.8605
-3.85871
-3.85722
-3.85538
-3.85542
-3.85628
-3.85553
-3.85708
-3.85797
-3.8555
-3.85401
-3.85492
-3.85535
-3.8547
-3.85321
-3.85334
-3.85193
-3.85232
-3.85419
-3.85628
-3.85441
-3.85303
-3.85346
-3.85438
-3.85396
-3.85422
-3.85336
-3.85275
-3.85166
-3.8499
-3.85288
-3.85354
-3.85228
-3.8536
-3.85382
-3.85475
-3.85308
-3.85188
-3.85184
-3.85076
-3.85127
-3.8517
-3.85144
-3.85211
-3.84959
-3.84746
-3.84863
-3.84834
-3.84733
-3.84803
-3.8494
-3.84692
-3.8495
-3.85396
-3.85869
-3.86209
-3.86252
-3.85963
-3.8582
-3.85427
-3.85457
-3.85605
-3.85435
-3.85373
-3.85613
-3.85644
-3.85491
-3.85477
-3.85315
-3.85334
-3.85293
-3.85147
-3.84996
-3.84735
-3.84967
-3.85288
-3.85328
-3.85408
-3.85468
-3.85456
-3.85614
-3.85504
-3.85394
-3.85404
-3.85606
-3.85643
-3.85464
-3.85366
-3.85247
-3.85473
-3.85376
-3.85428
-3.85485
-3.85542
-3.85844
-3.85775
-3.8575
-3.85628
-3.85674
-3.85784
-3.85721
-3.85772
-3.85852
-3.85964
-3.85859
-3.8593
-3.85749
-3.85506
-3.8544
-3.85476
-3.8574
-3.85638
-3.85562
-3.85401
-3.8558
-3.85682
-3.85602
-3.85602
-3.85554
-3.85249
-3.85173
-3.85371
-3.8547
-3.85289
-3.85263
-3.85165
-3.85114
-3.85224
-3.85396
-3.85366
-3.85307
-3.85123
-3.85276
-3.85476
-3.8563
-3.85676
-3.85806
-3.8562
-3.85669
-3.85797
-3.85722
-3.85677
-3.85406
-3.85372
-3.85075
-3.84877
-3.85061
-3.85151
-3.84999
-3.85266
-3.85198
-3.85307
-3.85309
-3.85347
-3.85447
-3.8554
-3.85797
-3.85731
-3.8557
-3.8552
-3.85397
-3.85318
-3.85464
-3.85443
-3.85476
-3.85668
-3.85422
-3.85556
-3.85524
-3.85519
-3.85226
-3.85182
-3.8518
-3.8504
-3.8515
-3.85352
-3.85511
-3.85699
-3.85596
-3.85722
-3.85644
-3.85601
-3.85366
-3.85455
-3.8531
-3.85395
-3.85379
-3.85337
-3.85507
-3.85492
-3.85533
-3.85446
-3.85328
-3.8539
-3.85041
-3.85069
-3.84688
-3.84816
-3.84961
-3.85009
-3.85001
-3.85249
-3.85226
-3.8534
-3.85418
-3.85257
-3.85457
-3.85578
-3.85326
-3.8532
-3.85246
-3.8505
-3.85138
-3.85107
-3.85344
-3.85761
-3.85795
-3.85604
-3.85469
-3.85449
-3.85415
-3.85195
-3.84853
-3.84707
-3.84994
-3.85023
-3.84916
-3.85065
-3.85174
-3.85195
-3.84996
-3.85241
-3.85296
-3.85323
-3.85358
-3.85268
-3.85132
-3.85101
-3.85234
-3.85085
-3.84888
-3.84956
-3.84881
-3.84962
-3.85287
-3.85263
-3.85308
-3.8536
-3.85309
-3.85312
-3.85177
-3.85054
-3.8553
-3.85656
-3.85598
-3.85021
-3.84712
-3.84572
-3.84498
-3.84353
-3.84636
-3.84729
-3.84729
-3.85075
-3.85179
-3.85421
-3.85496
-3.85406
-3.8554
-3.85815
-3.85921
-3.85946
-3.85661
-3.85569
-3.8543
-3.85355
-3.85198
-3.85371
-3.85539
-3.85722
-3.85738
-3.85724
-3.8548
-3.85521
-3.8561
-3.85621
-3.85521
-3.85427
-3.85789
-3.85547
-3.854
-3.85108
-3.84966
-3.84731
-3.847
-3.84789
-3.84669
-3.84628
-3.84776
-3.84837
-3.84975
-3.85009
-3.85064
-3.85034
-3.84833
-3.84725
-3.84806
-3.84834
-3.84924
-3.8486
-3.85101
-3.85177
-3.85572
-3.85503
-3.85584
-3.85735
-3.85787
-3.85707
-3.85633
-3.85446
-3.85135
-3.84827
-3.84949
-3.85114
-3.85232
-3.85136
-3.85298
-3.85407
-3.85216
-3.84929
-3.8483
-3.84714
-3.84953
-3.8508
-3.85564
-3.85744
-3.85987
-3.85807
-3.85704
-3.85486
-3.85411
-3.85713
-3.85869
-3.86053
-3.85888
-3.8578
-3.85544
-3.8523
-3.84932
-3.84569
-3.84402
-3.83966
-3.83826
-3.84029
-3.84319
-3.84731
-3.84902
-3.85296
-3.85467
-3.85275
-3.85176
-3.85161
-3.8506
-3.85422
-3.85403
-3.85282
-3.8502
-3.85199
-3.85363
-3.85349
-3.85364
-3.85449
-3.85706
-3.85907
-3.85987
-3.85569
-3.85437
-3.85154
-3.84827
-3.84643
-3.84689
-3.85061
-3.85189
-3.85369
-3.85313
-3.85135
-3.84948
-3.85019
-3.84935
-3.85439
-3.85595
-3.8612
-3.8598
-3.85756
-3.85352
-3.8535
-3.85133
-3.85137
-3.85406
-3.85752
-3.85893
-3.85731
-3.86052
-3.86208
-3.86155
-3.86028
-3.86007
-3.85854
-3.85362
-3.85075
-3.84983
-3.84888
-3.84848
-3.85108
-3.8515
-3.85412
-3.8578
-3.85976
-3.8588
-3.85955
-3.86134
-3.85969
-3.85994
-3.85892
-3.85874
-3.86027
-3.85955
-3.85925
-3.85623
-3.85689
-3.85432
-3.85127
-3.85102
-3.85288
-3.85438
-3.85424
-3.85437
-3.85435
-3.85527
-3.85695
-3.85819
-3.85677
-3.85682
-3.85751
-3.85703
-3.85574
-3.85363
-3.85178
-3.84923
-3.85066
-3.84973
-3.85137
-3.85267
-3.85322
-3.85416
-3.85503
-3.85741
-3.85805
-3.86013
-3.85996
-3.85931
-3.85628
-3.85531
-3.85516
-3.85381
-3.85378
-3.85316
-3.85175
-3.85422
-3.85318
-3.85502
-3.85627
-3.85668
-3.85675
-3.85488
-3.8548
-3.8542
-3.85425
-3.85579
-3.85578
-3.85677
-3.85748
-3.857
-3.85674
-3.85792
-3.8573
-3.85836
-3.85572
-3.85786
-3.85833
-3.85923
-3.85556
-3.85382
-3.85734
-3.85822
-3.85941
-3.86012
-3.86203
-3.86245
-3.8612
-3.86019
-3.85712
-3.85394
-3.84958
-3.84887
-3.84865
-3.84833
-3.84728
-3.84936
-3.85143
-3.85196
-3.85287
-3.85385
-3.85851
-3.8603
-3.8611
-3.86282
-3.86317
-3.86024
-3.8567
-3.8537
-3.85049
-3.84982
-3.84856
-3.8504
-3.85107
-3.85433
-3.85667
-3.85569
-3.85232
-3.85155
-3.85221
-3.85106
-3.85167
-3.85438
-3.85639
-3.85761
-3.85697
-3.85579
-3.85676
-3.85446
-3.85327
-3.85375
-3.85177
-3.8537
-3.85456
-3.8541
-3.8538
-3.85318
-3.8539
-3.85186
-3.85334
-3.85403
-3.85477
-3.85428
-3.85223
-3.85041
-3.84928
-3.84966
-3.8511
-3.85088
-3.85123
-3.85044
-3.84839
-3.84688
-3.8473
-3.84791
-3.84757
-3.84741
-3.85289
-3.85643
-3.85947
-3.85779
-3.8561
-3.85436
-3.8564
-3.85518
-3.85552
-3.85714
-3.85529
-3.85125
-3.85159
-3.85471
-3.8584
-3.8594
-3.85805
-3.85627
-3.85643
-3.85654
-3.85445
-3.85417
-3.85292
-3.85395
-3.8557
-3.85635
-3.85973
-3.85948
-3.85954
-3.86043
-3.85697
-3.85587
-3.85501
-3.85616
-3.85837
-3.85865
-3.85981
-3.86047
-3.86559
-3.86571
-3.86444
-3.86131
-3.8568
-3.85447
-3.85317
-3.85233
-3.85079
-3.84977
-3.8522
-3.85506
-3.85491
-3.85467
-3.85455
-3.85736
-3.85831
-3.85685
-3.85497
-3.85346
-3.84935
-3.84742
-3.85092
-3.85269
-3.85644
-3.8569
-3.85594
-3.85363
-3.85307
-3.85268
-3.8513
-3.85282
-3.85474
-3.8543
-3.85768
-3.85581
-3.85518
-3.85413
-3.8524
-3.8539
-3.85472
-3.85358
-3.85185
-3.85194
-3.85097
-3.85162
-3.85327
-3.85349
-3.85431
-3.85401
-3.85432
-3.8541
-3.85199
-3.85004
-3.84784
-3.8459
-3.84611
-3.84607
-3.85059
-3.85446
-3.85716
-3.85806
-3.85643
-3.85454
-3.85248
-3.85334
-3.85396
-3.85678
-3.8586
-3.85779
-3.85702
-3.85628
-3.8565
-3.85752
-3.85712
-3.85722
-3.8564
-3.85474
-3.85606
-3.85473
-3.85131
-3.84909
-3.85111
-3.8514
-3.85001
-3.85108
-3.85326
-3.85377
-3.85605
-3.85754
-3.85857
-3.86122
-3.86155
-3.86015
-3.86015
-3.85922
-3.85823
-3.85738
-3.85696
-3.85471
-3.85638
-3.8566
-3.85696
-3.85415
-3.85427
-3.85471
-3.85319
-3.8526
-3.84985
-3.85052
-3.85141
-3.85227
-3.85703
-3.86044
-3.86093
-3.85863
-3.85766
-3.85479
-3.84949
-3.84836
-3.84754
-3.84818
-3.8498
-3.85275
-3.85165
-3.85285
-3.8517
-3.85077
-3.85017
-3.85182
-3.85061
-3.84866
-3.85192
-3.85349
-3.85264
-3.85356
-3.85161
-3.84965
-3.8472
-3.848
-3.84904
-3.84865
-3.84981
-3.85004
-3.85341
-3.85305
-3.85376
-3.85275
-3.85165
-3.85263
-3.85138
-3.85068
-3.85184
-3.85045
-3.85219
-3.85401
-3.85417
-3.8542
-3.85254
-3.8527
-3.85278
-3.84911
-3.85008
-3.84635
-3.84821
-3.84577
-3.84666
-3.84472
-3.84436
-3.84687
-3.84762
-3.84879
-3.85306
-3.85674
-3.85635
-3.8567
-3.85885
-3.85741
-3.85685
-3.85621
-3.85422
-3.85359
-3.85331
-3.85341
-3.85247
-3.85241
-3.85618
-3.85597
-3.85734
-3.85589
-3.85325
-3.85116
-3.85084
-3.85139
-3.8506
-3.84932
-3.85266
-3.8542
-3.85578
-3.8576
-3.85715
-3.85583
-3.85522
-3.85473
-3.8565
-3.85946
-3.85906
-3.85923
-3.85474
-3.85616
-3.85563
-3.8542
-3.8524
-3.85115
-3.84974
-3.84906
-3.85081
-3.8523
-3.85474
-3.8552
-3.85367
-3.85514
-3.85566
-3.85782
-3.86213
-3.86218
-3.86076
-3.85619
-3.85263
-3.85254
-3.85196
-3.85282
-3.85275
-3.85313
-3.85452
-3.85345
-3.85475
-3.85414
-3.85441
-3.85272
-3.85202
-3.8521
-3.85139
-3.8512
-3.85151
-3.85342
-3.85436
-3.85695
-3.85782
-3.86111
-3.86093
-3.85963
-3.85671
-3.85415
-3.8518
-3.84987
-3.85015
-3.85454
-3.85525
-3.85707
-3.85961
-3.8592
-3.85716
-3.85499
-3.85715
-3.85853
-3.85948
-3.85906
-3.85832
-3.85852
-3.85824
-3.85605
-3.85907
-3.85891
-3.86192
-3.86309
-3.86009
-3.85645
-3.85202
-3.85171
-3.85333
-3.85312
-3.85261
-3.85371
-3.85393
-3.85392
-3.85482
-3.85452
-3.85302
-3.85134
-3.85145
-3.85169
-3.85097
-3.85129
-3.85181
-3.85236
-3.85472
-3.85386
-3.85492
-3.85518
-3.85532
-3.85413
-3.85631
-3.85519
-3.85751
-3.85863
-3.85817
-3.85738
-3.8574
-3.85586
-3.85165
-3.85114
-3.85108
-3.84862
-3.84757
-3.8479
-3.8458
-3.84719
-3.84945
-3.84931
-3.85226
-3.85188
-3.85296
-3.85574
-3.85573
-3.85891
-3.86166
-3.86279
-3.86143
-3.85967
-3.85948
-3.85905
-3.85694
-3.85707
-3.85253
-3.85033
-3.85084
-3.84623
-3.84725
-3.85025
-3.84997
-3.85182
-3.85747
-3.85828
-3.85984
-3.85683
-3.85763
-3.85844
-3.85814
-3.85682
-3.85443
-3.85156
-3.85355
-3.85286
-3.85195
-3.85569
-3.85588
-3.85665
-3.85477
-3.85221
-3.84902
-3.84597
-3.84895
-3.85121
-3.85201
-3.85202
-3.85152
-3.84867
-3.84792
-3.84711
-3.84833
-3.84923
-3.85026
-3.85255
-3.85469
-3.85589
-3.85599
-3.85731
-3.85901
-3.85967
-3.85857
-3.8593
-3.85424
-3.85187
-3.8493
-3.84898
-3.84995
-3.85036
-3.85303
-3.85624
-3.85893
-3.86094
-3.85886
-3.85675
-3.85502
-3.8562
-3.85699
-3.85749
-3.85694
-3.85421
-3.85386
-3.85351
-3.85563
-3.85423
-3.8533
-3.85253
-3.85267
-3.85089
-3.84836
-3.84479
-3.84606
-3.84581
-3.84661
-3.84764
-3.84823
-3.85053
-3.85373
-3.85494
-3.85692
-3.85692
-3.85682
-3.85556
-3.85776
-3.85497
-3.8539
-3.85492
-3.85086
-3.85053
-3.8494
-3.84952
-3.85021
-3.85257
-3.85128
-3.85313
-3.85336
-3.85257
-3.85222
-3.85241
-3.85493
-3.85305
-3.85299
-3.85328
-3.85352
-3.85452
-3.85712
-3.85837
-3.85859
-3.85997
-3.86075
-3.85949
-3.85974
-3.85813
-3.85497
-3.85481
-3.85427
-3.85621
-3.85431
-3.8539
-3.85391
-3.85461
-3.85625
-3.85682
-3.85556
-3.85533
-3.85648
-3.85575
-3.8568
-3.85548
-3.85513
-3.8558
-3.85611
-3.85619
-3.85522
-3.85295
-3.85035
-3.85037
-3.85035
-3.85099
-3.85353
-3.85585
-3.85697
-3.86108
-3.86142
-3.85908
-3.85789
-3.85883
-3.85745
-3.85968
-3.8615
-3.86253
-3.86139
-3.85889
-3.85604
-3.8564
-3.85118
-3.84746
-3.84522
-3.84646
-3.84565
-3.85021
-3.85632
-3.85984
-3.86235
-3.86402
-3.86431
-3.86198
-3.85848
-3.85646
-3.85595
-3.8549
-3.85572
-3.85535
-3.85223
-3.85118
-3.85201
-3.84886
-3.84916
-3.8463
-3.84547
-3.84655
-3.84908
-3.84935
-3.84916
-3.84969
-3.85053
-3.85021
-3.85107
-3.8516
-3.85185
-3.85277
-3.85553
-3.85645
-3.85919
-3.85726
-3.85746
-3.85753
-3.85914
-3.85899
-3.86003
-3.85944
-3.86033
-3.8611
-3.85889
-3.85685
-3.85564
-3.8583
-3.85572
-3.85114
-3.85363
-3.85295
-3.85492
-3.85446
-3.85506
-3.85441
-3.85403
-3.85349
-3.85201
-3.85205
-3.85313
-3.85166
-3.85033
-3.85153
-3.85265
-3.85424
-3.85429
-3.8554
-3.85752
-3.85621
-3.8562
-3.85283
-3.84924
-3.84554
-3.84434
-3.84196
-3.84169
-3.84366
-3.84648
-3.84817
-3.84936
-3.85093
-3.85367
-3.85392
-3.8537
-3.85515
-3.85555
-3.85761
-3.85791
-3.85813
-3.85801
-3.85884
-3.85787
-3.85875
-3.85774
-3.85591
-3.85509
-3.85491
-3.85652
-3.8563
-3.8557
-3.85291
-3.85347
-3.85436
-3.85407
-3.85425
-3.85116
-3.84967
-3.84865
-3.85029
-3.85056
-3.84985
-3.84922
-3.85132
-3.85444
-3.85446
-3.85757
-3.85929
-3.86073
-3.85755
-3.85798
-3.85628
-3.85577
-3.85819
-3.85795
-3.85922
-3.86077
-3.86074
-3.86213
-3.85954
-3.85675
-3.85302
-3.85004
-3.85057
-3.85206
-3.85387
-3.85598
-3.85539
-3.8561
-3.85611
-3.85976
-3.85859
-3.85878
-3.85711
-3.85558
-3.8545
-3.85371
-3.85291
-3.85471
-3.85426
-3.85519
-3.85712
-3.85856
-3.85886
-3.85644
-3.85502
-3.85426
-3.85559
-3.85611
-3.85549
-3.85324
-3.85226
-3.85151
-3.85237
-3.85308
-3.85349
-3.85452
-3.85704
-3.85663
-3.85839
-3.859
-3.8563
-3.85531
-3.85389
-3.8539
-3.85076
-3.8499
-3.84804
-3.84819
-3.85264
-3.85451
-3.85466
-3.85706
-3.85928
-3.86042
-3.86182
-3.86374
-3.86189
-3.86171
-3.86182
-3.85933
-3.85887
-3.8582
-3.85506
-3.85434
-3.85499
-3.85556
-3.855
-3.85452
-3.85587
-3.85228
-3.85316
-3.85172
-3.85064
-3.85283
-3.85326
-3.85259
-3.85405
-3.85561
-3.85702
-3.86075
-3.86015
-3.86244
-3.86059
-3.85961
-3.85825
-3.85775
-3.85653
-3.85675
-3.85979
-3.86328
-3.86368
-3.86147
-3.85982
-3.85783
-3.85455
-3.85345
-3.85241
-3.8532
-3.85522
-3.85476
-3.855
-3.85815
-3.85847
-3.85726
-3.85537
-3.85599
-3.85766
-3.85708
-3.85666
-3.85591
-3.85427
-3.85108
-3.8517
-3.85102
-3.85395
-3.85568
-3.85472
-3.85645
-3.85392
-3.85462
-3.85565
-3.85459
-3.85606
-3.85558
-3.85584
-3.8549
-3.85657
-3.85568
-3.85996
-3.85808
-3.85605
-3.85681
-3.85384
-3.85085
-3.85221
-3.85137
-3.85315
-3.85672
-3.85631
-3.85969
-3.85932
-3.85797
-3.8575
-3.8523
-3.85181
-3.85343
-3.85492
-3.85327
-3.85281
-3.85224
-3.8509
-3.85045
-3.84883
-3.85098
-3.84906
-3.84954
-3.85131
-3.85383
-3.85701
-3.85782
-3.85746
-3.85765
-3.85747
-3.85495
-3.85216
-3.85017
-3.84838
-3.84804
-3.84995
-3.85175
-3.8528
-3.85496
-3.85697
-3.85813
-3.85782
-3.85938
-3.86045
-3.85893
-3.85615
-3.85406
-3.85127
-3.84991
-3.84883
-3.84995
-3.84974
-3.85106
-3.85145
-3.85436
-3.85559
-3.85521
-3.85421
-3.85536
-3.85589
-3.85482
-3.85601
-3.8549
-3.85584
-3.85752
-3.8593
-3.85915
-3.85827
-3.85593
-3.85395
-3.85713
-3.86017
-3.85898
-3.8572
-3.85655
-3.8534
-3.85188
-3.84903
-3.85011
-3.85104
-3.8536
-3.85339
-3.8515
-3.84982
-3.84981
-3.85126
-3.85175
-3.85242
-3.85313
-3.855
-3.8542
-3.85406
-3.85262
-3.85313
-3.85225
-3.8531
-3.85421
-3.85454
-3.85571
-3.85609
-3.85521
-3.85643
-3.85807
-3.85976
-3.85834
-3.85743
-3.86058
-3.85889
-3.85652
-3.85475
-3.85262
-3.85231
-3.84948
-3.84889
-3.84574
-3.84731
-3.85029
-3.85353
-3.85633
-3.8562
-3.85638
-3.85633
-3.85518
-3.85211
-3.85155
-3.85301
-3.85296
-3.85271
-3.85599
-3.8578
-3.8601
-3.86186
-3.86291
-3.86083
-3.8584
-3.85758
-3.85653
-3.85584
-3.85619
-3.85441
-3.8559
-3.85753
-3.85746
-3.85663
-3.85717
-3.85711
-3.85768
-3.85782
-3.85708
-3.85536
-3.8538
-3.85544
-3.85485
-3.85366
-3.85559
-3.85271
-3.85128
-3.85128
-3.84986
-3.8483
-3.84545
-3.84612
-3.8488
-3.85033
-3.8506
-3.85217
-3.85396
-3.85349
-3.85535
-3.8567
-3.85427
-3.85336
-3.85498
-3.85535
-3.85484
-3.85404
-3.85231
-3.85283
-3.85054
-3.84966
-3.84818
-3.84953
-3.85092
-3.85213
-3.85232
-3.85369
-3.8534
-3.85257
-3.85001
-3.85073
-3.85103
-3.85013
-3.85131
-3.85199
-3.85373
-3.85447
-3.85526
-3.85713
-3.8547
-3.85823
-3.85638
-3.85442
-3.85443
-3.85467
-3.85451
-3.85333
-3.85212
-3.85339
-3.85271
-3.8528
-3.85615
-3.85504
-3.85413
-3.8532
-3.85089
-3.84899
-3.84999
-3.8476
-3.84651
-3.84668
-3.84653
-3.84917
-3.85003
-3.8516
-3.85234
-3.85503
-3.8543
-3.85586
-3.85496
-3.85268
-3.85118
-3.84717
-3.84633
-3.84396
-3.84396
-3.84275
-3.84562
-3.84842
-3.84978
-3.85279
-3.8566
-3.8596
-3.86084
-3.86192
-3.86188
-3.85873
-3.85558
-3.85251
-3.85122
-3.84927
-3.84947
-3.84769
-3.84688
-3.85042
-3.85092
-3.84861
-3.85327
-3.85505
-3.85456
-3.85529
-3.85459
-3.85149
-3.84984
-3.8502
-3.85165
-3.85053
-3.85071
-3.85124
-3.85199
-3.85355
-3.8553
-3.85566
-3.85449
-3.85515
-3.85402
-3.85562
-3.8543
-3.85532
-3.8544
-3.85578
-3.85561
-3.8574
-3.8598
-3.86098
-3.86147
-3.86306
-3.86331
-3.8646
-3.86298
-3.86071
-3.85879
-3.85519
-3.85405
-3.85269
-3.85461
-3.85733
-3.85885
-3.85922
-3.86403
-3.86291
-3.8634
-3.86069
-3.86048
-3.85998
-3.85905
-3.85744
-3.85347
-3.85434
-3.85567
-3.85497
-3.85421
-3.85475
-3.85637
-3.85788
-3.8566
-3.8596
-3.85768
-3.85703
-3.85612
-3.85793
-3.85978
-3.85959
-3.85789
-3.85697
-3.85539
-3.85394
-3.85091
-3.85022
-3.84886
-3.85174
-3.85244
-3.85428
-3.85158
-3.85304
-3.85227
-3.85217
-3.85405
-3.8532
-3.85588
-3.85657
-3.86029
-3.86115
-3.861
-3.85903
-3.85861
-3.85817
-3.85581
-3.85456
-3.85552
-3.85331
-3.85181
-3.85149
-3.84789
-3.84701
-3.84807
-3.85005
-3.8518
-3.85376
-3.85601
-3.85817
-3.85692
-3.85921
-3.85593
-3.85549
-3.85659
-3.85686
-3.85966
-3.85965
-3.86195
-3.86217
-3.86198
-3.86081
-3.8603
-3.85907
-3.85557
-3.85438
-3.85224
-3.85139
-3.8537
-3.85501
-3.86063
-3.86157
-3.86522
-3.86629
-3.8672
-3.86392
-3.8627
-3.86276
-3.85952
-3.85717
-3.85693
-3.85596
-3.85858
-3.85921
-3.86187
-3.86125
-3.85847
-3.85569
-3.85354
-3.85033
-3.84773
-3.84774
-3.84944
-3.85301
-3.8558
-3.85446
-3.85387
-3.8525
-3.84966
-3.84558
-3.84405
-3.84607
-3.84757
-3.84981
-3.85181
-3.85262
-3.85275
-3.8557
-3.85451
-3.85366
-3.85398
-3.8556
-3.85576
-3.85333
-3.8543
-3.85398
-3.85396
-3.85327
-3.85242
-3.85352
-3.85234
-3.85369
-3.85429
-3.85256
-3.85217
-3.85097
-3.84937
-3.85002
-3.84988
-3.85247
-3.85435
-3.85666
-3.85901
-3.85725
-3.85911
-3.85779
-3.85643
-3.8556
-3.85488
-3.85879
-3.85821
-3.85586
-3.85436
-3.85373
-3.85284
-3.85275
-3.85505
-3.85509
-3.85771
-3.85652
-3.85724
-3.8564
-3.85468
-3.85376
-3.85561
-3.85394
-3.85208
-3.85281
-3.85513
-3.85629
-3.85539
-3.85614
-3.85616
-3.85828
-3.85895
-3.85752
-3.85719
-3.85595
-3.85305
-3.84935
-3.84997
-3.85092
-3.85008
-3.84849
-3.84832
-3.84903
-3.8507
-3.85134
-3.85359
-3.85779
-3.85851
-3.85473
-3.85456
-3.85481
-3.85418
-3.85488
-3.85377
-3.85598
-3.85638
-3.8575
-3.85926
-3.85787
-3.85463
-3.85402
-3.85482
-3.85667
-3.85865
-3.85662
-3.85909
-3.86132
-3.86124
-3.85971
-3.85891
-3.85623
-3.85412
-3.85194
-3.851
-3.84869
-3.84906
-3.85123
-3.85028
-3.85167
-3.85365
-3.85461
-3.85547
-3.85436
-3.85562
-3.85766
-3.85659
-3.85632
-3.85531
-3.85477
-3.85451
-3.85408
-3.85467
-3.85525
-3.8543
-3.85289
-3.85244
-3.85184
-3.85399
-3.85255
-3.85126
-3.85266
-3.85064
-3.85268
-3.85347
-3.85444
-3.85482
-3.85325
-3.85257
-3.85147
-3.84867
-3.84695
-3.84927
-3.85205
-3.8553
-3.85883
-3.85728
-3.85822
-3.85747
-3.85712
-3.85606
-3.8544
-3.84967
-3.8468
-3.84407
-3.84491
-3.84714
-3.85029
-3.85223
-3.85622
-3.86012
-3.85834
-3.85449
-3.85029
-3.84892
-3.85211
-3.85194
-3.85442
-3.85362
-3.85483
-3.85547
-3.85636
-3.8582
-3.85621
-3.85646
-3.85835
-3.85852
-3.8559
-3.85433
-3.85138
-3.85109
-3.85072
-3.84999
-3.8486
-3.85221
-3.85189
-3.85565
-3.85729
-3.85582
-3.85504
-3.85636
-3.85838
-3.85671
-3.85693
-3.858
-3.85899
-3.85717
-3.85718
-3.85546
-3.85615
-3.85574
-3.8556
-3.85426
-3.85408
-3.85056
-3.85042
-3.85035
-3.85015
-3.85167
-3.851
-3.85125
-3.84968
-3.84858
-3.84805
-3.8473
-3.84689
-3.84804
-3.85145
-3.85312
-3.85539
-3.85502
-3.85345
-3.85556
-3.85477
-3.85705
-3.85837
-3.85871
-3.85382
-3.85196
-3.85026
-3.851
-3.85342
-3.85834
-3.86118
-3.86116
-3.86121
-3.86038
-3.85764
-3.8574
-3.85563
-3.85465
-3.85785
-3.85787
-3.85691
-3.85631
-3.85433
-3.85179
-3.85154
-3.85231
-3.85374
-3.85498
-3.85543
-3.85804
-3.85737
-3.85716
-3.85726
-3.85769
-3.85713
-3.85545
-3.8566
-3.85732
-3.85805
-3.85861
-3.85949
-3.85885
-3.85669
-3.85344
-3.85336
-3.85136
-3.85192
-3.84846
-3.84893
-3.85169
-3.85486
-3.85242
-3.85435
-3.85539
-3.85461
-3.8564
-3.85701
-3.85458
-3.85302
-3.85264
-3.85167
-3.85052
-3.84902
-3.84728
-3.84911
-3.85111
-3.85643
-3.86049
-3.8634
-3.86586
-3.86429
-3.86304
-3.85701
-3.8529
-3.85092
-3.85229
-3.85255
-3.85228
-3.85223
-3.8522
-3.85326
-3.84969
-3.84954
-3.84834
-3.84536
-3.8446
-3.84387
-3.84301
-3.84531
-3.84692
-3.84828
-3.85107
-3.85308
-3.85489
-3.85261
-3.85085
-3.85032
-3.85182
-3.85192
-3.85403
-3.85869
-3.85844
-3.8599
-3.8594
-3.85678
-3.85329
-3.85027
-3.84787
-3.84609
-3.84436
-3.84671
-3.85126
-3.85494
-3.8553
-3.85685
-3.8547
-3.85415
-3.85049
-3.84874
-3.84675
-3.84643
-3.84978
-3.85303
-3.85674
-3.85905
-3.86222
-3.8612
-3.86012
-3.85589
-3.85316
-3.85388
-3.85431
-3.85418
-3.85384
-3.85139
-3.85326
-3.85374
-3.85546
-3.85621
-3.85207
-3.85057
-3.84863
-3.84608
-3.84995
-3.84859
-3.84831
-3.85235
-3.85375
-3.85465
-3.85614
-3.85543
-3.85476
-3.85426
-3.85282
-3.85364
-3.85237
-3.85494
-3.85855
-3.86294
-3.8614
-3.85944
-3.85822
-3.85676
-3.85433
-3.8523
-3.84929
-3.84626
-3.84709
-3.84853
-3.84745
-3.84794
-3.84834
-3.84856
-3.84835
-3.84844
-3.85158
-3.85377
-3.85554
-3.85606
-3.85658
-3.85838
-3.85701
-3.85285
-3.84915
-3.84902
-3.85014
-3.85001
-3.85211
-3.85359
-3.85458
-3.85509
-3.85627
-3.85581
-3.8524
-3.85335
-3.8534
-3.85198
-3.85099
-3.85074
-3.84945
-3.84849
-3.84713
-3.84551
-3.84585
-3.84675
-3.84799
-3.84916
-3.85046
-3.85416
-3.85468
-3.85766
-3.85827
-3.85671
-3.85497
-3.856
-3.8552
-3.8544
-3.85336
-3.85363
-3.85497
-3.85455
-3.8522
-3.85024
-3.85077
-3.85289
-3.85171
-3.85328
-3.8523
-3.85136
-3.84963
-3.85167
-3.85007
-3.8522
-3.85217
-3.85428
-3.85679
-3.85589
-3.85462
-3.85235
-3.85153
-3.85152
-3.85279
-3.85266
-3.85539
-3.8576
-3.85856
-3.85828
-3.85746
-3.8568
-3.85362
-3.8545
-3.85453
-3.85151
-3.85036
-3.85002
-3.84989
-3.84705
-3.84614
-3.84767
-3.84853
-3.85046
-3.84751
-3.84962
-3.84784
-3.84767
-3.84687
-3.84933
-3.84975
-3.84889
-3.84933
-3.85413
-3.85749
-3.8586
-3.86211
-3.86306
-3.85911
-3.85712
-3.85519
-3.85243
-3.85124
-3.85038
-3.84992
-3.84895
-3.85086
-3.85268
-3.85184
-3.85327
-3.85556
-3.85701
-3.85872
-3.85946
-3.85897
-3.85614
-3.85246
-3.84939
-3.84748
-3.8448
-3.84605
-3.84624
-3.8469
-3.84996
-3.8524
-3.85354
-3.85341
-3.85485
-3.85336
-3.85452
-3.85459
-3.85502
-3.85418
-3.85363
-3.85281
-3.85253
-3.85329
-3.85294
-3.85202
-3.85236
-3.85498
-3.85741
-3.85952
-3.86078
-3.85956
-3.85968
-3.8604
-3.85658
-3.85568
-3.85173
-3.85219
-3.85213
-3.85109
-3.84962
-3.85031
-3.84873
-3.84798
-3.84691
-3.84518
-3.84589
-3.84599
-3.84806
-3.84999
-3.84899
-3.85017
-3.85143
-3.85199
-3.85291
-3.85525
-3.85454
-3.85445
-3.85387
-3.85596
-3.85872
-3.85983
-3.8624
-3.86181
-3.86073
-3.8591
-3.85581
-3.85572
-3.85432
-3.85218
-3.8516
-3.85129
-3.85195
-3.85359
-3.85063
-3.85267
-3.85171
-3.84762
-3.84912
-3.85053
-3.85163
-3.85298
-3.85324
-3.85448
-3.8567
-3.85906
-3.86051
-3.8593
-3.85766
-3.85638
-3.85486
-3.85379
-3.85323
-3.85229
-3.85462
-3.8529
-3.8542
-3.85398
-3.85182
-3.85201
-3.85214
-3.8527
-3.85121
-3.84944
-3.85062
-3.85229
-3.85493
-3.85566
-3.85604
-3.85492
-3.85203
-3.85199
-3.85121
-3.85434
-3.85413
-3.85441
-3.85476
-3.85225
-3.85095
-3.8492
-3.851
-3.85231
-3.85396
-3.85666
-3.85613
-3.8547
-3.85708
-3.85652
-3.85349
-3.85246
-3.84771
-3.84582
-3.84752
-3.84941
-3.85136
-3.8513
-3.85375
-3.85394
-3.85473
-3.85581
-3.8581
-3.85796
-3.85635
-3.85572
-3.85431
-3.85287
-3.8502
-3.84986
-3.84998
-3.85006
-3.85216
-3.85229
-3.85222
-3.85337
-3.85472
-3.85419
-3.85389
-3.85574
-3.85733
-3.85776
-3.85557
-3.85231
-3.85175
-3.85483
-3.85844
-3.86102
-3.86
-3.85769
-3.85455
-3.8548
-3.85281
-3.85189
-3.84997
-3.85118
-3.85315
-3.8525
-3.85286
-3.85237
-3.85185
-3.85441
-3.85206
-3.85231
-3.85275
-3.85478
-3.85692
-3.85458
-3.85178
-3.84802
-3.85
-3.8481
-3.84909
-3.85068
-3.8534
-3.8543
-3.85413
-3.85601
-3.85535
-3.85612
-3.85441
-3.85512
-3.85589
-3.85506
-3.85406
-3.85426
-3.85231
-3.85275
-3.85084
-3.85022
-3.85117
-3.85125
-3.85308
-3.85307
-3.85554
-3.85498
-3.85418
-3.85706
-3.85797
-3.85748
-3.85589
-3.85633
-3.85601
-3.85728
-3.8574
-3.85644
-3.85534
-3.85535
-3.85213
-3.8489
-3.85174
-3.85246
-3.85219
-3.85293
-3.85368
-3.85249
-3.85389
-3.85662
-3.85547
-3.85371
-3.85364
-3.85411
-3.85523
-3.85597
-3.85522
-3.85374
-3.85202
-3.84963
-3.84993
-3.84827
-3.84954
-3.8517
-3.85254
-3.8488
-3.84756
-3.84675
-3.8483
-3.85072
-3.85267
-3.85469
-3.85832
-3.86163
-3.86185
-3.86261
-3.85893
-3.85595
-3.85295
-3.85066
-3.85323
-3.85169
-3.84924
-3.85108
-3.84993
-3.84962
-3.85041
-3.85
-3.85233
-3.85295
-3.85384
-3.85197
-3.84909
-3.84536
-3.84504
-3.84256
-3.84309
-3.84554
-3.84867
-3.85004
-3.84784
-3.8486
-3.84731
-3.84734
-3.84704
-3.84824
-3.85114
-3.85209
-3.85374
-3.85925
-3.86126
-3.86098
-3.85892
-3.8542
-3.85145
-3.85222
-3.84993
-3.84896
-3.84763
-3.84823
-3.84954
-3.84823
-3.84782
-3.84953
-3.85293
-3.85525
-3.85632
-3.85529
-3.85549
-3.8569
-3.85623
-3.85663
-3.85547
-3.8543
-3.8538
-3.85489
-3.85359
-3.8531
-3.85455
-3.85255
-3.85269
-3.85172
-3.85233
-3.85278
-3.85406
-3.85608
-3.85625
-3.85349
-3.85422
-3.85443
-3.85267
-3.85427
-3.85498
-3.85585
-3.85847
-3.85791
-3.8553
-3.854
-3.85345
-3.85472
-3.85373
-3.85414
-3.85466
-3.85236
-3.85095
-3.85071
-3.8501
-3.84987
-3.85181
-3.85452
-3.8559
-3.85448
-3.85215
-3.85183
-3.85211
-3.85204
-3.85278
-3.85157
-3.84973
-3.85072
-3.85278
-3.85286
-3.85442
-3.85472
-3.85575
-3.8577
-3.8596
-3.86102
-3.86142
-3.86215
-3.86255
-3.8605
-3.85902
-3.85625
-3.85391
-3.84987
-3.84819
-3.84941
-3.84778
-3.84851
-3.84938
-3.85039
-3.85174
-3.85125
-3.85268
-3.85404
-3.85599
-3.85714
-3.85886
-3.85668
-3.85496
-3.85374
-3.85042
-3.84901
-3.84588
-3.84379
-3.844
-3.84508
-3.84803
-3.85144
-3.85383
-3.85468
-3.85302
-3.85167
-3.85048
-3.85172
-3.8525
-3.85268
-3.85364
-3.857
-3.857
-3.85902
-3.86106
-3.85955
-3.85941
-3.85958
-3.85921
-3.85696
-3.85237
-3.85074
-3.84854
-3.84823
-3.84993
-3.85061
-3.85185
-3.85416
-3.85486
-3.8525
-3.85044
-3.84929
-3.84781
-3.84569
-3.84487
-3.84574
-3.84535
-3.84809
-3.85126
-3.85448
-3.85702
-3.85622
-3.85384
-3.85409
-3.8532
-3.85393
-3.85235
-3.85329
-3.85542
-3.85384
-3.852
-3.85238
-3.85171
-3.85295
-3.85295
-3.85339
-3.8535
-3.85473
-3.85438
-3.85243
-3.85331
-3.8538
-3.85401
-3.85327
-3.85379
-3.85636
-3.8588
-3.85708
-3.85709
-3.85509
-3.85213
-3.85195
-3.84947
-3.8489
-3.84672
-3.84754
-3.8465
-3.84714
-3.84849
-3.84839
-3.84976
-3.8515
-3.85259
-3.85506
-3.85486
-3.85611
-3.85406
-3.85643
-3.85585
-3.8564
-3.85573
-3.85535
-3.85451
-3.85307
-3.85471
-3.85358
-3.85277
-3.8536
-3.85026
-3.8478
-3.84624
-3.84761
-3.84801
-3.84837
-3.8475
-3.84885
-3.85095
-3.84769
-3.84785
-3.84705
-3.84842
-3.84904
-3.85165
-3.85473
-3.85777
-3.85973
-3.85904
-3.85975
-3.85997
-3.85828
-3.85457
-3.85432
-3.85532
-3.85449
-3.85368
-3.85266
-3.85181
-3.85318
-3.85337
-3.85306
-3.85303
-3.85241
-3.85145
-3.85371
-3.8551
-3.85287
-3.851
-3.85026
-3.84879
-3.84968
-3.85178
-3.85147
-3.85342
-3.85429
-3.855
-3.85459
-3.85156
-3.85
-3.84837
-3.84935
-3.85219
-3.85379
-3.8555
-3.85572
-3.8555
-3.85508
-3.85565
-3.85401
-3.85274
-3.85257
-3.85395
-3.85591
-3.85584
-3.85514
-3.85389
-3.85535
-3.85471
-3.85498
-3.85476
-3.85514
-3.85288
-3.85113
-3.85315
-3.85589
-3.85662
-3.85882
-3.8584
-3.85883
-3.85865
-3.85805
-3.85686
-3.85308
-3.85213
-3.85277
-3.85365
-3.85398
-3.85392
-3.8535
-3.85456
-3.8572
-3.8583
-3.85972
-3.8576
-3.8572
-3.85511
-3.85168
-3.85151
-3.84986
-3.85372
-3.85528
-3.85744
-3.85961
-3.86277
-3.86311
-3.86127
-3.86138
-3.85917
-3.8552
-3.85318
-3.85118
-3.84766
-3.8433
-3.84074
-3.83976
-3.84284
-3.8447
-3.85081
-3.8555
-3.85956
-3.86241
-3.86602
-3.86513
-3.86435
-3.86283
-3.86001
-3.85592
-3.85044
-3.84762
-3.84604
-3.84276
-3.8441
-3.84446
-3.84758
-3.85047
-3.85376
-3.85685
-3.85608
-3.85893
-3.85667
-3.85686
-3.85495
-3.85208
-3.85048
-3.84827
-3.84984
-3.851
-3.84984
-3.85189
-3.85575
-3.85594
-3.85795
-3.85936
-3.85826
-3.85703
-3.85691
-3.85619
-3.85588
-3.85684
-3.85541
-3.856
-3.8566
-3.85551
-3.85486
-3.85522
-3.8549
-3.85488
-3.85435
-3.85453
-3.85386
-3.85239
-3.85419
-3.85665
-3.86069
-3.86432
-3.86637
-3.8656
-3.86531
-3.86248
-3.85963
-3.85981
-3.85873
-3.86033
-3.8613
-3.86434
-3.86628
-3.86454
-3.86412
-3.86106
-3.85591
-3.84945
-3.84479
-3.84201
-3.84263
-3.84571
-3.85261
-3.85663
-3.85871
-3.85996
-3.86012
-3.85606
-3.85507
-3.85171
-3.84977
-3.84939
-3.85091
-3.85269
-3.85482
-3.85423
-3.85631
-3.85694
-3.85478
-3.85289
-3.85138
-3.85193
-3.85101
-3.85063
-3.84916
-3.85043
-3.84941
-3.84924
-3.851
-3.85562
-3.85514
-3.85881
-3.85876
-3.85976
-3.8603
-3.86013
-3.85625
-3.85421
-3.85424
-3.85306
-3.85537
-3.85634
-3.8577
-3.85753
-3.85595
-3.85768
-3.85629
-3.85693
-3.85622
-3.85349
-3.85367
-3.85475
-3.85061
-3.85233
-3.8512
-3.85057
-3.85406
-3.85674
-3.85799
-3.8587
-3.85593
-3.8543
-3.85112
-3.85073
-3.85432
-3.85574
-3.85892
-3.86072
-3.85863
-3.8568
-3.85494
-3.85329
-3.85492
-3.85503
-3.85443
-3.85134
-3.84953
-3.84949
-3.85173
-3.85185
-3.85367
-3.85493
-3.85836
-3.85953
-3.86037
-3.8612
-3.85847
-3.85366
-3.8537
-3.85484
-3.85552
-3.85379
-3.853
-3.85354
-3.85399
-3.85205
-3.85152
-3.8542
-3.85371
-3.85362
-3.85386
-3.85745
-3.85965
-3.85974
-3.85972
-3.86078
-3.85906
-3.85367
-3.85087
-3.85011
-3.84926
-3.84775
-3.84817
-3.84836
-3.84929
-3.85184
-3.85403
-3.85439
-3.85553
-3.8565
-3.85898
-3.85947
-3.85968
-3.8589
-3.85715
-3.85375
-3.85021
-3.84955
-3.84753
-3.84824
-3.84782
-3.84942
-3.85003
-3.8525
-3.85353
-3.85549
-3.85222
-3.85304
-3.85587
-3.85333
-3.85486
-3.85294
-3.85242
-3.8528
-3.85259
-3.85329
-3.8513
-3.85054
-3.85102
-3.85009
-3.84901
-3.84954
-3.84907
-3.85275
-3.85447
-3.85555
-3.85688
-3.85622
-3.85619
-3.85795
-3.85913
-3.85771
-3.85828
-3.85857
-3.85691
-3.85765
-3.85853
-3.85566
-3.85459
-3.85497
-3.85666
-3.85773
-3.86091
-3.86291
-3.86472
-3.86594
-3.86377
-3.86166
-3.86186
-3.85665
-3.85189
-3.85069
-3.84702
-3.8462
-3.84997
-3.84947
-3.84798
-3.84901
-3.84814
-3.84807
-3.84723
-3.84786
-3.85023
-3.85378
-3.8538
-3.85576
-3.85758
-3.85501
-3.8532
-3.85163
-3.85284
-3.85482
-3.85575
-3.85576
-3.85612
-3.85809
-3.85856
-3.85599
-3.85352
-3.8505
-3.85039
-3.85235
-3.85264
-3.85507
-3.8568
-3.85818
-3.8611
-3.86116
-3.86
-3.85714
-3.85426
-3.85096
-3.84913
-3.84984
-3.85012
-3.84931
-3.8506
-3.85051
-3.85449
-3.8548
-3.85663
-3.85637
-3.85267
-3.85482
-3.85671
-3.85976
-3.85953
-3.86051
-3.86155
-3.85853
-3.859
-3.85877
-3.8601
-3.85567
-3.85456
-3.8532
-3.85224
-3.84704
-3.84535
-3.84671
-3.84877
-3.85065
-3.85254
-3.85547
-3.85595
-3.85555
-3.85599
-3.85444
-3.85626
-3.85518
-3.85423
-3.85441
-3.85572
-3.85742
-3.85764
-3.86004
-3.85903
-3.85994
-3.85638
-3.85492
-3.8558
-3.85368
-3.85535
-3.85478
-3.85698
-3.85631
-3.85747
-3.85965
-3.85718
-3.85698
-3.85665
-3.85539
-3.85378
-3.85373
-3.85521
-3.85641
-3.85661
-3.85358
-3.85572
-3.8573
-3.86131
-3.86147
-3.86327
-3.86515
-3.86514
-3.86513
-3.86319
-3.8624
-3.86039
-3.85824
-3.85585
-3.85748
-3.85685
-3.85447
-3.85282
-3.85318
-3.85476
-3.85579
-3.85917
-3.86053
-3.85835
-3.85819
-3.85836
-3.85693
-3.85624
-3.85797
-3.85459
-3.85369
-3.85357
-3.85276
-3.85315
-3.85595
-3.85843
-3.86059
-3.85808
-3.85519
-3.85128
-3.84684
-3.84605
-3.84521
-3.84596
-3.8454
-3.84711
-3.84928
-3.85166
-3.85442
-3.85387
-3.85364
-3.85298
-3.85591
-3.85629
-3.85416
-3.85126
-3.84905
-3.84923
-3.85151
-3.84976
-3.84823
-3.84945
-3.84938
-3.84953
-3.84695
-3.84845
-3.84769
-3.84891
-3.85159
-3.85229
-3.85564
-3.85653
-3.85774
-3.85622
-3.85559
-3.85611
-3.85427
-3.85012
-3.85159
-3.85187
-3.85064
-3.85412
-3.85675
-3.85882
-3.86037
-3.86123
-3.86031
-3.85706
-3.85736
-3.85664
-3.85412
-3.85436
-3.85548
-3.85532
-3.8536
-3.85378
-3.8544
-3.85474
-3.85359
-3.85534
-3.85803
-3.85909
-3.85993
-3.85862
-3.8589
-3.85818
-3.85838
-3.85683
-3.85667
-3.85495
-3.85411
-3.85168
-3.85197
-3.85305
-3.85298
-3.85739
-3.85934
-3.85936
-3.8592
-3.85584
-3.85324
-3.85235
-3.85201
-3.8509
-3.85017
-3.8486
-3.84826
-3.84877
-3.8486
-3.84944
-3.85155
-3.85193
-3.85021
-3.85232
-3.85051
-3.84962
-3.85164
-3.85222
-3.85455
-3.85417
-3.85523
-3.85662
-3.85657
-3.85581
-3.85672
-3.85637
-3.85546
-3.85384
-3.85421
-3.8555
-3.85654
-3.85805
-3.86144
-3.85967
-3.85917
-3.85652
-3.85336
-3.85177
-3.85042
-3.8504
-3.85093
-3.85254
-3.85214
-3.85171
-3.85078
-3.85275
-3.85305
-3.8501
-3.84993
-3.84992
-3.85213
-3.85458
-3.85623
-3.85627
-3.85642
-3.85889
-3.86063
-3.86139
-3.86322
-3.86308
-3.86119
-3.85748
-3.85497
-3.85239
-3.85112
-3.85235
-3.85344
-3.85093
-3.85083
-3.85081
-3.85172
-3.85396
-3.85563
-3.85514
-3.85302
-3.85124
-3.85143
-3.85104
-3.85272
-3.85502
-3.85521
-3.85585
-3.85432
-3.85147
-3.84616
-3.84637
-3.84849
-3.84941
-3.85121
-3.85282
-3.8541
-3.85571
-3.8569
-3.85632
-3.85684
-3.8547
-3.85344
-3.85241
-3.85143
-3.84944
-3.85185
-3.85233
-3.8563
-3.85981
-3.86603
-3.86773
-3.8662
-3.86751
-3.86587
-3.86219
-3.85737
-3.85276
-3.84898
-3.84799
-3.84854
-3.85253
-3.85421
-3.85528
-3.8554
-3.85557
-3.85259
-3.85161
-3.8513
-3.84945
-3.85105
-3.85072
-3.8474
-3.84704
-3.84564
-3.84453
-3.84339
-3.84451
-3.84579
-3.84638
-3.85076
-3.85237
-3.8528
-3.8519
-3.85137
-3.85157
-3.84948
-3.8507
-3.84948
-3.85232
-3.85288
-3.85555
-3.85421
-3.85429
-3.85301
-3.85288
-3.85131
-3.85186
-3.85063
-3.8507
-3.84918
-3.85178
-3.85213
-3.85265
-3.85254
-3.85392
-3.85311
-3.85433
-3.8553
-3.85633
-3.85471
-3.85374
-3.85242
-3.85213
-3.85225
-3.85371
-3.85535
-3.85407
-3.8513
-3.84969
-3.84796
-3.84794
-3.84929
-3.85006
-3.85402
-3.85382
-3.8537
-3.85562
-3.85798
-3.85663
-3.85665
-3.85712
-3.85578
-3.85677
-3.85596
-3.85645
-3.85508
-3.85585
-3.85812
-3.86176
-3.86302
-3.85922
-3.85881
-3.85589
-3.85509
-3.8526
-3.85199
-3.85206
-3.85187
-3.85253
-3.85401
-3.85688
-3.85873
-3.85876
-3.86038
-3.85764
-3.85706
-3.85784
-3.85819
-3.8572
-3.85712
-3.85787
-3.8555
-3.85487
-3.85219
-3.85015
-3.84922
-3.84924
-3.8462
-3.84609
-3.84577
-3.84768
-3.85063
-3.85148
-3.85041
-3.85167
-3.8547
-3.85437
-3.85456
-3.85743
-3.85796
-3.85678
-3.85605
-3.85623
-3.85621
-3.85874
-3.85962
-3.85952
-3.85918
-3.85967
-3.8609
-3.86031
-3.86172
-3.86026
-3.86041
-3.86067
-3.86029
-3.86038
-3.85982
-3.85982
-3.86003
-3.85856
-3.85901
-3.85987
-3.85886
-3.85982
-3.8603
-3.86008
-3.85932
-3.85779
-3.85785
-3.85793
-3.85455
-3.85527
-3.85636
-3.85399
-3.85355
-3.85392
-3.85147
-3.85202
-3.85357
-3.85429
-3.85616
-3.85227
-3.85357
-3.85441
-3.8545
-3.85371
-3.85271
-3.85135
-3.85207
-3.85293
-3.85061
-3.84931
-3.84945
-3.84944
-3.85068
-3.84991
-3.85021
-3.85187
-3.85116
-3.85125
-3.85097
-3.85228
-3.8534
-3.85134
-3.85199
-3.85363
-3.85172
-3.85134
-3.8521
-3.85135
-3.85421
-3.85667
-3.85915
-3.85787
-3.85958
-3.86022
-3.85764
-3.85349
-3.85244
-3.84936
-3.84697
-3.84403
-3.84573
-3.84687
-3.84878
-3.84609
-3.84841
-3.85002
-3.85036
-3.84855
-3.84873
-3.84799
-3.8507
-3.85247
-3.85568
-3.85705
-3.86064
-3.85928
-3.86136
-3.85663
-3.85429
-3.85186
-3.85191
-3.8517
-3.85152
-3.85094
-3.85241
-3.85445
-3.85468
-3.85455
-3.85189
-3.84999
-3.85187
-3.85276
-3.85376
-3.85386
-3.85368
-3.85653
-3.85688
-3.85547
-3.8535
-3.85292
-3.85333
-3.85434
-3.85345
-3.85483
-3.85275
-3.84916
-3.84759
-3.84874
-3.8469
-3.84704
-3.85134
-3.85358
-3.85427
-3.85525
-3.85526
-3.85831
-3.85849
-3.859
-3.85979
-3.86055
-3.8605
-3.86076
-3.86127
-3.86206
-3.86187
-3.86044
-3.85965
-3.85901
-3.85797
-3.85853
-3.86004
-3.86156
-3.86119
-3.86001
-3.86237
-3.86199
-3.86392
-3.86208
-3.86132
-3.86006
-3.85877
-3.85776
-3.85737
-3.85828
-3.86056
-3.86384
-3.86402
-3.86191
-3.86136
-3.85914
-3.85788
-3.85485
-3.85195
-3.85272
-3.85075
-3.85166
-3.85441
-3.85761
-3.86122
-3.8602
-3.85807
-3.8572
-3.85783
-3.85736
-3.85941
-3.85755
-3.8531
-3.85388
-3.85507
-3.85504
-3.85552
-3.85423
-3.85455
-3.85419
-3.85449
-3.85721
-3.8584
-3.85665
-3.85352
-3.85276
-3.85293
-3.85313
-3.85681
-3.85681
-3.85497
-3.85234
-3.85011
-3.84585
-3.84334
-3.84165
-3.8432
-3.84577
-3.84777
-3.85314
-3.85621
-3.85738
-3.86023
-3.86082
-3.85741
-3.85412
-3.85076
-3.85174
-3.85154
-3.8507
-3.85212
-3.85465
-3.8519
-3.85382
-3.85533
-3.8561
-3.85717
-3.8557
-3.85359
-3.85388
-3.85486
-3.85258
-3.85204
-3.85069
-3.85306
-3.85243
-3.85046
-3.85074
-3.85004
-3.85348
-3.85646
-3.85782
-3.85953
-3.85787
-3.85747
-3.85789
-3.85854
-3.85813
-3.85414
-3.85415
-3.8537
-3.85243
-3.85146
-3.85161
-3.85311
-3.85303
-3.85114
-3.85068
-3.84913
-3.84961
-3.85035
-3.8496
-3.84988
-3.85034
-3.85133
-3.85521
-3.8566
-3.85659
-3.856
-3.85459
-3.854
-3.85155
-3.85259
-3.85055
-3.84942
-3.85167
-3.85003
-3.85093
-3.85161
-3.85161
-3.85477
-3.85525
-3.85552
-3.85684
-3.85584
-3.85722
-3.85678
-3.85753
-3.8576
-3.85814
-3.8585
-3.86047
-3.85994
-3.85784
-3.85702
-3.85697
-3.85701
-3.85398
-3.85581
-3.85557
-3.8602
-3.86152
-3.85949
-3.86105
-3.85823
-3.85626
-3.85445
-3.85036
-3.84832
-3.84922
-3.85202
-3.85317
-3.85347
-3.85333
-3.85278
-3.85441
-3.85579
-3.85432
-3.85777
-3.85747
-3.8588
-3.85521
-3.85299
-3.84966
-3.85061
-3.85173
-3.85043
-3.85311
-3.85499
-3.85685
-3.85642
-3.85554
-3.85632
-3.85765
-3.85716
-3.8586
-3.85624
-3.85576
-3.85373
-3.85232
-3.85212
-3.85146
-3.85212
-3.85176
-3.85316
-3.85346
-3.85299
-3.85161
-3.85003
-3.84963
-3.84793
-3.84576
-3.84548
-3.8456
-3.84568
-3.84726
-3.85222
-3.85577
-3.85553
-3.85695
-3.85707
-3.85866
-3.85965
-3.86096
-3.85906
-3.85828
-3.85707
-3.85639
-3.85478
-3.85486
-3.85444
-3.85245
-3.85422
-3.85323
-3.85181
-3.85181
-3.85229
-3.85274
-3.853
-3.85345
-3.85623
-3.85478
-3.85592
-3.85607
-3.85334
-3.85662
-3.85474
-3.85537
-3.85139
-3.849
-3.84911
-3.84782
-3.8511
-3.84922
-3.85091
-3.85048
-3.85238
-3.85225
-3.85182
-3.85067
-3.85132
-3.85037
-3.84863
-3.84689
-3.8482
-3.84519
-3.847
-3.85011
-3.84961
-3.85138
-3.85399
-3.85584
-3.85855
-3.85944
-3.85816
-3.85681
-3.85201
-3.84819
-3.84495
-3.84455
-3.84644
-3.847
-3.84898
-3.85181
-3.85729
-3.85896
-3.86053
-3.86326
-3.86228
-3.86157
-3.85897
-3.85827
-3.85643
-3.85597
-3.85497
-3.85394
-3.85324
-3.85372
-3.85298
-3.85553
-3.85633
-3.85445
-3.85286
-3.8506
-3.85208
-3.85172
-3.85035
-3.84899
-3.84784
-3.84472
-3.84493
-3.84479
-3.84669
-3.84975
-3.85087
-3.8524
-3.85279
-3.85351
-3.85406
-3.8513
-3.85014
-3.85148
-3.84944
-3.85115
-3.85123
-3.85249
-3.85088
-3.84837
-3.84914
-3.85314
-3.85571
-3.85515
-3.85608
-3.85666
-3.85474
-3.8528
-3.85267
-3.8515
-3.85083
-3.84733
-3.84359
-3.83958
-3.8387
-3.83921
-3.84233
-3.84626
-3.85066
-3.8526
-3.85326
-3.85571
-3.85929
-3.85956
-3.85763
-3.8602
-3.86293
-3.86035
-3.85869
-3.85659
-3.85511
-3.85354
-3.85123
-3.85151
-3.84861
-3.84877
-3.8513
-3.85364
-3.85588
-3.85508
-3.8553
-3.8562
-3.85644
-3.85494
-3.85127
-3.85104
-3.84998
-3.85075
-3.85057
-3.85122
-3.85265
-3.85183
-3.85253
-3.85326
-3.85388
-3.856
-3.85355
-3.85198
-3.84867
-3.84912
-3.85169
-3.85659
-3.85623
-3.85643
-3.85512
-3.85466
-3.85243
-3.85007
-3.84948
-3.8511
-3.8535
-3.85554
-3.85676
-3.85729
-3.85633
-3.85476
-3.85564
-3.85241
-3.85359
-3.85155
-3.8557
-3.85692
-3.85321
-3.85007
-3.8493
-3.84801
-3.85044
-3.85003
-3.85387
-3.85359
-3.85255
-3.84972
-3.85095
-3.85147
-3.84907
-3.84916
-3.84865
-3.85078
-3.85231
-3.85343
-3.85282
-3.85338
-3.85971
-3.86217
-3.86313
-3.86221
-3.86007
-3.85823
-3.85739
-3.85629
-3.85626
-3.85518
-3.85599
-3.8552
-3.8546
-3.85417
-3.85571
-3.85507
-3.8554
-3.85761
-3.86022
-3.86105
-3.85895
-3.85547
-3.85249
-3.85262
-3.84853
-3.84977
-3.85068
-3.85014
-3.85074
-3.85015
-3.84973
-3.85067
-3.85105
-3.84822
-3.84836
-3.84733
-3.84536
-3.84406
-3.84425
-3.84424
-3.84459
-3.8474
-3.84823
-3.85268
-3.85419
-3.85592
-3.85402
-3.8549
-3.85351
-3.85505
-3.85486
-3.85476
-3.85304
-3.85323
-3.85416
-3.85304
-3.85427
-3.85619
-3.85527
-3.85667
-3.85618
-3.8579
-3.85645
-3.85888
-3.85621
-3.85759
-3.85844
-3.85643
-3.85769
-3.85694
-3.85773
-3.85711
-3.85669
-3.85753
-3.85506
-3.85658
-3.85738
-3.85735
-3.8554
-3.85559
-3.8547
-3.85333
-3.85253
-3.85123
-3.85012
-3.85046
-3.84943
-3.8515
-3.85314
-3.8564
-3.85897
-3.85496
-3.85374
-3.85363
-3.85278
-3.85467
-3.85379
-3.85405
-3.85605
-3.85584
-3.85415
-3.84982
-3.84991
-3.84963
-3.85182
-3.85364
-3.85473
-3.85647
-3.85832
-3.8564
-3.85605
-3.85358
-3.85221
-3.85265
-3.85008
-3.85176
-3.85265
-3.85515
-3.8541
-3.853
-3.8521
-3.84989
-3.84865
-3.85171
-3.85701
-3.85824
-3.85857
-3.85827
-3.85746
-3.85687
-3.85755
-3.85434
-3.8535
-3.84974
-3.84971
-3.84669
-3.84444
-3.84341
-3.84498
-3.84563
-3.84916
-3.85202
-3.8517
-3.85094
-3.85068
-3.84929
-3.84894
-3.84905
-3.85056
-3.84974
-3.84969
-3.85013
-3.85239
-3.85193
-3.85196
-3.85151
-3.8526
-3.85336
-3.85182
-3.85162
-3.85117
-3.85181
-3.85181
-3.85225
-3.85234
-3.85071
-3.84889
-3.84813
-3.84831
-3.84961
-3.85072
-3.85357
-3.85329
-3.85375
-3.85413
-3.85273
-3.85182
-3.85402
-3.85654
-3.85592
-3.85601
-3.8553
-3.85317
-3.85257
-3.84752
-3.84797
-3.84711
-3.84513
-3.84475
-3.84756
-3.8492
-3.85319
-3.85559
-3.85772
-3.85852
-3.86198
-3.86163
-3.85838
-3.85684
-3.85436
-3.85296
-3.8519
-3.85143
-3.85383
-3.85495
-3.85592
-3.85768
-3.85954
-3.8584
-3.85769
-3.85556
-3.85559
-3.8559
-3.85525
-3.85431
-3.85409
-3.85234
-3.85171
-3.85443
-3.85326
-3.85438
-3.85315
-3.8537
-3.85429
-3.85485
-3.85284
-3.853
-3.85213
-3.85184
-3.85102
-3.85238
-3.8522
-3.85291
-3.8528
-3.8524
-3.85467
-3.85394
-3.85275
-3.8507
-3.85191
-3.85172
-3.85033
-3.85084
-3.85202
-3.85198
-3.85262
-3.8519
-3.85459
-3.85636
-3.85859
-3.86055
-3.86033
-3.86076
-3.85819
-3.85596
-3.85544
-3.85247
-3.85282
-3.85183
-3.85276
-3.8548
-3.85664
-3.85722
-3.85941
-3.861
-3.85924
-3.8568
-3.85573
-3.8552
-3.85336
-3.85174
-3.85224
-3.85002
-3.84945
-3.85089
-3.85228
-3.85602
-3.855
-3.8567
-3.85761
-3.85733
-3.85853
-3.85819
-3.85912
-3.85753
-3.85571
-3.85551
-3.85527
-3.85525
-3.85509
-3.85216
-3.85202
-3.85252
-3.85384
-3.85363
-3.85526
-3.85347
-3.85268
-3.85037
-3.85178
-3.85056
-3.84848
-3.84793
-3.84711
-3.84653
-3.84602
-3.84674
-3.84837
-3.85067
-3.85216
-3.85741
-3.85961
-3.8585
-3.85955
-3.85835
-3.85498
-3.85566
-3.8539
-3.85409
-3.85547
-3.85584
-3.8552
-3.85425
-3.8546
-3.85353
-3.85514
-3.85712
-3.8582
-3.85743
-3.85677
-3.85291
-3.85433
-3.85399
-3.8561
-3.85679
-3.85681
-3.85977
-3.86044
-3.85932
-3.85546
-3.85399
-3.85458
-3.85383
-3.85409
-3.85699
-3.85841
-3.8566
-3.85588
-3.85534
-3.85453
-3.85523
-3.85548
-3.8561
-3.85607
-3.85485
-3.85469
-3.85368
-3.85497
-3.85494
-3.85562
-3.85733
-3.85958
-3.85916
-3.85711
-3.85796
-3.85843
-3.85602
-3.85617
-3.85534
-3.8515
-3.84884
-3.84933
-3.84903
-3.8494
-3.84916
-3.85067
-3.85102
-3.85384
-3.85688
-3.85839
-3.85873
-3.85892
-3.8595
-3.85762
-3.85545
-3.85613
-3.85397
-3.85445
-3.85451
-3.85433
-3.85231
-3.8509
-3.85046
-3.85036
-3.8502
-3.84954
-3.85091
-3.8509
-3.85284
-3.85291
-3.85452
-3.85703
-3.85696
-3.85703
-3.85792
-3.85702
-3.85687
-3.85572
-3.85538
-3.85464
-3.85711
-3.85372
-3.8531
-3.85529
-3.85416
-3.85421
-3.8567
-3.85774
-3.85959
-3.85935
-3.85926
-3.8614
-3.85945
-3.86072
-3.85711
-3.85778
-3.85523
-3.85299
-3.8533
-3.85348
-3.85275
-3.85183
-3.85223
-3.85013
-3.84905
-3.8501
-3.84978
-3.85019
-3.85076
-3.85071
-3.85013
-3.85035
-3.84935
-3.85051
-3.85289
-3.85309
-3.85249
-3.85273
-3.85235
-3.85085
-3.84936
-3.84767
-3.85104
-3.85115
-3.85059
-3.85244
-3.85367
-3.85632
-3.86018
-3.86013
-3.85918
-3.85766
-3.8568
-3.8528
-3.85399
-3.85313
-3.85412
-3.85629
-3.85571
-3.8555
-3.85312
-3.85071
-3.84741
-3.84633
-3.84534
-3.84534
-3.84706
-3.84927
-3.85116
-3.85521
-3.85582
-3.85628
-3.85634
-3.85542
-3.8541
-3.85294
-3.85281
-3.8506
-3.85011
-3.8491
-3.85103
-3.85074
-3.85225
-3.85163
-3.85387
-3.85624
-3.85803
-3.859
-3.86065
-3.8596
-3.85699
-3.85149
-3.84975
-3.8499
-3.84807
-3.84978
-3.84932
-3.8488
-3.84871
-3.85129
-3.85499
-3.85937
-3.85969
-3.86166
-3.86142
-3.86123
-3.85718
-3.85321
-3.85122
-3.84763
-3.84865
-3.85013
-3.85448
-3.85526
-3.85665
-3.85679
-3.85395
-3.85278
-3.85377
-3.85398
-3.8502
-3.84953
-3.84999
-3.85088
-3.85281
-3.85133
-3.85212
-3.85147
-3.85299
-3.85607
-3.85717
-3.85637
-3.85519
-3.85153
-3.85263
-3.85457
-3.85451
-3.85418
-3.85577
-3.85624
-3.8553
-3.85475
-3.85323
-3.85165
-3.85279
-3.85414
-3.85279
-3.85468
-3.85418
-3.85506
-3.85562
-3.85461
-3.85597
-3.85855
-3.86142
-3.86479
-3.86326
-3.86114
-3.85832
-3.85542
-3.84971
-3.84962
-3.84817
-3.84999
-3.85269
-3.85361
-3.85261
-3.85294
-3.85238
-3.84985
-3.85053
-3.85031
-3.85315
-3.85643
-3.8599
-3.86059
-3.85878
-3.85668
-3.85388
-3.851
-3.84925
-3.84956
-3.84924
-3.85204
-3.85293
-3.85494
-3.85799
-3.85942
-3.8613
-3.86173
-3.86279
-3.85939
-3.85813
-3.85856
-3.85765
-3.85441
-3.85202
-3.85346
-3.85275
-3.85262
-3.85525
-3.85668
-3.85599
-3.8563
-3.85287
-3.85305
-3.85075
-3.8502
-3.85055
-3.85251
-3.85063
-3.85168
-3.85258
-3.85316
-3.85521
-3.85336
-3.85579
-3.85764
-3.85256
-3.85385
-3.85293
-3.85148
-3.85371
-3.85206
-3.85468
-3.85914
-3.86068
-3.86041
-3.85896
-3.85841
-3.85786
-3.8566
-3.85667
-3.85725
-3.85737
-3.85802
-3.85904
-3.85884
-3.86157
-3.86183
-3.86357
-3.86427
-3.86422
-3.86198
-3.85928
-3.8575
-3.85687
-3.85993
-3.85993
-3.85719
-3.85612
-3.85331
-3.85397
-3.85547
-3.8537
-3.85592
-3.85728
-3.85689
-3.85598
-3.85677
-3.85833
-3.85692
-3.85504
-3.85436
-3.85569
-3.85324
-3.85341
-3.8547
-3.85463
-3.85246
-3.85605
-3.85494
-3.85326
-3.8522
-3.85325
-3.8541
-3.85389
-3.85599
-3.85552
-3.85411
-3.85326
-3.85165
-3.85281
-3.85219
-3.85295
-3.85612
-3.85579
-3.8549
-3.85431
-3.85571
-3.85902
-3.85859
-3.8598
-3.85904
-3.85314
-3.84991
-3.84995
-3.84819
-3.84865
-3.84999
-3.85477
-3.8549
-3.85391
-3.85271
-3.85328
-3.85167
-3.85156
-3.85168
-3.85036
-3.8514
-3.85046
-3.85192
-3.85321
-3.85382
-3.85517
-3.85693
-3.85999
-3.85774
-3.85906
-3.8599
-3.85669
-3.85579
-3.85298
-3.85091
-3.84892
-3.84948
-3.85054
-3.85168
-3.85407
-3.85646
-3.85618
-3.85747
-3.85878
-3.8579
-3.85837
-3.85767
-3.85525
-3.85361
-3.85213
-3.8505
-3.85092
-3.85186
-3.85148
-3.85317
-3.85552
-3.85751
-3.85615
-3.85946
-3.85985
-3.85977
-3.85775
-3.85499
-3.85615
-3.85536
-3.85242
-3.852
-3.85048
-3.85185
-3.85129
-3.85262
-3.85503
-3.85746
-3.85804
-3.85815
-3.85818
-3.8554
-3.85561
-3.85352
-3.8531
-3.85472
-3.85454
-3.85546
-3.85735
-3.85414
-3.85149
-3.85017
-3.84869
-3.84973
-3.84882
-3.84829
-3.84924
-3.85162
-3.85448
-3.85581
-3.85729
-3.85663
-3.85712
-3.85817
-3.85709
-3.85485
-3.85295
-3.85019
-3.8486
-3.85014
-3.84856
-3.84855
-3.85185
-3.85523
-3.85778
-3.85685
-3.85198
-3.85227
-3.8491
-3.84704
-3.8446
-3.84344
-3.84449
-3.84604
-3.847
-3.84971
-3.84991
-3.85543
-3.85834
-3.86047
-3.86258
-3.86174
-3.86168
-3.86231
-3.8616
-3.86104
-3.86061
-3.85694
-3.85643
-3.85408
-3.85204
-3.84896
-3.84563
-3.84695
-3.84958
-3.85289
-3.85284
-3.85529
-3.858
-3.85845
-3.85665
-3.85724
-3.85697
-3.85687
-3.85592
-3.8567
-3.85694
-3.8553
-3.85811
-3.85909
-3.85729
-3.85456
-3.85334
-3.85373
-3.8504
-3.85157
-3.85352
-3.85178
-3.85277
-3.85347
-3.85158
-3.85155
-3.85135
-3.85259
-3.85401
-3.85378
-3.85108
-3.85089
-3.84996
-3.84991
-3.84936
-3.85037
-3.8493
-3.85063
-3.84842
-3.85007
-3.85027
-3.8546
-3.85528
-3.8575
-3.85734
-3.85886
-3.85717
-3.85776
-3.85409
-3.85391
-3.84835
-3.84929
-3.84956
-3.8496
-3.85131
-3.85323
-3.85578
-3.85545
-3.85491
-3.85258
-3.85134
-3.84974
-3.84851
-3.84749
-3.84499
-3.844
-3.84551
-3.84598
-3.84672
-3.84813
-3.85187
-3.85364
-3.85302
-3.85541
-3.85579
-3.85427
-3.85356
-3.85292
-3.85227
-3.85369
-3.85195
-3.85363
-3.85342
-3.85399
-3.85547
-3.85584
-3.85618
-3.85497
-3.85308
-3.85242
-3.85115
-3.85202
-3.8524
-3.85351
-3.8549
-3.85201
-3.85558
-3.85512
-3.85633
-3.85481
-3.85415
-3.85267
-3.85203
-3.84901
-3.84749
-3.8503
-3.8523
-3.85327
-3.85494
-3.85794
-3.85895
-3.85453
-3.85465
-3.85394
-3.85121
-3.8509
-3.85182
-3.85411
-3.85417
-3.85679
-3.85721
-3.85747
-3.85765
-3.8593
-3.85718
-3.85626
-3.85522
-3.85417
-3.8542
-3.85458
-3.85394
-3.85715
-3.8588
-3.86082
-3.85913
-3.85783
-3.85436
-3.85261
-3.85153
-3.85177
-3.85141
-3.85292
-3.85318
-3.8527
-3.85303
-3.85355
-3.85329
-3.85434
-3.85599
-3.8553
-3.85471
-3.85445
-3.85097
-3.85142
-3.8496
-3.84731
-3.84985
-3.85072
-3.85298
-3.85475
-3.85381
-3.85459
-3.85383
-3.85484
-3.85286
-3.85437
-3.85468
-3.85258
-3.8535
-3.85149
-3.85109
-3.84964
-3.84981
-3.84799
-3.8481
-3.84776
-3.8478
-3.84903
-3.84908
-3.84946
-3.85063
-3.84936
-3.85068
-3.85347
-3.85359
-3.854
-3.85162
-3.85267
-3.84996
-3.84998
-3.84852
-3.85032
-3.84971
-3.851
-3.85408
-3.85328
-3.85318
-3.85406
-3.85596
-3.8612
-3.86395
-3.86528
-3.86436
-3.86387
-3.85758
-3.85437
-3.8514
-3.84902
-3.84898
-3.85099
-3.85227
-3.85048
-3.85407
-3.8548
-3.85545
-3.85654
-3.857
-3.85819
-3.85588
-3.85466
-3.8554
-3.85365
-3.85429
-3.8551
-3.85663
-3.85805
-3.85738
-3.85777
-3.85792
-3.85479
-3.85467
-3.85194
-3.85159
-3.85067
-3.85022
-3.84961
-3.84942
-3.84792
-3.85116
-3.85377
-3.8546
-3.8565
-3.85712
-3.85907
-3.85948
-3.85901
-3.8583
-3.85451
-3.85243
-3.85069
-3.85119
-3.8521
-3.85444
-3.85705
-3.8563
-3.85571
-3.85454
-3.85237
-3.8545
-3.85346
-3.85083
-3.85013
-3.85238
-3.85165
-3.85064
-3.85064
-3.85147
-3.8492
-3.84796
-3.84738
-3.84795
-3.85075
-3.8554
-3.85603
-3.8579
-3.85725
-3.85684
-3.85605
-3.85317
-3.8519
-3.85043
-3.85418
-3.85364
-3.85153
-3.8535
-3.85609
-3.85955
-3.86118
-3.85896
-3.85777
-3.85423
-3.85301
-3.85037
-3.84919
-3.84708
-3.84703
-3.84695
-3.84855
-3.85178
-3.85506
-3.85853
-3.86211
-3.86365
-3.86406
-3.85831
-3.8548
-3.85212
-3.85067
-3.8512
-3.84649
-3.84597
-3.84532
-3.84733
-3.84898
-3.85074
-3.8515
-3.85068
-3.85121
-3.8515
-3.85292
-3.85518
-3.85672
-3.85626
-3.8548
-3.85561
-3.85509
-3.85604
-3.85673
-3.85879
-3.85748
-3.85709
-3.85864
-3.85684
-3.85604
-3.85324
-3.85101
-3.84699
-3.84609
-3.84736
-3.84655
-3.8484
-3.85045
-3.85202
-3.85346
-3.85597
-3.85614
-3.855
-3.85279
-3.85336
-3.85333
-3.85422
-3.85559
-3.85676
-3.85727
-3.85598
-3.85636
-3.85408
-3.85435
-3.85412
-3.85309
-3.85425
-3.85382
-3.8537
-3.8566
-3.85836
-3.85766
-3.85798
-3.85959
-3.8599
-3.86082
-3.85875
-3.85677
-3.85505
-3.85511
-3.85282
-3.85015
-3.84824
-3.84765
-3.84868
-3.85013
-3.8551
-3.8564
-3.85563
-3.85598
-3.85549
-3.85116
-3.84781
-3.84731
-3.84494
-3.84606
-3.84794
-3.85047
-3.85241
-3.85403
-3.85372
-3.85727
-3.85871
-3.86193
-3.86292
-3.86022
-3.85671
-3.85524
-3.85256
-3.85228
-3.85046
-3.85133
-3.84911
-3.84864
-3.85134
-3.85109
-3.84968
-3.84977
-3.84708
-3.84886
-3.84892
-3.85003
-3.85181
-3.85269
-3.85588
-3.85607
-3.85694
-3.85733
-3.85715
-3.85739
-3.8563
-3.85583
-3.85641
-3.85543
-3.85291
-3.85477
-3.85476
-3.85245
-3.85126
-3.84968
-3.84932
-3.85015
-3.851
-3.85031
-3.85086
-3.85059
-3.85018
-3.85208
-3.85358
-3.85257
-3.85157
-3.85389
-3.85538
-3.85821
-3.85982
-3.86008
-3.85775
-3.85397
-3.85461
-3.85474
-3.85399
-3.85165
-3.85208
-3.85411
-3.85572
-3.85585
-3.85718
-3.85771
-3.85694
-3.85652
-3.85566
-3.85474
-3.85433
-3.85669
-3.85833
-3.86012
-3.86185
-3.86281
-3.86294
-3.86154
-3.85967
-3.85621
-3.85595
-3.85578
-3.854
-3.85292
-3.85274
-3.85243
-3.85191
-3.8497
-3.84998
-3.85131
-3.85281
-3.85453
-3.85534
-3.85433
-3.85422
-3.85615
-3.85761
-3.85896
-3.85759
-3.85919
-3.86058
-3.85958
-3.85765
-3.85658
-3.85466
-3.85075
-3.84736
-3.84421
-3.84344
-3.84194
-3.84377
-3.84728
-3.84878
-3.85044
-3.8511
-3.85422
-3.85485
-3.85488
-3.85442
-3.85579
-3.85705
-3.85605
-3.85614
-3.85279
-3.85059
-3.85023
-3.84949
-3.84845
-3.85055
-3.85118
-3.8521
-3.8545
-3.85451
-3.85751
-3.8584
-3.86019
-3.86191
-3.85916
-3.85916
-3.85684
-3.85909
-3.85682
-3.8563
-3.85628
-3.85647
-3.8531
-3.85028
-3.85095
-3.85446
-3.85426
-3.85359
-3.85186
-3.85247
-3.85159
-3.85133
-3.8482
-3.84907
-3.84773
-3.85079
-3.85186
-3.85107
-3.85196
-3.85175
-3.85297
-3.85417
-3.85402
-3.8536
-3.85587
-3.85408
-3.85174
-3.85169
-3.85026
-3.85153
-3.8528
-3.85356
-3.85356
-3.85646
-3.85456
-3.85538
-3.85534
-3.85609
-3.85359
-3.85209
-3.84832
-3.84535
-3.84589
-3.84573
-3.84551
-3.84826
-3.84772
-3.85112
-3.85295
-3.85538
-3.85692
-3.85714
-3.8557
-3.85524
-3.85432
-3.85252
-3.85091
-3.85322
-3.85579
-3.85672
-3.85417
-3.85291
-3.85187
-3.85252
-3.85304
-3.85171
-3.84993
-3.84881
-3.84862
-3.84985
-3.85289
-3.85572
-3.85989
-3.86083
-3.86115
-3.86129
-3.86219
-3.8615
-3.85966
-3.85836
-3.85642
-3.85492
-3.85231
-3.85087
-3.85073
-3.85079
-3.85073
-3.85297
-3.85713
-3.85906
-3.86142
-3.8605
-3.85963
-3.85883
-3.85508
-3.85677
-3.85961
-3.86051
-3.86136
-3.86009
-3.85847
-3.85529
-3.8506
-3.84807
-3.84668
-3.84587
-3.84577
-3.84739
-3.84963
-3.85399
-3.85518
-3.85906
-3.86024
-3.8607
-3.85781
-3.8538
-3.85148
-3.85103
-3.85152
-3.84965
-3.85177
-3.8537
-3.85306
-3.85395
-3.85355
-3.85673
-3.85722
-3.85567
-3.85239
-3.85226
-3.85029
-3.84918
-3.84964
-3.84785
-3.8507
-3.85175
-3.85242
-3.85465
-3.85487
-3.85711
-3.85591
-3.85396
-3.8534
-3.85125
-3.85009
-3.84923
-3.85054
-3.85307
-3.85546
-3.8573
-3.85823
-3.85665
-3.8562
-3.85345
-3.85139
-3.84968
-3.84739
-3.84697
-3.84903
-3.85031
-3.85201
-3.85409
-3.8538
-3.85502
-3.85599
-3.85492
-3.8554
-3.85439
-3.85789
-3.85712
-3.85717
-3.8585
-3.85645
-3.85667
-3.85619
-3.85484
-3.8546
-3.85648
-3.85838
-3.85589
-3.85511
-3.8562
-3.85533
-3.85514
-3.85546
-3.8555
-3.85221
-3.85411
-3.85362
-3.85363
-3.85255
-3.85123
-3.85246
-3.8519
-3.85264
-3.8514
-3.8522
-3.85214
-3.85392
-3.85413
-3.85702
-3.85596
-3.85559
-3.85417
-3.85444
-3.85357
-3.8527
-3.85383
-3.85305
-3.85522
-3.85957
-3.85826
-3.85879
-3.85881
-3.85794
-3.85905
-3.85811
-3.85742
-3.85652
-3.85749
-3.85791
-3.85676
-3.85521
-3.85458
-3.85121
-3.85006
-3.84977
-3.84807
-3.85165
-3.85397
-3.85816
-3.85827
-3.85629
-3.85577
-3.85581
-3.85561
-3.85824
-3.85813
-3.8558
-3.85465
-3.85473
-3.85517
-3.85214
-3.85264
-3.85362
-3.85569
-3.85663
-3.85821
-3.85816
-3.85895
-3.85875
-3.85627
-3.85462
-3.85322
-3.85289
-3.85201
-3.85176
-3.85236
-3.85304
-3.85379
-3.85399
-3.85164
-3.84877
-3.84926
-3.8494
-3.84815
-3.84773
-3.84507
-3.84676
-3.85012
-3.85456
-3.85571
-3.85232
-3.85206
-3.84985
-3.84788
-3.84728
-3.84576
-3.84474
-3.84434
-3.8471
-3.8505
-3.85595
-3.85914
-3.86332
-3.86585
-3.86596
-3.86422
-3.86168
-3.86063
-3.86042
-3.86113
-3.8601
-3.85892
-3.8605
-3.85689
-3.85487
-3.85457
-3.85492
-3.85316
-3.85247
-3.8537
-3.85259
-3.84772
-3.84742
-3.84893
-3.84859
-3.85129
-3.85033
-3.84956
-3.8506
-3.85089
-3.84995
-3.85114
-3.85118
-3.8521
-3.85402
-3.85483
-3.85325
-3.85364
-3.8571
-3.85818
-3.85991
-3.85871
-3.85778
-3.85853
-3.85896
-3.85975
-3.8608
-3.85879
-3.85714
-3.85635
-3.85684
-3.85627
-3.85427
-3.85517
-3.85396
-3.8571
-3.85395
-3.85443
-3.85245
-3.85216
-3.85267
-3.8503
-3.84835
-3.85024
-3.8504
-3.85229
-3.85242
-3.85088
-3.85338
-3.85224
-3.85378
-3.85327
-3.85472
-3.85385
-3.85197
-3.85214
-3.84978
-3.84971
-3.84893
-3.85143
-3.85363
-3.85562
-3.85832
-3.86038
-3.86192
-3.86469
-3.86593
-3.86436
-3.86386
-3.86214
-3.85953
-3.85734
-3.855
-3.8566
-3.85816
-3.85821
-3.85806
-3.85753
-3.85944
-3.85845
-3.85616
-3.85409
-3.85268
-3.85269
-3.85167
-3.85083
-3.85126
-3.84981
-3.85305
-3.85233
-3.85158
-3.85077
-3.85198
-3.85355
-3.8551
-3.85657
-3.85814
-3.85864
-3.85722
-3.85585
-3.85239
-3.85249
-3.8522
-3.85246
-3.85253
-3.85133
-3.85128
-3.85263
-3.85591
-3.85897
-3.85998
-3.85952
-3.86014
-3.86099
-3.85968
-3.85934
-3.85913
-3.85871
-3.8593
-3.8603
-3.85875
-3.85924
-3.85936
-3.86103
-3.86221
-3.86152
-3.86069
-3.86027
-3.8618
-3.85898
-3.85737
-3.85778
-3.85814
-3.86069
-3.86154
-3.85803
-3.85888
-3.85956
-3.86082
-3.85861
-3.85777
-3.85807
-3.85849
-3.85654
-3.85357
-3.85311
-3.85047
-3.84743
-3.84636
-3.84637
-3.84781
-3.85041
-3.85139
-3.85183
-3.85435
-3.85588
-3.85651
-3.85628
-3.85685
-3.85738
-3.85579
-3.85195
-3.85205
-3.85239
-3.85221
-3.85181
-3.85291
-3.8539
-3.85394
-3.85338
-3.852
-3.85137
-3.85135
-3.85089
-3.85212
-3.85349
-3.85209
-3.85151
-3.85179
-3.85313
-3.85204
-3.85201
-3.8551
-3.85444
-3.85435
-3.85422
-3.85375
-3.85435
-3.85304
-3.85649
-3.85731
-3.85362
-3.85112
-3.8493
-3.8466
-3.84679
-3.84735
-3.84478
-3.84265
-3.84677
-3.84927
-3.84991
-3.85249
-3.85347
-3.85626
-3.85596
-3.85593
-3.85586
-3.85744
-3.8573
-3.8577
-3.85745
-3.85503
-3.8533
-3.85298
-3.85621
-3.8569
-3.85774
-3.85697
-3.85384
-3.85283
-3.85287
-3.85133
-3.85182
-3.85224
-3.85043
-3.8506
-3.851
-3.852
-3.85068
-3.84883
-3.84916
-3.85043
-3.84919
-3.8505
-3.8516
-3.85465
-3.85282
-3.85441
-3.85368
-3.85301
-3.85066
-3.8511
-3.85134
-3.85082
-3.85008
-3.8518
-3.85283
-3.85395
-3.85634
-3.85562
-3.85456
-3.84894
-3.84686
-3.84724
-3.8476
-3.84868
-3.84804
-3.84771
-3.85008
-3.85179
-3.85148
-3.85078
-3.85062
-3.85217
-3.85174
-3.85094
-3.85166
-3.85269
-3.85335
-3.85353
-3.85549
-3.85488
-3.85196
-3.85024
-3.85061
-3.84745
-3.84941
-3.85007
-3.85189
-3.85354
-3.85593
-3.85571
-3.85772
-3.85702
-3.8581
-3.85595
-3.85541
-3.85222
-3.85144
-3.85152
-3.85155
-3.85173
-3.85269
-3.8522
-3.8503
-3.84742
-3.84661
-3.84667
-3.84909
-3.8514
-3.85336
-3.85539
-3.85605
-3.85861
-3.86219
-3.86287
-3.86287
-3.86203
-3.8618
-3.86181
-3.8622
-3.8611
-3.86036
-3.85798
-3.85514
-3.85296
-3.85412
-3.8515
-3.85264
-3.85304
-3.84999
-3.85198
-3.85114
-3.85055
-3.85183
-3.85161
-3.85178
-3.85382
-3.85496
-3.85513
-3.85683
-3.85766
-3.85892
-3.85833
-3.85714
-3.85456
-3.85274
-3.85267
-3.85393
-3.85556
-3.85331
-3.85215
-3.85266
-3.85151
-3.84945
-3.84835
-3.84757
-3.84712
-3.8466
-3.84626
-3.84946
-3.8518
-3.85379
-3.85537
-3.85861
-3.86081
-3.86042
-3.86075
-3.85995
-3.85694
-3.85347
-3.84786
-3.84519
-3.84167
-3.84122
-3.84473
-3.85002
-3.85193
-3.85441
-3.85731
-3.85539
-3.85674
-3.85511
-3.85513
-3.85578
-3.85571
-3.85644
-3.86018
-3.86162
-3.86276
-3.86415
-3.86336
-3.8626
-3.85875
-3.85737
-3.85619
-3.85346
-3.8526
-3.85428
-3.85359
-3.85479
-3.8563
-3.85643
-3.85466
-3.85584
-3.85788
-3.85952
-3.85957
-3.85705
-3.85607
-3.85568
-3.85599
-3.85556
-3.85582
-3.85644
-3.85779
-3.8595
-3.86133
-3.86075
-3.85912
-3.85606
-3.85611
-3.85491
-3.85321
-3.85455
-3.85558
-3.85485
-3.85678
-3.85416
-3.85374
-3.85385
-3.8526
-3.85038
-3.85096
-3.84943
-3.84616
-3.84593
-3.84553
-3.84812
-3.84995
-3.85025
-3.85109
-3.85251
-3.85624
-3.85922
-3.86073
-3.86165
-3.86185
-3.86086
-3.86135
-3.85741
-3.85172
-3.84924
-3.84817
-3.84754
-3.84701
-3.84751
-3.84836
-3.84772
-3.84932
-3.85266
-3.85426
-3.8534
-3.85219
-3.8517
-3.85093
-3.85132
-3.85094
-3.84952
-3.84995
-3.84963
-3.85239
-3.85158
