-3.79314
-3.79295
-3.79217
-3.7927
-3.79318
-3.79255
-3.79241
-3.79215
-3.79439
-3.79394
-3.79465
-3.79589
-3.79685
-3.79834
-3.79914
-3.79833
-3.79711
-3.79551
-3.79524
-3.7949
-3.79386
-3.7938
-3.79411
-3.79475
-3.79541
-3.79639
-3.79765
-3.79856
-3.79878
-3.79821
-3.79749
-3.79716
-3.7978
-3.79646
-3.79614
-3.79578
-3.7964
-3.79559
-3.79671
-3.79594
-3.79577
-3.79562
-3.79603
-3.79572
-3.79486
-3.79407
-3.79385
-3.7943
-3.79472
-3.79467
-3.79516
-3.79571
-3.79592
-3.79612
-3.79568
-3.79552
-3.79508
-3.7945
-3.79464
-3.79398
-3.79428
-3.79369
-3.79303
-3.79249
-3.79265
-3.79369
-3.79347
-3.79372
-3.79444
-3.79527
-3.79445
-3.7953
-3.79537
-3.79476
-3.79552
-3.79506
-3.79492
-3.79411
-3.79409
-3.79449
-3.79339
-3.79373
-3.79297
-3.79298
-3.79302
-3.79293
-3.79201
-3.79282
-3.79399
-3.79437
-3.79592
-3.79747
-3.79924
-3.79952
-3.79934
-3.79974
-3.79975
-3.79903
-3.79821
-3.79914
-3.79903
-3.79854
-3.79853
-3.79722
-3.79681
-3.79506
-3.79403
-3.79377
-3.79336
-3.79299
-3.79328
-3.79328
-3.79343
-3.7936
-3.79423
-3.7945
-3.79332
-3.79353
-3.79442
-3.79514
-3.79514
-3.79439
-3.7945
-3.79391
-3.79382
-3.7941
-3.79543
-3.79531
-3.79444
-3.79363
-3.7937
-3.79437
-3.79575
-3.79689
-3.79765
-3.79791
-3.79818
-3.79853
-3.79644
-3.79624
-3.79558
-3.79467
-3.79379
-3.79407
-3.79406
-3.79462
-3.79639
-3.79768
-3.79748
-3.79657
-3.79741
-3.79746
-3.79724
-3.79723
-3.79733
-3.79696
-3.79642
-3.79539
-3.79522
-3.79477
-3.79445
-3.79307
-3.79278
-3.79349
-3.7939
-3.79435
-3.79425
-3.7943
-3.7944
-3.79563
-3.7954
-3.79565
-3.79542
-3.79666
-3.79751
-3.79857
-3.79971
-3.80048
-3.80012
-3.79977
-3.79924
-3.79745
-3.79699
-3.7967
-3.79635
-3.79655
-3.7972
-3.79713
-3.7991
-3.79919
-3.79932
-3.8008
-3.8007
-3.80101
-3.80108
-3.80123
-3.80109
-3.80102
-3.80069
-3.80013
-3.80015
-3.79934
-3.79973
-3.79855
-3.79764
-3.79604
-3.79532
-3.7949
-3.7936
-3.79345
-3.79351
-3.79335
-3.79442
-3.79551
-3.79752
-3.79882
-3.79944
-3.79951
-3.79973
-3.79967
-3.7988
-3.798
-3.79745
-3.79624
-3.79462
-3.79626
-3.79632
-3.79671
-3.79736
-3.79744
-3.79855
-3.79875
-3.79822
-3.79817
-3.79881
-3.79862
-3.79796
-3.79734
-3.79579
-3.79584
-3.7952
-3.79437
-3.79546
-3.79536
-3.79576
-3.79465
-3.79454
-3.79477
-3.79473
-3.79464
-3.79546
-3.79627
-3.79644
-3.79642
-3.7964
-3.79779
-3.79788
-3.79813
-3.79817
-3.79792
-3.79771
-3.79804
-3.79808
-3.79744
-3.79768
-3.79728
-3.79802
-3.79908
-3.79959
-3.7983
-3.7982
-3.79812
-3.79768
-3.79696
-3.79709
-3.79778
-3.79694
-3.79697
-3.7972
-3.79727
-3.7963
-3.79648
-3.79658
-3.79772
-3.79939
-3.80056
-3.80117
-3.80199
-3.80175
-3.80136
-3.80193
-3.80216
-3.80122
-3.80158
-3.80002
-3.80011
-3.80084
-3.801
-3.80096
-3.80164
-3.8019
-3.80201
-3.80259
-3.80129
-3.80025
-3.7992
-3.7992
-3.79768
-3.79617
-3.79443
-3.79355
-3.7928
-3.79224
-3.79231
-3.79253
-3.79296
-3.79392
-3.79384
-3.79365
-3.79415
-3.79505
-3.79526
-3.79429
-3.79339
-3.79334
-3.79362
-3.79458
-3.79659
-3.79672
-3.79814
-3.79969
-3.80084
-3.80127
-3.80024
-3.79852
-3.79687
-3.7953
-3.79541
-3.79465
-3.79258
-3.79386
-3.7935
-3.79364
-3.79302
-3.79413
-3.79442
-3.79606
-3.79768
-3.79982
-3.80092
-3.80145
-3.80199
-3.8023
-3.8017
-3.80102
-3.80001
-3.79822
-3.79715
-3.79665
-3.79582
-3.79592
-3.79577
-3.79607
-3.79577
-3.79572
-3.7961
-3.79614
-3.7969
-3.79769
-3.79801
-3.79864
-3.79756
-3.79674
-3.79699
-3.79614
-3.79587
-3.7957
-3.79536
-3.79435
-3.79399
-3.79391
-3.79376
-3.79431
-3.79429
-3.79447
-3.79334
-3.79371
-3.79331
-3.79254
-3.79207
-3.79354
-3.79444
-3.79404
-3.79395
-3.79389
-3.79353
-3.79301
-3.79336
-3.79466
-3.79567
-3.79614
-3.79647
-3.79711
-3.79821
-3.79812
-3.79887
-3.79893
-3.79955
-3.79864
-3.79794
-3.79707
-3.79587
-3.79529
-3.79515
-3.79433
-3.79495
-3.79548
-3.79557
-3.79559
-3.79651
-3.7966
-3.79685
-3.79613
-3.79584
-3.79539
-3.79625
-3.79811
-3.79902
-3.8001
-3.80156
-3.80114
-3.8015
-3.80157
-3.80181
-3.80261
-3.80248
-3.80179
-3.80168
-3.80069
-3.80005
-3.79911
-3.79874
-3.79847
-3.79721
-3.79755
-3.79827
-3.79747
-3.79679
-3.79648
-3.79634
-3.79533
-3.79527
-3.79641
-3.7966
-3.79645
-3.79641
-3.79723
-3.79825
-3.79819
-3.79832
-3.79864
-3.79905
-3.79945
-3.7997
-3.79963
-3.80034
-3.79996
-3.80066
-3.79984
-3.79953
-3.79889
-3.79731
-3.79674
-3.79509
-3.79458
-3.79402
-3.79369
-3.79405
-3.79506
-3.79637
-3.79663
-3.79716
-3.79627
-3.79571
-3.79548
-3.79485
-3.79708
-3.79745
-3.79953
-3.80056
-3.80137
-3.80163
-3.80134
-3.80162
-3.80123
-3.80043
-3.79898
-3.79829
-3.79808
-3.7983
-3.79802
-3.79898
-3.79889
-3.79878
-3.79882
-3.79874
-3.79915
-3.79855
-3.79829
-3.79862
-3.79818
-3.7982
-3.79981
-3.80122
-3.80071
-3.80228
-3.80185
-3.80185
-3.80154
-3.80067
-3.80086
-3.80014
-3.80025
-3.79896
-3.79742
-3.7966
-3.79534
-3.79661
-3.79725
-3.79762
-3.79813
-3.79834
-3.79759
-3.795
-3.79412
-3.79532
-3.79693
-3.79852
-3.79924
-3.7991
-3.79803
-3.79712
-3.79606
-3.79523
-3.79474
-3.79705
-3.79777
-3.79839
-3.79855
-3.79858
-3.79785
-3.79715
-3.79627
-3.7959
-3.798
-3.79921
-3.80057
-3.80174
-3.8018
-3.8006
-3.80021
-3.7989
-3.79876
-3.79802
-3.79768
-3.79795
-3.79757
-3.79758
-3.79658
-3.7958
-3.79656
-3.79684
-3.79809
-3.79809
-3.79826
-3.79859
-3.7981
-3.79764
-3.79779
-3.79673
-3.7964
-3.79696
-3.79799
-3.79838
-3.7989
-3.79818
-3.79781
-3.79726
-3.79729
-3.79775
-3.79756
-3.79744
-3.79694
-3.79638
-3.796
-3.79575
-3.79618
-3.79545
-3.79541
-3.79536
-3.79573
-3.79611
-3.79607
-3.79692
-3.79782
-3.79901
-3.79907
-3.7989
-3.79891
-3.80013
-3.80003
-3.80108
-3.80019
-3.79929
-3.7995
-3.79816
-3.79704
-3.7973
-3.79647
-3.7944
-3.79537
-3.79643
-3.79792
-3.79993
-3.80037
-3.79964
-3.79767
-3.7983
-3.79937
-3.79897
-3.79934
-3.79995
-3.79928
-3.79967
-3.79966
-3.79855
-3.79801
-3.79697
-3.79665
-3.79573
-3.7942
-3.79401
-3.79275
-3.79245
-3.79362
-3.79493
-3.79532
-3.79545
-3.79594
-3.79526
-3.79397
-3.79242
-3.79264
-3.79183
-3.79155
-3.79207
-3.79297
-3.79348
-3.79498
-3.79492
-3.79557
-3.79603
-3.79537
-3.7948
-3.79424
-3.79496
-3.79457
-3.79428
-3.79439
-3.7941
-3.79349
-3.79373
-3.79335
-3.79467
-3.79473
-3.79485
-3.79551
-3.79499
-3.79454
-3.79436
-3.79302
-3.79203
-3.79207
-3.79094
-3.79104
-3.7911
-3.79154
-3.79197
-3.79279
-3.79215
-3.79251
-3.79276
-3.79293
-3.79257
-3.79381
-3.79533
-3.79652
-3.79603
-3.79591
-3.79526
-3.79419
-3.79402
-3.79444
-3.79463
-3.79454
-3.79647
-3.79693
-3.79929
-3.80105
-3.80269
-3.80288
-3.80321
-3.8018
-3.80054
-3.79937
-3.79892
-3.79872
-3.79884
-3.79778
-3.79857
-3.79934
-3.79924
-3.8007
-3.80127
-3.80083
-3.80235
-3.80209
-3.80103
-3.80124
-3.80096
-3.79997
-3.79879
-3.79877
-3.79869
-3.798
-3.79887
-3.79985
-3.80115
-3.80195
-3.80166
-3.80146
-3.80046
-3.79972
-3.79807
-3.79584
-3.7956
-3.79522
-3.79435
-3.79493
-3.79695
-3.79772
-3.79877
-3.80029
-3.80076
-3.80051
-3.80069
-3.80155
-3.80218
-3.8022
-3.80183
-3.8015
-3.80144
-3.80045
-3.8001
-3.80009
-3.79929
-3.8004
-3.80069
-3.80142
-3.80153
-3.80175
-3.8016
-3.80063
-3.80055
-3.79931
-3.7975
-3.79606
-3.79527
-3.79508
-3.79533
-3.79525
-3.79567
-3.79635
-3.79719
-3.79779
-3.79866
-3.79911
-3.79963
-3.79933
-3.79893
-3.79764
-3.79823
-3.79756
-3.79704
-3.79642
-3.79606
-3.79591
-3.79622
-3.79715
-3.79703
-3.79695
-3.79702
-3.79714
-3.79708
-3.79823
-3.79898
-3.79952
-3.80041
-3.79985
-3.79894
-3.79884
-3.79889
-3.79926
-3.79898
-3.79828
-3.79822
-3.79781
-3.79807
-3.79805
-3.79888
-3.79859
-3.79862
-3.7996
-3.7999
-3.7994
-3.79765
-3.79741
-3.7974
-3.79714
-3.79676
-3.7974
-3.79786
-3.79876
-3.80006
-3.80131
-3.80111
-3.80062
-3.8006
-3.80146
-3.80255
-3.80392
-3.80393
-3.80364
-3.80319
-3.80187
-3.80143
-3.8006
-3.80072
-3.80045
-3.80033
-3.80068
-3.80157
-3.80227
-3.80235
-3.80206
-3.80192
-3.80133
-3.80042
-3.80055
-3.80175
-3.80086
-3.80136
-3.80099
-3.80049
-3.79944
-3.80041
-3.80025
-3.79995
-3.80062
-3.79936
-3.79883
-3.79804
-3.79791
-3.79769
-3.79775
-3.7994
-3.79989
-3.7988
-3.79854
-3.79762
-3.79744
-3.79715
-3.79724
-3.79831
-3.79918
-3.79897
-3.79773
-3.79758
-3.796
-3.79578
-3.79471
-3.79391
-3.79253
-3.79208
-3.79134
-3.79266
-3.79431
-3.79457
-3.79492
-3.79446
-3.79407
-3.79292
-3.79136
-3.79092
-3.7915
-3.79019
-3.79061
-3.79069
-3.79099
-3.79077
-3.79178
-3.79257
-3.79304
-3.79376
-3.79528
-3.79674
-3.79774
-3.79719
-3.7987
-3.7974
-3.79704
-3.79689
-3.79735
-3.79724
-3.79818
-3.79946
-3.80154
-3.80251
-3.8042
-3.80446
-3.80401
-3.80295
-3.80204
-3.80135
-3.80008
-3.7995
-3.79913
-3.7995
-3.79899
-3.79864
-3.79954
-3.80011
-3.80031
-3.79952
-3.79823
-3.79789
-3.79757
-3.79647
-3.79728
-3.79842
-3.79891
-3.79963
-3.80125
-3.80038
-3.8009
-3.80046
-3.80026
-3.79828
-3.79735
-3.79489
-3.79481
-3.79418
-3.79505
-3.79679
-3.79719
-3.79767
-3.79857
-3.79888
-3.79849
-3.79889
-3.79919
-3.79976
-3.79872
-3.79915
-3.79849
-3.79872
-3.79838
-3.79885
-3.79927
-3.79928
-3.79902
-3.79725
-3.7978
-3.79696
-3.79659
-3.7977
-3.79843
-3.79891
-3.79965
-3.80003
-3.79914
-3.79905
-3.79915
-3.79928
-3.80073
-3.80004
-3.79941
-3.79937
-3.79867
-3.79986
-3.79952
-3.80051
-3.80132
-3.8023
-3.80176
-3.80051
-3.79932
-3.79854
-3.79761
-3.79755
-3.79757
-3.79898
-3.79968
-3.80051
-3.80064
-3.80062
-3.80079
-3.80025
-3.80042
-3.8016
-3.80071
-3.80015
-3.79969
-3.80092
-3.80059
-3.80129
-3.80201
-3.80108
-3.80134
-3.80164
-3.80163
-3.80186
-3.80172
-3.8019
-3.80229
-3.80331
-3.80452
-3.80484
-3.80554
-3.80477
-3.80513
-3.80401
-3.80364
-3.8029
-3.80293
-3.80161
-3.80112
-3.79919
-3.79829
-3.79751
-3.79768
-3.79769
-3.7984
-3.79997
-3.80148
-3.80188
-3.80237
-3.80216
-3.80211
-3.80301
-3.803
-3.80226
-3.79975
-3.80026
-3.79977
-3.79893
-3.79803
-3.79829
-3.79788
-3.79709
-3.79707
-3.79792
-3.79914
-3.80014
-3.80038
-3.8007
-3.80129
-3.80247
-3.80075
-3.79929
-3.79925
-3.79861
-3.79815
-3.79767
-3.79663
-3.79612
-3.79587
-3.79617
-3.79742
-3.7984
-3.79821
-3.79788
-3.79881
-3.79927
-3.79992
-3.79905
-3.79698
-3.79675
-3.79617
-3.79677
-3.79696
-3.79722
-3.79748
-3.79816
-3.79854
-3.7988
-3.79926
-3.79944
-3.80076
-3.80058
-3.80085
-3.80253
-3.80362
-3.80356
-3.80288
-3.80243
-3.80165
-3.80007
-3.79944
-3.79867
-3.79832
-3.79772
-3.79771
-3.79864
-3.79882
-3.79912
-3.79952
-3.79985
-3.8004
-3.80002
-3.8015
-3.8016
-3.80136
-3.80116
-3.80067
-3.79946
-3.79827
-3.79591
-3.79645
-3.79565
-3.79508
-3.79571
-3.79608
-3.79802
-3.79929
-3.80066
-3.80121
-3.8013
-3.8011
-3.80083
-3.79972
-3.79849
-3.79747
-3.79572
-3.794
-3.79436
-3.79493
-3.79616
-3.79861
-3.79928
-3.79936
-3.79938
-3.79972
-3.7995
-3.7999
-3.8001
-3.79915
-3.7985
-3.79786
-3.79812
-3.79679
-3.79703
-3.79689
-3.79661
-3.7958
-3.79467
-3.79427
-3.79385
-3.79284
-3.79278
-3.79351
-3.7944
-3.79462
-3.79405
-3.79434
-3.7953
-3.79618
-3.79661
-3.79708
-3.79782
-3.79709
-3.79723
-3.79678
-3.79525
-3.79581
-3.79464
-3.7937
-3.79473
-3.79484
-3.79531
-3.79573
-3.79649
-3.79661
-3.79751
-3.7977
-3.79752
-3.79738
-3.79602
-3.79528
-3.79484
-3.79404
-3.79462
-3.79581
-3.7971
-3.79756
-3.79795
-3.79741
-3.79894
-3.79798
-3.79682
-3.79631
-3.79619
-3.79599
-3.79537
-3.79643
-3.79667
-3.79566
-3.79398
-3.79315
-3.79336
-3.79373
-3.7944
-3.79558
-3.79668
-3.79754
-3.7987
-3.79952
-3.79852
-3.79829
-3.79825
-3.79899
-3.79728
-3.79758
-3.79725
-3.79785
-3.79825
-3.79853
-3.79902
-3.79878
-3.79898
-3.79906
-3.79862
-3.79813
-3.79768
-3.79802
-3.79761
-3.79637
-3.7986
-3.7991
-3.79952
-3.79874
-3.79969
-3.79884
-3.79952
-3.79879
-3.79911
-3.79919
-3.80045
-3.801
-3.80161
-3.80068
-3.79997
-3.80014
-3.80012
-3.80162
-3.80151
-3.80079
-3.80007
-3.7996
-3.79884
-3.79801
-3.79785
-3.79815
-3.7984
-3.79766
-3.79778
-3.79794
-3.7975
-3.79672
-3.79765
-3.79937
-3.79877
-3.80047
-3.80032
-3.79997
-3.80014
-3.80017
-3.79939
-3.79907
-3.79938
-3.79895
-3.79749
-3.79629
-3.79639
-3.79636
-3.79698
-3.79793
-3.79954
-3.79981
-3.79999
-3.80053
-3.80127
-3.80058
-3.8009
-3.79981
-3.80058
-3.80068
-3.79875
-3.79753
-3.79797
-3.797
-3.79832
-3.79898
-3.79942
-3.79964
-3.7983
-3.79613
-3.79444
-3.79364
-3.79467
-3.79606
-3.79625
-3.79648
-3.79652
-3.79634
-3.79608
-3.79526
-3.79588
-3.79595
-3.79618
-3.7959
-3.79734
-3.7976
-3.79716
-3.79694
-3.79698
-3.7959
-3.79595
-3.79572
-3.79626
-3.79635
-3.79694
-3.79673
-3.79749
-3.79778
-3.79809
-3.79755
-3.79687
-3.79775
-3.79773
-3.79749
-3.7986
-3.79819
-3.7984
-3.79807
-3.79813
-3.79975
-3.79985
-3.79833
-3.79816
-3.79707
-3.79677
-3.79658
-3.79601
-3.79552
-3.79531
-3.79604
-3.79763
-3.7982
-3.79917
-3.79856
-3.79783
-3.79665
-3.79598
-3.79612
-3.79548
-3.79531
-3.79559
-3.79618
-3.79705
-3.79737
-3.7988
-3.79999
-3.80029
-3.80072
-3.80098
-3.80001
-3.79975
-3.7986
-3.79758
-3.79679
-3.79611
-3.79603
-3.79692
-3.79783
-3.79928
-3.79944
-3.79917
-3.80022
-3.79861
-3.79915
-3.79948
-3.80007
-3.79997
-3.801
-3.80065
-3.80141
-3.80028
-3.79936
-3.79805
-3.7988
-3.79842
-3.79971
-3.80182
-3.80391
-3.8054
-3.80505
-3.80595
-3.80454
-3.80375
-3.80182
-3.79973
-3.79901
-3.79808
-3.79765
-3.79733
-3.79718
-3.79674
-3.79705
-3.79674
-3.79677
-3.79866
-3.79976
-3.80115
-3.8022
-3.80206
-3.80145
-3.8003
-3.79917
-3.80079
-3.79927
-3.79927
-3.79919
-3.79844
-3.79831
-3.79906
-3.79868
-3.79929
-3.79845
-3.79746
-3.79773
-3.79827
-3.79829
-3.79721
-3.79557
-3.79531
-3.79454
-3.79433
-3.79407
-3.79449
-3.79456
-3.79538
-3.79438
-3.79449
-3.7945
-3.79549
-3.79489
-3.79426
-3.79276
-3.79195
-3.79174
-3.79114
-3.79098
-3.79001
-3.79146
-3.79165
-3.79344
-3.79413
-3.79486
-3.79532
-3.79584
-3.79752
-3.79725
-3.79749
-3.79748
-3.79653
-3.79696
-3.79592
-3.79596
-3.79638
-3.79595
-3.79584
-3.79524
-3.79401
-3.79352
-3.79269
-3.79314
-3.7928
-3.79232
-3.79311
-3.79381
-3.79391
-3.79499
-3.79531
-3.79605
-3.7969
-3.79869
-3.79935
-3.79968
-3.7996
-3.79781
-3.79686
-3.79694
-3.79541
-3.79581
-3.7958
-3.79666
-3.79687
-3.79804
-3.79752
-3.79727
-3.79728
-3.79799
-3.79633
-3.79705
-3.79689
-3.79699
-3.79713
-3.79738
-3.7976
-3.79822
-3.79839
-3.79994
-3.79971
-3.79924
-3.80028
-3.79857
-3.79879
-3.79975
-3.79967
-3.79999
-3.80091
-3.80084
-3.80015
-3.80051
-3.79909
-3.79845
-3.79817
-3.79846
-3.79852
-3.79944
-3.79922
-3.79904
-3.7979
-3.79784
-3.79872
-3.79991
-3.80169
-3.80269
-3.80322
-3.80262
-3.80132
-3.80172
-3.80055
-3.79909
-3.79768
-3.79631
-3.7955
-3.79558
-3.79507
-3.79607
-3.7967
-3.79815
-3.79779
-3.79776
-3.7965
-3.79617
-3.79618
-3.79606
-3.79512
-3.79592
-3.79655
-3.79673
-3.7968
-3.79824
-3.79923
-3.79926
-3.79909
-3.79942
-3.79987
-3.79909
-3.79882
-3.79891
-3.79847
-3.79837
-3.79788
-3.79819
-3.79812
-3.79769
-3.79871
-3.79875
-3.79839
-3.79792
-3.79795
-3.79835
-3.7995
-3.79993
-3.80109
-3.80083
-3.80044
-3.79984
-3.79937
-3.7998
-3.79887
-3.80056
-3.80044
-3.80032
-3.80012
-3.80015
-3.79855
-3.79718
-3.79715
-3.79728
-3.79759
-3.79778
-3.79937
-3.79986
-3.79977
-3.79955
-3.80018
-3.7995
-3.79835
-3.79806
-3.79808
-3.79764
-3.79832
-3.79834
-3.79826
-3.79921
-3.79901
-3.79889
-3.80003
-3.79988
-3.79925
-3.79889
-3.79988
-3.79932
-3.80031
-3.80123
-3.80201
-3.80281
-3.80377
-3.80465
-3.80444
-3.80443
-3.8044
-3.80408
-3.803
-3.80254
-3.80265
-3.80216
-3.80297
-3.80426
-3.80441
-3.80429
-3.80308
-3.80115
-3.80003
-3.79737
-3.79717
-3.79617
-3.79618
-3.79521
-3.79671
-3.79692
-3.79727
-3.79755
-3.7962
-3.79583
-3.7957
-3.79572
-3.79578
-3.79676
-3.79625
-3.79683
-3.79755
-3.79812
-3.79759
-3.7969
-3.79718
-3.79808
-3.79848
-3.79907
-3.79987
-3.80067
-3.80115
-3.80129
-3.80189
-3.80234
-3.80276
-3.80189
-3.80208
-3.80159
-3.80168
-3.8004
-3.80034
-3.8007
-3.79993
-3.7996
-3.79906
-3.79994
-3.79876
-3.79857
-3.7994
-3.7992
-3.80046
-3.80024
-3.7995
-3.80002
-3.8006
-3.80105
-3.8026
-3.80328
-3.80317
-3.80235
-3.80133
-3.80031
-3.79952
-3.79968
-3.79969
-3.79886
-3.79954
-3.80018
-3.80003
-3.80126
-3.80077
-3.80014
-3.80029
-3.79963
-3.79803
-3.79743
-3.79842
-3.79935
-3.80114
-3.80213
-3.80179
-3.8015
-3.80098
-3.80027
-3.79939
-3.79767
-3.79638
-3.79659
-3.79706
-3.79668
-3.79599
-3.79559
-3.79373
-3.79374
-3.79343
-3.79361
-3.7948
-3.79692
-3.79909
-3.80098
-3.80228
-3.80175
-3.80062
-3.8006
-3.8002
-3.79893
-3.79903
-3.79815
-3.79802
-3.79749
-3.798
-3.79869
-3.79817
-3.79969
-3.79981
-3.80016
-3.80092
-3.80172
-3.80127
-3.80045
-3.8
-3.79971
-3.79885
-3.79901
-3.79877
-3.79862
-3.7991
-3.79853
-3.79813
-3.79737
-3.79815
-3.79825
-3.79709
-3.79764
-3.79666
-3.79564
-3.79622
-3.79663
-3.79659
-3.79714
-3.7963
-3.79611
-3.79608
-3.79592
-3.79506
-3.79482
-3.79453
-3.79393
-3.79443
-3.79425
-3.79525
-3.79514
-3.79587
-3.79565
-3.79532
-3.79517
-3.79349
-3.79303
-3.79311
-3.79324
-3.79392
-3.79419
-3.79481
-3.79567
-3.79531
-3.79498
-3.79445
-3.79383
-3.7942
-3.7948
-3.79459
-3.7949
-3.79436
-3.79383
-3.79325
-3.79331
-3.79272
-3.79286
-3.79371
-3.79516
-3.79722
-3.7984
-3.79864
-3.7985
-3.79914
-3.7997
-3.80001
-3.79924
-3.79942
-3.7994
-3.79821
-3.79648
-3.79709
-3.79703
-3.79783
-3.79867
-3.79992
-3.80073
-3.80216
-3.80067
-3.79938
-3.79851
-3.79808
-3.79782
-3.7977
-3.79783
-3.79888
-3.79836
-3.79907
-3.79914
-3.80038
-3.80095
-3.80157
-3.80242
-3.8029
-3.80221
-3.80242
-3.8015
-3.80052
-3.79992
-3.79959
-3.79782
-3.79715
-3.79584
-3.79566
-3.79668
-3.79582
-3.79626
-3.79591
-3.79611
-3.79659
-3.79688
-3.79745
-3.79679
-3.79759
-3.79677
-3.79722
-3.79773
-3.79942
-3.80047
-3.8018
-3.80336
-3.80372
-3.80334
-3.80312
-3.80352
-3.80394
-3.80266
-3.80162
-3.80098
-3.80109
-3.79975
-3.80005
-3.79915
-3.79941
-3.79942
-3.80075
-3.80062
-3.80095
-3.80152
-3.80129
-3.8031
-3.80252
-3.80259
-3.80427
-3.80499
-3.80335
-3.80458
-3.80393
-3.80365
-3.80298
-3.80171
-3.80175
-3.80008
-3.80037
-3.80079
-3.80153
-3.80173
-3.80135
-3.80094
-3.80054
-3.80065
-3.80049
-3.79856
-3.79903
-3.79929
-3.79886
-3.79907
-3.79904
-3.798
-3.79885
-3.79756
-3.7961
-3.79646
-3.7963
-3.79675
-3.79827
-3.79803
-3.79832
-3.79983
-3.80034
-3.80042
-3.80142
-3.80123
-3.8013
-3.80095
-3.79949
-3.79891
-3.79775
-3.79775
-3.79687
-3.79692
-3.79659
-3.79592
-3.79436
-3.79314
-3.79298
-3.79306
-3.7939
-3.79447
-3.79451
-3.79421
-3.79472
-3.79575
-3.79686
-3.79855
-3.79978
-3.79985
-3.79991
-3.79821
-3.79822
-3.79712
-3.79644
-3.79661
-3.7977
-3.7978
-3.79883
-3.7996
-3.79991
-3.8002
-3.80085
-3.80064
-3.79994
-3.79838
-3.79682
-3.797
-3.79615
-3.79678
-3.79641
-3.79656
-3.79702
-3.79837
-3.79881
-3.79796
-3.79746
-3.79685
-3.79634
-3.79471
-3.79535
-3.79707
-3.79759
-3.79779
-3.79661
-3.79503
-3.79409
-3.79425
-3.79339
-3.79352
-3.79307
-3.79354
-3.79427
-3.79435
-3.79457
-3.79414
-3.79423
-3.79303
-3.79316
-3.79251
-3.79213
-3.79142
-3.79247
-3.7932
-3.79528
-3.79614
-3.79731
-3.79717
-3.79763
-3.79751
-3.79778
-3.79731
-3.79646
-3.79435
-3.79435
-3.79424
-3.79466
-3.79517
-3.79454
-3.7953
-3.7938
-3.79338
-3.79335
-3.7943
-3.79458
-3.79423
-3.79484
-3.79468
-3.79504
-3.7939
-3.79359
-3.79401
-3.79393
-3.7936
-3.79288
-3.79364
-3.79556
-3.79659
-3.79629
-3.79562
-3.79509
-3.79425
-3.79453
-3.79478
-3.79441
-3.79448
-3.79482
-3.79541
-3.79583
-3.79638
-3.7964
-3.79614
-3.79646
-3.79647
-3.79625
-3.79581
-3.79619
-3.79675
-3.7967
-3.79828
-3.80007
-3.79995
-3.80043
-3.79951
-3.79824
-3.79669
-3.79589
-3.79463
-3.79478
-3.79391
-3.79348
-3.7947
-3.79621
-3.79688
-3.79622
-3.79648
-3.79637
-3.79675
-3.79645
-3.7968
-3.79628
-3.79706
-3.79646
-3.79688
-3.79734
-3.79806
-3.79806
-3.79754
-3.79752
-3.79792
-3.79839
-3.79958
-3.80114
-3.80181
-3.80203
-3.80122
-3.8008
-3.80095
-3.80043
-3.79842
-3.79673
-3.79652
-3.7967
-3.79943
-3.79994
-3.80117
-3.80164
-3.80101
-3.80081
-3.80058
-3.80014
-3.80027
-3.80046
-3.80217
-3.80187
-3.80138
-3.80068
-3.80054
-3.80176
-3.80316
-3.80339
-3.80282
-3.80234
-3.80225
-3.8017
-3.80052
-3.80055
-3.80068
-3.8019
-3.80294
-3.80228
-3.80253
-3.80188
-3.80244
-3.80161
-3.80236
-3.80254
-3.80171
-3.80022
-3.79801
-3.79723
-3.7972
-3.79636
-3.79635
-3.79679
-3.79843
-3.79977
-3.80025
-3.80147
-3.80186
-3.80302
-3.80257
-3.80287
-3.80249
-3.80148
-3.80085
-3.79926
-3.79924
-3.79936
-3.79985
-3.7998
-3.79967
-3.79972
-3.79958
-3.79932
-3.79814
-3.79689
-3.79673
-3.79702
-3.79688
-3.79586
-3.79583
-3.79653
-3.79724
-3.79807
-3.79752
-3.79769
-3.79733
-3.79786
-3.79815
-3.79893
-3.79841
-3.79716
-3.79565
-3.79533
-3.79482
-3.7945
-3.79434
-3.7937
-3.79363
-3.79385
-3.79314
-3.79295
-3.7929
-3.79287
-3.79245
-3.79208
-3.79333
-3.79489
-3.79606
-3.79647
-3.79711
-3.79623
-3.79639
-3.79585
-3.79525
-3.79418
-3.79504
-3.79557
-3.795
-3.79548
-3.79387
-3.7928
-3.79226
-3.79272
-3.79246
-3.79281
-3.79271
-3.7935
-3.79343
-3.79403
-3.79339
-3.79417
-3.79454
-3.79452
-3.79462
-3.79522
-3.79552
-3.79598
-3.79682
-3.79711
-3.79757
-3.79745
-3.7978
-3.79784
-3.79637
-3.79691
-3.79795
-3.79845
-3.79891
-3.80007
-3.80082
-3.80054
-3.80152
-3.80021
-3.79877
-3.79713
-3.79684
-3.79744
-3.79657
-3.79706
-3.79779
-3.79822
-3.79826
-3.79767
-3.7985
-3.79844
-3.79869
-3.79836
-3.79854
-3.79787
-3.79758
-3.79617
-3.79589
-3.79555
-3.79536
-3.79565
-3.79557
-3.79573
-3.79598
-3.7962
-3.79636
-3.79683
-3.79715
-3.79772
-3.79829
-3.79718
-3.79645
-3.79751
-3.79718
-3.79754
-3.79718
-3.79663
-3.79603
-3.79586
-3.79527
-3.79473
-3.79488
-3.79605
-3.79805
-3.7988
-3.80066
-3.80218
-3.80298
-3.80293
-3.80386
-3.80313
-3.80321
-3.80205
-3.80233
-3.80229
-3.80104
-3.80117
-3.79986
-3.79985
-3.79969
-3.79919
-3.79854
-3.79806
-3.79894
-3.79891
-3.79939
-3.79956
-3.79954
-3.79908
-3.79953
-3.79987
-3.79991
-3.79984
-3.80107
-3.8012
-3.80219
-3.80184
-3.80248
-3.80107
-3.80122
-3.80083
-3.79995
-3.7999
-3.79771
-3.79824
-3.79803
-3.79917
-3.80048
-3.80194
-3.80117
-3.80074
-3.80059
-3.79984
-3.79924
-3.79785
-3.79811
-3.79635
-3.79596
-3.7951
-3.79469
-3.79523
-3.79561
-3.79633
-3.79753
-3.79774
-3.79774
-3.79834
-3.79839
-3.79932
-3.79979
-3.80153
-3.80262
-3.80299
-3.80386
-3.80413
-3.8037
-3.80289
-3.80116
-3.80144
-3.80095
-3.80195
-3.80302
-3.8025
-3.80288
-3.80201
-3.80221
-3.80178
-3.80142
-3.80148
-3.80138
-3.80031
-3.80091
-3.80022
-3.7988
-3.79814
-3.79695
-3.79647
-3.79615
-3.79543
-3.79505
-3.7946
-3.79426
-3.79489
-3.79579
-3.79658
-3.7977
-3.79818
-3.7997
-3.80165
-3.80201
-3.80256
-3.80291
-3.80198
-3.80064
-3.79922
-3.79863
-3.79756
-3.79659
-3.79642
-3.79693
-3.79792
-3.79896
-3.79911
-3.7994
-3.79831
-3.79807
-3.79643
-3.79588
-3.79552
-3.79557
-3.79448
-3.79464
-3.79568
-3.7968
-3.79773
-3.79854
-3.79976
-3.8013
-3.79991
-3.7997
-3.79963
-3.80047
-3.80012
-3.79967
-3.79886
-3.79865
-3.7976
-3.79773
-3.79815
-3.79904
-3.79835
-3.79928
-3.79963
-3.79968
-3.79933
-3.79866
-3.7995
-3.79928
-3.7989
-3.79869
-3.79885
-3.79849
-3.7982
-3.79853
-3.79855
-3.79904
-3.79807
-3.79916
-3.79951
-3.79917
-3.79945
-3.799
-3.79943
-3.79884
-3.79783
-3.79699
-3.7969
-3.79678
-3.79663
-3.79588
-3.79534
-3.79507
-3.7947
-3.79408
-3.79556
-3.79567
-3.79577
-3.79635
-3.79571
-3.79666
-3.79573
-3.79548
-3.79479
-3.79535
-3.79577
-3.79521
-3.79481
-3.79453
-3.79496
-3.79492
-3.79629
-3.79577
-3.79558
-3.79578
-3.79584
-3.79676
-3.79676
-3.79606
-3.79518
-3.79526
-3.79513
-3.79496
-3.79532
-3.79479
-3.79513
-3.79469
-3.79415
-3.79467
-3.79434
-3.79598
-3.79573
-3.79658
-3.797
-3.79785
-3.79844
-3.79912
-3.79923
-3.79867
-3.79887
-3.79871
-3.79903
-3.79932
-3.7998
-3.79923
-3.79834
-3.79809
-3.7973
-3.7973
-3.79717
-3.79781
-3.79865
-3.79897
-3.79882
-3.79886
-3.79818
-3.79822
-3.79857
-3.79827
-3.79759
-3.79828
-3.79977
-3.80017
-3.7989
-3.79826
-3.79773
-3.79654
-3.79524
-3.79485
-3.79575
-3.79605
-3.79704
-3.79637
-3.79503
-3.79438
-3.79348
-3.79238
-3.79246
-3.79167
-3.7916
-3.79261
-3.79344
-3.79475
-3.79558
-3.79699
-3.79707
-3.79866
-3.79817
-3.79888
-3.79882
-3.7977
-3.79754
-3.79804
-3.79942
-3.80111
-3.80163
-3.80222
-3.80252
-3.80059
-3.79999
-3.79826
-3.79677
-3.79655
-3.79576
-3.79609
-3.79765
-3.79769
-3.79811
-3.79951
-3.80015
-3.79994
-3.79942
-3.79875
-3.79749
-3.79742
-3.79916
-3.79969
-3.80054
-3.80016
-3.79921
-3.79995
-3.79875
-3.79892
-3.79894
-3.79822
-3.79646
-3.7965
-3.79488
-3.79503
-3.79546
-3.79648
-3.79645
-3.7959
-3.7965
-3.7967
-3.79649
-3.79597
-3.79705
-3.79622
-3.79518
-3.79381
-3.79305
-3.79391
-3.79354
-3.79294
-3.79404
-3.795
-3.79554
-3.79534
-3.79523
-3.79452
-3.79376
-3.79384
-3.79406
-3.7945
-3.79491
-3.79522
-3.79583
-3.79612
-3.79685
-3.79686
-3.7959
-3.79431
-3.79452
-3.79306
-3.79306
-3.79258
-3.79228
-3.7926
-3.7923
-3.79307
-3.79311
-3.79328
-3.79356
-3.79386
-3.79329
-3.79266
-3.79177
-3.79121
-3.79142
-3.79117
-3.79222
-3.79261
-3.7933
-3.79417
-3.7952
-3.79609
-3.79702
-3.79764
-3.79751
-3.79701
-3.79739
-3.79753
-3.79667
-3.79475
-3.79341
-3.79149
-3.79011
-3.79094
-3.79206
-3.79378
-3.79623
-3.79875
-3.79909
-3.79902
-3.79863
-3.79774
-3.79734
-3.79756
-3.79707
-3.79653
-3.79684
-3.79781
-3.79785
-3.79676
-3.79725
-3.79697
-3.79577
-3.79573
-3.7954
-3.79625
-3.79688
-3.79569
-3.79633
-3.79507
-3.79574
-3.7958
-3.79595
-3.79552
-3.7956
-3.79572
-3.79612
-3.79634
-3.79544
-3.79524
-3.79465
-3.79388
-3.79342
-3.7936
-3.79447
-3.7961
-3.79721
-3.79801
-3.7989
-3.79884
-3.79839
-3.79827
-3.79884
-3.79957
-3.79955
-3.79883
-3.79912
-3.79993
-3.79951
-3.80004
-3.7989
-3.7999
-3.799
-3.79867
-3.79862
-3.79765
-3.79744
-3.79668
-3.79648
-3.7954
-3.79608
-3.79737
-3.79788
-3.79733
-3.79888
-3.79994
-3.80044
-3.80005
-3.79958
-3.7993
-3.80005
-3.79964
-3.79901
-3.79801
-3.79923
-3.79891
-3.7993
-3.79956
-3.79987
-3.79967
-3.79988
-3.79936
-3.79947
-3.79956
-3.79863
-3.79831
-3.79831
-3.79879
-3.79984
-3.79904
-3.80061
-3.79958
-3.79957
-3.80048
-3.80005
-3.80018
-3.80086
-3.80188
-3.80227
-3.80254
-3.80169
-3.80125
-3.80065
-3.8006
-3.79957
-3.79996
-3.80052
-3.8012
-3.80082
-3.80001
-3.7993
-3.79845
-3.79718
-3.79777
-3.79754
-3.7979
-3.79763
-3.79768
-3.7975
-3.79668
-3.79708
-3.79708
-3.79674
-3.79686
-3.79638
-3.79603
-3.79559
-3.79558
-3.79681
-3.79756
-3.79885
-3.79769
-3.7975
-3.79722
-3.79597
-3.79657
-3.79661
-3.79715
-3.79844
-3.79929
-3.80005
-3.79985
-3.80055
-3.80067
-3.80027
-3.8007
-3.80022
-3.79923
-3.79846
-3.79786
-3.79809
-3.79941
-3.79962
-3.79954
-3.79968
-3.799
-3.79986
-3.79884
-3.79873
-3.79829
-3.79747
-3.79766
-3.79736
-3.79705
-3.79707
-3.79727
-3.79735
-3.79745
-3.79761
-3.79725
-3.79728
-3.79664
-3.79695
-3.79711
-3.79788
-3.79713
-3.79685
-3.79632
-3.79862
-3.79859
-3.79943
-3.8004
-3.80032
-3.80109
-3.80162
-3.80169
-3.80152
-3.80115
-3.80034
-3.80036
-3.79963
-3.79867
-3.79767
-3.79647
-3.79615
-3.79459
-3.7946
-3.79443
-3.79491
-3.79606
-3.79657
-3.79777
-3.79713
-3.79868
-3.79901
-3.79891
-3.79829
-3.79824
-3.7982
-3.79789
-3.7982
-3.79918
-3.79979
-3.80012
-3.79931
-3.79956
-3.79958
-3.79992
-3.80027
-3.79996
-3.79873
-3.79793
-3.7969
-3.79727
-3.79616
-3.79592
-3.79729
-3.79679
-3.7981
-3.79793
-3.79916
-3.79986
-3.79997
-3.79973
-3.79992
-3.79911
-3.7987
-3.79771
-3.79726
-3.79777
-3.79817
-3.79863
-3.7985
-3.79978
-3.80107
-3.80196
-3.80156
-3.79976
-3.79875
-3.79824
-3.79708
-3.7962
-3.79569
-3.79521
-3.79529
-3.79657
-3.79656
-3.79754
-3.79685
-3.79761
-3.79863
-3.7987
-3.79854
-3.79942
-3.79882
-3.79744
-3.79637
-3.79615
-3.79509
-3.79412
-3.79367
-3.7943
-3.7938
-3.79292
-3.79264
-3.79315
-3.7929
-3.79289
-3.7936
-3.79411
-3.79439
-3.79414
-3.79366
-3.79289
-3.79304
-3.79313
-3.79368
-3.79365
-3.79344
-3.79457
-3.79604
-3.79764
-3.79874
-3.80018
-3.79972
-3.8001
-3.79891
-3.798
-3.79745
-3.79627
-3.79581
-3.79481
-3.79251
-3.79222
-3.79268
-3.79296
-3.79268
-3.79323
-3.79395
-3.79388
-3.79396
-3.79451
-3.79646
-3.7973
-3.79795
-3.7991
-3.79923
-3.79773
-3.79712
-3.79554
-3.79614
-3.79659
-3.79649
-3.79737
-3.79807
-3.79789
-3.79864
-3.79856
-3.79857
-3.79865
-3.79875
-3.7979
-3.79745
-3.7967
-3.79579
-3.79587
-3.79547
-3.79661
-3.79844
-3.79896
-3.79844
-3.79824
-3.79678
-3.79575
-3.79439
-3.79418
-3.79477
-3.79546
-3.79541
-3.7957
-3.79501
-3.79623
-3.79663
-3.79693
-3.79736
-3.79744
-3.79812
-3.79925
-3.79866
-3.79876
-3.79826
-3.79734
-3.79629
-3.79481
-3.79373
-3.79232
-3.79106
-3.79092
-3.79175
-3.79337
-3.79449
-3.79497
-3.79464
-3.79434
-3.79457
-3.79405
-3.79317
-3.79307
-3.79187
-3.79241
-3.7918
-3.79154
-3.79115
-3.79317
-3.79447
-3.79486
-3.79578
-3.79722
-3.79833
-3.79851
-3.7977
-3.79886
-3.79844
-3.79802
-3.79846
-3.79925
-3.79958
-3.80003
-3.80226
-3.80313
-3.80321
-3.80303
-3.80233
-3.80106
-3.79994
-3.79892
-3.79716
-3.79701
-3.79669
-3.79595
-3.79497
-3.79442
-3.79433
-3.79442
-3.79598
-3.79734
-3.7987
-3.79906
-3.79956
-3.79863
-3.79938
-3.79863
-3.79723
-3.79684
-3.7973
-3.79728
-3.79749
-3.79695
-3.79711
-3.79578
-3.79521
-3.79578
-3.7959
-3.7968
-3.79683
-3.79592
-3.79545
-3.7957
-3.79616
-3.79602
-3.79529
-3.79531
-3.79592
-3.79762
-3.79834
-3.79992
-3.80102
-3.80308
-3.80403
-3.80231
-3.80184
-3.79972
-3.79953
-3.798
-3.79679
-3.79593
-3.79584
-3.79521
-3.79551
-3.79642
-3.79777
-3.79902
-3.79928
-3.79995
-3.79936
-3.79967
-3.80019
-3.79991
-3.79868
-3.79815
-3.79835
-3.79812
-3.7981
-3.79725
-3.79661
-3.79582
-3.79528
-3.79456
-3.79371
-3.79297
-3.79363
-3.79453
-3.79566
-3.79753
-3.79903
-3.79903
-3.79934
-3.8
-3.79976
-3.79939
-3.79839
-3.7973
-3.79634
-3.79556
-3.79394
-3.79424
-3.79463
-3.79443
-3.79522
-3.79581
-3.79476
-3.79508
-3.79512
-3.79509
-3.79502
-3.79464
-3.79418
-3.79508
-3.79694
-3.79761
-3.79834
-3.79852
-3.79968
-3.79937
-3.7982
-3.79732
-3.79599
-3.79539
-3.79589
-3.79748
-3.79809
-3.79776
-3.7979
-3.79684
-3.79621
-3.79738
-3.79583
-3.79529
-3.79456
-3.79427
-3.79498
-3.7942
-3.79419
-3.79505
-3.79471
-3.79526
-3.79538
-3.7953
-3.79572
-3.79641
-3.79554
-3.79575
-3.79556
-3.7962
-3.79578
-3.79524
-3.79471
-3.79396
-3.79408
-3.79347
-3.79339
-3.79464
-3.79545
-3.79602
-3.79477
-3.79437
-3.7944
-3.79426
-3.79408
-3.79572
-3.79718
-3.79737
-3.79723
-3.79768
-3.79735
-3.79702
-3.79694
-3.79763
-3.79779
-3.79902
-3.79904
-3.79965
-3.79957
-3.79981
-3.80068
-3.80008
-3.80035
-3.79969
-3.79908
-3.79779
-3.79784
-3.7973
-3.79734
-3.79666
-3.79625
-3.79596
-3.79616
-3.79599
-3.79571
-3.79551
-3.79613
-3.79637
-3.79601
-3.79439
-3.79306
-3.79317
-3.79258
-3.79337
-3.793
-3.79391
-3.79433
-3.79537
-3.79528
-3.79441
-3.79491
-3.79517
-3.79605
-3.79611
-3.7967
-3.79688
-3.79617
-3.79618
-3.7958
-3.79545
-3.79566
-3.79559
-3.79566
-3.79622
-3.79678
-3.7981
-3.79819
-3.79944
-3.80065
-3.79935
-3.79858
-3.79644
-3.7946
-3.79224
-3.791
-3.79079
-3.79156
-3.79193
-3.79304
-3.79401
-3.79433
-3.79548
-3.79736
-3.79805
-3.79822
-3.79913
-3.79943
-3.79997
-3.79995
-3.7998
-3.79937
-3.7987
-3.79695
-3.79623
-3.79573
-3.79545
-3.79489
-3.79377
-3.79517
-3.79497
-3.79618
-3.79669
-3.79945
-3.80029
-3.80145
-3.80241
-3.80317
-3.80391
-3.80315
-3.8015
-3.80016
-3.79889
-3.79702
-3.79447
-3.7943
-3.79441
-3.7953
-3.79626
-3.79695
-3.79725
-3.79814
-3.79867
-3.79865
-3.79924
-3.79982
-3.79962
-3.79946
-3.79969
-3.79936
-3.79919
-3.79928
-3.79994
-3.80129
-3.80021
-3.79953
-3.79939
-3.7989
-3.79796
-3.79804
-3.79623
-3.79572
-3.79415
-3.79459
-3.79564
-3.79595
-3.7963
-3.79654
-3.79707
-3.79706
-3.79768
-3.79785
-3.79803
-3.79719
-3.79634
-3.79537
-3.79437
-3.79313
-3.79304
-3.79484
-3.79516
-3.79523
-3.79521
-3.79557
-3.79495
-3.79518
-3.79602
-3.7954
-3.79585
-3.79632
-3.79699
-3.79658
-3.79666
-3.79694
-3.79679
-3.79646
-3.79629
-3.79557
-3.79615
-3.79537
-3.79471
-3.79528
-3.79545
-3.79591
-3.79546
-3.79593
-3.79616
-3.79575
-3.79508
-3.79553
-3.79646
-3.79827
-3.79905
-3.80003
-3.80043
-3.80035
-3.79978
-3.80022
-3.79922
-3.79959
-3.8
-3.8
-3.79956
-3.7994
-3.79932
-3.79986
-3.7999
-3.8006
-3.80228
-3.80194
-3.80175
-3.80125
-3.80015
-3.8003
-3.80056
-3.80131
-3.80088
-3.80121
-3.8003
-3.79923
-3.7988
-3.79822
-3.79765
-3.79703
-3.79743
-3.79683
-3.79638
-3.79559
-3.79538
-3.79561
-3.79558
-3.79489
-3.79494
-3.79443
-3.79499
-3.79497
-3.79587
-3.79544
-3.79473
-3.7958
-3.79541
-3.79639
-3.79471
-3.79424
-3.79354
-3.79517
-3.79572
-3.79728
-3.79925
-3.80012
-3.80092
-3.80022
-3.7998
-3.79873
-3.79795
-3.79631
-3.79582
-3.7947
-3.7947
-3.79477
-3.79499
-3.7955
-3.796
-3.79656
-3.79637
-3.79698
-3.79833
-3.80015
-3.80056
-3.80073
-3.80017
-3.7996
-3.80037
-3.79952
-3.79924
-3.79858
-3.79982
-3.80052
-3.79903
-3.79879
-3.79889
-3.79772
-3.79731
-3.79705
-3.79705
-3.79781
-3.79917
-3.79985
-3.80016
-3.7996
-3.79978
-3.79853
-3.79696
-3.79692
-3.79792
-3.79884
-3.80124
-3.80198
-3.80284
-3.80345
-3.80263
-3.80055
-3.79982
-3.79966
-3.79934
-3.79841
-3.79876
-3.79785
-3.79864
-3.79842
-3.79696
-3.79636
-3.79629
-3.79654
-3.79755
-3.798
-3.79844
-3.79915
-3.79943
-3.79989
-3.80015
-3.79953
-3.79855
-3.79737
-3.79709
-3.79626
-3.79666
-3.79644
-3.79611
-3.7968
-3.79698
-3.79765
-3.79846
-3.79916
-3.79949
-3.79916
-3.79887
-3.79931
-3.80021
-3.79911
-3.79834
-3.79829
-3.79861
-3.7984
-3.79827
-3.79898
-3.79981
-3.8008
-3.80161
-3.80159
-3.80305
-3.80198
-3.80226
-3.80053
-3.79947
-3.79963
-3.79954
-3.79826
-3.79918
-3.79872
-3.79906
-3.79991
-3.7996
-3.79922
-3.79983
-3.79903
-3.79799
-3.79766
-3.79685
-3.79665
-3.79588
-3.7952
-3.79517
-3.79569
-3.7969
-3.7984
-3.79827
-3.7999
-3.80136
-3.80021
-3.80012
-3.79959
-3.7993
-3.7999
-3.80029
-3.80034
-3.80042
-3.80094
-3.80118
-3.80181
-3.80079
-3.79984
-3.79974
-3.79896
-3.79762
-3.79805
-3.79796
-3.79751
-3.79699
-3.79626
-3.7962
-3.79578
-3.79555
-3.79555
-3.79548
-3.79764
-3.7994
-3.80077
-3.80074
-3.80014
-3.79887
-3.79794
-3.79759
-3.79733
-3.79626
-3.79566
-3.79631
-3.79758
-3.79709
-3.79781
-3.79742
-3.79743
-3.79798
-3.79881
-3.79909
-3.79939
-3.80012
-3.80006
-3.79927
-3.79973
-3.79902
-3.7988
-3.79845
-3.79876
-3.7992
-3.80041
-3.80155
-3.80394
-3.80386
-3.80416
-3.80448
-3.80426
-3.80376
-3.80266
-3.80202
-3.80121
-3.80094
-3.80004
-3.79912
-3.79967
-3.80007
-3.80162
-3.80133
-3.80322
-3.80278
-3.80251
-3.80164
-3.8009
-3.80014
-3.79961
-3.7986
-3.79891
-3.79859
-3.79889
-3.79831
-3.79869
-3.80091
-3.80063
-3.80149
-3.80188
-3.80193
-3.80119
-3.80163
-3.80067
-3.80058
-3.79948
-3.79845
-3.79905
-3.79858
-3.79842
-3.7983
-3.7997
-3.80061
-3.801
-3.80203
-3.80212
-3.802
-3.80181
-3.79964
-3.79851
-3.79691
-3.79651
-3.79622
-3.79609
-3.79703
-3.79794
-3.79902
-3.79897
-3.80028
-3.80103
-3.80202
-3.80244
-3.80128
-3.80137
-3.80043
-3.79944
-3.79979
-3.79876
-3.79797
-3.79799
-3.79834
-3.79855
-3.79904
-3.79875
-3.79916
-3.79998
-3.79899
-3.79927
-3.79952
-3.80001
-3.80107
-3.80116
-3.80125
-3.80072
-3.80061
-3.79962
-3.79897
-3.7989
-3.79773
-3.79828
-3.79847
-3.79879
-3.80034
-3.80064
-3.79935
-3.79881
-3.79798
-3.79793
-3.79824
-3.79905
-3.79944
-3.80018
-3.8011
-3.80146
-3.80181
-3.80011
-3.79996
-3.79989
-3.79959
-3.79973
-3.79904
-3.79936
-3.79835
-3.79643
-3.79566
-3.79496
-3.79544
-3.79715
-3.79903
-3.79998
-3.80045
-3.80152
-3.80207
-3.8013
-3.80016
-3.79916
-3.79836
-3.79894
-3.79795
-3.7977
-3.798
-3.79804
-3.79777
-3.79708
-3.79648
-3.79657
-3.79661
-3.79715
-3.79642
-3.79568
-3.79594
-3.79542
-3.79473
-3.79434
-3.79449
-3.79345
-3.7939
-3.7934
-3.7937
-3.7935
-3.79203
-3.79229
-3.7923
-3.79224
-3.79268
-3.79188
-3.79231
-3.79229
-3.79335
-3.79356
-3.79445
-3.7958
-3.79625
-3.79737
-3.79855
-3.79854
-3.79896
-3.79842
-3.79921
-3.79922
-3.79951
-3.79911
-3.79918
-3.79924
-3.79956
-3.80091
-3.80178
-3.8016
-3.80187
-3.80133
-3.80115
-3.80111
-3.80063
-3.80067
-3.80028
-3.8002
-3.79915
-3.79953
-3.79991
-3.79988
-3.80009
-3.80062
-3.80048
-3.79946
-3.79848
-3.7973
-3.79652
-3.79617
-3.7969
-3.79797
-3.79939
-3.80044
-3.80253
-3.80191
-3.80267
-3.80401
-3.80429
-3.80458
-3.804
-3.80362
-3.80305
-3.80196
-3.80122
-3.79941
-3.79839
-3.79879
-3.79907
-3.7992
-3.79825
-3.79803
-3.79809
-3.7982
-3.79885
-3.80017
-3.80116
-3.80237
-3.80317
-3.80342
-3.80413
-3.80282
-3.8014
-3.8004
-3.80018
-3.79915
-3.79771
-3.79735
-3.79726
-3.79786
-3.79674
-3.79759
-3.79793
-3.79935
-3.80026
-3.80127
-3.80175
-3.79991
-3.79901
-3.79798
-3.79747
-3.79687
-3.79583
-3.79482
-3.7933
-3.79307
-3.79277
-3.7927
-3.79293
-3.79328
-3.79526
-3.79621
-3.79767
-3.79751
-3.79734
-3.79683
-3.79658
-3.79594
-3.79492
-3.79417
-3.79353
-3.79211
-3.79202
-3.79297
-3.79454
-3.79456
-3.79589
-3.79597
-3.79686
-3.79608
-3.79591
-3.79492
-3.79396
-3.79434
-3.7936
-3.79292
-3.79312
-3.79405
-3.79437
-3.79431
-3.79456
-3.79549
-3.79486
-3.79419
-3.79275
-3.79161
-3.79078
-3.79096
-3.79126
-3.79189
-3.79405
-3.79482
-3.79495
-3.79675
-3.79747
-3.79698
-3.79578
-3.79558
-3.79506
-3.79398
-3.79232
-3.79216
-3.79258
-3.7944
-3.79698
-3.79758
-3.79858
-3.79874
-3.79832
-3.79882
-3.79885
-3.79801
-3.79741
-3.79705
-3.79566
-3.7939
-3.79257
-3.7918
-3.79265
-3.79464
-3.79608
-3.79733
-3.79935
-3.7994
-3.79936
-3.79852
-3.79668
-3.79667
-3.79633
-3.79653
-3.79808
-3.79849
-3.79921
-3.79988
-3.80082
-3.80156
-3.80045
-3.80043
-3.79928
-3.79845
-3.79873
-3.79878
-3.79933
-3.79858
-3.79921
-3.80042
-3.80069
-3.79915
-3.79938
-3.80041
-3.79985
-3.80037
-3.79921
-3.79899
-3.79917
-3.7996
-3.79893
-3.79831
-3.79834
-3.79752
-3.79775
-3.79776
-3.79796
-3.79935
-3.7992
-3.79914
-3.79965
-3.79986
-3.80075
-3.80063
-3.80116
-3.80171
-3.80127
-3.80053
-3.79992
-3.79983
-3.79923
-3.79833
-3.79833
-3.79854
-3.79862
-3.79828
-3.79951
-3.79954
-3.79999
-3.8011
-3.80125
-3.80117
-3.79979
-3.79893
-3.80017
-3.79997
-3.80077
-3.80065
-3.7999
-3.79958
-3.79972
-3.79855
-3.79919
-3.79815
-3.79773
-3.79794
-3.79817
-3.79967
-3.80106
-3.80369
-3.80436
-3.80506
-3.80412
-3.80211
-3.80138
-3.79982
-3.79722
-3.79526
-3.7945
-3.7937
-3.79428
-3.7955
-3.79664
-3.79688
-3.79747
-3.79783
-3.79947
-3.79999
-3.79898
-3.79915
-3.79832
-3.79829
-3.79781
-3.79818
-3.79836
-3.79838
-3.79829
-3.79903
-3.79999
-3.79977
-3.80002
-3.80024
-3.79981
-3.79952
-3.7984
-3.7982
-3.79899
-3.80018
-3.80172
-3.80227
-3.80198
-3.80131
-3.80094
-3.79941
-3.79833
-3.7975
-3.79666
-3.79682
-3.79548
-3.79424
-3.79519
-3.79575
-3.79633
-3.7968
-3.79669
-3.79799
-3.79854
-3.79844
-3.79874
-3.79873
-3.79725
-3.79678
-3.79654
-3.79638
-3.796
-3.79642
-3.79584
-3.79688
-3.79673
-3.79814
-3.79863
-3.7993
-3.79926
-3.80024
-3.80086
-3.80042
-3.80049
-3.80056
-3.80124
-3.80103
-3.80017
-3.79907
-3.79818
-3.79771
-3.79802
-3.79737
-3.79904
-3.8005
-3.79996
-3.79961
-3.79869
-3.7978
-3.79672
-3.7958
-3.79532
-3.79612
-3.79603
-3.79762
-3.7987
-3.80068
-3.80061
-3.80113
-3.80092
-3.80091
-3.79968
-3.79864
-3.7973
-3.79749
-3.79746
-3.79755
-3.79657
-3.79827
-3.7986
-3.79735
-3.79621
-3.79563
-3.79431
-3.79429
-3.79516
-3.79513
-3.79485
-3.7954
-3.79549
-3.79601
-3.79684
-3.79761
-3.7993
-3.80021
-3.80117
-3.8024
-3.80212
-3.80226
-3.80217
-3.80102
-3.80109
-3.80071
-3.80104
-3.79994
-3.80031
-3.79946
-3.79884
-3.79834
-3.79903
-3.79886
-3.79999
-3.80051
-3.80113
-3.80239
-3.80348
-3.80296
-3.80322
-3.80262
-3.80117
-3.80058
-3.79982
-3.79944
-3.80047
-3.80056
-3.79977
-3.80011
-3.80004
-3.79919
-3.79932
-3.79924
-3.79828
-3.79779
-3.79655
-3.79684
-3.79585
-3.79542
-3.79474
-3.79451
-3.79502
-3.79482
-3.79602
-3.79656
-3.79737
-3.7984
-3.80015
-3.80218
-3.80294
-3.80306
-3.80239
-3.80163
-3.80098
-3.80208
-3.80251
-3.80177
-3.80137
-3.7997
-3.79818
-3.79661
-3.7945
-3.79426
-3.79342
-3.79306
-3.79421
-3.79487
-3.79645
-3.79826
-3.79913
-3.80003
-3.80059
-3.80133
-3.80017
-3.80036
-3.79987
-3.79845
-3.79761
-3.79748
-3.79743
-3.79818
-3.79842
-3.7994
-3.79965
-3.79942
-3.80033
-3.79909
-3.80009
-3.80059
-3.80169
-3.80054
-3.80007
-3.79984
-3.79949
-3.79963
-3.7988
-3.79794
-3.79729
-3.7981
-3.79878
-3.79961
-3.80041
-3.80034
-3.80006
-3.80106
-3.79999
-3.80099
-3.80061
-3.79945
-3.79859
-3.79778
-3.79757
-3.79667
-3.79736
-3.79755
-3.79802
-3.79835
-3.79772
-3.79854
-3.7996
-3.79797
-3.79806
-3.79901
-3.7982
-3.79763
-3.7972
-3.79777
-3.79859
-3.7984
-3.79805
-3.79882
-3.79964
-3.79903
-3.79926
-3.80033
-3.80073
-3.80092
-3.80103
-3.80078
-3.80032
-3.80105
-3.80073
-3.80101
-3.80113
-3.80063
-3.79918
-3.79936
-3.79875
-3.79861
-3.79808
-3.79749
-3.79745
-3.79807
-3.79819
-3.79833
-3.79868
-3.79971
-3.79991
-3.79998
-3.79943
-3.7991
-3.79885
-3.79838
-3.79873
-3.79906
-3.80016
-3.80105
-3.80025
-3.79937
-3.7993
-3.79836
-3.797
-3.79666
-3.79594
-3.79796
-3.798
-3.79896
-3.79992
-3.80078
-3.80265
-3.80184
-3.80246
-3.80278
-3.80225
-3.80153
-3.80079
-3.79852
-3.79693
-3.79556
-3.79484
-3.79635
-3.79811
-3.79908
-3.80016
-3.80018
-3.80036
-3.80052
-3.79962
-3.79841
-3.79735
-3.79694
-3.79642
-3.79673
-3.79671
-3.79637
-3.79652
-3.79737
-3.79624
-3.7956
-3.79498
-3.79417
-3.79234
-3.79153
-3.79067
-3.79159
-3.79362
-3.79421
-3.7963
-3.79755
-3.79879
-3.79957
-3.80007
-3.80057
-3.80095
-3.80157
-3.80049
-3.79956
-3.79841
-3.7983
-3.79739
-3.7981
-3.79841
-3.79793
-3.79827
-3.79711
-3.79751
-3.79727
-3.79629
-3.79614
-3.79675
-3.79657
-3.79673
-3.7981
-3.79881
-3.79924
-3.79998
-3.80005
-3.79951
-3.79902
-3.79852
-3.79765
-3.79759
-3.79795
-3.79814
-3.79778
-3.79542
-3.79531
-3.79441
-3.79554
-3.79496
-3.7961
-3.79697
-3.7977
-3.799
-3.79978
-3.80059
-3.80204
-3.80203
-3.80086
-3.79951
-3.79908
-3.79944
-3.80066
-3.80109
-3.80272
-3.80424
-3.8034
-3.80318
-3.80208
-3.80173
-3.80185
-3.8007
-3.80013
-3.79921
-3.79952
-3.79814
-3.79706
-3.79635
-3.79613
-3.79808
-3.80009
-3.80073
-3.79949
-3.79978
-3.8005
-3.80191
-3.80385
-3.80583
-3.80675
-3.80615
-3.80346
-3.8029
-3.80115
-3.79928
-3.79789
-3.79596
-3.79459
-3.79392
-3.7942
-3.79397
-3.7963
-3.79753
-3.79748
-3.79809
-3.79858
-3.79931
-3.7986
-3.79952
-3.79907
-3.79873
-3.79796
-3.79661
-3.79604
-3.79533
-3.7956
-3.79552
-3.79579
-3.79592
-3.79526
-3.7967
-3.79721
-3.79759
-3.7996
-3.8004
-3.8011
-3.8001
-3.80066
-3.80002
-3.80097
-3.80163
-3.80148
-3.8021
-3.80264
-3.80144
-3.80014
-3.80031
-3.79984
-3.79983
-3.79975
-3.80003
-3.79962
-3.79966
-3.79943
-3.79863
-3.79894
-3.79908
-3.79855
-3.79821
-3.79816
-3.7981
-3.79711
-3.79664
-3.79678
-3.79678
-3.79771
-3.79743
-3.79641
-3.79574
-3.79569
-3.79576
-3.79481
-3.79524
-3.79544
-3.7948
-3.79474
-3.79398
-3.79486
-3.79423
-3.79441
-3.79439
-3.79434
-3.79377
-3.79364
-3.79308
-3.79257
-3.79217
-3.79062
-3.7897
-3.78953
-3.7894
-3.7908
-3.79112
-3.79167
-3.79259
-3.79542
-3.79596
-3.79593
-3.79551
-3.7963
-3.79605
-3.79509
-3.79416
-3.79425
-3.79353
-3.79257
-3.79207
-3.79098
-3.79056
-3.79063
-3.79073
-3.79167
-3.79185
-3.79271
-3.79434
-3.79465
-3.79513
-3.79448
-3.79366
-3.79304
-3.79236
-3.79275
-3.79293
-3.79343
-3.79268
-3.79373
-3.7941
-3.79414
-3.7944
-3.79526
-3.79629
-3.79567
-3.79567
-3.79561
-3.79478
-3.7943
-3.79386
-3.7934
-3.79348
-3.79276
-3.79266
-3.79323
-3.794
-3.79374
-3.79422
-3.79441
-3.79531
-3.795
-3.7955
-3.79712
-3.79758
-3.79762
-3.79727
-3.79818
-3.79612
-3.79504
-3.79413
-3.79266
-3.79333
-3.79331
-3.79265
-3.79222
-3.79241
-3.79255
-3.79256
-3.79314
-3.79424
-3.79562
-3.7961
-3.79777
-3.79789
-3.7985
-3.7983
-3.79769
-3.79655
-3.79588
-3.79502
-3.79516
-3.79457
-3.79527
-3.79445
-3.79496
-3.7954
-3.79491
-3.79467
-3.79361
-3.79356
-3.79463
-3.79494
-3.79458
-3.79512
-3.7942
-3.79629
-3.7972
-3.79789
-3.79873
-3.80066
-3.80097
-3.802
-3.80179
-3.80169
-3.8023
-3.80193
-3.8015
-3.80143
-3.80168
-3.80135
-3.80011
-3.79981
-3.79954
-3.7989
-3.79846
-3.79774
-3.79729
-3.79747
-3.79752
-3.79803
-3.7972
-3.79616
-3.79904
-3.79827
-3.80005
-3.80085
-3.80113
-3.80129
-3.80153
-3.80208
-3.80091
-3.80045
-3.80083
-3.8013
-3.80035
-3.79919
-3.79865
-3.79831
-3.79945
-3.79883
-3.79845
-3.79862
-3.79836
-3.79869
-3.79911
-3.80101
-3.80061
-3.79966
-3.7998
-3.80026
-3.79971
-3.79984
-3.8003
-3.80039
-3.80069
-3.80098
-3.80143
-3.80063
-3.7998
-3.79937
-3.79916
-3.79877
-3.7998
-3.79937
-3.79971
-3.79979
-3.7998
-3.79984
-3.80124
-3.80052
-3.80059
-3.79982
-3.79893
-3.79896
-3.7988
-3.79875
-3.7993
-3.80114
-3.80106
-3.80093
-3.80046
-3.80022
-3.79885
-3.79808
-3.79781
-3.79574
-3.79575
-3.79442
-3.79377
-3.79369
-3.79404
-3.79644
-3.79897
-3.79858
-3.7992
-3.79904
-3.79822
-3.79808
-3.79883
-3.79922
-3.79966
-3.79936
-3.79916
-3.79859
-3.79835
-3.79883
-3.79832
-3.79782
-3.79775
-3.79758
-3.79854
-3.79919
-3.7986
-3.79876
-3.79795
-3.79836
-3.79784
-3.79769
-3.79709
-3.798
-3.79971
-3.80119
-3.80213
-3.80338
-3.80209
-3.80027
-3.79939
-3.79765
-3.79691
-3.79616
-3.79745
-3.79774
-3.79788
-3.79866
-3.79775
-3.79835
-3.79761
-3.79686
-3.79666
-3.79582
-3.79457
-3.79354
-3.79357
-3.79417
-3.79428
-3.79526
-3.79713
-3.79739
-3.79702
-3.79679
-3.79718
-3.79811
-3.79882
-3.79807
-3.79792
-3.79757
-3.79742
-3.79644
-3.79663
-3.79578
-3.7957
-3.79562
-3.79581
-3.79648
-3.79513
-3.79632
-3.79738
-3.79769
-3.79799
-3.79705
-3.79822
-3.79883
-3.7995
-3.79944
-3.79931
-3.79843
-3.79966
-3.80023
-3.79984
-3.80026
-3.79938
-3.79904
-3.79924
-3.80099
-3.80115
-3.80096
-3.80086
-3.79985
-3.79955
-3.79858
-3.79875
-3.79941
-3.80066
-3.80134
-3.80148
-3.80124
-3.79951
-3.79874
-3.79866
-3.79806
-3.79735
-3.79915
-3.79984
-3.80042
-3.80251
-3.80208
-3.80154
-3.80022
-3.79854
-3.79862
-3.79736
-3.79585
-3.79433
-3.79509
-3.79563
-3.79596
-3.79582
-3.7973
-3.79924
-3.79926
-3.7997
-3.79955
-3.79855
-3.79724
-3.79666
-3.79725
-3.79739
-3.7974
-3.79841
-3.79857
-3.79923
-3.79849
-3.79825
-3.79796
-3.7977
-3.79664
-3.7951
-3.79664
-3.79696
-3.79789
-3.79881
-3.79909
-3.79899
-3.79878
-3.79953
-3.79924
-3.79798
-3.79842
-3.79923
-3.80007
-3.80027
-3.80049
-3.80023
-3.80015
-3.79936
-3.79973
-3.79932
-3.80028
-3.80096
-3.80106
-3.8004
-3.79925
-3.79866
-3.79758
-3.79701
-3.79728
-3.79611
-3.79707
-3.79787
-3.79762
-3.79651
-3.79689
-3.79649
-3.79682
-3.79723
-3.79614
-3.79646
-3.7971
-3.7976
-3.79668
-3.79718
-3.79783
-3.79772
-3.79748
-3.79725
-3.79725
-3.79749
-3.79812
-3.79825
-3.79783
-3.79788
-3.79785
-3.79909
-3.79848
-3.79932
-3.79834
-3.79896
-3.79928
-3.80042
-3.80043
-3.79915
-3.7994
-3.79907
-3.79905
-3.79954
-3.79951
-3.79927
-3.79971
-3.79916
-3.79952
-3.79979
-3.79959
-3.79998
-3.80044
-3.80017
-3.79941
-3.79943
-3.79996
-3.80083
-3.80065
-3.80204
-3.80352
-3.8042
-3.8032
-3.80234
-3.80158
-3.80113
-3.80074
-3.80015
-3.8007
-3.80019
-3.79972
-3.79889
-3.79953
-3.79906
-3.79763
-3.79588
-3.79628
-3.7959
-3.79593
-3.79746
-3.7979
-3.79803
-3.79805
-3.79763
-3.79797
-3.79918
-3.80018
-3.8014
-3.80183
-3.80184
-3.80229
-3.80288
-3.80203
-3.80206
-3.80142
-3.80066
-3.7999
-3.79971
-3.79964
-3.79924
-3.79885
-3.79826
-3.79798
-3.79602
-3.79545
-3.79674
-3.79583
-3.79654
-3.79666
-3.79618
-3.79646
-3.79744
-3.79848
-3.79793
-3.79838
-3.79796
-3.79778
-3.79765
-3.79742
-3.79746
-3.798
-3.79751
-3.7968
-3.79702
-3.7958
-3.79535
-3.795
-3.79317
-3.79198
-3.79224
-3.79175
-3.79029
-3.78965
-3.79066
-3.79181
-3.7926
-3.79292
-3.79326
-3.79458
-3.79558
-3.79567
-3.79431
-3.79391
-3.79293
-3.79124
-3.79203
-3.7921
-3.79209
-3.79265
-3.79273
-3.79293
-3.79391
-3.79389
-3.79436
-3.79538
-3.79526
-3.79557
-3.79622
-3.79544
-3.7955
-3.79439
-3.79391
-3.79395
-3.79535
-3.7974
-3.79817
-3.79919
-3.7998
-3.79945
-3.79955
-3.79931
-3.79827
-3.79639
-3.79442
-3.79305
-3.79269
-3.79284
-3.79268
-3.7935
-3.79435
-3.79744
-3.79845
-3.79908
-3.79961
-3.80063
-3.80213
-3.80216
-3.8025
-3.80353
-3.80234
-3.80199
-3.80044
-3.79952
-3.79863
-3.79675
-3.7972
-3.79891
-3.80104
-3.80123
-3.80104
-3.79907
-3.79867
-3.79655
-3.79656
-3.79653
-3.79687
-3.797
-3.79771
-3.79855
-3.79867
-3.79892
-3.79875
-3.79912
-3.79993
-3.79922
-3.79843
-3.79842
-3.79846
-3.79857
-3.79848
-3.79922
-3.80066
-3.80153
-3.80275
-3.80246
-3.8028
-3.80169
-3.80113
-3.80086
-3.80158
-3.80214
-3.80289
-3.8027
-3.80381
-3.80394
-3.80247
-3.80097
-3.80102
-3.80036
-3.80001
-3.79938
-3.79915
-3.79699
-3.79661
-3.79546
-3.79495
-3.79464
-3.79468
-3.79453
-3.79406
-3.79544
-3.79587
-3.79537
-3.79476
-3.79585
-3.79537
-3.79559
-3.79589
-3.79579
-3.7964
-3.79799
-3.79852
-3.7971
-3.7965
-3.79696
-3.7969
-3.79652
-3.79554
-3.7956
-3.79487
-3.79504
-3.7946
-3.79462
-3.79524
-3.79641
-3.79802
-3.79835
-3.79835
-3.79768
-3.79787
-3.79706
-3.7968
-3.79503
-3.79563
-3.79624
-3.7953
-3.79546
-3.79627
-3.79633
-3.79698
-3.79687
-3.79639
-3.79521
-3.79388
-3.79285
-3.79139
-3.79241
-3.79338
-3.79361
-3.7941
-3.79496
-3.79604
-3.79689
-3.79834
-3.79899
-3.79939
-3.79903
-3.79975
-3.7996
-3.80099
-3.80138
-3.80116
-3.80083
-3.80147
-3.80191
-3.8017
-3.80149
-3.80138
-3.80029
-3.79996
-3.79905
-3.79917
-3.79944
-3.79942
-3.79952
-3.79812
-3.79809
-3.79771
-3.79796
-3.79783
-3.79961
-3.80129
-3.80064
-3.80064
-3.79959
-3.80068
-3.79965
-3.79894
-3.79855
-3.79854
-3.79915
-3.80001
-3.80049
-3.80066
-3.80157
-3.80249
-3.80207
-3.80155
-3.80106
-3.80038
-3.80049
-3.80162
-3.80284
-3.80345
-3.80369
-3.80319
-3.80255
-3.80045
-3.80005
-3.79969
-3.79973
-3.79986
-3.79936
-3.79727
-3.79758
-3.79587
-3.79547
-3.79467
-3.79501
-3.79494
-3.79514
-3.79586
-3.79615
-3.79641
-3.79629
-3.79651
-3.79623
-3.79812
-3.79733
-3.79618
-3.79543
-3.79389
-3.79309
-3.79386
-3.79506
-3.79549
-3.79641
-3.79692
-3.79705
-3.79767
-3.79876
-3.79941
-3.79873
-3.79911
-3.80041
-3.79967
-3.79899
-3.79831
-3.79804
-3.79801
-3.79779
-3.79798
-3.79832
-3.79793
-3.79758
-3.79709
-3.79734
-3.79705
-3.79633
-3.79533
-3.79411
-3.79313
-3.79275
-3.79253
-3.79386
-3.79427
-3.79484
-3.79518
-3.79668
-3.79616
-3.79681
-3.79855
-3.79732
-3.79734
-3.79779
-3.79758
-3.79766
-3.79797
-3.79887
-3.80012
-3.80107
-3.80104
-3.7996
-3.79733
-3.79603
-3.79474
-3.79373
-3.79254
-3.79178
-3.79105
-3.79044
-3.79043
-3.78975
-3.78995
-3.79085
-3.79241
-3.79351
-3.79548
-3.79838
-3.79924
-3.79904
-3.79858
-3.79801
-3.79684
-3.79576
-3.79595
-3.79415
-3.79336
-3.79279
-3.79228
-3.79319
-3.79328
-3.7938
-3.79456
-3.79523
-3.79486
-3.79407
-3.7938
-3.79439
-3.79479
-3.79523
-3.79609
-3.79623
-3.79651
-3.7966
-3.79646
-3.7958
-3.79442
-3.79478
-3.79428
-3.79481
-3.79579
-3.79769
-3.79776
-3.79767
-3.79834
-3.7981
-3.79561
-3.79435
-3.79501
-3.79455
-3.79384
-3.79449
-3.79498
-3.795
-3.79603
-3.79617
-3.79622
-3.79575
-3.79601
-3.79492
-3.79439
-3.79361
-3.79283
-3.79388
-3.79403
-3.79426
-3.79464
-3.79464
-3.7952
-3.79552
-3.79525
-3.79529
-3.79568
-3.79629
-3.79782
-3.79834
-3.79816
-3.79804
-3.79739
-3.79676
-3.79561
-3.79633
-3.79539
-3.79518
-3.79485
-3.79539
-3.79593
-3.797
-3.79696
-3.79603
-3.79584
-3.7952
-3.79464
-3.7947
-3.79409
-3.79421
-3.79506
-3.79402
-3.79374
-3.79405
-3.79451
-3.79486
-3.79461
-3.7956
-3.7953
-3.79608
-3.79463
-3.7935
-3.79298
-3.79289
-3.792
-3.79147
-3.79163
-3.79198
-3.79223
-3.79321
-3.79423
-3.79434
-3.79449
-3.79453
-3.79382
-3.79424
-3.79545
-3.79672
-3.79708
-3.79806
-3.79732
-3.79795
-3.79805
-3.79685
-3.79735
-3.79592
-3.79537
-3.79456
-3.79372
-3.79251
-3.79102
-3.78988
-3.78905
-3.78897
-3.78982
-3.79087
-3.79188
-3.79308
-3.79297
-3.79241
-3.79274
-3.7936
-3.79327
-3.79344
-3.79278
-3.79205
-3.79203
-3.7927
-3.79316
-3.79309
-3.79323
-3.79261
-3.79342
-3.79287
-3.79349
-3.79351
-3.79346
-3.79331
-3.79377
-3.79402
-3.7942
-3.79498
-3.79628
-3.79744
-3.79825
-3.79896
-3.79902
-3.79731
-3.79739
-3.79709
-3.79809
-3.79787
-3.79688
-3.7953
-3.7956
-3.79522
-3.79567
-3.79492
-3.79522
-3.79496
-3.79553
-3.79511
-3.79608
-3.79511
-3.79467
-3.79457
-3.79451
-3.79449
-3.79584
-3.79647
-3.79688
-3.79752
-3.79657
-3.79754
-3.79736
-3.79713
-3.79759
-3.79777
-3.79729
-3.79777
-3.7974
-3.79825
-3.79881
-3.79877
-3.7976
-3.79755
-3.79745
-3.79693
-3.79756
-3.79879
-3.79866
-3.79954
-3.79989
-3.79963
-3.79981
-3.80023
-3.79996
-3.79985
-3.79901
-3.79915
-3.79906
-3.79944
-3.79964
-3.79999
-3.79958
-3.79886
-3.79752
-3.7973
-3.79694
-3.79675
-3.79648
-3.7966
-3.79731
-3.79735
-3.7981
-3.79861
-3.79942
-3.79881
-3.79908
-3.79913
-3.79947
-3.79783
-3.79803
-3.79853
-3.79751
-3.79771
-3.79805
-3.79893
-3.79949
-3.7997
-3.80032
-3.80029
-3.80053
-3.80278
-3.80353
-3.80327
-3.80274
-3.80304
-3.80193
-3.80332
-3.8029
-3.80187
-3.80256
-3.80258
-3.80336
-3.80274
-3.80224
-3.80189
-3.80142
-3.80057
-3.7995
-3.7978
-3.79655
-3.79628
-3.7948
-3.79493
-3.79475
-3.79563
-3.79556
-3.79583
-3.79664
-3.79696
-3.79854
-3.79938
-3.79919
-3.79958
-3.79811
-3.79744
-3.79635
-3.79593
-3.79516
-3.79322
-3.79171
-3.79066
-3.78927
-3.78983
-3.78998
-3.79232
-3.79481
-3.79681
-3.79823
-3.79921
-3.79918
-3.7997
-3.79939
-3.79905
-3.79826
-3.79731
-3.79567
-3.79469
-3.79368
-3.79313
-3.79347
-3.79433
-3.79471
-3.7963
-3.79797
-3.7981
-3.79832
-3.79793
-3.79698
-3.79603
-3.79636
-3.7973
-3.79758
-3.79654
-3.79775
-3.79898
-3.79897
-3.79982
-3.79875
-3.79847
-3.79959
-3.79973
-3.79964
-3.80046
-3.80092
-3.80032
-3.80041
-3.80046
-3.80184
-3.80126
-3.80098
-3.80024
-3.80096
-3.80073
-3.80032
-3.79918
-3.79922
-3.79938
-3.79965
-3.79922
-3.80045
-3.8003
-3.8007
-3.80104
-3.80117
-3.80072
-3.80037
-3.7996
-3.79784
-3.79746
-3.79685
-3.79595
-3.79615
-3.79704
-3.79741
-3.79908
-3.8007
-3.79996
-3.79956
-3.79977
-3.80032
-3.79901
-3.79808
-3.79891
-3.79927
-3.79975
-3.80066
-3.80084
-3.80008
-3.79917
-3.79897
-3.79739
-3.79697
-3.79483
-3.79359
-3.79373
-3.79403
-3.79499
-3.79499
-3.79524
-3.79582
-3.79595
-3.79611
-3.79695
-3.79637
-3.79685
-3.79674
-3.79682
-3.79631
-3.79667
-3.79668
-3.79701
-3.79939
-3.79971
-3.79925
-3.79939
-3.79905
-3.79845
-3.7986
-3.79804
-3.79894
-3.79949
-3.79951
-3.79917
-3.79952
-3.80067
-3.80033
-3.79949
-3.7994
-3.79977
-3.79958
-3.79988
-3.79936
-3.79867
-3.79837
-3.79773
-3.79687
-3.79683
-3.79551
-3.79421
-3.79465
-3.79405
-3.79427
-3.79346
-3.79397
-3.79337
-3.79209
-3.79221
-3.79243
-3.7933
-3.7937
-3.79349
-3.79548
-3.79605
-3.797
-3.79759
-3.79865
-3.79975
-3.80048
-3.79906
-3.79902
-3.79829
-3.79833
-3.79757
-3.79796
-3.79806
-3.79762
-3.79783
-3.79766
-3.79674
-3.79577
-3.79541
-3.79581
-3.79666
-3.79747
-3.79714
-3.79849
-3.79839
-3.79797
-3.79811
-3.79764
-3.79711
-3.79714
-3.79644
-3.79549
-3.79542
-3.79585
-3.79613
-3.79717
-3.79746
-3.79775
-3.79851
-3.79845
-3.79798
-3.79689
-3.79604
-3.7964
-3.79648
-3.79745
-3.79839
-3.79979
-3.80155
-3.80249
-3.80257
-3.80244
-3.80205
-3.80119
-3.7991
-3.79801
-3.7994
-3.79904
-3.79849
-3.798
-3.79824
-3.79757
-3.7968
-3.79641
-3.79562
-3.79641
-3.79776
-3.79816
-3.79998
-3.80087
-3.80127
-3.80198
-3.80214
-3.80219
-3.80315
-3.80329
-3.80259
-3.80226
-3.8015
-3.8003
-3.79931
-3.79849
-3.79785
-3.79726
-3.79748
-3.79866
-3.79965
-3.7996
-3.79964
-3.79982
-3.8008
-3.80055
-3.80064
-3.79968
-3.79958
-3.80093
-3.80115
-3.80067
-3.80109
-3.80084
-3.80135
-3.80007
-3.79938
-3.79791
-3.79819
-3.79853
-3.79841
-3.79953
-3.80117
-3.80161
-3.80104
-3.80187
-3.80091
-3.79952
-3.79863
-3.79901
-3.79929
-3.79884
-3.79925
-3.79925
-3.80006
-3.80029
-3.80114
-3.80161
-3.80119
-3.80073
-3.79916
-3.79832
-3.79737
-3.79616
-3.79454
-3.79465
-3.79434
-3.79266
-3.79295
-3.7921
-3.79296
-3.79363
-3.79301
-3.79376
-3.79431
-3.79501
-3.79572
-3.79543
-3.79689
-3.79797
-3.79887
-3.79969
-3.79889
-3.79793
-3.79751
-3.79677
-3.79645
-3.79658
-3.79708
-3.79813
-3.80008
-3.80063
-3.8006
-3.80022
-3.79943
-3.79888
-3.79878
-3.79849
-3.79726
-3.79609
-3.79431
-3.79539
-3.79573
-3.79539
-3.79381
-3.79328
-3.79324
-3.79248
-3.79386
-3.79565
-3.79564
-3.79632
-3.79579
-3.79566
-3.79604
-3.79511
-3.79523
-3.7938
-3.79369
-3.79382
-3.79398
-3.79358
-3.79524
-3.79558
-3.79557
-3.79596
-3.79563
-3.79581
-3.79572
-3.79562
-3.79544
-3.79559
-3.79461
-3.79485
-3.79494
-3.79431
-3.79492
-3.79534
-3.7938
-3.79475
-3.79499
-3.79584
-3.79655
-3.7961
-3.79502
-3.79583
-3.79572
-3.79623
-3.79609
-3.79603
-3.79668
-3.79716
-3.79759
-3.79858
-3.79908
-3.79898
-3.79904
-3.79931
-3.79881
-3.79778
-3.79707
-3.79508
-3.79446
-3.79391
-3.79284
-3.79195
-3.79222
-3.79277
-3.79287
-3.79334
-3.79329
-3.79316
-3.79407
-3.79442
-3.79591
-3.79683
-3.79876
-3.79985
-3.80035
-3.80069
-3.80132
-3.8012
-3.80034
-3.80104
-3.80158
-3.80088
-3.79932
-3.79939
-3.79836
-3.79739
-3.79658
-3.7962
-3.79734
-3.79674
-3.79655
-3.79542
-3.79526
-3.79531
-3.79562
-3.79524
-3.79476
-3.79407
-3.79415
-3.79492
-3.79535
-3.79634
-3.7964
-3.79818
-3.79821
-3.79915
-3.80009
-3.79987
-3.80011
-3.79916
-3.7989
-3.79725
-3.79727
-3.79841
-3.80012
-3.80038
-3.80085
-3.79941
-3.79884
-3.79684
-3.7959
-3.79614
-3.79669
-3.79687
-3.79694
-3.79663
-3.7962
-3.79619
-3.79522
-3.79536
-3.79561
-3.79536
-3.7973
-3.79743
-3.79848
-3.79766
-3.79716
-3.79725
-3.7973
-3.79689
-3.79462
-3.79387
-3.79224
-3.79348
-3.79355
-3.79349
-3.79393
-3.79521
-3.79577
-3.79517
-3.79503
-3.79581
-3.79639
-3.79653
-3.79678
-3.79632
-3.79722
-3.79796
-3.79731
-3.79862
-3.79821
-3.79819
-3.79865
-3.79873
-3.79907
-3.79846
-3.79776
-3.79668
-3.79635
-3.79551
-3.79524
-3.7939
-3.79409
-3.79422
-3.79539
-3.79607
-3.79704
-3.79675
-3.79749
-3.79808
-3.79994
-3.80163
-3.80107
-3.79984
-3.79916
-3.79902
-3.79753
-3.7971
-3.79599
-3.79446
-3.79339
-3.79304
-3.79262
-3.79185
-3.79232
-3.79181
-3.79127
-3.79157
-3.79175
-3.79191
-3.79115
-3.79068
-3.79011
-3.79122
-3.79205
-3.79318
-3.79446
-3.79546
-3.79724
-3.79889
-3.80087
-3.80183
-3.80224
-3.80137
-3.8005
-3.79898
-3.79718
-3.79601
-3.79663
-3.79651
-3.79789
-3.79888
-3.79972
-3.80094
-3.80292
-3.80447
-3.80536
-3.8056
-3.80514
-3.80428
-3.80275
-3.80112
-3.79947
-3.79831
-3.7964
-3.79563
-3.79553
-3.79442
-3.79446
-3.79376
-3.79422
-3.79504
-3.79632
-3.79815
-3.79881
-3.79986
-3.80053
-3.80052
-3.80092
-3.8006
-3.79992
-3.79956
-3.7994
-3.79961
-3.79821
-3.79737
-3.79654
-3.79561
-3.797
-3.79779
-3.79957
-3.80043
-3.80026
-3.79964
-3.79981
-3.79903
-3.79915
-3.79907
-3.79963
-3.79927
-3.79879
-3.79627
-3.79601
-3.7955
-3.79481
-3.79617
-3.79621
-3.79809
-3.80013
-3.80069
-3.80183
-3.80273
-3.80349
-3.80234
-3.80243
-3.80186
-3.80272
-3.80238
-3.80199
-3.80108
-3.80037
-3.80073
-3.80084
-3.80023
-3.80041
-3.80105
-3.80174
-3.80038
-3.79946
-3.79952
-3.79852
-3.79861
-3.79813
-3.79727
-3.79751
-3.797
-3.79718
-3.79846
-3.79886
-3.8005
-3.80112
-3.80249
-3.80353
-3.80405
-3.80342
-3.80417
-3.80314
-3.80235
-3.80207
-3.80232
-3.80184
-3.80068
-3.80111
-3.80126
-3.80167
-3.80168
-3.80123
-3.80083
-3.80028
-3.80011
-3.79927
-3.79887
-3.79872
-3.79774
-3.79785
-3.79684
-3.79683
-3.79762
-3.79761
-3.79834
-3.79714
-3.7979
-3.79653
-3.79561
-3.79626
-3.79493
-3.79472
-3.79419
-3.79288
-3.79364
-3.79456
-3.79479
-3.79452
-3.79445
-3.79274
-3.79239
-3.79146
-3.79082
-3.79081
-3.79133
-3.79185
-3.79284
-3.79431
-3.79444
-3.7968
-3.79916
-3.79979
-3.80016
-3.80054
-3.80048
-3.80003
-3.79827
-3.79719
-3.79546
-3.7943
-3.79346
-3.79312
-3.79285
-3.79331
-3.79183
-3.79222
-3.79343
-3.79552
-3.79552
-3.79583
-3.79668
-3.79804
-3.79793
-3.79823
-3.79741
-3.79705
-3.79717
-3.79686
-3.79806
-3.79749
-3.79816
-3.79854
-3.79753
-3.79684
-3.79691
-3.79681
-3.79802
-3.79923
-3.79892
-3.79957
-3.79887
-3.79938
-3.79826
-3.79818
-3.79777
-3.79843
-3.80024
-3.80048
-3.80085
-3.79891
-3.79857
-3.79799
-3.79635
-3.79741
-3.79671
-3.79717
-3.7968
-3.79592
-3.79514
-3.79479
-3.79457
-3.79497
-3.79472
-3.79481
-3.79425
-3.79482
-3.79578
-3.79503
-3.79499
-3.7959
-3.79608
-3.79635
-3.79678
-3.79574
-3.79413
-3.79372
-3.79182
-3.79211
-3.79114
-3.79162
-3.79268
-3.79432
-3.79509
-3.79577
-3.79588
-3.79585
-3.79617
-3.79633
-3.79677
-3.79764
-3.7981
-3.79786
-3.79901
-3.79828
-3.79703
-3.79586
-3.79598
-3.79509
-3.79396
-3.79331
-3.79327
-3.79447
-3.79392
-3.79575
-3.79604
-3.79568
-3.79684
-3.79768
-3.79901
-3.80008
-3.80003
-3.79974
-3.79913
-3.798
-3.79813
-3.79831
-3.79804
-3.79847
-3.79782
-3.79712
-3.79768
-3.79823
-3.79847
-3.79889
-3.79871
-3.79909
-3.79827
-3.79737
-3.79647
-3.79533
-3.79647
-3.79716
-3.79894
-3.79913
-3.80001
-3.79968
-3.79884
-3.79854
-3.79732
-3.79673
-3.79495
-3.79615
-3.79668
-3.79563
-3.79624
-3.79747
-3.79796
-3.79808
-3.79788
-3.79723
-3.79639
-3.79642
-3.79642
-3.79507
-3.79505
-3.79474
-3.79512
-3.79457
-3.79499
-3.79462
-3.79513
-3.796
-3.79632
-3.79676
-3.79743
-3.79889
-3.79951
-3.79965
-3.79947
-3.79849
-3.79834
-3.79663
-3.79582
-3.79463
-3.79396
-3.79508
-3.7956
-3.79516
-3.79346
-3.79239
-3.79246
-3.79407
-3.79551
-3.79722
-3.79847
-3.80015
-3.79915
-3.80024
-3.79835
-3.79786
-3.79791
-3.79791
-3.79827
-3.79763
-3.79815
-3.79752
-3.79763
-3.79935
-3.80009
-3.80151
-3.80145
-3.80128
-3.80072
-3.80057
-3.80084
-3.80074
-3.80007
-3.80099
-3.80089
-3.80142
-3.80218
-3.80152
-3.80146
-3.80085
-3.80037
-3.79979
-3.7987
-3.79783
-3.79689
-3.79605
-3.79597
-3.7966
-3.79606
-3.79584
-3.79604
-3.79704
-3.79903
-3.80125
-3.80152
-3.80232
-3.80273
-3.80247
-3.80207
-3.80218
-3.80242
-3.80269
-3.80199
-3.80246
-3.80094
-3.80037
-3.79952
-3.79792
-3.79744
-3.79659
-3.79701
-3.79576
-3.79623
-3.79668
-3.79704
-3.79713
-3.7969
-3.79594
-3.796
-3.79481
-3.79479
-3.79535
-3.79588
-3.7961
-3.79758
-3.79605
-3.79458
-3.79256
-3.79184
-3.79277
-3.79572
-3.79613
-3.79538
-3.79471
-3.79483
-3.79427
-3.79452
-3.79375
-3.79482
-3.79546
-3.79526
-3.795
-3.7935
-3.79435
-3.79455
-3.7955
-3.79646
-3.79699
-3.79613
-3.79618
-3.79696
-3.79659
-3.79602
-3.7958
-3.79656
-3.79565
-3.79604
-3.79541
-3.79597
-3.79618
-3.79638
-3.7963
-3.79531
-3.79593
-3.79518
-3.79482
-3.79446
-3.79475
-3.79408
-3.79336
-3.79254
-3.79328
-3.79286
-3.79367
-3.79425
-3.79507
-3.79602
-3.79509
-3.79401
-3.79333
-3.79386
-3.79319
-3.792
-3.79246
-3.78995
-3.7894
-3.78868
-3.78878
-3.78764
-3.78797
-3.78803
-3.78896
-3.79053
-3.79274
-3.79564
-3.79648
-3.7974
-3.79844
-3.79803
-3.79868
-3.79778
-3.79707
-3.79661
-3.79671
-3.79671
-3.79629
-3.79633
-3.79534
-3.794
-3.79301
-3.79198
-3.79228
-3.79237
-3.79164
-3.79173
-3.79266
-3.79293
-3.79284
-3.7925
-3.79363
-3.79408
-3.79395
-3.79434
-3.79271
-3.79304
-3.79282
-3.79268
-3.79339
-3.79329
-3.79406
-3.79505
-3.7961
-3.79672
-3.79808
-3.79785
-3.79814
-3.79862
-3.79838
-3.79789
-3.79925
-3.79886
-3.79884
-3.79876
-3.79701
-3.79662
-3.79597
-3.79502
-3.79528
-3.79388
-3.79434
-3.79445
-3.79413
-3.79448
-3.7951
-3.79626
-3.79683
-3.79891
-3.79869
-3.79859
-3.79963
-3.79868
-3.79781
-3.79606
-3.79547
-3.79566
-3.794
-3.79364
-3.79332
-3.79251
-3.79339
-3.79333
-3.79303
-3.79353
-3.79276
-3.7927
-3.79372
-3.79409
-3.79556
-3.79657
-3.79671
-3.79691
-3.7965
-3.79659
-3.79737
-3.79618
-3.79593
-3.79593
-3.79587
-3.79646
-3.7969
-3.79789
-3.79759
-3.79783
-3.79715
-3.79739
-3.79721
-3.79649
-3.7963
-3.79579
-3.79572
-3.79598
-3.7973
-3.79831
-3.79963
-3.8017
-3.80138
-3.80193
-3.80098
-3.80075
-3.80034
-3.7997
-3.79935
-3.79855
-3.79877
-3.80072
-3.80001
-3.80161
-3.80142
-3.80135
-3.80135
-3.80058
-3.79952
-3.79899
-3.79989
-3.79916
-3.79943
-3.79964
-3.79868
-3.79884
-3.79883
-3.79822
-3.79947
-3.79891
-3.80019
-3.80081
-3.80096
-3.80201
-3.80189
-3.80339
-3.80513
-3.80646
-3.80617
-3.80608
-3.80485
-3.80361
-3.803
-3.80144
-3.8008
-3.80058
-3.80066
-3.80073
-3.80147
-3.80259
-3.80293
-3.80393
-3.80469
-3.80485
-3.80453
-3.80391
-3.80294
-3.80326
-3.80153
-3.80073
-3.80194
-3.80148
-3.80147
-3.79994
-3.80021
-3.80081
-3.79962
-3.79998
-3.79929
-3.79744
-3.79652
-3.79561
-3.79635
-3.79702
-3.79752
-3.79762
-3.79766
-3.79747
-3.79789
-3.79747
-3.79848
-3.79946
-3.79957
-3.79991
-3.80063
-3.80009
-3.80024
-3.79904
-3.79896
-3.79904
-3.79743
-3.79724
-3.79679
-3.79635
-3.79654
-3.796
-3.79581
-3.7966
-3.79749
-3.79872
-3.80072
-3.80109
-3.80135
-3.80122
-3.80181
-3.80098
-3.79972
-3.7991
-3.7975
-3.79559
-3.79558
-3.79492
-3.79539
-3.79624
-3.79563
-3.79619
-3.79563
-3.79686
-3.79708
-3.79724
-3.79804
-3.7977
-3.79829
-3.79737
-3.79679
-3.79714
-3.79607
-3.79632
-3.79675
-3.79691
-3.79755
-3.79778
-3.79862
-3.7986
-3.79829
-3.7981
-3.7981
-3.79888
-3.7989
-3.79791
-3.79742
-3.79631
-3.79564
-3.7953
-3.79522
-3.79491
-3.795
-3.79558
-3.79658
-3.79701
-3.79723
-3.79667
-3.79817
-3.7973
-3.79837
-3.79893
-3.79819
-3.79763
-3.79782
-3.79875
-3.79816
-3.79716
-3.79566
-3.79505
-3.79472
-3.79482
-3.79459
-3.79419
-3.79344
-3.79411
-3.79514
-3.79686
-3.79796
-3.80008
-3.80034
-3.80093
-3.80133
-3.80116
-3.80128
-3.80151
-3.8011
-3.80042
-3.79968
-3.79767
-3.79657
-3.7954
-3.79579
-3.79584
-3.79629
-3.79629
-3.79742
-3.79784
-3.79846
-3.79743
-3.7988
-3.798
-3.79752
-3.79764
-3.79727
-3.79798
-3.79925
-3.79989
-3.80004
-3.8005
-3.79961
-3.79935
-3.79741
-3.79724
-3.79759
-3.79711
-3.7978
-3.79795
-3.79891
-3.79831
-3.79759
-3.79672
-3.79684
-3.79648
-3.79825
-3.79994
-3.80015
-3.79982
-3.79849
-3.79706
-3.79543
-3.7929
-3.79195
-3.79186
-3.79213
-3.79289
-3.79398
-3.79399
-3.79468
-3.79558
-3.79552
-3.79559
-3.7952
-3.79543
-3.79594
-3.79583
-3.79578
-3.79615
-3.79719
-3.79674
-3.79679
-3.79664
-3.79712
-3.7971
-3.7977
-3.7983
-3.79823
-3.79953
-3.80018
-3.79922
-3.80016
-3.80096
-3.80062
-3.80024
-3.80117
-3.80174
-3.80265
-3.80318
-3.80291
-3.80263
-3.80159
-3.79923
-3.79872
-3.79809
-3.79705
-3.79707
-3.79648
-3.79718
-3.79769
-3.79762
-3.79755
-3.79731
-3.7984
-3.79836
-3.79879
-3.79892
-3.79905
-3.7986
-3.79863
-3.79814
-3.79753
-3.79661
-3.79579
-3.7966
-3.79735
-3.79797
-3.79822
-3.79815
-3.79853
-3.79936
-3.79977
-3.79928
-3.79797
-3.7966
-3.79551
-3.7937
-3.7926
-3.79241
-3.79311
-3.79473
-3.79677
-3.79755
-3.7985
-3.79993
-3.80116
-3.80116
-3.80159
-3.80192
-3.80203
-3.80127
-3.80151
-3.80202
-3.80326
-3.80345
-3.80193
-3.80166
-3.8015
-3.80096
-3.80119
-3.80163
-3.80217
-3.80231
-3.80259
-3.8025
-3.80262
-3.80315
-3.80353
-3.80305
-3.80236
-3.80269
-3.8018
-3.80145
-3.80081
-3.801
-3.80116
-3.80188
-3.80125
-3.79996
-3.8001
-3.80068
-3.79965
-3.80017
-3.79906
-3.79883
-3.80001
-3.79934
-3.8008
-3.8008
-3.80047
-3.7996
-3.79929
-3.79921
-3.79771
-3.79681
-3.7961
-3.7942
-3.79356
-3.79502
-3.79556
-3.79652
-3.79832
-3.79933
-3.80016
-3.80045
-3.79993
-3.79863
-3.7972
-3.79658
-3.79598
-3.79524
-3.79542
-3.79522
-3.79513
-3.79574
-3.79539
-3.79529
-3.79634
-3.79627
-3.79589
-3.79413
-3.79392
-3.79341
-3.79215
-3.79165
-3.79027
-3.78949
-3.79108
-3.79262
-3.79341
-3.79445
-3.79452
-3.79493
-3.79664
-3.79784
-3.79875
-3.79884
-3.79795
-3.79748
-3.79691
-3.79693
-3.79676
-3.79757
-3.79828
-3.79874
-3.79803
-3.79674
-3.79698
-3.79668
-3.79636
-3.79667
-3.79818
-3.7994
-3.80002
-3.80143
-3.80178
-3.8018
-3.80106
-3.80068
-3.80078
-3.80097
-3.8015
-3.80184
-3.80116
-3.80104
-3.80042
-3.79986
-3.79862
-3.79743
-3.79654
-3.79608
-3.79559
-3.79553
-3.79522
-3.79532
-3.79658
-3.79686
-3.79751
-3.79754
-3.79904
-3.79977
-3.80037
-3.80122
-3.80233
-3.80318
-3.80275
-3.80147
-3.80103
-3.80007
-3.80015
-3.79987
-3.79947
-3.79992
-3.79856
-3.79893
-3.79829
-3.79748
-3.79749
-3.79717
-3.79673
-3.79656
-3.79695
-3.79766
-3.79879
-3.80119
-3.80328
-3.80384
-3.80383
-3.80334
-3.80248
-3.80226
-3.80238
-3.80184
-3.80059
-3.7998
-3.79825
-3.79695
-3.79729
-3.79661
-3.79631
-3.79635
-3.79684
-3.79718
-3.79901
-3.79914
-3.80033
-3.80134
-3.8012
-3.80043
-3.79856
-3.7986
-3.79882
-3.79871
-3.80014
-3.79985
-3.79979
-3.79766
-3.7971
-3.79711
-3.79745
-3.7978
-3.79892
-3.79926
-3.80054
-3.80164
-3.80142
-3.80132
-3.80132
-3.80072
-3.8001
-3.79921
-3.7989
-3.79881
-3.79902
-3.79965
-3.79997
-3.80034
-3.80029
-3.80111
-3.80189
-3.80227
-3.80287
-3.8019
-3.79982
-3.79885
-3.79814
-3.79884
-3.79894
-3.79983
-3.80026
-3.80082
-3.80095
-3.80062
-3.80094
-3.80067
-3.80056
-3.80076
-3.79932
-3.79845
-3.79717
-3.7969
-3.79596
-3.79663
-3.79687
-3.79558
-3.79544
-3.79647
-3.7963
-3.79699
-3.79763
-3.79712
-3.79705
-3.79753
-3.79702
-3.79571
-3.79639
-3.79725
-3.79757
-3.79694
-3.79728
-3.79804
-3.79868
-3.80141
-3.80314
-3.80419
-3.80344
-3.80212
-3.80166
-3.80128
-3.80177
-3.80155
-3.80063
-3.80139
-3.80157
-3.80117
-3.80121
-3.79971
-3.79873
-3.79807
-3.7975
-3.79645
-3.79689
-3.79615
-3.79579
-3.79589
-3.79632
-3.7962
-3.79692
-3.79721
-3.79736
-3.79648
-3.79568
-3.79518
-3.79457
-3.79444
-3.79281
-3.79366
-3.79472
-3.79484
-3.79534
-3.79417
-3.79346
-3.79337
-3.793
-3.792
-3.79164
-3.79093
-3.79075
-3.79074
-3.79119
-3.79197
-3.79219
-3.79416
-3.79523
-3.79565
-3.79508
-3.7955
-3.79481
-3.79558
-3.79462
-3.79482
-3.79579
-3.79531
-3.79602
-3.79632
-3.79696
-3.79728
-3.79805
-3.79896
-3.7986
-3.79884
-3.79871
-3.79816
-3.79773
-3.79707
-3.79628
-3.79607
-3.79579
-3.79514
-3.79513
-3.79503
-3.79581
-3.79735
-3.7978
-3.79941
-3.79927
-3.80017
-3.80076
-3.80033
-3.80041
-3.80065
-3.79961
-3.79976
-3.79869
-3.79924
-3.799
-3.798
-3.79789
-3.79911
-3.79878
-3.7978
-3.7989
-3.79785
-3.7977
-3.79705
-3.79743
-3.79694
-3.79793
-3.7997
-3.79977
-3.79836
-3.79635
-3.7948
-3.79388
-3.79307
-3.79305
-3.79333
-3.79466
-3.79613
-3.79701
-3.79763
-3.79798
-3.79807
-3.79814
-3.79824
-3.79915
-3.80013
-3.80071
-3.80056
-3.80008
-3.79939
-3.79929
-3.79894
-3.79828
-3.79813
-3.79779
-3.79622
-3.79616
-3.79685
-3.79601
-3.79648
-3.79729
-3.79658
-3.79523
-3.79578
-3.79487
-3.794
-3.7947
-3.79447
-3.7949
-3.79513
-3.79539
-3.79449
-3.79354
-3.793
-3.79257
-3.79163
-3.79299
-3.79268
-3.7933
-3.79458
-3.79645
-3.79743
-3.79803
-3.79892
-3.79874
-3.7978
-3.7976
-3.79745
-3.79771
-3.79705
-3.79706
-3.7972
-3.79763
-3.79747
-3.79823
-3.79837
-3.79811
-3.79721
-3.79697
-3.79747
-3.79567
-3.79637
-3.79557
-3.79478
-3.79425
-3.79393
-3.7947
-3.79509
-3.79564
-3.79529
-3.7952
-3.79571
-3.79563
-3.79546
-3.79508
-3.79466
-3.79505
-3.79649
-3.79833
-3.79843
-3.79982
-3.80015
-3.80004
-3.79996
-3.79848
-3.7981
-3.79744
-3.7972
-3.79793
-3.79703
-3.79654
-3.79564
-3.79491
-3.79409
-3.79377
-3.79315
-3.79387
-3.79444
-3.79433
-3.79354
-3.79279
-3.79334
-3.79267
-3.7924
-3.7923
-3.79262
-3.79244
-3.79308
-3.7942
-3.79526
-3.79555
-3.79657
-3.79764
-3.79831
-3.79901
-3.79832
-3.79738
-3.79674
-3.797
-3.79647
-3.79629
-3.79562
-3.79484
-3.79584
-3.79578
-3.79743
-3.79807
-3.79928
-3.79998
-3.79977
-3.80113
-3.80126
-3.80069
-3.8005
-3.79993
-3.79895
-3.79816
-3.79818
-3.79785
-3.79857
-3.79774
-3.79755
-3.79773
-3.79776
-3.79845
-3.79984
-3.80112
-3.80035
-3.80105
-3.80131
-3.80052
-3.80149
-3.80096
-3.79961
-3.79879
-3.79782
-3.7973
-3.79561
-3.79565
-3.79532
-3.79615
-3.79481
-3.79501
-3.79591
-3.79713
-3.798
-3.79922
-3.79954
-3.80007
-3.80011
-3.80033
-3.79984
-3.7986
-3.79616
-3.79518
-3.79478
-3.79426
-3.79567
-3.79671
-3.79782
-3.79915
-3.80038
-3.79916
-3.80044
-3.80054
-3.80072
-3.80081
-3.80078
-3.80079
-3.80059
-3.8006
-3.79808
-3.7985
-3.79878
-3.79968
-3.79855
-3.79812
-3.79827
-3.79807
-3.79803
-3.79706
-3.79671
-3.79542
-3.79501
-3.79426
-3.79521
-3.79556
-3.79591
-3.79589
-3.79627
-3.79628
-3.79706
-3.79577
-3.7959
-3.79452
-3.79432
-3.79434
-3.7929
-3.79303
-3.79192
-3.79211
-3.79248
-3.7938
-3.79327
-3.79429
-3.79465
-3.79445
-3.79482
-3.79408
-3.79422
-3.79392
-3.794
-3.7931
-3.79263
-3.79283
-3.79365
-3.79416
-3.79505
-3.79411
-3.79502
-3.79547
-3.79632
-3.79685
-3.79636
-3.79533
-3.79496
-3.79532
-3.79558
-3.79519
-3.79486
-3.79477
-3.79446
-3.79448
-3.79459
-3.79487
-3.79427
-3.79449
-3.79426
-3.79557
-3.7961
-3.79551
-3.79584
-3.79681
-3.79699
-3.7981
-3.79731
-3.79714
-3.79685
-3.79721
-3.79627
-3.79612
-3.79626
-3.79593
-3.7962
-3.79729
-3.79627
-3.7952
-3.79596
-3.79592
-3.79709
-3.798
-3.79905
-3.80039
-3.80213
-3.80309
-3.80339
-3.80378
-3.80338
-3.80382
-3.80194
-3.80078
-3.80002
-3.79938
-3.7987
-3.79953
-3.80056
-3.80105
-3.8013
-3.80165
-3.80085
-3.80124
-3.79977
-3.79968
-3.80069
-3.80166
-3.80156
-3.80193
-3.80248
-3.80305
-3.8026
-3.80138
-3.80072
-3.80027
-3.79833
-3.79657
-3.79695
-3.79693
-3.79658
-3.79707
-3.79645
-3.79652
-3.79786
-3.79817
-3.79943
-3.80025
-3.80064
-3.80186
-3.80242
-3.80317
-3.80254
-3.80268
-3.80152
-3.80114
-3.80148
-3.80002
-3.79989
-3.79997
-3.79839
-3.79778
-3.79804
-3.7969
-3.79604
-3.79604
-3.79889
-3.79995
-3.8007
-3.8006
-3.8005
-3.79897
-3.7996
-3.79977
-3.79932
-3.7998
-3.7994
-3.79958
-3.79965
-3.79877
-3.79687
-3.79703
-3.79632
-3.79606
-3.79652
-3.79711
-3.79644
-3.79624
-3.79656
-3.79642
-3.79714
-3.79735
-3.79732
-3.79711
-3.79654
-3.79627
-3.79628
-3.79493
-3.79415
-3.79382
-3.79405
-3.79513
-3.79528
-3.79627
-3.79661
-3.79623
-3.79559
-3.79563
-3.79556
-3.79506
-3.79567
-3.79548
-3.79548
-3.79754
-3.79822
-3.79809
-3.79908
-3.79994
-3.79944
-3.79915
-3.79866
-3.79849
-3.79859
-3.79819
-3.79915
-3.79677
-3.79637
-3.79635
-3.79602
-3.79549
-3.79508
-3.79572
-3.79586
-3.79598
-3.79728
-3.79818
-3.79967
-3.80041
-3.80057
-3.80122
-3.8017
-3.8026
-3.80217
-3.80279
-3.80096
-3.79932
-3.79888
-3.79663
-3.79655
-3.79655
-3.79712
-3.79871
-3.79973
-3.80008
-3.80028
-3.80005
-3.80001
-3.80062
-3.79983
-3.79972
-3.79975
-3.79905
-3.79881
-3.7981
-3.79752
-3.79624
-3.79631
-3.79678
-3.79604
-3.79691
-3.79751
-3.79892
-3.80072
-3.80097
-3.80126
-3.80221
-3.80236
-3.8024
-3.80176
-3.80137
-3.80104
-3.79914
-3.79866
-3.79781
-3.79828
-3.79872
-3.80078
-3.8019
-3.80161
-3.80168
-3.8007
-3.79996
-3.79757
-3.79626
-3.79607
-3.79485
-3.79523
-3.79623
-3.79779
-3.79856
-3.7983
-3.79802
-3.79836
-3.79842
-3.79854
-3.79909
-3.80001
-3.80076
-3.80122
-3.80132
-3.8014
-3.80046
-3.80049
-3.79945
-3.79892
-3.79797
-3.79793
-3.7984
-3.79759
-3.79639
-3.79545
-3.79422
-3.79441
-3.7945
-3.79503
-3.79559
-3.79543
-3.79557
-3.79694
-3.7981
-3.7988
-3.79968
-3.80128
-3.80156
-3.80166
-3.80148
-3.80149
-3.80207
-3.8014
-3.80136
-3.80186
-3.80204
-3.80219
-3.80192
-3.80206
-3.80224
-3.80146
-3.80181
-3.80146
-3.80095
-3.80118
-3.80093
-3.80096
-3.80019
-3.7986
-3.79939
-3.79927
-3.7995
-3.79862
-3.79832
-3.79768
-3.79743
-3.79794
-3.79779
-3.79812
-3.79878
-3.79876
-3.79739
-3.79686
-3.79735
-3.79815
-3.7982
-3.79819
-3.7991
-3.79932
-3.79949
-3.8002
-3.79919
-3.7989
-3.79862
-3.79737
-3.79717
-3.79656
-3.79579
-3.79584
-3.79513
-3.79354
-3.7941
-3.79584
-3.79682
-3.7979
-3.79843
-3.79889
-3.79865
-3.79774
-3.79777
-3.79707
-3.79673
-3.7969
-3.7961
-3.79547
-3.7965
-3.79665
-3.79695
-3.79655
-3.79643
-3.79645
-3.79562
-3.79507
-3.79448
-3.79416
-3.79557
-3.7985
-3.80067
-3.80019
-3.79895
-3.79886
-3.79797
-3.79943
-3.80057
-3.80036
-3.79981
-3.80052
-3.79939
-3.79775
-3.79562
-3.79554
-3.79412
-3.79401
-3.79508
-3.79648
-3.79703
-3.79856
-3.79906
-3.80077
-3.80179
-3.80294
-3.8022
-3.80183
-3.80095
-3.79923
-3.79816
-3.79767
-3.79782
-3.79739
-3.79863
-3.79878
-3.8
-3.80058
-3.79947
-3.80031
-3.8006
-3.79908
-3.7989
-3.79937
-3.7975
-3.79679
-3.79617
-3.79566
-3.79513
-3.79489
-3.79416
-3.79425
-3.79527
-3.7957
-3.79712
-3.79761
-3.79749
-3.798
-3.7983
-3.7988
-3.79889
-3.80003
-3.80086
-3.80096
-3.80128
-3.80217
-3.8016
-3.80036
-3.7989
-3.79855
-3.79747
-3.79703
-3.79803
-3.79774
-3.79739
-3.79752
-3.7975
-3.79813
-3.79821
-3.79699
-3.79639
-3.79628
-3.7955
-3.79389
-3.79328
-3.79425
-3.79364
-3.79454
-3.795
-3.79575
-3.79696
-3.79833
-3.79859
-3.79731
-3.79722
-3.79589
-3.79569
-3.79497
-3.79586
-3.79629
-3.79468
-3.79476
-3.79532
-3.79582
-3.79595
-3.79541
-3.79437
-3.79439
-3.79218
-3.79239
-3.79329
-3.79397
-3.79502
-3.79636
-3.79718
-3.7982
-3.79836
-3.79799
-3.79738
-3.79644
-3.79468
-3.79346
-3.79322
-3.79255
-3.7938
-3.79386
-3.79462
-3.79544
-3.79433
-3.79358
-3.79321
-3.79362
-3.79344
-3.79389
-3.79338
-3.79198
-3.79147
-3.79147
-3.7903
-3.79135
-3.79171
-3.79362
-3.79404
-3.79373
-3.79446
-3.79495
-3.79588
-3.796
-3.79518
-3.79477
-3.79443
-3.79474
-3.79635
-3.79819
-3.79949
-3.79983
-3.79957
-3.79847
-3.79781
-3.79815
-3.79752
-3.79707
-3.7967
-3.79695
-3.79598
-3.79489
-3.79364
-3.79371
-3.79315
-3.79324
-3.79314
-3.79407
-3.79589
-3.79575
-3.79539
-3.79602
-3.79675
-3.79644
-3.79639
-3.79537
-3.7959
-3.79609
-3.7975
-3.79859
-3.79985
-3.79975
-3.80022
-3.79974
-3.79863
-3.79854
-3.79827
-3.79761
-3.7964
-3.79626
-3.79701
-3.79734
-3.79834
-3.79732
-3.79825
-3.79883
-3.79966
-3.80045
-3.80125
-3.80127
-3.79995
-3.79919
-3.79783
-3.79689
-3.79667
-3.79555
-3.79606
-3.79543
-3.79697
-3.79719
-3.79782
-3.79734
-3.79672
-3.79581
-3.79597
-3.79557
-3.79485
-3.79543
-3.79636
-3.79687
-3.79736
-3.79706
-3.79782
-3.79922
-3.79969
-3.80029
-3.80141
-3.80156
-3.80174
-3.80069
-3.80038
-3.79934
-3.79918
-3.7987
-3.80023
-3.80145
-3.80187
-3.80038
-3.79933
-3.79805
-3.79542
-3.79442
-3.79551
-3.79605
-3.79607
-3.79692
-3.79816
-3.79732
-3.79812
-3.79975
-3.801
-3.80062
-3.80151
-3.80177
-3.8014
-3.79986
-3.79999
-3.79951
-3.79914
-3.7983
-3.79773
-3.79767
-3.79717
-3.79669
-3.79651
-3.79752
-3.7977
-3.7967
-3.7957
-3.79655
-3.79677
-3.79543
-3.79502
-3.79524
-3.79499
-3.79586
-3.79553
-3.79522
-3.79465
-3.79525
-3.79684
-3.7976
-3.79788
-3.79892
-3.80022
-3.80046
-3.80099
-3.8004
-3.80067
-3.79922
-3.79857
-3.79827
-3.79729
-3.79736
-3.79788
-3.79708
-3.79706
-3.79735
-3.79738
-3.798
-3.7975
-3.79851
-3.79796
-3.79699
-3.79552
-3.79469
-3.79463
-3.79431
-3.79413
-3.79362
-3.79416
-3.7946
-3.79417
-3.794
-3.79525
-3.79542
-3.79515
-3.79542
-3.79636
-3.7976
-3.79775
-3.79821
-3.79735
-3.79721
-3.79592
-3.79498
-3.7948
-3.79391
-3.79313
-3.79275
-3.79232
-3.79238
-3.79188
-3.79078
-3.79158
-3.79201
-3.79328
-3.79351
-3.7934
-3.79198
-3.79249
-3.7918
-3.79167
-3.7911
-3.79124
-3.79229
-3.7934
-3.7939
-3.79433
-3.79489
-3.79409
-3.7945
-3.79474
-3.79522
-3.7949
-3.79565
-3.79708
-3.79771
-3.79711
-3.7968
-3.79647
-3.79641
-3.79656
-3.79725
-3.79508
-3.79433
-3.79436
-3.79381
-3.79376
-3.7956
-3.7961
-3.79625
-3.79609
-3.79454
-3.79318
-3.79216
-3.79135
-3.79093
-3.79149
-3.79161
-3.79202
-3.79373
-3.79479
-3.79489
-3.79513
-3.79461
-3.79481
-3.79462
-3.79507
-3.7954
-3.79667
-3.79826
-3.79885
-3.79912
-3.79917
-3.79904
-3.79889
-3.79813
-3.79874
-3.79771
-3.79638
-3.79459
-3.79372
-3.79287
-3.7915
-3.79034
-3.78926
-3.78806
-3.78827
-3.79013
-3.79146
-3.79222
-3.79223
-3.79173
-3.79207
-3.79127
-3.79115
-3.7908
-3.79051
-3.79074
-3.79225
-3.79149
-3.79128
-3.79134
-3.79161
-3.79089
-3.79126
-3.79156
-3.79185
-3.79264
-3.79335
-3.79468
-3.79582
-3.7967
-3.79651
-3.79679
-3.79667
-3.79553
-3.79481
-3.79357
-3.79341
-3.79454
-3.79569
-3.7974
-3.79894
-3.80058
-3.80205
-3.80285
-3.80326
-3.80223
-3.80226
-3.80147
-3.8019
-3.8013
-3.80107
-3.80021
-3.80046
-3.799
-3.7982
-3.79948
-3.79984
-3.79964
-3.80062
-3.80083
-3.80004
-3.79934
-3.79726
-3.79535
-3.79238
-3.78933
-3.78815
-3.78708
-3.78883
-3.78944
-3.79016
-3.79241
-3.7938
-3.79514
-3.79403
-3.79262
-3.79331
-3.79267
-3.79278
-3.79206
-3.7915
-3.78989
-3.79094
-3.79115
-3.7907
-3.79219
-3.79303
-3.79456
-3.79579
-3.7965
-3.79707
-3.79604
-3.796
-3.79559
-3.79439
-3.79402
-3.79363
-3.79352
-3.79376
-3.79458
-3.7952
-3.79542
-3.79593
-3.79705
-3.79765
-3.79696
-3.79669
-3.79648
-3.79596
-3.79541
-3.79553
-3.79473
-3.79646
-3.79662
-3.79593
-3.79653
-3.79553
-3.79433
-3.79319
-3.79174
-3.79118
-3.79134
-3.79125
-3.79262
-3.79264
-3.79364
-3.79497
-3.79651
-3.7971
-3.79831
-3.79893
-3.7972
-3.79701
-3.79752
-3.79705
-3.79742
-3.79756
-3.79736
-3.79844
-3.79681
-3.79653
-3.7966
-3.79561
-3.79558
-3.79573
-3.79458
-3.79372
-3.7935
-3.79437
-3.79559
-3.79631
-3.79679
-3.79701
-3.79629
-3.79637
-3.79732
-3.7973
-3.79803
-3.79968
-3.80018
-3.80065
-3.80117
-3.80113
-3.79941
-3.79858
-3.79913
-3.79856
-3.79954
-3.80054
-3.79989
-3.80026
-3.80061
-3.79923
-3.79876
-3.79759
-3.79748
-3.79763
-3.79721
-3.79892
-3.79917
-3.79841
-3.79805
-3.79688
-3.79596
-3.79565
-3.79604
-3.79724
-3.79672
-3.79721
-3.79812
-3.79845
-3.7977
-3.79888
-3.79825
-3.79899
-3.79842
-3.79799
-3.7972
-3.79814
-3.79795
-3.79762
-3.79864
-3.79981
-3.79988
-3.79974
-3.79912
-3.79832
-3.7983
-3.79764
-3.79737
-3.79686
-3.79644
-3.79593
-3.79589
-3.79692
-3.79825
-3.79827
-3.79812
-3.79891
-3.7974
-3.79826
-3.79935
-3.7994
-3.79997
-3.80103
-3.80101
-3.80054
-3.80104
-3.8012
-3.80081
-3.80057
-3.80087
-3.7998
-3.79856
-3.79745
-3.79698
-3.79754
-3.79816
-3.79874
-3.8005
-3.80189
-3.80209
-3.80178
-3.80318
-3.80291
-3.80306
-3.80353
-3.80288
-3.80218
-3.80207
-3.802
-3.80084
-3.80037
-3.79997
-3.80075
-3.8019
-3.80239
-3.80172
-3.80112
-3.80071
-3.79965
-3.79814
-3.79825
-3.79687
-3.79688
-3.79778
-3.79819
-3.79813
-3.79935
-3.80023
-3.80115
-3.80176
-3.80214
-3.80303
-3.80364
-3.80363
-3.80262
-3.80159
-3.80056
-3.80031
-3.80048
-3.80046
-3.80148
-3.80137
-3.80104
-3.80109
-3.80179
-3.80216
-3.80244
-3.80283
-3.80264
-3.80267
-3.80176
-3.80146
-3.80026
-3.79913
-3.79887
-3.79841
-3.79834
-3.79808
-3.79796
-3.79698
-3.79759
-3.79766
-3.79891
-3.80075
-3.80112
-3.80043
-3.80036
-3.80105
-3.80058
-3.8018
-3.80293
-3.8019
-3.80179
-3.80205
-3.80318
-3.80199
-3.80148
-3.80193
-3.80187
-3.80289
-3.80323
-3.80367
-3.80376
-3.80383
-3.80274
-3.80209
-3.80153
-3.80163
-3.80163
-3.80078
-3.801
-3.8002
-3.79847
-3.79693
-3.79597
-3.79621
-3.79573
-3.79505
-3.79508
-3.79602
-3.79693
-3.79765
-3.79861
-3.79948
-3.80015
-3.80054
-3.80077
-3.80005
-3.80087
-3.80055
-3.80034
-3.79737
-3.79616
-3.79671
-3.79637
-3.79608
-3.79687
-3.79631
-3.79607
-3.79737
-3.79826
-3.79859
-3.79892
-3.79969
-3.79975
-3.80018
-3.80001
-3.80044
-3.80066
-3.80062
-3.80024
-3.80029
-3.80023
-3.79978
-3.80003
-3.79944
-3.79808
-3.79697
-3.7964
-3.79544
-3.79458
-3.79444
-3.79497
-3.79536
-3.79764
-3.79794
-3.79921
-3.7995
-3.80021
-3.80034
-3.80153
-3.80252
-3.80355
-3.8044
-3.80411
-3.80355
-3.8032
-3.80191
-3.80193
-3.80176
-3.80063
-3.80016
-3.80065
-3.80049
-3.80161
-3.80129
-3.80111
-3.80097
-3.80022
-3.79971
-3.7996
-3.80034
-3.80094
-3.80144
-3.80155
-3.8009
-3.79938
-3.79888
-3.79853
-3.79814
-3.79792
-3.79798
-3.79821
-3.7996
-3.80078
-3.80173
-3.80274
-3.80313
-3.80241
-3.80017
-3.79888
-3.79654
-3.79567
-3.79567
-3.79608
-3.79687
-3.79883
-3.80111
-3.80264
-3.80125
-3.80072
-3.80066
-3.8005
-3.80022
-3.80026
-3.79971
-3.80031
-3.79977
-3.79866
-3.79871
-3.80032
-3.80027
-3.8007
-3.80153
-3.80262
-3.80256
-3.80304
-3.80333
-3.80295
-3.80301
-3.8029
-3.80284
-3.8021
-3.80163
-3.80174
-3.801
-3.79973
-3.7986
-3.79701
-3.7968
-3.79734
-3.79738
-3.79829
-3.79842
-3.79805
-3.79924
-3.79972
-3.79946
-3.79911
-3.80003
-3.7993
-3.80019
-3.80131
-3.80123
-3.80185
-3.80085
-3.80092
-3.80107
-3.80061
-3.80013
-3.79988
-3.80016
-3.80026
-3.80001
-3.79975
-3.79915
-3.79896
-3.79905
-3.79899
-3.79766
-3.79727
-3.79613
-3.79598
-3.7958
-3.79695
-3.7971
-3.79712
-3.79832
-3.79845
-3.7973
-3.79777
-3.79794
-3.79864
-3.7993
-3.80098
-3.79986
-3.79829
-3.798
-3.79718
-3.79746
-3.79747
-3.79706
-3.79722
-3.7967
-3.79652
-3.79582
-3.79555
-3.79596
-3.79555
-3.7958
-3.79664
-3.79761
-3.7986
-3.79828
-3.79818
-3.79795
-3.79715
-3.79634
-3.79626
-3.79552
-3.79406
-3.79378
-3.79447
-3.79451
-3.79575
-3.79653
-3.79784
-3.79753
-3.79733
-3.79673
-3.79544
-3.79563
-3.79595
-3.79615
-3.79852
-3.79906
-3.80096
-3.80076
-3.80138
-3.80157
-3.8011
-3.8006
-3.79886
-3.79796
-3.79779
-3.79711
-3.79728
-3.79793
-3.79726
-3.79717
-3.79719
-3.79838
-3.79895
-3.79823
-3.7994
-3.79843
-3.79916
-3.79926
-3.79866
-3.79825
-3.7972
-3.7973
-3.79739
-3.79767
-3.79752
-3.7975
-3.79833
-3.79748
-3.79672
-3.79769
-3.79878
-3.80006
-3.80075
-3.80059
-3.80004
-3.79955
-3.79958
-3.79946
-3.79891
-3.79839
-3.79897
-3.79846
-3.80028
-3.8007
-3.80039
-3.79968
-3.80006
-3.80148
-3.80189
-3.80238
-3.80356
-3.80427
-3.80351
-3.80301
-3.80216
-3.80254
-3.80229
-3.80277
-3.80114
-3.80077
-3.79899
-3.79825
-3.79887
-3.79972
-3.79914
-3.79943
-3.79923
-3.79869
-3.79785
-3.7965
-3.79629
-3.79619
-3.79589
-3.79655
-3.79633
-3.79712
-3.79762
-3.79619
-3.79764
-3.79743
-3.79767
-3.79762
-3.79694
-3.79663
-3.79603
-3.79663
-3.79601
-3.79664
-3.79661
-3.79645
-3.79554
-3.79587
-3.79612
-3.79697
-3.79985
-3.8016
-3.80163
-3.80239
-3.80161
-3.80201
-3.80158
-3.8009
-3.80133
-3.80229
-3.8018
-3.80117
-3.79984
-3.80003
-3.79947
-3.79949
-3.79908
-3.79797
-3.79776
-3.79743
-3.79748
-3.79751
-3.79755
-3.79855
-3.79849
-3.79971
-3.79999
-3.79985
-3.80042
-3.79977
-3.80049
-3.80072
-3.80129
-3.80019
-3.79936
-3.79839
-3.79852
-3.79774
-3.79659
-3.79719
-3.79677
-3.79786
-3.79834
-3.7992
-3.79915
-3.79938
-3.79934
-3.79921
-3.79858
-3.79814
-3.79773
-3.7985
-3.79807
-3.79884
-3.79853
-3.79789
-3.79592
-3.79555
-3.79427
-3.79299
-3.79137
-3.79033
-3.79116
-3.79263
-3.7933
-3.79409
-3.79554
-3.7959
-3.7966
-3.79678
-3.79543
-3.79523
-3.79554
-3.79525
-3.79541
-3.79564
-3.79516
-3.79438
-3.79442
-3.79327
-3.79268
-3.79349
-3.79385
-3.79423
-3.79434
-3.79526
-3.79563
-3.79556
-3.79604
-3.7967
-3.7952
-3.79488
-3.79489
-3.79474
-3.79371
-3.79272
-3.79297
-3.79263
-3.79185
-3.79183
-3.79186
-3.79109
-3.79028
-3.79125
-3.79168
-3.79194
-3.79345
-3.79389
-3.79219
-3.79223
-3.79296
-3.79255
-3.79209
-3.79248
-3.79319
-3.79318
-3.79352
-3.79327
-3.79305
-3.79271
-3.79314
-3.79374
-3.79469
-3.79477
-3.79543
-3.79583
-3.79684
-3.79668
-3.79754
-3.79699
-3.7971
-3.79708
-3.79636
-3.79663
-3.79721
-3.79833
-3.79922
-3.79824
-3.79812
-3.79794
-3.79815
-3.79802
-3.79775
-3.79793
-3.79695
-3.79599
-3.79551
-3.79415
-3.79329
-3.79404
-3.79545
-3.7968
-3.79738
-3.7971
-3.79703
-3.79587
-3.79575
-3.79712
-3.79743
-3.79669
-3.79759
-3.79711
-3.7968
-3.7955
-3.79445
-3.79248
-3.79119
-3.79037
-3.79113
-3.79135
-3.79214
-3.79261
-3.79329
-3.79283
-3.79319
-3.79402
-3.79404
-3.79429
-3.79479
-3.79444
-3.79455
-3.79418
-3.79355
-3.79322
-3.79342
-3.79214
-3.79177
-3.7903
-3.78977
-3.79048
-3.79106
-3.79138
-3.79403
-3.79519
-3.79362
-3.79131
-3.78945
-3.78866
-3.78839
-3.78987
-3.79107
-3.79234
-3.7941
-3.79472
-3.79337
-3.79277
-3.79196
-3.79162
-3.79157
-3.79168
-3.79262
-3.79419
-3.795
-3.79487
-3.7954
-3.79513
-3.79597
-3.79507
-3.79411
-3.79396
-3.79469
-3.79537
-3.79485
-3.79617
-3.79521
-3.79492
-3.79471
-3.79507
-3.79494
-3.79632
-3.79619
-3.79686
-3.7963
-3.79608
-3.79697
-3.79735
-3.79859
-3.79839
-3.79749
-3.79699
-3.79561
-3.79571
-3.79584
-3.79392
-3.79445
-3.79504
-3.79445
-3.79439
-3.79351
-3.79329
-3.79391
-3.79434
-3.79377
-3.795
-3.79553
-3.79669
-3.79761
-3.79845
-3.79931
-3.79773
-3.79744
-3.79561
-3.79511
-3.79376
-3.79417
-3.79516
-3.79667
-3.79886
-3.80031
-3.80074
-3.80052
-3.79986
-3.79992
-3.80046
-3.80019
-3.80112
-3.80136
-3.80072
-3.79866
-3.79731
-3.79655
-3.79492
-3.79409
-3.79388
-3.79453
-3.79531
-3.79643
-3.79679
-3.79629
-3.79702
-3.79656
-3.79696
-3.79807
-3.79904
-3.79944
-3.80008
-3.80121
-3.80147
-3.80055
-3.8006
-3.80158
-3.802
-3.80093
-3.80021
-3.80015
-3.79927
-3.79892
-3.7985
-3.79832
-3.79779
-3.79712
-3.79683
-3.79597
-3.79657
-3.79687
-3.79704
-3.79718
-3.79852
-3.80027
-3.80045
-3.80004
-3.80057
-3.80067
-3.80108
-3.80008
-3.7995
-3.7995
-3.80015
-3.80078
-3.80101
-3.80142
-3.80092
-3.80069
-3.79982
-3.79922
-3.7988
-3.79838
-3.79777
-3.79691
-3.79615
-3.79667
-3.79675
-3.79751
-3.79828
-3.79768
-3.79809
-3.798
-3.79738
-3.79758
-3.79784
-3.79702
-3.79703
-3.79719
-3.79784
-3.79827
-3.79759
-3.79791
-3.79858
-3.79964
-3.79876
-3.79826
-3.79754
-3.79691
-3.79571
-3.79517
-3.79537
-3.79653
-3.79745
-3.79749
-3.79845
-3.79938
-3.79986
-3.799
-3.79794
-3.79672
-3.79662
-3.79709
-3.79675
-3.79788
-3.79732
-3.79579
-3.79454
-3.79377
-3.795
-3.79556
-3.79485
-3.79589
-3.79689
-3.7973
-3.79755
-3.79812
-3.79838
-3.79762
-3.79636
-3.7968
-3.79661
-3.7966
-3.7965
-3.79528
-3.79524
-3.79418
-3.79412
-3.79508
-3.7964
-3.79657
-3.7969
-3.79786
-3.79818
-3.7972
-3.79701
-3.79691
-3.79693
-3.79643
-3.79703
-3.79838
-3.79827
-3.79892
-3.79933
-3.79908
-3.79796
-3.79742
-3.79681
-3.79729
-3.79635
-3.79665
-3.79648
-3.79697
-3.79709
-3.79842
-3.79988
-3.80124
-3.80039
-3.80074
-3.80019
-3.79908
-3.7982
-3.79671
-3.79574
-3.79425
-3.79424
-3.79335
-3.7935
-3.79508
-3.79633
-3.79857
-3.79924
-3.80011
-3.80091
-3.79967
-3.79837
-3.79784
-3.79672
-3.79716
-3.79684
-3.79787
-3.79883
-3.7994
-3.79926
-3.79938
-3.7991
-3.79809
-3.79753
-3.79663
-3.79575
-3.79527
-3.7954
-3.79553
-3.79497
-3.79467
-3.79466
-3.79689
-3.79704
-3.79861
-3.7989
-3.79997
-3.8004
-3.80154
-3.80264
-3.8024
-3.80208
-3.80065
-3.80021
-3.8003
-3.8011
-3.80098
-3.79999
-3.79877
-3.79824
-3.79673
-3.79605
-3.7955
-3.79497
-3.795
-3.79447
-3.79268
-3.79163
-3.79145
-3.79278
-3.79242
-3.79283
-3.79429
-3.79477
-3.79556
-3.79536
-3.79439
-3.79387
-3.79316
-3.79268
-3.79275
-3.79241
-3.79173
-3.79309
-3.79543
-3.79792
-3.79854
-3.79896
-3.79742
-3.79715
-3.79743
-3.79857
-3.79848
-3.79783
-3.7974
-3.79591
-3.79572
-3.7956
-3.79585
-3.79731
-3.79778
-3.79834
-3.79872
-3.79982
-3.80053
-3.80269
-3.80431
-3.8031
-3.80253
-3.80352
-3.80292
-3.80305
-3.80219
-3.80107
-3.79978
-3.79928
-3.79914
-3.79785
-3.79918
-3.80044
-3.80046
-3.8003
-3.80105
-3.80161
-3.80349
-3.8042
-3.8039
-3.8036
-3.80342
-3.80257
-3.80079
-3.8001
-3.79873
-3.79809
-3.79778
-3.79746
-3.79746
-3.79941
-3.80103
-3.80272
-3.80407
-3.80361
-3.80295
-3.80228
-3.80197
-3.80133
-3.7998
-3.79895
-3.79944
-3.79927
-3.79815
-3.79842
-3.7982
-3.79735
-3.79651
-3.79549
-3.79564
-3.79512
-3.7953
-3.7963
-3.79721
-3.79862
-3.80001
-3.80141
-3.80163
-3.80123
-3.79991
-3.79875
-3.79816
-3.79746
-3.79686
-3.79543
-3.79614
-3.79575
-3.79569
-3.79592
-3.79581
-3.79566
-3.79551
-3.79634
-3.79606
-3.79608
-3.79606
-3.79769
-3.7975
-3.79761
-3.79779
-3.79788
-3.79879
-3.79918
-3.79946
-3.7996
-3.7992
-3.79958
-3.80028
-3.80041
-3.80017
-3.79988
-3.7994
-3.79991
-3.79978
-3.79914
-3.79783
-3.79768
-3.79903
-3.7988
-3.79962
-3.8009
-3.80199
-3.8022
-3.80166
-3.80262
-3.80349
-3.80347
-3.8039
-3.80276
-3.80243
-3.80251
-3.80186
-3.80169
-3.80147
-3.80028
-3.80018
-3.79984
-3.80152
-3.80292
-3.80378
-3.80487
-3.80497
-3.80532
-3.80518
-3.80372
-3.80317
-3.80136
-3.80047
-3.79966
-3.79875
-3.79765
-3.79853
-3.799
-3.80026
-3.80172
-3.80086
-3.79976
-3.79868
-3.79731
-3.79544
-3.79431
-3.79504
-3.79644
-3.79667
-3.79679
-3.79822
-3.79821
-3.79879
-3.79926
-3.79992
-3.8002
-3.80102
-3.80187
-3.80178
-3.80075
-3.80063
-3.7998
-3.79922
-3.79803
-3.79765
-3.7985
-3.79713
-3.79747
-3.79884
-3.8004
-3.80102
-3.80066
-3.80024
-3.79918
-3.79834
-3.79788
-3.79816
-3.79771
-3.79761
-3.79792
-3.79963
-3.80084
-3.802
-3.80277
-3.80327
-3.80353
-3.80364
-3.80205
-3.80178
-3.8018
-3.79982
-3.79865
-3.79794
-3.79923
-3.79916
-3.79969
-3.79983
-3.79976
-3.79928
-3.79986
-3.80003
-3.79904
-3.79881
-3.79822
-3.79801
-3.79727
-3.79699
-3.79691
-3.79629
-3.79662
-3.79628
-3.79539
-3.79536
-3.79418
-3.7947
-3.79513
-3.79499
-3.79474
-3.79541
-3.79584
-3.79547
-3.79608
-3.79658
-3.79704
-3.7982
-3.79873
-3.79789
-3.79793
-3.79582
-3.79617
-3.79549
-3.79496
-3.7961
-3.79794
-3.79771
-3.79776
-3.79696
-3.79727
-3.79612
-3.7953
-3.79572
-3.79627
-3.7955
