-0.42904
-0.425364
-0.421447
-0.417512
-0.413792
-0.410423
-0.407393
-0.404519
-0.401516
-0.398159
-0.394318
-0.390124
-0.385941
-0.382354
-0.380093
-0.379876
-0.382195
-0.387057
-0.393937
-0.401885
-0.409857
-0.417047
-0.422896
-0.427185
-0.429925
-0.431191
-0.431136
-0.429903
-0.427577
-0.424276
-0.420045
-0.414971
-0.409142
-0.402718
-0.395963
-0.389206
-0.3829
-0.377498
-0.37335
-0.370646
-0.369381
-0.3693
-0.370072
-0.371353
-0.372861
-0.37441
-0.375865
-0.377112
-0.378043
-0.378525
-0.378558
-0.378264
-0.37795
-0.378064
-0.37906
-0.381241
-0.3846
-0.388803
-0.393344
-0.397686
-0.401411
-0.404277
-0.406205
-0.407201
-0.407355
-0.406769
-0.405571
-0.403871
-0.401791
-0.399423
-0.396903
-0.394357
-0.391902
-0.389698
-0.387836
-0.386435
-0.385557
-0.385203
-0.385352
-0.385956
-0.386907
-0.388107
-0.389435
-0.390795
-0.392078
-0.393174
-0.394039
-0.394602
-0.394804
-0.394629
-0.394048
-0.39307
-0.391741
-0.390131
-0.388346
-0.386544
-0.38491
-0.38366
-0.382981
-0.383005
-0.383819
-0.385403
-0.387663
-0.390419
-0.393461
-0.396558
-0.399514
-0.402121
-0.404241
-0.405732
-0.406516
-0.406485
-0.405609
-0.403855
-0.401256
-0.3979
-0.393971
-0.389765
-0.38568
-0.382152
-0.379599
-0.378338
-0.378466
-0.379886
-0.382337
-0.385445
-0.388819
-0.392103
-0.394999
-0.397266
-0.398724
-0.399179
-0.398489
-0.396507
-0.393095
-0.38815
-0.381692
-0.374004
-0.365752
-0.35804
-0.352222
-0.349387
-0.349925
-0.353214
-0.358012
-0.362987
-0.367106
-0.369838
-0.371058
-0.370879
-0.369558
-0.367374
-0.364615
-0.361515
-0.358256
-0.355015
-0.351899
-0.349035
-0.346497
-0.344434
-0.342945
-0.342118
-0.342044
-0.342769
-0.34425
-0.346426
-0.349154
-0.352275
-0.355588
-0.358916
-0.36209
-0.365005
-0.367552
-0.369696
-0.371423
-0.372736
-0.373665
-0.374244
-0.374509
-0.374509
-0.374275
-0.373831
-0.373184
-0.372333
-0.37126
-0.369916
-0.368248
-0.366156
-0.363533
-0.36027
-0.356263
-0.35146
-0.345878
-0.339685
-0.333196
-0.326903
-0.321409
-0.317292
-0.314962
-0.31456
-0.315963
-0.318826
-0.322727
-0.327229
-0.331932
-0.336497
-0.340652
-0.344228
-0.347131
-0.349335
-0.350852
-0.35175
-0.352051
-0.351811
-0.351075
-0.349918
-0.348437
-0.346817
-0.345312
-0.34419
-0.343722
-0.344067
-0.345273
-0.347248
-0.349748
-0.352489
-0.355158
-0.357509
-0.359341
-0.360545
-0.361037
-0.360773
-0.359698
-0.357767
-0.35487
-0.350955
-0.345953
-0.339874
-0.332779
-0.324864
-0.316459
-0.308051
-0.300227
-0.293603
-0.288737
-0.286015
-0.285606
-0.287447
-0.291278
-0.296704
-0.303307
-0.310592
-0.318102
-0.325397
-0.332079
-0.337863
-0.342554
-0.346059
-0.348368
-0.349556
-0.349704
-0.348967
-0.347463
-0.345318
-0.342669
-0.339647
-0.33637
-0.332926
-0.329451
-0.326025
-0.322727
-0.319665
-0.316926
-0.314619
-0.312832
-0.311651
-0.311099
-0.311141
-0.31168
-0.312578
-0.313664
-0.314804
-0.315868
-0.316817
-0.317648
-0.318383
-0.319087
-0.319791
-0.320453
-0.321034
-0.321336
-0.321108
-0.319991
-0.317535
-0.313376
-0.307267
-0.299502
-0.29118
-0.28426
-0.281024
-0.282916
-0.289623
-0.299243
-0.309415
-0.318322
-0.32502
-0.329285
-0.33123
-0.331142
-0.329293
-0.325945
-0.321406
-0.316035
-0.310335
-0.304891
-0.300361
-0.297332
-0.29617
-0.296913
-0.299303
-0.302924
-0.307297
-0.312002
-0.316765
-0.321384
-0.325757
-0.329829
-0.333567
-0.336932
-0.3399
-0.342461
-0.344581
-0.346266
-0.347494
-0.348271
-0.348611
-0.348541
-0.348093
-0.34732
-0.346282
-0.345064
-0.34375
-0.34243
-0.341181
-0.340052
-0.339061
-0.338179
-0.337317
-0.336367
-0.335154
-0.333489
-0.331193
-0.328148
-0.324294
-0.319722
-0.314676
-0.309643
-0.305392
-0.302881
-0.303048
-0.306448
-0.312918
-0.321556
-0.33109
-0.340296
-0.348347
-0.354876
-0.359826
-0.363363
-0.365717
-0.367079
-0.367616
-0.367444
-0.366648
-0.365305
-0.363485
-0.361277
-0.358798
-0.356156
-0.353441
-0.350793
-0.34837
-0.346379
-0.345062
-0.344623
-0.345142
-0.346523
-0.348538
-0.350844
-0.353191
-0.355383
-0.357368
-0.359172
-0.360862
-0.362497
-0.364066
-0.365542
-0.366809
-0.367754
-0.36825
-0.368189
-0.367495
-0.366113
-0.364035
-0.361273
-0.357916
-0.354125
-0.350115
-0.346156
-0.342566
-0.339623
-0.337524
-0.336309
-0.335909
-0.336102
-0.336659
-0.337335
-0.337955
-0.338407
-0.338666
-0.33873
-0.338643
-0.338471
-0.33827
-0.338088
-0.337967
-0.337924
-0.337975
-0.338109
-0.338322
-0.338568
-0.338838
-0.33911
-0.339393
-0.339664
-0.339934
-0.340217
-0.34054
-0.340906
-0.341308
-0.34176
-0.342244
-0.342752
-0.343244
-0.343715
-0.344116
-0.344424
-0.344566
-0.34451
-0.344208
-0.34361
-0.342697
-0.341473
-0.339949
-0.33822
-0.336477
-0.334934
-0.333846
-0.333439
-0.333848
-0.335104
-0.337065
-0.339547
-0.342262
-0.344969
-0.347474
-0.349606
-0.351264
-0.352343
-0.352831
-0.352677
-0.351883
-0.350483
-0.348559
-0.346269
-0.343827
-0.341486
-0.339545
-0.338265
-0.337818
-0.338222
-0.339319
-0.3408
-0.342302
-0.343449
-0.343893
-0.343361
-0.341634
-0.338544
-0.334003
-0.328083
-0.321105
-0.313735
-0.306953
-0.301809
-0.299062
-0.298853
-0.30068
-0.303743
-0.307325
-0.310998
-0.314604
-0.318184
-0.321787
-0.325472
-0.329215
-0.332963
-0.336621
-0.340094
-0.343318
-0.346238
-0.348796
-0.350966
-0.35272
-0.35403
-0.354862
-0.355192
-0.35501
-0.354259
-0.352908
-0.350925
-0.348254
-0.344851
-0.340697
-0.335877
-0.330576
-0.325167
-0.320276
-0.31673
-0.315346
-0.316663
-0.320661
-0.326746
-0.333963
-0.341344
-0.348131
-0.353844
-0.358291
-0.361424
-0.363265
-0.363866
-0.363243
-0.36141
-0.358388
-0.354238
-0.349138
-0.343417
-0.337614
-0.332436
-0.32865
-0.326909
-0.327566
-0.330505
-0.335221
-0.340972
-0.346973
-0.352546
-0.357224
-0.360734
-0.362996
-0.364069
-0.364145
-0.36352
-0.362548
-0.361627
-0.361124
-0.361267
-0.362118
-0.363539
-0.365236
-0.366788
-0.367769
-0.367767
-0.366439
-0.363669
-0.359651
-0.355142
-0.351495
-0.350358
-0.35292
-0.359287
-0.368314
-0.378311
-0.387721
-0.395643
-0.401815
-0.406394
-0.409754
-0.41231
-0.414447
-0.416399
-0.4183
-0.420153
-0.421853
-0.42326
-0.424225
-0.42462
-0.424385
-0.423534
-0.422127
-0.420339
-0.418363
-0.41642
-0.414742
-0.413514
-0.412856
-0.412806
-0.413332
-0.414285
-0.415384
-0.416325
-0.416767
-0.416449
-0.415285
-0.413486
-0.411586
-0.410413
-0.410921
-0.413894
-0.419611
-0.427685
-0.437176
-0.446867
-0.455567
-0.462218
-0.465991
-0.466188
-0.46227
-0.454117
-0.442473
-0.429357
-0.417983
-0.411439
-0.410975
-0.415313
-0.421953
-0.428813
-0.434879
-0.439887
-0.44387
-0.446855
-0.448847
-0.449835
-0.449913
-0.449261
-0.44815
-0.446919
-0.445909
-0.445356
-0.445375
-0.445963
-0.447106
-0.448798
-0.451075
-0.453941
-0.457325
-0.461031
-0.46478
-0.468249
-0.47116
-0.473332
-0.474719
-0.475424
-0.475644
-0.475587
-0.475487
-0.475528
-0.475786
-0.476253
-0.476859
-0.477472
-0.477929
-0.478065
-0.477734
-0.476805
-0.475166
-0.472764
-0.469582
-0.465678
-0.461215
-0.456471
-0.451848
-0.447746
-0.444415
-0.441744
-0.439206
-0.436051
-0.431528
-0.42539
-0.418228
-0.411606
-0.407595
-0.407899
-0.412995
-0.421864
-0.43262
-0.443366
-0.452786
-0.460165
-0.465262
-0.468136
-0.468877
-0.467611
-0.464529
-0.459991
-0.454636
-0.449421
-0.445351
-0.443183
-0.44297
-0.444116
-0.445676
-0.446884
-0.447478
-0.447758
-0.44846
-0.450408
-0.454127
-0.45964
-0.466449
-0.47381
-0.480955
-0.487293
-0.492541
-0.49657
-0.499443
-0.501247
-0.502103
-0.502133
-0.501441
-0.500143
-0.498376
-0.496283
-0.494009
-0.491663
-0.489301
-0.486892
-0.484362
-0.481648
-0.478814
-0.476076
-0.473787
-0.472254
-0.471556
-0.471383
-0.471063
-0.469694
-0.466419
-0.460572
-0.451898
-0.440564
-0.427254
-0.413224
-0.400143
-0.389849
-0.383847
-0.382884
-0.386648
-0.394012
-0.403426
-0.413387
-0.422811
-0.431068
-0.437911
-0.443366
-0.447594
-0.450773
-0.453102
-0.454674
-0.455556
-0.455719
-0.45507
-0.453502
-0.450937
-0.447353
-0.442896
-0.437944
-0.433162
-0.429385
-0.427428
-0.427777
-0.430391
-0.434686
-0.43985
-0.445037
-0.449607
-0.453157
-0.455465
-0.456439
-0.456055
-0.454301
-0.45119
-0.446789
-0.441238
-0.434808
-0.427931
-0.421175
-0.415172
-0.410505
-0.40756
-0.406434
-0.406889
-0.408427
-0.410415
-0.412242
-0.413374
-0.413427
-0.412262
-0.409967
-0.40687
-0.403559
-0.400767
-0.399237
-0.399433
-0.40147
-0.405103
-0.409859
-0.415222
-0.420698
-0.425934
-0.430629
-0.434534
-0.437448
-0.439151
-0.439509
-0.438389
-0.435774
-0.431723
-0.426449
-0.420265
-0.413529
-0.406632
-0.399861
-0.393419
-0.387384
-0.381785
-0.37649
-0.371317
-0.366148
-0.361434
-0.358516
-0.359309
-0.365143
-0.375622
-0.388642
-0.401553
-0.412318
-0.419983
-0.424461
-0.426184
-0.425824
-0.424152
-0.422021
-0.420242
-0.419536
-0.420422
-0.423094
-0.427383
-0.432852
-0.438925
-0.445078
-0.450901
-0.456143
-0.460682
-0.464482
-0.467547
-0.469895
-0.471547
-0.472488
-0.472687
-0.472082
-0.470598
-0.468147
-0.46468
-0.460211
-0.454789
-0.448616
-0.441952
-0.435172
-0.428633
-0.422654
-0.41748
-0.413223
-0.409964
-0.407689
-0.406377
-0.405969
-0.406369
-0.407478
-0.409273
-0.41186
-0.415462
-0.42027
-0.426241
-0.433013
-0.439877
-0.445997
-0.450648
-0.453391
-0.454131
-0.453056
-0.450614
-0.447371
-0.443878
-0.440547
-0.437554
-0.434822
-0.432138
-0.429363
-0.426623
-0.424375
-0.423293
-0.423823
-0.425893
-0.428749
-0.43128
-0.432505
-0.43197
-0.429994
-0.427634
-0.42618
-0.426685
-0.429235
-0.433027
-0.436699
-0.439035
-0.439363
-0.437706
-0.434713
-0.431422
-0.42897
-0.428163
-0.429256
-0.431894
-0.435309
-0.438684
-0.441359
-0.442982
-0.443533
-0.443197
-0.442308
-0.441228
-0.440303
-0.439776
-0.439748
-0.440139
-0.440733
-0.441285
-0.441557
-0.441391
-0.440765
-0.439756
-0.438548
-0.437416
-0.436629
-0.436417
-0.436891
-0.438039
-0.439775
-0.441925
-0.444269
-0.446632
-0.44889
-0.450901
-0.452583
-0.453855
-0.454657
-0.454906
-0.454484
-0.453281
-0.451157
-0.447989
-0.443707
-0.438338
-0.432046
-0.425191
-0.418297
-0.411905
-0.406446
-0.4021
-0.398734
-0.396071
-0.393818
-0.39173
-0.389699
-0.387578
-0.385209
-0.382419
-0.379244
-0.375985
-0.373304
-0.371949
-0.372521
-0.375217
-0.379733
-0.385481
-0.391773
-0.398043
-0.403903
-0.409119
-0.413585
-0.417239
-0.420079
-0.422145
-0.423451
-0.424052
-0.424017
-0.423433
-0.422408
-0.421071
-0.419522
-0.417914
-0.416372
-0.415013
-0.413922
-0.413146
-0.412715
-0.412607
-0.412789
-0.413197
-0.413746
-0.414323
-0.414815
-0.415057
-0.414864
-0.41396
-0.412003
-0.408566
-0.403143
-0.395246
-0.384642
-0.371789
-0.3582
-0.346512
-0.339466
-0.338384
-0.342244
-0.348489
-0.354672
-0.359414
-0.362459
-0.364178
-0.365109
-0.365665
-0.366078
-0.366448
-0.366819
-0.3673
-0.368087
-0.369441
-0.371637
-0.374862
-0.379093
-0.384086
-0.389411
-0.394595
-0.399198
-0.402928
-0.405634
-0.407302
-0.407973
-0.407752
-0.406758
-0.405091
-0.402866
-0.400178
-0.397096
-0.39368
-0.389941
-0.385945
-0.381723
-0.377354
-0.372958
-0.368725
-0.364886
-0.361726
-0.359503
-0.358393
-0.358423
-0.359467
-0.361271
-0.363551
-0.366012
-0.368426
-0.370667
-0.372669
-0.374427
-0.375951
-0.377284
-0.378453
-0.379501
-0.380441
-0.381281
-0.382016
-0.382642
-0.383147
-0.383531
-0.383762
-0.383846
-0.383745
-0.38343
-0.382862
-0.38202
-0.380872
-0.379426
-0.377714
-0.375833
-0.373924
-0.372192
-0.370848
-0.370101
-0.370128
-0.371033
-0.372806
-0.375368
-0.378565
-0.382201
-0.386056
-0.389973
-0.39378
-0.39738
-0.400702
-0.403687
-0.406322
-0.408602
-0.410528
-0.412111
-0.413378
-0.41432
-0.414968
-0.415357
-0.415498
-0.415455
-0.415274
-0.415008
-0.414723
-0.41449
-0.414363
-0.414413
-0.414685
-0.415185
-0.415935
-0.41693
-0.418124
-0.419493
-0.420964
-0.422482
-0.423989
-0.425423
-0.42674
-0.427896
-0.428856
-0.429597
-0.430089
-0.430333
-0.43032
-0.430077
-0.429621
-0.429004
-0.428267
-0.427466
-0.426678
-0.42598
-0.425421
-0.425043
-0.424815
-0.424674
-0.424507
-0.42414
-0.42341
-0.42215
-0.420295
-0.417903
-0.415161
-0.412385
-0.409906
-0.408052
-0.407115
-0.40735
-0.408933
-0.411844
-0.415804
-0.420289
-0.4246
-0.428131
-0.43047
-0.431424
-0.431075
-0.429676
-0.427561
-0.425142
-0.422853
-0.421089
-0.420156
-0.420241
-0.421409
-0.423549
-0.426504
-0.430026
-0.433877
-0.437795
-0.441599
-0.445094
-0.448161
-0.450701
-0.452671
-0.454024
-0.454738
-0.454802
-0.454216
-0.452962
-0.45106
-0.448512
-0.445319
-0.441528
-0.437203
-0.432417
-0.427332
-0.422115
-0.417026
-0.41233
-0.408293
-0.405145
-0.403041
-0.402018
-0.402073
-0.403192
-0.405359
-0.408617
-0.412966
-0.418331
-0.424479
-0.431043
-0.43764
-0.443859
-0.449436
-0.454196
-0.458075
-0.46106
-0.463221
-0.464605
-0.465282
-0.465327
-0.464776
-0.463692
-0.462146
-0.460195
-0.457978
-0.455618
-0.453296
-0.451209
-0.449492
-0.448223
-0.447368
-0.446818
-0.446364
-0.445793
-0.444947
-0.443746
-0.442209
-0.440462
-0.4387
-0.437146
-0.436003
-0.435439
-0.435582
-0.436522
-0.438328
-0.440983
-0.444435
-0.448519
-0.452967
-0.457501
-0.461758
-0.46547
-0.468414
-0.470438
-0.471487
-0.471571
-0.470776
-0.469195
-0.466991
-0.464293
-0.461291
-0.458152
-0.455045
-0.452134
-0.449605
-0.447561
-0.446125
-0.445341
-0.445185
-0.445602
-0.446465
-0.447582
-0.448784
-0.44982
-0.450497
-0.450605
-0.449976
-0.448449
-0.445887
-0.442131
-0.43705
-0.430559
-0.422674
-0.413781
-0.404761
-0.39717
-0.39294
-0.393513
-0.399015
-0.408088
-0.418594
-0.428539
-0.43666
-0.442406
-0.445732
-0.446848
-0.446084
-0.443791
-0.440345
-0.436123
-0.431534
-0.42693
-0.422659
-0.418984
-0.416098
-0.414079
-0.412937
-0.412575
-0.412873
-0.413638
-0.414668
-0.415716
-0.416555
-0.417023
-0.41709
-0.416854
-0.416535
-0.416474
-0.416956
-0.418203
-0.420242
-0.422903
-0.425896
-0.428872
-0.431517
-0.433586
-0.434921
-0.435415
-0.435022
-0.43376
-0.431702
-0.428923
-0.425631
-0.42205
-0.418517
-0.415384
-0.412996
-0.411572
-0.411192
-0.411775
-0.413151
-0.415109
-0.417447
-0.420045
-0.422831
-0.425769
-0.428808
-0.431886
-0.434917
-0.43777
-0.440339
-0.442513
-0.444198
-0.4453
-0.445751
-0.445498
-0.444476
-0.44268
-0.440104
-0.436799
-0.43291
-0.428634
-0.424337
-0.420455
-0.417471
-0.415838
-0.415923
-0.417861
-0.421565
-0.426693
-0.43273
-0.439106
-0.445279
-0.450827
-0.455501
-0.459196
-0.461883
-0.463628
-0.464549
-0.464706
-0.464191
-0.463075
-0.46139
-0.459143
-0.456349
-0.453056
-0.449334
-0.445348
-0.441337
-0.437608
-0.434499
-0.432285
-0.431109
-0.430938
-0.431585
-0.43275
-0.434148
-0.435545
-0.4368
-0.437892
-0.438839
-0.43973
-0.440673
-0.441733
-0.442952
-0.444325
-0.445828
-0.447388
-0.448904
-0.450326
-0.451583
-0.452655
-0.453546
-0.45426
-0.454839
-0.455292
-0.455621
-0.455762
-0.455642
-0.455135
-0.454138
-0.452613
-0.450591
-0.448285
-0.446049
-0.444343
-0.443641
-0.444279
-0.446308
-0.449504
-0.453404
-0.457448
-0.461112
-0.464009
-0.465898
-0.466688
-0.46643
-0.465292
-0.463551
-0.461577
-0.459751
-0.458401
-0.457713
-0.457715
-0.458294
-0.459203
-0.460203
-0.461077
-0.461692
-0.461986
-0.461899
-0.461378
-0.460337
-0.458607
-0.455913
-0.451878
-0.446118
-0.438327
-0.42855
-0.417438
-0.406556
-0.398338
-0.395186
-0.39831
-0.406939
-0.418793
-0.431242
-0.442301
-0.45095
-0.457
-0.460713
-0.462582
-0.4631
-0.462745
-0.461935
-0.461
-0.460225
-0.459827
-0.459888
-0.460349
-0.461004
-0.461573
-0.46173
-0.461168
-0.459675
-0.457148
-0.453592
-0.449146
-0.44406
-0.438691
-0.433457
-0.428812
-0.425174
-0.422844
-0.421939
-0.422419
-0.424031
-0.426391
-0.429029
-0.431481
-0.433286
-0.434099
-0.433691
-0.431985
-0.429095
-0.425316
-0.421163
-0.417278
-0.414325
-0.412875
-0.413254
-0.415469
-0.419219
-0.423942
-0.428936
-0.433518
-0.437091
-0.439227
-0.439682
-0.438444
-0.435729
-0.432016
-0.427953
-0.424252
-0.421497
-0.419984
-0.419606
-0.419949
-0.420382
-0.420275
-0.419091
-0.41645
-0.412217
-0.406615
-0.40037
-0.39477
-0.391386
-0.391547
-0.395678
-0.403025
-0.412074
-0.421199
-0.429231
-0.435509
-0.439837
-0.442261
-0.442917
-0.441989
-0.439663
-0.4361
-0.431514
-0.426145
-0.420283
-0.414323
-0.408707
-0.403883
-0.400232
-0.398014
-0.397297
-0.397958
-0.399751
-0.402371
-0.405481
-0.40882
-0.412158
-0.41534
-0.418254
-0.420808
-0.422937
-0.424587
-0.425716
-0.426257
-0.42615
-0.425314
-0.423665
-0.421151
-0.417764
-0.41355
-0.408713
-0.40358
-0.39861
-0.394303
-0.391106
-0.389291
-0.388906
-0.389798
-0.391692
-0.394276
-0.397247
-0.400347
-0.40337
-0.406146
-0.408549
-0.410504
-0.411954
-0.41284
-0.413119
-0.412722
-0.411588
-0.409692
-0.407031
-0.40375
-0.400112
-0.396569
-0.393678
-0.391999
-0.391952
-0.393671
-0.396894
-0.401119
-0.405711
-0.410086
-0.413793
-0.416568
-0.418268
-0.418881
-0.418409
-0.416878
-0.414254
-0.410471
-0.405431
-0.399071
-0.391485
-0.383033
-0.374514
-0.367164
-0.362391
-0.361206
-0.363755
-0.369204
-0.376154
-0.383188
-0.389362
-0.394288
-0.397954
-0.400614
-0.402601
-0.404212
-0.40564
-0.406969
-0.408233
-0.409378
-0.410359
-0.411138
-0.411687
-0.412037
-0.412256
-0.412405
-0.412575
-0.412815
-0.413143
-0.413498
-0.413746
-0.413758
-0.413453
-0.412783
-0.411918
-0.411191
-0.411008
-0.411783
-0.413752
-0.416878
-0.420812
-0.424998
-0.428773
-0.431525
-0.432764
-0.432131
-0.429452
-0.424747
-0.418356
-0.410963
-0.403603
-0.397445
-0.393461
-0.392066
-0.393028
-0.395686
-0.39938
-0.403681
-0.40839
-0.413379
-0.418476
-0.423382
-0.427713
-0.431072
-0.433108
-0.433606
-0.43236
-0.429284
-0.424336
-0.417613
-0.409465
-0.40064
-0.39243
-0.386489
-0.384362
-0.38675
-0.393115
-0.401949
-0.411435
-0.420129
-0.427194
-0.432344
-0.435676
-0.437426
-0.437887
-0.437323
-0.435925
-0.433786
-0.43098
-0.427517
-0.423462
-0.418941
-0.414154
-0.409386
-0.405016
-0.401437
-0.398981
-0.397823
-0.397906
-0.398941
-0.400479
-0.40206
-0.403302
-0.404015
-0.404217
-0.404085
-0.403915
-0.403979
-0.404469
-0.405407
-0.406649
-0.407934
-0.408937
-0.409332
-0.40889
-0.407512
-0.405323
-0.402689
-0.400149
-0.398333
-0.397715
-0.398515
-0.400591
-0.403535
-0.406852
-0.410086
-0.412909
-0.415141
-0.416713
-0.417623
-0.41793
-0.417689
-0.416943
-0.415765
-0.414191
-0.412293
-0.410123
-0.407753
-0.405273
-0.402752
-0.400305
-0.398026
-0.39599
-0.394264
-0.392851
-0.391722
-0.39078
-0.389901
-0.388948
-0.38774
-0.386186
-0.384202
-0.381791
-0.378987
-0.375915
-0.372739
-0.369622
-0.366789
-0.364485
-0.36297
-0.362424
-0.362898
-0.364306
-0.3664
-0.368865
-0.371463
-0.374021
-0.376473
-0.378862
-0.381245
-0.383665
-0.386136
-0.388612
-0.391018
-0.393274
-0.395286
-0.396976
-0.398308
-0.399279
-0.399903
-0.400197
-0.400191
-0.399924
-0.39943
-0.398736
-0.397906
-0.396985
-0.396017
-0.395097
-0.3943
-0.393722
-0.393466
-0.393615
-0.394206
-0.395286
-0.396821
-0.398769
-0.401023
-0.403495
-0.406035
-0.408534
-0.410868
-0.412933
-0.414645
-0.415936
-0.416719
-0.416952
-0.416605
-0.415658
-0.414131
-0.412093
-0.409682
-0.407124
-0.404693
-0.402681
-0.401356
-0.400815
-0.400971
-0.401523
-0.401958
-0.40163
-0.399823
-0.395794
-0.388839
-0.378464
-0.364789
-0.349151
-0.334686
-0.325802
-0.325961
-0.33528
-0.350477
-0.367212
-0.382344
-0.394477
-0.403461
-0.409708
-0.413766
-0.416192
-0.417455
-0.417926
-0.417888
-0.417574
-0.417112
-0.416588
-0.416004
-0.41533
-0.414497
-0.413419
-0.412035
-0.410266
-0.40805
-0.405364
-0.402205
-0.398602
-0.394573
-0.39019
-0.385496
-0.380531
-0.37537
-0.370137
-0.365017
-0.360327
-0.356465
-0.353925
-0.353156
-0.354484
-0.357943
-0.363316
-0.370148
-0.377855
-0.385835
-0.393561
-0.400631
-0.406799
-0.411926
-0.415981
-0.418972
-0.420954
-0.421982
-0.422096
-0.421329
-0.419687
-0.417186
-0.413845
-0.409735
-0.404997
-0.399889
-0.394816
-0.39022
-0.386619
-0.384397
-0.383737
-0.384594
-0.386676
-0.389608
-0.392977
-0.396423
-0.399674
-0.402563
-0.404987
-0.406896
-0.408267
-0.409064
-0.409289
-0.408905
-0.407887
-0.406224
-0.403938
-0.401081
-0.397795
-0.394249
-0.390625
-0.387082
-0.383732
-0.38064
-0.377885
-0.375574
-0.373893
-0.37303
-0.373117
-0.374231
-0.37632
-0.379253
-0.382794
-0.386632
-0.390439
-0.393916
-0.396854
-0.399159
-0.40085
-0.402016
-0.402783
-0.403307
-0.40371
-0.404108
-0.404574
-0.405128
-0.405802
-0.406579
-0.407433
-0.408376
-0.409363
-0.410404
-0.411469
-0.41256
-0.413658
-0.414749
-0.415822
-0.416844
-0.41779
-0.418621
-0.419276
-0.419682
-0.419766
-0.419416
-0.418528
-0.416964
-0.414617
-0.411336
-0.407027
-0.401618
-0.395132
-0.387658
-0.379436
-0.370834
-0.362355
-0.354578
-0.348096
-0.343455
-0.341032
-0.341035
-0.343421
-0.34794
-0.354139
-0.361469
-0.369337
-0.377205
-0.384624
-0.391275
-0.396951
-0.401564
-0.405106
-0.407671
-0.409395
-0.410443
-0.411001
-0.411266
-0.411409
-0.411566
-0.41183
-0.412243
-0.4128
-0.413438
-0.414083
-0.414664
-0.415065
-0.415214
-0.415072
-0.414589
-0.413766
-0.412615
-0.411174
-0.409477
-0.407575
-0.405521
-0.403389
-0.401231
-0.399134
-0.397191
-0.395511
-0.394255
-0.393532
-0.393435
-0.393984
-0.395058
-0.396517
-0.39814
-0.399734
-0.401144
-0.402319
-0.403299
-0.404161
-0.40504
-0.406077
-0.407356
-0.408912
-0.41074
-0.412762
-0.414871
-0.416941
-0.418843
-0.420449
-0.421633
-0.422304
-0.422365
-0.421703
-0.420242
-0.417934
-0.414728
-0.41065
-0.4058
-0.400384
-0.394758
-0.38943
-0.385013
-0.382129
-0.381291
-0.382736
-0.386389
-0.391826
-0.398399
-0.405405
-0.41217
-0.41817
-0.423071
-0.426692
-0.429032
-0.43027
-0.430695
-0.430734
-0.430876
-0.431515
-0.432936
-0.435193
-0.438114
-0.441376
-0.444599
-0.447471
-0.449762
-0.451362
-0.452253
-0.452472
-0.452131
-0.451364
-0.450286
-0.449021
-0.447663
-0.446301
-0.44497
-0.443651
-0.442323
-0.44096
-0.439519
-0.437996
-0.436419
-0.43484
-0.433428
-0.432333
-0.431808
-0.432032
-0.433105
-0.434938
-0.437255
-0.43957
-0.441309
-0.4419
-0.440986
-0.438501
-0.434835
-0.430852
-0.427663
-0.426167
-0.42662
-0.428412
-0.430285
-0.430984
-0.429639
-0.426007
-0.42048
-0.413956
-0.40765
-0.402805
-0.400414
-0.400982
-0.404438
-0.410272
-0.417733
-0.426006
-0.434344
-0.442184
-0.449091
-0.454846
-0.459342
-0.462588
-0.464642
-0.465614
-0.465602
-0.464718
-0.463083
-0.460766
-0.457857
-0.454418
-0.45053
-0.44624
-0.441607
-0.436693
-0.431536
-0.42618
-0.420654
-0.415014
-0.409359
-0.40379
-0.398509
-0.39378
-0.389906
-0.387198
-0.385882
-0.386093
-0.387768
-0.390729
-0.39463
-0.399089
-0.403709
-0.408111
-0.411976
-0.414987
-0.416894
-0.417442
-0.416413
-0.413598
-0.408915
-0.402485
-0.394864
-0.387095
-0.380636
-0.376914
-0.376671
-0.3796
-0.384569
-0.390174
-0.3953
-0.399352
-0.402172
-0.403875
-0.404716
-0.404961
-0.404857
-0.4046
-0.404354
-0.404234
-0.404373
-0.404833
-0.405654
-0.406864
-0.408404
-0.410146
-0.411916
-0.413474
-0.414494
-0.414599
-0.413379
-0.410351
-0.405051
-0.397053
-0.386148
-0.372628
-0.357488
-0.342506
-0.329823
-0.321176
-0.317123
-0.317107
-0.32023
-0.32611
-0.334913
-0.346598
-0.360238
-0.373887
-0.385103
-0.391692
-0.392443
-0.387811
-0.380373
-0.37426
-0.373061
-0.377459
-0.384949
-0.392125
-0.396826
-0.398715
-0.398587
-0.397602
-0.396688
-0.396267
-0.39643
-0.397061
-0.397983
-0.399096
-0.400324
-0.401591
-0.40279
-0.403751
-0.404308
-0.404263
-0.403448
-0.40169
-0.398848
-0.394813
-0.389555
-0.383136
-0.375773
-0.367859
-0.360016
-0.352991
-0.347606
-0.344514
-0.344127
-0.346458
-0.351222
-0.357892
-0.3658
-0.37423
-0.382514
-0.390115
-0.396679
-0.402022
-0.40612
-0.409059
-0.411003
-0.412098
-0.412564
-0.412537
-0.412185
-0.411594
-0.410849
-0.410015
-0.409116
-0.408141
-0.407077
-0.405898
-0.404558
-0.403016
-0.401208
-0.399092
-0.396656
-0.393902
-0.390873
-0.387678
-0.384484
-0.381506
-0.378979
-0.377124
-0.376116
-0.376016
-0.37678
-0.378252
-0.380189
-0.382344
-0.384493
-0.386433
-0.388007
-0.389118
-0.389705
-0.38976
-0.389288
-0.388322
-0.386904
-0.385014
-0.382562
-0.379364
-0.375194
-0.369923
-0.363817
-0.357751
-0.353286
-0.352148
-0.355307
-0.362332
-0.371573
-0.381011
-0.389089
-0.394994
-0.398522
-0.399877
-0.399468
-0.397804
-0.395444
-0.392988
-0.390984
-0.38992
-0.39009
-0.391522
-0.394036
-0.397213
-0.40055
-0.403494
-0.40554
-0.406257
-0.405311
-0.402509
-0.397866
-0.39181
-0.385278
-0.379704
-0.376649
-0.377105
-0.380987
-0.387073
-0.393677
-0.399409
-0.403465
-0.405615
-0.406001
-0.404904
-0.402603
-0.399346
-0.395441
-0.391322
-0.387689
-0.385383
-0.385239
-0.387758
-0.392777
-0.399355
-0.406079
-0.411434
-0.414243
-0.413841
-0.410136
-0.403556
-0.395081
-0.386196
-0.378682
-0.374186
-0.373667
-0.377017
-0.38319
-0.390697
-0.398202
-0.404898
-0.410454
-0.414874
-0.41829
-0.420847
-0.422625
-0.423679
-0.42402
-0.423677
-0.422687
-0.421098
-0.418994
-0.416447
-0.413541
-0.410343
-0.406926
-0.403388
-0.39986
-0.396546
-0.393682
-0.391547
-0.390378
-0.390267
-0.391206
-0.392994
-0.395311
-0.397865
-0.400356
-0.402582
-0.404423
-0.40582
-0.406773
-0.407269
-0.407372
-0.407091
-0.40649
-0.405613
-0.404537
-0.403381
-0.402228
-0.401205
-0.400402
-0.39991
-0.399751
-0.399885
-0.400206
-0.400554
-0.400737
-0.400596
-0.399977
-0.39881
-0.397127
-0.395086
-0.392927
-0.390958
-0.389461
-0.388648
-0.388565
-0.389068
-0.389892
-0.390662
-0.390985
-0.390517
-0.388982
-0.386187
-0.382115
-0.376824
-0.37055
-0.36367
-0.356646
-0.350062
-0.344498
-0.340494
-0.338389
-0.338281
-0.339975
-0.343095
-0.347206
-0.351954
-0.357109
-0.362531
-0.368104
-0.373679
-0.379034
-0.38392
-0.388075
-0.391333
-0.393583
-0.394829
-0.395126
-0.394615
-0.393473
-0.391864
-0.389973
-0.387979
-0.385968
-0.384026
-0.382168
-0.38039
-0.378652
-0.376896
-0.375122
-0.373331
-0.371542
-0.369824
-0.36824
-0.366816
-0.365606
-0.3646
-0.363829
-0.363329
-0.363136
-0.363326
-0.363969
-0.365112
-0.366782
-0.36891
-0.371378
-0.373999
-0.376574
-0.378906
-0.380848
-0.382314
-0.383261
-0.383735
-0.383794
-0.383546
-0.383119
-0.382629
-0.382193
-0.381893
-0.381764
-0.381759
-0.38182
-0.381821
-0.381629
-0.381091
-0.380107
-0.378622
-0.37668
-0.37444
-0.372186
-0.370373
-0.369428
-0.369747
-0.371528
-0.374678
-0.378874
-0.383609
-0.388381
-0.392791
-0.396546
-0.399517
-0.401666
-0.40302
-0.403655
-0.403631
-0.403068
-0.402054
-0.400696
-0.399071
-0.397278
-0.395351
-0.393341
-0.39127
-0.389116
-0.386863
-0.384474
-0.381892
-0.379027
-0.375808
-0.372135
-0.367897
-0.363034
-0.35754
-0.35158
-0.345474
-0.339732
-0.334975
-0.331782
-0.330485
-0.331094
-0.333251
-0.336402
-0.339959
-0.343402
-0.346378
-0.348713
-0.35039
-0.351555
-0.352421
-0.353268
-0.354359
-0.355862
-0.357849
-0.360237
-0.362868
-0.365549
-0.368077
-0.370313
-0.372175
-0.373607
-0.374637
-0.375274
-0.375575
-0.375597
-0.375392
-0.375016
-0.374498
-0.373903
-0.373265
-0.372618
-0.372006
-0.37146
-0.371011
-0.370698
-0.370526
-0.370507
-0.370657
-0.370962
-0.371414
-0.371988
-0.37267
-0.373426
-0.374189
-0.374923
-0.375567
-0.376077
-0.376372
-0.376366
-0.376009
-0.375237
-0.374049
-0.372453
-0.370536
-0.368483
-0.366515
-0.364885
-0.36379
-0.363335
-0.363474
-0.364031
-0.36476
-0.365398
-0.365761
-0.365738
-0.365368
-0.364756
-0.364092
-0.363594
-0.363509
-0.364018
-0.365258
-0.367242
-0.369949
-0.373269
-0.377032
-0.381067
-0.385226
-0.389382
-0.393426
-0.397281
-0.4009
-0.404266
-0.407341
-0.410114
-0.412602
-0.414781
-0.416674
-0.418273
-0.419581
-0.420599
-0.421323
-0.421735
-0.421804
-0.421498
-0.42078
-0.419604
-0.417916
-0.415672
-0.41282
-0.409315
-0.40512
-0.400112
-0.394134
-0.386936
-0.378236
-0.368055
-0.357195
-0.34773
-0.342664
-0.344496
-0.353365
-0.366775
-0.381245
-0.394102
-0.404107
-0.4111
-0.415516
-0.417931
-0.418895
-0.418849
-0.41814
-0.417008
-0.415605
-0.414041
-0.412355
-0.410591
-0.408795
-0.407063
-0.405506
-0.404326
-0.403693
-0.403757
-0.404592
-0.406199
-0.408446
-0.411136
-0.414018
-0.416825
-0.419315
-0.421311
-0.42269
-0.42339
-0.423389
-0.422739
-0.421532
-0.419846
-0.417821
-0.415588
-0.413312
-0.411115
-0.409127
-0.407401
-0.406
-0.404924
-0.404129
-0.403552
-0.403104
-0.402718
-0.402307
-0.401785
-0.401108
-0.400253
-0.399233
-0.398103
-0.396932
-0.395833
-0.394902
-0.394247
-0.393939
-0.394005
-0.394406
-0.395104
-0.396029
-0.397085
-0.398211
-0.399305
-0.400273
-0.400968
-0.401225
-0.400802
-0.399482
-0.397082
-0.393545
-0.389046
-0.384079
-0.379411
-0.375906
-0.374223
-0.37455
-0.37657
-0.379698
-0.383293
-0.386959
-0.390466
-0.393704
-0.396553
-0.398902
-0.400649
-0.401789
-0.402413
-0.402742
-0.403086
-0.403725
-0.404885
-0.406623
-0.408839
-0.411346
-0.41386
-0.416086
-0.417777
-0.41869
-0.418684
-0.417649
-0.415602
-0.412694
-0.409238
-0.405676
-0.402541
-0.400244
-0.399036
-0.398896
-0.399617
-0.400907
-0.402576
-0.404547
-0.40686
-0.409537
-0.412573
-0.415769
-0.418814
-0.421274
-0.42271
-0.422747
-0.421215
-0.418222
-0.41426
-0.410162
-0.40695
-0.405522
-0.406284
-0.409029
-0.413077
-0.417638
-0.422094
-0.42616
-0.429806
-0.433153
-0.436348
-0.439503
-0.442635
-0.445719
-0.448681
-0.45145
-0.453944
-0.45609
-0.457833
-0.459092
-0.459787
-0.459838
-0.459124
-0.457483
-0.454723
-0.450585
-0.444824
-0.437265
-0.427969
-0.417483
-0.407042
-0.398506
-0.393758
-0.39379
-0.39812
-0.405172
-0.413081
-0.42051
-0.426781
-0.431776
-0.435665
-0.438642
-0.440907
-0.442521
-0.443471
-0.443644
-0.442874
-0.440999
-0.437862
-0.433396
-0.427632
-0.420767
-0.413263
-0.405775
-0.399157
-0.394271
-0.391754
-0.391832
-0.394286
-0.39854
-0.40393
-0.409841
-0.41586
-0.421726
-0.427295
-0.432531
-0.437362
-0.441731
-0.445563
-0.448752
-0.451175
-0.452678
-0.453052
-0.452033
-0.449325
-0.444601
-0.437698
-0.42883
-0.418877
-0.409535
-0.402891
-0.400534
-0.402581
-0.407644
-0.413662
-0.418899
-0.422375
-0.423871
-0.423583
-0.421877
-0.419114
-0.415662
-0.4118
-0.407795
-0.403898
-0.400331
-0.397327
-0.395113
-0.393882
-0.393721
-0.394648
-0.396595
-0.399394
-0.402831
-0.406676
-0.410715
-0.414722
-0.418542
-0.422074
-0.425225
-0.427963
-0.430274
-0.432154
-0.433629
-0.434701
-0.435402
-0.435739
-0.435736
-0.435386
-0.434727
-0.43378
-0.432571
-0.431133
-0.42953
-0.427827
-0.426099
-0.424422
-0.42287
-0.421462
-0.420216
-0.419111
-0.41813
-0.417206
-0.416285
-0.415309
-0.414257
-0.413116
-0.411911
-0.410685
-0.409491
-0.408406
-0.407509
-0.406887
-0.406589
-0.406654
-0.407116
-0.407968
-0.409197
-0.410751
-0.41258
-0.414622
-0.416779
-0.418967
-0.421113
-0.423129
-0.424947
-0.426516
-0.427795
-0.42877
-0.429447
-0.429824
-0.429943
-0.429839
-0.42955
-0.429135
-0.428647
-0.428145
-0.427653
-0.427163
-0.426655
-0.426042
-0.425213
-0.424086
-0.422545
-0.420526
-0.417959
-0.414806
-0.411082
-0.406827
-0.402084
-0.396962
-0.391627
-0.386298
-0.381312
-0.377161
-0.374373
-0.373548
-0.375006
-0.378675
-0.383994
-0.390076
-0.396003
-0.401056
-0.404867
-0.407404
-0.408825
-0.40941
-0.40938
-0.408879
-0.407918
-0.406437
-0.404314
-0.401461
-0.397822
-0.393437
-0.388479
-0.383271
-0.378331
-0.374224
-0.371447
-0.370217
-0.370425
-0.37165
-0.373359
-0.375068
-0.376479
-0.377467
-0.378042
-0.378306
-0.378386
-0.378349
-0.378248
-0.378073
-0.377787
-0.377322
-0.376604
-0.375608
-0.374294
-0.372679
-0.370811
-0.368751
-0.366583
-0.364374
-0.362195
-0.360103
-0.358132
-0.356292
-0.354582
-0.353002
-0.351551
-0.350298
-0.349258
-0.348478
-0.347977
-0.347718
-0.347624
-0.347595
-0.347483
-0.347132
-0.34643
-0.345314
-0.343806
-0.341979
-0.340008
-0.338064
-0.336312
-0.33485
-0.333649
-0.332637
-0.331682
-0.33067
-0.329575
-0.32847
-0.327554
-0.327097
-0.327348
-0.328471
-0.330474
-0.333168
-0.336297
-0.339559
-0.342695
-0.345518
-0.347947
-0.349935
-0.351489
-0.35264
-0.353432
-0.353874
-0.354017
-0.353838
-0.353331
-0.352472
-0.351261
-0.349663
-0.347695
-0.345373
-0.342751
-0.339936
-0.337057
-0.334272
-0.33173
-0.329576
-0.327902
-0.326724
-0.326071
-0.325899
-0.326185
-0.326885
-0.327982
-0.329429
-0.331155
-0.333027
-0.334904
-0.336601
-0.337898
-0.338576
-0.338393
-0.337151
-0.334646
-0.330776
-0.32557
-0.319314
-0.312621
-0.306416
-0.301821
-0.299794
-0.300845
-0.304857
-0.311157
-0.318825
-0.32694
-0.334783
-0.34191
-0.348069
-0.353182
-0.357282
-0.360422
-0.362717
-0.364278
-0.365192
-0.365567
-0.36549
-0.365037
-0.364287
-0.363345
-0.362299
-0.36128
-0.360423
-0.359846
-0.359683
-0.360011
-0.36087
-0.362229
-0.364054
-0.366215
-0.368564
-0.370957
-0.373205
-0.375158
-0.37668
-0.377677
-0.378075
-0.377876
-0.377113
-0.375852
-0.374203
-0.372264
-0.370141
-0.367898
-0.365575
-0.363205
-0.360838
-0.358586
-0.356566
-0.354999
-0.354134
-0.35417
-0.3552
-0.357168
-0.359902
-0.363142
-0.366632
-0.370173
-0.373626
-0.376912
-0.380012
-0.382936
-0.385699
-0.388323
-0.390825
-0.393227
-0.395521
-0.397718
-0.399816
-0.401791
-0.403617
-0.405286
-0.406745
-0.407967
-0.408928
-0.409581
-0.409895
-0.409837
-0.409386
-0.408504
-0.407166
-0.40538
-0.403162
-0.400644
-0.398077
-0.395798
-0.394228
-0.393777
-0.394654
-0.396811
-0.399923
-0.403495
-0.407013
-0.410046
-0.412339
-0.41378
-0.414369
-0.414157
-0.413237
-0.411713
-0.409666
-0.407193
-0.404363
-0.401242
-0.397874
-0.394311
-0.390627
-0.386965
-0.383568
-0.380837
-0.3793
-0.379424
-0.381496
-0.385438
-0.390819
-0.397004
-0.403328
-0.409283
-0.414552
-0.419001
-0.422624
-0.425487
-0.42772
-0.429421
-0.430707
-0.431685
-0.43245
-0.43301
-0.433409
-0.43362
-0.433607
-0.433235
-0.432329
-0.430637
-0.427816
-0.423437
-0.417042
-0.408198
-0.396775
-0.383239
-0.368998
-0.356438
-0.348261
-0.346274
-0.350428
-0.358994
-0.369581
-0.380186
-0.389595
-0.397356
-0.403495
-0.408247
-0.411934
-0.414816
-0.417058
-0.418765
-0.419933
-0.420494
-0.420282
-0.419128
-0.416781
-0.412945
-0.40734
-0.399786
-0.390288
-0.379287
-0.367879
-0.357651
-0.350321
-0.346881
-0.347074
-0.349552
-0.352627
-0.355027
-0.356227
-0.356393
-0.356115
-0.356147
-0.357147
-0.35941
-0.362854
-0.367051
-0.371419
-0.375412
-0.378617
-0.380805
-0.381931
-0.382071
-0.381415
-0.380213
-0.378721
-0.377188
-0.375811
-0.37468
-0.373789
-0.373048
-0.372357
-0.371567
-0.370588
-0.369383
-0.367968
-0.366381
-0.364707
-0.363006
-0.361373
-0.359846
-0.35845
-0.357189
-0.356044
-0.355003
-0.354036
-0.353134
-0.352283
-0.351477
-0.350714
-0.349984
-0.349292
-0.34863
-0.347999
-0.347369
-0.346712
-0.346011
-0.345232
-0.344327
-0.343262
-0.341998
-0.340469
-0.338649
-0.336489
-0.333921
-0.330918
-0.327463
-0.323591
-0.319382
-0.314979
-0.310608
-0.306604
-0.303339
-0.3012
-0.300531
-0.301507
-0.304046
-0.307819
-0.312285
-0.316835
-0.320949
-0.324351
-0.327094
-0.329506
-0.332102
-0.335371
-0.339581
-0.344665
-0.350298
-0.356016
-0.361365
-0.365981
-0.369663
-0.372282
-0.373833
-0.374328
-0.373809
-0.372273
-0.369736
-0.366195
-0.361619
-0.356046
-0.349624
-0.342685
-0.335794
-0.329758
-0.325332
-0.323046
-0.322901
-0.324406
-0.326704
-0.328857
-0.330042
-0.329713
-0.327684
-0.324321
-0.320706
-0.318568
-0.319781
-0.325418
-0.335078
-0.347125
-0.359537
-0.370775
-0.380036
-0.387193
-0.392418
-0.396058
-0.398474
-0.399975
-0.400812
-0.40115
-0.401151
-0.4009
-0.400466
-0.399883
-0.399187
-0.398391
-0.397496
-0.396499
-0.395396
-0.394169
-0.392822
-0.391381
-0.389835
-0.38821
-0.386521
-0.384816
-0.383107
-0.381433
-0.379794
-0.378199
-0.376656
-0.375173
-0.373773
-0.372514
-0.371466
-0.370707
-0.370304
-0.370341
-0.370855
-0.371892
-0.373472
-0.375592
-0.378194
-0.381197
-0.384473
-0.387841
-0.391118
-0.394102
-0.396617
-0.398527
-0.399736
-0.400162
-0.399757
-0.398485
-0.396318
-0.393291
-0.389559
-0.385413
-0.381314
-0.377823
-0.375471
-0.374566
-0.37516
-0.377007
-0.379784
-0.383152
-0.386899
-0.390872
-0.394976
-0.399127
-0.403238
-0.407234
-0.411032
-0.414595
-0.417868
-0.420849
-0.423517
-0.425854
-0.427864
-0.429555
-0.430922
-0.431971
-0.432749
-0.433255
-0.433494
-0.433481
-0.433194
-0.432618
-0.431729
-0.430505
-0.428918
-0.426949
-0.424623
-0.421996
-0.41916
-0.416294
-0.413568
-0.411227
-0.409506
-0.408579
-0.40859
-0.409578
-0.411502
-0.414222
-0.417577
-0.421336
-0.425259
-0.429082
-0.432567
-0.435486
-0.4376
-0.438682
-0.438526
-0.436958
-0.433931
-0.429603
-0.424363
-0.418955
-0.414301
-0.411274
-0.410365
-0.411466
-0.413971
-0.417047
-0.420045
-0.422527
-0.424401
-0.425725
-0.426693
-0.427518
-0.428374
-0.42936
-0.430545
-0.431946
-0.433497
-0.435144
-0.436808
-0.438386
-0.439769
-0.440853
-0.441523
-0.441677
-0.441227
-0.4401
-0.43822
-0.435569
-0.432215
-0.428301
-0.424076
-0.41988
-0.416094
-0.41303
-0.410837
-0.409436
-0.408547
-0.407809
-0.406892
-0.405591
-0.403926
-0.402075
-0.40038
-0.399265
-0.399122
-0.400195
-0.402558
-0.406063
-0.410426
-0.415188
-0.419914
-0.424187
-0.427677
-0.430149
-0.431455
-0.431552
-0.430435
-0.428169
-0.424892
-0.420801
-0.416166
-0.411339
-0.406702
-0.402653
-0.399549
-0.39766
-0.397084
-0.397762
-0.399477
-0.401938
-0.404794
-0.407721
-0.41046
-0.412795
-0.414623
-0.415906
-0.416619
-0.41683
-0.416641
-0.416144
-0.415466
-0.414728
-0.414038
-0.413503
-0.413199
-0.413167
-0.413445
-0.414008
-0.414825
-0.415858
-0.417049
-0.418328
-0.419637
-0.420932
-0.42217
-0.423337
-0.4244
-0.425331
-0.426132
-0.426789
-0.42729
-0.427626
-0.42778
-0.42773
-0.427461
-0.426967
-0.426226
-0.425236
-0.424016
-0.422603
-0.421067
-0.419499
-0.418007
-0.416713
-0.415768
-0.415263
-0.415266
-0.41578
-0.416735
-0.418002
-0.419456
-0.420903
-0.422186
-0.423194
-0.423842
-0.424091
-0.424007
-0.423678
-0.423233
-0.422855
-0.422712
-0.422937
-0.423617
-0.424728
-0.426266
-0.428103
-0.430153
-0.432319
-0.43455
-0.436802
-0.439061
-0.441343
-0.443631
-0.445928
-0.44824
-0.450538
-0.452824
-0.455052
-0.457205
-0.45926
-0.461171
-0.462941
-0.464523
-0.465904
-0.467064
-0.468008
-0.468707
-0.469185
-0.469449
-0.469517
-0.469414
-0.469176
-0.468822
-0.468366
-0.467849
-0.467286
-0.46675
-0.466299
-0.466021
-0.466076
-0.466629
-0.467824
-0.46974
-0.472354
-0.475496
-0.47886
-0.482023
-0.48451
-0.485865
-0.485674
-0.48366
-0.479711
-0.474033
-0.467165
-0.460117
-0.45423
-0.450842
-0.450967
-0.454871
-0.462022
-0.471359
-0.48155
-0.491395
-0.49989
-0.506271
-0.509991
-0.510716
-0.508278
-0.502729
-0.494471
-0.484267
-0.473324
-0.463151
-0.455262
-0.45082
-0.450298
-0.453474
-0.45952
-0.467389
-0.476046
-0.484658
-0.49267
-0.499755
-0.50569
-0.510389
-0.513777
-0.515804
-0.516446
-0.515709
-0.51368
-0.510577
-0.506753
-0.502639
-0.498701
-0.495304
-0.492624
-0.490539
-0.488709
-0.486726
-0.484218
-0.481004
-0.477103
-0.47279
-0.468478
-0.464635
-0.461727
-0.460066
-0.459785
-0.46083
-0.463038
-0.466135
-0.469823
-0.47385
-0.477942
-0.48189
-0.485527
-0.488717
-0.491337
-0.493299
-0.49449
-0.494806
-0.494153
-0.492457
-0.489632
-0.485727
-0.480946
-0.475715
-0.470687
-0.466669
-0.464327
-0.463928
-0.465204
-0.467432
-0.469731
-0.471383
-0.471971
-0.471409
-0.469883
-0.467767
-0.465549
-0.463669
-0.462489
-0.462178
-0.462745
-0.464019
-0.465729
-0.467542
-0.469158
-0.470336
-0.470906
-0.470762
-0.469869
-0.468204
-0.46576
-0.462536
-0.458522
-0.45368
-0.448026
-0.441583
-0.434512
-0.427046
-0.419538
-0.412436
-0.406136
-0.400987
-0.397195
-0.394837
-0.393863
-0.394217
-0.395836
-0.398649
-0.402588
-0.407498
-0.413114
-0.41911
-0.42509
-0.430721
-0.435692
-0.439847
-0.443101
-0.445469
-0.447021
-0.447886
-0.448198
-0.448075
-0.447587
-0.446787
-0.445606
-0.443959
-0.44162
-0.43831
-0.43368
-0.427409
-0.41935
-0.409763
-0.399484
-0.390052
-0.383277
-0.380462
-0.381727
-0.386029
-0.391736
-0.397452
-0.402292
-0.405907
-0.408268
-0.409496
-0.409764
-0.409258
-0.408236
-0.406891
-0.405402
-0.403965
-0.402702
-0.401689
-0.40094
-0.400432
-0.400103
-0.399892
-0.399734
-0.399585
-0.39941
-0.399159
-0.398875
-0.398526
-0.398146
-0.397731
-0.397283
-0.396807
-0.39633
-0.395854
-0.395381
-0.394882
-0.394294
-0.393506
-0.392356
-0.390685
-0.38833
-0.385199
-0.381312
-0.376868
-0.372248
-0.367976
-0.364631
-0.362665
-0.362301
-0.363441
-0.365726
-0.368671
-0.371775
-0.374667
-0.377076
-0.378899
-0.380115
-0.380795
-0.381064
-0.381082
-0.381022
-0.381029
-0.381213
-0.381621
-0.382194
-0.382824
-0.38331
-0.383382
-0.382693
-0.380813
-0.377286
-0.371703
-0.363893
-0.354226
-0.343988
-0.335347
-0.33075
-0.331571
-0.337221
-0.345556
-0.354154
-0.361298
-0.36624
-0.368973
-0.369806
-0.369184
-0.367527
-0.365135
-0.362224
-0.35889
-0.355127
-0.350806
-0.345795
-0.33995
-0.333283
-0.326084
-0.31903
-0.313173
-0.309612
-0.309029
-0.311348
-0.31579
-0.321175
-0.326518
-0.331179
-0.334911
-0.337783
-0.33994
-0.341603
-0.342953
-0.34413
-0.345222
-0.346289
-0.347341
-0.348401
-0.34946
-0.350515
-0.351519
-0.35247
-0.35334
-0.354134
-0.354834
-0.355436
-0.355966
-0.356414
-0.356815
-0.357176
-0.357502
-0.357808
-0.358114
-0.358415
-0.358711
-0.359017
-0.359308
-0.359592
-0.359841
-0.360026
-0.36013
-0.36013
-0.35999
-0.359705
-0.359246
-0.358596
-0.35776
-0.35678
-0.355696
-0.354579
-0.353505
-0.352563
-0.351826
-0.351318
-0.351047
-0.350949
-0.350906
-0.350781
-0.350446
-0.349796
-0.348834
-0.34763
-0.346344
-0.34522
-0.344471
-0.344195
-0.344369
-0.344835
-0.345395
-0.345895
-0.346331
-0.346822
-0.347615
-0.34896
-0.351038
-0.353864
-0.357313
-0.361125
-0.365029
-0.368748
-0.372104
-0.374989
-0.377377
-0.379342
-0.381011
-0.382507
-0.383976
-0.38554
-0.387211
-0.388974
-0.390765
-0.392437
-0.393838
-0.394821
-0.395273
-0.395166
-0.394539
-0.393543
-0.39244
-0.391508
-0.39101
-0.391154
-0.392011
-0.393541
-0.3956
-0.397977
-0.400453
-0.402864
-0.405079
-0.407019
-0.408669
-0.410009
-0.411096
-0.411939
-0.412548
-0.412909
-0.412946
-0.412586
-0.411706
-0.410244
-0.408239
-0.405869
-0.403486
-0.401512
-0.40027
-0.399822
-0.399809
-0.399502
-0.398128
-0.395145
-0.390642
-0.385461
-0.380952
-0.378436
-0.378465
-0.380639
-0.383869
-0.387105
-0.389717
-0.391602
-0.393006
-0.394277
-0.3957
-0.39741
-0.399438
-0.401692
-0.404079
-0.406469
-0.408822
-0.411095
-0.413249
-0.415306
-0.417252
-0.419088
-0.420777
-0.422301
-0.423615
-0.424679
-0.425457
-0.425894
-0.42596
-0.425612
-0.424839
-0.423636
-0.421986
-0.419892
-0.417355
-0.4144
-0.411054
-0.407369
-0.403464
-0.399519
-0.395829
-0.392734
-0.390685
-0.390122
-0.391423
-0.394747
-0.399991
-0.406763
-0.414408
-0.422184
-0.429398
-0.435503
-0.440152
-0.443136
-0.444413
-0.444039
-0.442179
-0.439052
-0.43494
-0.430227
-0.42532
-0.420671
-0.416745
-0.413929
-0.412501
-0.412597
-0.414164
-0.416998
-0.420772
-0.425086
-0.429535
-0.433749
-0.437431
-0.440351
-0.442365
-0.44341
-0.443486
-0.442683
-0.441115
-0.438981
-0.436529
-0.434043
-0.431842
-0.4302
-0.429361
-0.429458
-0.430514
-0.432394
-0.434866
-0.437665
-0.440499
-0.443146
-0.445443
-0.447264
-0.448593
-0.449465
-0.449947
-0.450158
-0.450255
-0.450413
-0.450796
-0.451584
-0.452871
-0.454703
-0.457037
-0.459792
-0.462816
-0.465985
-0.469147
-0.47221
-0.475086
-0.477701
-0.480009
-0.481984
-0.483592
-0.48481
-0.485671
-0.486172
-0.486339
-0.486182
-0.485775
-0.485109
-0.484179
-0.482929
-0.481225
-0.478886
-0.475678
-0.471433
-0.46609
-0.459823
-0.453128
-0.446772
-0.441655
-0.438533
-0.437822
-0.439448
-0.442851
-0.4472
-0.451685
-0.455644
-0.458734
-0.46089
-0.462276
-0.46326
-0.464259
-0.465694
-0.467892
-0.471011
-0.475018
-0.479702
-0.484736
-0.489757
-0.494429
-0.498483
-0.501755
-0.504183
-0.505817
-0.506732
-0.507063
-0.506977
-0.506634
-0.506173
-0.505716
-0.505335
-0.505038
-0.50482
-0.504632
-0.504436
-0.504197
-0.503938
-0.503716
-0.503622
-0.503817
-0.504446
-0.505584
-0.507272
-0.509445
-0.511944
-0.514553
-0.517049
-0.519218
-0.520832
-0.52174
-0.52181
-0.52095
-0.51907
-0.516119
-0.512103
-0.507029
-0.501006
-0.494237
-0.487042
-0.479849
-0.47314
-0.467364
-0.462761
-0.459352
-0.456986
-0.455548
-0.455153
-0.456251
-0.459359
-0.464681
-0.471865
-0.480057
-0.488226
-0.495546
-0.501511
-0.505994
-0.509083
-0.511024
-0.512071
-0.512495
-0.512493
-0.512221
-0.51177
-0.5112
-0.510485
-0.509603
-0.508548
-0.507319
-0.505948
-0.504476
-0.502995
-0.501578
-0.500301
-0.499209
-0.498326
-0.497642
-0.497134
-0.496775
-0.496522
-0.496327
-0.496154
-0.495968
-0.49573
-0.495379
-0.494836
-0.493985
-0.49266
-0.49065
-0.487691
-0.483482
-0.477794
-0.470458
-0.4616
-0.451739
-0.441884
-0.433429
-0.427819
-0.426008
-0.428037
-0.433016
-0.439522
-0.446165
-0.451958
-0.456456
-0.459638
-0.461718
-0.463012
-0.463836
-0.464434
-0.464974
-0.465541
-0.466148
-0.466753
-0.467272
-0.467561
-0.467471
-0.466817
-0.465447
-0.463189
-0.45991
-0.455486
-0.449864
-0.443046
-0.435118
-0.426364
-0.417252
-0.408453
-0.400708
-0.394707
-0.390776
-0.388817
-0.38845
-0.389242
-0.390991
-0.393695
-0.397432
-0.402121
-0.407501
-0.413164
-0.418712
-0.423798
-0.428213
-0.431874
-0.434794
-0.437026
-0.438652
-0.439764
-0.440428
-0.440684
-0.440569
-0.440072
-0.43917
-0.437783
-0.43587
-0.433356
-0.430181
-0.426307
-0.421765
-0.416631
-0.411105
-0.405557
-0.400534
-0.396788
-0.395065
-0.395912
-0.399475
-0.40536
-0.412781
-0.420845
-0.428738
-0.435935
-0.442167
-0.447355
-0.451558
-0.454871
-0.457399
-0.459224
-0.460396
-0.460965
-0.460914
-0.460219
-0.458821
-0.456689
-0.45384
-0.450375
-0.446506
-0.442618
-0.439178
-0.436674
-0.435445
-0.435586
-0.436866
-0.43888
-0.441171
-0.443355
-0.445215
-0.446712
-0.447875
-0.44881
-0.449593
-0.450289
-0.45091
-0.451483
-0.452013
-0.452541
-0.45311
-0.453741
-0.45443
-0.45508
-0.455506
-0.45548
-0.454735
-0.453067
-0.450393
-0.446816
-0.44264
-0.438367
-0.434625
-0.432052
-0.431135
-0.432077
-0.434762
-0.438808
-0.443651
-0.448737
-0.453587
-0.45792
-0.461621
-0.464698
-0.467269
-0.469469
-0.471408
-0.473122
-0.474624
-0.475847
-0.476716
-0.477135
-0.477041
-0.476365
-0.475094
-0.473272
-0.470956
-0.468237
-0.465257
-0.462128
-0.458923
-0.455717
-0.452503
-0.449303
-0.446094
-0.442928
-0.439878
-0.437068
-0.43465
-0.43273
-0.431373
-0.430617
-0.430471
-0.430966
-0.432126
-0.433993
-0.43655
-0.439721
-0.443317
-0.447081
-0.45072
-0.45396
-0.456602
-0.45851
-0.459633
-0.45996
-0.459565
-0.458527
-0.456956
-0.45499
-0.452775
-0.450466
-0.448233
-0.44624
-0.444637
-0.443507
-0.442936
-0.442951
-0.443533
-0.444642
-0.446186
-0.448039
-0.450083
-0.45218
-0.454238
-0.456144
-0.457827
-0.45919
-0.460175
-0.460768
-0.460906
-0.460567
-0.459762
-0.458483
-0.456784
-0.454704
-0.452322
-0.449756
-0.447141
-0.444598
-0.442267
-0.440272
-0.438699
-0.43762
-0.437072
-0.437074
-0.437595
-0.43858
-0.439983
-0.441735
-0.443726
-0.445889
-0.448136
-0.450397
-0.452625
-0.45469
-0.456511
-0.457959
-0.458905
-0.45926
-0.458966
-0.4581
-0.45688
-0.455678
-0.454945
-0.455088
-0.456386
-0.458833
-0.462179
-0.465951
-0.469638
-0.47273
-0.474799
-0.475425
-0.474196
-0.470654
-0.464232
-0.454417
-0.440988
-0.424509
-0.406861
-0.391274
-0.381124
-0.378094
-0.381349
-0.388628
-0.397849
-0.407759
-0.417636
-0.426903
-0.435041
-0.441693
-0.446711
-0.450198
-0.452402
-0.453652
-0.454302
-0.454661
-0.455002
-0.455505
-0.456295
-0.457399
-0.458829
-0.460495
-0.462317
-0.464207
-0.466062
-0.4678
-0.469324
-0.47059
-0.47153
-0.472119
-0.472307
-0.472078
-0.471389
-0.470252
-0.468633
-0.466497
-0.463827
-0.460561
-0.456661
-0.452084
-0.446856
-0.441074
-0.434962
-0.428848
-0.423194
-0.418495
-0.415167
-0.413452
-0.413363
-0.414705
-0.417164
-0.420391
-0.424056
-0.42792
-0.431776
-0.435493
-0.439002
-0.442265
-0.44526
-0.448002
-0.450478
-0.452693
-0.454634
-0.456292
-0.457651
-0.458719
-0.459492
-0.459994
-0.460236
-0.46023
-0.460006
-0.459578
-0.458962
-0.45812
-0.457066
-0.455772
-0.454199
-0.45233
-0.450135
-0.447606
-0.444783
-0.441731
-0.43859
-0.435561
-0.432915
-0.430909
-0.429778
-0.429657
-0.430551
-0.432319
-0.434731
-0.43746
-0.440195
-0.442637
-0.444542
-0.445744
-0.446173
-0.445852
-0.444944
-0.443726
-0.442604
-0.44202
-0.44233
-0.443742
-0.446226
-0.449578
-0.453442
-0.457454
-0.461304
-0.464754
-0.467678
-0.470007
-0.471731
-0.472859
-0.47343
-0.47351
-0.473155
-0.472462
-0.471521
-0.470429
-0.469279
-0.468139
-0.467038
-0.465957
-0.464877
-0.463785
-0.462732
-0.461873
-0.461462
-0.461831
-0.463244
-0.465863
-0.469608
-0.474224
-0.479349
-0.484537
-0.489421
-0.493743
-0.497327
-0.500051
-0.501893
-0.502875
-0.503031
-0.502457
-0.501254
-0.4996
-0.497669
-0.495671
-0.493795
-0.492164
-0.490831
-0.48972
-0.488692
-0.487614
-0.486354
-0.484901
-0.483336
-0.481851
-0.480735
-0.480279
-0.480772
-0.482392
-0.485204
-0.489133
-0.494007
-0.499531
-0.505378
-0.511231
-0.516759
-0.521632
-0.525501
-0.527918
-0.528386
-0.526321
-0.521201
-0.512891
-0.502205
-0.491263
-0.483249
-0.480958
-0.484899
-0.492913
-0.501667
-0.508467
-0.512024
-0.512236
-0.509621
-0.505017
-0.499211
-0.492854
-0.486398
-0.48013
-0.474339
-0.469531
-0.466454
-0.465956
-0.468493
-0.473838
-0.481124
-0.489163
-0.496902
-0.503667
-0.509106
-0.513137
-0.515815
-0.517222
-0.51744
-0.516549
-0.514654
-0.511856
-0.508298
-0.504171
-0.499713
-0.49518
-0.490843
-0.486888
-0.483491
-0.480718
-0.478532
-0.476845
-0.475488
-0.474272
-0.472992
-0.471469
-0.469603
-0.46747
-0.465275
-0.4634
-0.46229
-0.462356
-0.463827
-0.466639
-0.470506
-0.474981
-0.479578
-0.483918
-0.487706
-0.490726
-0.492905
-0.494169
-0.494514
-0.493964
-0.492557
-0.490327
-0.487321
-0.483618
-0.479265
-0.474323
-0.468886
-0.463074
-0.457027
-0.45094
-0.445079
-0.439778
-0.435396
-0.432242
-0.43052
-0.430249
-0.431274
-0.433267
-0.435821
-0.43856
-0.441151
-0.443412
-0.445267
-0.446699
-0.447744
-0.448454
-0.448837
-0.448843
-0.448345
-0.447189
-0.445194
-0.442219
-0.438213
-0.433339
-0.427944
-0.422603
-0.418078
-0.415083
-0.41414
-0.41541
-0.418619
-0.423198
-0.428463
-0.433804
-0.438742
-0.442976
-0.44638
-0.448918
-0.450634
-0.451572
-0.451818
-0.451434
-0.450478
-0.448993
-0.447009
-0.44455
-0.441623
-0.438251
-0.434478
-0.43036
-0.426017
-0.421658
-0.417532
-0.41396
-0.411271
-0.409718
-0.409375
-0.410133
-0.411696
-0.413676
-0.415711
-0.417533
-0.419042
-0.420217
-0.421135
-0.421826
-0.422301
-0.422524
-0.422487
-0.42216
-0.421649
-0.421066
-0.420532
-0.420118
-0.41977
-0.419392
-0.418856
-0.418149
-0.417415
-0.416893
-0.416836
-0.417374
-0.418436
-0.419781
-0.421042
-0.421881
-0.422078
-0.42154
-0.420285
-0.418427
-0.416109
-0.413481
-0.410666
-0.407805
-0.404999
-0.402356
-0.400002
-0.398122
-0.396921
-0.39668
-0.39765
-0.39999
-0.403719
-0.408613
-0.414292
-0.420296
-0.426159
-0.431511
-0.436091
-0.439764
-0.442448
-0.444131
-0.444826
-0.444611
-0.443573
-0.44186
-0.43966
-0.437211
-0.434755
-0.43247
-0.430436
-0.428607
-0.42682
-0.424897
-0.422706
-0.420276
-0.417787
-0.415573
-0.414048
-0.413562
-0.414313
-0.416265
-0.419196
-0.422787
-0.426617
-0.430338
-0.433667
-0.436367
-0.43827
-0.439294
-0.439401
-0.438655
-0.437233
-0.435424
-0.433601
-0.432199
-0.431616
-0.432109
-0.433765
-0.436472
-0.439942
-0.443807
-0.447678
-0.451232
-0.454219
-0.456458
-0.457844
-0.45829
-0.45774
-0.456072
-0.453136
-0.448711
-0.44257
-0.434529
-0.42464
-0.413451
-0.402317
-0.393289
-0.388538
-0.389223
-0.394839
-0.403541
-0.413207
-0.422229
-0.429841
-0.435852
-0.440391
-0.443709
-0.446038
-0.447583
-0.448497
-0.448918
-0.448972
-0.448789
-0.448502
-0.448293
-0.448321
-0.448735
-0.449641
-0.451111
-0.453117
-0.455581
-0.458341
-0.461232
-0.464043
-0.466621
-0.468805
-0.470495
-0.471611
-0.472128
-0.472043
-0.471372
-0.470162
-0.46846
-0.466344
-0.463908
-0.461226
-0.458402
-0.455527
-0.452652
-0.449804
-0.446982
-0.444173
-0.441377
-0.438627
-0.436014
-0.433673
-0.431775
-0.430476
-0.42991
-0.430206
-0.431508
-0.433885
-0.437274
-0.441427
-0.445969
-0.450463
-0.454507
-0.457797
-0.460153
-0.461546
-0.462033
-0.461776
-0.461002
-0.459963
-0.458905
-0.458083
-0.45766
-0.457717
-0.458248
-0.459135
-0.460223
-0.461355
-0.462371
-0.463148
-0.463616
-0.46373
-0.463478
-0.462875
-0.461934
-0.460687
-0.459169
-0.457407
-0.455429
-0.453257
-0.450896
-0.448327
-0.445547
-0.442478
-0.439009
-0.434953
-0.430099
-0.424224
-0.417154
-0.408988
-0.400292
-0.39226
-0.386548
-0.384629
-0.386926
-0.392523
-0.399581
-0.406288
-0.411416
-0.414505
-0.415676
-0.415368
-0.414166
-0.412649
-0.411282
-0.410373
-0.410103
-0.41044
-0.411273
-0.412394
-0.413566
-0.414538
-0.415061
-0.414924
-0.413923
-0.411913
-0.408848
-0.404839
-0.400188
-0.395434
-0.39136
-0.388776
-0.38828
-0.390083
-0.393918
-0.399145
-0.405057
-0.41103
-0.416645
-0.421675
-0.426047
-0.429748
-0.432807
-0.435269
-0.43716
-0.438489
-0.439233
-0.439369
-0.438822
-0.437482
-0.435233
-0.431947
-0.427444
-0.421595
-0.414327
-0.405772
-0.396353
-0.386892
-0.378601
-0.372802
-0.370469
-0.371813
-0.376169
-0.382268
-0.388831
-0.394908
-0.40001
-0.404002
-0.406993
-0.409155
-0.410743
-0.411934
-0.412886
-0.413715
-0.414466
-0.415159
-0.415737
-0.416109
-0.416164
-0.415767
-0.414792
-0.413116
-0.410653
-0.407363
-0.403275
-0.398505
-0.393191
-0.387541
-0.38179
-0.376142
-0.37077
-0.36574
-0.361056
-0.356676
-0.352585
-0.348961
-0.346221
-0.34493
-0.345645
-0.348617
-0.353607
-0.359931
-0.366701
-0.373114
-0.37859
-0.382864
-0.385904
-0.387804
-0.388747
-0.388935
-0.388585
-0.387851
-0.386883
-0.385785
-0.384654
-0.383539
-0.382472
-0.381485
-0.380605
-0.379831
-0.379187
-0.37868
-0.378323
-0.378109
-0.378043
-0.378111
-0.378319
-0.37866
-0.379122
-0.379664
-0.380286
-0.380972
-0.381704
-0.382476
-0.383265
-0.384072
-0.384888
-0.385707
-0.386498
-0.387267
-0.387984
-0.388601
-0.389074
-0.389339
-0.389327
-0.38893
-0.388101
-0.386773
-0.384929
-0.382569
-0.379752
-0.376522
-0.372956
-0.369129
-0.365146
-0.361225
-0.357713
-0.355041
-0.35362
-0.353679
-0.355196
-0.357839
-0.361126
-0.364552
-0.367706
-0.370322
-0.372249
-0.373481
-0.374133
-0.374429
-0.374659
-0.375176
-0.376302
-0.378257
-0.381143
-0.384868
-0.389219
-0.393909
-0.398594
-0.403012
-0.40693
-0.410251
-0.41288
-0.414815
-0.41611
-0.416801
-0.416986
-0.41679
-0.416281
-0.415554
-0.41472
-0.413847
-0.413023
-0.412334
-0.411823
-0.411571
-0.41164
-0.412042
-0.412794
-0.413872
-0.415205
-0.416662
-0.418081
-0.419284
-0.420046
-0.420162
-0.419446
-0.417714
-0.41487
-0.410868
-0.405762
-0.399738
-0.393063
-0.386093
-0.379285
-0.373005
-0.367628
-0.36347
-0.360783
-0.359735
-0.360382
-0.362578
-0.365953
-0.370007
-0.374164
-0.377982
-0.38127
-0.384128
-0.386879
-0.389939
-0.393588
-0.397844
-0.402481
-0.407142
-0.411444
-0.41515
-0.418112
-0.420345
-0.421946
-0.423041
-0.423751
-0.42414
-0.42429
-0.42422
-0.423924
-0.423398
-0.422596
-0.421499
-0.42008
-0.418301
-0.416156
-0.413635
-0.410737
-0.407518
-0.404059
-0.400556
-0.397284
-0.394577
-0.392814
-0.392269
-0.393077
-0.395126
-0.398076
-0.401445
-0.404689
-0.407309
-0.408927
-0.40932
-0.408456
-0.406525
-0.403909
-0.401134
-0.398811
-0.397474
-0.39745
-0.398738
-0.401061
-0.403884
-0.406596
-0.408612
-0.409486
-0.408938
-0.40689
-0.403491
-0.399119
-0.394363
-0.389975
-0.386741
-0.385287
-0.38593
-0.388546
-0.392718
-0.397797
-0.40314
-0.408216
-0.412644
-0.41625
-0.418998
-0.420957
-0.422249
-0.423044
-0.423513
-0.423817
-0.424089
-0.424471
-0.425044
-0.425876
-0.426962
-0.42828
-0.42969
-0.431036
-0.432121
-0.432694
-0.432541
-0.431549
-0.429699
-0.427196
-0.424369
-0.421649
-0.419447
-0.41796
-0.417067
-0.416372
-0.415405
-0.41373
-0.411165
-0.407838
-0.404122
-0.40053
-0.397518
-0.395395
-0.394162
-0.393562
-0.393132
-0.392284
-0.390529
-0.387536
-0.383276
-0.378194
-0.373191
-0.369505
-0.368335
-0.370397
-0.37565
-0.383366
-0.392408
-0.401606
-0.410001
-0.416927
-0.422051
-0.425318
-0.426905
-0.42713
-0.426457
-0.425344
-0.424237
-0.423458
-0.423167
-0.423324
-0.423798
-0.424338
-0.424757
-0.424851
-0.424573
-0.42393
-0.423075
-0.422202
-0.421497
-0.421104
-0.421021
-0.421098
-0.421084
-0.420707
-0.419721
-0.418075
-0.415851
-0.413404
-0.411209
-0.409805
-0.409657
-0.411007
-0.413856
-0.417899
-0.422717
-0.427821
-0.432818
-0.437415
-0.441489
-0.44498
-0.447931
-0.450404
-0.45249
-0.454251
-0.455746
-0.456998
-0.458022
-0.458802
-0.459327
-0.459559
-0.459478
-0.459062
-0.458279
-0.457123
-0.455582
-0.453647
-0.451352
-0.448721
-0.445747
-0.442486
-0.438992
-0.435355
-0.431777
-0.42861
-0.426365
-0.425682
-0.4271
-0.430801
-0.436504
-0.443466
-0.450745
-0.45745
-0.462933
-0.466822
-0.468994
-0.469505
-0.468544
-0.466473
-0.463744
-0.460893
-0.458452
-0.456803
-0.456063
-0.456087
-0.456576
-0.457212
-0.457783
-0.45827
-0.458769
-0.459442
-0.460372
-0.461586
-0.463007
-0.464576
-0.466206
-0.46789
-0.469591
-0.471242
-0.47269
-0.473761
-0.474291
-0.474232
-0.473658
-0.472801
-0.471896
-0.47108
-0.470178
-0.468733
-0.466133
-0.461971
-0.45637
-0.450157
-0.444676
-0.441113
-0.439669
-0.439403
-0.43888
-0.437282
-0.435201
-0.434402
-0.436817
-0.443209
-0.452692
-0.463387
-0.473502
-0.481927
-0.488266
-0.492595
-0.495155
-0.496204
-0.495956
-0.494591
-0.492324
-0.489371
-0.486081
-0.482833
-0.48004
-0.477946
-0.476572
-0.475665
-0.47486
-0.473862
-0.47264
-0.471534
-0.471155
-0.472115
-0.474722
-0.478714
-0.483322
-0.487551
-0.490501
-0.491585
-0.490581
-0.487563
-0.482864
-0.476976
-0.470421
-0.463711
-0.45721
-0.451115
-0.445468
-0.440206
-0.435338
-0.431018
-0.427573
-0.425436
-0.425028
-0.426583
-0.430134
-0.435503
-0.442373
-0.450328
-0.458908
-0.467693
-0.476257
-0.48421
-0.491255
-0.497152
-0.501768
-0.50499
-0.506756
-0.507027
-0.505753
-0.502868
-0.498359
-0.49228
-0.484928
-0.476918
-0.469254
-0.463181
-0.459765
-0.459471
-0.46195
-0.466196
-0.47109
-0.475719
-0.479535
-0.482347
-0.484115
-0.484893
-0.484719
-0.483589
-0.481444
-0.478196
-0.473692
-0.467782
-0.460307
-0.451217
-0.44065
-0.429182
-0.417974
-0.408686
-0.403004
-0.401825
-0.404871
-0.410871
-0.418383
-0.426311
-0.434036
-0.44117
-0.447373
-0.452294
-0.455538
-0.456736
-0.455668
-0.45214
-0.44613
-0.43772
-0.427196
-0.415101
-0.402278
-0.389833
-0.379065
-0.371152
-0.366874
-0.366465
-0.369551
-0.375329
-0.382744
-0.390726
-0.398346
-0.404945
-0.410156
-0.413941
-0.41647
-0.418089
-0.419205
-0.42015
-0.421156
-0.422267
-0.423367
-0.4243
-0.42484
-0.424841
-0.424241
-0.423016
-0.421195
-0.418906
-0.416258
-0.413402
-0.410489
-0.407633
-0.404915
-0.402398
-0.400083
-0.397941
-0.39595
-0.394096
-0.392381
-0.390896
-0.389744
-0.389038
-0.388856
-0.389257
-0.390194
-0.391557
-0.393207
-0.394973
-0.396693
-0.398233
-0.399495
-0.400418
-0.400997
-0.401285
-0.401347
-0.401322
-0.401357
-0.40158
-0.402107
-0.402982
-0.404175
-0.405597
-0.407078
-0.408489
-0.409709
-0.410711
-0.411506
-0.412214
-0.412915
-0.413658
-0.41438
-0.414858
-0.414789
-0.413828
-0.411726
-0.408536
-0.404655
-0.400866
-0.398073
-0.396956
-0.397654
-0.399741
-0.402497
-0.405339
-0.408012
-0.410589
-0.413321
-0.416439
-0.420047
-0.424029
-0.428164
-0.432155
-0.435713
-0.438619
-0.440771
-0.442127
-0.44272
-0.442641
-0.441985
-0.440877
-0.439422
-0.437742
-0.435942
-0.434135
-0.432444
-0.43101
-0.429967
-0.429458
-0.429639
-0.430619
-0.432438
-0.435066
-0.438441
-0.442385
-0.446713
-0.451201
-0.45561
-0.459741
-0.463432
-0.466522
-0.468942
-0.470614
-0.471533
-0.471708
-0.471181
-0.470031
-0.468377
-0.466339
-0.464043
-0.461608
-0.459119
-0.456651
-0.454241
-0.451919
-0.44975
-0.447842
-0.446305
-0.445233
-0.444709
-0.44468
-0.445011
-0.445487
-0.445894
-0.446039
-0.445872
-0.445438
-0.444889
-0.444455
-0.444395
-0.444909
-0.446109
-0.447959
-0.450289
-0.452832
-0.455292
-0.457383
-0.458921
-0.459766
-0.459817
-0.459006
-0.457298
-0.454713
-0.451306
-0.447265
-0.442842
-0.438327
-0.433955
-0.429847
-0.426169
-0.423097
-0.421163
-0.421126
-0.423729
-0.429282
-0.437318
-0.446766
-0.456293
-0.464809
-0.471555
-0.476145
-0.478425
-0.478338
-0.475972
-0.471547
-0.46555
-0.458809
-0.452428
-0.447609
-0.445117
-0.445042
-0.446749
-0.449237
-0.4516
-0.453321
-0.45429
-0.45466
-0.454753
-0.454851
-0.455126
-0.455614
-0.456192
-0.456672
-0.456826
-0.456478
-0.455504
-0.453912
-0.451747
-0.449102
-0.446047
-0.442619
-0.438838
-0.434704
-0.430255
-0.425609
-0.420986
-0.416678
-0.412995
-0.410199
-0.408477
-0.407894
-0.408396
-0.40984
-0.412065
-0.414921
-0.418297
-0.422107
-0.426253
-0.430649
-0.435143
-0.43957
-0.443764
-0.44758
-0.450906
-0.453692
-0.455967
-0.457786
-0.459247
-0.460454
-0.461507
-0.462449
-0.46331
-0.464029
-0.464535
-0.464684
-0.464309
-0.463196
-0.461145
-0.457942
-0.45339
-0.447353
-0.439796
-0.430837
-0.420745
-0.40993
-0.398799
-0.387725
-0.377027
-0.367047
-0.35835
-0.351733
-0.348091
-0.348246
-0.352671
-0.361226
-0.373126
-0.387001
-0.401329
-0.414792
-0.426545
-0.43619
-0.443665
-0.449054
-0.452584
-0.454447
-0.454869
-0.454022
-0.452081
-0.449196
-0.445532
-0.441227
-0.436418
-0.431186
-0.42563
-0.419758
-0.413579
-0.407095
-0.400346
-0.393469
-0.3867
-0.380399
-0.374974
-0.370781
-0.368054
-0.36685
-0.367019
-0.368313
-0.370427
-0.373075
-0.375996
-0.378994
-0.381904
-0.384599
-0.386946
-0.388847
-0.390245
-0.391118
-0.391474
-0.391379
-0.390949
-0.390317
-0.389676
-0.389177
-0.388985
-0.389193
-0.389841
-0.390905
-0.392331
-0.394022
-0.395861
-0.397766
-0.39963
-0.401394
-0.403003
-0.404414
-0.405626
-0.40663
-0.407428
-0.408048
-0.408467
-0.408715
-0.408791
-0.408711
-0.408464
-0.408045
-0.407462
-0.406713
-0.405811
-0.404812
-0.403749
-0.402697
-0.401735
-0.400978
-0.400459
-0.400213
-0.400234
-0.40047
-0.400846
-0.401307
-0.40178
-0.402245
-0.402679
-0.403069
-0.403369
-0.403518
-0.40345
-0.403047
-0.402226
-0.400952
-0.399234
-0.397156
-0.394823
-0.392379
-0.389967
-0.387719
-0.385694
-0.383943
-0.382467
-0.381297
-0.380517
-0.380335
-0.381025
-0.382869
-0.386007
-0.390358
-0.39559
-0.40121
-0.406701
-0.411636
-0.415779
-0.41908
-0.42162
-0.423528
-0.424904
-0.425782
-0.426071
-0.425718
-0.424722
-0.423301
-0.421883
-0.420985
-0.421022
-0.42217
-0.424226
-0.426666
-0.428831
-0.430082
-0.429983
-0.428372
-0.425528
-0.422189
-0.419374
-0.41806
-0.418737
-0.421223
-0.424833
-0.428728
-0.43226
-0.435186
-0.437517
-0.439449
-0.441223
-0.442965
-0.444712
-0.446366
-0.447797
-0.448898
-0.44964
-0.450078
-0.450357
-0.450686
-0.451268
-0.452287
-0.453866
-0.456049
-0.458742
-0.461857
-0.465156
-0.468399
-0.471269
-0.473424
-0.474472
-0.47403
-0.471687
-0.467158
-0.460366
-0.451681
-0.441992
-0.432621
-0.424946
-0.419908
-0.41764
-0.417658
-0.41928
-0.422042
-0.425766
-0.430471
-0.436134
-0.442618
-0.449649
-0.456838
-0.463762
-0.470031
-0.475319
-0.479402
-0.482123
-0.483392
-0.48319
-0.481578
-0.478718
-0.474919
-0.470704
-0.466734
-0.463694
-0.462101
-0.462123
-0.463565
-0.46593
-0.468723
-0.47156
-0.474217
-0.476655
-0.478885
-0.48095
-0.482856
-0.484593
-0.486119
-0.48741
-0.488447
-0.489217
-0.48972
-0.489978
-0.489997
-0.489784
-0.489373
-0.488776
-0.488016
-0.487127
-0.486113
-0.485011
-0.483836
-0.482603
-0.481306
-0.479936
-0.478488
-0.47695
-0.475306
-0.473616
-0.471904
-0.470226
-0.468699
-0.467367
-0.466251
-0.465341
-0.464549
-0.463741
-0.462768
-0.461496
-0.459807
-0.457652
-0.455011
-0.451876
-0.448286
-0.444287
-0.439928
-0.435312
-0.430607
-0.426057
-0.422013
-0.418895
-0.417128
-0.417066
-0.418904
-0.422563
-0.427758
-0.434052
-0.440923
-0.447896
-0.454558
-0.460647
-0.465991
-0.470525
-0.47424
-0.477192
-0.479446
-0.481088
-0.4822
-0.482834
-0.483065
-0.482929
-0.482458
-0.481648
-0.480514
-0.479065
-0.477288
-0.475187
-0.472745
-0.469969
-0.466853
-0.463438
-0.459762
-0.455912
-0.452053
-0.448387
-0.445192
-0.442752
-0.441255
-0.440772
-0.441231
-0.442445
-0.444211
-0.446415
-0.449027
-0.452076
-0.455595
-0.459483
-0.463549
-0.467497
-0.470996
-0.473823
-0.475784
-0.476818
-0.476961
-0.476311
-0.475058
-0.473463
-0.471802
-0.47036
-0.469356
-0.46891
-0.468982
-0.469406
-0.469911
-0.470189
-0.470008
-0.469209
-0.467843
-0.46609
-0.464273
-0.462791
-0.461999
-0.462217
-0.46363
-0.466276
-0.46997
-0.474424
-0.479218
-0.483965
-0.488287
-0.491864
-0.49447
-0.495876
-0.495871
-0.494267
-0.490971
-0.486069
-0.479869
-0.473042
-0.466602
-0.461709
-0.459474
-0.460556
-0.464969
-0.472078
-0.480825
-0.490056
-0.498808
-0.506475
-0.512743
-0.517628
-0.521293
-0.524028
-0.526132
-0.527831
-0.529246
-0.530401
-0.531213
-0.531509
-0.531083
-0.52971
-0.527232
-0.523578
-0.518844
-0.513312
-0.507463
-0.501988
-0.497539
-0.494652
-0.493453
-0.493668
-0.494672
-0.495649
-0.49585
-0.494724
-0.492084
-0.48811
-0.483322
-0.478435
-0.474136
-0.470788
-0.468277
-0.466075
-0.463566
-0.460484
-0.457258
-0.454977
-0.454913
-0.457748
-0.463106
-0.46975
-0.476218
-0.481295
-0.484189
-0.484446
-0.481879
-0.47648
-0.468436
-0.458223
-0.446628
-0.434749
-0.423841
-0.415039
-0.409151
-0.406501
-0.406968
-0.410082
-0.415188
-0.421557
-0.428483
-0.435399
-0.441904
-0.447722
-0.452745
-0.456936
-0.460307
-0.462876
-0.464677
-0.465749
-0.466161
-0.465972
-0.465242
-0.464053
-0.462476
-0.460559
-0.458385
-0.455997
-0.453424
-0.45072
-0.447904
-0.445019
-0.442063
-0.439065
-0.436058
-0.433066
-0.430129
-0.427281
-0.424599
-0.422135
-0.419967
-0.418193
-0.416921
-0.416215
-0.416104
-0.416526
-0.417323
-0.418185
-0.418698
-0.418318
-0.416383
-0.412167
-0.404963
-0.394336
-0.380486
-0.364796
-0.34989
-0.338894
-0.333836
-0.334493
-0.338893
-0.344881
-0.35102
-0.356657
-0.361496
-0.365372
-0.368257
-0.37026
-0.371686
-0.372969
-0.374534
-0.376713
-0.379621
-0.383174
-0.387142
-0.391197
-0.395056
-0.398482
-0.40137
-0.403657
-0.405379
-0.406611
-0.407446
-0.407967
-0.408263
-0.40841
-0.408464
-0.408445
-0.408395
-0.408319
-0.40818
-0.407952
-0.407604
-0.407046
-0.406194
-0.404947
-0.403181
-0.400753
-0.397548
-0.393445
-0.388367
-0.382302
-0.375345
-0.367718
-0.359759
-0.351906
-0.344716
-0.338818
-0.334982
-0.334027
-0.336551
-0.342525
-0.351076
-0.360714
-0.369762
-0.376867
-0.381194
-0.382469
-0.380885
-0.377027
-0.371781
-0.366217
-0.361359
-0.357952
-0.356325
-0.356498
-0.358292
-0.361492
-0.365816
-0.370997
-0.376658
-0.382347
-0.387606
-0.392028
-0.395296
-0.397259
-0.397903
-0.397394
-0.396035
-0.3943
-0.392722
-0.391833
-0.391979
-0.393335
-0.39575
-0.398921
-0.40246
-0.406014
-0.409331
-0.412277
-0.414784
-0.416869
-0.418581
-0.419955
-0.421085
-0.422014
-0.422777
-0.423432
-0.423999
-0.424504
-0.424977
-0.42542
-0.425816
-0.426169
-0.426454
-0.426663
-0.426761
-0.426706
-0.426458
-0.425973
-0.425205
-0.424141
-0.422792
-0.421187
-0.419399
-0.417523
-0.415693
-0.41401
-0.41255
-0.411413
-0.410627
-0.410244
-0.41028
-0.410788
-0.411809
-0.413343
-0.415385
-0.417881
-0.420743
-0.423838
-0.427022
-0.430142
-0.433059
-0.435641
-0.437796
-0.439478
-0.440674
-0.441455
-0.441891
-0.442148
-0.442451
-0.442998
-0.443987
-0.445504
-0.447583
-0.450123
-0.45291
-0.455724
-0.458326
-0.460553
-0.462228
-0.463272
-0.463675
-0.463478
-0.462726
-0.461541
-0.460044
-0.458397
-0.456728
-0.455128
-0.453653
-0.452296
-0.450983
-0.449616
-0.448054
-0.446194
-0.443964
-0.441321
-0.438286
-0.434943
-0.431462
-0.42806
-0.42501
-0.422595
-0.421047
-0.420485
-0.420838
-0.421843
-0.423056
-0.423931
-0.423933
-0.422648
-0.419891
-0.415772
-0.410781
-0.405711
-0.401471
-0.398777
-0.397868
-0.398433
-0.399829
-0.401431
-0.40286
-0.404121
-0.405511
-0.407446
-0.410259
-0.414071
-0.418765
-0.424097
-0.429656
-0.435069
-0.4399
-0.443751
-0.446302
-0.447284
-0.446595
-0.444244
-0.440449
-0.435636
-0.430467
-0.425714
-0.422187
-0.420505
-0.420967
-0.42348
-0.427606
-0.43273
-0.438158
-0.443278
-0.447562
-0.450661
-0.452362
-0.452605
-0.451392
-0.448829
-0.445092
-0.440402
-0.435008
-0.429213
-0.423308
-0.41758
-0.4123
-0.407734
-0.404108
-0.401593
-0.400309
-0.400308
-0.40158
-0.404006
-0.407435
-0.411636
-0.416289
-0.421102
-0.425801
-0.430207
-0.434212
-0.437759
-0.440842
-0.443436
-0.445538
-0.447128
-0.448199
-0.448746
-0.448782
-0.448328
-0.447418
-0.446104
-0.444448
-0.442521
-0.440361
-0.438056
-0.435674
-0.433278
-0.430955
-0.428764
-0.426755
-0.424949
-0.42337
-0.421971
-0.420691
-0.419445
-0.418155
-0.416775
-0.415271
-0.413674
-0.412078
-0.410634
-0.40954
-0.408984
-0.409111
-0.409961
-0.411493
-0.413557
-0.415952
-0.418515
-0.421053
-0.423402
-0.425455
-0.427079
-0.428187
-0.428696
-0.428517
-0.427601
-0.425917
-0.423429
-0.420166
-0.416232
-0.41177
-0.407055
-0.402436
-0.398321
-0.395148
-0.393255
-0.392817
-0.393849
-0.396145
-0.399381
-0.403177
-0.407153
-0.410994
-0.414483
-0.417535
-0.420178
-0.422531
-0.424726
-0.426907
-0.429108
-0.431272
-0.433287
-0.435046
-0.436436
-0.437434
-0.438056
-0.438379
-0.438467
-0.438385
-0.43813
-0.437707
-0.437042
-0.43603
-0.434571
-0.432539
-0.429863
-0.426485
-0.422396
-0.417618
-0.412285
-0.40656
-0.400736
-0.395145
-0.390192
-0.386271
-0.38371
-0.38269
-0.383237
-0.385182
-0.388207
-0.391915
-0.39588
-0.399737
-0.403198
-0.406031
-0.408046
-0.40914
-0.40921
-0.408179
-0.406051
-0.402929
-0.399071
-0.394905
-0.390981
-0.387841
-0.385776
-0.384704
-0.384121
-0.383351
-0.381759
-0.379002
-0.375145
-0.370636
-0.36612
-0.362311
-0.359741
-0.358583
-0.358656
-0.359525
-0.360593
-0.361264
-0.361003
-0.359472
-0.356579
-0.352529
-0.348003
-0.344059
-0.342059
-0.343141
-0.347648
-0.354949
-0.363674
-0.372405
-0.380021
-0.385884
-0.38975
-0.391584
-0.391437
-0.389395
-0.385519
-0.379854
-0.372526
-0.363768
-0.354058
-0.344109
-0.334886
-0.327444
-0.322624
-0.320732
-0.321529
-0.324319
-0.328294
-0.332785
-0.337322
-0.341658
-0.34567
-0.349337
-0.352634
-0.355553
-0.358087
-0.360235
-0.361994
-0.363362
-0.364363
-0.365025
-0.365371
-0.365447
-0.365291
-0.364934
-0.364409
-0.363741
-0.362929
-0.361979
-0.360894
-0.359642
-0.358176
-0.356428
-0.354321
-0.351751
-0.348585
-0.344726
-0.340109
-0.334835
-0.32921
-0.323812
-0.319493
-0.31708
-0.317148
-0.319721
-0.32426
-0.329919
-0.335784
-0.34123
-0.345882
-0.349635
-0.352521
-0.354664
-0.356214
-0.357337
-0.358138
-0.358753
-0.359241
-0.359691
-0.36013
-0.3606
-0.361106
-0.361641
-0.362181
-0.362709
-0.363146
-0.363449
-0.363532
-0.363329
-0.362751
-0.361723
-0.360173
-0.358076
-0.355377
-0.352121
-0.348357
-0.344183
-0.339786
-0.335369
-0.331228
-0.327692
-0.325174
-0.324083
-0.324811
-0.327612
-0.332537
-0.339345
-0.347509
-0.356379
-0.365286
-0.373678
-0.381182
-0.387622
-0.392985
-0.397337
-0.400798
-0.403503
-0.405603
-0.407229
-0.408505
-0.409531
-0.410398
-0.411196
-0.411974
-0.412768
-0.413567
-0.41434
-0.415017
-0.415523
-0.41578
-0.415709
-0.415306
-0.414513
-0.413333
-0.411735
-0.409677
-0.407068
-0.403791
-0.399721
-0.39475
-0.388786
-0.38174
-0.373592
-0.364451
-0.354817
-0.345884
-0.339792
-0.339107
-0.345504
-0.358473
-0.375454
-0.393253
-0.409432
-0.422851
-0.433339
-0.441236
-0.447057
-0.451259
-0.454235
-0.456266
-0.457515
-0.458087
-0.458013
-0.457298
-0.455919
-0.453875
-0.451184
-0.447935
-0.444266
-0.440415
-0.436691
-0.433451
-0.431012
-0.429661
-0.429525
-0.430595
-0.432685
-0.435535
-0.438869
-0.442453
-0.446124
-0.449858
-0.453648
-0.457483
-0.461249
-0.464732
-0.467663
-0.469753
-0.47079
-0.470696
-0.469527
-0.46747
-0.464827
-0.461915
-0.459044
-0.456445
-0.4542
-0.45227
-0.450524
-0.448798
-0.446971
-0.445063
-0.443207
-0.441643
-0.440572
-0.440076
-0.440042
-0.440233
-0.440344
-0.440233
-0.439942
-0.439776
-0.440122
-0.441222
-0.442983
-0.444932
-0.446434
-0.446868
-0.44584
-0.443257
-0.439293
-0.434395
-0.429345
-0.425309
-0.423691
-0.425602
-0.431272
-0.439786
-0.449548
-0.459017
-0.467147
-0.473531
-0.478189
-0.481386
-0.483421
-0.484564
-0.485045
-0.485029
-0.484639
-0.483949
-0.483026
-0.481926
-0.480689
-0.479364
-0.477965
-0.476492
-0.474885
-0.473044
-0.470806
-0.46791
-0.464105
-0.459079
-0.452605
-0.444652
-0.435556
-0.426125
-0.417679
-0.411773
-0.409836
-0.412497
-0.419421
-0.42937
-0.440733
-0.452018
-0.462203
-0.470717
-0.477378
-0.4822
-0.485272
-0.486684
-0.486495
-0.484702
-0.481346
-0.476596
-0.470844
-0.46479
-0.459393
-0.455631
-0.454131
-0.454872
-0.457225
-0.460222
-0.462955
-0.464816
-0.465541
-0.465119
-0.463725
-0.461562
-0.458846
-0.455773
-0.452517
-0.449272
-0.446217
-0.443584
-0.441623
-0.440587
-0.440663
-0.44191
-0.444222
-0.447307
-0.450756
-0.45407
-0.456786
-0.458457
-0.458755
-0.457467
-0.454518
-0.45004
-0.444405
-0.438216
-0.43234
-0.427744
-0.425262
-0.425372
-0.427987
-0.432509
-0.437987
-0.443391
-0.447845
-0.450765
-0.451915
-0.45139
-0.449573
-0.447075
-0.444695
-0.443209
-0.443239
-0.445006
-0.448321
-0.45263
-0.457191
-0.461292
-0.464374
-0.465992
-0.465887
-0.463816
-0.459641
-0.453279
-0.444921
-0.435102
-0.424879
-0.415653
-0.408589
-0.403962
-0.400932
-0.398077
-0.394378
-0.390003
-0.386368
-0.385297
-0.387855
-0.393625
-0.401136
-0.408698
-0.415219
-0.420367
-0.424294
-0.42736
-0.429982
-0.43243
-0.434889
-0.437396
-0.43994
-0.442428
-0.444759
-0.446806
-0.448483
-0.449696
-0.450398
-0.450574
-0.45023
-0.449372
-0.448037
-0.446281
-0.444139
-0.441688
-0.439016
-0.436237
-0.433422
-0.430726
-0.428262
-0.426129
-0.424396
-0.423146
-0.422397
-0.422149
-0.422371
-0.42303
-0.424078
-0.42542
-0.426993
-0.428691
-0.430384
-0.431984
-0.433387
-0.43447
-0.435153
-0.435329
-0.434905
-0.433855
-0.432143
-0.429795
-0.426875
-0.42352
-0.419914
-0.416264
-0.412777
-0.409608
-0.406836
-0.40446
-0.402427
-0.400723
-0.399365
-0.398461
-0.398179
-0.398692
-0.400083
-0.402355
-0.405395
-0.408979
-0.412873
-0.416822
-0.420616
-0.424094
-0.427137
-0.429646
-0.431601
-0.432969
-0.433737
-0.433925
-0.433546
-0.432616
-0.431171
-0.429239
-0.426893
-0.424228
-0.421357
-0.418438
-0.415648
-0.413187
-0.411225
-0.409887
-0.409216
-0.409174
-0.40969
-0.41061
-0.411816
-0.413178
-0.414595
-0.416002
-0.417358
-0.418654
-0.419862
-0.420991
-0.422011
-0.422906
-0.423635
-0.424121
-0.424288
-0.424019
-0.423196
-0.421666
-0.419301
-0.415965
-0.411528
-0.405879
-0.398925
-0.390596
-0.381032
-0.370869
-0.361507
-0.355148
-0.353996
-0.358986
-0.369075
-0.381891
-0.395016
-0.406867
-0.416765
-0.42459
-0.430457
-0.434466
-0.436673
-0.43703
-0.435515
-0.432148
-0.427133
-0.420972
-0.414483
-0.4087
-0.404601
-0.402709
-0.402892
-0.404505
-0.406673
-0.408664
-0.410025
-0.410606
-0.410447
-0.409825
-0.409141
-0.408939
-0.409754
-0.411972
-0.41569
-0.420658
-0.426401
-0.432349
-0.43801
-0.44306
-0.447305
-0.450634
-0.453025
-0.454478
-0.454972
-0.454517
-0.453125
-0.450883
-0.447882
-0.444287
-0.440332
-0.436264
-0.432342
-0.428755
-0.425625
-0.422961
-0.420701
-0.41874
-0.417002
-0.415431
-0.414063
-0.412911
-0.41198
-0.411214
-0.410496
-0.40973
-0.408989
-0.408648
-0.409263
-0.411431
-0.415355
-0.420759
-0.426927
-0.433019
-0.438328
-0.442423
-0.445175
-0.446648
-0.447017
-0.446536
-0.445448
-0.443994
-0.44239
-0.440815
-0.439382
-0.438132
-0.437054
-0.436108
-0.435242
-0.434441
-0.433707
-0.433067
-0.432552
-0.432164
-0.431897
-0.431687
-0.431444
-0.431112
-0.430617
-0.429893
-0.428914
-0.427679
-0.426209
-0.424573
-0.422873
-0.421304
-0.420101
-0.419518
-0.419793
-0.42102
-0.423108
-0.425778
-0.42863
-0.431207
-0.433123
-0.434133
-0.434145
-0.433299
-0.431869
-0.430224
-0.428812
-0.42801
-0.428075
-0.429075
-0.430891
-0.433257
-0.435801
-0.438146
-0.43993
-0.440844
-0.440653
-0.439258
-0.436681
-0.433149
-0.429072
-0.425042
-0.421642
-0.419297
-0.418112
-0.417843
-0.418123
-0.418582
-0.419019
-0.419423
-0.419857
-0.42041
-0.42113
-0.422057
-0.423231
-0.424739
-0.426651
-0.429041
-0.431889
-0.435108
-0.438532
-0.441953
-0.445145
-0.447921
-0.450135
-0.451681
-0.452464
-0.452466
-0.451652
-0.450035
-0.447617
-0.444432
-0.440533
-0.43598
-0.430901
-0.425418
-0.419713
-0.414015
-0.40859
-0.403754
-0.399814
-0.39706
-0.395679
-0.395718
-0.397099
-0.399576
-0.402826
-0.406487
-0.410202
-0.413609
-0.416383
-0.418279
-0.41913
-0.418937
-0.4179
-0.416361
-0.414733
-0.413461
-0.412928
-0.413439
-0.415177
-0.418174
-0.422292
-0.427231
-0.432578
-0.437878
-0.442747
-0.44691
-0.45018
-0.452531
-0.453977
-0.45458
-0.45442
-0.453595
-0.452181
-0.450261
-0.447882
-0.445049
-0.441773
-0.438082
-0.434101
-0.430136
-0.426626
-0.42413
-0.423066
-0.423549
-0.425275
-0.427638
-0.429918
-0.431556
-0.432251
-0.432008
-0.431058
-0.429766
-0.428476
-0.427499
-0.426985
-0.426975
-0.427345
-0.427974
-0.428759
-0.429689
-0.430866
-0.432464
-0.434625
-0.437409
-0.440718
-0.444327
-0.447931
-0.451266
-0.454119
-0.456405
-0.45813
-0.45937
-0.460251
-0.460882
-0.461378
-0.461784
-0.462141
-0.462415
-0.462528
-0.462397
-0.461931
-0.461016
-0.459591
-0.457635
-0.455217
-0.452488
-0.449721
-0.447238
-0.445378
-0.444408
-0.444437
-0.445368
-0.446937
-0.448746
-0.450399
-0.451476
-0.45167
-0.450752
-0.448626
-0.445358
-0.441178
-0.4365
-0.431781
-0.427563
-0.42421
-0.42197
-0.420898
-0.42091
-0.421868
-0.423622
-0.426012
-0.428904
-0.432167
-0.435723
-0.439526
-0.443597
-0.447914
-0.452487
-0.45727
-0.462152
-0.466988
-0.471575
-0.475728
-0.479277
-0.482081
-0.484068
-0.48526
-0.485689
-0.485475
-0.484776
-0.483765
-0.48261
-0.481472
-0.480409
-0.479447
-0.478517
-0.47752
-0.476325
-0.474826
-0.472928
-0.470531
-0.46754
-0.463791
-0.459133
-0.453461
-0.446828
-0.439668
-0.432877
-0.427803
-0.425897
-0.428015
-0.434042
-0.442879
-0.453015
-0.463148
-0.472425
-0.48046
-0.487185
-0.492673
-0.497059
-0.50048
-0.503025
-0.504784
-0.505854
-0.506305
-0.506225
-0.505709
-0.504843
-0.503738
-0.502478
-0.501106
-0.499683
-0.498228
-0.49674
-0.495187
-0.49353
-0.491731
-0.489758
-0.487559
-0.485111
-0.482395
-0.47943
-0.476261
-0.47297
-0.469659
-0.466467
-0.463549
-0.461087
-0.459219
-0.458065
-0.45768
-0.45805
-0.459097
-0.460702
-0.462711
-0.464996
-0.467439
-0.469995
-0.472677
-0.475488
-0.478439
-0.481534
-0.484698
-0.487836
-0.49082
-0.493505
-0.495727
-0.497338
-0.498244
-0.498349
-0.497646
-0.496187
-0.49413
-0.49174
-0.489362
-0.487403
-0.486235
-0.4861
-0.487037
-0.488861
-0.491186
-0.493575
-0.495573
-0.496827
-0.497102
-0.496232
-0.494125
-0.49082
-0.486417
-0.48111
-0.475165
-0.468834
-0.462274
-0.455605
-0.448982
-0.442934
-0.438574
-0.437303
-0.440052
-0.446604
-0.455582
-0.465164
-0.473837
-0.480795
-0.48583
-0.489098
-0.490915
-0.491596
-0.491453
-0.4907
-0.489531
-0.48804
-0.486299
-0.484351
-0.482184
-0.479835
-0.477369
-0.474859
-0.472437
-0.47022
-0.468333
-0.466812
-0.465649
-0.464763
-0.464043
-0.463357
-0.462603
-0.461739
-0.460744
-0.459637
-0.458454
-0.457214
-0.455905
-0.454456
-0.45277
-0.45071
-0.448138
-0.444926
-0.440986
-0.436293
-0.430959
-0.425179
-0.419303
-0.413759
-0.409065
-0.405703
-0.404046
-0.404292
-0.406411
-0.410145
-0.415112
-0.420818
-0.426777
-0.432597
-0.437946
-0.442606
-0.446472
-0.449519
-0.451763
-0.453245
-0.45402
-0.454159
-0.453701
-0.452706
-0.45119
-0.44918
-0.446685
-0.443744
-0.440422
-0.436809
-0.433041
-0.429354
-0.426023
-0.423305
-0.42143
-0.420522
-0.420573
-0.421427
-0.422866
-0.424603
-0.426389
-0.428022
-0.429363
-0.430355
-0.430961
-0.431204
-0.431119
-0.430754
-0.43017
-0.4294
-0.42851
-0.427554
-0.426595
-0.425687
-0.424872
-0.424205
-0.42372
-0.42345
-0.423369
-0.423482
-0.423739
-0.424116
-0.424557
-0.425064
-0.425621
-0.426299
-0.427186
-0.428394
-0.430035
-0.43218
-0.434815
-0.437749
-0.440679
-0.443139
-0.444593
-0.444435
-0.442119
-0.437199
-0.42946
-0.419098
-0.406741
-0.393501
-0.380726
-0.36964
-0.360958
-0.354756
-0.350598
-0.347867
-0.346091
-0.345261
-0.345828
-0.34844
-0.353449
-0.360608
-0.369362
-0.379431
-0.390975
-0.403995
-0.417547
-0.429881
-0.439029
-0.443604
-0.443011
-0.437483
-0.428283
-0.417984
-0.410208
-0.408281
-0.413252
-0.423247
-0.434913
-0.445388
-0.453182
-0.458029
-0.460318
-0.460621
-0.459535
-0.45754
-0.455023
-0.45227
-0.449508
-0.446923
-0.444618
-0.442679
-0.441178
-0.440148
-0.439567
-0.439451
-0.439752
-0.440432
-0.441445
-0.442681
-0.444061
-0.445468
-0.446769
-0.447821
-0.448495
-0.448714
-0.448405
-0.447567
-0.446265
-0.444647
-0.44288
-0.441188
-0.439738
-0.438655
-0.43797
-0.437625
-0.437506
-0.437494
-0.437502
-0.437475
-0.437415
-0.437372
-0.437395
-0.437519
-0.437766
-0.438129
-0.438537
-0.438937
-0.439264
-0.439428
-0.439381
-0.439094
-0.438539
-0.437726
-0.436691
-0.435465
-0.434112
-0.432686
-0.43125
-0.429853
-0.428553
-0.427404
-0.426441
-0.425667
-0.425115
-0.424781
-0.424617
-0.424619
-0.424751
-0.424985
-0.425262
-0.425553
-0.425831
-0.42606
-0.426211
-0.426276
-0.426228
-0.426028
-0.425655
-0.425101
-0.424384
-0.423546
-0.422666
-0.42187
-0.421276
-0.421005
-0.421115
-0.421607
-0.422442
-0.423478
-0.424592
-0.425658
-0.426573
-0.427285
-0.427768
-0.428077
-0.42828
-0.428472
-0.428784
-0.429306
-0.43014
-0.431307
-0.432811
-0.43459
-0.436572
-0.438647
-0.440718
-0.442682
-0.444448
-0.445942
-0.447097
-0.447853
-0.44817
-0.44802
-0.447424
-0.446383
-0.444978
-0.443295
-0.441438
-0.43953
-0.437711
-0.436093
-0.434746
-0.433734
-0.433046
-0.432683
-0.432622
-0.432833
-0.433229
-0.433632
-0.433753
-0.433122
-0.431185
-0.427383
-0.42133
-0.413081
-0.403321
-0.393502
-0.385504
-0.381032
-0.3809
-0.384873
-0.39197
-0.400969
-0.410741
-0.42036
-0.429165
-0.436701
-0.44276
-0.447302
-0.450389
-0.452176
-0.4528
-0.452426
-0.451192
-0.449228
-0.44665
-0.4436
-0.440212
-0.43663
-0.433032
-0.429599
-0.426507
-0.423896
-0.42189
-0.420503
-0.419697
-0.419416
-0.419525
-0.419928
-0.420528
-0.421229
-0.421962
-0.422664
-0.42327
-0.423705
-0.423914
-0.423804
-0.423324
-0.422431
-0.421134
-0.419465
-0.417531
-0.415474
-0.413486
-0.411769
-0.410503
-0.409856
-0.409882
-0.410575
-0.411843
-0.413547
-0.415499
-0.417514
-0.419417
-0.421046
-0.422288
-0.423043
-0.423278
-0.422926
-0.422041
-0.420666
-0.418875
-0.416789
-0.414527
-0.41219
-0.409851
-0.407543
-0.405252
-0.402927
-0.4005
-0.397903
-0.395121
-0.392126
-0.389003
-0.385885
-0.382991
-0.380604
-0.379072
-0.378667
-0.379525
-0.381569
-0.384531
-0.387991
-0.391508
-0.394702
-0.397297
-0.399132
-0.400218
-0.400645
-0.400593
-0.400301
-0.399997
-0.39988
-0.400054
-0.400551
-0.401301
-0.40218
-0.403021
-0.403651
-0.403959
-0.403836
-0.403235
-0.402139
-0.400567
-0.398554
-0.396169
-0.393517
-0.390725
-0.387936
-0.385307
-0.383001
-0.381104
-0.379639
-0.378489
-0.37741
-0.376056
-0.374004
-0.370873
-0.366466
-0.360933
-0.354928
-0.349538
-0.345984
-0.345046
-0.346639
-0.3499
-0.353589
-0.356735
-0.358844
-0.359968
-0.360468
-0.360826
-0.361509
-0.36287
-0.365155
-0.368454
-0.372783
-0.378056
-0.384052
-0.390495
-0.397032
-0.403316
-0.409015
-0.413853
-0.417667
-0.420332
-0.421812
-0.422136
-0.421359
-0.419578
-0.416948
-0.413683
-0.41003
-0.406305
-0.402875
-0.400047
-0.398067
-0.397086
-0.397069
-0.397851
-0.399165
-0.400689
-0.402117
-0.403175
-0.403655
-0.403383
-0.402204
-0.400041
-0.396823
-0.392548
-0.387261
-0.381112
-0.374395
-0.367542
-0.361159
-0.355901
-0.352421
-0.35118
-0.352319
-0.355623
-0.360555
-0.366474
-0.372724
-0.37878
-0.384328
-0.389214
-0.393427
-0.39709
-0.400316
-0.403246
-0.405989
-0.408584
-0.411038
-0.413332
-0.415414
-0.417239
-0.418775
-0.419962
-0.420813
-0.421301
-0.421425
-0.421168
-0.420526
-0.419479
-0.418005
-0.416078
-0.413678
-0.410822
-0.407532
-0.403897
-0.400041
-0.396207
-0.392661
-0.389722
-0.387683
-0.386752
-0.387018
-0.3884
-0.390703
-0.393699
-0.397179
-0.401068
-0.405353
-0.410075
-0.415242
-0.4208
-0.426564
-0.432284
-0.437681
-0.442464
-0.446413
-0.449345
-0.451125
-0.451656
-0.4509
-0.448849
-0.445514
-0.440909
-0.434978
-0.427583
-0.418459
-0.407257
-0.393842
-0.3788
-0.363847
-0.351624
-0.344491
-0.34305
-0.345949
-0.351279
-0.357973
-0.365888
-0.375056
-0.384786
-0.39381
-0.40087
-0.405293
-0.407153
-0.407087
-0.405998
-0.404834
-0.4044
-0.405355
-0.408105
-0.412741
-0.418903
-0.425902
-0.432935
-0.439347
-0.444687
-0.448779
-0.451619
-0.453366
-0.454207
-0.454369
-0.454029
-0.453306
-0.452311
-0.451075
-0.449629
-0.448004
-0.44624
-0.444386
-0.442467
-0.440566
-0.438755
-0.437068
-0.435574
-0.43432
-0.433303
-0.43254
-0.432035
-0.431764
-0.431686
-0.431754
-0.431923
-0.432126
-0.432316
-0.432407
-0.432354
-0.432103
-0.431601
-0.430823
-0.429751
-0.428379
-0.426695
-0.424678
-0.422271
-0.419399
-0.41594
-0.411869
-0.407252
-0.402381
-0.397791
-0.394215
-0.392459
-0.393075
-0.39622
-0.401541
-0.408314
-0.415677
-0.422887
-0.429354
-0.434788
-0.439066
-0.442197
-0.444258
-0.44537
-0.445641
-0.445165
-0.44403
-0.442339
-0.440185
-0.437708
-0.435075
-0.432459
-0.430063
-0.428098
-0.426733
-0.426077
-0.426193
-0.427071
-0.42862
-0.430695
-0.433114
-0.435692
-0.43824
-0.440668
-0.442862
-0.444751
-0.446332
-0.44757
-0.448393
-0.448654
-0.44815
-0.446621
-0.443851
-0.439775
-0.434606
-0.428991
-0.423963
-0.42064
-0.419732
-0.421201
-0.424282
-0.427861
-0.430941
-0.432971
-0.433798
-0.433626
-0.432833
-0.43181
-0.430865
-0.430183
-0.429777
-0.42955
-0.429344
-0.429055
-0.428702
-0.428437
-0.428571
-0.429433
-0.431288
-0.434251
-0.438223
-0.442917
-0.447971
-0.453007
-0.457677
-0.461745
-0.465102
-0.467712
-0.469635
-0.470941
-0.471744
-0.472177
-0.472375
-0.472424
-0.472436
-0.472461
-0.472586
-0.472869
-0.473378
-0.474124
-0.475141
-0.476383
-0.477783
-0.479239
-0.480599
-0.481707
-0.482392
-0.48252
-0.482026
-0.480895
-0.479248
-0.477262
-0.475229
-0.473486
-0.472408
-0.4723
-0.473326
-0.475454
-0.478431
-0.481818
-0.485143
-0.487938
-0.489868
-0.490712
-0.490411
-0.489006
-0.486646
-0.483549
-0.48002
-0.47639
-0.473001
-0.470156
-0.468147
-0.467168
-0.467346
-0.468733
-0.471302
-0.474926
-0.479418
-0.484524
-0.489924
-0.495316
-0.500395
-0.5049
-0.508576
-0.511189
-0.51251
-0.512289
-0.510222
-0.506018
-0.499452
-0.490612
-0.480177
-0.469662
-0.461275
-0.457103
-0.458028
-0.463164
-0.47043
-0.477742
-0.4837
-0.487739
-0.48983
-0.490211
-0.489179
-0.486967
-0.48379
-0.479835
-0.475365
-0.470768
-0.466573
-0.463423
-0.461933
-0.462419
-0.464796
-0.46857
-0.472987
-0.477277
-0.480794
-0.483092
-0.483883
-0.483032
-0.480502
-0.476405
-0.471017
-0.464879
-0.458777
-0.45363
-0.450216
-0.448865
-0.44932
-0.45091
-0.452778
-0.454235
-0.454868
-0.454559
-0.453393
-0.451578
-0.449356
-0.446947
-0.444515
-0.442163
-0.439949
-0.43792
-0.436161
-0.434783
-0.433976
-0.433898
-0.434653
-0.436228
-0.43847
-0.441114
-0.44388
-0.446524
-0.448874
-0.450857
-0.452423
-0.45355
-0.454241
-0.45448
-0.454342
-0.453979
-0.453602
-0.453473
-0.453837
-0.454803
-0.456345
-0.458312
-0.460481
-0.462569
-0.464376
-0.465744
-0.466591
-0.466876
-0.466586
-0.465745
-0.464433
-0.462749
-0.460854
-0.458933
-0.457178
-0.455744
-0.45472
-0.454107
-0.453833
-0.453801
-0.453901
-0.454074
-0.454291
-0.454594
-0.455036
-0.455701
-0.456634
-0.457848
-0.459314
-0.460969
-0.462733
-0.464516
-0.46622
-0.467757
-0.469067
-0.470133
-0.470913
-0.471418
-0.471644
-0.471633
-0.47143
-0.471067
-0.470598
-0.470088
-0.469599
-0.469173
-0.468836
-0.468613
-0.468519
-0.468512
-0.468563
-0.468614
-0.468586
-0.468398
-0.467972
-0.467198
-0.465994
-0.464326
-0.462163
-0.459553
-0.456604
-0.45348
-0.450419
-0.447684
-0.44554
-0.444205
-0.443822
-0.44443
-0.445978
-0.448298
-0.451155
-0.454284
-0.457401
-0.460266
-0.462661
-0.464412
-0.465395
-0.465483
-0.464641
-0.462777
-0.459875
-0.455959
-0.451107
-0.445482
-0.439387
-0.433231
-0.427547
-0.422836
-0.419614
-0.41814
-0.418448
-0.420304
-0.423238
-0.426674
-0.430082
-0.433114
-0.435689
-0.438038
-0.440537
-0.443528
-0.447128
-0.451146
-0.4552
-0.458892
-0.461928
-0.464129
-0.465506
-0.466112
-0.46603
-0.465345
-0.464148
-0.46256
-0.46075
-0.458984
-0.457597
-0.456889
-0.457047
-0.458076
-0.459787
-0.461876
-0.464043
-0.466082
-0.467866
-0.469411
-0.470784
-0.472015
-0.473141
-0.474121
-0.474849
-0.475192
-0.475015
-0.474205
-0.472705
-0.470525
-0.467741
-0.464492
-0.461017
-0.457585
-0.454498
-0.452034
-0.450406
-0.449716
-0.449952
-0.450961
-0.452499
-0.454291
-0.456041
-0.457515
-0.45856
-0.459121
-0.459277
-0.459188
-0.459084
-0.459245
-0.459895
-0.461231
-0.463349
-0.466215
-0.469679
-0.473523
-0.477498
-0.481339
-0.484876
-0.487984
-0.490609
-0.492772
-0.494491
-0.495809
-0.496774
-0.497417
-0.497785
-0.497888
-0.49773
-0.497285
-0.496531
-0.495425
-0.493874
-0.491813
-0.489136
-0.485736
-0.481545
-0.476583
-0.470921
-0.464777
-0.458481
-0.452426
-0.44706
-0.442768
-0.43991
-0.438682
-0.439084
-0.440888
-0.443631
-0.446734
-0.449612
-0.45178
-0.452925
-0.452881
-0.451638
-0.449361
-0.446391
-0.443257
-0.440604
-0.43898
-0.438713
-0.439789
-0.441892
-0.444591
-0.447521
-0.450425
-0.453208
-0.455884
-0.458501
-0.46113
-0.46378
-0.466436
-0.46905
-0.471585
-0.473964
-0.476095
-0.477911
-0.479343
-0.480327
-0.480797
-0.480702
-0.480055
-0.478876
-0.477265
-0.475392
-0.473456
-0.471673
-0.470233
-0.469227
-0.468589
-0.468132
-0.467569
-0.466552
-0.464806
-0.462148
-0.458524
-0.454031
-0.448935
-0.44361
-0.438576
-0.434468
-0.431891
-0.431379
-0.433188
-0.437141
-0.442639
-0.448827
-0.454771
-0.459712
-0.463169
-0.464902
-0.464969
-0.46364
-0.4614
-0.458888
-0.456848
-0.45594
-0.45658
-0.458786
-0.462201
-0.466204
-0.470104
-0.473328
-0.475459
-0.476274
-0.475681
-0.473705
-0.470451
-0.466064
-0.460797
-0.454951
-0.4489
-0.443059
-0.437871
-0.43372
-0.430882
-0.429512
-0.429629
-0.431113
-0.433719
-0.437109
-0.440909
-0.444743
-0.44835
-0.451535
-0.454231
-0.456406
-0.458079
-0.459257
-0.459954
-0.460189
-0.459983
-0.459342
-0.458301
-0.456906
-0.455179
-0.453172
-0.450899
-0.448417
-0.445731
-0.442886
-0.439909
-0.436823
-0.433667
-0.430445
-0.427192
-0.423923
-0.420695
-0.417565
-0.414622
-0.411957
-0.409725
-0.408041
-0.406992
-0.406627
-0.406927
-0.40782
-0.409175
-0.410819
-0.412586
-0.414294
-0.415809
-0.417023
-0.41785
-0.418261
-0.418257
-0.417828
-0.417033
-0.415907
-0.414525
-0.412932
-0.411193
-0.409359
-0.407501
-0.405671
-0.403913
-0.402258
-0.400746
-0.399408
-0.39829
-0.3974
-0.39677
-0.396421
-0.396341
-0.396565
-0.397063
-0.397807
-0.398772
-0.39989
-0.401132
-0.40244
-0.403761
-0.405015
-0.406161
-0.407138
-0.407889
-0.408343
-0.408474
-0.408196
-0.407468
-0.406267
-0.404631
-0.402642
-0.400496
-0.398477
-0.396924
-0.396161
-0.396427
-0.397753
-0.399987
-0.402822
-0.405873
-0.408779
-0.411257
-0.413126
-0.414275
-0.41466
-0.4143
-0.413188
-0.411369
-0.408899
-0.405829
-0.402271
-0.398349
-0.394249
-0.390203
-0.386482
-0.383361
-0.381088
-0.379867
-0.379822
-0.38091
-0.383023
-0.385948
-0.389428
-0.393183
-0.396995
-0.400655
-0.404031
-0.407061
-0.409693
-0.411924
-0.413758
-0.415234
-0.416356
-0.417197
-0.417779
-0.418154
-0.418354
-0.418444
-0.418462
-0.418457
-0.41848
-0.418564
-0.418748
-0.419078
-0.419587
-0.420317
-0.421259
-0.422403
-0.423691
-0.425038
-0.426278
-0.427236
-0.427726
-0.427532
-0.426429
-0.424228
-0.420739
-0.415791
-0.409255
-0.401163
-0.391865
-0.38233
-0.374406
-0.370544
-0.372824
-0.381633
-0.395215
-0.4107
-0.425489
-0.438063
-0.447872
-0.455046
-0.459951
-0.462994
-0.464582
-0.465048
-0.464696
-0.463831
-0.462728
-0.461637
-0.460771
-0.460212
-0.459926
-0.459767
-0.459521
-0.458994
-0.458001
-0.456494
-0.454504
-0.452181
-0.44977
-0.447585
-0.445946
-0.445188
-0.445584
-0.44735
-0.45052
-0.45492
-0.46016
-0.465719
-0.471022
-0.47563
-0.479207
-0.481574
-0.482658
-0.482383
-0.480685
-0.477497
-0.47282
-0.466809
-0.459863
-0.452548
-0.445472
-0.439013
-0.433302
-0.428477
-0.425019
-0.423896
-0.426229
-0.432577
-0.442545
-0.454895
-0.468152
-0.480998
-0.492588
-0.502498
-0.510589
-0.516913
-0.521611
-0.524853
-0.526851
-0.527795
-0.527878
-0.527317
-0.526299
-0.52495
-0.52341
-0.521757
-0.520065
-0.518334
-0.516539
-0.514667
-0.512695
-0.510633
-0.508494
-0.506338
-0.504263
-0.502352
-0.500667
-0.499294
-0.498268
-0.497637
-0.497384
-0.497526
-0.49804
-0.498894
-0.500018
-0.501333
-0.502745
-0.504178
-0.505529
-0.506773
-0.507865
-0.508807
-0.509595
-0.510251
-0.510786
-0.511204
-0.511488
-0.511619
-0.511573
-0.511342
-0.510874
-0.510196
-0.509304
-0.508254
-0.507109
-0.505944
-0.504858
-0.503966
-0.503386
-0.503216
-0.503578
-0.504554
-0.50619
-0.508519
-0.511489
-0.515001
-0.518867
-0.522879
-0.526794
-0.530336
-0.533221
-0.53511
-0.535676
-0.534565
-0.531423
-0.526068
-0.518611
-0.509789
-0.500986
-0.494042
-0.49041
-0.490399
-0.493042
-0.496713
-0.500059
-0.502468
-0.504048
-0.50522
-0.50645
-0.50796
-0.509736
-0.511464
-0.51272
-0.51302
-0.511957
-0.509282
-0.504969
-0.499324
-0.493079
-0.487397
-0.483707
-0.483212
-0.486367
-0.49267
-0.500892
-0.509624
-0.517635
-0.524155
-0.52872
-0.531141
-0.531428
-0.529762
-0.526516
-0.522309
-0.517998
-0.514534
-0.512639
-0.512524
-0.513705
-0.515288
-0.516186
-0.515644
-0.513383
-0.509755
-0.505772
-0.502762
-0.501967
-0.503908
-0.508154
-0.513631
-0.51909
-0.523582
-0.52659
-0.52799
-0.527877
-0.526442
-0.523915
-0.520536
-0.51651
-0.512044
-0.507326
-0.502568
-0.497997
-0.493848
-0.490344
-0.487683
-0.485994
-0.48527
-0.485445
-0.48632
-0.487663
-0.489251
-0.490893
-0.492469
-0.493945
-0.49533
-0.496652
-0.497947
-0.4992
-0.500345
-0.501227
-0.501662
-0.501436
-0.500353
-0.49832
-0.49539
-0.491802
-0.488038
-0.484683
-0.482357
-0.481504
-0.482291
-0.484579
-0.488012
-0.492181
-0.496719
-0.501323
-0.505792
-0.510006
-0.513844
-0.517245
-0.520125
-0.522456
-0.524201
-0.525381
-0.526022
-0.526233
-0.526143
-0.525951
-0.525857
-0.526049
-0.526645
-0.52765
-0.528957
-0.530355
-0.531609
-0.532465
-0.532725
-0.53227
-0.531062
-0.529136
-0.52658
-0.523461
-0.519793
-0.515549
-0.510567
-0.504727
-0.498038
-0.490874
-0.484167
-0.479262
-0.477471
-0.479315
-0.484157
-0.490502
-0.496768
-0.501795
-0.505076
-0.506603
-0.50664
-0.505563
-0.503696
-0.501257
-0.498369
-0.495082
-0.491411
-0.487452
-0.483425
-0.479705
-0.476853
-0.475434
-0.47585
-0.478181
-0.482061
-0.486815
-0.491588
-0.49564
-0.498362
-0.499451
-0.49884
-0.496778
-0.493756
-0.490523
-0.487864
-0.486419
-0.486433
-0.487768
-0.489931
-0.492363
-0.494625
-0.496448
-0.497761
-0.498652
-0.499258
-0.499758
-0.500299
-0.501005
-0.501911
-0.503022
-0.504278
-0.505599
-0.506891
-0.508084
-0.509159
-0.510131
-0.511063
-0.512007
-0.512978
-0.513921
-0.514703
-0.515076
-0.514772
-0.513545
-0.511299
-0.508221
-0.504766
-0.501631
-0.499506
-0.498785
-0.499436
-0.501146
-0.503527
-0.506353
-0.509475
-0.512692
-0.51561
-0.517673
-0.518326
-0.517192
-0.514241
-0.50982
-0.504608
-0.499549
-0.495593
-0.49345
-0.493419
-0.495294
-0.498513
-0.502351
-0.506141
-0.509358
-0.511736
-0.513278
-0.514194
-0.514853
-0.515701
-0.517097
-0.519209
-0.521916
-0.524876
-0.527635
-0.529732
-0.530841
-0.530828
-0.529758
-0.527821
-0.525328
-0.522532
-0.519643
-0.516808
-0.514132
-0.51165
-0.509413
-0.507411
-0.505579
-0.503786
-0.501828
-0.499527
-0.496836
-0.493861
-0.490937
-0.488526
-0.487089
-0.486931
-0.488072
-0.490185
-0.492744
-0.495189
-0.497062
-0.498173
-0.498568
-0.498525
-0.498339
-0.498227
-0.498122
-0.497714
-0.496496
-0.493988
-0.489958
-0.484711
-0.479272
-0.475265
-0.474399
-0.477569
-0.484321
-0.493053
-0.501859
-0.509297
-0.514618
-0.517665
-0.518639
-0.517873
-0.515676
-0.512314
-0.507997
-0.502891
-0.497163
-0.490966
-0.484521
-0.478149
-0.472213
-0.467123
-0.46325
-0.460886
-0.460108
-0.46082
-0.462738
-0.465487
-0.468673
-0.47193
-0.474976
-0.477596
-0.479689
-0.481189
-0.482102
-0.482478
-0.482404
-0.481966
-0.481282
-0.480464
-0.479636
-0.478885
-0.478302
-0.477902
-0.477688
-0.477613
-0.477578
-0.477495
-0.477265
-0.476811
-0.476106
-0.475124
-0.473918
-0.472559
-0.471124
-0.469689
-0.468302
-0.46693
-0.465473
-0.463708
-0.461261
-0.457688
-0.452541
-0.445566
-0.43706
-0.428207
-0.421084
-0.418083
-0.420616
-0.42822
-0.438812
-0.449973
-0.459948
-0.46793
-0.473815
-0.477889
-0.480512
-0.482038
-0.482723
-0.482768
-0.482279
-0.481306
-0.479871
-0.477936
-0.47549
-0.472477
-0.468924
-0.464926
-0.460655
-0.456406
-0.452547
-0.449405
-0.447164
-0.445784
-0.445007
-0.444423
-0.443651
-0.442462
-0.440889
-0.439212
-0.437829
-0.437132
-0.437322
-0.43827
-0.439578
-0.440659
-0.440878
-0.439695
-0.436715
-0.431761
-0.424946
-0.41678
-0.408228
-0.400646
-0.395452
-0.393738
-0.39584
-0.401193
-0.40861
-0.416744
-0.424492
-0.431142
-0.436404
-0.440259
-0.442851
-0.444371
-0.445001
-0.444922
-0.444249
-0.4431
-0.44154
-0.439644
-0.43748
-0.435092
-0.432554
-0.429949
-0.427387
-0.42497
-0.422839
-0.421107
-0.419872
-0.419192
-0.419089
-0.419508
-0.420349
-0.421512
-0.422865
-0.42431
-0.425759
-0.427164
-0.428473
-0.429674
-0.430766
-0.431741
-0.432624
-0.43341
-0.434092
-0.434646
-0.435067
-0.435302
-0.435316
-0.435025
-0.434351
-0.433198
-0.431456
-0.429012
-0.425755
-0.421613
-0.416551
-0.410626
-0.403969
-0.396848
-0.389596
-0.382631
-0.376375
-0.371245
-0.367561
-0.36554
-0.365254
-0.366604
-0.369478
-0.373814
-0.379633
-0.386928
-0.395486
-0.404803
-0.414166
-0.422845
-0.430288
-0.436188
-0.44049
-0.443254
-0.444621
-0.444711
-0.443581
-0.441238
-0.437607
-0.432625
-0.426346
-0.419075
-0.411567
-0.405072
-0.40098
-0.400311
-0.403175
-0.408662
-0.415348
-0.421892
-0.427406
-0.431511
-0.434214
-0.43573
-0.436366
-0.436391
-0.436076
-0.435631
-0.435208
-0.434882
-0.434709
-0.434705
-0.434864
-0.435184
-0.435674
-0.436359
-0.437247
-0.438355
-0.439653
-0.44108
-0.442513
-0.443797
-0.44475
-0.445177
-0.444932
-0.443955
-0.442258
-0.439946
-0.437304
-0.434643
-0.4324
-0.431037
-0.430933
-0.432363
-0.435371
-0.439804
-0.445349
-0.451581
-0.458042
-0.464352
-0.470215
-0.475427
-0.479878
-0.483523
-0.486351
-0.488387
-0.489682
-0.490311
-0.490369
-0.489968
-0.489234
-0.488251
-0.487067
-0.48566
-0.483955
-0.481815
-0.479106
-0.475749
-0.471783
-0.467501
-0.463381
-0.460022
-0.457791
-0.456561
-0.45565
-0.454079
-0.451014
-0.446201
-0.440081
-0.433754
-0.428642
-0.42606
-0.42671
-0.430508
-0.436679
-0.444066
-0.451582
-0.458341
-0.463856
-0.467944
-0.470645
-0.472155
-0.472719
-0.472585
-0.471925
-0.470868
-0.469483
-0.467822
-0.465889
-0.463708
-0.461325
-0.458764
-0.456062
-0.453245
-0.450385
-0.447544
-0.444783
-0.4422
-0.439927
-0.4381
-0.436832
-0.436195
-0.436202
-0.436785
-0.437815
-0.439125
-0.440543
-0.441935
-0.443216
-0.444337
-0.445283
-0.44604
-0.446588
-0.446928
-0.447015
-0.446816
-0.446288
-0.445402
-0.444095
-0.442356
-0.440155
-0.437462
-0.434274
-0.430574
-0.426374
-0.421752
-0.416895
-0.412144
-0.407961
-0.404817
-0.403046
-0.402707
-0.403498
-0.404927
-0.406435
-0.407629
-0.408335
-0.408555
-0.408471
-0.408293
-0.408221
-0.408393
-0.408866
-0.409604
-0.410532
-0.411556
-0.412547
-0.413395
-0.414014
-0.414358
-0.414402
-0.414197
-0.41381
-0.413326
-0.412841
-0.412376
-0.411886
-0.411197
-0.41007
-0.4082
-0.405361
-0.401462
-0.3967
-0.391599
-0.386959
-0.383621
-0.382216
-0.382939
-0.385539
-0.38954
-0.394435
-0.399792
-0.405332
-0.410833
-0.416134
-0.421072
-0.425527
-0.429388
-0.432581
-0.435067
-0.436827
-0.437853
-0.438182
-0.437844
-0.436891
-0.435371
-0.433384
-0.431032
-0.42845
-0.425779
-0.423177
-0.420797
-0.418748
-0.417099
-0.415874
-0.415015
-0.414473
-0.41415
-0.41396
-0.413826
-0.413706
-0.41357
-0.413422
-0.413236
-0.413026
-0.412772
-0.412445
-0.412017
-0.411484
-0.410848
-0.41014
-0.409414
-0.40873
-0.408181
-0.407863
-0.407833
-0.408144
-0.408817
-0.409822
-0.411108
-0.412561
-0.414007
-0.415301
-0.41627
-0.416777
-0.416721
-0.416067
-0.414938
-0.413564
-0.412266
-0.411429
-0.411341
-0.412151
-0.413816
-0.416037
-0.418498
-0.420844
-0.422853
-0.424412
-0.425546
-0.426369
-0.427037
-0.427729
-0.428596
-0.429737
-0.431208
-0.432972
-0.434931
-0.436975
-0.438965
-0.440758
-0.442194
-0.443153
-0.443548
-0.443306
-0.44241
-0.440914
-0.438926
-0.436654
-0.434384
-0.432422
-0.431063
-0.430543
-0.430922
-0.432101
-0.433865
-0.435914
-0.437945
-0.439706
-0.44104
-0.441882
-0.442252
-0.442237
-0.442035
-0.44187
-0.44197
-0.442522
-0.443628
-0.445265
-0.447332
-0.449646
-0.45202
-0.454297
-0.456339
-0.458066
-0.459451
-0.460442
-0.460996
-0.46102
-0.460382
-0.458927
-0.456477
-0.452852
-0.447974
-0.441805
-0.434569
-0.426754
-0.419191
-0.412918
-0.40892
-0.407724
-0.409255
-0.412878
-0.417746
-0.423092
-0.42848
-0.433794
-0.439189
-0.444847
-0.450866
-0.457077
-0.46308
-0.468328
-0.472181
-0.473958
-0.473027
-0.468874
-0.461273
-0.450687
-0.43857
-0.427463
-0.420078
-0.417779
-0.419566
-0.422751
-0.424502
-0.42309
-0.418262
-0.411082
-0.403708
-0.398786
-0.398411
-0.403122
-0.411508
-0.421153
-0.429861
-0.43634
-0.440259
-0.441906
-0.44181
-0.440523
-0.438437
-0.435859
-0.433017
-0.430179
-0.427677
-0.425886
-0.425069
-0.425285
-0.426374
-0.427997
-0.429823
-0.431566
-0.433111
-0.434433
-0.435586
-0.436679
-0.437802
-0.438988
-0.440267
-0.441604
-0.442955
-0.444279
-0.445526
-0.446672
-0.447738
-0.44869
-0.449554
-0.450318
-0.45095
-0.451316
-0.451233
-0.450409
-0.448441
-0.444845
-0.439152
-0.430961
-0.4202
-0.407396
-0.393952
-0.382117
-0.37448
-0.372833
-0.377245
-0.386201
-0.3975
-0.409237
-0.420242
-0.429963
-0.438277
-0.445258
-0.451033
-0.455705
-0.459374
-0.462118
-0.464013
-0.465109
-0.465453
-0.465129
-0.464229
-0.462827
-0.460997
-0.45885
-0.456496
-0.454048
-0.4516
-0.449256
-0.447105
-0.44519
-0.443521
-0.442087
-0.4408
-0.439588
-0.438304
-0.436799
-0.434935
-0.432618
-0.429819
-0.426607
