1.36789
1.36793
1.36794
1.36793
1.3679
1.36786
1.36783
1.36783
1.36786
1.3679
1.36795
1.36798
1.36795
1.36786
1.36769
1.36746
1.36719
1.36695
1.36679
1.36673
1.36678
1.36689
1.36704
1.36722
1.36737
1.36751
1.36765
1.36775
1.36787
1.36797
1.36807
1.36815
1.36822
1.36828
1.3683
1.36828
1.36822
1.3681
1.36796
1.36782
1.36769
1.36759
1.36753
1.36749
1.36747
1.36748
1.36749
1.36751
1.36753
1.36758
1.36762
1.36763
1.36761
1.36755
1.36745
1.36733
1.36723
1.36716
1.36716
1.3672
1.36728
1.36739
1.36748
1.36758
1.36766
1.36774
1.36779
1.36784
1.36786
1.36789
1.3679
1.36789
1.36789
1.36786
1.36783
1.36778
1.36773
1.36768
1.36763
1.36759
1.36756
1.36754
1.36753
1.36753
1.36753
1.36756
1.36759
1.36761
1.36766
1.36769
1.36773
1.36778
1.36781
1.36783
1.36784
1.36783
1.36782
1.36777
1.3677
1.36763
1.36756
1.36748
1.36742
1.36738
1.36736
1.36736
1.36738
1.36743
1.36749
1.36756
1.36763
1.36772
1.3678
1.36788
1.36796
1.36802
1.36807
1.36809
1.36805
1.36798
1.36787
1.36772
1.36758
1.36746
1.36737
1.36732
1.36731
1.36734
1.36739
1.36746
1.36754
1.36764
1.36777
1.3679
1.36804
1.36819
1.36833
1.36843
1.36844
1.36833
1.36808
1.36775
1.36742
1.36719
1.36712
1.36715
1.36727
1.36743
1.36757
1.3677
1.3678
1.36788
1.36792
1.36794
1.36795
1.36793
1.36792
1.36788
1.36786
1.36781
1.36774
1.36767
1.3676
1.36751
1.36744
1.36737
1.36732
1.36729
1.36728
1.36728
1.36731
1.36734
1.36738
1.36743
1.36746
1.36751
1.36754
1.36758
1.36761
1.36764
1.36766
1.36768
1.3677
1.36772
1.36774
1.36777
1.3678
1.36784
1.3679
1.36798
1.36806
1.36814
1.36822
1.36827
1.36827
1.36823
1.36813
1.36797
1.36778
1.36759
1.36741
1.36728
1.3672
1.36716
1.36716
1.36719
1.36725
1.36731
1.36738
1.36744
1.36752
1.36757
1.36763
1.36768
1.36773
1.36776
1.36778
1.36779
1.36776
1.36771
1.36763
1.36754
1.36746
1.36739
1.36736
1.36734
1.36736
1.3674
1.36746
1.36752
1.3676
1.36768
1.36776
1.36784
1.36794
1.36805
1.36816
1.36826
1.36835
1.36842
1.36846
1.36843
1.36835
1.3682
1.368
1.36777
1.36753
1.3673
1.36711
1.36697
1.36686
1.36682
1.36682
1.36685
1.36693
1.36703
1.36714
1.36726
1.36738
1.36749
1.3676
1.36767
1.36773
1.36779
1.36784
1.36787
1.36789
1.36791
1.36791
1.36789
1.36788
1.36784
1.36781
1.36776
1.3677
1.36764
1.36757
1.36751
1.36747
1.36744
1.36743
1.36743
1.36745
1.36747
1.36748
1.3675
1.3675
1.36749
1.3675
1.36751
1.36755
1.36762
1.36773
1.36789
1.36807
1.36826
1.36839
1.36837
1.36813
1.36768
1.36716
1.36674
1.36656
1.3666
1.36679
1.36703
1.36727
1.36749
1.36768
1.36784
1.36798
1.36809
1.36815
1.36815
1.3681
1.36799
1.36783
1.36764
1.36745
1.36731
1.36721
1.36715
1.36713
1.36713
1.36716
1.36719
1.36723
1.36726
1.3673
1.36735
1.36739
1.36743
1.36747
1.36752
1.36756
1.36761
1.36765
1.36769
1.36771
1.36774
1.36775
1.36775
1.36775
1.36774
1.36773
1.36771
1.3677
1.36772
1.36773
1.36776
1.36782
1.36789
1.36797
1.36805
1.3681
1.36813
1.3681
1.36798
1.36776
1.36746
1.36714
1.36686
1.3667
1.36666
1.36672
1.36686
1.36702
1.36717
1.3673
1.3674
1.36749
1.36756
1.36763
1.36769
1.36774
1.36778
1.36782
1.36784
1.36784
1.36784
1.36783
1.3678
1.36776
1.36769
1.3676
1.3675
1.36742
1.36737
1.36736
1.36737
1.36739
1.36741
1.36743
1.36743
1.36744
1.36745
1.36746
1.36749
1.36753
1.36758
1.36765
1.36772
1.36779
1.36785
1.36792
1.36798
1.36802
1.36802
1.36801
1.36796
1.36788
1.36779
1.36771
1.36763
1.36759
1.36756
1.36756
1.36757
1.36759
1.3676
1.36761
1.36762
1.36763
1.36762
1.36762
1.36761
1.36761
1.36761
1.36761
1.3676
1.3676
1.3676
1.3676
1.36759
1.36759
1.36759
1.36759
1.36758
1.36756
1.36756
1.36755
1.36755
1.36755
1.36756
1.36756
1.36756
1.36756
1.36757
1.36759
1.36762
1.36766
1.3677
1.36773
1.36776
1.36778
1.36777
1.36773
1.36767
1.36759
1.36751
1.36743
1.36738
1.36733
1.36732
1.36734
1.36736
1.36741
1.36746
1.36754
1.3676
1.36767
1.36773
1.36779
1.36784
1.36788
1.36787
1.36784
1.36778
1.36771
1.36763
1.36755
1.36748
1.36746
1.36747
1.36752
1.3676
1.36771
1.36784
1.36798
1.36812
1.36825
1.36833
1.36833
1.36823
1.36803
1.36778
1.36754
1.36737
1.36729
1.36727
1.36727
1.36727
1.36726
1.36726
1.36725
1.36725
1.36725
1.36726
1.36728
1.36731
1.36733
1.36737
1.36741
1.36745
1.3675
1.36755
1.36762
1.36767
1.36773
1.36779
1.36785
1.36791
1.36798
1.36806
1.36812
1.36815
1.36813
1.36805
1.36788
1.36763
1.36735
1.3671
1.36692
1.36685
1.36687
1.36695
1.36707
1.36721
1.36734
1.36747
1.36759
1.36772
1.36784
1.36796
1.36807
1.36816
1.3682
1.36818
1.36808
1.36791
1.3677
1.36745
1.36723
1.36708
1.36701
1.36702
1.3671
1.36721
1.36733
1.36746
1.36757
1.36767
1.36772
1.36774
1.36772
1.36766
1.36759
1.36753
1.36748
1.36746
1.36749
1.36756
1.36768
1.36782
1.36796
1.36806
1.36805
1.3679
1.36757
1.36718
1.36683
1.36664
1.3666
1.36671
1.36689
1.36706
1.36721
1.36731
1.36738
1.3674
1.36741
1.36741
1.36741
1.36744
1.36747
1.36752
1.36759
1.36765
1.3677
1.36776
1.36778
1.36779
1.36778
1.36775
1.36769
1.36763
1.36757
1.36753
1.36749
1.36749
1.36752
1.36759
1.36767
1.36776
1.36781
1.36778
1.36767
1.36746
1.3672
1.36694
1.36673
1.36664
1.36668
1.36682
1.36707
1.3674
1.36777
1.36819
1.36861
1.3689
1.36893
1.3686
1.36802
1.36743
1.36705
1.36693
1.36697
1.36706
1.36716
1.36727
1.36737
1.36746
1.36756
1.36764
1.36769
1.36772
1.36772
1.36769
1.36764
1.36757
1.36752
1.36746
1.36741
1.36735
1.36729
1.36724
1.36722
1.36723
1.36727
1.36733
1.36741
1.36749
1.36755
1.36758
1.36759
1.36759
1.36756
1.36753
1.36751
1.36751
1.36751
1.36753
1.36756
1.36761
1.36767
1.36775
1.36783
1.36791
1.36798
1.36802
1.36804
1.36801
1.36796
1.36788
1.36783
1.36786
1.36795
1.3681
1.36824
1.36829
1.36814
1.36779
1.36732
1.36686
1.36656
1.36647
1.36655
1.36672
1.36693
1.36717
1.36739
1.36759
1.36779
1.36797
1.36809
1.36813
1.36806
1.36791
1.3677
1.36753
1.36743
1.36743
1.36748
1.36753
1.36753
1.36745
1.36729
1.3671
1.36693
1.36684
1.36682
1.36686
1.36697
1.36707
1.3672
1.36731
1.36741
1.3675
1.36758
1.36765
1.36771
1.36776
1.36779
1.3678
1.36781
1.36781
1.36782
1.36783
1.36785
1.36785
1.36783
1.36776
1.36768
1.36761
1.36759
1.36764
1.36779
1.36801
1.3683
1.36858
1.36882
1.36897
1.36897
1.3688
1.36845
1.36797
1.36746
1.36703
1.36673
1.36659
1.3666
1.36669
1.36682
1.36697
1.3671
1.3672
1.3673
1.36737
1.36744
1.36751
1.36757
1.36766
1.36776
1.36787
1.36797
1.36805
1.36808
1.36802
1.36788
1.36767
1.36743
1.36721
1.36709
1.36705
1.36708
1.36717
1.36728
1.36741
1.36755
1.36769
1.36783
1.36796
1.36808
1.36818
1.36826
1.36828
1.36824
1.36814
1.36798
1.3678
1.36762
1.36748
1.3674
1.36739
1.36743
1.36751
1.36763
1.36775
1.36784
1.3679
1.36789
1.36781
1.36766
1.36747
1.36729
1.36716
1.36707
1.36703
1.36704
1.36707
1.36714
1.36723
1.36733
1.36746
1.36759
1.36775
1.36789
1.36804
1.36815
1.36821
1.36825
1.36826
1.36824
1.3682
1.36816
1.36811
1.3681
1.36809
1.36809
1.36801
1.36775
1.36729
1.36677
1.36639
1.36627
1.36638
1.36665
1.36697
1.36728
1.36752
1.36769
1.3678
1.36781
1.36773
1.3676
1.36743
1.36725
1.3671
1.367
1.36697
1.36698
1.36703
1.36709
1.36715
1.36722
1.36728
1.36735
1.36742
1.3675
1.36758
1.36766
1.36775
1.36785
1.36796
1.36805
1.36814
1.3682
1.36824
1.36823
1.36819
1.36812
1.36803
1.36794
1.36784
1.36774
1.36765
1.36756
1.36748
1.36741
1.36733
1.36725
1.36713
1.367
1.3669
1.36685
1.36687
1.36698
1.36716
1.36737
1.36756
1.36773
1.36785
1.3679
1.3679
1.36787
1.36784
1.36782
1.36783
1.36785
1.36783
1.36776
1.36761
1.36745
1.36731
1.36728
1.36737
1.36753
1.3677
1.3678
1.36777
1.36764
1.36742
1.36724
1.36717
1.36724
1.36742
1.36763
1.36781
1.3679
1.36788
1.36775
1.36757
1.36738
1.36726
1.36723
1.36726
1.36734
1.36746
1.36757
1.36765
1.36768
1.36769
1.36766
1.36762
1.36757
1.36752
1.36751
1.36752
1.36756
1.3676
1.36764
1.36766
1.36767
1.36765
1.36761
1.36754
1.36746
1.3674
1.36735
1.36731
1.3673
1.36732
1.36733
1.36736
1.36739
1.36744
1.36749
1.36755
1.36762
1.3677
1.3678
1.36791
1.36803
1.36813
1.36822
1.36826
1.36824
1.36817
1.36806
1.36794
1.36786
1.36781
1.36778
1.36778
1.36778
1.3678
1.36783
1.36787
1.3679
1.36789
1.3678
1.36763
1.36743
1.36722
1.36706
1.36696
1.36694
1.36696
1.36702
1.36709
1.36716
1.36725
1.36733
1.3674
1.36747
1.36754
1.3676
1.36765
1.36769
1.3677
1.36772
1.36772
1.36771
1.36769
1.36766
1.36762
1.36759
1.36756
1.36754
1.36752
1.36751
1.36751
1.36753
1.36756
1.36762
1.3677
1.36783
1.368
1.36822
1.36848
1.36875
1.36893
1.36891
1.36859
1.36803
1.36744
1.36705
1.36694
1.36702
1.36719
1.36735
1.36746
1.36752
1.36755
1.36755
1.36754
1.36754
1.36752
1.36748
1.3674
1.36731
1.3672
1.36711
1.36705
1.36704
1.36707
1.36715
1.36724
1.36735
1.36745
1.36754
1.36762
1.36769
1.36776
1.36782
1.36787
1.3679
1.36792
1.36795
1.36797
1.36799
1.368
1.368
1.36797
1.36792
1.36784
1.36774
1.36763
1.36752
1.36742
1.36736
1.36732
1.36731
1.36733
1.36735
1.36738
1.3674
1.36742
1.36743
1.36745
1.36746
1.36746
1.36747
1.36748
1.3675
1.36752
1.36753
1.36755
1.36756
1.36758
1.3676
1.36763
1.36766
1.36769
1.36772
1.36774
1.36775
1.36775
1.36771
1.36766
1.36759
1.36751
1.36742
1.36733
1.36726
1.36721
1.36716
1.36715
1.36715
1.36716
1.36718
1.3672
1.36724
1.36728
1.36731
1.36735
1.36739
1.36741
1.36745
1.36748
1.3675
1.36753
1.36755
1.36756
1.36756
1.36756
1.36755
1.36754
1.36752
1.36749
1.36747
1.36745
1.36742
1.36741
1.36739
1.36738
1.36737
1.36737
1.36738
1.36739
1.36741
1.36743
1.36745
1.36747
1.3675
1.36753
1.36755
1.36758
1.36758
1.36759
1.36759
1.3676
1.36758
1.36757
1.36753
1.36751
1.36751
1.36751
1.36755
1.3676
1.36766
1.36772
1.36776
1.36779
1.36777
1.36772
1.36763
1.36753
1.3674
1.36726
1.36714
1.36707
1.36704
1.36709
1.36719
1.36732
1.36746
1.3676
1.36769
1.36774
1.36775
1.36772
1.36765
1.36756
1.36746
1.36735
1.36726
1.36718
1.36713
1.3671
1.36711
1.36712
1.36716
1.36721
1.36728
1.36733
1.36739
1.36745
1.36752
1.36758
1.36766
1.36772
1.36778
1.36785
1.36791
1.36795
1.368
1.36802
1.36803
1.36801
1.36796
1.36789
1.36779
1.36768
1.36757
1.36747
1.36736
1.36725
1.36713
1.36703
1.36694
1.36687
1.36686
1.36687
1.36693
1.36701
1.3671
1.36719
1.36729
1.36736
1.36744
1.36751
1.36757
1.36763
1.36768
1.36772
1.36777
1.36779
1.3678
1.3678
1.36777
1.36772
1.36767
1.36764
1.36762
1.36762
1.36764
1.36767
1.3677
1.36772
1.36773
1.36772
1.36769
1.36764
1.36757
1.3675
1.36742
1.36733
1.36725
1.36718
1.36712
1.36711
1.3671
1.36715
1.36722
1.3673
1.36739
1.36748
1.36758
1.36766
1.36773
1.36778
1.36783
1.36785
1.36784
1.36783
1.36781
1.36776
1.36771
1.36765
1.36758
1.36753
1.36748
1.36743
1.36742
1.36741
1.36743
1.36748
1.36755
1.36764
1.36774
1.36784
1.36796
1.36811
1.36825
1.36839
1.36846
1.36842
1.3682
1.36778
1.36726
1.3668
1.36653
1.36648
1.3666
1.36681
1.36706
1.36729
1.3675
1.36767
1.36781
1.36791
1.36798
1.36799
1.36798
1.36793
1.36787
1.36779
1.36771
1.36762
1.36755
1.36749
1.36746
1.36743
1.36743
1.36746
1.36751
1.36756
1.36758
1.36758
1.36753
1.36746
1.36739
1.36731
1.36726
1.36725
1.36727
1.36732
1.36739
1.36747
1.36755
1.36765
1.36775
1.36782
1.36789
1.36791
1.36792
1.3679
1.36784
1.36776
1.36766
1.36755
1.36747
1.3674
1.36734
1.36731
1.36729
1.36728
1.36726
1.36726
1.36726
1.36727
1.36729
1.36733
1.36737
1.36741
1.36747
1.36754
1.36761
1.3677
1.36778
1.36786
1.36794
1.36798
1.36801
1.36799
1.36792
1.3678
1.36764
1.36746
1.36728
1.36712
1.367
1.36694
1.36692
1.36696
1.36704
1.36715
1.36724
1.36734
1.36743
1.36749
1.36756
1.36763
1.36769
1.36774
1.36779
1.36785
1.3679
1.36794
1.36795
1.36794
1.3679
1.36783
1.36773
1.36762
1.36752
1.36745
1.36742
1.36741
1.36741
1.36743
1.36743
1.36744
1.36745
1.36744
1.36742
1.36741
1.3674
1.36739
1.36738
1.36739
1.3674
1.36742
1.36744
1.36746
1.36748
1.36749
1.36751
1.36752
1.36755
1.36757
1.36762
1.36768
1.36773
1.36777
1.36778
1.36775
1.36767
1.36755
1.36741
1.36728
1.36719
1.36714
1.36715
1.36721
1.3673
1.3674
1.36751
1.36761
1.36768
1.36773
1.36774
1.36771
1.36765
1.36758
1.36753
1.36748
1.36746
1.36746
1.36748
1.36752
1.36754
1.36758
1.36763
1.3677
1.36778
1.36789
1.36805
1.36824
1.36845
1.36861
1.36868
1.36857
1.36818
1.36759
1.36695
1.36649
1.3663
1.36634
1.36653
1.36679
1.36705
1.36727
1.36743
1.36755
1.36763
1.36765
1.36765
1.36763
1.36759
1.36754
1.3675
1.3675
1.36752
1.36756
1.36764
1.36773
1.36784
1.36794
1.36802
1.36807
1.36808
1.36805
1.36798
1.36787
1.36773
1.36759
1.36745
1.36735
1.36728
1.36728
1.36731
1.3674
1.36751
1.36764
1.36777
1.36787
1.36794
1.36795
1.36789
1.36777
1.3676
1.36742
1.36725
1.36712
1.36704
1.36704
1.36711
1.36724
1.36739
1.36756
1.36772
1.36786
1.36793
1.36793
1.36785
1.36775
1.36762
1.36753
1.36748
1.36749
1.36757
1.3677
1.36786
1.36801
1.36813
1.36816
1.36802
1.36773
1.36734
1.36696
1.36669
1.36659
1.36665
1.3668
1.367
1.3672
1.36738
1.36755
1.3677
1.36783
1.36795
1.36804
1.3681
1.36813
1.36812
1.36806
1.36795
1.36783
1.36768
1.36753
1.36741
1.36732
1.36725
1.36722
1.36721
1.36722
1.36724
1.36726
1.3673
1.36734
1.36739
1.36745
1.36751
1.36757
1.36764
1.36773
1.36782
1.3679
1.36798
1.36803
1.36804
1.368
1.36791
1.36779
1.36764
1.3675
1.36738
1.36728
1.36722
1.3672
1.36719
1.36721
1.36724
1.36729
1.36735
1.3674
1.36746
1.36752
1.36758
1.36766
1.36773
1.36781
1.36786
1.36788
1.36785
1.36775
1.3676
1.36743
1.36725
1.36713
1.36706
1.36706
1.3671
1.36719
1.36728
1.36739
1.3675
1.36762
1.36772
1.36782
1.36794
1.36807
1.3682
1.36831
1.36837
1.36833
1.36816
1.36784
1.36746
1.36711
1.36687
1.36677
1.36682
1.36694
1.36706
1.36718
1.36727
1.36733
1.36735
1.36736
1.36737
1.36737
1.36739
1.36742
1.36744
1.36747
1.36749
1.3675
1.3675
1.36749
1.36749
1.36748
1.36747
1.36749
1.36753
1.36755
1.36758
1.36759
1.36755
1.36747
1.36736
1.36724
1.36714
1.36708
1.36708
1.36716
1.36729
1.36745
1.36765
1.36784
1.36804
1.36818
1.36824
1.36818
1.36801
1.36777
1.36751
1.36729
1.36715
1.36707
1.36702
1.36697
1.36695
1.36695
1.36699
1.36706
1.36717
1.36733
1.36748
1.36766
1.36785
1.36804
1.3682
1.36832
1.36834
1.3682
1.3679
1.36747
1.36702
1.36668
1.36652
1.36653
1.36666
1.36685
1.36705
1.36721
1.36735
1.36747
1.36757
1.36765
1.36772
1.36778
1.36784
1.36789
1.36794
1.36795
1.36794
1.36789
1.36779
1.36767
1.36753
1.36741
1.36734
1.36731
1.36732
1.36737
1.36743
1.36747
1.36749
1.36748
1.36745
1.3674
1.36736
1.36734
1.36735
1.3674
1.36747
1.36756
1.36765
1.36772
1.36773
1.3677
1.3676
1.36747
1.36733
1.36722
1.36716
1.36714
1.36716
1.36721
1.36727
1.36734
1.36741
1.36747
1.36752
1.36756
1.3676
1.36764
1.36766
1.36769
1.3677
1.3677
1.36771
1.3677
1.36768
1.36766
1.36763
1.3676
1.36757
1.36756
1.36756
1.36757
1.36761
1.36765
1.3677
1.36774
1.36778
1.36781
1.3678
1.36778
1.36774
1.36768
1.3676
1.36749
1.3674
1.36731
1.36725
1.36723
1.36722
1.36723
1.36724
1.36724
1.36724
1.36724
1.36724
1.36725
1.36727
1.36728
1.3673
1.36733
1.36738
1.36742
1.36745
1.36749
1.36752
1.36755
1.36757
1.36759
1.36761
1.36761
1.36761
1.3676
1.36759
1.36757
1.36753
1.36749
1.36745
1.36741
1.36737
1.36733
1.36731
1.36728
1.36727
1.36727
1.36729
1.36732
1.36735
1.36739
1.36744
1.3675
1.36756
1.36762
1.36768
1.36773
1.36777
1.36777
1.36774
1.36769
1.3676
1.36753
1.36748
1.36747
1.36751
1.36762
1.3678
1.36805
1.36838
1.36873
1.36902
1.36912
1.36882
1.36807
1.3671
1.36629
1.3659
1.36592
1.36616
1.36648
1.36678
1.36702
1.36722
1.36737
1.36746
1.36752
1.36757
1.36758
1.3676
1.3676
1.36762
1.36763
1.36766
1.3677
1.36773
1.36776
1.36781
1.36786
1.36791
1.36796
1.36801
1.36804
1.36806
1.36808
1.3681
1.3681
1.36808
1.36802
1.36792
1.36776
1.36757
1.36735
1.36714
1.36696
1.36684
1.36678
1.36677
1.36682
1.3669
1.367
1.36712
1.36722
1.36733
1.36743
1.36752
1.36761
1.3677
1.36779
1.36788
1.36796
1.36803
1.36808
1.36811
1.36808
1.36802
1.3679
1.36775
1.3676
1.36745
1.36734
1.36727
1.36724
1.36725
1.36728
1.36732
1.36737
1.36742
1.36747
1.36753
1.36758
1.36765
1.36772
1.36778
1.36784
1.36789
1.36793
1.36794
1.36794
1.36793
1.3679
1.36788
1.36785
1.3678
1.36773
1.36764
1.36754
1.36744
1.36735
1.36728
1.36723
1.36721
1.36722
1.36726
1.36732
1.36739
1.36745
1.36749
1.36752
1.36754
1.36755
1.36755
1.36753
1.36753
1.36751
1.3675
1.36751
1.3675
1.3675
1.36749
1.36749
1.36748
1.36747
1.36747
1.36747
1.36747
1.36749
1.3675
1.36752
1.36755
1.36758
1.36763
1.36769
1.36777
1.36785
1.36795
1.36806
1.36817
1.36827
1.36836
1.36842
1.36844
1.3684
1.3683
1.36815
1.36795
1.36772
1.36748
1.36725
1.36705
1.36691
1.36682
1.36679
1.36682
1.36689
1.36698
1.36709
1.3672
1.36731
1.36741
1.36748
1.36754
1.36759
1.36761
1.36762
1.36761
1.3676
1.36758
1.36755
1.36755
1.36755
1.36755
1.36757
1.3676
1.36763
1.36766
1.3677
1.36773
1.36776
1.36778
1.36779
1.36781
1.36781
1.36781
1.36779
1.36777
1.36774
1.36768
1.36763
1.36756
1.3675
1.36746
1.36744
1.36743
1.36744
1.36746
1.36749
1.36749
1.3675
1.36749
1.36747
1.36743
1.3674
1.36737
1.36736
1.36736
1.36737
1.3674
1.36743
1.36749
1.36754
1.36759
1.36767
1.36776
1.36785
1.36795
1.36803
1.36809
1.36812
1.36812
1.36806
1.36793
1.36775
1.36753
1.36731
1.3671
1.36694
1.36687
1.36686
1.36691
1.36701
1.36712
1.36725
1.36737
1.36747
1.36753
1.36756
1.36752
1.36746
1.36738
1.36731
1.36726
1.36724
1.36727
1.36732
1.36738
1.36745
1.36751
1.36758
1.36764
1.36768
1.3677
1.36771
1.36772
1.36772
1.3677
1.3677
1.3677
1.36771
1.36772
1.36773
1.36772
1.36772
1.36769
1.36766
1.36759
1.3675
1.36741
1.36734
1.36731
1.36733
1.36741
1.36755
1.36771
1.36786
1.36795
1.36793
1.36779
1.3676
1.36743
1.36733
1.36739
1.36756
1.3678
1.36802
1.36817
1.36822
1.36813
1.36794
1.36767
1.36737
1.3671
1.3669
1.36677
1.36672
1.36674
1.36681
1.36692
1.36705
1.36718
1.3673
1.36742
1.36751
1.36761
1.3677
1.36776
1.36782
1.36787
1.36793
1.36796
1.368
1.36804
1.36807
1.36809
1.36811
1.36814
1.36816
1.36815
1.36813
1.36809
1.36802
1.36792
1.36779
1.36766
1.36751
1.36737
1.36724
1.36716
1.36711
1.36711
1.36715
1.36721
1.36731
1.36744
1.3676
1.36776
1.36795
1.36812
1.36828
1.36835
1.36831
1.36811
1.3678
1.36744
1.36717
1.36703
1.36702
1.3671
1.36722
1.36734
1.36745
1.36753
1.36758
1.3676
1.36761
1.3676
1.36759
1.36756
1.36752
1.36749
1.36744
1.36741
1.3674
1.36742
1.36745
1.36752
1.36762
1.36777
1.36797
1.36821
1.36849
1.36878
1.36901
1.36911
1.36899
1.36867
1.36822
1.36778
1.36741
1.36712
1.36684
1.36653
1.36626
1.36614
1.36626
1.36661
1.36715
1.36774
1.36821
1.36832
1.36798
1.3674
1.3669
1.36675
1.36691
1.3672
1.36745
1.3676
1.36765
1.3676
1.36755
1.36751
1.36747
1.36745
1.36744
1.36743
1.36742
1.36743
1.36746
1.36751
1.36759
1.36768
1.36778
1.36789
1.36802
1.36814
1.36824
1.36832
1.36835
1.36831
1.3682
1.368
1.36774
1.36746
1.36719
1.36697
1.3668
1.36671
1.36668
1.36672
1.36681
1.36693
1.36705
1.36717
1.36727
1.36735
1.36744
1.36749
1.36754
1.36756
1.36758
1.3676
1.3676
1.3676
1.3676
1.36761
1.36762
1.36764
1.36766
1.36769
1.36773
1.36777
1.3678
1.36784
1.36786
1.36785
1.36782
1.36775
1.36767
1.36758
1.36749
1.36741
1.36735
1.36732
1.36731
1.36732
1.36735
1.36739
1.36744
1.3675
1.36755
1.3676
1.36765
1.36769
1.36774
1.36781
1.36789
1.36799
1.3681
1.36815
1.36809
1.36786
1.36746
1.36702
1.36669
1.36655
1.36661
1.3668
1.36703
1.36726
1.36746
1.36761
1.36771
1.36776
1.36774
1.36768
1.36757
1.36743
1.36731
1.36721
1.36717
1.36717
1.36723
1.36734
1.3675
1.36768
1.36787
1.36805
1.36816
1.36815
1.36798
1.36767
1.36731
1.367
1.36684
1.36687
1.36702
1.3672
1.36739
1.36755
1.36769
1.36779
1.36788
1.36794
1.36795
1.36787
1.36771
1.36747
1.36719
1.36697
1.36687
1.36692
1.36712
1.36741
1.36775
1.36807
1.36832
1.36847
1.36844
1.36822
1.36787
1.36746
1.36712
1.3669
1.36682
1.36687
1.36697
1.36708
1.36719
1.36728
1.36736
1.36744
1.36751
1.36759
1.36765
1.36771
1.36778
1.36782
1.36787
1.3679
1.36792
1.36794
1.36795
1.36794
1.36791
1.36786
1.36778
1.36766
1.36756
1.36746
1.36738
1.36734
1.36732
1.36734
1.36737
1.36741
1.36746
1.3675
1.36755
1.36759
1.36762
1.36765
1.36767
1.36769
1.36769
1.36768
1.36766
1.36765
1.36762
1.36758
1.36754
1.36752
1.36752
1.36755
1.36758
1.36763
1.36768
1.36773
1.36775
1.36775
1.36772
1.36766
1.36759
1.36752
1.36747
1.36746
1.36749
1.36755
1.36764
1.36775
1.36789
1.36801
1.36813
1.36822
1.36825
1.36824
1.36817
1.36804
1.36787
1.36768
1.36748
1.36732
1.3672
1.36712
1.36707
1.36704
1.36702
1.36702
1.36702
1.36705
1.3671
1.36719
1.36728
1.36739
1.36749
1.36758
1.36766
1.36771
1.36775
1.36778
1.36778
1.36778
1.36777
1.36776
1.36775
1.36774
1.36775
1.36775
1.36774
1.36775
1.36774
1.36772
1.36771
1.36768
1.36766
1.36764
1.36761
1.36758
1.36754
1.36749
1.36745
1.36741
1.36737
1.36735
1.36734
1.36735
1.36738
1.36743
1.36747
1.36753
1.36758
1.36762
1.36765
1.36766
1.36766
1.36766
1.36763
1.36761
1.3676
1.3676
1.36762
1.36764
1.36768
1.36773
1.36778
1.36781
1.36782
1.36781
1.36774
1.36763
1.36749
1.36734
1.36722
1.36713
1.3671
1.36712
1.36716
1.36724
1.36732
1.3674
1.36747
1.36753
1.3676
1.36765
1.3677
1.36773
1.36775
1.36775
1.36776
1.36777
1.36777
1.36779
1.36781
1.36783
1.36784
1.36787
1.36791
1.36796
1.36802
1.36807
1.36814
1.36817
1.36816
1.3681
1.36798
1.3678
1.3676
1.36741
1.36728
1.36721
1.36719
1.36722
1.36728
1.36735
1.36742
1.36746
1.36748
1.36746
1.36742
1.36737
1.36732
1.36729
1.36727
1.36727
1.36729
1.36733
1.36736
1.3674
1.36743
1.36748
1.36751
1.36754
1.36757
1.36758
1.3676
1.3676
1.3676
1.3676
1.3676
1.36759
1.36758
1.36756
1.36755
1.36753
1.36751
1.3675
1.36749
1.36748
1.36747
1.36746
1.36746
1.36747
1.36749
1.3675
1.36752
1.36756
1.36759
1.36764
1.36767
1.36771
1.36774
1.36775
1.36773
1.36769
1.36763
1.36756
1.36751
1.36748
1.36747
1.36749
1.36752
1.36756
1.36759
1.36761
1.3676
1.36758
1.36753
1.36747
1.36739
1.36732
1.36726
1.3672
1.36716
1.36715
1.36715
1.36715
1.36716
1.36719
1.36722
1.36723
1.36726
1.36729
1.36731
1.36734
1.36737
1.3674
1.36743
1.36746
1.36749
1.36751
1.36755
1.36759
1.36764
1.36769
1.36775
1.3678
1.36786
1.36793
1.36799
1.36808
1.36819
1.36832
1.36848
1.3686
1.3686
1.36833
1.36776
1.36702
1.36639
1.36608
1.36612
1.36636
1.36666
1.36695
1.36718
1.36736
1.36749
1.36757
1.36763
1.36766
1.36769
1.3677
1.36771
1.36772
1.36773
1.36771
1.3677
1.36766
1.3676
1.36752
1.36745
1.36737
1.36732
1.36728
1.36727
1.36728
1.36732
1.36738
1.36744
1.3675
1.36758
1.36765
1.36769
1.36773
1.36775
1.36777
1.36777
1.36776
1.36772
1.36769
1.36766
1.36763
1.3676
1.36758
1.36758
1.36757
1.36757
1.36758
1.3676
1.36762
1.36765
1.36765
1.36766
1.36764
1.36762
1.36759
1.36755
1.36751
1.36748
1.36745
1.36742
1.36741
1.3674
1.36742
1.36744
1.36748
1.36752
1.3676
1.3677
1.36781
1.36791
1.36799
1.368
1.36793
1.36778
1.36758
1.36738
1.36723
1.36714
1.36711
1.36712
1.36715
1.36717
1.36721
1.36727
1.36734
1.3674
1.36744
1.36747
1.36745
1.36741
1.36735
1.36729
1.36726
1.36724
1.36725
1.3673
1.36736
1.36745
1.36755
1.36765
1.36774
1.36782
1.36785
1.36784
1.36778
1.36768
1.36758
1.36748
1.3674
1.36736
1.36733
1.36731
1.36727
1.36724
1.3672
1.36719
1.36722
1.3673
1.36741
1.36756
1.36772
1.36785
1.36791
1.36788
1.36774
1.36754
1.36732
1.36714
1.36705
1.36702
1.36705
1.3671
1.36714
1.36716
1.36717
1.36716
1.36715
1.36715
1.36717
1.36719
1.36722
1.36726
1.3673
1.36735
1.36741
1.36748
1.36756
1.36767
1.36779
1.36795
1.36812
1.3683
1.36846
1.36853
1.36845
1.36818
1.36773
1.36724
1.36687
1.36669
1.36668
1.36677
1.36691
1.36704
1.36713
1.36722
1.36729
1.36735
1.3674
1.36747
1.36757
1.36769
1.36783
1.36796
1.36807
1.36817
1.36819
1.36816
1.36803
1.36783
1.36757
1.36731
1.36709
1.36694
1.36685
1.36683
1.36683
1.36685
1.36689
1.36693
1.36697
1.36702
1.36708
1.36714
1.36722
1.36732
1.36745
1.3676
1.36778
1.36799
1.36822
1.36839
1.36845
1.36829
1.36793
1.36747
1.36707
1.36686
1.36685
1.36697
1.36717
1.36737
1.36753
1.36765
1.36775
1.3678
1.36783
1.36784
1.36781
1.36776
1.36771
1.36763
1.36753
1.36742
1.36732
1.36722
1.36714
1.3671
1.36707
1.36706
1.36707
1.3671
1.36713
1.36717
1.36721
1.36725
1.3673
1.36734
1.36738
1.36741
1.36744
1.36747
1.36751
1.36754
1.36757
1.36759
1.36761
1.36763
1.36764
1.36764
1.36764
1.36762
1.3676
1.36758
1.36758
1.36756
1.36755
1.36754
1.36755
1.36756
1.36757
1.36758
1.36757
1.36757
1.36756
1.36755
1.36751
1.36748
1.36745
1.36741
1.36737
1.36733
1.3673
1.36728
1.36725
1.36723
1.36724
1.36724
1.36725
1.36727
1.3673
1.36733
1.36736
1.36739
1.36742
1.36743
1.36744
1.36744
1.36745
1.36745
1.36745
1.36745
1.36746
1.36745
1.36746
1.36749
1.36752
1.36758
1.36763
1.36769
1.36776
1.36783
1.36788
1.36793
1.36797
1.36798
1.36797
1.36792
1.3678
1.36765
1.36744
1.36721
1.367
1.36687
1.36683
1.36688
1.367
1.36713
1.36724
1.36734
1.36742
1.36748
1.36752
1.36757
1.36763
1.36769
1.36777
1.36785
1.36792
1.36796
1.36797
1.36792
1.36781
1.36766
1.36751
1.36738
1.36731
1.36729
1.36731
1.36735
1.36739
1.36742
1.36746
1.36747
1.36748
1.36749
1.36749
1.3675
1.36751
1.36754
1.36756
1.3676
1.36763
1.36767
1.36769
1.36769
1.36769
1.3677
1.36769
1.36768
1.36766
1.36764
1.36763
1.36763
1.36761
1.36759
1.36757
1.36753
1.36751
1.3675
1.3675
1.36751
1.36754
1.36758
1.36762
1.36764
1.36767
1.36766
1.36765
1.36762
1.36757
1.36754
1.36753
1.36752
1.36753
1.36754
1.36754
1.36751
1.36745
1.36738
1.36729
1.3672
1.36714
1.36711
1.36711
1.36713
1.36718
1.36721
1.36725
1.36729
1.36733
1.36736
1.3674
1.36743
1.36746
1.36749
1.36753
1.36756
1.36761
1.36764
1.36766
1.36769
1.36769
1.36769
1.36767
1.36764
1.3676
1.36755
1.36751
1.36746
1.36742
1.36738
1.36736
1.36733
1.3673
1.36727
1.36727
1.36728
1.3673
1.36736
1.36743
1.36753
1.36764
1.36777
1.3679
1.36802
1.36811
1.36811
1.36801
1.3678
1.36751
1.3672
1.36693
1.36674
1.36665
1.36664
1.3667
1.36678
1.36689
1.367
1.36709
1.36718
1.36726
1.36733
1.3674
1.36745
1.36748
1.36751
1.36753
1.36754
1.36755
1.36754
1.36752
1.36749
1.36745
1.36739
1.36734
1.36731
1.36726
1.36723
1.36722
1.36722
1.36725
1.36728
1.36733
1.36739
1.36745
1.36751
1.36757
1.36762
1.36766
1.36769
1.3677
1.36771
1.36771
1.36772
1.36772
1.36769
1.36766
1.36761
1.36753
1.36744
1.36734
1.36726
1.36719
1.36714
1.36713
1.36713
1.36715
1.36717
1.3672
1.36722
1.36723
1.36725
1.36726
1.36727
1.36729
1.3673
1.36731
1.36733
1.36735
1.36736
1.36739
1.36741
1.36743
1.36747
1.36751
1.36755
1.36759
1.36764
1.36768
1.36771
1.36775
1.36778
1.36777
1.36772
1.36764
1.36751
1.36738
1.36726
1.36719
1.36716
1.36718
1.36724
1.36732
1.36741
1.36749
1.36756
1.36763
1.36768
1.36773
1.36777
1.3678
1.36783
1.36785
1.36787
1.36788
1.36787
1.36784
1.36776
1.36762
1.36744
1.36724
1.36706
1.36695
1.3669
1.36691
1.36697
1.36705
1.36713
1.3672
1.36727
1.36732
1.36737
1.36742
1.36746
1.36747
1.36749
1.36751
1.36754
1.36756
1.36759
1.36766
1.36775
1.36788
1.36806
1.36827
1.36853
1.36877
1.36894
1.36892
1.36863
1.36809
1.36743
1.36688
1.36654
1.36645
1.36652
1.36667
1.36684
1.36699
1.36712
1.36721
1.36728
1.36734
1.3674
1.36745
1.36751
1.3676
1.36771
1.36784
1.36801
1.3682
1.36839
1.36857
1.36869
1.36866
1.36847
1.36812
1.36772
1.36741
1.36725
1.36726
1.36736
1.36749
1.36758
1.36759
1.36753
1.3674
1.36727
1.36717
1.36711
1.36712
1.36718
1.36727
1.36738
1.36749
1.36759
1.36766
1.3677
1.36772
1.36772
1.3677
1.36768
1.36766
1.36766
1.36765
1.36767
1.3677
1.36772
1.36774
1.36775
1.36775
1.36777
1.36776
1.36775
1.36773
1.36772
1.3677
1.36769
1.36769
1.36769
1.36769
1.36768
1.36767
1.36767
1.36767
1.36767
1.36765
1.36765
1.36765
1.36765
1.36765
1.36766
1.36768
1.3677
1.36773
1.36776
1.36779
1.36783
1.36788
1.36793
1.36797
1.36799
1.368
1.36798
1.36793
1.36783
1.36771
1.36755
1.36738
1.36724
1.36714
1.3671
1.36711
1.36716
1.36723
1.36729
1.36731
1.36727
1.36719
1.36708
1.367
1.36696
1.36698
1.36702
1.3671
1.36719
1.3673
1.3674
1.36751
1.36761
1.36771
1.36782
1.36792
1.36803
1.36813
1.36821
1.36823
1.3682
1.36807
1.36788
1.36766
1.36747
1.36734
1.36729
1.36734
1.36747
1.36764
1.36781
1.36791
1.36787
1.36765
1.36725
1.3668
1.36645
1.3663
1.36634
1.36651
1.36673
1.36693
1.36711
1.36725
1.36737
1.36745
1.3675
1.36755
1.36758
1.3676
1.36761
1.36763
1.36764
1.36765
1.36765
1.36766
1.36766
1.36768
1.36769
1.36769
1.3677
1.36769
1.3677
1.3677
1.3677
1.36769
1.36769
1.36769
1.36768
1.36768
1.36767
1.36766
1.36764
1.3676
1.36755
1.36749
1.36744
1.36739
1.36733
1.36727
1.36723
1.3672
1.36718
1.36719
1.36721
1.36724
1.3673
1.36737
1.36745
1.36753
1.36762
1.36771
1.3678
1.36788
1.36794
1.36796
1.36793
1.36785
1.36772
1.36758
1.36743
1.36733
1.36725
1.36722
1.36719
1.36716
1.36715
1.36715
1.36716
1.36717
1.3672
1.36722
1.36725
1.36728
1.3673
1.36734
1.36737
1.36739
1.36742
1.36747
1.36749
1.36752
1.36754
1.36756
1.36759
1.36762
1.36766
1.36769
1.36772
1.36776
1.36779
1.36782
1.36784
1.36782
1.3678
1.36775
1.36767
1.36758
1.36748
1.36739
1.3673
1.36723
1.36718
1.36715
1.36714
1.36716
1.36721
1.36728
1.36736
1.36747
1.3676
1.36775
1.36791
1.36803
1.3681
1.36808
1.36797
1.36778
1.36757
1.36739
1.36728
1.36728
1.36731
1.36737
1.36742
1.36747
1.3675
1.36751
1.36749
1.36748
1.36746
1.36742
1.36741
1.36742
1.36742
1.36743
1.36746
1.36749
1.36754
1.3676
1.36767
1.36774
1.36781
1.3679
1.36797
1.36801
1.36802
1.368
1.36794
1.36786
1.36776
1.36769
1.36766
1.36766
1.36769
1.36774
1.36776
1.36777
1.36774
1.36767
1.36755
1.36742
1.3673
1.36721
1.36714
1.36712
1.36714
1.3672
1.36729
1.3674
1.36753
1.36765
1.36777
1.36788
1.36798
1.36806
1.36811
1.36811
1.36808
1.36801
1.36791
1.36778
1.36765
1.36753
1.36744
1.36738
1.36736
1.36737
1.3674
1.36745
1.36751
1.36755
1.36761
1.36767
1.36771
1.36774
1.36776
1.36776
1.36776
1.36774
1.36772
1.3677
1.36767
1.36764
1.36762
1.3676
1.36758
1.36757
1.36756
1.36757
1.36758
1.36758
1.36759
1.36761
1.36763
1.36764
1.36766
1.36768
1.36769
1.36771
1.36774
1.36776
1.36778
1.36781
1.36784
1.36787
1.36788
1.36787
1.36786
1.36783
1.36779
1.36774
1.36769
1.36764
1.3676
1.36758
1.36757
1.36757
1.3676
1.36763
1.36766
1.36771
1.36774
1.36775
1.36775
1.36773
1.36769
1.36765
1.36759
1.36756
1.36752
1.36749
1.36748
1.36747
1.36747
1.36748
1.36748
1.36748
1.36748
1.36748
1.36748
1.3675
1.3675
1.36751
1.36752
1.36753
1.36755
1.36755
1.36757
1.36759
1.36761
1.36763
1.36766
1.36768
1.36771
1.36773
1.36775
1.36776
1.36777
1.36778
1.36778
1.3678
1.36778
1.36776
1.36774
1.36771
1.36765
1.36758
1.36751
1.36745
1.36741
1.3674
1.36744
1.36752
1.36765
1.36783
1.36802
1.36822
1.36837
1.36846
1.36843
1.36824
1.36795
1.36757
1.3672
1.36693
1.36676
1.36673
1.36682
1.36699
1.36723
1.36752
1.36783
1.36815
1.36845
1.36869
1.36884
1.36885
1.3687
1.36841
1.36802
1.36763
1.36728
1.36704
1.3669
1.36687
1.36691
1.36699
1.36708
1.3672
1.36733
1.36746
1.3676
1.36773
1.36787
1.36799
1.36809
1.36814
1.36815
1.36812
1.36806
1.36799
1.36794
1.36794
1.36797
1.36804
1.36811
1.36817
1.3682
1.36816
1.3681
1.36799
1.36786
1.36772
1.3676
1.36749
1.36741
1.36738
1.36735
1.36735
1.36737
1.36741
1.36746
1.36752
1.36759
1.36766
1.36776
1.36786
1.36795
1.36806
1.36816
1.36824
1.36825
1.3682
1.36807
1.36788
1.36769
1.36754
1.36748
1.36752
1.36762
1.36773
1.36783
1.36791
1.36795
1.36794
1.36789
1.36781
1.36772
1.36764
1.36758
1.36755
1.36755
1.36758
1.36763
1.36769
1.36777
1.36784
1.36791
1.36799
1.36808
1.36815
1.36824
1.36831
1.3684
1.36845
1.36847
1.36847
1.36839
1.36829
1.36817
1.36803
1.36789
1.36775
1.36762
1.36749
1.36737
1.36727
1.36718
1.36713
1.36711
1.36713
1.36718
1.36727
1.36736
1.36745
1.36754
1.36761
1.36768
1.36772
1.36775
1.36779
1.36781
1.36785
1.36791
1.36799
1.36809
1.36824
1.36841
1.36859
1.36871
1.36873
1.36856
1.36822
1.3678
1.36742
1.36718
1.36712
1.36716
1.36727
1.36739
1.36751
1.36761
1.36769
1.36777
1.3678
1.36782
1.36783
1.36782
1.3678
1.36777
1.36774
1.36772
1.36771
1.36771
1.36771
1.36771
1.3677
1.36773
1.36773
1.36774
1.36774
1.36773
1.36772
1.36773
1.36773
1.36773
1.36773
1.36774
1.36776
1.36778
1.36782
1.36788
1.36796
1.36804
1.36811
1.36816
1.36815
1.36808
1.36796
1.3678
1.36764
1.36751
1.36741
1.36736
1.36737
1.3674
1.36746
1.36752
1.36758
1.36762
1.36765
1.36767
1.36767
1.36766
1.36764
1.36761
1.3676
1.3676
1.36763
1.36768
1.36777
1.3679
1.36809
1.36831
1.36853
1.36867
1.36864
1.36838
1.36789
1.36733
1.36692
1.36677
1.36684
1.36703
1.36727
1.36747
1.36765
1.36778
1.36787
1.36793
1.36797
1.36802
1.36806
1.36813
1.36821
1.3683
1.36836
1.36838
1.36833
1.36816
1.36789
1.36758
1.36732
1.36714
1.36709
1.36713
1.36721
1.36731
1.36738
1.36744
1.36749
1.36751
1.36752
1.36753
1.36752
1.36753
1.36753
1.36753
1.36752
1.36752
1.36752
1.36754
1.36754
1.36755
1.36757
1.36757
1.36759
1.36759
1.36759
1.36759
1.3676
1.3676
1.3676
1.36761
1.36761
1.36761
1.36761
1.36761
1.36761
1.36762
1.36764
1.36766
1.36767
1.36768
1.3677
1.36772
1.36774
1.36774
1.36774
1.36773
1.36772
1.36769
1.36768
1.36766
1.36764
1.36764
1.36766
1.36768
1.36772
1.36774
1.36776
1.36776
1.36774
1.36769
1.36765
1.36761
1.36759
1.3676
1.36761
1.36761
1.3676
1.36757
1.36751
1.36743
1.36736
1.3673
1.36728
1.36728
1.36731
1.36734
1.36738
1.36743
1.36747
1.36748
1.3675
1.3675
1.36747
1.36746
1.36747
1.36747
1.36749
1.36752
1.36757
1.36762
1.36767
1.36771
1.36775
1.36775
1.36772
1.36766
1.36759
1.36752
1.36747
1.36742
1.36739
1.3674
1.36741
1.36744
1.36747
1.36748
1.36752
1.36754
1.36756
1.36759
1.36761
1.36766
1.3677
1.36775
1.36781
1.36785
1.36788
1.36785
1.36779
1.36771
1.36764
1.36762
1.36769
1.36782
1.36799
1.36812
1.36813
1.368
1.36775
1.36749
1.36731
1.36727
1.36731
1.36739
1.36746
1.36749
1.36749
1.36746
1.36743
1.3674
1.36739
1.36737
1.36738
1.36739
1.36739
1.36741
1.36742
1.36743
1.36744
1.36745
1.36747
1.3675
1.36753
1.36756
1.36759
1.36762
1.36767
1.36771
1.36775
1.3678
1.36784
1.36789
1.36793
1.36797
1.368
1.36802
1.36802
1.36797
1.3679
1.36777
1.36761
1.3674
1.3672
1.36703
1.3669
1.36685
1.36686
1.36695
1.36708
1.36723
1.3674
1.36757
1.36773
1.36787
1.36797
1.36805
1.36809
1.36808
1.36804
1.36796
1.36783
1.3677
1.36755
1.36741
1.3673
1.36722
1.36718
1.36719
1.36723
1.36729
1.36737
1.36747
1.36757
1.36767
1.36774
1.36781
1.36786
1.36788
1.36787
1.36782
1.36776
1.36767
1.36759
1.36749
1.36742
1.36737
1.36735
1.36736
1.36739
1.36742
1.36747
1.36753
1.36757
1.3676
1.36762
1.36762
1.36761
1.36758
1.36753
1.36748
1.36743
1.36739
1.36735
1.36733
1.36732
1.36733
1.36735
1.36737
1.3674
1.36743
1.36746
1.3675
1.36755
1.36758
1.36761
1.36764
1.36769
1.36771
1.36774
1.36777
1.3678
1.36785
1.36792
1.36802
1.36812
1.36823
1.36831
1.36833
1.36826
1.36809
1.36785
1.36761
1.36739
1.36724
1.36719
1.3672
1.36728
1.36738
1.36746
1.36753
1.36756
1.36754
1.36748
1.36739
1.3673
1.36722
1.36717
1.36716
1.36718
1.36722
1.36729
1.36737
1.36746
1.36753
1.36759
1.36765
1.36768
1.3677
1.36772
1.36772
1.3677
1.3677
1.36769
1.36769
1.3677
1.36771
1.3677
1.36768
1.36767
1.36764
1.36758
1.36754
1.36749
1.36744
1.36741
1.36741
1.36743
1.36747
1.36753
1.36761
1.36771
1.3678
1.36791
1.36802
1.36812
1.36822
1.36831
1.36837
1.3684
1.36838
1.36831
1.3682
1.36808
1.36797
1.36787
1.36777
1.36765
1.36748
1.36726
1.36705
1.3669
1.36684
1.36689
1.36699
1.36714
1.36729
1.36742
1.36753
1.36761
1.36766
1.36769
1.36771
1.36773
1.36773
1.36774
1.36776
1.36777
1.36779
1.36779
1.3678
1.3678
1.36779
1.36778
1.36776
1.36774
1.36772
1.36771
1.3677
1.36769
1.36768
1.36769
1.36769
1.3677
1.36772
1.36775
1.36779
1.36784
1.36792
1.36802
1.36817
1.36833
1.3685
1.36865
1.36872
1.36867
1.36846
1.36812
1.36772
1.36736
1.36713
1.36705
1.36709
1.36721
1.36735
1.36747
1.36757
1.36764
1.36767
1.36769
1.36769
1.36769
1.36769
1.3677
1.36771
1.36774
1.36778
1.36785
1.36792
1.36802
1.36813
1.36825
1.36838
1.36849
1.3686
1.36866
1.36867
1.3686
1.36847
1.36828
1.36807
1.36789
1.36774
1.36764
1.36755
1.36746
1.36735
1.36726
1.36721
1.36721
1.36723
1.36729
1.36736
1.36743
1.3675
1.36756
1.36762
1.36767
1.36771
1.36775
1.36779
1.36783
1.36786
1.36791
1.36796
1.36802
1.36809
1.36817
1.36823
1.36828
1.36831
1.36829
1.36822
1.36806
1.36782
1.36755
1.36729
1.36708
1.36697
1.36694
1.36697
1.36706
1.36716
1.36727
1.36737
1.36745
1.36752
1.36759
1.36767
1.36773
1.36779
1.36785
1.36792
1.36799
1.36805
1.3681
1.36812
1.3681
1.36803
1.36792
1.36778
1.36765
1.36755
1.36749
1.36748
1.36751
1.36755
1.36759
1.36763
1.36764
1.36765
1.36765
1.36765
1.36766
1.36766
1.36766
1.36765
1.36764
1.36764
1.36764
1.36768
1.36774
1.36783
1.36793
1.36803
1.36811
1.36815
1.36814
1.36807
1.36792
1.36774
1.36755
1.36739
1.36727
1.36722
1.36722
1.36727
1.36733
1.36739
1.36745
1.36749
1.36752
1.36753
1.36755
1.36757
1.36761
1.36764
1.3677
1.36775
1.3678
1.36787
1.36792
1.36796
1.36801
1.36802
1.36802
1.36803
1.36802
1.36803
1.36803
1.36803
1.36802
1.368
1.36797
1.36793
1.36787
1.36781
1.36775
1.36769
1.36762
1.36756
1.36749
1.36742
1.36737
1.36734
1.36733
1.36735
1.36741
1.36747
1.36755
1.36762
1.3677
1.36776
1.36781
1.36786
1.36789
1.3679
1.36791
1.3679
1.36787
1.36782
1.36776
1.3677
1.36764
1.3676
1.36755
1.3675
1.36747
1.36745
1.36746
1.36747
1.36749
1.3675
1.36753
1.36758
1.3676
1.36764
1.3677
1.36775
1.3678
1.36784
1.36788
1.36792
1.36793
1.36793
1.36791
1.36789
1.36785
1.3678
1.36776
1.36771
1.36766
1.3676
1.36757
1.36754
1.3675
1.36747
1.36746
1.36745
1.36746
1.36745
1.36747
1.3675
1.36754
1.36761
1.36766
1.36773
1.36778
1.36781
1.36779
1.36772
1.36762
1.3675
1.3674
1.36733
1.36732
1.36735
1.36743
1.36755
1.3677
1.36791
1.36816
1.36848
1.36884
1.3692
1.36944
1.36944
1.36908
1.36842
1.3677
1.36716
1.36686
1.36675
1.36672
1.36675
1.36683
1.36696
1.36711
1.36728
1.36742
1.36753
1.36761
1.36766
1.36767
1.36766
1.36763
1.3676
1.36757
1.36754
1.36752
1.36752
1.36752
1.36753
1.36754
1.36757
1.3676
1.36764
1.36767
1.36772
1.36775
1.36781
1.36785
1.36789
1.36795
1.368
1.36806
1.36813
1.3682
1.36827
1.36832
1.36833
1.36831
1.36824
1.36813
1.36798
1.36782
1.36765
1.36752
1.36743
1.36737
1.36735
1.36734
1.36735
1.36737
1.36739
1.36741
1.36744
1.36746
1.36749
1.36752
1.36755
1.36758
1.36761
1.36764
1.36767
1.3677
1.36773
1.36776
1.36779
1.36782
1.36782
1.36785
1.36787
1.36788
1.36791
1.36794
1.36798
1.36801
1.36804
1.36805
1.36805
1.36803
1.36798
1.3679
1.36781
1.36771
1.36761
1.36753
1.36748
1.36746
1.36748
1.36752
1.36758
1.36766
1.36773
1.36779
1.36784
1.36785
1.36783
1.36775
1.36765
1.36753
1.36743
1.36735
1.36732
1.36732
1.36735
1.36739
1.36744
1.3675
1.36756
1.36762
1.36768
1.36773
1.36778
1.36781
1.36783
1.36785
1.36785
1.36785
1.36784
1.36784
1.36785
1.36784
1.36783
1.3678
1.36774
1.36764
1.36753
1.3674
1.3673
1.36724
1.3672
1.36721
1.36726
1.36732
1.36739
1.36748
1.36758
1.36767
1.36775
1.36782
1.36788
1.3679
1.36792
1.36792
1.3679
1.36788
1.36785
1.36783
1.36783
1.36784
1.36786
1.36787
1.36787
1.36785
1.36779
1.36771
1.3676
1.36748
1.36736
1.36726
1.36718
1.36712
1.3671
1.36711
1.36716
1.36724
1.36735
1.36752
1.36774
1.36801
1.36832
1.36863
1.36879
1.36868
1.36824
1.3676
1.36704
1.36678
1.36685
1.36713
1.36749
1.3678
1.36807
1.36823
1.36832
1.36835
1.36835
1.36832
1.36826
1.36813
1.36792
1.36762
1.36731
1.36707
1.36693
1.36691
1.36699
1.3671
1.36724
1.36738
1.36751
1.36763
1.36775
1.36787
1.36797
1.36805
1.36812
1.36817
1.36819
1.36818
1.36814
1.36811
1.36805
1.36799
1.36793
1.36789
1.36787
1.36786
1.36787
1.3679
1.36794
1.36796
1.36796
1.3679
1.36781
1.36769
1.36755
1.36743
1.36734
1.3673
1.36731
1.36736
1.36743
1.36752
1.3676
1.36769
1.36779
1.36788
1.36796
1.36804
1.36812
1.36818
1.36824
1.3683
1.36835
1.36838
1.36839
1.36838
1.36835
1.36828
1.36817
1.36804
1.36789
1.36775
1.36763
1.36754
1.3675
1.36748
1.36751
1.36756
1.3676
1.36764
1.36768
1.36772
1.36775
1.36778
1.36784
1.36791
1.368
1.36809
1.36819
1.36826
1.36828
1.36825
1.36813
1.36795
1.36774
1.36752
1.36734
1.36723
1.36719
1.36721
1.36726
1.36735
1.36743
1.36753
1.3676
1.36768
1.36775
1.36781
1.36786
1.36791
1.36795
1.36799
1.36803
1.36808
1.36811
1.36815
1.36817
1.36816
1.36811
1.36803
1.36793
1.3678
1.36769
1.3676
1.36753
1.36751
1.36751
1.36754
1.36757
1.36761
1.36762
1.36764
1.36766
1.3677
1.36772
1.36775
1.36777
1.36777
1.36776
1.36774
1.36774
1.36774
1.36776
1.36777
1.36776
1.36772
1.36766
1.3676
1.36756
1.36754
1.36756
1.36761
1.36767
1.36774
1.36781
1.36787
1.36791
1.36793
1.36795
1.36795
1.36793
1.36791
1.36787
1.36781
1.36773
1.36762
1.36749
1.36735
1.36721
1.3671
1.36704
1.36702
1.36705
1.36712
1.36721
1.3673
1.3674
1.3675
1.3676
1.36769
1.36777
1.36782
1.36786
1.36787
1.36786
1.36783
1.3678
1.36778
1.36779
1.36781
1.36785
1.36786
1.36785
1.36781
1.36772
1.36761
1.36748
1.36737
1.36729
1.36723
1.36723
1.36725
1.3673
1.36736
1.36745
1.36753
1.36762
1.3677
1.36776
1.36778
1.36776
1.3677
1.36759
1.36747
1.36737
1.36727
1.36722
1.36719
1.36721
1.36725
1.36731
1.36739
1.36748
1.36759
1.36769
1.3678
1.36792
1.36808
1.36826
1.36844
1.3686
1.36869
1.3686
1.36828
1.36777
1.36722
1.36679
1.36659
1.36657
1.36669
1.36684
1.36699
1.36712
1.36723
1.36733
1.3674
1.36746
1.3675
1.36753
1.36754
1.36755
1.36753
1.3675
1.36745
1.3674
1.36735
1.3673
1.36726
1.36724
1.36724
1.36727
1.3673
1.36734
1.36739
1.36745
1.36751
1.36756
1.36762
1.36767
1.36771
1.36775
1.36777
1.3678
1.36781
1.36781
1.3678
1.36779
1.36779
1.36779
1.36779
1.36777
1.36774
1.36771
1.36766
1.3676
1.36752
1.36743
1.36732
1.36722
1.36711
1.36705
1.36704
1.36707
1.36713
1.36722
1.36731
1.3674
1.36748
1.36755
1.36759
1.3676
1.36759
1.36755
1.3675
1.36746
1.36741
1.36739
1.36739
1.36739
1.36741
1.36743
1.36746
1.3675
1.36753
1.36756
1.3676
1.36763
1.36766
1.36769
1.36771
1.36772
1.36774
1.36777
1.36779
1.36782
1.36785
1.36792
1.36802
1.36813
1.36825
1.36834
1.36835
1.36822
1.36792
1.3675
1.3671
1.36684
1.36679
1.3669
1.36709
1.3673
1.36747
1.36759
1.36765
1.36765
1.36762
1.36757
1.3675
1.36745
1.36741
1.3674
1.3674
1.36743
1.36748
1.36755
1.36763
1.36774
1.36785
1.36793
1.36797
1.36796
1.36786
1.36767
1.36745
1.36723
1.36705
1.36695
1.36691
1.36693
1.36699
1.36706
1.36712
1.36718
1.36724
1.36731
1.36736
1.36742
1.36749
1.36755
1.36762
1.36771
1.36782
1.36793
1.36806
1.36819
1.36833
1.36845
1.3685
1.36846
1.36829
1.36798
1.36762
1.36727
1.36701
1.36689
1.36689
1.36697
1.36707
1.36718
1.36727
1.36736
1.36741
1.36745
1.36747
1.36748
1.36749
1.36749
1.3675
1.36753
1.36757
1.36763
1.36768
1.36775
1.36783
1.36791
1.368
1.36807
1.36811
1.36814
1.36813
1.36811
1.36807
1.36804
1.36801
1.36798
1.36795
1.3679
1.36779
1.36761
1.36739
1.36716
1.36699
1.36689
1.36689
1.36695
1.36706
1.36718
1.3673
1.36739
1.36748
1.36754
1.36758
1.36761
1.36763
1.36764
1.36764
1.36763
1.36762
1.36762
1.3676
1.3676
1.36759
1.36758
1.36755
1.36753
1.36752
1.36751
1.36749
1.36748
1.36745
1.36745
1.36744
1.36744
1.36743
1.36743
1.36743
1.36742
1.36742
1.36741
1.36742
1.36742
1.36742
1.36743
1.36745
1.36748
1.36751
1.36756
1.36761
1.36767
1.36772
1.36778
1.36782
1.36786
1.36788
1.36789
1.3679
1.36788
1.36782
1.36772
1.36758
1.36744
1.3673
1.3672
1.36716
1.36717
1.36721
1.36727
1.36735
1.36741
1.36746
1.36748
1.36747
1.36742
1.36735
1.36727
1.36718
1.3671
1.36705
1.36702
1.36703
1.36707
1.36714
1.3672
1.36727
1.36733
1.36738
1.36744
1.3675
1.36753
1.36755
1.36758
1.36759
1.36759
1.36759
1.36757
1.36755
1.36753
1.36749
1.36746
1.36743
1.3674
1.36737
1.36736
1.36737
1.3674
1.36745
1.36753
1.36761
1.36772
1.36783
1.36794
1.36805
1.36813
1.36817
1.36819
1.36814
1.36807
1.36797
1.36784
1.36769
1.36752
1.36735
1.36721
1.36712
1.36709
1.3671
1.36715
1.3672
1.36723
1.36723
1.36718
1.36712
1.36706
1.36705
1.36706
1.36712
1.36717
1.36724
1.36731
1.36737
1.36742
1.36744
1.36748
1.36751
1.36754
1.36756
1.36758
1.36761
1.36764
1.36767
1.36771
1.36775
1.36778
1.36781
1.36783
1.36785
1.36785
1.36781
1.36774
1.36763
1.3675
1.36737
1.36725
1.36718
1.36716
1.3672
1.36728
1.3674
1.36752
1.36765
1.36774
1.36778
1.36777
1.3677
1.36758
1.36743
1.36732
1.36723
1.36722
1.36726
1.36736
1.36748
1.36763
1.36778
1.3679
1.36798
1.36799
1.36792
1.36777
1.36758
1.36735
1.36718
1.36705
1.367
1.36701
1.36705
1.36712
1.36721
1.36729
1.36736
1.36742
1.36747
1.36749
1.3675
1.36751
1.36749
1.36747
1.36745
1.36743
1.3674
1.36741
1.36743
1.36747
1.36753
1.36761
1.3677
1.36779
1.36784
1.36784
1.36781
1.36774
1.36767
1.36762
1.36763
1.36768
1.36776
1.36785
1.36792
1.36794
1.36789
1.36782
1.36773
1.36764
1.36759
1.36758
1.36765
1.36777
1.36789
1.368
1.36804
1.36798
1.3678
1.36751
1.36717
1.36688
1.36668
1.3666
1.36664
1.36676
1.36693
1.36712
1.3673
1.36745
1.36757
1.36764
1.36766
1.36764
1.3676
1.36754
1.3675
1.36748
1.36749
1.3675
1.36754
1.36756
1.3676
1.36761
1.3676
1.36759
1.36755
1.36752
1.36751
1.36754
1.36759
1.36766
1.36772
1.36777
1.36778
1.36772
1.36762
1.36748
1.36734
1.36719
1.36709
1.36703
1.36702
1.36705
1.3671
1.36715
1.3672
1.36725
1.3673
1.36734
1.36737
1.36739
1.36741
1.36743
1.36746
1.36749
1.36753
1.36757
1.3676
1.36764
1.36768
1.36771
1.36776
1.3678
1.36781
1.36785
1.36788
1.36789
1.3679
1.36788
1.36781
1.36769
1.36751
1.36728
1.36707
1.3669
1.36681
1.36682
1.36691
1.36705
1.36723
1.3674
1.36755
1.36769
1.36778
1.36782
1.36781
1.36776
1.36767
1.36758
1.36752
1.36749
1.36748
1.3675
1.3675
1.36749
1.36747
1.36744
1.36741
1.36739
1.36738
1.36738
1.36738
1.36737
1.36737
1.3674
1.36744
1.3675
1.36756
1.3676
1.36761
1.36761
1.3676
1.36762
1.3677
1.36784
1.368
1.36812
1.36812
1.36798
1.36776
1.36758
1.36752
1.3676
1.36771
1.36769
1.36747
1.36709
1.36671
1.36648
1.36646
1.36658
1.36677
1.36698
1.36716
1.36732
1.36746
1.36759
1.36771
1.36779
1.36785
1.36786
1.36785
1.3678
1.36773
1.36765
1.36762
1.36763
1.36766
1.36767
1.36763
1.36752
1.36737
1.36722
1.36711
1.36709
1.36717
1.36733
1.36753
1.36773
1.36792
1.36808
1.36818
1.36822
1.36821
1.36818
1.36813
1.36808
1.36804
1.36799
1.36793
1.36782
1.36768
1.36749
1.36729
1.36709
1.36691
1.36677
1.36668
1.36665
1.36665
1.36669
1.36677
1.36687
1.367
1.36714
1.36728
1.36743
1.36758
1.36774
1.3679
1.36806
1.36821
1.36832
1.36835
1.36827
1.36806
1.36776
1.36746
1.36721
1.36709
1.36708
1.36713
1.36723
1.36733
1.36743
1.36752
1.36761
1.36771
1.36781
1.36793
1.36806
1.3682
1.36836
1.36851
1.36864
1.36869
1.3686
1.36833
1.36791
1.36746
1.36707
1.36685
1.36676
1.36675
1.36679
1.36686
1.36698
1.36712
1.3673
1.36752
1.36775
1.368
1.36824
1.36847
1.36867
1.3688
1.36881
1.36872
1.3685
1.36817
1.3678
1.36742
1.3671
1.36688
1.36676
1.36675
1.36682
1.36694
1.3671
1.36723
1.36734
1.36742
1.36745
1.36746
1.36745
1.36744
1.36745
1.36747
1.36753
1.3676
1.36767
1.36772
1.36779
1.36783
1.36786
1.36787
1.36787
1.36786
1.36785
1.36783
1.36782
1.3678
1.36779
1.36777
1.36775
1.36773
1.36769
1.36764
1.3676
1.36754
1.36748
1.36745
1.36742
1.36742
1.36743
1.36745
1.36748
1.36752
1.36756
1.36758
1.3676
1.36761
1.36759
1.36756
1.36753
1.3675
1.36747
1.36745
1.36745
1.36746
1.36748
1.3675
1.36753
1.36753
1.36752
1.36752
1.36752
1.36757
1.36764
1.36773
1.36786
1.36795
1.36799
1.36793
1.3678
1.36762
1.36745
1.36733
1.3673
1.36731
1.36733
1.36733
1.3673
1.36726
1.36721
1.36718
1.36719
1.36722
1.36727
1.36735
1.36743
1.3675
1.36757
1.36763
1.36768
1.36772
1.36775
1.36777
1.36778
1.36777
1.36775
1.36771
1.36766
1.36761
1.36755
1.36746
1.36738
1.36731
1.36724
1.3672
1.36717
1.36716
1.36718
1.36722
1.36726
1.36733
1.36739
1.36746
1.36753
1.3676
1.36768
1.36775
1.36779
1.36782
1.36784
1.36784
1.36784
1.36784
1.36782
1.36781
1.3678
1.36777
1.36772
1.36768
1.36762
1.36757
1.36754
1.36754
1.36754
1.36758
1.36762
1.36764
1.36764
1.36762
1.36757
1.3675
1.36744
1.36738
1.36735
1.36734
1.36735
1.3674
1.36747
1.36755
1.36763
1.36773
1.36782
1.3679
1.36798
1.36803
1.36806
1.36805
1.36802
1.368
1.36794
1.36786
1.36772
1.36749
1.36721
1.36692
1.36672
1.36663
1.36668
1.36682
1.36703
1.36725
1.36748
1.36772
1.36794
1.36814
1.36827
1.36829
1.3682
1.368
1.36775
1.36753
1.36738
1.36734
1.36738
1.36745
1.36752
1.36756
1.36757
1.36755
1.36753
1.3675
1.3675
1.36752
1.36755
1.3676
1.36767
1.36774
1.36779
1.36784
1.36788
1.36792
1.36796
1.36799
1.36801
1.36802
1.368
1.36795
1.36787
1.36777
1.36766
1.36754
1.36744
1.36735
1.36728
1.36723
1.36718
1.36714
1.36712
1.3671
1.36709
1.36711
1.36714
1.36718
1.36723
1.36729
1.36734
1.36738
1.36741
1.36744
1.36744
1.36745
1.36745
1.36748
1.3675
1.36755
1.36761
1.3677
1.3678
1.36792
1.36806
1.3682
1.36835
1.36849
1.36859
1.36864
1.36866
1.36864
1.36859
1.3685
1.36835
1.36809
1.36775
1.36735
1.36691
1.36653
1.36624
1.36611
1.36613
1.36627
1.36646
1.36668
1.36689
1.36709
1.36727
1.36744
1.36757
1.36769
1.36779
1.36788
1.36796
1.36802
1.36806
1.36811
1.36813
1.36816
1.36819
1.36822
1.36824
1.36824
1.36821
1.36815
1.36805
1.36791
1.36776
1.3676
1.36747
1.36737
1.3673
1.36725
1.36724
1.36724
1.36726
1.36728
1.36731
1.36736
1.36742
1.36747
1.36753
1.36757
1.36759
1.36761
1.3676
1.36759
1.36755
1.36751
1.36746
1.36742
1.36739
1.36736
1.36735
1.36735
1.36735
1.36736
1.36737
1.3674
1.36742
1.36744
1.36746
1.36747
1.36749
1.3675
1.36753
1.36754
1.36755
1.36757
1.36759
1.3676
1.36762
1.36762
1.36762
1.36762
1.36762
1.36759
1.36756
1.36753
1.36751
1.36749
1.36748
1.36747
1.36746
1.36746
1.36746
1.36746
1.36747
1.36749
1.3675
1.36753
1.36758
1.36762
1.36766
1.36768
1.36769
1.36769
1.36769
1.36766
1.36764
1.36762
1.36759
1.36755
1.36751
1.36744
1.36734
1.36721
1.36707
1.36696
1.36689
1.36688
1.36691
1.36698
1.36707
1.36716
1.36723
1.36729
1.36734
1.36738
1.36744
1.36749
1.36755
1.36758
1.36756
1.36748
1.36738
1.36728
1.3672
1.36719
1.36725
1.36737
1.3675
1.36764
1.36774
1.36775
1.36766
1.36747
1.36727
1.36712
1.36704
1.36704
1.36711
1.36717
1.36721
1.36724
1.36724
1.36725
1.36725
1.36726
1.36729
1.36733
1.36737
1.36739
1.3674
1.36738
1.36734
1.36729
1.36723
1.36717
1.36714
1.3671
1.3671
1.36711
1.36717
1.36725
1.3674
1.36757
1.36777
1.36799
1.36821
1.36837
1.36841
1.36831
1.36809
1.36781
1.36756
1.36736
1.36723
1.36712
1.36704
1.36694
1.36684
1.36678
1.36674
1.36674
1.36678
1.36685
1.36697
1.3671
1.36724
1.3674
1.36755
1.36768
1.36779
1.36786
1.36787
1.36781
1.36769
1.36753
1.36739
1.36725
1.36719
1.36716
1.36717
1.36719
1.36721
1.36723
1.36725
1.36726
1.36728
1.36731
1.36734
1.36737
1.3674
1.36744
1.36746
1.36748
1.36752
1.36754
1.36756
1.36758
1.36758
1.36759
1.3676
1.3676
1.3676
1.3676
1.36761
1.36762
1.36763
1.36765
1.36764
1.36764
1.36764
1.36761
1.36759
1.36757
1.36755
1.36754
1.36755
1.36757
1.3676
1.36766
1.3677
1.36774
1.36779
1.36783
1.36787
1.3679
1.36792
1.36792
1.36788
1.36781
1.36769
1.36754
1.36737
1.36718
1.367
1.36688
1.36679
1.36676
1.36676
1.36681
1.36688
1.36696
1.36704
1.36713
1.3672
1.36727
1.36733
1.36738
1.36743
1.36746
1.36749
1.36751
1.36754
1.36758
1.36761
1.36765
1.36769
1.36772
1.36775
1.36779
1.36781
1.36783
1.36784
1.36783
1.3678
1.36774
1.36765
1.36754
1.36744
1.36734
1.36727
1.36721
1.36716
1.36712
1.36708
1.36703
1.367
1.36698
1.36698
1.36705
1.36712
1.36722
1.36732
1.36741
1.36748
1.36753
1.36755
1.36755
1.36752
1.36747
1.36741
1.36737
1.36735
1.36735
1.36739
1.36744
1.36751
1.36756
1.36759
1.36759
1.36753
1.36744
1.36733
1.36722
1.36709
1.367
1.36694
1.36694
1.36696
1.36702
1.36711
1.36722
1.36735
1.3675
1.36767
1.36785
1.368
1.36811
1.36814
1.36804
1.36784
1.36754
1.3672
1.36689
1.36666
1.36654
1.36655
1.36664
1.36676
1.3669
1.36703
1.36715
1.36724
1.36729
1.36732
1.36734
1.36737
1.36742
1.36748
1.36756
1.36767
1.36779
1.36791
1.368
1.36806
1.36807
1.36799
1.36786
1.36769
1.36753
1.36742
1.36737
1.36741
1.36751
1.36766
1.36781
1.36792
1.36796
1.36794
1.36786
1.36776
1.3677
1.3677
1.36776
1.36781
1.36778
1.36763
1.36736
1.36707
1.36685
1.36679
1.36687
1.36705
1.36729
1.36757
1.36787
1.36814
1.36839
1.36857
1.36866
1.36864
1.36848
1.36823
1.36791
1.36759
1.36729
1.36706
1.36689
1.36679
1.36677
1.36679
1.36683
1.36691
1.367
1.3671
1.36718
1.36726
1.36734
1.36741
1.36748
1.36753
1.36759
1.36763
1.36766
1.3677
1.36772
1.36774
1.36776
1.36777
1.36779
1.36778
1.36778
1.36778
1.36777
1.36776
1.36774
1.36773
1.3677
1.36768
1.36765
1.36762
1.36757
1.36751
1.36744
1.36739
1.36736
1.36737
1.36744
1.36755
1.36774
1.368
1.36833
1.36867
1.36897
1.36905
1.36882
1.3683
1.36768
1.36717
1.36691
1.36683
1.36686
1.36692
1.367
1.36711
1.36721
1.36728
1.36732
1.36731
1.36726
1.36719
1.36712
1.36707
1.36704
1.36705
1.36708
1.36713
1.36718
1.36724
1.3673
1.36735
1.36738
1.36741
1.36743
1.36744
1.36745
1.36746
1.36746
1.36746
1.36746
1.36748
1.36748
1.36751
1.36754
1.36759
1.36765
1.36773
1.36782
1.36791
1.368
1.36808
1.36816
1.36821
1.36822
1.36819
1.3681
1.36794
1.3677
1.36738
1.36702
1.3667
1.3665
1.36647
1.3666
1.36684
1.36714
1.36745
1.36772
1.36791
1.368
1.36798
1.36786
1.36768
1.3675
1.36734
1.36719
1.36704
1.36695
1.36688
1.36685
1.36687
1.36693
1.36702
1.36714
1.36728
1.36741
1.36751
1.36758
1.3676
1.36756
1.36747
1.36737
1.36724
1.36715
1.36709
1.36707
1.36709
1.36713
1.36717
1.36722
1.36726
1.36729
1.36732
1.36734
1.36735
1.36737
1.36738
1.36739
1.3674
1.3674
1.36739
1.36739
1.36739
1.3674
1.36741
1.36742
1.36744
1.36745
1.36747
1.3675
1.36754
1.36757
1.36759
1.36761
1.36763
1.36762
1.3676
1.36758
1.36754
1.3675
1.36746
1.36742
1.36737
1.36732
1.36727
1.36722
1.36718
1.36715
1.36714
1.36714
1.36716
1.36718
1.36722
1.36727
1.36732
1.36737
1.36739
1.36742
1.36744
1.36742
1.36738
1.36732
1.36728
1.36723
1.36718
1.36717
1.36719
1.36723
1.36727
1.36733
1.3674
1.36747
1.36752
1.36757
1.3676
1.36763
1.36764
1.36763
1.36762
1.36762
1.36761
1.36762
1.36762
1.36765
1.36769
1.36772
1.36775
1.36779
1.36782
1.36783
1.36781
1.36777
1.36769
1.3676
1.36751
1.36742
1.36737
1.36737
1.36744
1.36755
1.36769
1.36784
1.36796
1.36802
1.36799
1.36787
1.3677
1.36752
1.36741
1.36738
1.36739
1.36741
1.36742
1.36739
1.36732
1.36722
1.36711
1.36703
1.36697
1.36697
1.367
1.36708
1.3672
1.36733
1.36751
1.36767
1.36783
1.36796
1.36804
1.36803
1.36795
1.3678
1.3676
1.36739
1.36719
1.36706
1.367
1.367
1.36705
1.36715
1.36728
1.36743
1.36757
1.36771
1.36784
1.36795
1.36804
1.3681
1.36813
1.36813
1.3681
1.36804
1.36796
1.36785
1.36773
1.36761
1.36748
1.36735
1.36724
1.36716
1.36709
1.36706
1.36706
1.36709
1.36714
1.36718
1.36723
1.36727
1.36732
1.36737
1.36743
1.36748
1.36754
1.36759
1.36764
1.36769
1.36773
1.36776
1.36778
1.36781
1.36782
1.36783
1.36783
1.36782
1.3678
1.36778
1.36776
1.36774
1.36771
1.3677
1.3677
1.36772
1.36773
1.36775
1.36776
1.36776
1.36773
1.36768
1.36761
1.36754
1.36747
1.36741
1.36736
1.36735
1.36734
1.36735
1.36738
1.3674
1.36745
1.36751
1.36757
1.36765
1.36774
1.36781
1.3679
1.36798
1.36803
1.36808
1.36809
1.36806
1.36801
1.3679
1.36776
1.36762
1.36747
1.36735
1.36727
1.36723
1.36722
1.36725
1.36728
1.36733
1.36736
1.36738
1.3674
1.3674
1.3674
1.36741
1.36743
1.36746
1.3675
1.36753
1.36757
1.3676
1.36762
1.36764
1.36767
1.3677
1.36772
1.36775
1.36779
1.36785
1.36792
1.36799
1.36805
1.36812
1.36816
1.36819
1.36818
1.36814
1.36806
1.36794
1.36779
1.36763
1.36748
1.36735
1.36725
1.36719
1.36719
1.36722
1.36727
1.36734
1.36743
1.36753
1.36763
1.36774
1.36785
1.36794
1.36799
1.368
1.36795
1.36786
1.36775
1.36766
1.36764
1.36769
1.36779
1.36791
1.36801
1.36804
1.36801
1.36792
1.36777
1.36762
1.36752
1.36747
1.36748
1.36754
1.36766
1.3678
1.36794
1.36805
1.36804
1.36792
1.36768
1.36734
1.36701
1.36677
1.36669
1.36675
1.3669
1.3671
1.3673
1.3675
1.3677
1.36789
1.36805
1.36822
1.36838
1.3685
1.36856
1.36853
1.3684
1.36819
1.3679
1.36762
1.36737
1.36721
1.36713
1.3671
1.36711
1.36713
1.36717
1.3672
1.36724
1.36729
1.36733
1.36737
1.3674
1.36743
1.36746
1.36749
1.36752
1.36755
1.36757
1.3676
1.36761
1.36762
1.36764
1.36766
1.36767
1.36768
1.3677
1.36773
1.36777
1.36782
1.36789
1.36796
1.36804
1.3681
1.36812
1.36807
1.36792
1.36769
1.36743
1.36719
1.36704
1.36696
1.36698
1.36705
1.36714
1.36722
1.3673
1.36736
1.36742
1.36745
1.36749
1.3675
1.36752
1.36752
1.36753
1.36752
1.36752
1.36753
1.36754
1.36754
1.36756
1.36759
1.36762
1.36766
1.3677
1.36775
1.36781
1.36785
1.36792
1.36797
1.36802
1.36807
1.36808
1.36807
1.36802
1.36795
1.36783
1.36766
1.36746
1.36725
1.36703
1.36686
1.36675
1.36672
1.36675
1.36682
1.36692
1.36703
1.36713
1.36722
1.3673
1.36737
1.36743
1.36748
1.3675
1.36752
1.36753
1.36754
1.36754
1.36753
1.36753
1.36754
1.36756
1.36758
1.36761
1.36765
1.36768
1.36771
1.36775
1.3678
1.36785
1.36791
1.36798
1.36807
1.36815
1.36825
1.36835
1.36847
1.36856
1.36857
1.36842
1.36803
1.36738
1.36665
1.36608
1.36583
1.36587
1.36611
1.36641
1.36669
1.36693
1.36711
1.36725
1.36736
1.36744
1.36752
1.36758
1.36764
1.36771
1.36777
1.36784
1.36791
1.36796
1.36799
1.368
1.36797
1.3679
1.36781
1.36769
1.36757
1.36745
1.36737
1.36732
1.36729
1.36726
1.36725
1.36725
1.36725
1.36725
1.36727
1.36731
1.36738
1.36747
1.36758
1.3677
1.3678
1.36787
1.36791
1.36792
1.36791
1.36788
1.36785
1.36783
1.36783
1.36783
1.36784
1.36784
1.36782
1.36778
1.36772
1.36767
1.36765
1.36765
1.36768
1.3677
1.36771
1.36769
1.36763
1.36756
1.36751
1.36752
1.36759
1.36772
1.36787
1.36803
1.36815
1.36821
1.36818
1.36802
1.36772
1.36734
1.36698
1.36677
1.36672
1.3668
1.36697
1.36714
1.36731
1.36745
1.36754
1.36762
1.36768
1.36772
1.36774
1.36777
1.36778
1.3678
1.36781
1.36782
1.36783
1.36784
1.36786
1.36789
1.36793
1.36802
1.36812
1.36825
1.3684
1.36855
1.36864
1.36862
1.36844
1.36813
1.36768
1.36722
1.36684
1.3666
1.36653
1.36659
1.36673
1.3669
1.36709
1.36726
1.36744
1.36761
1.36776
1.36792
1.36808
1.36821
1.36828
1.36827
1.36815
1.36795
1.36771
1.36752
1.3674
1.36738
1.36744
1.36754
1.36765
1.36777
1.36786
1.36792
1.36797
1.368
1.36802
1.36801
1.36799
1.36794
1.36786
1.36776
1.36765
1.36754
1.36745
1.3674
1.36738
1.36743
1.36751
1.36763
1.36778
1.36794
1.3681
1.36825
1.36834
1.36836
1.36829
1.36811
1.36786
1.36759
1.36736
1.36721
1.36716
1.3672
1.36732
1.36749
1.36767
1.36783
1.36793
1.36797
1.36791
1.36779
1.36761
1.36743
1.3673
1.36723
1.36724
1.36732
1.36744
1.36761
1.36778
1.36798
1.36819
1.36841
1.36859
1.3687
1.36869
1.36853
1.36828
1.36806
1.36797
1.36802
1.36812
1.36814
1.36798
1.36766
1.36728
1.36703
1.36693
1.36699
1.36713
1.36726
1.36735
1.36742
1.36745
1.36747
1.36746
1.36746
1.36746
1.36747
1.36749
1.36753
1.36756
1.3676
1.36766
1.36771
1.36776
1.36782
1.36787
1.3679
1.36794
1.36797
1.36799
1.36799
1.368
1.368
1.36797
1.36793
1.3679
1.36785
1.36779
1.36774
1.3677
1.36767
1.36763
1.36761
1.36759
1.36758
1.3676
1.36762
1.36764
1.36769
1.36772
1.36777
1.36784
1.3679
1.36797
1.36803
1.36809
1.36813
1.36815
1.36815
1.36812
1.36808
1.36804
1.368
1.36797
1.36794
1.3679
1.36785
1.36778
1.36769
1.3676
1.36751
1.36744
1.3674
1.36737
1.36738
1.36741
1.36745
1.3675
1.36756
1.36762
1.36768
1.36774
1.3678
1.36785
1.3679
1.36795
1.36799
1.36804
1.36806
1.36807
1.36807
1.36805
1.36801
1.36796
1.36788
1.36781
1.36775
1.36769
1.36766
1.36764
1.36762
1.36762
1.36762
1.36763
1.36763
1.36764
1.36765
1.36766
1.36768
1.36769
1.36772
1.36775
1.36779
1.36785
1.36793
1.36801
1.36811
1.36823
1.36836
1.36848
1.36862
1.36873
1.36873
1.36856
1.36815
1.36755
1.36695
1.36653
1.36637
1.36643
1.3666
1.36681
1.36701
1.3672
1.36739
1.36756
1.36775
1.36793
1.36811
1.36826
1.36834
1.36832
1.36821
1.36801
1.36778
1.3676
1.36749
1.36746
1.3675
1.36758
1.36765
1.36772
1.36775
1.36774
1.36766
1.36753
1.36738
1.36724
1.36713
1.36708
1.36708
1.36713
1.3672
1.36728
1.36737
1.36746
1.36755
1.36763
1.36772
1.36783
1.36791
1.36798
1.36803
1.36805
1.36805
1.36803
1.368
1.36795
1.36791
1.36787
1.36784
1.36782
1.36781
1.36778
1.36776
1.36774
1.36774
1.36774
1.36774
1.36773
1.36767
1.36755
1.36737
1.36719
1.36707
1.36704
1.36709
1.36719
1.36733
1.36747
1.36759
1.36769
1.36777
1.36781
1.36784
1.36785
1.36784
1.36782
1.3678
1.36778
1.36777
1.36777
1.36776
1.36775
1.36774
1.36772
1.36772
1.36771
1.36771
1.36773
1.36775
1.36776
1.36778
1.36781
1.36783
1.36785
1.36786
1.36787
1.36784
1.36779
1.36772
1.36762
1.36752
1.36744
1.36741
1.36741
1.36746
1.36753
1.36762
1.36772
1.36779
1.36782
1.36782
1.36778
1.36771
1.36761
1.36752
1.36745
1.36741
1.36741
1.36744
1.36751
1.36761
1.36773
1.36785
1.36796
1.36804
1.36807
1.36803
1.36795
1.36784
1.36772
1.36765
1.36761
1.3676
1.36761
1.3676
1.36759
1.36757
1.36755
1.36753
1.3675
1.36746
1.36742
1.36737
1.36733
1.3673
1.36729
1.36729
1.36732
1.36737
1.36743
1.36749
1.36757
1.36765
1.36774
1.36781
1.36789
1.36797
1.36803
1.3681
1.36815
1.36818
1.3682
1.36819
1.36815
1.36807
1.36797
1.36784
1.3677
1.36756
1.36744
1.36734
1.36728
1.36726
1.36727
1.36731
1.36738
1.36747
1.36758
1.36769
1.36776
1.36779
1.36778
1.36773
1.36765
1.36754
1.36742
1.36729
1.36719
1.36713
1.36711
1.36713
1.36719
1.36727
1.36737
1.36746
1.36755
1.36762
1.36769
1.36775
1.36781
1.36786
1.3679
1.36795
1.36799
1.36804
1.36807
1.36806
1.368
1.36787
1.36771
1.36756
1.36746
1.36742
1.36746
1.36754
1.36764
1.36773
1.36779
1.36779
1.36777
1.36772
1.36767
1.36761
1.36759
1.36757
1.36756
1.36754
1.36751
1.36746
1.3674
1.36733
1.36729
1.36727
1.36729
1.36733
1.36739
1.36745
1.3675
1.36754
1.36757
1.36759
1.3676
1.36762
1.36763
1.36764
1.36767
1.3677
1.36773
1.36777
1.36782
1.36787
1.36791
1.36794
1.36794
1.36789
1.36782
1.36772
1.36762
1.36755
1.3675
1.36751
1.36753
1.3676
1.36769
1.3678
1.36792
1.36803
1.36811
1.36813
1.36812
1.36805
1.36796
1.36785
1.36773
1.36762
1.36754
1.36747
1.36742
1.36737
1.36734
1.36731
1.3673
1.36727
1.36724
1.36721
1.36719
1.36719
1.3672
1.36724
1.36729
1.36734
1.36742
1.3675
1.36757
1.36764
1.3677
1.36774
1.36776
1.36776
1.36775
1.36774
1.36772
1.36772
1.36773
1.36776
1.3678
1.36784
1.3679
1.36795
1.36803
1.36813
1.36824
1.36833
1.36834
1.36825
1.36801
1.36763
1.36721
1.36685
1.36662
1.36657
1.36662
1.36673
1.36685
1.36698
1.36709
1.3672
1.36728
1.36736
1.36744
1.36749
1.36754
1.36759
1.36762
1.36766
1.36768
1.36768
1.36769
1.36769
1.36769
1.36767
1.36767
1.36768
1.3677
1.36772
1.36775
1.36777
1.36779
1.36782
1.36783
1.36783
1.36782
1.3678
1.36778
1.36772
1.36766
1.36758
1.3675
1.36743
1.36737
1.36732
1.36728
1.36725
1.36724
1.36724
1.36722
1.36721
1.36719
1.36717
1.36715
1.36716
1.36719
1.36722
1.36727
1.36735
1.36742
1.3675
1.36757
1.36765
1.3677
1.36771
1.36769
1.36763
1.36753
1.36743
1.36733
1.36725
1.36721
1.36722
1.36728
1.36737
1.36747
1.36758
1.3677
1.36782
1.36792
1.36801
1.36806
1.36808
1.36811
1.36812
1.36809
1.368
1.36777
1.3674
1.36699
1.36665
1.3665
1.36651
1.36664
1.36683
1.36702
1.36719
1.36731
1.36741
1.36748
1.36753
1.36756
1.3676
1.36762
1.36764
1.36766
1.36768
1.36769
1.36769
1.36767
1.36765
1.3676
1.36757
1.36753
1.36751
1.3675
1.36749
1.3675
1.36751
1.36751
1.36752
1.36753
1.36753
1.36754
1.36756
1.36759
1.36764
1.3677
1.36777
1.36784
1.36792
1.36797
1.368
1.36799
1.36795
1.36784
1.36769
1.3675
1.3673
1.36712
1.36698
1.36687
1.36682
1.36683
1.36685
1.3669
1.36698
1.36707
1.36715
1.36723
1.36729
1.36736
1.36742
1.36749
1.36754
1.36759
1.36764
1.36769
1.36773
1.36776
1.36777
1.36779
1.36778
1.36773
1.36766
1.36757
1.36748
1.36739
1.36733
1.36728
1.36727
1.36727
1.36729
1.36733
1.36737
1.36741
1.36745
1.36748
1.3675
1.36751
1.36752
1.36752
1.36752
1.36752
1.3675
1.36749
1.36748
1.36747
1.36744
1.36742
1.3674
1.36739
1.36737
1.36737
1.36736
1.36736
1.36735
1.36732
1.36728
1.36724
1.36719
1.36714
1.36712
1.36714
1.36721
1.36733
1.36751
1.36775
1.36802
1.36832
1.36856
1.36872
1.36875
1.36865
1.36844
1.36818
1.36794
1.36777
1.36765
1.36756
1.36745
1.36729
1.36706
1.36682
1.36664
1.3665
1.36637
1.36622
1.36608
1.3661
1.3663
1.36668
1.36719
1.36771
1.36818
1.36846
1.36841
1.368
1.36731
1.36666
1.36629
1.36627
1.36647
1.36677
1.36705
1.36728
1.36745
1.36757
1.36764
1.36767
1.36768
1.36767
1.36763
1.36759
1.36756
1.36752
1.36746
1.36743
1.36738
1.36734
1.3673
1.36726
1.36725
1.36724
1.36725
1.36727
1.36731
1.36736
1.36741
1.36746
1.3675
1.36755
1.36757
1.36758
1.36756
1.36753
1.3675
1.36746
1.36743
1.36742
1.36742
1.36742
1.36742
1.36743
1.36743
1.36742
1.36741
1.36739
1.36738
1.36738
1.36739
1.36739
1.36741
1.36744
1.36746
1.36748
1.36751
1.36752
1.36754
1.36755
1.36755
1.36754
1.36753
1.36752
1.3675
1.36747
1.36746
1.36744
1.36741
1.3674
1.36739
1.36738
1.36737
1.36736
1.36736
1.36736
1.36737
1.36739
1.3674
1.36741
1.36742
1.36744
1.36746
1.36747
1.36748
1.36748
1.36746
1.36744
1.36741
1.36737
1.36734
1.36731
1.36729
1.36729
1.3673
1.36732
1.36734
1.36737
1.36739
1.3674
1.3674
1.36738
1.36736
1.36732
1.36729
1.36725
1.36723
1.36721
1.36721
1.36721
1.36723
1.36726
1.36729
1.36733
1.36737
1.36741
1.36745
1.36749
1.36754
1.36757
1.36759
1.3676
1.3676
1.36758
1.36754
1.36752
1.36748
1.36745
1.36743
1.3674
1.36736
1.36735
1.36737
1.36741
1.36752
1.36768
1.36788
1.36811
1.36831
1.36841
1.36834
1.36808
1.36767
1.36723
1.36686
1.36659
1.36645
1.36642
1.36648
1.36659
1.36674
1.36689
1.36703
1.36718
1.36729
1.3674
1.3675
1.36758
1.36764
1.36771
1.36775
1.36777
1.36778
1.36777
1.36774
1.3677
1.36765
1.36758
1.36751
1.36746
1.36741
1.36739
1.36738
1.36736
1.36736
1.36736
1.36737
1.36738
1.36741
1.36743
1.36746
1.3675
1.36754
1.36757
1.3676
1.36762
1.36763
1.36762
1.36758
1.36754
1.36746
1.36739
1.36732
1.36727
1.36724
1.36723
1.36724
1.36726
1.3673
1.36735
1.3674
1.36744
1.3675
1.36755
1.3676
1.36764
1.36766
1.36767
1.36768
1.36768
1.36768
1.36768
1.36769
1.3677
1.36772
1.36774
1.36777
1.36778
1.36777
1.36773
1.36767
1.36757
1.36745
1.36732
1.36721
1.36713
1.3671
1.36712
1.36716
1.36722
1.3673
1.36738
1.36744
1.36748
1.3675
1.36749
1.36745
1.36742
1.36739
1.36737
1.36736
1.36737
1.3674
1.36743
1.36748
1.36753
1.36758
1.36763
1.36767
1.3677
1.36772
1.36773
1.36772
1.3677
1.36766
1.36762
1.36758
1.36755
1.36756
1.3676
1.36769
1.36782
1.36795
1.36804
1.36804
1.36792
1.36769
1.36742
1.36721
1.3671
1.36711
1.3672
1.36732
1.36741
1.36745
1.36745
1.3674
1.36732
1.36722
1.36712
1.36702
1.36693
1.36687
1.36684
1.36686
1.3669
1.36696
1.36706
1.36716
1.36727
1.3674
1.36751
1.36762
1.36772
1.3678
1.36785
1.36788
1.36789
1.36784
1.36776
1.36767
1.36757
1.36747
1.36739
1.36734
1.36734
1.36736
1.36742
1.36749
1.36756
1.36766
1.36776
1.36786
1.36796
1.36804
1.36812
1.36816
1.36815
1.36807
1.36793
1.36773
1.36751
1.36728
1.36707
1.36695
1.36688
1.36687
1.36691
1.36697
1.36703
1.36711
1.36716
1.3672
1.36723
1.36724
1.36725
1.36727
1.36729
1.36731
1.36734
1.36735
1.3674
1.36743
1.36747
1.36751
1.36755
1.36759
1.36763
1.36767
1.36771
1.36776
1.36781
1.36785
1.36788
1.3679
1.36789
1.36785
1.36777
1.36766
1.36754
1.36742
1.36731
1.36722
1.36716
1.36713
1.36709
1.36705
1.36701
1.36697
1.36694
1.36693
1.36694
1.36699
1.36706
1.36715
1.36726
1.36738
1.36751
1.36765
1.36778
1.36791
1.36803
1.36816
1.36833
1.36851
1.36872
1.36894
1.36905
1.36894
1.36854
1.36797
1.36743
1.36709
1.36691
1.36678
1.36666
1.36655
1.36653
1.36666
1.3669
1.36718
1.36741
1.36757
1.36764
1.3676
1.36749
1.36732
1.36715
1.36698
1.36685
1.36679
1.36683
1.36691
1.36704
1.36716
1.36728
1.36738
1.36747
1.36753
1.36757
1.36761
1.36763
1.36765
1.36767
1.3677
1.36771
1.3677
1.36771
1.36771
1.36769
1.36768
1.36767
1.36763
1.3676
1.36758
1.36755
1.36752
1.3675
1.36748
1.36747
1.36747
1.36747
1.36748
1.36749
1.36751
1.36753
1.36756
1.36759
1.36762
1.36765
1.36769
1.36773
1.36777
1.36784
1.3679
1.36795
1.36795
1.3679
1.36777
1.36756
1.36731
1.36707
1.36689
1.36679
1.36678
1.36683
1.36693
1.36704
1.36715
1.36725
1.36736
1.36745
1.36753
1.3676
1.36767
1.36772
1.36777
1.3678
1.3678
1.36779
1.36776
1.36771
1.36764
1.36757
1.3675
1.36742
1.36736
1.36731
1.36728
1.36727
1.3673
1.36731
1.36732
1.36736
1.36739
1.36743
1.36748
1.36754
1.36763
1.36775
1.36788
1.368
1.36808
1.36809
1.36799
1.36777
1.36752
1.36731
1.3672
1.36719
1.36728
1.36739
1.36751
1.3676
1.36764
1.36764
1.36762
1.36759
1.36757
1.36756
1.36756
1.36757
1.36757
1.36755
1.3675
1.36741
1.36731
1.3672
1.36711
1.36706
1.36705
1.36707
1.36711
1.36719
1.36727
1.36735
1.36741
1.36746
1.36751
1.36755
1.36756
1.36757
1.36756
1.36756
1.36755
1.36754
1.36751
1.36749
1.36746
1.36744
1.36744
1.36744
1.36747
1.3675
1.36754
1.3676
1.36766
1.36773
1.36777
1.36779
1.36778
1.36774
1.36765
1.36754
1.36743
1.36732
1.36724
1.36722
1.36725
1.36732
1.36742
1.36754
1.36765
1.36775
1.36782
1.36789
1.36792
1.36791
1.36787
1.36781
1.36772
1.3676
1.36748
1.36736
1.36725
1.36715
1.36708
1.36702
1.367
1.36702
1.36707
1.36714
1.36723
1.36735
1.3675
1.36766
1.36785
1.36807
1.36831
1.36853
1.36864
1.36856
1.36823
1.36775
1.36724
1.36689
1.36678
1.36685
1.36702
1.36721
1.3674
1.36757
1.36769
1.36781
1.3679
1.36797
1.36801
1.36799
1.36793
1.36781
1.36762
1.36742
1.36725
1.36714
1.36711
1.36716
1.36726
1.3674
1.36756
1.36772
1.36789
1.36803
1.36814
1.36818
1.36814
1.368
1.3678
1.36759
1.36744
1.36736
1.36737
1.36744
1.36753
1.36763
1.36771
1.36776
1.3678
1.36781
1.36781
1.3678
1.36778
1.36776
1.36772
1.36768
1.36761
1.36752
1.36744
1.36736
1.3673
1.36727
1.36727
1.36728
1.36732
1.36736
1.3674
1.36744
1.36748
1.36752
1.36756
1.36757
1.36756
1.36753
1.36748
1.36741
1.36737
1.36734
1.36733
1.36735
1.3674
1.36745
1.36751
1.36756
1.36762
1.36767
1.36772
1.36775
1.36777
1.36776
1.36774
1.36769
1.36764
1.3676
1.36758
1.36756
1.36756
1.36756
1.36756
1.36755
1.36754
1.36752
1.36749
1.36746
1.36744
1.36742
1.36741
1.36741
1.36741
1.36743
1.36746
1.36748
1.36751
1.36753
1.36755
1.36758
1.36759
1.3676
1.36761
1.36762
1.36762
1.36761
1.3676
1.36759
1.36757
1.36756
1.36756
1.36757
1.36759
1.36762
1.36764
1.36768
1.36773
1.36778
1.36783
1.36786
1.36788
1.36789
1.36787
1.36782
1.36775
1.36766
1.36756
1.36747
1.36738
1.36731
1.36726
1.36725
1.36726
1.3673
1.36735
1.36742
1.3675
1.3676
1.36769
1.3678
1.36791
1.368
1.36809
1.36816
1.36819
1.36818
1.3681
1.36799
1.36781
1.36763
1.36746
1.36732
1.36724
1.36722
1.36725
1.36729
1.36733
1.36733
1.36731
1.36726
1.3672
1.36717
1.36719
1.36724
1.36731
1.3674
1.36749
1.36756
1.36763
1.36769
1.36774
1.36777
1.36778
1.36777
1.36772
1.36764
1.36755
1.36746
1.36741
1.36739
1.3674
1.36741
1.36744
1.36746
1.36747
1.36749
1.3675
1.36751
1.36754
1.36758
1.36763
1.36769
1.36777
1.36783
1.36788
1.36792
1.36792
1.3679
1.36785
1.36778
1.36769
1.36759
1.3675
1.36742
1.36738
1.36737
1.36739
1.36742
1.36747
1.36752
1.36756
1.36758
1.36758
1.36753
1.36748
1.3674
1.36732
1.36724
1.36719
1.36717
1.36717
1.3672
1.36723
1.36728
1.36733
1.36738
1.36742
1.36746
1.36749
1.36754
1.36757
1.36759
1.36761
1.36764
1.36767
1.36771
1.36777
1.36782
1.36789
1.36796
1.36805
1.36812
1.36818
1.36823
1.36822
1.36818
1.36809
1.36797
1.36781
1.36765
1.36749
1.36736
1.3673
1.36729
1.36734
1.36743
1.36754
1.36766
1.36778
1.36786
1.36791
1.3679
1.36782
1.3677
1.36756
1.36743
1.36735
1.36732
1.36731
1.36731
1.36733
1.36734
1.36734
1.36734
1.36733
1.36733
1.36735
1.36736
1.36738
1.36741
1.36745
1.36749
1.36754
1.36759
1.36765
1.3677
1.36776
1.3678
1.36782
1.36781
1.36778
1.36775
1.36771
1.36768
1.36767
1.36769
1.36774
1.36782
1.36791
1.36801
1.36809
1.36813
1.36813
1.36808
1.36795
1.36777
1.36756
1.36732
1.36712
1.367
1.36697
1.36704
1.36718
1.36734
1.36751
1.36767
1.36778
1.36784
1.36784
1.36776
1.36762
1.36746
1.36733
1.36724
1.36721
1.36726
1.36735
1.36746
1.36759
1.36773
1.36786
1.36797
1.36808
1.36815
1.36818
1.36818
1.36815
1.36807
1.36795
1.36781
1.36765
1.36751
1.36738
1.36728
1.36722
1.36719
1.36721
1.36724
1.36729
1.36733
1.36738
1.36743
1.36748
1.36753
1.36758
1.36762
1.36766
1.3677
1.36773
1.36776
1.36778
1.36781
1.36782
1.36784
1.36785
1.36786
1.36788
1.36788
1.36789
1.36789
1.36789
1.36788
1.36786
1.36783
1.3678
1.36774
1.36768
1.36761
1.36754
1.36748
1.36743
1.36739
1.36737
1.36736
1.36737
1.3674
1.36743
1.36747
1.36751
1.36755
1.36759
1.36763
1.36767
1.36768
1.3677
1.36771
1.36773
1.36773
1.36772
1.36771
1.36769
1.36767
1.36766
1.36764
1.36762
1.36759
1.36756
1.36754
1.36751
1.36748
1.36745
1.36742
1.36741
1.3674
1.3674
1.36739
1.3674
1.36741
1.36743
1.36746
1.3675
1.36753
1.36757
1.36762
1.36767
1.3677
1.36773
1.36774
1.36771
1.36765
1.36756
1.36744
1.36734
1.36727
1.36722
1.36721
1.36724
1.3673
1.36736
1.36744
1.36752
1.36759
1.36767
1.36775
1.36781
1.36787
1.36791
1.36794
1.36795
1.36794
1.36789
1.36781
1.36772
1.36761
1.36748
1.36736
1.36727
1.3672
1.36715
1.36713
1.36712
1.36714
1.36718
1.36721
1.36725
1.36729
1.36733
1.36736
1.36741
1.36743
1.36746
1.36748
1.3675
1.36752
1.36753
1.36753
1.36752
1.3675
1.36748
1.36746
1.36744
1.36741
1.36739
1.36737
1.36737
1.36736
1.36738
1.36742
1.36747
1.36754
1.36764
1.36776
1.3679
1.36805
1.36822
1.36837
1.36845
1.36841
1.36814
1.36762
1.36696
1.36635
1.36599
1.36593
1.36609
1.36634
1.36663
1.36689
1.36709
1.36726
1.36738
1.36747
1.36754
1.36758
1.36759
1.3676
1.36757
1.36754
1.36751
1.36751
1.36754
1.36758
1.36763
1.36767
1.3677
1.36772
1.36772
1.36768
1.36762
1.36751
1.36739
1.36724
1.3671
1.367
1.36694
1.36693
1.36699
1.36707
1.36719
1.36733
1.36746
1.3676
1.36774
1.36789
1.36804
1.36816
1.36823
1.36825
1.3682
1.36813
1.36805
1.36795
1.36777
1.36749
1.3671
1.3667
1.36638
1.36622
1.36618
1.36627
1.36642
1.36659
1.36678
1.36695
1.36709
1.36723
1.36733
1.36743
1.36752
1.36758
1.36761
1.36763
1.36765
1.36766
1.36766
1.36766
1.36767
1.36768
1.36769
1.36769
1.36769
1.3677
1.36769
1.36766
1.36764
1.36761
1.36758
1.36752
1.36748
1.36743
1.36739
1.36735
1.36733
1.36731
1.36732
1.36732
1.36735
1.36736
1.36738
1.36739
1.36741
1.36743
1.36744
1.36745
1.36745
1.36747
1.36749
1.36749
1.36752
1.36753
1.36756
1.36757
1.36758
1.36758
1.36757
1.36754
1.3675
1.36746
1.3674
1.36733
1.36727
1.36721
1.36715
1.36709
1.36706
1.36706
1.36708
1.36713
1.36721
1.36732
1.36748
1.36766
1.36787
1.36809
1.36828
1.36835
1.36827
1.368
1.36762
1.36729
1.3671
1.36706
1.36713
1.36724
1.3673
1.36732
1.36729
1.36726
1.36724
1.36727
1.36734
1.36745
1.36761
1.36778
1.36794
1.36804
1.36805
1.36793
1.36766
1.3673
1.36694
1.36667
1.36655
1.36655
1.36668
1.36685
1.36704
1.36725
1.36746
1.36764
1.36777
1.36783
1.3678
1.36768
1.3675
1.36733
1.36724
1.36724
1.36736
1.36753
1.36769
1.3678
1.36777
1.36762
1.36736
1.36709
1.3669
1.36684
1.36689
1.36702
1.36718
1.36734
1.36748
1.36759
1.3677
1.36777
1.36783
1.36786
1.36787
1.36786
1.36784
1.36778
1.36772
1.36763
1.36753
1.36745
1.36736
1.3673
1.36727
1.36725
1.36724
1.36725
1.36726
1.36726
1.36727
1.36727
1.36728
1.36729
1.36732
1.36737
1.36744
1.36754
1.36763
1.3677
1.36775
1.36774
1.36767
1.36754
1.36739
1.36723
1.3671
1.367
1.36695
1.36692
1.36692
1.36695
1.36697
1.36701
1.36705
1.36711
1.36717
1.36724
1.3673
1.36735
1.36738
1.3674
1.3674
1.36738
1.36735
1.36731
1.36727
1.36725
1.36726
1.36729
1.36733
1.3674
1.36747
1.36755
1.36762
1.36768
1.36772
1.36778
1.36784
1.36793
1.36803
1.3681
1.36812
1.36802
1.36778
1.36743
1.36707
1.36682
1.36675
1.36682
1.36698
1.36716
1.36732
1.36746
1.36756
1.36763
1.36768
1.36772
1.36776
1.3678
1.36783
1.36782
1.36777
1.36765
1.36748
1.36729
1.36711
1.36698
1.36692
1.36697
1.36706
1.36722
1.36739
1.36755
1.36767
1.36773
1.36771
1.36762
1.36748
1.36735
1.36723
1.36718
1.36718
1.36721
1.36726
1.36731
1.36735
1.36738
1.36738
1.36738
1.36735
1.36733
1.36731
1.36729
1.36729
1.36729
1.36731
1.36733
1.36734
1.36734
1.36734
1.36734
1.36735
1.36737
1.36742
1.3675
1.3676
1.3677
1.36777
1.36778
1.36771
1.36759
1.36744
1.36732
1.36723
1.36718
1.36714
1.36712
1.36712
1.36717
1.36728
1.36743
1.36762
1.3678
1.36792
1.36796
1.36791
1.36776
1.36757
1.36737
1.3672
1.3671
1.36708
1.36711
1.36718
1.36728
1.36736
1.36739
1.3674
1.36737
1.36731
1.36723
1.36718
1.36718
1.36722
1.36731
1.36742
1.36753
1.36762
1.3677
1.36773
1.36775
1.36776
1.36776
1.36773
1.36772
1.36769
1.36767
1.36766
1.36765
1.36767
1.36772
1.36776
1.36778
1.36774
1.36766
1.36755
1.36742
1.3673
1.36722
1.36721
1.36724
1.36731
1.36739
1.36745
1.36747
1.36748
1.36747
1.36749
1.36754
1.36764
1.36779
1.36794
1.36804
1.36799
1.36777
1.36739
1.36699
1.36669
1.36659
1.36666
1.36683
1.36705
1.36727
1.36748
1.36763
1.36776
1.36787
1.36795
1.36803
1.36808
1.36811
1.36813
1.36811
1.36805
1.36794
1.36781
1.36766
1.36751
1.36737
1.36727
1.36721
1.36718
1.36719
1.36723
1.36729
1.36734
1.36739
1.36745
1.3675
1.36753
1.36757
1.36759
1.3676
1.3676
1.36759
1.36757
1.36755
1.36754
1.36752
1.36752
1.36753
1.36754
1.36757
1.36759
1.36762
1.36765
1.36766
1.36767
1.36766
1.36766
1.36767
1.36769
1.36774
1.36782
1.36796
1.36812
1.36831
1.36843
1.36837
1.36809
1.36759
1.36703
1.3666
1.36641
1.36646
1.36663
1.36684
1.36705
1.36722
1.36734
1.36743
1.36751
1.36756
1.3676
1.36765
1.3677
1.36775
1.3678
1.36786
1.36791
1.36795
1.36797
1.36796
1.36791
1.36783
1.36773
1.36766
1.36762
1.36762
1.36765
1.36771
1.36774
1.36774
1.36769
1.36761
1.36751
1.36744
1.36741
1.36746
1.36757
1.36774
1.36793
1.36813
1.3683
1.36841
1.3684
1.36823
1.36793
1.36756
1.36719
1.36691
1.36677
1.36676
1.36684
1.36697
1.36711
1.36725
1.36736
1.36746
1.36754
1.3676
1.36766
1.3677
1.36774
1.36778
1.36779
1.36781
1.36782
1.36783
1.36782
1.3678
1.36776
1.36771
1.36766
1.36761
1.36754
1.36749
1.36745
1.36741
1.3674
1.36739
1.36739
1.36739
1.3674
1.36741
1.36742
1.36744
1.36745
1.36746
1.36747
1.3675
1.36751
1.36754
1.36756
1.36759
1.36763
1.36768
1.36774
1.36781
1.36791
1.368
1.3681
1.36819
1.36826
1.36829
1.36828
1.36823
1.36814
1.36801
1.36786
1.36769
1.36752
1.36736
1.36721
1.36707
1.36692
1.36678
1.36667
1.36662
1.36665
1.36675
1.36689
1.36706
1.36721
1.36737
1.3675
1.36763
1.36776
1.36789
1.36803
1.36817
1.36828
1.36836
1.36834
1.36817
1.36787
1.36751
1.36717
1.36697
1.36691
1.36697
1.36709
1.36724
1.36737
1.36748
1.36755
1.3676
1.36763
1.36763
1.36762
1.3676
1.36759
1.36756
1.36755
1.36753
1.36751
1.36748
1.36746
1.36744
1.36743
1.36743
1.36744
1.36747
1.36751
1.36756
1.36764
1.36771
1.36778
1.36785
1.36786
1.36784
1.36779
1.36768
1.36754
1.36737
1.36721
1.36709
1.36699
1.36693
1.36693
1.36695
1.367
1.36708
1.36715
1.36723
1.36731
1.36739
1.36747
1.36753
1.36759
1.36763
1.36766
1.36768
1.3677
1.36773
1.36777
1.36783
1.36789
1.36795
1.36801
1.36802
1.36798
1.36788
1.36777
1.36769
1.3677
1.3678
1.36797
1.36814
1.36823
1.36818
1.36799
1.36768
1.36735
1.36707
1.36687
1.3668
1.36682
1.36693
1.36707
1.36721
1.36735
1.36745
1.36754
1.36759
1.36763
1.36767
1.36771
1.36773
1.36776
1.36779
1.36781
1.36782
1.36783
1.36785
1.36786
1.36785
1.36784
1.36782
1.36779
1.36773
1.36767
1.3676
1.36753
1.36747
1.36743
1.3674
1.36739
1.3674
1.36742
1.36744
1.36746
1.36747
1.3675
1.36752
1.36755
1.36758
1.36762
1.36766
1.36771
1.36775
1.3678
1.36785
1.3679
1.36795
1.368
1.36804
1.36806
1.36803
1.36795
1.36783
1.36768
1.36755
1.36746
1.36742
1.36743
1.36748
1.36753
1.36758
1.3676
1.3676
1.36758
1.36755
1.36751
1.36749
1.36748
1.36747
1.36748
1.3675
1.36753
1.36755
1.36759
1.36761
1.36762
1.36764
1.36764
1.36765
1.36765
1.36768
1.36772
1.36781
1.36791
1.36801
1.36807
1.36807
1.36798
1.36782
1.36761
1.36739
1.36722
1.36711
1.36704
1.36702
1.36701
1.36703
1.36705
1.36709
1.36714
1.3672
1.36727
1.36734
1.3674
1.36748
1.36755
1.36762
1.36768
1.36774
1.36778
1.36781
1.36782
1.36783
1.36782
1.3678
1.36776
1.36773
1.36768
1.36765
1.36762
1.3676
1.36759
1.36758
1.36757
1.36757
1.36757
1.36758
1.36759
1.36759
1.3676
1.36761
1.36762
1.36762
1.36763
1.36762
1.36762
1.36761
1.36758
1.36755
1.36751
1.36748
1.36746
1.36743
1.36741
1.36742
1.36744
1.36748
1.36753
1.36758
1.36764
1.36768
1.36769
1.36766
1.3676
1.36751
1.36744
1.36735
1.36732
1.36731
1.36734
1.36738
1.36743
1.36747
1.36749
1.36749
1.36748
1.36746
1.36743
1.36739
1.36735
1.36734
1.36734
1.36736
1.36737
1.36741
1.36746
1.36751
1.36757
1.36763
1.36768
1.36772
1.36774
1.36772
1.36766
1.36759
1.3675
1.3674
1.36733
1.36728
1.36726
1.36727
1.36732
1.36738
1.36743
1.36747
1.36751
1.36752
1.3675
1.36747
1.36742
1.36736
1.36732
1.36729
1.36727
1.36728
1.36728
1.3673
1.36733
1.36737
1.36741
1.36747
1.36753
1.3676
1.36769
1.36779
1.36792
1.36804
1.36818
1.36827
1.36831
1.36824
1.36806
1.36778
1.36749
1.36724
1.36708
1.36699
1.36697
1.36697
1.36698
1.36696
1.36694
1.36689
1.36687
1.36692
1.36702
1.36718
1.36742
1.36772
1.36806
1.3684
1.36865
1.36871
1.36847
1.36801
1.36751
1.36721
1.36721
1.36745
1.36781
1.36812
1.36828
1.36818
1.36781
1.3673
1.36683
1.36656
1.36654
1.36671
1.36696
1.36721
1.36742
1.36757
1.36767
1.36774
1.36778
1.36779
1.36777
1.36772
1.36764
1.36754
1.36744
1.36737
1.36733
1.36733
1.36735
1.36736
1.36738
1.36739
1.3674
1.36739
1.36738
1.36737
1.36737
1.36737
1.36737
1.36739
1.36741
1.36741
1.36742
1.36743
1.36744
1.36744
1.36748
1.36754
1.36763
1.36776
1.36795
1.36818
1.36844
1.36869
1.36884
1.3688
1.36852
1.368
1.36737
1.36681
1.36645
1.36631
1.36634
1.36644
1.36658
1.36672
1.36686
1.36697
1.36707
1.36717
1.36727
1.36734
1.3674
1.36747
1.36754
1.36758
1.36761
1.36764
1.36767
1.36769
1.36769
1.36769
1.36768
1.36766
1.36762
1.3676
1.36757
1.36757
1.36756
1.36757
1.3676
1.36765
1.3677
1.36775
1.36779
