0.0597424
0.059632
0.0595135
0.059394
0.0592803
0.0591774
0.0590852
0.0589986
0.0589091
0.0588083
0.0586923
0.058564
0.0584339
0.0583195
0.0582433
0.0582281
0.0582902
0.0584323
0.0586394
0.058883
0.059131
0.0593562
0.0595414
0.0596788
0.0597676
0.0598107
0.0598126
0.0597776
0.0597093
0.0596104
0.059483
0.059329
0.0591514
0.0589547
0.0587462
0.0585365
0.0583387
0.058167
0.0580332
0.057944
0.0578992
0.0578919
0.0579117
0.0579477
0.0579912
0.058036
0.058078
0.0581134
0.0581386
0.0581504
0.0581477
0.0581339
0.058118
0.0581139
0.0581361
0.0581946
0.0582902
0.0584137
0.0585496
0.0586812
0.0587951
0.0588832
0.0589422
0.0589725
0.0589765
0.0589577
0.0589197
0.058866
0.0588002
0.0587258
0.0586464
0.058566
0.0584886
0.0584182
0.0583587
0.0583131
0.0582834
0.0582703
0.0582732
0.0582901
0.0583184
0.0583547
0.0583957
0.0584377
0.0584778
0.058513
0.0585411
0.0585602
0.0585686
0.0585653
0.0585498
0.0585222
0.0584834
0.0584356
0.0583822
0.0583277
0.058278
0.0582394
0.0582178
0.058218
0.0582425
0.0582912
0.0583611
0.0584472
0.0585429
0.0586415
0.0587362
0.0588211
0.0588913
0.0589428
0.0589723
0.0589774
0.0589563
0.0589081
0.0588334
0.0587349
0.058618
0.0584914
0.0583668
0.0582579
0.0581779
0.0581367
0.0581386
0.0581812
0.0582566
0.0583536
0.05846
0.0585645
0.0586577
0.058732
0.0587812
0.0588003
0.0587844
0.0587287
0.0586288
0.0584812
0.058286
0.0580509
0.0577951
0.0575514
0.0573616
0.0572619
0.0572668
0.0573607
0.0575061
0.0576603
0.0577903
0.0578778
0.0579177
0.0579135
0.0578727
0.0578042
0.0577166
0.0576175
0.0575131
0.0574084
0.0573072
0.057213
0.057129
0.0570586
0.057005
0.0569716
0.056961
0.0569745
0.0570118
0.0570707
0.0571471
0.057236
0.0573316
0.0574282
0.0575208
0.0576055
0.0576795
0.0577413
0.0577903
0.0578269
0.0578519
0.0578665
0.0578719
0.0578693
0.05786
0.0578445
0.0578235
0.0577967
0.0577637
0.0577232
0.0576731
0.0576108
0.0575331
0.0574364
0.0573173
0.0571736
0.0570056
0.0568176
0.0566191
0.0564248
0.0562532
0.0561224
0.056046
0.0560292
0.0560687
0.0561549
0.0562748
0.0564145
0.0565616
0.0567052
0.0568368
0.0569508
0.057044
0.0571156
0.0571662
0.0571972
0.05721
0.057206
0.0571865
0.0571535
0.0571105
0.0570628
0.0570176
0.0569835
0.0569688
0.0569793
0.057017
0.057079
0.0571585
0.0572464
0.0573333
0.057411
0.0574734
0.0575167
0.0575384
0.0575369
0.0575106
0.0574577
0.0573757
0.0572621
0.057115
0.0569336
0.0567201
0.0564798
0.0562226
0.0559627
0.0557179
0.0555075
0.055349
0.0552553
0.0552323
0.0552785
0.0553865
0.0555451
0.0557406
0.0559586
0.0561844
0.0564042
0.056606
0.0567805
0.0569213
0.0570256
0.057093
0.0571253
0.0571256
0.0570979
0.0570463
0.0569751
0.0568883
0.0567898
0.0566834
0.0565723
0.0564597
0.0563485
0.0562414
0.0561414
0.0560515
0.0559747
0.0559141
0.0558721
0.0558496
0.0558461
0.0558586
0.0558828
0.0559139
0.0559469
0.0559786
0.0560068
0.0560315
0.0560535
0.0560744
0.0560953
0.0561161
0.0561347
0.0561462
0.0561425
0.0561128
0.0560436
0.055922
0.0557402
0.0555046
0.0552464
0.0550243
0.05491
0.054953
0.0551498
0.0554452
0.0557653
0.0560504
0.0562688
0.0564113
0.0564815
0.0564875
0.0564383
0.0563421
0.0562078
0.0560467
0.0558731
0.0557056
0.0555645
0.0554683
0.0554289
0.0554488
0.0555212
0.0556328
0.0557689
0.0559166
0.0560663
0.0562121
0.0563507
0.0564799
0.0565989
0.0567065
0.0568022
0.0568852
0.0569551
0.0570115
0.0570542
0.0570833
0.0570991
0.0571023
0.0570938
0.0570751
0.0570483
0.0570158
0.0569801
0.056944
0.05691
0.0568796
0.0568535
0.0568309
0.0568095
0.0567853
0.0567533
0.0567076
0.0566426
0.0565538
0.0564395
0.0563013
0.0561467
0.0559897
0.0558531
0.0557665
0.0557598
0.0558523
0.0560413
0.056301
0.0565921
0.0568762
0.0571263
0.0573292
0.057483
0.0575923
0.0576639
0.0577046
0.0577197
0.0577129
0.0576869
0.0576439
0.0575861
0.0575164
0.057438
0.0573541
0.0572683
0.0571841
0.0571065
0.0570417
0.0569971
0.0569791
0.0569907
0.0570299
0.0570895
0.0571598
0.0572318
0.0572995
0.0573607
0.0574161
0.057468
0.0575183
0.0575671
0.0576132
0.0576536
0.0576846
0.0577025
0.0577037
0.0576856
0.0576465
0.0575857
0.057504
0.0574036
0.0572889
0.0571664
0.0570447
0.0569333
0.056841
0.0567743
0.0567352
0.0567214
0.056727
0.0567442
0.0567656
0.0567854
0.0568
0.0568081
0.05681
0.056807
0.0568009
0.0567935
0.0567865
0.0567812
0.0567783
0.0567782
0.0567807
0.0567852
0.0567912
0.0567977
0.0568045
0.056811
0.0568174
0.0568238
0.0568308
0.0568387
0.0568479
0.0568586
0.0568709
0.0568845
0.0568988
0.0569133
0.056927
0.0569387
0.0569474
0.0569517
0.0569502
0.0569416
0.0569243
0.0568974
0.0568603
0.0568141
0.0567613
0.0567069
0.0566578
0.056622
0.0566068
0.056617
0.0566535
0.0567128
0.0567884
0.0568724
0.0569572
0.0570362
0.0571044
0.0571583
0.0571952
0.0572134
0.057212
0.0571909
0.0571512
0.0570952
0.0570271
0.0569534
0.0568821
0.0568223
0.0567827
0.0567688
0.0567816
0.0568166
0.0568651
0.0569154
0.0569558
0.0569757
0.0569661
0.05692
0.0568319
0.0566986
0.0565216
0.0563098
0.0560828
0.0558701
0.055705
0.0556123
0.0555985
0.0556499
0.0557421
0.0558518
0.0559643
0.0560744
0.0561826
0.0562915
0.0564023
0.056515
0.0566276
0.0567376
0.0568425
0.0569398
0.0570277
0.0571049
0.0571704
0.0572234
0.0572629
0.0572884
0.0572988
0.0572933
0.0572708
0.0572302
0.0571701
0.0570889
0.0569854
0.0568591
0.0567113
0.0565472
0.0563779
0.0562221
0.0561047
0.0560519
0.0560814
0.056195
0.0563758
0.0565952
0.0568224
0.0570329
0.0572117
0.0573515
0.0574507
0.0575102
0.0575314
0.057515
0.0574616
0.0573715
0.0572463
0.057091
0.0569151
0.0567345
0.0565709
0.0564482
0.0563874
0.0564002
0.0564849
0.0566272
0.0568044
0.0569919
0.0571681
0.0573177
0.0574317
0.057507
0.0575454
0.0575522
0.0575363
0.0575087
0.0574819
0.0574672
0.0574725
0.0575003
0.0575469
0.0576032
0.057657
0.0576947
0.0577031
0.0576716
0.0575946
0.0574773
0.0573411
0.0572264
0.0571843
0.057255
0.0574456
0.0577245
0.0580388
0.0583393
0.0585956
0.0587975
0.058949
0.0590616
0.0591485
0.0592214
0.0592886
0.0593545
0.0594195
0.0594808
0.0595341
0.0595745
0.059598
0.0596022
0.0595871
0.0595551
0.0595105
0.0594594
0.0594089
0.0593658
0.059336
0.0593235
0.0593301
0.0593546
0.0593924
0.0594358
0.0594748
0.0594986
0.0594989
0.0594721
0.0594232
0.0593676
0.0593305
0.059342
0.0594273
0.059597
0.0598417
0.0601335
0.0604356
0.0607101
0.0609243
0.0610513
0.0610688
0.06096
0.0607191
0.0603651
0.0599565
0.0595906
0.0593674
0.0593335
0.0594568
0.0596603
0.0598756
0.0600677
0.0602274
0.060355
0.0604517
0.0605172
0.0605516
0.0605572
0.060539
0.0605056
0.0604674
0.0604347
0.0604154
0.0604131
0.0604286
0.060461
0.0605103
0.0605774
0.0606626
0.0607641
0.0608765
0.0609912
0.0610982
0.0611887
0.0612568
0.0613009
0.0613233
0.0613298
0.0613275
0.0613236
0.0613236
0.0613307
0.0613452
0.0613647
0.0613852
0.0614017
0.0614091
0.0614027
0.0613785
0.0613331
0.0612644
0.0611716
0.0610559
0.0609222
0.0607789
0.060638
0.0605122
0.0604096
0.0603282
0.0602534
0.0601611
0.0600276
0.0598426
0.0596218
0.0594105
0.0592732
0.0592661
0.0594084
0.0596732
0.0600032
0.0603385
0.0606352
0.0608697
0.0610341
0.0611288
0.0611572
0.0611229
0.0610316
0.0608933
0.0607271
0.0605615
0.0604289
0.0603538
0.0603405
0.060372
0.060419
0.0604563
0.0604736
0.0604792
0.0604949
0.0605464
0.0606519
0.0608137
0.0610184
0.0612427
0.0614624
0.0616591
0.0618224
0.0619486
0.0620388
0.062096
0.0621241
0.0621267
0.0621072
0.0620693
0.0620168
0.0619543
0.0618862
0.0618162
0.061746
0.061675
0.0616007
0.0615212
0.0614377
0.0613564
0.061288
0.0612428
0.0612242
0.061224
0.0612218
0.0611902
0.0611016
0.0609349
0.0606799
0.06034
0.059935
0.0595016
0.0590912
0.0587606
0.0585587
0.0585112
0.0586125
0.0588293
0.0591139
0.0594193
0.0597098
0.0599645
0.0601749
0.0603414
0.0604687
0.060563
0.0606301
0.060674
0.0606963
0.0606966
0.0606726
0.0606209
0.0605385
0.0604244
0.0602824
0.0601234
0.0599669
0.0598388
0.0597651
0.0597626
0.0598316
0.0599562
0.0601106
0.0602684
0.060409
0.0605192
0.0605918
0.0606239
0.0606141
0.0605623
0.0604687
0.060335
0.0601654
0.0599678
0.0597548
0.0595437
0.059354
0.0592042
0.0591073
0.059067
0.0590771
0.0591229
0.059185
0.0592436
0.0592819
0.0592879
0.0592561
0.0591882
0.0590941
0.0589912
0.0589023
0.0588501
0.0588508
0.0589093
0.0590188
0.059165
0.0593315
0.0595034
0.0596688
0.0598183
0.0599444
0.0600402
0.0600996
0.0601175
0.0600902
0.0600164
0.059898
0.0597405
0.0595532
0.0593478
0.0591359
0.058927
0.0587272
0.0585398
0.0583652
0.0582006
0.0580395
0.0578778
0.0577267
0.0576251
0.0576323
0.0577945
0.058106
0.0585049
0.058908
0.059249
0.059495
0.0596409
0.059699
0.0596898
0.0596376
0.059568
0.0595069
0.0594774
0.0594963
0.0595708
0.0596969
0.0598616
0.0600477
0.0602381
0.0604197
0.0605842
0.0607274
0.0608483
0.0609471
0.0610246
0.0610812
0.0611167
0.06113
0.0611192
0.061082
0.0610158
0.0609188
0.0607905
0.0606329
0.0604511
0.0602534
0.0600504
0.0598536
0.0596732
0.0595166
0.0593882
0.0592896
0.0592212
0.0591821
0.0591707
0.0591838
0.0592186
0.059274
0.0593529
0.0594618
0.0596073
0.0597897
0.0599985
0.0602127
0.0604063
0.0605565
0.0606483
0.0606773
0.0606492
0.0605768
0.0604777
0.0603692
0.060265
0.0601713
0.0600863
0.0600036
0.0599181
0.0598324
0.0597602
0.0597217
0.0597328
0.0597929
0.059881
0.0599629
0.0600064
0.0599952
0.0599366
0.0598612
0.0598107
0.0598183
0.0598912
0.0600061
0.0601221
0.0601997
0.0602154
0.0601679
0.0600755
0.0599702
0.059887
0.0598532
0.0598785
0.0599538
0.0600562
0.0601593
0.0602421
0.060293
0.06031
0.0602984
0.0602681
0.0602307
0.0601971
0.0601753
0.0601686
0.0601752
0.0601891
0.0602025
0.0602078
0.0601997
0.0601767
0.0601413
0.0600992
0.0600584
0.0600276
0.0600136
0.0600208
0.0600494
0.0600967
0.0601575
0.0602256
0.0602954
0.060362
0.0604219
0.0604722
0.0605109
0.0605356
0.0605439
0.0605326
0.060498
0.060436
0.0603426
0.0602152
0.060054
0.0598638
0.059655
0.0594428
0.0592447
0.0590746
0.0589387
0.0588342
0.0587524
0.0586836
0.0586206
0.0585589
0.0584945
0.058422
0.0583364
0.0582374
0.058134
0.0580449
0.0579941
0.0580014
0.0580741
0.0582048
0.0583753
0.0585647
0.0587548
0.0589329
0.0590915
0.0592268
0.0593374
0.059423
0.0594843
0.0595224
0.0595389
0.059536
0.0595162
0.0594828
0.0594394
0.0593899
0.0593386
0.0592894
0.0592458
0.0592106
0.0591858
0.0591719
0.0591688
0.0591752
0.0591893
0.0592084
0.0592295
0.0592487
0.0592614
0.0592616
0.0592413
0.0591902
0.0590948
0.0589395
0.0587087
0.0583936
0.0580048
0.0575859
0.0572155
0.0569816
0.056932
0.0570421
0.0572351
0.0574315
0.0575846
0.0576836
0.057739
0.0577674
0.0577823
0.0577917
0.0577988
0.0578054
0.0578145
0.0578317
0.0578653
0.057924
0.0580141
0.0581361
0.0582828
0.0584417
0.0585977
0.0587372
0.0588506
0.058933
0.0589833
0.0590031
0.0589954
0.0589639
0.0589122
0.0588435
0.0587606
0.0586656
0.0585603
0.0584458
0.0583232
0.058194
0.05806
0.0579248
0.0577938
0.0576743
0.0575751
0.0575042
0.0574673
0.0574659
0.0574964
0.0575515
0.0576218
0.0576986
0.0577747
0.0578456
0.057909
0.0579644
0.0580126
0.0580546
0.0580917
0.0581247
0.0581545
0.0581812
0.0582048
0.0582252
0.0582421
0.0582551
0.0582638
0.0582676
0.0582659
0.0582577
0.058242
0.0582176
0.0581838
0.0581404
0.0580886
0.0580309
0.0579717
0.0579168
0.057873
0.0578471
0.0578445
0.0578685
0.0579197
0.0579955
0.0580913
0.0582012
0.0583187
0.0584382
0.0585549
0.0586654
0.0587674
0.0588594
0.0589409
0.0590116
0.0590716
0.0591212
0.0591607
0.0591908
0.0592119
0.059225
0.0592311
0.0592313
0.0592271
0.0592205
0.0592133
0.0592076
0.0592054
0.0592085
0.0592184
0.0592359
0.0592614
0.0592945
0.0593344
0.0593797
0.0594287
0.0594795
0.0595303
0.0595794
0.0596251
0.0596662
0.0597015
0.0597302
0.0597516
0.0597654
0.0597716
0.0597704
0.0597627
0.0597496
0.0597328
0.059714
0.0596955
0.0596792
0.0596671
0.05966
0.059658
0.0596591
0.0596597
0.0596549
0.0596388
0.0596066
0.0595555
0.0594868
0.0594061
0.0593224
0.0592464
0.0591884
0.0591576
0.0591621
0.0592075
0.0592946
0.0594156
0.0595543
0.0596897
0.0598023
0.0598782
0.0599117
0.059904
0.0598621
0.0597966
0.0597202
0.0596463
0.0595874
0.0595536
0.059551
0.0595816
0.0596433
0.0597306
0.0598364
0.0599531
0.0600733
0.0601903
0.0602986
0.0603942
0.060474
0.0605362
0.0605797
0.0606038
0.0606083
0.0605928
0.0605573
0.0605016
0.0604259
0.0603306
0.0602165
0.0600854
0.0599399
0.0597841
0.0596237
0.0594658
0.0593189
0.0591912
0.0590899
0.0590199
0.0589833
0.0589797
0.0590083
0.0590692
0.0591633
0.0592914
0.0594511
0.0596361
0.0598357
0.0600373
0.0602288
0.0604012
0.0605489
0.0606695
0.0607631
0.0608311
0.0608754
0.0608982
0.0609015
0.0608869
0.0608562
0.0608112
0.0607543
0.0606887
0.0606188
0.0605498
0.0604873
0.0604361
0.0603987
0.0603747
0.0603605
0.0603499
0.0603363
0.060314
0.0602803
0.0602355
0.0601834
0.0601297
0.0600813
0.0600445
0.0600249
0.0600266
0.0600525
0.0601046
0.0601833
0.0602867
0.0604102
0.0605463
0.0606854
0.0608175
0.0609334
0.0610259
0.0610904
0.0611249
0.0611296
0.0611066
0.0610594
0.060992
0.0609094
0.0608165
0.0607189
0.0606218
0.0605306
0.0604504
0.0603853
0.0603387
0.060312
0.0603052
0.0603164
0.0603417
0.0603759
0.0604129
0.0604461
0.0604688
0.0604748
0.0604586
0.060415
0.0603395
0.0602276
0.060075
0.0598784
0.059638
0.0593634
0.0590802
0.0588352
0.0586877
0.0586863
0.0588401
0.0591111
0.0594334
0.0597438
0.0600002
0.0601837
0.0602916
0.0603301
0.0603092
0.0602399
0.0601337
0.0600027
0.0598588
0.0597136
0.0595778
0.05946
0.0593661
0.0592989
0.0592585
0.0592428
0.0592477
0.0592678
0.0592963
0.059326
0.0593498
0.0593627
0.0593627
0.0593525
0.0593389
0.0593318
0.0593413
0.0593741
0.0594319
0.0595102
0.0596002
0.0596913
0.0597733
0.0598384
0.0598812
0.0598985
0.0598891
0.0598529
0.0597916
0.059708
0.0596075
0.0594975
0.0593879
0.05929
0.0592141
0.0591679
0.0591541
0.0591709
0.0592127
0.0592729
0.0593457
0.0594269
0.0595144
0.0596067
0.0597025
0.0598
0.0598962
0.0599879
0.0600714
0.0601433
0.0602003
0.0602401
0.0602602
0.060259
0.0602348
0.0601867
0.0601143
0.060019
0.0599046
0.0597776
0.0596482
0.0595296
0.0594369
0.0593849
0.0593849
0.0594425
0.0595553
0.0597134
0.0599015
0.0601015
0.0602968
0.060474
0.0606246
0.0607446
0.0608336
0.0608933
0.0609267
0.0609369
0.0609264
0.0608973
0.0608504
0.0607865
0.0607057
0.060609
0.0604987
0.0603795
0.0602583
0.0601446
0.0600487
0.0599796
0.0599422
0.0599361
0.0599558
0.0599924
0.0600366
0.0600809
0.0601206
0.0601545
0.0601836
0.0602105
0.0602382
0.0602692
0.060305
0.0603455
0.0603898
0.0604359
0.0604812
0.0605234
0.0605609
0.0605925
0.0606182
0.0606387
0.0606547
0.060667
0.0606753
0.0606783
0.0606733
0.0606569
0.0606256
0.0605775
0.0605137
0.0604398
0.0603663
0.0603077
0.060279
0.0602912
0.0603472
0.0604407
0.0605577
0.0606811
0.0607944
0.0608851
0.0609451
0.0609713
0.0609647
0.0609304
0.0608769
0.0608151
0.060757
0.060713
0.0606899
0.060689
0.0607066
0.0607358
0.0607687
0.0607987
0.0608213
0.060834
0.0608355
0.0608245
0.0607981
0.060751
0.0606751
0.0605591
0.0603905
0.0601591
0.0598639
0.059523
0.0591825
0.0589152
0.0587981
0.0588748
0.0591283
0.0594903
0.059878
0.0602268
0.0605023
0.0606963
0.0608162
0.0608767
0.0608937
0.0608823
0.0608552
0.0608235
0.0607961
0.0607799
0.0607779
0.0607889
0.0608073
0.060824
0.0608289
0.0608126
0.0607682
0.0606919
0.0605837
0.0604474
0.0602902
0.0601228
0.0599583
0.0598107
0.059693
0.0596149
0.0595812
0.0595905
0.059636
0.0597061
0.0597866
0.0598627
0.0599202
0.0599478
0.0599377
0.0598871
0.0597988
0.0596816
0.0595507
0.0594255
0.0593273
0.0592742
0.0592774
0.0593382
0.0594479
0.0595897
0.0597427
0.0598852
0.0599983
0.0600679
0.060086
0.0600511
0.0599698
0.0598555
0.0597281
0.05961
0.0595202
0.0594689
0.0594541
0.0594633
0.0594776
0.0594772
0.0594446
0.0593676
0.0592408
0.0590697
0.0588751
0.0586948
0.0585781
0.0585686
0.0586827
0.0589009
0.0591775
0.0594616
0.0597146
0.0599148
0.0600546
0.060135
0.0601603
0.0601364
0.0600687
0.0599627
0.0598243
0.0596607
0.0594811
0.0592971
0.0591222
0.0589704
0.0588541
0.0587815
0.0587553
0.0587724
0.0588254
0.0589046
0.0589999
0.0591028
0.0592061
0.0593047
0.0593951
0.0594746
0.0595413
0.0595935
0.0596298
0.0596483
0.059647
0.0596235
0.0595755
0.059501
0.0593992
0.0592717
0.0591239
0.0589655
0.0588105
0.0586744
0.0585714
0.0585106
0.0584941
0.0585179
0.0585735
0.0586514
0.058742
0.0588372
0.0589304
0.0590164
0.0590912
0.0591522
0.0591974
0.0592254
0.0592346
0.0592233
0.0591895
0.0591318
0.0590506
0.0589493
0.0588359
0.0587235
0.0586292
0.0585711
0.0585629
0.0586095
0.0587048
0.0588334
0.0589757
0.0591129
0.0592307
0.0593204
0.0593775
0.0594012
0.0593916
0.0593493
0.0592736
0.0591625
0.059013
0.0588227
0.0585932
0.0583347
0.0580704
0.0578376
0.0576798
0.0576309
0.0576988
0.0578604
0.0580728
0.0582917
0.058486
0.0586411
0.0587564
0.0588395
0.0589005
0.0589488
0.058991
0.0590307
0.0590683
0.0591031
0.0591331
0.0591571
0.0591745
0.0591857
0.0591925
0.0591975
0.059203
0.0592111
0.059222
0.0592342
0.059244
0.0592471
0.0592399
0.0592219
0.0591971
0.059175
0.0591685
0.0591908
0.0592502
0.0593464
0.0594695
0.0596025
0.0597253
0.0598184
0.0598658
0.0598561
0.0597828
0.0596464
0.0594558
0.0592311
0.0590032
0.0588089
0.0586795
0.0586302
0.0586552
0.0587353
0.0588493
0.0589826
0.0591287
0.0592841
0.0594438
0.0595989
0.0597376
0.0598474
0.0599178
0.0599408
0.0599107
0.059824
0.0596791
0.0594783
0.059231
0.0589593
0.0587011
0.0585074
0.0584279
0.0584881
0.0586755
0.0589451
0.0592404
0.0595145
0.0597393
0.0599048
0.0600125
0.0600703
0.0600875
0.0600725
0.0600312
0.0599671
0.0598818
0.0597765
0.0596529
0.0595143
0.0593666
0.0592185
0.0590812
0.058967
0.0588866
0.0588461
0.0588445
0.0588736
0.0589197
0.0589681
0.0590068
0.0590289
0.0590343
0.0590284
0.0590199
0.0590178
0.0590282
0.0590527
0.0590873
0.0591242
0.0591532
0.0591643
0.0591496
0.0591056
0.0590356
0.0589498
0.058865
0.0588005
0.0587722
0.0587878
0.0588439
0.0589287
0.0590267
0.0591234
0.0592083
0.0592753
0.0593221
0.0593489
0.0593568
0.0593476
0.0593232
0.0592853
0.0592356
0.0591759
0.059108
0.059034
0.0589563
0.0588778
0.0588014
0.0587302
0.0586666
0.0586124
0.0585682
0.058533
0.0585042
0.058478
0.0584498
0.0584147
0.058369
0.0583101
0.0582375
0.0581526
0.0580587
0.0579602
0.0578628
0.0577734
0.0576995
0.0576489
0.0576275
0.0576379
0.0576773
0.0577386
0.0578126
0.0578909
0.057968
0.0580418
0.0581133
0.0581843
0.0582567
0.0583307
0.0584052
0.058478
0.0585461
0.0586069
0.0586584
0.0586993
0.0587294
0.0587487
0.0587579
0.0587581
0.0587502
0.0587353
0.0587146
0.0586894
0.0586612
0.0586318
0.0586035
0.058579
0.0585611
0.0585529
0.0585569
0.058575
0.058608
0.0586555
0.0587158
0.0587861
0.0588632
0.0589432
0.0590224
0.0590971
0.0591641
0.0592206
0.0592641
0.0592927
0.0593047
0.0592989
0.0592748
0.0592328
0.0591748
0.0591048
0.0590292
0.0589565
0.0588961
0.0588563
0.0588414
0.0588491
0.0588704
0.05889
0.0588881
0.0588426
0.0587302
0.0585286
0.0582209
0.0578075
0.0573251
0.0568653
0.0565634
0.0565352
0.0567977
0.0572564
0.0577756
0.0582515
0.0586357
0.0589206
0.0591182
0.0592464
0.0593224
0.0593609
0.0593741
0.0593713
0.0593596
0.0593436
0.0593259
0.0593069
0.0592858
0.0592604
0.0592282
0.0591868
0.0591337
0.0590674
0.058987
0.0588921
0.0587833
0.0586616
0.0585283
0.0583849
0.058233
0.0580747
0.0579131
0.0577539
0.0576059
0.0574818
0.0573965
0.0573644
0.0573957
0.0574932
0.0576508
0.057855
0.058088
0.0583311
0.0585677
0.0587852
0.0589752
0.0591334
0.0592583
0.0593507
0.0594121
0.0594441
0.0594483
0.0594255
0.0593763
0.0593008
0.0591995
0.0590743
0.0589293
0.0587722
0.0586144
0.0584705
0.0583557
0.0582829
0.0582584
0.0582813
0.0583438
0.0584338
0.0585386
0.0586468
0.05875
0.0588423
0.0589204
0.0589826
0.0590282
0.0590566
0.0590674
0.0590596
0.0590324
0.0589852
0.0589184
0.058834
0.0587355
0.0586282
0.0585178
0.0584094
0.0583064
0.0582111
0.0581255
0.058053
0.0579987
0.0579685
0.0579673
0.0579974
0.0580579
0.0581447
0.0582507
0.0583667
0.0584824
0.0585885
0.0586782
0.0587484
0.0587991
0.0588329
0.0588542
0.0588673
0.0588767
0.0588856
0.0588964
0.0589104
0.0589281
0.0589493
0.0589737
0.0590006
0.0590296
0.0590601
0.059092
0.0591247
0.0591583
0.0591922
0.059226
0.0592591
0.0592904
0.0593186
0.0593422
0.0593589
0.0593664
0.0593614
0.0593406
0.0593001
0.0592356
0.0591432
0.0590193
0.0588616
0.0586699
0.0584471
0.0581998
0.0579389
0.0576795
0.0574392
0.0572367
0.0570887
0.057008
0.0570014
0.0570686
0.057202
0.0573886
0.0576114
0.0578522
0.0580942
0.0583231
0.0585286
0.0587039
0.0588462
0.0589552
0.0590334
0.0590849
0.059115
0.0591297
0.0591349
0.0591359
0.0591373
0.0591421
0.0591518
0.0591662
0.0591839
0.0592026
0.0592194
0.0592316
0.0592368
0.0592331
0.0592194
0.0591954
0.0591613
0.0591182
0.0590672
0.0590099
0.058948
0.0588831
0.0588173
0.0587529
0.0586929
0.0586409
0.058601
0.0585775
0.0585732
0.0585886
0.0586214
0.0586664
0.058717
0.0587669
0.0588116
0.0588489
0.0588797
0.0589067
0.058934
0.0589657
0.0590048
0.0590528
0.0591096
0.0591731
0.0592401
0.0593067
0.0593689
0.0594225
0.059464
0.05949
0.0594975
0.0594835
0.0594456
0.0593816
0.05929
0.059171
0.0590273
0.058865
0.0586946
0.0585313
0.0583939
0.0583018
0.0582715
0.0583118
0.0584208
0.0585868
0.0587904
0.0590092
0.0592223
0.0594127
0.0595693
0.0596863
0.0597635
0.0598053
0.059821
0.0598233
0.0598267
0.0598449
0.0598871
0.0599555
0.0600456
0.0601476
0.0602499
0.0603422
0.0604173
0.0604712
0.0605033
0.060515
0.0605094
0.0604902
0.0604613
0.0604265
0.0603891
0.0603512
0.0603142
0.0602782
0.0602424
0.0602056
0.0601665
0.0601247
0.0600807
0.0600367
0.0599966
0.0599662
0.0599522
0.0599607
0.0599954
0.0600544
0.0601295
0.0602064
0.060267
0.0602939
0.0602742
0.0602049
0.0600966
0.0599746
0.0598733
0.0598228
0.0598334
0.0598883
0.0599506
0.0599797
0.0599465
0.0598411
0.0596737
0.0594709
0.0592698
0.0591095
0.0590221
0.0590247
0.0591172
0.0592847
0.0595043
0.059751
0.0600016
0.0602376
0.060446
0.060619
0.0607531
0.0608486
0.0609073
0.0609325
0.0609277
0.0608963
0.0608414
0.0607661
0.0606728
0.0605637
0.0604409
0.0603062
0.0601613
0.0600079
0.0598471
0.0596803
0.0595085
0.0593332
0.0591565
0.058982
0.0588155
0.058665
0.0585397
0.0584494
0.0584018
0.0584008
0.0584457
0.0585305
0.0586458
0.0587797
0.0589198
0.0590546
0.0591735
0.0592673
0.0593279
0.0593475
0.0593187
0.0592351
0.0590934
0.0588966
0.0586601
0.058415
0.0582059
0.0580781
0.0580577
0.058139
0.0582883
0.0584617
0.0586234
0.0587529
0.0588442
0.0589005
0.0589292
0.0589388
0.058937
0.0589303
0.0589238
0.0589216
0.058927
0.0589425
0.0589699
0.0590096
0.0590602
0.0591186
0.0591792
0.0592344
0.0592746
0.0592883
0.0592627
0.0591833
0.059035
0.0588041
0.0584834
0.058079
0.0576191
0.0571566
0.0567583
0.0564808
0.0563456
0.0563377
0.0564289
0.0566051
0.0568701
0.0572258
0.0576468
0.0580754
0.0584357
0.0586576
0.0586991
0.0585679
0.0583371
0.0581331
0.0580744
0.0581934
0.0584204
0.0586479
0.0588023
0.0588674
0.0588663
0.058835
0.0588032
0.0587867
0.0587886
0.0588054
0.0588322
0.0588651
0.0589018
0.05894
0.0589763
0.0590064
0.0590246
0.0590252
0.0590022
0.0589504
0.0588652
0.0587432
0.0585828
0.0583856
0.0581576
0.0579105
0.0576625
0.0574368
0.0572586
0.0571493
0.0571223
0.0571799
0.0573141
0.0575089
0.0577439
0.0579971
0.0582477
0.0584785
0.0586777
0.0588393
0.0589622
0.059049
0.0591043
0.0591339
0.0591435
0.0591383
0.0591227
0.0591002
0.0590735
0.0590442
0.0590132
0.0589807
0.0589463
0.058909
0.0588674
0.05882
0.0587652
0.0587015
0.0586282
0.0585451
0.0584537
0.0583568
0.0582592
0.0581674
0.0580888
0.0580306
0.0579982
0.0579943
0.0580174
0.0580631
0.0581244
0.0581936
0.0582631
0.0583266
0.0583795
0.0584184
0.0584415
0.0584481
0.0584387
0.0584141
0.0583755
0.0583227
0.058253
0.0581609
0.0580391
0.0578829
0.0576983
0.0575107
0.0573667
0.0573206
0.0574069
0.057617
0.0579023
0.0582001
0.0584594
0.0586523
0.0587714
0.0588221
0.0588166
0.0587705
0.0587013
0.0586272
0.0585661
0.058533
0.0585377
0.0585826
0.0586621
0.0587643
0.0588733
0.0589722
0.0590449
0.0590778
0.05906
0.0589846
0.0588513
0.0586715
0.0584725
0.0582976
0.058196
0.0582018
0.0583156
0.0585025
0.0587112
0.0588958
0.0590289
0.0591023
0.0591196
0.0590895
0.0590208
0.0589214
0.0588003
0.058671
0.0585536
0.0584742
0.0584594
0.0585267
0.0586733
0.058873
0.0590821
0.0592533
0.0593486
0.0593453
0.0592384
0.0590399
0.0587782
0.058498
0.0582541
0.0580992
0.0580665
0.0581563
0.0583379
0.0585653
0.0587965
0.0590039
0.0591764
0.0593132
0.0594186
0.0594971
0.0595517
0.0595841
0.0595947
0.0595843
0.059554
0.0595054
0.0594408
0.0593625
0.0592728
0.0591741
0.0590685
0.0589588
0.058849
0.0587448
0.0586538
0.0585842
0.0585435
0.0585359
0.0585607
0.0586124
0.058682
0.0587593
0.0588356
0.0589042
0.058961
0.0590041
0.0590332
0.0590487
0.0590513
0.0590422
0.0590228
0.058995
0.058961
0.0589237
0.0588866
0.0588531
0.0588266
0.0588094
0.0588024
0.0588048
0.0588135
0.0588238
0.0588301
0.0588266
0.0588086
0.0587739
0.0587231
0.0586604
0.0585932
0.058531
0.0584829
0.0584556
0.0584511
0.0584661
0.0584922
0.058518
0.0585314
0.0585212
0.0584786
0.0583977
0.0582766
0.0581174
0.0579265
0.0577147
0.0574967
0.0572899
0.0571128
0.056982
0.0569092
0.0568981
0.0569435
0.0570341
0.0571563
0.0572989
0.0574544
0.0576182
0.0577869
0.0579561
0.0581193
0.0582687
0.0583969
0.0584977
0.0585678
0.0586068
0.0586166
0.0586012
0.0585656
0.0585157
0.0584569
0.0583943
0.0583315
0.0582709
0.0582132
0.0581581
0.0581044
0.0580508
0.0579964
0.0579414
0.0578867
0.0578338
0.0577845
0.0577403
0.057702
0.0576703
0.0576456
0.0576287
0.0576211
0.0576249
0.0576424
0.0576755
0.0577246
0.0577883
0.0578629
0.0579428
0.0580217
0.0580939
0.0581544
0.0582003
0.0582307
0.058246
0.0582483
0.0582409
0.0582275
0.058212
0.058198
0.0581879
0.0581831
0.0581829
0.058185
0.0581859
0.0581811
0.0581661
0.0581373
0.0580928
0.0580335
0.0579641
0.0578933
0.0578338
0.0578
0.0578045
0.0578541
0.0579471
0.0580737
0.0582189
0.0583671
0.0585051
0.0586238
0.0587187
0.0587882
0.0588332
0.0588558
0.0588587
0.0588447
0.0588169
0.0587781
0.0587312
0.0586787
0.0586226
0.0585642
0.0585038
0.0584414
0.0583761
0.0583064
0.0582306
0.0581467
0.0580518
0.0579429
0.0578165
0.0576703
0.0575041
0.057322
0.0571333
0.0569536
0.0568017
0.0566959
0.0566477
0.0566585
0.0567186
0.0568113
0.0569176
0.0570213
0.0571108
0.0571802
0.0572288
0.0572601
0.057281
0.0573002
0.0573259
0.0573643
0.0574175
0.0574838
0.0575584
0.0576351
0.057708
0.0577723
0.0578252
0.0578655
0.0578932
0.0579093
0.0579153
0.0579127
0.0579033
0.0578885
0.05787
0.0578492
0.0578272
0.0578054
0.0577848
0.0577667
0.0577519
0.0577412
0.0577353
0.0577347
0.0577395
0.0577495
0.0577646
0.057784
0.0578068
0.0578321
0.0578586
0.0578847
0.0579087
0.0579286
0.0579423
0.0579476
0.0579423
0.0579247
0.0578938
0.0578504
0.0577971
0.0577389
0.0576826
0.0576359
0.0576055
0.0575946
0.0576026
0.0576242
0.0576518
0.0576772
0.0576942
0.0576995
0.0576931
0.0576784
0.057661
0.0576479
0.0576463
0.0576622
0.0576998
0.0577608
0.0578439
0.0579458
0.0580619
0.0581869
0.0583158
0.0584446
0.0585701
0.0586898
0.0588024
0.0589069
0.0590025
0.0590892
0.0591669
0.0592355
0.0592954
0.0593466
0.0593892
0.0594232
0.0594484
0.0594643
0.0594703
0.0594654
0.0594483
0.0594175
0.0593714
0.0593085
0.0592271
0.059126
0.0590035
0.0588568
0.0586807
0.0584671
0.058207
0.0578991
0.0575649
0.0572642
0.0570899
0.0571242
0.0573809
0.0577894
0.0582415
0.0586494
0.0589696
0.0591952
0.0593385
0.0594177
0.05945
0.0594499
0.0594282
0.0593926
0.0593485
0.0592989
0.0592456
0.0591895
0.059132
0.0590757
0.0590246
0.0589839
0.0589592
0.0589555
0.0589756
0.0590193
0.0590834
0.0591617
0.0592467
0.05933
0.0594045
0.0594641
0.0595049
0.0595248
0.0595234
0.0595018
0.0594623
0.059408
0.059343
0.0592716
0.0591983
0.0591274
0.0590624
0.0590061
0.0589598
0.0589237
0.0588967
0.058877
0.058862
0.058849
0.0588354
0.058819
0.0587981
0.0587721
0.058741
0.0587062
0.0586701
0.0586358
0.0586067
0.0585862
0.0585763
0.058578
0.0585909
0.0586132
0.0586429
0.0586774
0.0587145
0.0587514
0.058785
0.0588111
0.058824
0.0588171
0.058783
0.0587158
0.0586131
0.0584795
0.0583291
0.0581851
0.0580744
0.0580187
0.0580257
0.0580868
0.0581838
0.0582975
0.0584141
0.058526
0.0586295
0.0587213
0.0587978
0.058856
0.0588949
0.0589173
0.0589297
0.0589412
0.0589612
0.0589968
0.0590504
0.05912
0.0591992
0.0592797
0.0593525
0.0594094
0.0594433
0.0594488
0.0594228
0.0593651
0.05928
0.0591765
0.0590684
0.0589715
0.0588998
0.0588614
0.0588563
0.0588785
0.0589194
0.0589722
0.0590342
0.0591061
0.0591893
0.0592833
0.0593833
0.0594796
0.0595592
0.0596081
0.0596145
0.059572
0.0594829
0.059361
0.0592313
0.0591257
0.0590729
0.0590876
0.0591653
0.0592858
0.0594242
0.059561
0.0596857
0.0597969
0.0598982
0.0599943
0.0600889
0.0601831
0.0602764
0.0603667
0.0604517
0.0605289
0.0605962
0.0606516
0.0606929
0.0607179
0.0607238
0.060707
0.0606627
0.0605848
0.0604657
0.0602972
0.0600729
0.0597937
0.0594743
0.0591511
0.0588801
0.0587213
0.0587095
0.0588354
0.0590514
0.0592997
0.0595355
0.059736
0.0598964
0.0600211
0.0601171
0.0601901
0.0602429
0.060275
0.0602835
0.0602638
0.0602104
0.0601184
0.0599847
0.0598098
0.0595996
0.0593669
0.0591319
0.0589205
0.0587596
0.0586701
0.0586607
0.0587257
0.0588485
0.059008
0.0591852
0.0593661
0.0595425
0.0597104
0.0598676
0.0600127
0.0601438
0.0602588
0.0603548
0.0604281
0.060474
0.0604863
0.0604571
0.0603766
0.0602351
0.0600263
0.059755
0.0594458
0.0591486
0.0589287
0.0588389
0.0588886
0.0590385
0.0592246
0.0593904
0.0595038
0.0595555
0.0595506
0.0595001
0.0594161
0.0593094
0.0591892
0.0590638
0.0589406
0.058827
0.0587303
0.0586573
0.0586137
0.0586029
0.0586259
0.0586804
0.058762
0.0588641
0.0589796
0.0591011
0.0592225
0.0593388
0.0594462
0.0595424
0.0596261
0.0596968
0.0597546
0.0597998
0.0598331
0.0598551
0.0598663
0.0598671
0.0598581
0.0598397
0.0598125
0.0597774
0.0597356
0.0596888
0.059639
0.0595884
0.0595394
0.0594938
0.059453
0.0594174
0.0593866
0.0593594
0.0593341
0.0593089
0.0592824
0.0592535
0.0592219
0.0591879
0.0591528
0.0591184
0.059087
0.059061
0.0590428
0.0590343
0.059037
0.0590516
0.0590782
0.0591161
0.0591643
0.059221
0.0592841
0.0593512
0.0594198
0.059487
0.0595505
0.0596081
0.0596582
0.0596996
0.0597317
0.0597543
0.0597679
0.0597732
0.0597714
0.059764
0.0597527
0.0597394
0.0597255
0.059712
0.0596989
0.0596851
0.0596683
0.0596458
0.0596141
0.0595702
0.0595113
0.0594354
0.0593416
0.0592296
0.0591002
0.0589553
0.0587978
0.0586321
0.0584651
0.0583068
0.0581713
0.0580764
0.0580398
0.0580731
0.0581755
0.0583311
0.0585134
0.0586933
0.0588478
0.0589642
0.0590404
0.0590817
0.0590962
0.0590916
0.0590725
0.0590395
0.0589909
0.0589233
0.0588336
0.0587198
0.0585828
0.0584273
0.058263
0.058105
0.0579711
0.0578772
0.0578316
0.0578315
0.0578648
0.0579147
0.057966
0.0580084
0.0580376
0.0580541
0.0580606
0.0580608
0.0580575
0.0580521
0.0580446
0.0580338
0.0580177
0.0579945
0.0579626
0.0579214
0.0578709
0.0578125
0.0577479
0.0576795
0.0576099
0.0575412
0.057475
0.0574124
0.0573537
0.057299
0.0572484
0.0572023
0.0571616
0.0571276
0.0571013
0.0570834
0.0570732
0.0570686
0.0570663
0.0570617
0.0570502
0.0570281
0.056993
0.0569451
0.0568872
0.0568238
0.0567607
0.056703
0.0566538
0.0566133
0.0565788
0.0565464
0.0565125
0.0564757
0.0564381
0.0564053
0.0563856
0.0563872
0.0564155
0.0564709
0.056549
0.0566415
0.0567391
0.0568337
0.0569193
0.0569926
0.0570526
0.0570996
0.0571344
0.0571583
0.0571721
0.0571765
0.0571716
0.0571571
0.0571324
0.0570969
0.0570501
0.0569919
0.0569229
0.0568447
0.0567603
0.0566736
0.0565895
0.0565128
0.0564479
0.0563975
0.0563631
0.0563445
0.0563412
0.056352
0.056376
0.0564124
0.0564596
0.0565156
0.0565769
0.056639
0.0566962
0.0567419
0.0567692
0.056771
0.0567402
0.0566708
0.0565589
0.0564049
0.0562168
0.0560121
0.055819
0.0556716
0.0556013
0.0556259
0.0557436
0.0559349
0.0561713
0.056424
0.0566702
0.0568947
0.0570895
0.0572518
0.0573821
0.0574827
0.0575568
0.0576078
0.0576388
0.0576528
0.0576524
0.0576402
0.0576189
0.0575911
0.0575602
0.0575296
0.0575035
0.0574859
0.0574805
0.0574902
0.0575161
0.0575582
0.0576144
0.0576814
0.0577549
0.0578299
0.0579013
0.057964
0.0580137
0.0580471
0.0580624
0.0580591
0.0580382
0.0580017
0.0579528
0.0578945
0.0578298
0.0577611
0.0576898
0.057617
0.057544
0.0574732
0.0574091
0.0573583
0.0573281
0.0573251
0.0573526
0.0574094
0.0574903
0.0575876
0.0576935
0.0578013
0.0579067
0.0580071
0.0581019
0.0581912
0.0582754
0.0583555
0.058432
0.0585055
0.0585763
0.0586445
0.0587098
0.0587719
0.05883
0.0588834
0.0589311
0.058972
0.0590052
0.0590297
0.0590443
0.0590481
0.0590399
0.0590187
0.0589837
0.0589345
0.0588722
0.0588002
0.0587253
0.058658
0.0586114
0.058598
0.0586254
0.0586929
0.0587912
0.0589052
0.0590187
0.0591185
0.0591957
0.0592465
0.0592705
0.0592694
0.0592461
0.0592035
0.0591446
0.0590721
0.0589881
0.0588946
0.0587932
0.0586852
0.0585727
0.0584596
0.0583531
0.0582654
0.0582118
0.058208
0.0582636
0.0583776
0.0585378
0.0587247
0.0589178
0.0591005
0.0592623
0.0593987
0.0595093
0.0595964
0.0596635
0.0597146
0.0597532
0.0597825
0.0598048
0.059822
0.0598346
0.0598424
0.0598438
0.0598353
0.0598119
0.0597657
0.0596864
0.0595607
0.0593739
0.0591124
0.0587704
0.0583594
0.05792
0.0575233
0.0572542
0.0571741
0.0572882
0.0575466
0.0578753
0.0582091
0.058508
0.0587558
0.0589521
0.0591046
0.0592229
0.0593157
0.0593887
0.0594452
0.0594853
0.0595072
0.0595065
0.0594775
0.0594123
0.0593022
0.0591381
0.0589131
0.0586269
0.0582916
0.057938
0.0576152
0.0573768
0.0572577
0.057254
0.057326
0.0574211
0.0574974
0.0575362
0.0575402
0.0575271
0.0575205
0.0575413
0.0576007
0.057697
0.057818
0.057946
0.0580633
0.0581569
0.0582192
0.0582481
0.0582459
0.0582181
0.0581722
0.0581167
0.0580593
0.0580062
0.0579608
0.0579233
0.0578913
0.057861
0.0578283
0.0577904
0.0577457
0.0576945
0.0576381
0.057579
0.0575197
0.0574622
0.0574082
0.0573586
0.0573134
0.0572724
0.057235
0.0572006
0.0571686
0.0571386
0.0571104
0.0570839
0.0570589
0.0570355
0.0570135
0.0569925
0.0569722
0.0569518
0.0569304
0.0569071
0.0568807
0.0568498
0.0568131
0.0567691
0.0567162
0.0566528
0.0565776
0.0564891
0.056387
0.0562715
0.0561448
0.0560112
0.0558779
0.0557543
0.0556521
0.0555837
0.0555596
0.055586
0.0556616
0.0557768
0.0559153
0.0560579
0.0561883
0.0562969
0.0563844
0.0564605
0.0565408
0.0566408
0.0567697
0.0569271
0.0571037
0.0572851
0.0574568
0.0576073
0.0577295
0.05782
0.057878
0.057904
0.0578986
0.0578626
0.057796
0.0576983
0.057569
0.0574085
0.0572208
0.057015
0.0568084
0.0566245
0.0564882
0.0564168
0.0564125
0.0564606
0.0565355
0.0566077
0.0566514
0.0566479
0.0565901
0.0564871
0.0563702
0.056292
0.0563115
0.0564663
0.0567493
0.0571125
0.0574931
0.0578407
0.0581285
0.0583499
0.0585108
0.0586218
0.0586942
0.0587377
0.0587604
0.0587682
0.0587654
0.0587553
0.05874
0.0587208
0.0586986
0.0586738
0.0586465
0.0586165
0.0585837
0.0585478
0.0585088
0.0584666
0.0584216
0.0583743
0.0583256
0.0582762
0.0582271
0.0581789
0.058132
0.0580865
0.0580426
0.0580005
0.057961
0.0579255
0.0578958
0.0578745
0.057864
0.0578665
0.0578837
0.057917
0.0579669
0.0580333
0.058115
0.0582094
0.0583127
0.0584195
0.0585239
0.0586199
0.0587019
0.0587656
0.0588077
0.0588259
0.0588186
0.0587842
0.058722
0.058633
0.058521
0.0583946
0.0582678
0.0581579
0.0580814
0.0580493
0.0580634
0.0581175
0.0582011
0.0583037
0.058418
0.0585392
0.0586645
0.0587914
0.0589173
0.0590397
0.0591564
0.0592656
0.0593664
0.059458
0.05954
0.0596122
0.0596746
0.0597271
0.05977
0.0598038
0.059829
0.0598459
0.059855
0.0598564
0.0598497
0.0598345
0.05981
0.0597752
0.0597293
0.0596718
0.0596031
0.0595247
0.0594396
0.0593523
0.0592689
0.0591964
0.0591419
0.0591115
0.0591097
0.059138
0.0591954
0.0592782
0.0593809
0.0594967
0.0596181
0.0597375
0.0598473
0.0599401
0.0600087
0.0600461
0.0600456
0.0600021
0.0599134
0.0597828
0.0596223
0.0594533
0.0593045
0.0592037
0.0591679
0.0591957
0.0592693
0.0593637
0.0594567
0.0595345
0.0595926
0.0596334
0.0596624
0.0596863
0.0597105
0.0597388
0.0597733
0.0598144
0.059861
0.0599112
0.0599624
0.0600115
0.0600552
0.0600902
0.0601133
0.0601212
0.0601108
0.0600797
0.0600258
0.0599485
0.0598489
0.0597313
0.0596029
0.0594744
0.0593572
0.0592617
0.0591929
0.0591491
0.0591224
0.0591013
0.0590752
0.0590373
0.0589871
0.0589298
0.0588761
0.0588385
0.0588295
0.0588576
0.058926
0.0590309
0.059163
0.0593095
0.0594562
0.0595901
0.0597009
0.0597808
0.0598253
0.0598322
0.0598016
0.0597354
0.0596374
0.0595136
0.059372
0.0592229
0.0590781
0.0589502
0.0588505
0.0587873
0.0587644
0.0587805
0.0588295
0.0589023
0.0589882
0.0590771
0.0591604
0.0592319
0.0592876
0.0593259
0.059347
0.0593524
0.0593448
0.0593275
0.0593042
0.0592786
0.0592544
0.0592348
0.0592221
0.0592181
0.0592234
0.0592378
0.0592605
0.05929
0.0593245
0.0593621
0.0594011
0.0594402
0.0594779
0.0595135
0.0595461
0.0595753
0.0596008
0.059622
0.0596388
0.0596506
0.0596571
0.0596577
0.059652
0.0596394
0.0596195
0.0595924
0.0595582
0.0595181
0.0594739
0.0594281
0.0593844
0.0593467
0.0593192
0.0593052
0.059307
0.0593245
0.0593562
0.0593984
0.0594463
0.0594946
0.0595384
0.0595737
0.0595978
0.0596098
0.0596107
0.0596032
0.0595916
0.0595813
0.0595776
0.0595849
0.0596057
0.0596406
0.059688
0.0597452
0.0598091
0.0598768
0.0599464
0.0600167
0.0600872
0.060158
0.060229
0.0603005
0.0603723
0.060444
0.0605151
0.0605849
0.0606524
0.060717
0.0607777
0.0608337
0.0608845
0.0609293
0.0609676
0.0609992
0.0610239
0.0610418
0.0610533
0.0610588
0.0610591
0.061055
0.0610474
0.0610369
0.0610243
0.0610106
0.0609969
0.0609856
0.0609797
0.0609835
0.0610021
0.0610402
0.0611008
0.0611835
0.0612835
0.0613916
0.0614951
0.0615794
0.0616302
0.0616344
0.0615825
0.0614707
0.0613033
0.0610967
0.0608801
0.0606943
0.0605822
0.0605767
0.0606889
0.0609049
0.0611924
0.0615111
0.0618226
0.0620949
0.0623038
0.0624319
0.0624677
0.0624053
0.062246
0.0620004
0.0616912
0.0613543
0.0610358
0.0607834
0.0606349
0.0606079
0.0606971
0.0608786
0.06112
0.0613887
0.0616583
0.0619105
0.062134
0.0623228
0.0624735
0.0625842
0.0626531
0.0626791
0.0626626
0.0626061
0.0625156
0.0624014
0.062277
0.062157
0.0620533
0.0619715
0.0619089
0.0618557
0.0617989
0.0617266
0.061632
0.0615154
0.0613839
0.0612503
0.0611295
0.0610359
0.0609795
0.0609651
0.060992
0.061055
0.0611461
0.0612564
0.0613771
0.0615004
0.0616197
0.0617296
0.0618259
0.061905
0.0619637
0.0619991
0.062008
0.0619872
0.0619339
0.0618462
0.0617248
0.0615752
0.0614097
0.0612484
0.0611157
0.0610333
0.0610115
0.0610434
0.0611077
0.0611774
0.0612287
0.0612474
0.0612297
0.0611811
0.061113
0.06104
0.0609764
0.0609334
0.0609177
0.0609296
0.0609644
0.0610137
0.0610676
0.0611165
0.0611526
0.0611704
0.0611666
0.0611397
0.0610892
0.0610149
0.0609167
0.0607939
0.0606457
0.0604718
0.0602735
0.0600544
0.0598217
0.059586
0.0593604
0.059158
0.05899
0.0588632
0.05878
0.0587396
0.05874
0.0587793
0.0588558
0.0589673
0.0591094
0.0592746
0.0594526
0.0596318
0.059801
0.0599511
0.0600762
0.0601737
0.0602438
0.060289
0.0603128
0.0603195
0.0603128
0.0602956
0.060269
0.0602321
0.0601815
0.0601111
0.0600118
0.0598732
0.0596848
0.0594409
0.0591472
0.0588283
0.0585295
0.0583073
0.0582054
0.0582322
0.0583577
0.0585322
0.0587102
0.0588628
0.0589776
0.0590529
0.0590923
0.0591014
0.0590865
0.0590542
0.0590112
0.058964
0.0589178
0.0588769
0.0588435
0.0588186
0.0588014
0.0587902
0.058783
0.0587777
0.0587726
0.0587667
0.0587593
0.0587503
0.0587398
0.0587278
0.0587146
0.0587007
0.0586862
0.0586716
0.0586573
0.0586433
0.0586286
0.0586115
0.0585885
0.058555
0.0585058
0.0584357
0.0583416
0.0582237
0.0580871
0.0579429
0.0578072
0.057698
0.0576305
0.0576123
0.0576413
0.057707
0.0577942
0.0578879
0.0579755
0.0580489
0.0581038
0.0581397
0.0581585
0.0581641
0.0581616
0.0581563
0.0581529
0.058155
0.058164
0.0581791
0.0581968
0.0582113
0.0582143
0.058195
0.0581407
0.0580371
0.0578707
0.0576348
0.0573385
0.0570182
0.0567396
0.0565795
0.056586
0.0567479
0.0570019
0.0572712
0.0574991
0.0576597
0.0577505
0.0577813
0.0577657
0.0577166
0.0576442
0.0575555
0.0574538
0.0573389
0.0572077
0.0570553
0.056877
0.0566721
0.0564486
0.0562266
0.0560374
0.0559159
0.0558854
0.0559464
0.0560757
0.0562383
0.0564016
0.0565447
0.056659
0.0567453
0.0568089
0.0568564
0.0568936
0.0569249
0.0569535
0.056981
0.0570085
0.0570362
0.057064
0.0570916
0.0571184
0.0571437
0.057167
0.0571881
0.0572066
0.0572227
0.0572365
0.0572485
0.057259
0.0572686
0.0572776
0.0572864
0.0572955
0.0573049
0.0573148
0.0573251
0.0573356
0.057346
0.0573557
0.0573643
0.0573708
0.0573745
0.0573746
0.0573702
0.0573607
0.0573458
0.0573256
0.0573009
0.0572728
0.0572436
0.0572157
0.0571918
0.057174
0.0571637
0.0571607
0.0571633
0.057168
0.0571706
0.0571669
0.0571537
0.0571301
0.0570983
0.0570636
0.0570329
0.0570129
0.0570074
0.057016
0.0570341
0.0570555
0.057075
0.0570918
0.0571095
0.0571354
0.0571775
0.0572415
0.0573288
0.0574356
0.0575546
0.0576771
0.0577947
0.0579011
0.0579928
0.0580692
0.0581321
0.058185
0.0582324
0.0582786
0.0583271
0.0583794
0.058435
0.0584916
0.0585451
0.0585906
0.0586235
0.0586403
0.0586395
0.0586224
0.0585935
0.0585599
0.0585305
0.0585139
0.0585166
0.0585415
0.0585875
0.0586504
0.0587237
0.0588012
0.0588769
0.0589468
0.0590083
0.0590606
0.0591039
0.0591389
0.0591667
0.0591875
0.0592009
0.059205
0.0591968
0.0591731
0.0591317
0.0590731
0.0590025
0.0589301
0.0588691
0.0588308
0.0588178
0.05882
0.0588161
0.0587808
0.0586963
0.0585629
0.058404
0.0582609
0.0581757
0.0581695
0.0582323
0.0583319
0.0584342
0.0585177
0.0585778
0.0586212
0.058659
0.0587004
0.0587506
0.0588103
0.0588775
0.0589487
0.0590208
0.0590917
0.0591599
0.0592251
0.0592872
0.0593463
0.059402
0.0594541
0.0595015
0.0595431
0.0595777
0.0596038
0.0596201
0.0596254
0.0596188
0.0595995
0.0595672
0.0595216
0.0594627
0.0593905
0.0593053
0.0592078
0.0590998
0.0589843
0.0588669
0.0587556
0.0586614
0.0585978
0.0585785
0.0586155
0.0587152
0.0588752
0.0590839
0.0593219
0.0595661
0.059795
0.0599909
0.0601423
0.0602426
0.0602902
0.0602865
0.0602359
0.0601451
0.0600231
0.0598807
0.059731
0.0595879
0.0594654
0.059376
0.0593287
0.059328
0.0593729
0.0594576
0.0595721
0.0597043
0.0598417
0.0599726
0.0600876
0.0601794
0.0602434
0.0602772
0.0602811
0.0602569
0.0602087
0.0601424
0.0600652
0.0599862
0.0599147
0.0598601
0.0598299
0.0598288
0.0598574
0.0599123
0.0599866
0.060072
0.0601596
0.0602421
0.0603138
0.0603715
0.0604141
0.0604422
0.060458
0.060465
0.060468
0.0604722
0.0604833
0.0605063
0.0605448
0.0606003
0.0606719
0.0607568
0.060851
0.0609501
0.06105
0.0611473
0.0612392
0.0613238
0.0613994
0.061465
0.0615199
0.0615635
0.061596
0.0616178
0.0616297
0.0616327
0.0616275
0.0616149
0.0615946
0.0615648
0.0615218
0.0614599
0.0613722
0.0612524
0.0610981
0.0609141
0.0607142
0.0605213
0.0603629
0.0602639
0.060239
0.0602869
0.0603916
0.0605281
0.0606701
0.0607969
0.0608964
0.0609657
0.0610098
0.061039
0.0610668
0.0611064
0.0611684
0.0612585
0.0613764
0.0615161
0.0616679
0.0618202
0.0619624
0.0620861
0.0621861
0.0622603
0.0623093
0.0623358
0.0623441
0.0623391
0.0623258
0.0623089
0.0622919
0.062277
0.0622653
0.0622561
0.0622484
0.0622407
0.0622319
0.0622222
0.0622133
0.0622086
0.0622125
0.0622293
0.0622623
0.0623126
0.0623784
0.0624552
0.0625368
0.062616
0.0626857
0.0627397
0.0627728
0.0627806
0.06276
0.0627085
0.0626244
0.062507
0.062357
0.0621772
0.0619735
0.0617551
0.061535
0.0613282
0.0611487
0.0610049
0.060898
0.0608233
0.0607766
0.0607611
0.0607895
0.0608782
0.0610356
0.0612525
0.0615036
0.0617569
0.0619853
0.0621727
0.0623137
0.0624109
0.0624713
0.0625032
0.0625147
0.0625127
0.0625021
0.0624859
0.0624655
0.062441
0.0624117
0.0623771
0.0623372
0.0622926
0.0622451
0.062197
0.0621508
0.0621087
0.0620724
0.0620427
0.0620194
0.0620019
0.0619891
0.0619797
0.0619726
0.0619665
0.0619605
0.0619532
0.061943
0.0619274
0.0619029
0.0618646
0.0618061
0.0617193
0.0615952
0.0614254
0.0612048
0.0609356
0.0606322
0.0603242
0.0600542
0.0598676
0.0597967
0.059846
0.0599906
0.0601871
0.0603913
0.060571
0.0607107
0.0608086
0.0608712
0.0609085
0.0609303
0.0609446
0.0609569
0.0609701
0.0609851
0.0610008
0.0610142
0.0610216
0.061018
0.0609982
0.060957
0.0608892
0.0607905
0.0606573
0.060487
0.0602792
0.0600368
0.0597673
0.0594845
0.0592086
0.0589633
0.0587697
0.0586394
0.0585707
0.0585521
0.0585704
0.058618
0.0586946
0.0588022
0.0589396
0.0590995
0.0592697
0.059437
0.0595908
0.0597244
0.0598349
0.0599223
0.0599885
0.0600361
0.0600679
0.0600861
0.0600923
0.0600874
0.0600711
0.0600426
0.0600003
0.0599421
0.059866
0.05977
0.0596528
0.0595145
0.0593574
0.0591871
0.0590144
0.058856
0.0587339
0.0586719
0.0586886
0.0587896
0.0589647
0.0591903
0.0594381
0.0596829
0.0599076
0.0601029
0.0602663
0.060399
0.0605042
0.0605851
0.0606447
0.0606849
0.0607067
0.0607098
0.0606934
0.0606559
0.0605963
0.0605146
0.0604133
0.060299
0.0601826
0.0600788
0.0600027
0.0599657
0.0599711
0.0600133
0.0600796
0.0601557
0.0602295
0.0602939
0.0603464
0.0603883
0.0604224
0.0604515
0.0604775
0.0605014
0.0605236
0.0605445
0.0605651
0.0605865
0.0606099
0.0606351
0.0606596
0.060678
0.0606829
0.0606662
0.060621
0.0605442
0.0604382
0.0603119
0.0601803
0.0600625
0.0599783
0.0599436
0.059966
0.0600431
0.0601635
0.0603103
0.0604656
0.0606148
0.060748
0.0608611
0.0609547
0.0610319
0.0610969
0.0611535
0.0612034
0.0612469
0.0612824
0.0613073
0.061319
0.0613148
0.0612932
0.0612536
0.0611966
0.0611243
0.0610397
0.0609464
0.0608482
0.060748
0.0606476
0.0605475
0.0604475
0.0603474
0.0602482
0.0601524
0.0600636
0.0599861
0.0599235
0.0598783
0.0598514
0.0598434
0.0598547
0.0598864
0.0599397
0.0600147
0.0601088
0.0602169
0.060331
0.0604422
0.060542
0.0606238
0.0606833
0.0607184
0.0607293
0.0607174
0.0606855
0.060637
0.060576
0.060507
0.0604349
0.0603648
0.0603015
0.0602494
0.0602122
0.0601922
0.0601905
0.0602068
0.0602394
0.0602857
0.0603421
0.0604048
0.0604702
0.0605346
0.0605947
0.0606478
0.0606918
0.0607248
0.0607453
0.0607523
0.0607453
0.0607238
0.0606881
0.060639
0.0605781
0.0605079
0.0604315
0.0603528
0.0602761
0.0602055
0.0601448
0.060097
0.0600642
0.0600477
0.0600478
0.0600638
0.0600946
0.0601382
0.0601922
0.0602541
0.0603213
0.0603913
0.0604621
0.0605313
0.0605965
0.0606545
0.0607015
0.0607335
0.0607471
0.0607408
0.0607165
0.0606804
0.0606433
0.0606192
0.0606217
0.0606599
0.0607347
0.0608388
0.0609585
0.0610774
0.0611799
0.0612522
0.0612816
0.0612554
0.0611591
0.0609758
0.0606885
0.0602882
0.0597886
0.0592437
0.0587503
0.0584157
0.0583005
0.0583863
0.0586045
0.058888
0.0591948
0.0595015
0.0597904
0.0600453
0.0602542
0.0604124
0.0605222
0.0605912
0.0606295
0.060648
0.0606567
0.0606639
0.060676
0.0606968
0.0607279
0.0607689
0.060818
0.0608726
0.0609295
0.0609858
0.0610388
0.061086
0.0611254
0.0611553
0.0611745
0.0611817
0.0611763
0.0611574
0.0611246
0.0610773
0.0610146
0.0609353
0.0608381
0.0607214
0.0605839
0.0604258
0.0602496
0.0600615
0.0598719
0.0596946
0.0595449
0.0594359
0.0593758
0.0593657
0.0594005
0.0594705
0.0595648
0.0596733
0.0597879
0.0599022
0.0600123
0.0601155
0.0602107
0.0602978
0.0603767
0.0604476
0.0605106
0.0605653
0.0606115
0.0606488
0.0606774
0.0606973
0.060709
0.0607131
0.0607103
0.0607011
0.0606858
0.0606647
0.0606378
0.0606045
0.0605642
0.0605161
0.0604591
0.0603925
0.0603158
0.0602298
0.0601365
0.06004
0.0599464
0.0598635
0.0597996
0.0597622
0.0597559
0.0597812
0.0598345
0.0599083
0.0599933
0.0600795
0.0601575
0.0602197
0.0602604
0.0602771
0.0602704
0.0602447
0.0602088
0.0601746
0.0601555
0.0601634
0.0602054
0.0602817
0.060386
0.0605078
0.0606355
0.0607591
0.0608713
0.0609676
0.0610458
0.0611054
0.061147
0.0611717
0.061181
0.0611771
0.0611623
0.0611398
0.0611124
0.0610831
0.0610539
0.0610259
0.0609988
0.0609716
0.0609438
0.0609166
0.0608944
0.0608851
0.0608985
0.0609438
0.0610259
0.0611438
0.0612899
0.0614525
0.0616186
0.0617767
0.0619178
0.0620362
0.0621287
0.0621942
0.0622329
0.0622461
0.0622362
0.0622066
0.0621622
0.0621088
0.0620529
0.0620003
0.0619552
0.0619189
0.0618898
0.0618638
0.0618361
0.0618028
0.0617627
0.0617183
0.0616753
0.061642
0.0616278
0.0616416
0.0616897
0.0617745
0.0618944
0.0620438
0.0622142
0.0623957
0.0625782
0.0627517
0.0629061
0.0630305
0.0631119
0.0631344
0.06308
0.0629318
0.062684
0.062357
0.0620125
0.0617486
0.0616566
0.0617618
0.062004
0.0622797
0.0625013
0.0626239
0.0626408
0.0625677
0.0624292
0.0622507
0.0620531
0.0618509
0.0616534
0.0614692
0.0613127
0.0612069
0.0611781
0.0612429
0.0613971
0.0616148
0.0618597
0.0620982
0.0623074
0.0624761
0.0626012
0.062684
0.0627271
0.0627335
0.0627058
0.0626466
0.0625592
0.0624478
0.0623182
0.0621776
0.0620339
0.0618952
0.0617684
0.0616583
0.0615672
0.0614945
0.0614373
0.0613909
0.0613492
0.0613057
0.0612548
0.0611934
0.0611226
0.0610485
0.0609824
0.0609386
0.0609301
0.0609643
0.0610409
0.0611513
0.0612822
0.0614189
0.0615488
0.0616622
0.061753
0.0618177
0.0618548
0.0618641
0.0618459
0.0618014
0.0617319
0.061639
0.0615243
0.0613898
0.0612375
0.0610699
0.0608901
0.0607025
0.060513
0.0603298
0.0601626
0.0600226
0.0599197
0.0598606
0.0598469
0.0598738
0.0599316
0.060008
0.060091
0.0601707
0.0602407
0.0602979
0.060342
0.0603741
0.0603957
0.0604073
0.0604076
0.0603933
0.0603592
0.0602997
0.06021
0.0600885
0.0599387
0.0597711
0.0596032
0.0594576
0.0593573
0.0593195
0.0593502
0.0594423
0.0595792
0.0597397
0.059904
0.060057
0.0601891
0.0602956
0.0603754
0.0604295
0.0604597
0.0604685
0.0604579
0.0604296
0.0603852
0.0603255
0.0602512
0.0601628
0.0600608
0.0599464
0.0598212
0.0596887
0.0595545
0.0594263
0.0593142
0.0592285
0.0591773
0.059164
0.0591855
0.0592329
0.0592941
0.0593578
0.0594157
0.0594636
0.0595013
0.0595304
0.0595525
0.0595681
0.0595763
0.0595762
0.0595678
0.0595531
0.0595359
0.0595202
0.059508
0.0594985
0.0594883
0.0594737
0.0594537
0.0594318
0.0594156
0.0594131
0.0594291
0.0594621
0.0595045
0.0595454
0.0595741
0.0595833
0.0595697
0.0595338
0.0594785
0.0594083
0.0593278
0.0592412
0.0591523
0.0590645
0.0589812
0.0589061
0.0588446
0.0588035
0.0587907
0.0588145
0.0588805
0.0589893
0.0591354
0.0593074
0.059491
0.0596719
0.0598381
0.0599814
0.0600969
0.0601821
0.0602367
0.0602613
0.0602577
0.0602285
0.0601781
0.0601125
0.0600387
0.0599643
0.0598952
0.0598342
0.0597801
0.0597283
0.0596728
0.0596093
0.0595375
0.0594627
0.0593951
0.0593472
0.0593302
0.059351
0.0594094
0.059499
0.0596095
0.0597287
0.0598453
0.0599501
0.0600357
0.060097
0.0601308
0.0601361
0.0601144
0.0600708
0.0600136
0.0599546
0.0599069
0.0598833
0.0598927
0.0599385
0.0600175
0.0601213
0.0602386
0.0603575
0.0604676
0.0605609
0.060632
0.0606774
0.0606944
0.0606807
0.0606332
0.0605472
0.0604163
0.0602331
0.0599911
0.0596907
0.059347
0.0589987
0.0587083
0.0585443
0.0585481
0.0587095
0.0589741
0.0592744
0.0595585
0.0597995
0.0599903
0.0601348
0.0602406
0.0603152
0.0603649
0.0603948
0.0604091
0.0604116
0.0604065
0.0603984
0.0603921
0.0603928
0.0604052
0.060433
0.0604783
0.0605407
0.060618
0.0607055
0.0607978
0.0608888
0.060973
0.0610456
0.0611034
0.061144
0.0611665
0.0611705
0.0611565
0.0611258
0.06108
0.0610212
0.0609521
0.0608754
0.0607941
0.0607104
0.0606265
0.060543
0.0604603
0.0603776
0.0602946
0.060212
0.0601326
0.0600607
0.0600013
0.059959
0.0599382
0.059943
0.0599778
0.0600451
0.0601434
0.0602661
0.0604018
0.0605371
0.060659
0.0607577
0.0608276
0.060867
0.060878
0.0608652
0.0608353
0.0607962
0.0607561
0.0607225
0.0607012
0.0606951
0.0607039
0.0607246
0.0607526
0.0607826
0.0608096
0.06083
0.0608412
0.0608421
0.0608321
0.0608116
0.0607813
0.0607419
0.0606945
0.06064
0.0605792
0.0605127
0.060441
0.0603637
0.06028
0.060188
0.0600842
0.0599635
0.0598192
0.0596435
0.059431
0.059183
0.0589152
0.0586629
0.0584769
0.0584048
0.0584646
0.0586315
0.0588503
0.0590628
0.0592286
0.059331
0.0593722
0.0593656
0.0593291
0.0592808
0.0592357
0.0592046
0.0591926
0.0592001
0.0592234
0.0592563
0.0592914
0.0593211
0.0593376
0.0593341
0.0593042
0.0592435
0.0591499
0.059026
0.0588805
0.0587297
0.0585969
0.0585075
0.0584816
0.0585272
0.0586372
0.0587931
0.0589725
0.0591555
0.0593285
0.059484
0.059619
0.0597336
0.0598288
0.0599058
0.0599657
0.0600088
0.0600347
0.0600422
0.0600294
0.0599934
0.0599303
0.0598355
0.059704
0.0595311
0.0593144
0.0590568
0.05877
0.0584784
0.0582181
0.0580308
0.0579489
0.0579818
0.0581107
0.0582981
0.0585032
0.0586952
0.0588573
0.0589847
0.05908
0.0591494
0.0591997
0.0592373
0.0592672
0.0592929
0.0593165
0.0593383
0.0593571
0.0593702
0.0593742
0.0593648
0.0593378
0.0592895
0.0592173
0.0591198
0.0589977
0.0588535
0.0586918
0.0585187
0.0583413
0.0581663
0.0579989
0.0578418
0.0576949
0.0575566
0.0574266
0.0573094
0.0572165
0.0571657
0.0571749
0.0572535
0.0573959
0.0575819
0.0577841
0.0579767
0.0581415
0.0582692
0.0583579
0.0584107
0.0584334
0.0584323
0.0584138
0.0583834
0.0583457
0.0583041
0.0582615
0.0582195
0.0581795
0.0581423
0.0581086
0.0580788
0.0580533
0.0580323
0.058016
0.0580047
0.0579983
0.0579969
0.0580002
0.0580078
0.0580194
0.0580345
0.0580526
0.0580731
0.0580957
0.0581199
0.0581454
0.0581718
0.058199
0.0582267
0.0582547
0.0582823
0.058309
0.0583334
0.0583542
0.0583692
0.0583761
0.0583724
0.0583557
0.058324
0.0582765
0.0582131
0.0581352
0.0580443
0.0579425
0.0578319
0.0577159
0.0576006
0.057496
0.0574155
0.0573723
0.0573746
0.0574218
0.0575048
0.0576089
0.0577185
0.0578204
0.0579054
0.0579688
0.0580099
0.0580319
0.0580414
0.0580476
0.0580613
0.0580926
0.0581492
0.0582344
0.058346
0.0584778
0.0586207
0.0587648
0.0589014
0.0590237
0.0591272
0.0592096
0.0592707
0.0593115
0.0593342
0.0593413
0.0593359
0.0593211
0.0592997
0.0592747
0.0592486
0.059224
0.059203
0.0591881
0.059181
0.0591835
0.0591967
0.0592211
0.0592557
0.0592986
0.0593462
0.0593935
0.0594347
0.0594634
0.059473
0.0594572
0.0594109
0.0593303
0.0592139
0.0590629
0.0588822
0.05868
0.0584676
0.0582576
0.0580628
0.0578946
0.0577627
0.057675
0.0576371
0.0576513
0.0577138
0.0578142
0.0579366
0.0580633
0.0581799
0.0582796
0.0583648
0.0584453
0.0585338
0.0586398
0.0587652
0.0589037
0.0590441
0.0591747
0.0592869
0.0593766
0.059444
0.0594916
0.0595234
0.059543
0.0595534
0.0595564
0.0595529
0.0595429
0.0595259
0.059501
0.0594674
0.0594242
0.0593705
0.0593056
0.0592291
0.0591411
0.0590428
0.0589371
0.0588293
0.0587274
0.0586422
0.0585849
0.0585648
0.0585866
0.0586475
0.0587381
0.0588435
0.0589469
0.0590326
0.0590881
0.059106
0.0590848
0.0590293
0.0589508
0.0588656
0.0587926
0.0587487
0.0587449
0.0587828
0.0588542
0.0589433
0.0590309
0.0590986
0.0591316
0.0591208
0.0590633
0.0589627
0.0588301
0.058683
0.0585444
0.0584388
0.0583866
0.0583986
0.0584731
0.0585975
0.0587522
0.0589168
0.059074
0.0592121
0.0593247
0.0594106
0.0594716
0.0595117
0.0595359
0.0595496
0.0595579
0.0595653
0.0595758
0.0595925
0.0596172
0.0596504
0.0596911
0.059736
0.05978
0.0598166
0.0598385
0.0598391
0.059814
0.0597627
0.0596899
0.059606
0.0595246
0.0594585
0.0594147
0.0593906
0.0593748
0.0593519
0.0593081
0.0592369
0.059141
0.0590311
0.058923
0.0588316
0.0587667
0.0587296
0.0587128
0.0587023
0.0586807
0.0586315
0.0585432
0.0584142
0.0582564
0.0580967
0.057973
0.0579233
0.0579722
0.0581213
0.0583497
0.058623
0.0589045
0.0591633
0.059378
0.0595373
0.0596387
0.0596869
0.0596921
0.0596677
0.0596287
0.059589
0.0595591
0.0595443
0.0595447
0.0595556
0.0595701
0.059581
0.059583
0.0595733
0.0595528
0.0595253
0.0594968
0.0594734
0.0594594
0.0594554
0.0594575
0.059458
0.059448
0.05942
0.0593708
0.0593034
0.0592273
0.0591571
0.0591097
0.0591
0.0591367
0.05922
0.059342
0.0594892
0.0596471
0.0598026
0.0599469
0.0600749
0.0601854
0.0602792
0.0603585
0.0604259
0.0604836
0.0605332
0.0605759
0.060612
0.0606414
0.0606633
0.060677
0.0606815
0.060676
0.0606596
0.0606319
0.0605925
0.0605415
0.0604791
0.0604057
0.0603222
0.0602294
0.0601287
0.0600229
0.0599175
0.0598228
0.0597547
0.0597324
0.0597735
0.0598857
0.0600613
0.0602785
0.0605083
0.0607226
0.0609006
0.0610296
0.0611051
0.0611282
0.0611049
0.0610454
0.0609639
0.0608771
0.0608015
0.0607494
0.0607255
0.0607264
0.0607425
0.0607637
0.0607832
0.0607995
0.0608155
0.0608358
0.060864
0.0609007
0.0609441
0.0609918
0.0610419
0.0610934
0.0611454
0.0611959
0.0612409
0.0612748
0.0612927
0.0612921
0.0612752
0.0612486
0.0612203
0.0611946
0.0611676
0.0611256
0.0610498
0.060926
0.0607555
0.0605619
0.0603865
0.0602678
0.0602164
0.0602058
0.060191
0.0601433
0.0600755
0.0600406
0.0601006
0.0602846
0.0605703
0.0609005
0.0612176
0.0614843
0.0616869
0.0618267
0.061911
0.0619484
0.0619456
0.0619083
0.0618423
0.0617549
0.0616561
0.0615581
0.0614733
0.06141
0.0613694
0.0613447
0.0613247
0.0612992
0.0612662
0.0612348
0.0612237
0.0612528
0.0613331
0.0614584
0.0616058
0.0617448
0.0618467
0.0618918
0.0618721
0.0617895
0.0616534
0.0614783
0.0612806
0.0610762
0.0608771
0.0606901
0.0605165
0.0603546
0.0602041
0.0600692
0.0599595
0.0598882
0.0598682
0.0599078
0.0600089
0.0601666
0.0603712
0.0606103
0.0608703
0.0611374
0.0613984
0.0616416
0.0618575
0.0620388
0.0621804
0.0622795
0.0623341
0.0623427
0.0623039
0.0622159
0.0620775
0.0618905
0.0616625
0.0614116
0.0611678
0.0609692
0.0608506
0.060829
0.0608958
0.0610217
0.0611712
0.0613148
0.0614347
0.0615236
0.0615803
0.0616065
0.0616034
0.0615713
0.0615086
0.0614122
0.0612778
0.0611003
0.0608748
0.0605986
0.0602752
0.0599207
0.0595687
0.05927
0.0590778
0.0590242
0.0591037
0.0592796
0.0595063
0.0597484
0.059985
0.0602042
0.0603959
0.0605489
0.0606512
0.0606919
0.0606626
0.0605581
0.0603765
0.0601202
0.0597971
0.0594226
0.0590218
0.0586288
0.0582831
0.0580223
0.0578726
0.0578427
0.057923
0.0580893
0.0583097
0.0585504
0.0587822
0.0589834
0.0591421
0.0592556
0.0593292
0.0593735
0.0594008
0.0594224
0.0594455
0.0594723
0.0595
0.0595232
0.0595358
0.0595327
0.059511
0.0594701
0.0594114
0.0593378
0.0592533
0.0591623
0.0590693
0.0589782
0.0588919
0.058812
0.0587386
0.0586711
0.0586083
0.0585498
0.0584961
0.0584491
0.0584122
0.0583889
0.0583821
0.0583931
0.058421
0.058463
0.0585143
0.05857
0.0586249
0.0586747
0.0587162
0.0587478
0.0587688
0.0587805
0.0587853
0.0587869
0.0587898
0.0587985
0.0588166
0.0588458
0.0588853
0.0589322
0.058982
0.0590301
0.0590729
0.0591088
0.0591388
0.0591655
0.059192
0.0592201
0.0592481
0.0592699
0.0592757
0.0592547
0.059199
0.0591082
0.0589938
0.0588789
0.058792
0.0587555
0.0587757
0.0588405
0.0589282
0.0590195
0.0591053
0.0591871
0.0592724
0.059369
0.0594802
0.0596039
0.0597332
0.0598589
0.059972
0.0600658
0.060136
0.0601816
0.0602034
0.060204
0.0601868
0.0601551
0.0601127
0.0600628
0.0600089
0.0599543
0.0599028
0.0598585
0.0598259
0.0598097
0.0598143
0.0598429
0.0598974
0.0599774
0.0600806
0.0602022
0.0603363
0.0604758
0.0606139
0.0607442
0.060861
0.0609602
0.0610386
0.0610945
0.0611272
0.0611371
0.0611255
0.0610948
0.061048
0.0609889
0.0609215
0.0608495
0.0607758
0.0607025
0.0606309
0.0605619
0.0604974
0.0604401
0.0603937
0.0603617
0.0603459
0.0603456
0.0603567
0.0603728
0.0603869
0.0603936
0.0603901
0.0603775
0.0603604
0.0603458
0.0603416
0.0603547
0.0603889
0.0604437
0.060514
0.0605918
0.0606677
0.0607334
0.0607826
0.0608105
0.0608143
0.0607916
0.0607411
0.0606629
0.0605591
0.0604348
0.0602977
0.0601565
0.0600187
0.0598893
0.0597713
0.0596713
0.0596037
0.0595919
0.0596603
0.0598201
0.0600597
0.0603469
0.0606412
0.0609068
0.0611195
0.0612662
0.0613413
0.0613435
0.0612747
0.0611412
0.060957
0.0607463
0.0605435
0.0603856
0.0602992
0.0602891
0.0603372
0.0604131
0.0604879
0.0605437
0.0605757
0.0605886
0.0605918
0.0605945
0.0606028
0.060618
0.0606369
0.0606536
0.0606611
0.0606536
0.0606275
0.0605821
0.060519
0.0604406
0.0603495
0.0602469
0.0601331
0.0600081
0.0598729
0.0597309
0.0595884
0.0594542
0.059338
0.0592484
0.0591914
0.0591692
0.0591805
0.0592211
0.0592861
0.0593708
0.0594714
0.0595853
0.0597098
0.0598421
0.0599778
0.0601121
0.0602396
0.0603557
0.0604572
0.0605425
0.0606119
0.0606674
0.0607118
0.0607485
0.0607806
0.06081
0.0608373
0.0608616
0.0608803
0.0608891
0.060883
0.0608556
0.0608003
0.0607104
0.0605795
0.0604033
0.0601802
0.059913
0.0596095
0.0592816
0.0589422
0.0586028
0.0582728
0.0579629
0.057689
0.057475
0.0573491
0.0573374
0.057456
0.0577035
0.058057
0.058476
0.0589128
0.0593259
0.0596874
0.0599837
0.0602122
0.0603763
0.0604821
0.0605364
0.0605457
0.0605158
0.0604522
0.0603598
0.0602433
0.0601074
0.0599559
0.0597921
0.0596182
0.0594351
0.0592427
0.0590409
0.0588309
0.0586163
0.0584043
0.0582053
0.058032
0.0578958
0.0578045
0.0577602
0.0577591
0.0577936
0.0578543
0.0579321
0.0580192
0.0581092
0.0581968
0.0582777
0.0583483
0.0584056
0.0584476
0.0584733
0.058483
0.0584786
0.0584633
0.0584417
0.0584191
0.058401
0.0583919
0.0583952
0.0584123
0.0584428
0.0584849
0.0585357
0.0585919
0.0586504
0.0587084
0.0587635
0.0588143
0.0588596
0.058899
0.0589323
0.0589596
0.0589812
0.0589974
0.0590086
0.059015
0.0590166
0.0590135
0.0590055
0.0589926
0.0589748
0.0589528
0.0589273
0.0588999
0.058873
0.058849
0.0588306
0.0588198
0.0588176
0.0588237
0.0588367
0.0588544
0.0588746
0.0588955
0.058916
0.0589356
0.0589538
0.0589695
0.0589809
0.0589853
0.0589796
0.0589612
0.0589285
0.0588818
0.058823
0.0587555
0.058684
0.0586128
0.0585459
0.0584855
0.0584328
0.058388
0.0583518
0.058327
0.0583193
0.058337
0.0583889
0.0584804
0.0586099
0.058768
0.0589397
0.0591085
0.0592611
0.0593895
0.0594915
0.0595694
0.0596273
0.0596686
0.0596941
0.0597022
0.0596902
0.0596584
0.0596125
0.0595649
0.0595318
0.0595273
0.0595575
0.0596169
0.0596905
0.059758
0.0597991
0.0597988
0.0597514
0.0596642
0.0595587
0.0594661
0.0594174
0.0594302
0.0595012
0.0596099
0.0597302
0.0598411
0.0599331
0.0600063
0.0600669
0.060122
0.0601766
0.0602315
0.0602845
0.0603316
0.0603691
0.0603957
0.0604129
0.0604249
0.0604379
0.0604585
0.0604927
0.0605445
0.060615
0.060703
0.0608043
0.0609127
0.0610205
0.0611183
0.0611956
0.0612405
0.0612404
0.0611826
0.0610573
0.0608616
0.0606048
0.0603126
0.060025
0.0597861
0.0596266
0.0595536
0.0595528
0.0596032
0.0596891
0.0598043
0.0599487
0.0601225
0.060322
0.0605388
0.0607613
0.0609766
0.0611724
0.0613386
0.0614678
0.0615549
0.061597
0.0615933
0.0615451
0.0614569
0.0613383
0.0612043
0.0610753
0.0609729
0.0609142
0.0609055
0.0609413
0.0610074
0.0610879
0.0611702
0.0612473
0.0613172
0.0613803
0.061438
0.0614909
0.0615385
0.0615802
0.0616148
0.0616418
0.0616609
0.061672
0.0616757
0.0616723
0.0616625
0.0616468
0.0616257
0.0616
0.0615703
0.0615374
0.061502
0.0614649
0.0614263
0.0613864
0.0613448
0.0613012
0.0612552
0.0612066
0.0611562
0.0611052
0.061056
0.0610108
0.0609719
0.0609402
0.0609152
0.0608943
0.0608736
0.0608484
0.0608144
0.0607681
0.0607072
0.0606309
0.0605394
0.0604333
0.060314
0.0601831
0.0600434
0.0598995
0.0597588
0.0596317
0.0595311
0.0594706
0.0594616
0.0595102
0.0596155
0.0597693
0.059958
0.0601659
0.0603779
0.0605814
0.0607675
0.0609308
0.0610691
0.0611822
0.0612716
0.0613396
0.0613887
0.0614214
0.0614399
0.061446
0.061441
0.0614259
0.0614013
0.0613673
0.061324
0.0612711
0.0612084
0.0611356
0.0610525
0.0609593
0.0608565
0.0607454
0.0606287
0.0605108
0.0603983
0.0602992
0.0602222
0.0601738
0.0601568
0.0601692
0.0602054
0.0602593
0.0603268
0.0604069
0.0605009
0.0606091
0.0607295
0.060856
0.0609799
0.061092
0.0611838
0.0612497
0.0612872
0.0612966
0.0612812
0.0612467
0.0612007
0.0611519
0.0611094
0.0610801
0.061068
0.0610726
0.0610889
0.0611087
0.0611226
0.0611223
0.0611035
0.0610663
0.0610162
0.0609628
0.0609179
0.0608935
0.0608996
0.0609424
0.0610233
0.0611381
0.0612776
0.0614295
0.061581
0.0617204
0.0618382
0.0619267
0.0619789
0.0619882
0.0619489
0.0618574
0.0617148
0.0615304
0.0613237
0.0611246
0.0609696
0.0608935
0.0609189
0.0610486
0.0612646
0.0615349
0.0618236
0.0621
0.0623435
0.0625443
0.0627016
0.0628208
0.0629106
0.0629799
0.0630363
0.0630843
0.0631249
0.0631558
0.0631718
0.0631664
0.0631327
0.0630652
0.0629613
0.0628231
0.0626586
0.0624827
0.0623153
0.062178
0.0620875
0.0620499
0.0620576
0.0620919
0.0621278
0.0621413
0.0621147
0.0620404
0.061923
0.0617777
0.0616267
0.0614917
0.0613854
0.0613058
0.0612376
0.0611607
0.0610649
0.0609609
0.0608814
0.0608668
0.0609411
0.0610962
0.0612961
0.0614948
0.0616532
0.0617454
0.0617569
0.0616806
0.0615155
0.0612668
0.060948
0.0605828
0.0602043
0.059851
0.0595594
0.0593557
0.0592517
0.0592447
0.0593213
0.0594614
0.0596424
0.0598426
0.0600435
0.0602321
0.0604004
0.0605445
0.060663
0.0607561
0.0608247
0.0608699
0.0608932
0.0608965
0.0608816
0.0608508
0.0608063
0.0607503
0.0606849
0.0606119
0.060533
0.0604495
0.0603625
0.0602729
0.0601814
0.0600886
0.0599953
0.0599021
0.0598099
0.0597198
0.0596332
0.0595517
0.0594774
0.0594127
0.0593604
0.0593235
0.0593042
0.0593037
0.0593204
0.0593498
0.0593831
0.0594075
0.0594063
0.0593592
0.0592437
0.0590375
0.058725
0.0583096
0.0578291
0.0573619
0.0570063
0.0568315
0.0568377
0.0569676
0.0571517
0.0573427
0.0575179
0.0576679
0.0577878
0.0578757
0.0579347
0.0579739
0.0580065
0.0580463
0.0581041
0.0581845
0.0582855
0.0584
0.0585185
0.0586315
0.0587322
0.0588162
0.0588821
0.0589308
0.0589644
0.0589856
0.0589975
0.0590027
0.0590036
0.0590019
0.0589989
0.0589952
0.058991
0.058986
0.0589792
0.058969
0.0589535
0.0589299
0.0588951
0.0588451
0.0587759
0.0586832
0.0585631
0.058413
0.0582323
0.0580236
0.0577932
0.057551
0.0573105
0.057088
0.056903
0.0567791
0.0567418
0.056811
0.0569885
0.0572502
0.0575508
0.0578382
0.0580686
0.0582143
0.058265
0.0582252
0.0581119
0.057952
0.0577784
0.0576234
0.0575113
0.0574543
0.0574532
0.0575027
0.0575955
0.0577245
0.0578806
0.0580527
0.0582269
0.0583889
0.0585257
0.0586277
0.0586892
0.0587096
0.0586933
0.0586496
0.0585925
0.0585386
0.0585044
0.0585023
0.0585373
0.0586065
0.0587006
0.0588077
0.0589166
0.0590192
0.0591106
0.0591888
0.0592541
0.0593079
0.0593519
0.0593881
0.0594184
0.0594442
0.0594667
0.0594871
0.059506
0.059524
0.0595412
0.0595578
0.0595734
0.0595877
0.0595998
0.0596088
0.0596135
0.0596125
0.0596044
0.059588
0.0595626
0.0595281
0.0594856
0.0594372
0.0593856
0.0593344
0.059287
0.0592463
0.0592145
0.0591932
0.0591835
0.0591866
0.0592036
0.0592355
0.0592829
0.0593456
0.0594221
0.0595098
0.0596049
0.0597029
0.059799
0.0598887
0.0599682
0.0600346
0.0600862
0.0601227
0.0601453
0.0601572
0.0601633
0.0601696
0.060183
0.0602095
0.0602529
0.060314
0.0603898
0.0604748
0.0605617
0.0606433
0.0607134
0.0607674
0.0608028
0.0608186
0.0608155
0.0607956
0.0607622
0.0607193
0.0606715
0.060623
0.0605771
0.0605354
0.0604979
0.0604623
0.0604254
0.0603833
0.0603325
0.0602702
0.0601953
0.0601082
0.0600114
0.0599094
0.0598089
0.0597183
0.0596463
0.0596005
0.0595848
0.059598
0.0596322
0.0596742
0.0597073
0.0597146
0.0596825
0.059604
0.0594819
0.0593298
0.0591718
0.0590362
0.0589464
0.0589117
0.0589245
0.058965
0.0590127
0.0590548
0.0590906
0.0591287
0.059182
0.0592614
0.0593716
0.0595101
0.0596691
0.0598373
0.060002
0.0601502
0.0602696
0.0603496
0.0603821
0.0603627
0.0602916
0.0601748
0.0600249
0.0598612
0.0597081
0.0595907
0.0595293
0.0595343
0.0596039
0.0597258
0.059881
0.0600482
0.0602074
0.0603424
0.0604418
0.0604987
0.0605103
0.060477
0.0604018
0.0602896
0.0601472
0.0599824
0.059804
0.059621
0.0594423
0.0592766
0.0591318
0.059015
0.0589317
0.0588859
0.0588794
0.0589119
0.0589806
0.0590806
0.0592048
0.0593441
0.0594891
0.0596314
0.0597649
0.0598861
0.0599933
0.060086
0.0601642
0.0602276
0.0602757
0.0603082
0.0603251
0.0603264
0.0603131
0.0602861
0.0602471
0.0601978
0.06014
0.0600758
0.0600073
0.0599365
0.0598657
0.0597971
0.0597326
0.059674
0.0596222
0.0595774
0.0595385
0.0595036
0.0594705
0.0594364
0.0593994
0.0593587
0.0593147
0.05927
0.0592293
0.0591983
0.0591834
0.0591892
0.0592176
0.0592671
0.0593334
0.059411
0.0594936
0.0595758
0.0596527
0.0597203
0.0597751
0.059814
0.0598344
0.0598339
0.0598106
0.059763
0.0596904
0.0595935
0.0594745
0.0593384
0.0591929
0.0590487
0.0589186
0.0588156
0.0587507
0.0587304
0.0587552
0.0588197
0.0589143
0.059027
0.059146
0.0592611
0.0593657
0.0594564
0.0595339
0.0596019
0.0596649
0.0597269
0.0597895
0.0598515
0.0599097
0.05996
0.0599997
0.0600274
0.0600439
0.060051
0.0600511
0.0600461
0.0600366
0.0600221
0.0600005
0.0599689
0.0599239
0.0598623
0.0597812
0.0596786
0.0595537
0.0594078
0.0592437
0.059067
0.0588858
0.0587106
0.0585536
0.0584271
0.0583414
0.0583033
0.0583137
0.058368
0.0584567
0.0585677
0.0586882
0.0588066
0.0589133
0.059001
0.0590645
0.0590996
0.0591032
0.0590733
0.0590095
0.0589146
0.0587959
0.0586662
0.0585428
0.0584424
0.0583754
0.0583403
0.058323
0.0583023
0.0582577
0.0581775
0.0580621
0.0579239
0.0577835
0.0576629
0.057579
0.0575388
0.0575382
0.0575639
0.0575978
0.0576207
0.0576161
0.0575727
0.0574861
0.0573619
0.0572187
0.0570895
0.0570161
0.0570355
0.0571618
0.057378
0.0576441
0.0579144
0.0581531
0.058339
0.0584633
0.0585245
0.0585244
0.0584653
0.058349
0.0581774
0.0579537
0.0576846
0.0573834
0.0570716
0.0567789
0.056538
0.0563759
0.0563046
0.0563176
0.0563948
0.0565108
0.0566439
0.056779
0.0569078
0.0570268
0.0571346
0.0572309
0.0573155
0.0573883
0.057449
0.0574975
0.0575343
0.0575598
0.0575749
0.0575807
0.0575784
0.0575692
0.0575542
0.0575341
0.0575098
0.0574817
0.0574498
0.0574139
0.0573733
0.0573267
0.0572722
0.0572072
0.0571283
0.0570318
0.0569139
0.0567729
0.0566108
0.0564361
0.0562662
0.0561261
0.0560428
0.0560354
0.0561068
0.0562421
0.0564147
0.0565969
0.0567674
0.0569141
0.0570326
0.0571241
0.0571925
0.0572425
0.0572789
0.0573058
0.0573267
0.0573442
0.0573605
0.0573771
0.0573949
0.0574142
0.0574351
0.0574568
0.0574783
0.057498
0.057514
0.057524
0.0575254
0.0575157
0.0574925
0.0574537
0.0573975
0.0573234
0.0572315
0.0571234
0.0570022
0.0568725
0.056741
0.056616
0.0565082
0.0564297
0.0563934
0.0564114
0.0564926
0.0566391
0.0568446
0.0570943
0.0573677
0.0576437
0.0579049
0.0581392
0.0583408
0.0585088
0.0586452
0.0587538
0.0588393
0.0589059
0.0589579
0.0589991
0.0590327
0.0590619
0.0590891
0.0591163
0.0591444
0.0591734
0.0592023
0.0592291
0.0592514
0.0592666
0.0592727
0.0592681
0.0592523
0.0592248
0.059185
0.0591313
0.059061
0.0589704
0.0588554
0.0587125
0.0585384
0.0583308
0.0580883
0.0578133
0.0575189
0.0572399
0.0570396
0.0569985
0.0571742
0.0575594
0.0580791
0.0586332
0.0591425
0.0595674
0.0599002
0.0601508
0.060335
0.0604682
0.0605628
0.0606277
0.0606687
0.060689
0.0606897
0.0606711
0.0606326
0.0605737
0.0604951
0.0603988
0.0602891
0.0601731
0.0600598
0.0599599
0.0598843
0.0598414
0.0598362
0.0598685
0.0599334
0.0600227
0.0601274
0.0602399
0.0603559
0.0604737
0.0605935
0.060715
0.060835
0.0609474
0.0610437
0.061115
0.0611545
0.061159
0.0611298
0.0610724
0.0609956
0.0609096
0.060824
0.0607462
0.0606793
0.0606225
0.0605714
0.0605208
0.0604671
0.06041
0.0603536
0.060305
0.0602708
0.0602543
0.0602529
0.0602589
0.0602632
0.0602597
0.0602498
0.0602425
0.0602498
0.0602801
0.0603315
0.0603909
0.0604381
0.0604538
0.0604247
0.0603468
0.0602244
0.0600707
0.0599086
0.0597733
0.0597082
0.0597502
0.0599099
0.0601626
0.0604598
0.0607518
0.0610047
0.0612039
0.0613493
0.0614482
0.0615104
0.0615448
0.0615585
0.0615569
0.0615437
0.0615217
0.0614929
0.0614591
0.0614216
0.0613817
0.0613401
0.0612965
0.0612496
0.0611964
0.0611316
0.061048
0.0609369
0.0607887
0.060596
0.0603568
0.0600798
0.0597881
0.0595211
0.059328
0.0592535
0.0593214
0.0595239
0.059825
0.060175
0.0605268
0.0608465
0.0611155
0.0613272
0.0614817
0.0615822
0.0616315
0.061631
0.0615813
0.0614834
0.0613415
0.0611669
0.0609803
0.0608111
0.0606901
0.0606386
0.0606584
0.0607311
0.0608272
0.0609176
0.0609824
0.0610121
0.061006
0.0609688
0.0609069
0.0608272
0.0607358
0.0606383
0.0605401
0.0604469
0.0603656
0.0603042
0.0602703
0.0602704
0.0603067
0.0603765
0.0604715
0.0605788
0.0606837
0.060771
0.0608271
0.0608412
0.0608062
0.0607195
0.0605843
0.0604109
0.0602177
0.0600306
0.0598795
0.0597914
0.0597828
0.0598533
0.0599856
0.0601505
0.0603159
0.0604539
0.0605456
0.0605825
0.0605664
0.0605081
0.0604264
0.0603455
0.0602903
0.0602808
0.0603258
0.0604206
0.060549
0.0606883
0.0608161
0.0609139
0.0609683
0.0609699
0.060912
0.0607892
0.0605994
0.0603464
0.0600457
0.0597286
0.0594376
0.0592113
0.0590619
0.0589663
0.05888
0.0587683
0.0586322
0.0585123
0.0584661
0.0585308
0.0586993
0.0589267
0.0591603
0.0593637
0.0595236
0.0596441
0.0597369
0.0598145
0.0598862
0.0599578
0.0600314
0.0601064
0.0601805
0.0602502
0.0603119
0.0603624
0.0603992
0.0604209
0.0604267
0.0604165
0.0603909
0.0603507
0.0602974
0.0602324
0.060158
0.0600768
0.0599916
0.0599059
0.0598234
0.0597476
0.0596818
0.0596287
0.05959
0.0595668
0.0595591
0.0595663
0.0595873
0.0596201
0.0596627
0.0597124
0.0597662
0.0598208
0.0598728
0.0599187
0.0599554
0.0599795
0.0599883
0.0599793
0.0599506
0.0599016
0.0598325
0.0597454
0.0596441
0.0595341
0.0594218
0.0593136
0.0592144
0.059127
0.0590515
0.0589867
0.0589313
0.0588858
0.0588534
0.058839
0.0588479
0.0588836
0.0589464
0.0590329
0.0591369
0.0592509
0.0593673
0.0594794
0.0595819
0.0596711
0.0597445
0.0598005
0.0598386
0.0598586
0.0598608
0.0598456
0.0598137
0.059766
0.0597037
0.0596288
0.0595438
0.0594524
0.0593594
0.0592703
0.059191
0.0591269
0.0590819
0.0590578
0.0590541
0.0590679
0.0590956
0.0591325
0.0591749
0.0592196
0.0592644
0.0593081
0.0593501
0.05939
0.0594276
0.0594626
0.0594942
0.059521
0.0595412
0.0595521
0.0595505
0.0595323
0.0594932
0.0594289
0.059335
0.0592075
0.0590428
0.0588373
0.0585887
0.0583002
0.0579886
0.057695
0.0574859
0.057432
0.0575685
0.0578694
0.058263
0.0586725
0.0590454
0.0593583
0.0596066
0.0597935
0.0599227
0.0599959
0.0600126
0.0599712
0.0598724
0.0597216
0.059533
0.0593311
0.059148
0.0590147
0.0589493
0.0589499
0.0589973
0.0590646
0.0591284
0.0591734
0.0591938
0.0591908
0.0591717
0.059149
0.0591391
0.0591591
0.0592219
0.0593316
0.0594816
0.0596573
0.0598415
0.0600186
0.0601776
0.0603121
0.0604189
0.0604971
0.0605463
0.0605664
0.0605577
0.0605207
0.060457
0.0603697
0.0602639
0.0601461
0.0600243
0.0599064
0.0597987
0.0597048
0.0596255
0.0595587
0.0595015
0.0594511
0.0594059
0.059366
0.0593326
0.0593059
0.0592843
0.0592639
0.0592417
0.0592192
0.0592068
0.059222
0.0592831
0.0593989
0.0595624
0.0597525
0.0599426
0.0601102
0.0602409
0.0603297
0.0603783
0.060392
0.0603782
0.0603448
0.0602994
0.0602489
0.0601986
0.0601524
0.0601119
0.060077
0.0600462
0.0600183
0.0599922
0.059968
0.0599467
0.0599292
0.0599161
0.0599068
0.0598996
0.0598923
0.0598822
0.059867
0.059845
0.0598152
0.0597774
0.0597322
0.0596814
0.0596284
0.0595784
0.0595387
0.0595175
0.0595222
0.0595564
0.059618
0.0596991
0.0597871
0.0598679
0.059929
0.0599622
0.0599647
0.0599393
0.0598943
0.0598416
0.0597946
0.0597654
0.0597626
0.0597888
0.0598409
0.0599111
0.0599882
0.0600604
0.0601162
0.0601458
0.060142
0.0601007
0.0600223
0.059913
0.0597854
0.059657
0.0595467
0.0594683
0.0594258
0.0594134
0.0594189
0.0594309
0.0594426
0.0594528
0.0594635
0.0594776
0.0594969
0.0595226
0.0595559
0.0595992
0.059655
0.0597256
0.0598111
0.0599088
0.0600139
0.0601198
0.06022
0.0603083
0.0603799
0.0604315
0.0604607
0.0604661
0.0604471
0.0604034
0.0603355
0.0602441
0.0601307
0.0599975
0.0598474
0.0596845
0.0595141
0.059343
0.0591793
0.0590325
0.0589124
0.0588278
0.058785
0.0587863
0.0588291
0.0589067
0.0590092
0.0591252
0.0592433
0.0593527
0.0594432
0.0595067
0.0595379
0.0595364
0.0595073
0.0594607
0.0594099
0.0593686
0.0593491
0.0593609
0.05941
0.0594981
0.0596216
0.0597717
0.0599358
0.0600999
0.0602516
0.0603817
0.060485
0.0605596
0.0606059
0.0606259
0.0606223
0.0605979
0.0605555
0.0604973
0.0604246
0.0603382
0.060238
0.0601249
0.0600024
0.0598788
0.0597676
0.0596856
0.0596472
0.0596571
0.0597074
0.0597794
0.059851
0.0599038
0.0599277
0.059922
0.0598929
0.0598511
0.0598085
0.0597744
0.0597546
0.05975
0.0597579
0.059774
0.0597949
0.0598199
0.059852
0.0598962
0.0599575
0.0600382
0.0601359
0.060244
0.0603532
0.0604549
0.0605423
0.0606125
0.0606652
0.060703
0.0607294
0.0607484
0.0607633
0.0607762
0.0607877
0.0607971
0.0608024
0.060801
0.0607894
0.0607648
0.0607249
0.0606689
0.0605985
0.0605181
0.0604354
0.0603606
0.0603042
0.060275
0.0602769
0.0603076
0.0603593
0.0604201
0.0604768
0.0605171
0.0605306
0.0605101
0.0604522
0.0603582
0.0602347
0.0600935
0.0599498
0.0598192
0.0597145
0.0596434
0.0596078
0.0596059
0.0596335
0.0596857
0.0597576
0.0598447
0.0599435
0.0600511
0.0601664
0.060289
0.0604193
0.0605574
0.0607022
0.0608508
0.0609986
0.0611397
0.061268
0.0613781
0.0614659
0.0615292
0.0615677
0.061583
0.0615783
0.0615584
0.0615287
0.0614946
0.0614607
0.0614298
0.0614024
0.0613769
0.0613499
0.0613176
0.0612765
0.0612233
0.0611551
0.0610685
0.0609592
0.060822
0.0606529
0.060453
0.0602334
0.0600208
0.059856
0.0597843
0.0598359
0.0600103
0.0602762
0.0605871
0.0609008
0.0611892
0.0614391
0.0616478
0.0618178
0.0619533
0.0620584
0.0621366
0.0621907
0.0622232
0.0622368
0.0622343
0.0622185
0.0621925
0.0621592
0.062121
0.0620801
0.0620377
0.0619947
0.0619508
0.0619056
0.061858
0.0618066
0.0617498
0.0616864
0.0616153
0.0615361
0.061449
0.0613552
0.0612571
0.0611577
0.0610614
0.060973
0.0608976
0.0608399
0.0608036
0.0607906
0.060801
0.0608324
0.060881
0.0609422
0.0610118
0.0610866
0.0611649
0.0612464
0.0613318
0.0614214
0.061515
0.0616113
0.0617075
0.0617996
0.0618828
0.0619525
0.0620041
0.0620338
0.0620393
0.0620198
0.0619769
0.0619148
0.0618414
0.0617673
0.061705
0.0616665
0.0616599
0.0616872
0.0617429
0.061816
0.0618924
0.0619586
0.062003
0.0620173
0.0619964
0.0619378
0.0618417
0.0617109
0.0615512
0.0613705
0.0611767
0.0609754
0.0607693
0.0605628
0.060371
0.0602264
0.0601724
0.0602414
0.0604311
0.0607015
0.0609957
0.0612653
0.0614828
0.0616403
0.061742
0.0617973
0.0618169
0.06181
0.0617842
0.0617451
0.0616965
0.0616403
0.0615775
0.0615086
0.0614343
0.061356
0.0612765
0.0611992
0.0611284
0.0610673
0.061018
0.0609801
0.0609514
0.0609281
0.0609065
0.0608832
0.0608564
0.0608257
0.0607917
0.0607555
0.0607176
0.0606776
0.0606339
0.0605834
0.0605219
0.0604448
0.060348
0.0602285
0.0600856
0.0599216
0.0597427
0.0595589
0.0593837
0.0592324
0.0591202
0.0590594
0.0590567
0.0591121
0.0592187
0.0593643
0.0595341
0.0597132
0.0598884
0.0600496
0.0601902
0.0603065
0.0603974
0.0604632
0.0605055
0.0605262
0.0605272
0.0605102
0.0604766
0.0604272
0.0603628
0.0602838
0.0601911
0.0600862
0.0599721
0.0598533
0.0597364
0.0596293
0.0595406
0.0594776
0.0594445
0.0594415
0.0594643
0.059506
0.0595578
0.059612
0.0596619
0.0597034
0.0597341
0.0597532
0.059761
0.0597586
0.0597475
0.0597292
0.0597055
0.0596781
0.0596487
0.0596192
0.0595912
0.0595664
0.0595464
0.0595321
0.0595242
0.0595228
0.0595273
0.0595369
0.0595502
0.0595662
0.0595841
0.0596042
0.0596278
0.0596576
0.0596974
0.0597508
0.0598203
0.0599054
0.0600015
0.0600991
0.0601846
0.060241
0.06025
0.0601941
0.0600588
0.0598366
0.0595311
0.0591605
0.058758
0.0583654
0.0580212
0.0577496
0.057555
0.0574253
0.0573407
0.0572856
0.0572577
0.0572703
0.0573435
0.0574898
0.0577039
0.0579687
0.0582739
0.0586239
0.0590206
0.0594392
0.059826
0.0601201
0.0602758
0.0602716
0.0601116
0.0598311
0.0595057
0.0592466
0.0591615
0.0592927
0.0595905
0.0599518
0.0602833
0.0605341
0.060693
0.0607703
0.0607846
0.0607541
0.0606942
0.0606171
0.0605322
0.0604465
0.0603656
0.0602935
0.0602329
0.0601856
0.0601524
0.0601336
0.0601286
0.0601368
0.0601567
0.0601867
0.0602243
0.0602667
0.0603102
0.0603506
0.0603838
0.0604058
0.0604134
0.0604046
0.0603793
0.0603393
0.0602887
0.0602331
0.0601788
0.0601316
0.0600956
0.0600718
0.0600587
0.060053
0.0600509
0.0600493
0.0600466
0.0600428
0.0600391
0.0600371
0.0600382
0.060043
0.0600511
0.0600613
0.0600714
0.0600793
0.0600825
0.0600794
0.0600686
0.0600497
0.060023
0.059989
0.0599492
0.0599052
0.0598588
0.0598118
0.0597661
0.0597235
0.0596852
0.0596525
0.0596261
0.0596063
0.059593
0.0595859
0.0595839
0.0595862
0.0595914
0.0595984
0.059606
0.0596134
0.0596195
0.0596238
0.0596253
0.0596234
0.0596172
0.0596059
0.059589
0.0595669
0.059541
0.0595137
0.0594885
0.0594696
0.0594603
0.0594629
0.0594777
0.059503
0.0595353
0.0595706
0.0596048
0.0596347
0.0596582
0.0596751
0.0596861
0.0596935
0.0597006
0.0597107
0.0597273
0.0597531
0.0597896
0.0598366
0.0598927
0.0599555
0.0600219
0.0600886
0.0601526
0.0602111
0.0602615
0.0603018
0.0603302
0.0603453
0.0603464
0.0603335
0.0603075
0.0602699
0.0602234
0.0601713
0.0601173
0.0600656
0.0600198
0.0599826
0.0599554
0.0599386
0.0599317
0.059934
0.0599445
0.0599612
0.059979
0.0599888
0.0599768
0.0599256
0.0598175
0.0596396
0.0593914
0.0590922
0.0587843
0.058526
0.0583718
0.058351
0.0584594
0.058668
0.0589391
0.0592372
0.0595329
0.0598045
0.0600377
0.0602251
0.0603653
0.0604603
0.0605145
0.0605327
0.0605198
0.0604802
0.060418
0.0603369
0.0602409
0.060134
0.060021
0.0599072
0.0597981
0.0596992
0.0596152
0.0595493
0.0595029
0.0594751
0.0594637
0.0594652
0.0594761
0.0594931
0.0595136
0.0595354
0.0595565
0.0595748
0.0595883
0.0595947
0.0595916
0.0595771
0.05955
0.0595101
0.0594587
0.0593985
0.059334
0.0592708
0.0592151
0.059173
0.059149
0.0591459
0.0591635
0.0591995
0.0592493
0.0593076
0.0593684
0.059426
0.0594758
0.0595137
0.0595369
0.0595435
0.0595329
0.0595053
0.0594624
0.0594067
0.0593415
0.0592704
0.0591968
0.0591232
0.0590506
0.0589786
0.0589058
0.0588299
0.058749
0.0586618
0.0585682
0.05847
0.0583709
0.0582775
0.0581988
0.0581451
0.0581254
0.0581445
0.0582011
0.0582873
0.0583904
0.0584967
0.0585938
0.0586728
0.058729
0.0587617
0.0587737
0.0587705
0.0587591
0.0587468
0.05874
0.0587426
0.0587557
0.0587775
0.058804
0.0588303
0.0588512
0.0588627
0.0588616
0.0588463
0.0588161
0.0587711
0.0587128
0.0586431
0.0585649
0.0584821
0.0583991
0.0583211
0.0582526
0.0581969
0.0581545
0.0581227
0.0580943
0.0580585
0.0580023
0.0579135
0.0577848
0.0576193
0.0574356
0.0572665
0.0571506
0.0571144
0.0571588
0.057258
0.0573742
0.0574752
0.0575444
0.0575814
0.0575967
0.0576056
0.0576226
0.0576595
0.0577239
0.0578196
0.0579472
0.058104
0.0582844
0.0584796
0.0586791
0.0588717
0.0590472
0.0591972
0.059316
0.0593999
0.0594478
0.05946
0.0594381
0.0593853
0.0593061
0.0592065
0.0590946
0.0589799
0.0588729
0.0587839
0.0587211
0.0586889
0.0586871
0.058711
0.0587525
0.058802
0.0588497
0.058887
0.0589067
0.0589035
0.0588729
0.0588117
0.0587181
0.0585912
0.0584324
0.0582461
0.0580405
0.0578287
0.0576284
0.0574605
0.0573455
0.0572982
0.0573244
0.0574181
0.0575643
0.0577424
0.0579322
0.0581171
0.0582864
0.058435
0.0585628
0.0586726
0.0587686
0.0588552
0.0589356
0.0590118
0.0590841
0.0591519
0.0592137
0.0592682
0.059314
0.0593502
0.0593763
0.059392
0.0593968
0.0593907
0.0593731
0.0593434
0.059301
0.0592452
0.0591754
0.0590916
0.0589946
0.0588866
0.0587718
0.0586566
0.0585492
0.0584595
0.0583968
0.0583682
0.0583766
0.05842
0.0584927
0.0585875
0.0586983
0.0588215
0.058957
0.059106
0.0592693
0.059445
0.0596283
0.0598116
0.0599862
0.0601433
0.0602757
0.0603776
0.0604447
0.0604742
0.0604646
0.0604151
0.0603262
0.060198
0.0600297
0.0598169
0.059551
0.059221
0.0588215
0.058367
0.0579066
0.0575208
0.0572867
0.05723
0.0573135
0.0574768
0.0576825
0.0579254
0.0582061
0.0585069
0.0587896
0.059014
0.0591566
0.0592172
0.0592147
0.059177
0.0591331
0.0591089
0.0591258
0.0591981
0.0593291
0.0595088
0.059717
0.0599291
0.0601237
0.0602861
0.0604099
0.060495
0.0605457
0.0605683
0.0605694
0.0605547
0.0605286
0.0604938
0.060452
0.0604041
0.0603511
0.0602937
0.0602334
0.0601718
0.0601107
0.0600521
0.0599977
0.0599492
0.0599078
0.0598742
0.0598488
0.0598312
0.059821
0.0598171
0.0598182
0.0598227
0.0598287
0.0598345
0.0598379
0.0598371
0.0598303
0.0598163
0.0597939
0.0597627
0.0597224
0.0596728
0.059613
0.0595414
0.0594553
0.0593518
0.0592289
0.0590883
0.058938
0.058794
0.0586787
0.0586169
0.0586275
0.0587166
0.058875
0.059081
0.0593082
0.059532
0.0597345
0.0599051
0.0600398
0.060139
0.0602051
0.0602415
0.0602518
0.0602389
0.0602058
0.0601551
0.06009
0.0600145
0.0599334
0.0598524
0.0597778
0.0597157
0.0596716
0.0596493
0.0596509
0.059676
0.0597222
0.0597853
0.0598597
0.0599399
0.0600203
0.0600967
0.0601662
0.0602272
0.0602791
0.0603208
0.0603504
0.0603637
0.0603544
0.0603146
0.060237
0.0601184
0.0599649
0.0597949
0.0596395
0.0595335
0.0595015
0.0595449
0.0596418
0.0597575
0.0598606
0.0599314
0.0599647
0.0599658
0.0599458
0.0599172
0.0598903
0.0598711
0.0598606
0.0598556
0.0598516
0.0598448
0.0598352
0.0598275
0.0598305
0.0598547
0.0599091
0.0599975
0.0601177
0.0602616
0.0604178
0.0605739
0.0607198
0.0608478
0.0609539
0.0610368
0.0610978
0.0611395
0.0611656
0.06118
0.0611864
0.0611882
0.0611883
0.0611892
0.0611931
0.061202
0.0612173
0.0612404
0.0612717
0.0613105
0.0613549
0.0614015
0.0614458
0.0614827
0.061507
0.0615146
0.0615028
0.0614717
0.0614236
0.0613644
0.0613025
0.0612487
0.0612143
0.0612092
0.0612392
0.0613039
0.0613959
0.0615027
0.0616091
0.0617006
0.0617662
0.0617986
0.0617952
0.0617572
0.0616887
0.0615968
0.0614904
0.0613795
0.0612748
0.0611861
0.0611219
0.0610889
0.0610914
0.0611311
0.0612075
0.061317
0.0614538
0.0616101
0.0617767
0.061944
0.0621027
0.0622442
0.062361
0.0624458
0.0624915
0.0624901
0.0624327
0.0623097
0.062114
0.0618464
0.0615254
0.0611951
0.0609227
0.060776
0.0607874
0.0609349
0.0611562
0.0613845
0.0615737
0.0617035
0.0617723
0.061787
0.0617566
0.061689
0.0615906
0.0614674
0.061327
0.0611808
0.0610451
0.0609399
0.0608841
0.0608894
0.0609544
0.0610649
0.0611982
0.06133
0.0614398
0.0615128
0.0615401
0.0615167
0.0614413
0.0613166
0.0611508
0.0609596
0.0607669
0.0606011
0.0604872
0.0604374
0.0604459
0.0604923
0.0605504
0.0605976
0.0606201
0.0606132
0.0605794
0.0605249
0.0604571
0.0603829
0.0603077
0.0602347
0.060166
0.0601029
0.0600478
0.0600043
0.0599775
0.059973
0.0599944
0.0600415
0.06011
0.060192
0.0602787
0.0603624
0.0604377
0.0605017
0.060553
0.0605911
0.0606153
0.0606259
0.0606246
0.0606157
0.0606059
0.0606033
0.060615
0.0606455
0.0606946
0.0607576
0.0608274
0.0608961
0.0609566
0.0610041
0.0610354
0.0610491
0.061045
0.0610238
0.0609875
0.0609393
0.0608838
0.0608266
0.0607736
0.0607299
0.0606985
0.0606799
0.0606722
0.060672
0.060676
0.0606817
0.0606885
0.0606974
0.0607102
0.0607292
0.0607559
0.0607911
0.060834
0.0608828
0.060935
0.0609876
0.061038
0.0610834
0.0611222
0.0611529
0.0611748
0.0611879
0.0611926
0.0611896
0.0611802
0.0611659
0.0611484
0.0611294
0.0611107
0.0610937
0.0610796
0.0610691
0.0610623
0.0610588
0.0610573
0.0610561
0.0610532
0.0610457
0.0610308
0.0610058
0.060968
0.0609157
0.0608483
0.0607667
0.0606742
0.0605757
0.0604784
0.0603904
0.06032
0.0602741
0.0602576
0.0602721
0.0603161
0.0603848
0.0604713
0.0605673
0.0606642
0.0607542
0.0608304
0.0608877
0.0609216
0.0609291
0.0609075
0.060855
0.0607707
0.0606548
0.0605094
0.0603396
0.0601538
0.0599646
0.0597874
0.0596392
0.0595349
0.0594843
0.0594891
0.0595427
0.0596312
0.0597369
0.0598428
0.0599369
0.0600164
0.0600875
0.0601621
0.0602512
0.0603591
0.0604811
0.060606
0.060721
0.0608163
0.0608866
0.0609313
0.060952
0.0609515
0.0609324
0.0608972
0.0608493
0.0607943
0.0607399
0.0606962
0.0606728
0.0606762
0.0607071
0.0607602
0.0608265
0.0608962
0.0609621
0.0610206
0.0610717
0.0611169
0.0611584
0.0611968
0.0612309
0.0612578
0.0612733
0.0612734
0.0612544
0.0612143
0.0611529
0.0610722
0.0609767
0.0608732
0.0607699
0.0606762
0.0606009
0.0605508
0.0605296
0.0605369
0.0605688
0.060618
0.0606755
0.0607325
0.0607812
0.0608165
0.0608368
0.0608436
0.0608419
0.0608388
0.0608423
0.0608604
0.0608989
0.0609612
0.0610469
0.0611521
0.0612699
0.0613923
0.0615116
0.0616217
0.0617188
0.0618013
0.0618692
0.0619234
0.0619654
0.0619967
0.0620184
0.0620315
0.0620365
0.0620336
0.0620225
0.0620023
0.0619715
0.061928
0.061869
0.0617912
0.0616916
0.0615678
0.0614195
0.0612492
0.0610631
0.0608705
0.0606838
0.0605164
0.0603812
0.0602889
0.0602465
0.0602547
0.0603072
0.0603904
0.0604863
0.0605765
0.0606457
0.0606833
0.0606838
0.0606466
0.0605759
0.0604819
0.0603805
0.0602912
0.0602324
0.0602151
0.0602398
0.0602976
0.0603753
0.0604606
0.0605455
0.0606267
0.0607044
0.0607805
0.0608565
0.0609335
0.0610111
0.0610884
0.0611634
0.0612342
0.0612984
0.0613536
0.0613975
0.0614281
0.0614434
0.0614422
0.0614241
0.0613899
0.0613424
0.0612862
0.0612277
0.0611739
0.0611307
0.061101
0.0610837
0.0610729
0.0610597
0.0610337
0.0609861
0.0609104
0.0608046
0.0606712
0.0605173
0.0603545
0.0601986
0.0600686
0.0599841
0.059962
0.0600112
0.0601278
0.0602948
0.0604859
0.0606723
0.0608295
0.060941
0.0609992
0.0610047
0.0609654
0.0608958
0.0608155
0.0607476
0.0607131
0.060726
0.0607886
0.0608907
0.0610134
0.0611353
0.0612378
0.0613075
0.0613369
0.0613229
0.061266
0.061169
0.0610365
0.0608757
0.0606955
0.0605076
0.0603248
0.0601605
0.0600268
0.0599326
0.0598832
0.0598796
0.0599187
0.0599932
0.0600928
0.0602058
0.0603207
0.0604288
0.0605242
0.060604
0.0606678
0.0607158
0.0607486
0.0607666
0.0607704
0.0607604
0.0607374
0.0607021
0.0606557
0.0605994
0.0605343
0.0604615
0.0603819
0.0602965
0.0602064
0.0601122
0.0600149
0.0599151
0.0598136
0.0597109
0.0596078
0.0595055
0.0594058
0.0593112
0.0592253
0.0591519
0.0590949
0.0590573
0.0590408
0.059045
0.0590678
0.0591052
0.0591522
0.0592032
0.0592531
0.0592973
0.0593323
0.0593557
0.0593664
0.0593639
0.0593488
0.0593221
0.0592853
0.0592402
0.0591886
0.0591325
0.0590736
0.0590138
0.0589545
0.0588974
0.0588436
0.0587944
0.0587507
0.0587136
0.0586839
0.0586622
0.0586491
0.058645
0.0586499
0.0586634
0.058685
0.0587136
0.0587479
0.0587862
0.0588269
0.0588681
0.0589081
0.0589452
0.0589774
0.0590031
0.0590204
0.0590275
0.0590225
0.0590038
0.0589708
0.0589239
0.0588659
0.0588022
0.0587412
0.0586935
0.0586696
0.0586768
0.0587174
0.058787
0.0588764
0.0589737
0.0590677
0.0591493
0.0592123
0.0592535
0.0592713
0.0592656
0.059237
0.0591863
0.059115
0.0590251
0.0589193
0.0588017
0.0586777
0.0585543
0.0584395
0.058342
0.0582699
0.0582297
0.0582248
0.0582554
0.058318
0.0584062
0.0585121
0.0586273
0.0587443
0.0588573
0.058962
0.0590557
0.0591373
0.0592064
0.0592634
0.059309
0.0593443
0.0593704
0.0593888
0.0594008
0.0594078
0.0594113
0.0594127
0.0594134
0.0594147
0.0594181
0.0594248
0.0594362
0.0594535
0.0594777
0.059509
0.0595471
0.0595903
0.0596356
0.0596788
0.0597143
0.0597359
0.0597372
0.0597114
0.0596523
0.0595537
0.0594102
0.0592175
0.0589753
0.0586927
0.0583975
0.058144
0.0580082
0.0580582
0.0583128
0.058724
0.0592036
0.0596684
0.0600668
0.0603799
0.0606098
0.0607677
0.060867
0.0609198
0.0609372
0.0609289
0.0609041
0.0608717
0.0608397
0.0608142
0.0607984
0.0607918
0.0607902
0.0607872
0.0607758
0.0607507
0.0607093
0.0606526
0.0605851
0.0605141
0.060449
0.0603997
0.0603764
0.0603883
0.060442
0.0605397
0.0606765
0.0608411
0.0610172
0.0611877
0.0613376
0.0614567
0.061539
0.0615814
0.0615821
0.0615391
0.06145
0.0613146
0.061137
0.0609284
0.0607062
0.0604892
0.0602899
0.060113
0.0599617
0.0598496
0.0598057
0.0598651
0.0600482
0.060346
0.0607224
0.0611306
0.0615292
0.0618905
0.0622001
0.0624533
0.0626511
0.0627979
0.0628992
0.0629614
0.0629908
0.0629938
0.0629762
0.0629438
0.0629014
0.062853
0.0628015
0.0627483
0.0626941
0.0626384
0.0625803
0.0625192
0.062455
0.0623883
0.0623211
0.0622556
0.0621946
0.0621408
0.0620961
0.062062
0.0620394
0.0620288
0.0620302
0.0620432
0.0620668
0.0620993
0.0621383
0.0621808
0.0622241
0.0622656
0.0623036
0.0623371
0.0623661
0.0623907
0.0624114
0.0624285
0.062442
0.0624518
0.0624573
0.0624576
0.0624521
0.0624401
0.0624215
0.0623968
0.062367
0.0623339
0.0623001
0.0622685
0.0622426
0.0622258
0.0622217
0.0622336
0.0622642
0.0623156
0.0623884
0.0624813
0.0625914
0.0627135
0.0628413
0.0629671
0.0630826
0.0631787
0.0632459
0.0632735
0.0632502
0.0631653
0.0630117
0.0627918
0.0625256
0.0622548
0.0620354
0.0619161
0.0619109
0.0619925
0.0621112
0.0622229
0.0623061
0.0623615
0.0624024
0.0624433
0.062493
0.062551
0.0626089
0.0626534
0.0626694
0.0626441
0.0625686
0.0624413
0.0622699
0.0620758
0.0618942
0.0617691
0.0617396
0.0618231
0.0620068
0.0622545
0.0625217
0.06277
0.0629727
0.0631153
0.0631914
0.063201
0.063149
0.0630462
0.0629112
0.0627699
0.062652
0.0625814
0.0625664
0.0625948
0.0626385
0.0626648
0.0626475
0.0625764
0.0624606
0.0623292
0.0622241
0.0621846
0.0622301
0.0623507
0.0625138
0.0626806
0.0628201
0.062915
0.0629601
0.0629579
0.0629146
0.0628375
0.0627335
0.0626094
0.0624712
0.0623249
0.0621771
0.0620346
0.0619045
0.0617941
0.0617094
0.0616544
0.0616299
0.0616334
0.0616594
0.0617007
0.0617501
0.0618018
0.0618518
0.0618986
0.0619426
0.0619847
0.0620261
0.0620664
0.0621037
0.0621337
0.0621506
0.0621477
0.0621188
0.0620605
0.0619737
0.0618655
0.0617495
0.0616443
0.0615692
0.061539
0.0615595
0.0616272
0.0617318
0.0618604
0.0620012
0.0621449
0.062285
0.0624172
0.0625383
0.0626458
0.0627379
0.062813
0.0628703
0.0629097
0.0629325
0.0629414
0.0629405
0.0629358
0.0629337
0.06294
0.0629587
0.0629905
0.0630322
0.0630778
0.0631196
0.0631498
0.0631621
0.0631526
0.06312
0.063065
0.0629899
0.0628972
0.0627879
0.0626606
0.0625113
0.0623354
0.062132
0.0619113
0.0617002
0.0615402
0.0614731
0.0615187
0.0616611
0.061856
0.0620525
0.0622129
0.0623194
0.0623707
0.0623747
0.0623428
0.0622853
0.0622097
0.06212
0.0620175
0.0619031
0.0617791
0.0616516
0.0615321
0.061437
0.0613845
0.0613881
0.0614514
0.0615647
0.0617073
0.0618537
0.0619794
0.0620656
0.0621013
0.0620839
0.0620198
0.0619241
0.0618192
0.0617298
0.0616768
0.0616696
0.0617043
0.0617669
0.0618398
0.0619084
0.0619638
0.0620038
0.0620303
0.0620478
0.0620616
0.0620766
0.0620962
0.0621225
0.0621554
0.0621934
0.062234
0.0622744
0.0623124
0.062347
0.0623786
0.062409
0.0624398
0.0624721
0.0625043
0.0625323
0.062549
0.0625458
0.0625149
0.0624528
0.0623635
0.0622609
0.0621661
0.0621009
0.0620789
0.0621008
0.0621567
0.0622348
0.0623272
0.0624296
0.0625362
0.0626352
0.0627097
0.0627421
0.06272
0.062641
0.0625144
0.0623606
0.0622082
0.062087
0.0620207
0.0620197
0.0620791
0.0621823
0.0623071
0.0624318
0.06254
0.0626224
0.0626778
0.0627122
0.0627373
0.0627669
0.0628124
0.0628797
0.0629661
0.0630619
0.0631529
0.0632247
0.0632663
0.0632729
0.0632457
0.0631909
0.0631172
0.0630333
0.062946
0.0628598
0.0627774
0.0627009
0.0626314
0.0625689
0.0625115
0.0624549
0.0623935
0.0623217
0.0622368
0.0621417
0.0620459
0.0619638
0.0619102
0.0618955
0.0619208
0.0619774
0.0620496
0.0621193
0.0621721
0.0622007
0.0622066
0.0621974
0.0621832
0.0621706
0.0621591
0.0621396
0.0620966
0.0620147
0.0618854
0.0617163
0.0615364
0.0613952
0.0613468
0.0614237
0.0616163
0.0618772
0.0621468
0.0623774
0.062544
0.0626406
0.0626726
0.0626498
0.0625824
0.0624787
0.0623455
0.0621879
0.0620105
0.0618186
0.0616187
0.0614198
0.0612331
0.0610713
0.0609465
0.0608675
0.0608378
0.0608547
0.06091
0.0609921
0.0610888
0.0611887
0.0612827
0.0613641
0.0614288
0.0614752
0.0615034
0.0615147
0.0615117
0.0614974
0.0614751
0.0614484
0.061421
0.0613959
0.0613756
0.0613614
0.0613531
0.0613491
0.0613469
0.0613434
0.0613358
0.0613216
0.0612994
0.0612691
0.0612316
0.0611889
0.0611435
0.0610979
0.0610538
0.0610109
0.0609658
0.0609117
0.0608378
0.0607301
0.0605744
0.0603617
0.0600986
0.0598183
0.0595835
0.0594697
0.0595262
0.0597447
0.0600643
0.0604088
0.0607203
0.060971
0.0611564
0.0612842
0.0613662
0.0614135
0.0614347
0.061436
0.0614213
0.0613923
0.0613495
0.0612923
0.0612194
0.0611299
0.0610239
0.0609039
0.0607751
0.0606462
0.0605283
0.0604318
0.0603632
0.0603221
0.0603008
0.0602867
0.0602677
0.060236
0.0601916
0.0601421
0.0601003
0.0600785
0.0600834
0.0601127
0.0601546
0.0601912
0.0602032
0.0601727
0.0600868
0.0599389
0.0597316
0.0594791
0.0592099
0.0589648
0.058789
0.0587184
0.058766
0.0589172
0.0591366
0.0593821
0.0596178
0.0598209
0.059981
0.0600971
0.0601734
0.060216
0.060231
0.0602237
0.0601983
0.0601581
0.0601057
0.060043
0.059972
0.0598945
0.0598125
0.0597285
0.0596457
0.0595674
0.0594977
0.0594403
0.0593984
0.059374
0.0593674
0.0593773
0.0594012
0.0594356
0.0594766
0.059521
0.0595661
0.05961
0.0596515
0.05969
0.0597256
0.0597582
0.059788
0.0598152
0.0598396
0.0598608
0.0598782
0.0598905
0.0598962
0.0598932
0.0598791
0.0598508
0.0598049
0.0597379
0.0596465
0.0595278
0.0593807
0.059206
0.059008
0.0587938
0.0585738
0.0583607
0.0581677
0.0580076
0.0578909
0.0578244
0.0578106
0.0578473
0.0579307
0.0580587
0.0582319
0.0584505
0.0587089
0.0589928
0.0592802
0.0595486
0.05978
0.0599645
0.0600992
0.0601864
0.0602302
0.0602346
0.0602018
0.0601319
0.0600227
0.059872
0.0596803
0.0594564
0.0592222
0.0590145
0.0588772
0.0588445
0.0589228
0.0590872
0.0592939
0.0594999
0.0596758
0.0598086
0.0598976
0.059949
0.0599719
0.0599757
0.0599685
0.0599569
0.0599456
0.0599377
0.0599346
0.059937
0.0599447
0.0599576
0.0599759
0.0600001
0.0600309
0.0600686
0.0601126
0.0601611
0.0602104
0.0602554
0.0602905
0.0603099
0.060309
0.0602851
0.0602384
0.0601724
0.060094
0.0600139
0.0599451
0.0599017
0.0598961
0.0599371
0.0600272
0.0601625
0.0603335
0.0605271
0.0607295
0.0609286
0.0611148
0.0612817
0.0614258
0.0615453
0.0616401
0.0617108
0.061759
0.0617868
0.0617972
0.0617937
0.0617797
0.0617584
0.0617313
0.0616979
0.0616558
0.0616009
0.0615287
0.0614362
0.0613246
0.0612014
0.0610814
0.0609829
0.0609189
0.0608872
0.0608679
0.0608304
0.0607478
0.0606092
0.0604259
0.0602301
0.0600658
0.0599747
0.0599817
0.0600866
0.0602668
0.0604877
0.0607141
0.0609189
0.0610852
0.0612066
0.061284
0.0613234
0.0613326
0.0613191
0.0612891
0.0612467
0.0611942
0.0611329
0.0610635
0.0609867
0.0609033
0.0608145
0.0607214
0.0606253
0.0605276
0.06043
0.0603349
0.0602453
0.0601649
0.0600977
0.0600477
0.0600173
0.0600071
0.0600154
0.0600382
0.0600704
0.060107
0.0601436
0.0601774
0.0602068
0.0602309
0.0602497
0.0602628
0.0602698
0.0602698
0.0602618
0.0602444
0.0602162
0.0601761
0.060123
0.0600561
0.0599748
0.0598783
0.0597664
0.0596393
0.059499
0.0593508
0.0592046
0.0590742
0.0589749
0.0589178
0.0589054
0.0589298
0.0589756
0.0590257
0.059067
0.059093
0.0591039
0.0591044
0.0591012
0.0591009
0.0591078
0.0591239
0.0591487
0.0591801
0.0592146
0.0592487
0.0592789
0.0593022
0.0593169
0.0593226
0.0593203
0.0593122
0.0593012
0.0592897
0.0592789
0.0592673
0.0592502
0.0592202
0.0591681
0.0590859
0.0589703
0.0588262
0.0586688
0.0585222
0.058413
0.0583618
0.058376
0.0584495
0.0585679
0.0587149
0.0588773
0.0590455
0.0592128
0.059374
0.0595246
0.0596605
0.0597784
0.059876
0.0599518
0.0600053
0.0600367
0.0600466
0.060036
0.0600064
0.0599596
0.0598981
0.059825
0.0597445
0.059661
0.0595795
0.0595044
0.0594394
0.0593867
0.0593468
0.0593188
0.0593005
0.0592891
0.0592818
0.0592764
0.0592713
0.0592657
0.0592595
0.0592523
0.0592442
0.0592344
0.0592223
0.0592072
0.0591885
0.0591665
0.0591421
0.0591167
0.0590926
0.0590724
0.0590587
0.0590539
0.0590597
0.0590767
0.0591044
0.0591409
0.0591828
0.0592258
0.0592647
0.0592942
0.0593096
0.0593077
0.0592878
0.0592525
0.0592086
0.0591661
0.0591365
0.0591299
0.0591515
0.0591996
0.0592669
0.0593425
0.0594159
0.0594793
0.0595291
0.0595656
0.059592
0.0596135
0.0596354
0.0596627
0.0596987
0.0597449
0.0598008
0.059864
0.0599307
0.0599966
0.0600569
0.0601072
0.0601436
0.060163
0.0601632
0.0601435
0.0601051
0.0600513
0.059988
0.0599235
0.0598677
0.0598302
0.0598178
0.0598335
0.0598747
0.0599347
0.0600044
0.0600744
0.0601369
0.0601864
0.0602202
0.0602387
0.060245
0.0602445
0.0602441
0.0602512
0.0602718
0.0603094
0.0603639
0.060432
0.0605085
0.0605874
0.0606634
0.0607327
0.0607927
0.0608423
0.0608802
0.0609049
0.0609135
0.0609022
0.060866
0.0607993
0.0606969
0.0605549
0.0603727
0.0601555
0.0599174
0.0596828
0.0594835
0.0593508
0.0593036
0.0593416
0.0594465
0.0595915
0.0597522
0.059914
0.0600732
0.0602335
0.0604014
0.0605799
0.0607654
0.0609466
0.0611067
0.0612259
0.0612833
0.061259
0.0611361
0.0609063
0.0605804
0.0602004
0.0598425
0.0595933
0.0595019
0.0595452
0.0596419
0.0597017
0.0596664
0.0595228
0.0593003
0.0590626
0.0588922
0.058859
0.0589852
0.0592327
0.0595276
0.059799
0.0600036
0.0601283
0.0601807
0.0601774
0.0601354
0.0600681
0.0599847
0.0598925
0.0597997
0.0597167
0.0596549
0.059623
0.0596237
0.0596525
0.0596997
0.0597541
0.0598071
0.059854
0.0598942
0.0599295
0.0599629
0.0599972
0.0600341
0.060074
0.0601163
0.0601599
0.0602032
0.0602449
0.0602841
0.0603206
0.0603544
0.0603859
0.0604149
0.0604402
0.0604587
0.0604645
0.0604488
0.0603993
0.0603014
0.0601396
0.0599011
0.0595817
0.0591948
0.0587807
0.0584078
0.058157
0.0580879
0.0582093
0.0584778
0.0588255
0.0591912
0.0595355
0.0598403
0.0601009
0.0603193
0.0604994
0.0606451
0.0607596
0.0608453
0.0609043
0.0609384
0.0609498
0.0609406
0.0609131
0.0608699
0.060814
0.0607482
0.0606759
0.0606004
0.0605249
0.0604525
0.0603855
0.0603258
0.060274
0.0602293
0.06019
0.0601529
0.0601139
0.0600686
0.0600125
0.0599424
0.0598569
0.0597578
