0.0622644 0
-0.0196082 0.0818726
0.0326024 0.0704295
-0.0011062 0.0601367
0.00267155 0.0467346
0.00866239 0.0386261
0.00589036 0.0327625
0.00584774 0.0283732
-0.00400636 0.0268932
-0.0110227 0.0250564
-0.00949373 0.0227159
-0.0138619 0.0211918
-0.0140132 0.0194942
-0.0138252 0.0180491
-0.0109119 0.0170535
-0.0166221 0.0169433
-0.0160817 0.0159246
-0.0142629 0.0151236
-0.0142184 0.0143056
-0.0114082 0.0138594
-0.009372 0.0133392
-0.00786428 0.0128075
-0.00639382 0.012326
-0.00706413 0.0118203
-0.00894024 0.0114918
-0.00904462 0.0110414
-0.0109209 0.010789
-0.0113436 0.0104052
-0.0120097 0.010062
-0.012144 0.00972177
-0.0109193 0.00948235
-0.00988237 0.00923962
-0.0122501 0.00926299
-0.0100596 0.00924954
-0.00882834 0.00906539
-0.0084415 0.00881846
-0.00991666 0.00870275
-0.00942273 0.00848502
-0.00912151 0.00827008
-0.00789473 0.0081535
-0.00772169 0.00795403
-0.00771833 0.00776234
-0.00747782 0.00758349
-0.00650879 0.00747223
-0.00613534 0.00731383
-0.00582146 0.00715995
-0.00526427 0.00702808
-0.00511453 0.00688173
-0.00573715 0.00676853
-0.00529171 0.00664672
-0.00552507 0.00651926
-0.00469876 0.00644585
-0.00532874 0.00635436
-0.00446255 0.00629545
-0.00379353 0.00621604
-0.00361308 0.00610669
-0.00470532 0.00609723
-0.00360243 0.00609185
-0.00285892 0.00603369
-0.00339411 0.00595637
-0.00177241 0.00607824
-0.00315799 0.00613784
-0.00323614 0.00604014
-0.00318508 0.00594523
-0.00378265 0.00588347
-0.00377337 0.00579365
-0.00561935 0.00599767
-0.00541181 0.00591246
-0.00604859 0.00586083
-0.00780469 0.00603754
-0.00802989 0.00595615
-0.00811668 0.00587349
-0.00842467 0.00580065
-0.00689955 0.0059215
-0.00675008 0.00584393
-0.00742576 0.00580597
-0.00624569 0.00585032
-0.0069584 0.00581865
-0.00773093 0.00579623
-0.00798666 0.00572903
-0.00915605 0.00577744
-0.00962108 0.00572547
-0.00924454 0.00566859
-0.00908333 0.00560302
-0.0079119 0.00565927
-0.0079098 0.00559308
-0.00758014 0.00553824
-0.0065842 0.00556479
-0.00593784 0.00553975
-0.00622356 0.00548529
-0.00478827 0.00561135
-0.00400773 0.00560464
-0.00353279 0.00556435
-0.00348269 0.00550507
-0.00274703 0.00549627
-0.002419 0.0054486
-0.00250354 0.00539279
-0.00205418 0.00535636
-0.00162432 0.00531938
-0.00206143 0.00528403
