-0.00046433 0
-0.0137846 0.0133203
-0.00735259 0.0100257
-0.00917792 0.00732047
-0.0102752 0.0057756
-0.010344 0.00471626
-0.00835129 0.00445633
-0.00710196 0.00405648
-0.0063887 0.00364788
-0.0053365 0.00342823
-0.00515492 0.00310626
-0.003691 0.00319121
-0.00348168 0.00294294
-0.00364168 0.00272932
-0.0039368 0.00255794
-0.00324748 0.00249005
-0.00346026 0.00234865
-0.00221986 0.00253808
-0.00177942 0.00244085
-0.00218022 0.00235003
-0.00144238 0.00235395
-0.0016207 0.00225147
-0.00170686 0.00215308
-0.00158026 0.0020653
-0.00151653 0.00198199
-0.00205738 0.00197956
-0.00249556 0.00195458
-0.00263326 0.00188851
-0.00182871 0.00199193
-0.000702523 0.0022297
-0.000837663 0.00216081
-0.000899131 0.0020931
-0.000415639 0.0020855
-0.000740923 0.00204921
-0.000653503 0.00199172
-0.000730561 0.00193714
-0.00066104 0.00188534
-0.000265573 0.00187718
-0.000726485 0.00188561
-0.000784089 0.00183877
-0.00120557 0.00184223
-0.00102674 0.0018067
-0.000948498 0.00176592
-0.0017542 0.00190417
-0.00117601 0.00194911
-0.00144432 0.00192506
-0.00115313 0.00190603
-0.000933009 0.00187884
-0.000953569 0.00184021
-0.000883866 0.00180438
-0.000730852 0.00177525
-0.000539857 0.00175122
-0.000102594 0.00177264
0.000516517 0.0018464
0.000785798 0.00183241
0.000954919 0.00180732
0.00140277 0.00183095
0.00156167 0.0018061
0.00169569 0.00178028
0.00168352 0.0017504
0.00164334 0.00172193
0.00171205 0.00169533
0.00174428 0.00166851
0.00182748 0.00164434
0.00175608 0.00162042
0.00155931 0.00160776
0.00157172 0.00158363
0.00154357 0.00156042
0.00152721 0.00153773
0.00142218 0.00151924
0.00146585 0.00149832
0.0015069 0.00147794
0.00178453 0.00148376
0.00164097 0.00147059
0.00167593 0.00145127
0.00152768 0.0014397
0.00148443 0.00142154
0.00154223 0.00140439
0.0015389 0.0013865
0.00143095 0.00137331
0.00127777 0.00136487
0.00110109 0.00135965
0.00143551 0.00138418
0.00145284 0.00136771
0.00145111 0.00135152
0.0013954 0.00133688
0.0011923 0.00133694
0.00147494 0.00135154
0.00163852 0.00134624
0.0017517 0.00133601
0.00152284 0.00134092
0.00139117 0.00133278
0.00118301 0.0013347
0.00120167 0.00132056
0.00124919 0.00130745
0.00147945 0.00131409
0.00145188 0.00130076
0.00150068 0.00128835
0.00160755 0.00127974
0.0015192 0.00126995
